#chr	position	description	normal	sample0	sample1	sample2	sample3	sample4
1	1	1	0	0.0	0.0	0.24347826087	0.0	0.140350877193
2	1	1	0	0.427083333333	0.493670886076	0.3125	0.574257425743	0.396226415094
3	1	1	0	0.345454545455	0.144444444444	0.0	0.0	0.137931034483
4	1	1	0	0.475247524752	0.351648351648	0.219512195122	0.466666666667	0.294117647059
5	1	1	0	0.0	0.0	0.0	0.0	0.0
6	1	1	0	0.1	0.320754716981	0.257425742574	0.301886792453	0.039603960396
7	1	1	0	0.0	0.0	0.0	0.0	0.0
8	1	1	0	0.108108108108	0.367346938776	0.307692307692	0.555555555556	0.0934579439252
9	1	1	0	0.0	0.255555555556	0.263636363636	0.239583333333	0.100917431193
10	1	1	0	0.137931034483	0.0	0.0	0.0	0.0900900900901
11	1	1	0	0.0	0.0	0.0	0.0	0.0
12	1	1	0	0.0	0.0	0.0	0.0	0.0
13	1	1	0	0.0	0.0	0.0	0.0	0.0
14	1	1	0	0.0	0.164948453608	0.0	0.0	0.128712871287
15	1	1	0	0.0	0.0	0.0	0.230769230769	0.0
16	1	1	0	0.363636363636	0.117647058824	0.0	0.0	0.134831460674
17	1	1	0	0.0	0.355555555556	0.313953488372	0.192660550459	0.14
18	1	1	0	0.0	0.0	0.29702970297	0.0	0.0
19	1	1	0	0.0	0.0	0.182795698925	0.0	0.0
20	1	1	0	0.0	0.398230088496	0.241379310345	0.225490196078	0.134831460674
21	1	1	0	0.0	0.0	0.0	0.25	0.0
22	1	1	0	0.0	0.0	0.233333333333	0.0	0.0
23	1	1	0	0.0	0.0975609756098	0.0	0.0	0.140350877193
24	1	1	0	0.112359550562	0.422018348624	0.25	0.227272727273	0.161290322581
25	1	1	0	0.0	0.402298850575	0.338842975207	0.226804123711	0.0842105263158
26	1	1	0	0.0	0.148514851485	0.0	0.0	0.0
27	1	1	0	0.0	0.0	0.0	0.0	0.0
28	1	1	0	0.489361702128	0.5	0.271028037383	0.564356435644	0.367346938776
29	1	1	0	0.53488372093	0.478723404255	0.305882352941	0.441860465116	0.349056603774
30	1	1	0	0.0	0.0	0.0	0.0	0.0
31	1	1	0	0.0	0.0	0.0	0.0	0.0
32	1	1	0	0.0	0.0	0.284482758621	0.0	0.0
33	1	1	0	0.0	0.286956521739	0.279279279279	0.258426966292	0.11214953271
34	1	1	0	0.0	0.0	0.0	0.0	0.0
35	1	1	0	0.0	0.147727272727	0.0	0.0	0.153153153153
36	1	1	0	0.0	0.165137614679	0.0	0.0	0.115789473684
37	1	1	0	0.0	0.0	0.242424242424	0.0	0.0
38	1	1	0	0.0	0.105882352941	0.0	0.0	0.141304347826
39	1	1	0	0.299145299145	0.0744680851064	0.0	0.0	0.0898876404494
40	1	1	0	0.0	0.116504854369	0.0	0.0	0.2
41	1	1	0	0.0	0.0	0.0	0.228070175439	0.0
42	1	1	0	0.0	0.0	0.0	0.0	0.0
43	1	1	0	0.188888888889	0.354166666667	0.242990654206	0.14	0.103092783505
44	1	1	0	0.0	0.0	0.0	0.0	0.0
45	1	1	0	0.0	0.0	0.0	0.0	0.0
46	1	1	0	0.111111111111	0.0	0.0	0.0	0.157894736842
47	1	1	0	0.0	0.0	0.0	0.0	0.0
48	1	1	0	0.0	0.0	0.0	0.0	0.0
49	1	1	0	0.0	0.142857142857	0.0	0.0	0.0978260869565
50	1	1	0	0.0	0.0	0.0	0.0	0.0
51	1	1	0	0.0	0.0	0.0	0.364705882353	0.0
52	1	1	0	0.0	0.0	0.0	0.0	0.0
53	1	1	0	0.0	0.218390804598	0.233644859813	0.25	0.0952380952381
54	1	1	0	0.141414141414	0.333333333333	0.330769230769	0.482142857143	0.155339805825
55	1	1	0	0.0	0.0	0.0	0.261261261261	0.0
56	1	1	0	0.160377358491	0.329787234043	0.234042553191	0.282352941176	0.16393442623
57	1	1	0	0.0	0.125	0.0	0.0	0.0777777777778
58	1	1	0	0.114583333333	0.0	0.0	0.0	0.135922330097
59	1	1	0	0.0	0.0	0.0	0.0	0.0
60	1	1	0	0.0	0.253164556962	0.295652173913	0.228260869565	0.12389380531
61	1	1	0	0.0	0.0	0.0	0.0	0.0
62	1	1	0	0.0	0.0	0.0	0.0	0.0
63	1	1	0	0.0	0.0	0.0	0.0	0.0
64	1	1	0	0.0	0.0	0.0	0.0	0.0
65	1	1	0	0.0	0.0	0.0	0.0	0.0
66	1	1	0	0.03	0.0	0.0	0.0	0.0
67	1	1	0	0.106796116505	0.43119266055	0.324675324675	0.244680851064	0.158878504673
68	1	1	0	0.15306122449	0.0	0.0	0.0	0.104651162791
69	1	1	0	0.0	0.0	0.0	0.0	0.0
70	1	1	0	0.166666666667	0.421052631579	0.234567901235	0.252631578947	0.117021276596
71	1	1	0	0.0	0.0	0.0	0.0	0.0
72	1	1	0	0.0	0.0	0.247619047619	0.0	0.0
73	1	1	0	0.0	0.395061728395	0.260416666667	0.244680851064	0.136842105263
74	1	1	0	0.0	0.0	0.0	0.0	0.0
75	1	1	0	0.0	0.114285714286	0.0	0.0	0.107142857143
76	1	1	0	0.0	0.0	0.21875	0.0	0.0
77	1	1	0	0.238636363636	0.35632183908	0.238095238095	0.238938053097	0.10101010101
78	1	1	0	0.0	0.128440366972	0.0	0.0	0.0
79	1	1	0	0.0	0.0	0.0	0.0	0.0
80	1	1	0	0.0	0.0	0.295454545455	0.0	0.0
81	1	1	0	0.0	0.0	0.0	0.0	0.0
82	1	1	0	0.0	0.13	0.0	0.0	0.137931034483
83	1	1	0	0.0	0.258620689655	0.228915662651	0.301724137931	0.114035087719
84	1	1	0	0.0	0.130434782609	0.0	0.0	0.142857142857
85	1	1	0	0.0849056603774	0.0	0.0	0.0	0.136363636364
86	1	1	0	0.0	0.271739130435	0.268518518519	0.263157894737	0.132075471698
87	1	1	0	0.0	0.300970873786	0.279661016949	0.221238938053	0.121212121212
88	1	1	0	0.0	0.0	0.207317073171	0.0	0.0
89	1	1	0	0.0	0.0	0.0	0.0	0.0
90	1	1	0	0.0	0.0	0.201834862385	0.0	0.0
91	1	1	0	0.191666666667	0.436781609195	0.247422680412	0.5	0.0729166666667
92	1	1	0	0.0	0.0	0.0	0.0	0.0
93	1	1	0	0.118181818182	0.383177570093	0.313253012048	0.243243243243	0.125
94	1	1	0	0.0	0.221052631579	0.32967032967	0.178217821782	0.12037037037
95	1	1	0	0.0	0.384615384615	0.3	0.229166666667	0.115384615385
96	1	1	0	0.0	0.0	0.0	0.0	0.0
97	1	1	0	0.0	0.0	0.0	0.0	0.0
98	1	1	0	0.569892473118	0.538461538462	0.197674418605	0.436893203883	0.397959183673
99	1	1	0	0.525862068966	0.432989690722	0.342857142857	0.589473684211	0.388888888889
100	1	1	0	0.0	0.0	0.0	0.28	0.0
101	1	1	0	0.580952380952	0.46875	0.302325581395	0.444444444444	0.351851851852
102	1	1	0	0.0	0.355769230769	0.252427184466	0.3	0.112244897959
103	1	1	0	0.166666666667	0.4	0.273684210526	0.217391304348	0.142857142857
104	1	1	0	0.0	0.0	0.252631578947	0.0	0.0
105	1	1	0	0.195652173913	0.0	0.0	0.0	0.122950819672
106	1	1	0	0.306818181818	0.22	0.0	0.0	0.0804597701149
107	1	1	0	0.121212121212	0.288888888889	0.296703296703	0.25	0.107843137255
108	1	1	0	0.0	0.278350515464	0.297872340426	0.244186046512	0.170454545455
109	1	1	0	0.0	0.294117647059	0.255319148936	0.201923076923	0.15
110	1	1	0	0.0	0.0	0.0	0.0	0.0
111	1	1	0	0.0	0.0	0.21	0.0	0.0
112	1	1	0	0.0526315789474	0.0	0.0	0.0	0.181818181818
113	1	1	0	0.0	0.179245283019	0.232323232323	0.224489795918	0.0813953488372
114	1	1	0	0.0	0.0	0.170454545455	0.0	0.0
115	1	1	0	0.535714285714	0.541666666667	0.308943089431	0.43	0.330275229358
116	1	1	0	0.0	0.111111111111	0.0	0.0	0.233333333333
117	1	1	0	0.0	0.0	0.0	0.180952380952	0.0
118	1	1	0	0.24	0.142857142857	0.0	0.0	0.137254901961
119	1	1	0	0.175	0.0	0.0	0.0	0.171717171717
120	1	1	0	0.13829787234	0.340659340659	0.35	0.284210526316	0.193181818182
121	1	1	0	0.0	0.146788990826	0.0	0.0	0.122448979592
122	1	1	0	0.0	0.0	0.263736263736	0.0	0.0
123	1	1	0	0.0	0.297297297297	0.280991735537	0.21875	0.0568181818182
124	1	1	0	0.0	0.0	0.0	0.0	0.0
125	1	1	0	0.117021276596	0.0	0.0	0.0	0.114583333333
126	1	1	0	0.142857142857	0.401960784314	0.231481481481	0.238938053097	0.126126126126
127	1	1	0	0.0	0.0	0.0	0.0	0.0
128	1	1	0	0.0	0.0	0.0	0.0	0.0
129	1	1	0	0.521739130435	0.522935779817	0.333333333333	0.454545454545	0.431578947368
130	1	1	0	0.0	0.136752136752	0.0	0.0	0.15
131	1	1	0	0.125	0.0	0.0	0.0	0.132743362832
132	1	1	0	0.188118811881	0.137931034483	0.0	0.0	0.107843137255
133	1	1	0	0.0	0.0	0.0	0.0	0.0
134	1	1	0	0.0	0.307692307692	0.255555555556	0.21686746988	0.116666666667
135	1	1	0	0.0	0.0	0.0	0.0	0.0
136	1	1	0	0.0	0.0	0.0	0.311111111111	0.0
137	1	1	0	0.271739130435	0.18	0.0	0.0	0.145631067961
138	1	1	0	0.0	0.363636363636	0.257142857143	0.202247191011	0.1125
139	1	1	0	0.0	0.0	0.0	0.0	0.0
140	1	1	0	0.504854368932	0.557692307692	0.314814814815	0.457627118644	0.467889908257
141	1	1	0	0.0	0.104166666667	0.0	0.0	0.117647058824
142	1	1	0	0.0	0.0	0.0	0.0	0.0
143	1	1	0	0.0	0.0909090909091	0.0	0.0	0.144444444444
144	1	1	0	0.0	0.218487394958	0.233009708738	0.210526315789	0.110091743119
145	1	1	0	0.109090909091	0.0	0.0	0.0	0.0886075949367
146	1	1	0	0.177083333333	0.40206185567	0.321100917431	0.233009708738	0.1
147	1	1	0	0.0	0.0	0.240963855422	0.0	0.0
148	1	1	0	0.116279069767	0.0	0.0	0.0	0.149425287356
149	1	1	0	0.0	0.0	0.0	0.0	0.0
150	1	1	0	0.0	0.0	0.0	0.0	0.0
151	1	1	0	0.0	0.0	0.3	0.0	0.0
152	1	1	0	0.0978260869565	0.471264367816	0.252252252252	0.138888888889	0.0816326530612
153	1	1	0	0.0	0.0	0.0	0.0	0.0
154	1	1	0	0.152380952381	0.34693877551	0.292452830189	0.229166666667	0.12962962963
155	1	1	0	0.179775280899	0.435294117647	0.324675324675	0.243243243243	0.151515151515
156	1	1	0	0.0	0.0	0.210526315789	0.0	0.0
157	1	1	0	0.0	0.0	0.238636363636	0.0	0.0
158	1	1	0	0.127906976744	0.0	0.0	0.0	0.119266055046
159	1	1	0	0.0	0.0	0.243902439024	0.0	0.0
160	1	1	0	0.0	0.348214285714	0.252747252747	0.238095238095	0.166666666667
161	1	1	0	0.0	0.247311827957	0.323232323232	0.262626262626	0.0987654320988
162	1	1	0	0.0	0.0	0.0	0.0	0.0
163	1	1	0	0.0	0.153846153846	0.0	0.0	0.120879120879
164	1	1	0	0.0	0.128712871287	0.0	0.0	0.0
165	1	1	0	0.0	0.0	0.0	0.225806451613	0.0
166	1	1	0	0.141509433962	0.34	0.208791208791	0.182795698925	0.102272727273
167	1	1	0	0.0	0.148514851485	0.0	0.0	0.132530120482
168	1	1	0	0.0919540229885	0.365384615385	0.339805825243	0.511627906977	0.121212121212
169	1	1	0	0.0	0.0	0.0	0.0	0.0
170	1	1	0	0.134020618557	0.0	0.0	0.0	0.178217821782
171	1	1	0	0.0	0.0	0.0	0.0	0.0
172	1	1	0	0.196078431373	0.470588235294	0.267857142857	0.28	0.151515151515
173	1	1	0	0.0	0.0	0.225	0.0	0.0
174	1	1	0	0.0	0.0	0.0	0.0	0.0
175	1	1	0	0.125	0.316831683168	0.240740740741	0.232558139535	0.180952380952
176	1	1	0	0.0	0.0	0.197916666667	0.0	0.0
177	1	1	0	0.281818181818	0.121951219512	0.0	0.0	0.137614678899
178	1	1	0	0.0	0.0	0.0	0.288888888889	0.0
179	1	1	0	0.0	0.20618556701	0.263736263736	0.178571428571	0.145631067961
180	1	1	0	0.117117117117	0.0	0.0	0.0	0.135922330097
181	1	1	0	0.135416666667	0.0	0.0	0.0	0.0961538461538
182	1	1	0	0.15625	0.364485981308	0.347826086957	0.238532110092	0.12389380531
183	1	1	0	0.0	0.0	0.0	0.0	0.0
184	1	1	0	0.0	0.0	0.255102040816	0.0	0.0
185	1	1	0	0.125	0.0	0.0	0.0	0.0
186	1	1	0	0.0	0.0	0.0	0.0	0.0
187	1	1	0	0.121495327103	0.320754716981	0.318965517241	0.282352941176	0.115384615385
188	1	1	0	0.157894736842	0.0	0.0	0.0	0.119047619048
189	1	1	0	0.0	0.0	0.178947368421	0.0	0.0
190	1	1	0	0.448598130841	0.452173913043	0.282608695652	0.518518518519	0.275862068966
191	1	1	0	0.123595505618	0.0	0.0	0.0	0.140186915888
192	1	1	0	0.0775862068966	0.35	0.276595744681	0.583333333333	0.148514851485
193	1	1	0	0.0	0.111111111111	0.0	0.0	0.0
194	1	1	0	0.0	0.0	0.0	0.319327731092	0.0
195	1	1	0	0.0	0.369369369369	0.23595505618	0.164948453608	0.135416666667
196	1	1	0	0.0	0.432098765432	0.25	0.1875	0.114942528736
197	1	1	0	0.0	0.126126126126	0.0	0.0	0.134615384615
198	1	1	0	0.0	0.0	0.20325203252	0.0	0.0
199	1	1	0	0.0	0.0	0.0	0.26	0.0
200	1	1	0	0.0	0.0857142857143	0.0	0.0	0.134020618557
