#chr	position	description	normal	sample0	sample1	sample2	sample3	sample4	sample5	sample6	sample7	sample8	sample9
1	1	1	0	0.0	0.293093032622	0.0	0.110498345533	0.0	0.347921225383	0.144295302013	0.353240279163	0.233067924899	0.348095479939
2	1	1	0	0.0	0.283958142843	0.0	0.0	0.0	0.200179354324	0.0	0.25430423334	0.221990257481	0.203271028037
3	1	1	0	0.144685918428	0.219050511185	0.0	0.0	0.0	0.154318502114	0.0	0.0	0.0	0.0
4	1	1	0	0.0	0.0	0.105161748301	0.0	0.121853374787	0.0	0.206059995973	0.0	0.0	0.0
5	1	1	0	0.0	0.287199287199	0.0	0.11741584358	0.0	0.355186393751	0.148427423355	0.355979618343	0.215255794956	0.352550558406
6	1	1	0	0.134208679964	0.0	0.0	0.0	0.0878184160967	0.0	0.144952285284	0.0	0.0	0.139767721266
7	1	1	0	0.131983725315	0.0	0.0	0.0	0.0889800820739	0.0	0.143831494483	0.0	0.0	0.145714846048
8	1	1	0	0.0	0.0	0.0	0.0	0.0	0.0	0.0	0.148587513823	0.0	0.0
9	1	1	0	0.226924987581	0.0	0.130288983134	0.187876990013	0.140082401413	0.0	0.0	0.0	0.270143149284	0.0
10	1	1	0	0.137024776808	0.0	0.0	0.0	0.0881074674042	0.0	0.143923764613	0.0	0.0	0.14432160804
11	1	1	0	0.0	0.279246035704	0.0	0.11183160415	0.0	0.343439363817	0.149216488672	0.351424831336	0.229859719439	0.358110111693
12	1	1	0	0.223069105691	0.0	0.1313459268	0.184311353095	0.133082110274	0.0	0.0	0.0	0.27883941971	0.0
13	1	1	0	0.0	0.285870864886	0.0	0.0	0.0	0.201394422311	0.0	0.2717	0.231572481572	0.19998022934
14	1	1	0	0.0	0.0	0.131634182909	0.198347950235	0.152384721947	0.0	0.0	0.0	0.0	0.0
15	1	1	0	0.0	0.0	0.0	0.0	0.0	0.0	0.0	0.142770658864	0.0	0.0
16	1	1	0	0.129409433214	0.0	0.0	0.0	0.0829887773184	0.0	0.146707777999	0.0	0.0	0.146834439711
17	1	1	0	0.0	0.280541145357	0.0	0.117372291791	0.0	0.352780032468	0.155391432792	0.355134535927	0.230403800475	0.342279190867
18	1	1	0	0.135366826156	0.0	0.0	0.0	0.0860569715142	0.0	0.14902117459	0.0	0.0	0.149231233042
19	1	1	0	0.0	0.0	0.0	0.0	0.0	0.0	0.0	0.14047151277	0.0	0.0
20	1	1	0	0.133286176233	0.0	0.0	0.0	0.0870879951618	0.0	0.142361799089	0.0	0.0	0.152005491811
21	1	1	0	0.0	0.0	0.107472880675	0.0	0.123294593229	0.0	0.200197530864	0.0	0.0	0.0
22	1	1	0	0.226106764385	0.0	0.124330755503	0.184226552984	0.1508590724	0.0	0.0	0.0	0.27992726538	0.0
23	1	1	0	0.215656411818	0.0	0.126736800318	0.186653185035	0.141250248855	0.0	0.0	0.0	0.27687878487	0.0
24	1	1	0	0.0	0.275855171034	0.0	0.0	0.0	0.19626634721	0.0	0.260381933919	0.231768734891	0.210153600638
25	1	1	0	0.0	0.279652455041	0.0	0.115053116857	0.0	0.344162236661	0.147763262074	0.355503891641	0.21919455019	0.352905871762
26	1	1	0	0.215188603531	0.0	0.131680713932	0.184705054768	0.140153040677	0.0	0.0	0.0	0.277573711903	0.0
27	1	1	0	0.137132501007	0.0	0.0	0.0	0.0864864864865	0.0	0.144035785288	0.0	0.0	0.141680064309
28	1	1	0	0.143725705173	0.490803678529	0.129770219658	0.112061160849	0.0	0.501095835824	0.150905633944	0.494629053308	0.235949367089	0.35527099464
29	1	1	0	0.22431027589	0.0	0.128738884398	0.190428413765	0.142317255097	0.0	0.0	0.0	0.275275373721	0.0
30	1	1	0	0.0	0.279102244389	0.0	0.120501253133	0.0	0.343986459578	0.146728419393	0.352558976409	0.23160954099	0.357417068609
31	1	1	0	0.136527666399	0.0	0.0	0.0	0.0834423754404	0.0	0.14406779661	0.0	0.0	0.149336283186
32	1	1	0	0.141291108404	0.21003197442	0.0	0.0	0.0	0.153417156763	0.0	0.0	0.0	0.0
33	1	1	0	0.0	0.293167082294	0.0	0.119173044429	0.0	0.342118398722	0.151810865191	0.348286290323	0.223883612851	0.360830919804
34	1	1	0	0.0	0.27822338079	0.0	0.112314480546	0.0	0.342690520905	0.144723817066	0.358897243108	0.236790025727	0.356869845102
35	1	1	0	0.0	0.286848635236	0.0	0.0	0.0	0.2017561365	0.0	0.267287637947	0.225527258257	0.209221270663
36	1	1	0	0.0	0.27704511651	0.0	0.0	0.0	0.186797318205	0.0	0.259397359669	0.230761482675	0.203241393195
37	1	1	0	0.0	0.0	0.0	0.0	0.0	0.0	0.0	0.14563792234	0.0	0.0
38	1	1	0	0.221743486974	0.0	0.125480911512	0.193984962406	0.149608700071	0.0	0.0	0.0	0.273846153846	0.0
39	1	1	0	0.0	0.280966767372	0.0	0.0	0.0	0.191529646238	0.0	0.132607174978	0.220347394541	0.200519532421
40	1	1	0	0.0	0.0	0.107117688513	0.0	0.123830825539	0.0	0.204499799116	0.0	0.0	0.0
41	1	1	0	0.135049190102	0.0	0.0	0.0	0.0871015203531	0.0	0.146192994711	0.0	0.0	0.140267368847
42	1	1	0	0.0	0.0	0.0	0.0	0.0	0.0	0.0	0.14680188774	0.0	0.0
43	1	1	0	0.142226329842	0.216706302021	0.0	0.0	0.0	0.153686704175	0.0	0.0	0.0	0.0
44	1	1	0	0.141375222288	0.491998807276	0.129998997695	0.1162027833	0.0	0.510191906135	0.150025290845	0.494188337273	0.223476757197	0.360552386671
45	1	1	0	0.132783791836	0.0	0.0	0.0	0.0906396893521	0.0	0.150843565938	0.0	0.0	0.149681850318
46	1	1	0	0.0	0.0	0.0	0.0	0.0	0.0	0.0	0.141731507929	0.0	0.0
47	1	1	0	0.222756082601	0.0	0.125189758122	0.186094269509	0.141645885287	0.0	0.0	0.0	0.272709123578	0.0
48	1	1	0	0.0	0.0	0.0	0.0	0.0	0.0	0.0	0.145294059308	0.0	0.0
49	1	1	0	0.0	0.0	0.0	0.0	0.0	0.0	0.0	0.143072138056	0.0	0.0
50	1	1	0	0.227659153816	0.0	0.123194142094	0.183116883117	0.141497144002	0.0	0.0	0.0	0.2674551302	0.0
51	1	1	0	0.133603649265	0.0	0.0	0.0	0.092852840795	0.0	0.144914400806	0.0	0.0	0.148371531966
52	1	1	0	0.0	0.277155431086	0.0	0.0	0.0	0.201754385965	0.0	0.13222973655	0.233605740482	0.203389830508
53	1	1	0	0.0	0.272910779168	0.0	0.0	0.0	0.200440749274	0.0	0.131367022347	0.228376102249	0.203486654191
54	1	1	0	0.136562998405	0.0	0.0	0.0	0.088743718593	0.0	0.141743302679	0.0	0.0	0.14543416225
55	1	1	0	0.138000402334	0.0	0.0	0.0	0.0827082708271	0.0	0.150125439037	0.0	0.0	0.144572286143
56	1	1	0	0.0	0.287207315848	0.0	0.0	0.0	0.201017557861	0.0	0.137463306003	0.232396464396	0.202006157513
57	1	1	0	0.0	0.0	0.0	0.0	0.0	0.0	0.0	0.144567583614	0.0	0.0
58	1	1	0	0.143671835918	0.213135930048	0.0	0.0	0.0	0.151838198665	0.0	0.0	0.0	0.0
59	1	1	0	0.0	0.0	0.108879067899	0.0	0.118640738558	0.0	0.198156682028	0.0	0.0	0.0
60	1	1	0	0.226837060703	0.0	0.126960639242	0.185094435937	0.145674044266	0.0	0.0	0.0	0.274820574163	0.0
61	1	1	0	0.132377491898	0.0	0.0	0.0	0.0831088496458	0.0	0.145635910224	0.0	0.0	0.1481555334
62	1	1	0	0.136083080239	0.0	0.0	0.0	0.0860820595334	0.0	0.143418269715	0.0	0.0	0.146992864424
63	1	1	0	0.142283361783	0.500600480384	0.137276341948	0.116013731826	0.0	0.493116520351	0.151064684612	0.511330446168	0.226926163724	0.351142772336
64	1	1	0	0.141768141768	0.209367214748	0.0	0.0	0.0	0.152572618221	0.0	0.0	0.0	0.0
65	1	1	0	0.0	0.285472130821	0.0	0.0	0.0	0.205468595205	0.0	0.139329451917	0.226715443939	0.201851479171
66	1	1	0	0.0	0.284370047544	0.0	0.0	0.0	0.198879551821	0.0	0.12962962963	0.230251435359	0.201597411788
67	1	1	0	0.225661057692	0.0	0.129668359725	0.190011937923	0.14117172532	0.0	0.0	0.0	0.27816550349	0.0
68	1	1	0	0.144434585428	0.495922528033	0.128295431676	0.120386993816	0.0	0.491701244813	0.152977311008	0.501404494382	0.227290797058	0.354328358209
69	1	1	0	0.136942675159	0.0	0.0	0.0	0.0831835430397	0.0	0.142265332929	0.0	0.0	0.145785650313
70	1	1	0	0.0	0.28173842896	0.0	0.0	0.0	0.197527141134	0.0	0.133841131665	0.224636945263	0.201907630522
71	1	1	0	0.223699880905	0.0	0.134126663977	0.189571101602	0.140473300971	0.0	0.0	0.0	0.283318177225	0.0
72	1	1	0	0.22967845017	0.0	0.127059287758	0.180633698549	0.140274190344	0.0	0.0	0.0	0.267884169105	0.0
73	1	1	0	0.220948159568	0.0	0.126417513066	0.190311760063	0.140803173029	0.0	0.0	0.0	0.274899598394	0.0
74	1	1	0	0.0	0.0	0.0	0.0	0.0	0.0	0.0	0.143696202532	0.0	0.0
75	1	1	0	0.143371685843	0.493236522777	0.127121196907	0.11398343148	0.0	0.500350806856	0.151070578906	0.503868957894	0.232720735118	0.351589046572
76	1	1	0	0.0	0.283131918351	0.0	0.116813099042	0.0	0.345820745217	0.151313131313	0.354887218045	0.225130365022	0.354699134635
77	1	1	0	0.134774066798	0.0	0.0	0.0	0.0792973402144	0.0	0.138653366584	0.0	0.0	0.146356275304
78	1	1	0	0.140039643211	0.501357193124	0.125025247425	0.118806975822	0.0	0.497556597188	0.155158489804	0.49919775371	0.22719123506	0.353379671603
79	1	1	0	0.0	0.0	0.110771957464	0.0	0.119952844091	0.0	0.200459678225	0.0	0.0	0.0
80	1	1	0	0.0	0.281611487834	0.0	0.0	0.0	0.191882660237	0.0	0.131920502941	0.232266479382	0.203357265649
81	1	1	0	0.0	0.286531513448	0.0	0.0	0.0	0.201463414634	0.0	0.255980861244	0.232075663582	0.197113939272
82	1	1	0	0.0	0.276183857838	0.0	0.112659235669	0.0	0.342456140351	0.148508946322	0.35476382721	0.234649783941	0.349033816425
83	1	1	0	0.0	0.282445046673	0.0	0.0	0.0	0.199571909082	0.0	0.262424849699	0.227079418455	0.206256206554
84	1	1	0	0.0	0.0	0.0	0.0	0.0	0.0	0.0	0.138569730586	0.0	0.0
85	1	1	0	0.221408785121	0.0	0.132759132759	0.183630323165	0.143571285743	0.0	0.0	0.0	0.266154766653	0.0
86	1	1	0	0.145427286357	0.218250798722	0.0	0.0	0.0	0.151467089611	0.0	0.0	0.0	0.0
87	1	1	0	0.0	0.0	0.0	0.0	0.0	0.0	0.0	0.143014742754	0.0	0.0
88	1	1	0	0.0	0.0	0.107841181165	0.0	0.12111425111	0.0	0.208266129032	0.0	0.0	0.0
89	1	1	0	0.0	0.284443990188	0.0	0.0	0.0	0.198026640355	0.0	0.136591227719	0.229552507759	0.20678674495
90	1	1	0	0.137924230466	0.0	0.0	0.0	0.0822716049383	0.0	0.149696356275	0.0	0.0	0.144089646965
91	1	1	0	0.132489618351	0.0	0.0	0.0	0.0834984152139	0.0	0.144810379242	0.0	0.0	0.149500655705
92	1	1	0	0.0	0.0	0.0	0.0	0.0	0.0	0.0	0.141886490807	0.0	0.0
93	1	1	0	0.133446451742	0.0	0.0	0.0	0.087889066241	0.0	0.147582185584	0.0	0.0	0.14564254062
94	1	1	0	0.137896825397	0.0	0.0	0.0	0.0860590347028	0.0	0.144718657453	0.0	0.0	0.139345887017
95	1	1	0	0.0	0.0	0.0	0.0	0.0	0.0	0.0	0.145779025466	0.0	0.0
96	1	1	0	0.0	0.0	0.112835820896	0.0	0.119430814524	0.0	0.196465059256	0.0	0.0	0.0
97	1	1	0	0.0	0.0	0.0	0.0	0.0	0.0	0.0	0.146999597261	0.0	0.0
98	1	1	0	0.222595631116	0.0	0.132723112128	0.175443786982	0.146012392564	0.0	0.0	0.0	0.272489959839	0.0
99	1	1	0	0.129640542133	0.0	0.0	0.0	0.0879298174851	0.0	0.14335165954	0.0	0.0	0.141552511416
100	1	1	0	0.0	0.280213151015	0.0	0.119790618079	0.0	0.351788926644	0.156003937008	0.351039937506	0.228445689138	0.352911747048
