Chromosome	Position	Change	Gene	sample0	sample1	sample2	sample3	sample4	sample5	sample6	sample7	sample8	sample9
1	0	A>T	1	94	98	85	101	90	81	94	94	92	100
1	1	T>G	1	105	95	108	110	102	92	98	91	117	92
1	2	G>C	1	102	100	114	116	102	98	111	103	104	93
1	3	T>C	1	100	110	97	90	93	102	90	85	103	105
1	4	T>C	1	108	98	94	113	105	107	92	90	107	101
1	5	T>C	1	108	93	91	120	104	93	105	96	103	107
1	6	A>G	1	103	86	76	108	90	98	107	97	95	112
1	7	C>T	1	107	96	97	110	109	100	101	102	108	102
1	8	T>A	1	94	93	105	109	113	85	117	85	99	88
1	9	G>T	1	119	106	92	90	94	97	79	100	112	107
1	10	A>G	1	109	99	98	99	85	116	87	106	97	104
1	11	C>G	1	97	107	116	103	98	104	95	110	111	102
1	12	G>T	1	92	97	90	108	101	96	90	107	95	125
1	13	T>G	1	95	106	105	102	97	106	107	103	82	85
1	14	C>G	1	104	93	95	113	96	96	100	106	92	110
1	15	A>G	1	90	104	88	99	93	101	100	97	92	103
1	16	T>G	1	98	93	102	90	98	95	99	100	125	101
1	17	A>C	1	90	111	115	95	107	91	103	90	101	100
1	18	C>A	1	96	108	107	97	89	99	102	109	115	112
1	19	T>G	1	114	92	101	101	103	104	104	90	84	98
1	20	T>C	1	109	107	93	105	107	107	93	103	97	101
1	21	A>C	1	107	99	87	97	79	102	98	104	89	108
1	22	C>A	1	86	103	115	108	98	94	90	108	106	100
1	23	G>T	1	107	122	103	97	106	119	82	99	100	93
1	24	T>C	1	111	100	79	93	107	106	97	113	84	77
1	25	A>G	1	98	98	100	93	112	98	109	88	92	87
1	26	G>T	1	91	105	106	94	101	85	102	107	72	112
1	27	G>T	1	96	97	91	104	87	105	113	104	111	96
1	28	A>T	1	97	115	95	107	95	94	110	87	96	97
1	29	G>T	1	94	88	114	92	111	87	98	106	109	81
1	30	T>A	1	109	87	92	83	102	106	84	93	98	94
1	31	G>C	1	107	108	93	83	88	90	98	92	96	107
1	32	G>T	1	98	102	102	106	102	92	96	109	97	95
1	33	G>C	1	89	83	87	95	104	95	96	85	104	90
1	34	A>C	1	101	119	102	87	105	73	84	96	98	101
1	35	C>T	1	107	106	83	113	102	105	96	100	99	101
1	36	C>G	1	106	93	104	108	113	97	95	113	102	107
1	37	G>T	1	92	107	104	96	100	106	99	100	107	108
1	38	G>C	1	94	118	82	89	109	80	78	96	99	100
1	39	T>G	1	109	114	96	89	87	98	98	89	109	100
1	40	C>G	1	72	102	102	101	92	101	104	92	89	104
1	41	C>A	1	106	112	84	95	100	120	101	103	85	94
1	42	T>A	1	79	82	97	107	111	121	106	92	100	97
1	43	G>A	1	98	84	101	98	85	93	87	90	98	99
1	44	T>G	1	112	94	83	102	98	114	103	106	98	86
1	45	A>G	1	81	110	85	91	107	120	95	97	123	123
1	46	G>T	1	104	106	90	98	96	100	124	102	92	104
1	47	G>T	1	78	97	96	86	94	112	96	99	95	108
1	48	G>C	1	112	99	91	81	89	87	110	83	89	88
1	49	A>G	1	96	125	96	98	93	99	119	98	99	80
1	50	G>T	1	113	115	97	86	93	107	96	90	110	111
1	51	G>C	1	96	98	77	106	88	92	109	103	102	102
1	52	T>G	1	95	95	105	107	115	86	84	101	96	111
1	53	G>C	1	128	100	109	94	82	86	108	85	86	89
1	54	C>T	1	84	107	95	81	79	77	97	123	104	94
1	55	G>T	1	104	123	105	109	87	98	99	95	113	120
1	56	G>T	1	119	98	86	102	92	120	110	118	88	94
1	57	C>T	1	85	85	90	92	92	98	101	93	95	125
1	58	A>G	1	96	105	96	107	109	106	113	87	100	106
1	59	G>C	1	96	92	101	101	89	102	91	108	89	91
1	60	C>A	1	113	104	108	86	111	77	100	108	112	90
1	61	T>C	1	83	109	93	95	120	103	101	116	93	108
1	62	A>C	1	114	99	95	110	85	101	105	111	109	110
1	63	G>A	1	93	115	112	104	85	103	97	98	100	79
1	64	C>T	1	104	115	93	95	101	97	95	94	99	95
1	65	C>A	1	95	100	91	93	103	82	96	80	88	109
1	66	A>G	1	107	95	114	95	111	87	99	100	82	94
1	67	A>C	1	108	82	90	107	109	131	104	96	98	108
1	68	T>G	1	100	102	105	107	92	107	103	114	111	113
1	69	C>T	1	103	84	102	106	116	91	98	103	85	101
1	70	G>T	1	107	94	82	117	95	91	89	88	90	101
1	71	T>A	1	108	94	98	118	111	111	107	97	115	100
1	72	G>C	1	115	93	74	98	87	110	92	109	97	86
1	73	C>A	1	93	89	97	115	95	100	82	112	90	113
1	74	C>G	1	107	100	82	89	116	127	94	102	94	116
1	75	A>C	1	99	109	105	104	78	102	90	103	108	87
1	76	C>A	1	112	116	87	93	114	101	102	100	101	98
1	77	C>G	1	88	93	114	102	111	90	105	105	94	93
1	78	T>A	1	92	84	99	94	98	103	97	83	91	90
1	79	C>G	1	105	98	95	98	93	97	86	107	103	92
1	80	A>C	1	107	100	89	89	102	102	100	119	105	77
1	81	A>G	1	102	95	96	100	103	96	100	92	108	103
1	82	C>T	1	95	93	98	116	89	78	120	109	112	97
1	83	T>C	1	95	104	95	102	123	103	108	111	116	89
1	84	T>A	1	105	106	94	104	93	82	92	97	90	100
1	85	A>T	1	90	95	88	101	109	94	112	121	92	93
1	86	A>T	1	117	124	102	103	93	103	105	92	103	99
1	87	A>T	1	109	109	105	89	100	98	109	84	107	101
1	88	T>G	1	113	114	105	103	98	119	113	109	105	104
1	89	T>G	1	106	116	112	110	93	98	115	93	97	111
1	90	A>C	1	102	103	115	105	83	94	108	89	87	108
1	91	T>G	1	88	98	91	91	103	118	111	103	104	109
1	92	A>T	1	96	106	93	89	101	108	119	110	89	108
1	93	G>A	1	101	77	100	108	109	101	114	94	98	101
1	94	G>C	1	111	107	100	89	121	96	125	93	99	97
1	95	G>A	1	110	97	84	103	85	99	93	121	97	87
1	96	G>T	1	106	101	110	105	115	81	108	107	106	97
1	97	C>G	1	102	100	111	84	96	108	102	84	92	116
1	98	T>C	1	95	100	104	100	104	105	94	90	99	99
1	99	A>G	1	100	98	105	111	95	91	97	109	101	119
