#chr	position	description	normal	sample0	sample1	sample2	sample3	sample4	sample5	sample6	sample7	sample8	sample9	sample10	sample11	sample12	sample13	sample14
1	1	1	0	0.55421686747	0.0	0.445544554455	0.336448598131	0.170212765957	0.211111111111	0.142857142857	0.221238938053	0.0	0.0	0.348623853211	0.313725490196	0.262626262626	0.215053763441	0.201754385965
2	1	1	0	0.0	0.0	0.0	0.0	0.0	0.0	0.168224299065	0.261363636364	0.236559139785	0.0	0.147058823529	0.0	0.0	0.215053763441	0.0
3	1	1	0	0.147540983607	0.0	0.12037037037	0.0	0.0857142857143	0.254901960784	0.0	0.27619047619	0.0	0.0	0.0	0.0	0.185567010309	0.0	0.0
4	1	1	0	0.0	0.0	0.0	0.0	0.0	0.0	0.0	0.0	0.0	0.0	0.0	0.0	0.0	0.0	0.0
5	1	1	0	0.0	0.0	0.0	0.0	0.0	0.0	0.155555555556	0.21186440678	0.205357142857	0.0	0.128440366972	0.0	0.0	0.156862745098	0.0
6	1	1	0	0.512	0.194915254237	0.485436893204	0.435294117647	0.304761904762	0.228571428571	0.31067961165	0.21875	0.0	0.207920792079	0.378378378378	0.229885057471	0.261363636364	0.28125	0.137931034483
7	1	1	0	0.2	0.0	0.122641509434	0.0	0.155737704918	0.295454545455	0.0	0.25	0.0	0.0	0.0	0.0	0.157303370787	0.0	0.0
8	1	1	0	0.0	0.0	0.0	0.0	0.0	0.0	0.0	0.0	0.0	0.0	0.0	0.0	0.0	0.0	0.0
9	1	1	0	0.228571428571	0.0	0.128440366972	0.0	0.0843373493976	0.161290322581	0.0	0.188118811881	0.0	0.0	0.0	0.0	0.298969072165	0.0	0.0
10	1	1	0	0.0	0.24	0.0	0.0	0.0	0.255555555556	0.0	0.0	0.212121212121	0.0	0.0	0.198113207547	0.0	0.0	0.196078431373
11	1	1	0	0.0	0.0	0.0	0.0	0.0	0.0	0.0	0.0	0.0	0.0	0.0	0.0	0.0	0.0	0.0
12	1	1	0	0.0	0.26	0.0	0.0	0.0	0.18085106383	0.0	0.0	0.16	0.0	0.0	0.210526315789	0.0	0.0	0.148514851485
13	1	1	0	0.0	0.266666666667	0.0	0.0	0.0	0.28431372549	0.0	0.0	0.212765957447	0.0	0.0	0.292682926829	0.0	0.0	0.147540983607
14	1	1	0	0.0	0.0	0.0	0.0891089108911	0.0	0.0	0.0625	0.0	0.125	0.0	0.0	0.0	0.0	0.0	0.0
15	1	1	0	0.0	0.0	0.0	0.0	0.0	0.0	0.0	0.0	0.0	0.0	0.0	0.0	0.0	0.0	0.0
16	1	1	0	0.0	0.0	0.0	0.0	0.0	0.0	0.177777777778	0.282051282051	0.11	0.0	0.155963302752	0.0	0.0	0.147058823529	0.0
17	1	1	0	0.0	0.211111111111	0.0	0.0	0.0	0.297619047619	0.0	0.0	0.115384615385	0.0	0.0	0.21568627451	0.0	0.0	0.234782608696
18	1	1	0	0.0	0.0	0.0	0.0808080808081	0.0	0.0	0.0277777777778	0.0	0.105263157895	0.0	0.0	0.0	0.0	0.0	0.0
19	1	1	0	0.0	0.0	0.0	0.0	0.0	0.0	0.0	0.0	0.0	0.0	0.0	0.0	0.0	0.0	0.0
20	1	1	0	0.184782608696	0.0	0.158878504673	0.0	0.148514851485	0.170212765957	0.0	0.268817204301	0.0	0.0	0.0	0.0	0.298969072165	0.0	0.0
21	1	1	0	0.421052631579	0.0	0.297872340426	0.257142857143	0.266666666667	0.278846153846	0.170454545455	0.217391304348	0.0	0.0	0.406976744186	0.271604938272	0.222222222222	0.183486238532	0.184782608696
22	1	1	0	0.0	0.215053763441	0.0	0.0	0.0	0.29203539823	0.0	0.0	0.151162790698	0.0	0.0	0.15625	0.0	0.0	0.0505050505051
23	1	1	0	0.193548387097	0.0	0.136842105263	0.0	0.0686274509804	0.243243243243	0.0	0.247524752475	0.0	0.0	0.0	0.0	0.223300970874	0.0	0.0
24	1	1	0	0.255813953488	0.0	0.127450980392	0.0	0.115789473684	0.270833333333	0.0	0.207920792079	0.0	0.0	0.0	0.0	0.257731958763	0.0	0.0
25	1	1	0	0.429824561404	0.0	0.224	0.113402061856	0.262626262626	0.257731958763	0.0	0.23595505618	0.0	0.0	0.144444444444	0.205357142857	0.227272727273	0.173469387755	0.0
26	1	1	0	0.560747663551	0.0	0.458823529412	0.317757009346	0.25	0.263157894737	0.20652173913	0.229166666667	0.0	0.0	0.336633663366	0.289719626168	0.22641509434	0.118811881188	0.130434782609
27	1	1	0	0.0	0.0	0.0	0.0	0.0	0.0	0.0	0.0	0.0	0.0	0.0	0.0	0.0	0.0	0.0
28	1	1	0	0.25	0.0	0.119565217391	0.0	0.128712871287	0.245283018868	0.0	0.229166666667	0.0	0.0	0.0	0.0	0.148936170213	0.0	0.0
29	1	1	0	0.0	0.252747252747	0.0	0.0	0.0	0.254901960784	0.0	0.0	0.169642857143	0.0	0.0	0.208333333333	0.0	0.0	0.163636363636
30	1	1	0	0.252427184466	0.0	0.129411764706	0.0	0.103773584906	0.221052631579	0.0	0.229885057471	0.0	0.0	0.0	0.0	0.209523809524	0.0	0.0
31	1	1	0	0.0	0.0	0.0	0.0744680851064	0.0	0.0	0.142857142857	0.0	0.12	0.0	0.0	0.0	0.0	0.0	0.0
32	1	1	0	0.0	0.0	0.0	0.0	0.0	0.0	0.0	0.0	0.0	0.0	0.0	0.0	0.0	0.0	0.0
33	1	1	0	0.0	0.0	0.0	0.0	0.0	0.0	0.14606741573	0.34375	0.239436619718	0.0	0.177777777778	0.0	0.0	0.247524752475	0.0
34	1	1	0	0.0	0.0	0.0	0.0	0.0	0.0	0.0	0.0	0.0	0.0	0.0	0.0	0.0	0.0	0.0
35	1	1	0	0.570175438596	0.0	0.272727272727	0.144230769231	0.285714285714	0.271739130435	0.0	0.280701754386	0.0	0.0	0.136842105263	0.283333333333	0.172043010753	0.204918032787	0.0
36	1	1	0	0.0	0.0	0.0	0.0	0.0	0.0	0.0	0.0	0.0	0.0	0.0	0.0	0.0	0.0	0.0
37	1	1	0	0.0	0.290909090909	0.0	0.0	0.0	0.269230769231	0.0	0.0	0.148148148148	0.0	0.0	0.219047619048	0.0	0.0	0.205882352941
38	1	1	0	0.154639175258	0.0	0.145454545455	0.0	0.063829787234	0.245454545455	0.0	0.145631067961	0.0	0.0	0.0	0.0	0.190476190476	0.0	0.0
39	1	1	0	0.0	0.0	0.0	0.0754716981132	0.0	0.0	0.125	0.0	0.127659574468	0.0	0.0	0.0	0.0	0.0	0.0
40	1	1	0	0.4	0.0	0.257142857143	0.105769230769	0.235849056604	0.281553398058	0.0	0.317073170732	0.0	0.0	0.129411764706	0.23595505618	0.175824175824	0.216666666667	0.0
41	1	1	0	0.410526315789	0.247619047619	0.523364485981	0.47311827957	0.352380952381	0.27	0.212121212121	0.240506329114	0.0	0.238095238095	0.276595744681	0.209302325581	0.179245283019	0.352380952381	0.116279069767
42	1	1	0	0.0	0.31067961165	0.0	0.0	0.0	0.288288288288	0.0	0.0	0.193181818182	0.0	0.0	0.230769230769	0.0	0.0	0.144230769231
43	1	1	0	0.39175257732	0.0	0.271028037383	0.172839506173	0.27	0.184782608696	0.0	0.198198198198	0.0	0.0	0.141509433962	0.285714285714	0.212121212121	0.2625	0.0
44	1	1	0	0.0	0.0	0.0	0.0666666666667	0.0	0.0	0.0941176470588	0.0	0.129032258065	0.0	0.0	0.0	0.0	0.0	0.0
45	1	1	0	0.151515151515	0.0	0.117647058824	0.0	0.100917431193	0.241379310345	0.0	0.257425742574	0.0	0.0	0.0	0.0	0.192660550459	0.0	0.0
46	1	1	0	0.0	0.191489361702	0.0	0.0	0.0	0.25	0.0	0.0	0.154761904762	0.0	0.0	0.270833333333	0.0	0.0	0.158415841584
47	1	1	0	0.0	0.0	0.0	0.0	0.0	0.0	0.0	0.0	0.0	0.0	0.0	0.0	0.0	0.0	0.0
48	1	1	0	0.524590163934	0.283185840708	0.516483516484	0.439252336449	0.345794392523	0.30487804878	0.318181818182	0.264367816092	0.0	0.158536585366	0.339449541284	0.224137931034	0.219047619048	0.259615384615	0.178217821782
49	1	1	0	0.0	0.0	0.0	0.0	0.0	0.0	0.0	0.0	0.0	0.0	0.0	0.0	0.0	0.0	0.0
50	1	1	0	0.0	0.0	0.0	0.0	0.0	0.0	0.134615384615	0.255319148936	0.254385964912	0.0	0.171428571429	0.0	0.0	0.246753246753	0.0
51	1	1	0	0.461538461538	0.0	0.36170212766	0.309278350515	0.208333333333	0.150537634409	0.136363636364	0.216216216216	0.0	0.0	0.358490566038	0.264705882353	0.216981132075	0.157894736842	0.152380952381
52	1	1	0	0.0	0.260416666667	0.0	0.0	0.0	0.25	0.0	0.0	0.2	0.0	0.0	0.252631578947	0.0	0.0	0.140350877193
53	1	1	0	0.0	0.2	0.0	0.0	0.0	0.208333333333	0.0	0.0	0.127272727273	0.0	0.0	0.191489361702	0.0	0.0	0.141304347826
54	1	1	0	0.0	0.0	0.0	0.108910891089	0.0	0.0	0.0961538461538	0.0	0.0722891566265	0.0	0.0	0.0	0.0	0.0	0.0
55	1	1	0	0.295652173913	0.0	0.0842105263158	0.0	0.166666666667	0.336842105263	0.0	0.229166666667	0.0	0.0	0.0	0.0	0.214285714286	0.0	0.0
56	1	1	0	0.226804123711	0.0	0.0571428571429	0.0	0.0705882352941	0.247619047619	0.0	0.192771084337	0.0	0.0	0.0	0.0	0.191489361702	0.0	0.0
57	1	1	0	0.268817204301	0.0	0.152380952381	0.0	0.140186915888	0.238532110092	0.0	0.278481012658	0.0	0.0	0.0	0.0	0.245614035088	0.0	0.0
58	1	1	0	0.0	0.304761904762	0.0	0.0	0.0	0.329787234043	0.0	0.0	0.184466019417	0.0	0.0	0.261682242991	0.0	0.0	0.14606741573
59	1	1	0	0.0	0.203883495146	0.0	0.0	0.0	0.242424242424	0.0	0.0	0.191489361702	0.0	0.0	0.238095238095	0.0	0.0	0.100917431193
60	1	1	0	0.285714285714	0.0	0.0888888888889	0.0	0.078431372549	0.264705882353	0.0	0.157407407407	0.0	0.0	0.0	0.0	0.21359223301	0.0	0.0
61	1	1	0	0.0	0.0	0.0	0.0	0.0	0.0	0.0	0.0	0.0	0.0	0.0	0.0	0.0	0.0	0.0
62	1	1	0	0.0	0.265306122449	0.0	0.0	0.0	0.315789473684	0.0	0.0	0.202127659574	0.0	0.0	0.22641509434	0.0	0.0	0.21875
63	1	1	0	0.0	0.0	0.0	0.0	0.0	0.0	0.0	0.0	0.0	0.0	0.0	0.0	0.0	0.0	0.0
64	1	1	0	0.0	0.0	0.0	0.0	0.0	0.0	0.0	0.0	0.0	0.0	0.0	0.0	0.0	0.0	0.0
65	1	1	0	0.0	0.0	0.0	0.0	0.0	0.0	0.0	0.0	0.0	0.0	0.0	0.0	0.0	0.0	0.0
66	1	1	0	0.602040816327	0.0	0.290322580645	0.327102803738	0.305263157895	0.270833333333	0.0879120879121	0.201923076923	0.0	0.0	0.315789473684	0.277108433735	0.2	0.215909090909	0.0823529411765
67	1	1	0	0.0	0.0	0.0	0.0	0.0	0.0	0.0	0.0	0.0	0.0	0.0	0.0	0.0	0.0	0.0
68	1	1	0	0.0	0.355769230769	0.0	0.0	0.0	0.276595744681	0.0	0.0	0.224299065421	0.0	0.0	0.263157894737	0.0	0.0	0.225225225225
69	1	1	0	0.182608695652	0.0	0.132653061224	0.0	0.130434782609	0.279069767442	0.0	0.140186915888	0.0	0.0	0.0	0.0	0.211538461538	0.0	0.0
70	1	1	0	0.0	0.189189189189	0.0	0.0	0.0	0.272727272727	0.0	0.0	0.166666666667	0.0	0.0	0.182692307692	0.0	0.0	0.174757281553
71	1	1	0	0.0	0.0	0.0	0.0	0.0	0.0	0.0	0.0	0.0	0.0	0.0	0.0	0.0	0.0	0.0
72	1	1	0	0.0	0.283018867925	0.0	0.0	0.0	0.252336448598	0.0	0.0	0.157303370787	0.0	0.0	0.26213592233	0.0	0.0	0.160377358491
73	1	1	0	0.0	0.348314606742	0.0	0.0	0.0	0.189655172414	0.0	0.0	0.178947368421	0.0	0.0	0.20652173913	0.0	0.0	0.159292035398
74	1	1	0	0.0	0.0	0.0	0.0	0.0	0.0	0.0	0.0	0.0	0.0	0.0	0.0	0.0	0.0	0.0
75	1	1	0	0.0	0.0	0.0	0.0	0.0	0.0	0.0	0.0	0.0	0.0	0.0	0.0	0.0	0.0	0.0
76	1	1	0	0.441176470588	0.0	0.290322580645	0.125	0.223404255319	0.276595744681	0.0	0.242718446602	0.0	0.0	0.1953125	0.268817204301	0.267326732673	0.223300970874	0.0
77	1	1	0	0.0	0.0	0.0	0.0	0.0	0.0	0.0	0.0	0.0	0.0	0.0	0.0	0.0	0.0	0.0
78	1	1	0	0.164835164835	0.0	0.131313131313	0.0	0.122222222222	0.188679245283	0.0	0.242718446602	0.0	0.0	0.0	0.0	0.260869565217	0.0	0.0
79	1	1	0	0.0	0.0	0.0	0.0	0.0	0.0	0.0	0.0	0.0	0.0	0.0	0.0	0.0	0.0	0.0
80	1	1	0	0.0	0.268817204301	0.0	0.0	0.0	0.297872340426	0.0	0.0	0.17	0.0	0.0	0.173913043478	0.0	0.0	0.164948453608
81	1	1	0	0.245283018868	0.0	0.205607476636	0.0	0.161616161616	0.232323232323	0.0	0.203883495146	0.0	0.0	0.0	0.0	0.257425742574	0.0	0.0
82	1	1	0	0.0	0.0	0.0	0.0	0.0	0.0	0.218390804598	0.355140186916	0.274725274725	0.0	0.157303370787	0.0	0.0	0.211009174312	0.0
83	1	1	0	0.0	0.0	0.0	0.0	0.0	0.0	0.176470588235	0.311926605505	0.145454545455	0.0	0.165048543689	0.0	0.0	0.197802197802	0.0
84	1	1	0	0.0	0.301587301587	0.0	0.0	0.0	0.258928571429	0.0	0.0	0.225490196078	0.0	0.0	0.173913043478	0.0	0.0	0.138613861386
85	1	1	0	0.0	0.0	0.0	0.0943396226415	0.126315789474	0.0	0.228260869565	0.263636363636	0.242424242424	0.341176470588	0.168224299065	0.0	0.247524752475	0.224299065421	0.17094017094
86	1	1	0	0.0	0.302521008403	0.0	0.0	0.0	0.3	0.0	0.0	0.208333333333	0.0	0.0	0.212765957447	0.0	0.0	0.112244897959
87	1	1	0	0.27	0.0	0.123595505618	0.0	0.132231404959	0.20618556701	0.0	0.215909090909	0.0	0.0	0.0	0.0	0.206896551724	0.0	0.0
88	1	1	0	0.0	0.194174757282	0.0	0.0	0.0	0.260416666667	0.0	0.0	0.13829787234	0.0	0.0	0.25	0.0	0.0	0.207207207207
89	1	1	0	0.298969072165	0.0	0.119266055046	0.0	0.148514851485	0.281818181818	0.0	0.186813186813	0.0	0.0	0.0	0.0	0.173913043478	0.0	0.0
90	1	1	0	0.2	0.0	0.130434782609	0.0	0.163636363636	0.231578947368	0.0	0.245614035088	0.0	0.0	0.0	0.0	0.18018018018	0.0	0.0
91	1	1	0	0.0	0.0	0.0	0.0	0.0	0.0	0.0	0.0	0.0	0.0	0.0	0.0	0.0	0.0	0.0
92	1	1	0	0.0	0.264705882353	0.0	0.0	0.0	0.207920792079	0.0	0.0	0.174418604651	0.0	0.0	0.246913580247	0.0	0.0	0.151260504202
93	1	1	0	0.0	0.0	0.0	0.0	0.0	0.0	0.0	0.0	0.0	0.0	0.0	0.0	0.0	0.0	0.0
94	1	1	0	0.539325842697	0.0	0.221153846154	0.108910891089	0.287356321839	0.322222222222	0.0	0.198113207547	0.0	0.0	0.18085106383	0.241758241758	0.288888888889	0.247191011236	0.0
95	1	1	0	0.0	0.0	0.0	0.0530973451327	0.0967741935484	0.0	0.266666666667	0.207920792079	0.378640776699	0.411764705882	0.18691588785	0.0	0.235849056604	0.13	0.2
96	1	1	0	0.0	0.0	0.0	0.0	0.0	0.0	0.0	0.0	0.0	0.0	0.0	0.0	0.0	0.0	0.0
97	1	1	0	0.0	0.0	0.0	0.0	0.0	0.0	0.0	0.0	0.0	0.0	0.0	0.0	0.0	0.0	0.0
98	1	1	0	0.0	0.25	0.0	0.0	0.0	0.201754385965	0.0	0.0	0.190476190476	0.0	0.0	0.245098039216	0.0	0.0	0.2
99	1	1	0	0.0	0.282828282828	0.0	0.0	0.0	0.25	0.0	0.0	0.166666666667	0.0	0.0	0.222222222222	0.0	0.0	0.19
100	1	1	0	0.0	0.0	0.0	0.0	0.0	0.0	0.0	0.0	0.0	0.0	0.0	0.0	0.0	0.0	0.0
