#chr	position	description	normal	sample0	sample1	sample2	sample3	sample4	sample5	sample6	sample7	sample8	sample9	sample10	sample11	sample12	sample13	sample14
1	1	1	0	0.133959216636	0.0	0.145962113659	0.0	0.0	0.148996553821	0.0	0.184386033739	0.0	0.0	0.0	0.0	0.152047370534	0.16635235732	0.0
2	1	1	0	0.0891618783436	0.206691524741	0.0922655298417	0.114087898856	0.23883552827	0.0977139389035	0.265474416294	0.116526887025	0.25483044164	0.266360734238	0.082014531701	0.233111514418	0.179133858268	0.0	0.111243781095
3	1	1	0	0.0	0.148505976096	0.115403964182	0.0	0.0	0.0	0.0	0.0	0.119442797866	0.0	0.0	0.0	0.0	0.0	0.0
4	1	1	0	0.0870951669158	0.213505863324	0.0871692461308	0.114256619145	0.235388956066	0.0969444726424	0.268547750592	0.116976180864	0.249223991189	0.257513729406	0.0823295171727	0.233747993579	0.172032293432	0.0	0.111663517948
5	1	1	0	0.0	0.208040201005	0.0	0.0	0.151727541955	0.0	0.273103041039	0.0	0.161501968305	0.26895234265	0.0	0.147032329096	0.177880741338	0.0	0.0
6	1	1	0	0.127060233743	0.0	0.0	0.178237717271	0.132383496587	0.145180483935	0.231106243154	0.0	0.13302428701	0.0	0.122772080056	0.125265392781	0.0	0.158769659566	0.0
7	1	1	0	0.15033732756	0.0	0.166799601196	0.0	0.0	0.0	0.0	0.0	0.0	0.0	0.152954113766	0.0	0.17311288259	0.0	0.197751914851
8	1	1	0	0.131963332326	0.0	0.0	0.174529256935	0.130053432806	0.148600357356	0.231366764995	0.0	0.138387852848	0.0	0.130231167796	0.130770754904	0.0	0.163182873877	0.0
9	1	1	0	0.0	0.150311683089	0.110543706819	0.0	0.0	0.0	0.0	0.0	0.112721417069	0.0	0.0	0.0	0.0	0.0	0.0
10	1	1	0	0.0	0.205130815433	0.0	0.0	0.148951048951	0.0	0.268345679012	0.0	0.16437947494	0.262619095885	0.0	0.150208481643	0.174123935854	0.0	0.0
11	1	1	0	0.137183751638	0.0	0.139483909535	0.0	0.0	0.144959236429	0.0	0.18359767115	0.0	0.0	0.0	0.0	0.153723774485	0.162950428031	0.0
12	1	1	0	0.0	0.150089874176	0.115775955744	0.0	0.0	0.0	0.0	0.0	0.115669401641	0.0	0.0	0.0	0.0	0.0	0.0
13	1	1	0	0.0	0.21798641387	0.0	0.0	0.149323985979	0.0	0.268861173584	0.0	0.1596487727	0.253644025781	0.0	0.144852717886	0.172220583899	0.0	0.0
14	1	1	0	0.0	0.148225469729	0.117518610422	0.0	0.0	0.0	0.0	0.0	0.111637279597	0.0	0.0	0.0	0.0	0.0	0.0
15	1	1	0	0.086425978217	0.211589202354	0.0838311624718	0.119285286484	0.228988077643	0.102128510043	0.269141996989	0.117328342035	0.253454836771	0.261536897743	0.0824383452665	0.226609356257	0.174896912401	0.0	0.113495707726
16	1	1	0	0.0	0.158862710011	0.107042253521	0.0	0.0	0.0	0.0	0.0	0.112721095233	0.0	0.0	0.0	0.0	0.0	0.0
17	1	1	0	0.0	0.148602256008	0.11570834601	0.0	0.0	0.0	0.0	0.0	0.112007972098	0.0	0.0	0.0	0.0	0.0	0.0
18	1	1	0	0.0	0.151924239371	0.112143987342	0.0	0.0	0.0	0.0	0.0	0.111830957839	0.0	0.0	0.0	0.0	0.0	0.0
19	1	1	0	0.0	0.0	0.0	0.0	0.0	0.0	0.0	0.0	0.0	0.243182970096	0.0	0.0	0.0	0.170081135903	0.0
20	1	1	0	0.147067699427	0.0	0.158551187388	0.0	0.0	0.0	0.0	0.0	0.0	0.0	0.149645602476	0.0	0.17032413932	0.0	0.198754644973
21	1	1	0	0.0	0.149954832882	0.116437679154	0.0	0.0	0.0	0.0	0.0	0.115065722952	0.0	0.0	0.0	0.0	0.0	0.0
22	1	1	0	0.085913078552	0.211809371566	0.089058776807	0.11901219875	0.235477074345	0.0950813129801	0.273359540369	0.119522711321	0.249385145106	0.26477943383	0.0827194903444	0.227354529094	0.170434086817	0.0	0.112423666033
23	1	1	0	0.128970838761	0.0	0.0	0.181580797429	0.124750896772	0.138055946871	0.234680703148	0.0	0.135317460317	0.0	0.127452943532	0.130942947702	0.0	0.167051037802	0.0
24	1	1	0	0.0	0.143410467772	0.0	0.0	0.0	0.117706136386	0.0	0.0	0.0	0.0	0.0	0.0	0.0	0.0	0.0
25	1	1	0	0.0	0.149849246231	0.115830511952	0.0	0.0	0.0	0.0	0.0	0.110886485394	0.0	0.0	0.0	0.0	0.0	0.0
26	1	1	0	0.135108383648	0.0	0.141305441014	0.0	0.0	0.146607431341	0.0	0.188320872904	0.0	0.0	0.0	0.0	0.156065901148	0.162434542041	0.0
27	1	1	0	0.131885645981	0.0	0.0	0.176159718144	0.123566109881	0.143240023824	0.232947232947	0.0	0.134457154325	0.0	0.128507974965	0.129818650282	0.0	0.163261237915	0.0
28	1	1	0	0.0882799069673	0.209642363169	0.0865983524211	0.119343211854	0.236672292266	0.0938313639095	0.264612008777	0.119425778864	0.255758538523	0.255816255816	0.0848806366048	0.232296030321	0.175523989272	0.0	0.111324570273
29	1	1	0	0.0	0.149223633797	0.113737824675	0.0	0.0	0.0	0.0	0.0	0.108282788108	0.0	0.0	0.0	0.0	0.0	0.0
30	1	1	0	0.150761670762	0.0	0.157373737374	0.0	0.0	0.0	0.0	0.0	0.0	0.0	0.144176706827	0.0	0.166397903648	0.0	0.191807277902
31	1	1	0	0.0	0.146311970979	0.114427357345	0.0	0.0	0.0	0.0	0.0	0.119233854793	0.0	0.0	0.0	0.0	0.0	0.0
32	1	1	0	0.0	0.151841868823	0.111099989991	0.0	0.0	0.0	0.0	0.0	0.113211341243	0.0	0.0	0.0	0.0	0.0	0.0
33	1	1	0	0.0	0.206423417014	0.0	0.0	0.140743743034	0.0	0.263279911299	0.0	0.157941968292	0.262174517988	0.0	0.143492879747	0.174524910118	0.0	0.0
34	1	1	0	0.0	0.148242485991	0.113830107311	0.0	0.0	0.0	0.0	0.0	0.116571089579	0.0	0.0	0.0	0.0	0.0	0.0
35	1	1	0	0.0	0.208518368995	0.0	0.0	0.145983213429	0.0	0.264807673292	0.0	0.162017384273	0.257899399547	0.0	0.146341463415	0.178894472362	0.0	0.0
36	1	1	0	0.0	0.204937304075	0.0	0.0	0.148595172141	0.0	0.268675889328	0.0	0.151615161516	0.258077187469	0.0	0.151165106552	0.174042764794	0.0	0.0
37	1	1	0	0.0903290129611	0.210763228969	0.0909272581934	0.11490837048	0.233243162008	0.0945076694706	0.270221327968	0.122397155917	0.248098478783	0.266934269945	0.0845028067362	0.225667268714	0.172424121406	0.0	0.111704759078
38	1	1	0	0.0	0.149853283416	0.111699470477	0.0	0.0	0.0	0.0	0.0	0.115005369521	0.0	0.0	0.0	0.0	0.0	0.0
39	1	1	0	0.148070385923	0.0	0.155785906509	0.0	0.0	0.0	0.0	0.0	0.0	0.0	0.137400793651	0.0	0.172793024869	0.0	0.190833583508
40	1	1	0	0.128653208798	0.0	0.0	0.17953053511	0.121340175068	0.1451918286	0.233543102587	0.0	0.141307592795	0.0	0.124718330557	0.129570108477	0.0	0.16064619707	0.0
41	1	1	0	0.0	0.142958748222	0.11394287981	0.0	0.0	0.0	0.0	0.0	0.114254076908	0.0	0.0	0.0	0.0	0.0	0.0
42	1	1	0	0.0	0.152043269231	0.116769184229	0.0	0.0	0.0	0.0	0.0	0.112028183191	0.0	0.0	0.0	0.0	0.0	0.0
43	1	1	0	0.142871649066	0.0	0.162442626222	0.0	0.0	0.0	0.0	0.0	0.0	0.0	0.143608946463	0.0	0.168464812432	0.0	0.195982410554
44	1	1	0	0.0893777249306	0.208192146701	0.085831202046	0.118261388502	0.22890012893	0.0896739130435	0.266966067864	0.117338709677	0.246746796464	0.261815305517	0.0855684547638	0.22654508612	0.172023809524	0.0	0.112693001805
45	1	1	0	0.0	0.212368264068	0.0	0.0	0.14446884984	0.0	0.272754491018	0.0	0.164215211922	0.261147770446	0.0	0.149874434957	0.174439372891	0.0	0.0
46	1	1	0	0.0	0.148476782017	0.109306496612	0.0	0.0	0.0	0.0	0.0	0.111487496264	0.0	0.0	0.0	0.0	0.0	0.0
47	1	1	0	0.135381565907	0.0	0.134669621273	0.0	0.0	0.148783406462	0.0	0.183671419964	0.0	0.0	0.0	0.0	0.152229930624	0.159286716089	0.0
48	1	1	0	0.0	0.153050983541	0.119097744361	0.0	0.0	0.0	0.0	0.0	0.118069607446	0.0	0.0	0.0	0.0	0.0	0.0
49	1	1	0	0.0902742637385	0.206817273091	0.0913756667002	0.113393756294	0.228412808565	0.0962875893819	0.27048857368	0.118307863577	0.25325065013	0.261940522679	0.0864654138345	0.235311720698	0.170206431123	0.0	0.115716753022
50	1	1	0	0.0	0.150378938971	0.118239121594	0.0	0.0	0.0	0.0	0.0	0.110449538553	0.0	0.0	0.0	0.0	0.0	0.0
51	1	1	0	0.0909182847896	0.210625433641	0.0864360353049	0.120982054822	0.231584158416	0.0960089594787	0.271269666299	0.11995997999	0.246559065254	0.258357449356	0.0793997813773	0.236776571372	0.175482957419	0.0	0.114507667474
52	1	1	0	0.0	0.151427718635	0.116322887743	0.0	0.0	0.0	0.0	0.0	0.116848627914	0.0	0.0	0.0	0.0	0.0	0.0
53	1	1	0	0.36814516129	0.0	0.1626870108	0.294361198738	0.206726907631	0.242916999202	0.235005507159	0.122002608608	0.227400562475	0.0	0.350535245405	0.214052953157	0.175270108043	0.155111869168	0.312878482035
54	1	1	0	0.0	0.213298088654	0.0	0.0	0.147915419908	0.0	0.256371049949	0.0	0.16518169987	0.261887935386	0.0	0.143608574831	0.175037294878	0.0	0.0
55	1	1	0	0.128958374826	0.0	0.0	0.180390577814	0.12767875025	0.145654834761	0.230512924071	0.0	0.137140598755	0.0	0.123758900812	0.12484885127	0.0	0.159097714343	0.0
56	1	1	0	0.145762711864	0.0	0.157108721625	0.0	0.0	0.0	0.0	0.0	0.0	0.0	0.149052297311	0.0	0.171474358974	0.0	0.194452941776
57	1	1	0	0.0864469598317	0.21615939127	0.0838677354709	0.117865519937	0.234737575939	0.0974905397331	0.272273770328	0.11513988486	0.249925469542	0.255597760896	0.08347461853	0.227344521224	0.176446985656	0.0	0.116555757209
58	1	1	0	0.0	0.140093728188	0.111210851785	0.0	0.0	0.0	0.0	0.0	0.120553950384	0.0	0.0	0.0	0.0	0.0	0.0
59	1	1	0	0.14396577455	0.0	0.161604010025	0.0	0.0	0.0	0.0	0.0	0.0	0.0	0.142372543151	0.0	0.178202945007	0.0	0.197064989518
60	1	1	0	0.132329154873	0.0	0.142988364972	0.0	0.0	0.151750972763	0.0	0.177894112999	0.0	0.0	0.0	0.0	0.155993269326	0.166400797607	0.0
61	1	1	0	0.0	0.150557620818	0.121255495348	0.0	0.0	0.0	0.0	0.0	0.113334674175	0.0	0.0	0.0	0.0	0.0	0.0
62	1	1	0	0.0	0.148974487244	0.114211160177	0.0	0.0	0.0	0.0	0.0	0.116297390448	0.0	0.0	0.0	0.0	0.0	0.0
63	1	1	0	0.160267946411	0.0	0.155017023833	0.0	0.0	0.0	0.0	0.0	0.0	0.0	0.139009471192	0.0	0.170673316708	0.0	0.195689223058
64	1	1	0	0.136944919948	0.0	0.14124800638	0.0	0.0	0.145275035261	0.0	0.184646878199	0.0	0.0	0.0	0.0	0.153032721468	0.163375407166	0.0
65	1	1	0	0.0874629812438	0.214	0.0915776747935	0.116983016983	0.228664098926	0.0973469181882	0.267586070047	0.11776879866	0.245102913394	0.25677458642	0.0848411741053	0.226637380192	0.171466368169	0.0	0.113699721227
66	1	1	0	0.367328337047	0.0	0.156656656657	0.297024858094	0.207312252964	0.240281634272	0.234141514102	0.123329592982	0.223032361167	0.0	0.360071656051	0.212030970816	0.168682044508	0.161312642088	0.302978293791
67	1	1	0	0.1462	0.0	0.153454980556	0.0	0.0	0.0	0.0	0.0	0.0	0.0	0.144753789755	0.0	0.168390400643	0.0	0.197072873259
68	1	1	0	0.0	0.149529003471	0.115704997968	0.0	0.0	0.0	0.0	0.0	0.121145812612	0.0	0.0	0.0	0.0	0.0	0.0
69	1	1	0	0.0	0.152303797468	0.117864640608	0.0	0.0	0.0	0.0	0.0	0.114606291324	0.0	0.0	0.0	0.0	0.0	0.0
70	1	1	0	0.370488853344	0.0	0.15791047752	0.304250559284	0.217183770883	0.237081765987	0.219122319301	0.115065243179	0.233470452493	0.0	0.358481114117	0.208033573141	0.176004872107	0.161499352009	0.311274024173
71	1	1	0	0.0	0.147082175466	0.113865297255	0.0	0.0	0.0	0.0	0.0	0.113319281341	0.0	0.0	0.0	0.0	0.0	0.0
72	1	1	0	0.129179482091	0.0	0.0	0.178900922583	0.129782371062	0.144079885877	0.233955074208	0.0	0.129167081302	0.0	0.126885179972	0.121136590229	0.0	0.15835747827	0.0
73	1	1	0	0.136317704123	0.0	0.139250651172	0.0	0.0	0.145548284751	0.0	0.183319738989	0.0	0.0	0.0	0.0	0.153659522847	0.163352982316	0.0
74	1	1	0	0.126670015068	0.0	0.0	0.179763079961	0.131237721022	0.147450438899	0.234484806493	0.0	0.139468883033	0.0	0.126933756446	0.120995024876	0.0	0.163990938639	0.0
75	1	1	0	0.0	0.142956625547	0.0	0.0	0.0	0.118677817603	0.0	0.0	0.0	0.0	0.0	0.0	0.0	0.0	0.0
76	1	1	0	0.130180448146	0.0	0.133218693101	0.0	0.0	0.141668337678	0.0	0.179191899136	0.0	0.0	0.0	0.0	0.151242205286	0.162037962038	0.0
77	1	1	0	0.0	0.147749018028	0.114133708091	0.0	0.0	0.0	0.0	0.0	0.112807634355	0.0	0.0	0.0	0.0	0.0	0.0
78	1	1	0	0.0	0.0	0.0	0.0	0.0	0.0	0.0	0.0	0.0	0.247553017945	0.0	0.0	0.0	0.17045675413	0.0
79	1	1	0	0.149215686275	0.0	0.158003747904	0.0	0.0	0.0	0.0	0.0	0.0	0.0	0.149838409558	0.0	0.168684505036	0.0	0.196437556607
80	1	1	0	0.128730600875	0.0	0.0	0.184848185145	0.123491552695	0.144220899199	0.230332603067	0.0	0.137403021641	0.0	0.130963051489	0.126690035053	0.0	0.163547192473	0.0
81	1	1	0	0.0	0.21020387667	0.0	0.0	0.14405073485	0.0	0.269272637308	0.0	0.1556	0.254395549816	0.0	0.144959236429	0.1759905614	0.0	0.0
82	1	1	0	0.0	0.151846647933	0.119763430261	0.0	0.0	0.0	0.0	0.0	0.115396203676	0.0	0.0	0.0	0.0	0.0	0.0
83	1	1	0	0.0	0.145885916204	0.113691340106	0.0	0.0	0.0	0.0	0.0	0.113699721227	0.0	0.0	0.0	0.0	0.0	0.0
84	1	1	0	0.133206944722	0.0	0.0	0.177359623661	0.118865647627	0.147044063033	0.230722216563	0.0	0.136273341279	0.0	0.125388704985	0.128092577813	0.0	0.156662074395	0.0
85	1	1	0	0.0	0.145575354878	0.116251005632	0.0	0.0	0.0	0.0	0.0	0.113059250302	0.0	0.0	0.0	0.0	0.0	0.0
86	1	1	0	0.0	0.207895000501	0.0	0.0	0.146236773807	0.0	0.2755470789	0.0	0.154780876494	0.262075224362	0.0	0.140838011227	0.177459464836	0.0	0.0
87	1	1	0	0.0	0.152243912256	0.114394853237	0.0	0.0	0.0	0.0	0.0	0.116862432809	0.0	0.0	0.0	0.0	0.0	0.0
88	1	1	0	0.129447236181	0.0	0.0	0.178578479763	0.125694654946	0.149181809055	0.236475575293	0.0	0.141271442987	0.0	0.132855293297	0.130559968229	0.0	0.153660012099	0.0
89	1	1	0	0.0	0.144422310757	0.0	0.0	0.0	0.113421740004	0.0	0.0	0.0	0.0	0.0	0.0	0.0	0.0	0.0
90	1	1	0	0.0	0.153336012862	0.113249370277	0.0	0.0	0.0	0.0	0.0	0.1149708872	0.0	0.0	0.0	0.0	0.0	0.0
91	1	1	0	0.133736492515	0.0	0.14024576013	0.0	0.0	0.143996808935	0.0	0.177702093559	0.0	0.0	0.0	0.0	0.145633971292	0.160198099859	0.0
92	1	1	0	0.0	0.149446494465	0.110649247823	0.0	0.0	0.0	0.0	0.0	0.114102564103	0.0	0.0	0.0	0.0	0.0	0.0
93	1	1	0	0.0	0.213800790354	0.0	0.0	0.141191709845	0.0	0.267668111705	0.0	0.158180720467	0.253345498783	0.0	0.146592629985	0.170408981556	0.0	0.0
94	1	1	0	0.0	0.149210473716	0.116702991876	0.0	0.0	0.0	0.0	0.0	0.113311884175	0.0	0.0	0.0	0.0	0.0	0.0
95	1	1	0	0.0	0.20633299285	0.0	0.0	0.145506419401	0.0	0.265338487462	0.0	0.157988871224	0.257083415891	0.0	0.142403808013	0.181244364292	0.0	0.0
96	1	1	0	0.144414709089	0.0	0.153775883069	0.0	0.0	0.0	0.0	0.0	0.0	0.0	0.14449053931	0.0	0.174394256656	0.0	0.201437412657
97	1	1	0	0.147907719964	0.0	0.156679714945	0.0	0.0	0.0	0.0	0.0	0.0	0.0	0.145356393082	0.0	0.178019347761	0.0	0.191715616771
98	1	1	0	0.0	0.0	0.0	0.199063708528	0.144833197722	0.0	0.0	0.197715201924	0.0	0.0	0.147741024607	0.145090180361	0.0	0.0	0.193776098628
99	1	1	0	0.133467741935	0.0	0.142496974587	0.0	0.0	0.148970205959	0.0	0.18017215791	0.0	0.0	0.0	0.0	0.155296950241	0.170096431057	0.0
100	1	1	0	0.149692622951	0.0	0.158827061649	0.0	0.0	0.0	0.0	0.0	0.0	0.0	0.14030436917	0.0	0.172102358254	0.0	0.192920886393
