Chromosome	Position	Change	Gene	sample0	sample1	sample2	sample3	sample4	sample5	sample6	sample7	sample8	sample9
1	0	G>T	1	10156	9951	10175	9925	10005	10237	10010	9780	10134	10083
1	1	C>T	1	10083	9967	9992	10068	10029	9797	9925	9927	10121	10003
1	2	T>A	1	10036	10060	10014	9912	9954	9884	9848	10018	10035	10111
1	3	A>C	1	10150	10115	9958	9980	9971	10037	10051	10142	9952	10044
1	4	A>C	1	10043	9907	10061	10045	9972	9932	9968	9891	9906	9972
1	5	A>T	1	9906	10021	9965	10038	9943	9965	9969	9902	9911	10067
1	6	C>T	1	10032	9863	10086	10015	9954	9986	9895	9921	9943	9953
1	7	C>A	1	9921	9981	10078	10027	10054	10085	9944	9873	10161	10024
1	8	C>A	1	10204	10113	10101	10019	10070	9969	10089	9949	10136	9979
1	9	C>A	1	10131	10077	10176	10002	10126	9854	9774	10010	10115	9794
1	10	T>G	1	10112	10099	10172	9963	10002	9854	10084	10048	9964	10091
1	11	G>T	1	9919	10060	9942	9961	9935	10075	10008	9894	9773	10117
1	12	G>C	1	9887	9919	9864	9792	10010	10059	9890	10095	10003	10030
1	13	G>A	1	10129	10215	10081	9943	10071	10050	9981	9890	9948	10149
1	14	A>C	1	10070	10042	10087	9908	9937	9949	10178	10063	9920	9975
1	15	C>T	1	9940	10002	9882	9954	9891	10147	9972	9865	10079	10046
1	16	G>A	1	9956	10053	10027	9841	10155	10133	10054	10049	9870	9915
1	17	C>T	1	10101	10186	10008	10055	10101	10016	10058	10150	9951	9984
1	18	T>A	1	10100	10068	10194	9990	9996	10034	10116	10119	10037	9892
1	19	T>A	1	9843	10263	10109	9966	10093	10002	9826	9823	9956	10029
1	20	T>C	1	10164	10055	9950	10083	10167	10004	9982	10151	9967	10012
1	21	T>A	1	10167	10160	10018	9859	9907	10053	10015	9997	9763	10124
1	22	G>T	1	9847	9984	10005	10082	10098	9919	9915	9966	9977	10046
1	23	T>C	1	10057	10123	10110	9957	9988	9996	9873	10100	10227	10072
1	24	G>A	1	10071	9928	10107	10030	9910	10138	10014	9864	10020	10089
1	25	G>T	1	9944	9973	10089	9860	10095	9993	9913	9769	10082	9916
1	26	G>C	1	10024	10180	9877	10184	10078	10165	10048	9989	10023	10072
1	27	C>G	1	10008	9898	10015	10055	10120	10049	9859	10136	10105	10001
1	28	A>G	1	10155	10027	10043	9992	9867	10131	10081	9743	9923	9912
1	29	A>C	1	10059	9848	10166	9960	10068	9923	10197	10184	9975	9960
1	30	G>A	1	9902	9983	10013	9976	10091	9941	9970	10103	9878	9972
1	31	A>C	1	9999	9958	9892	9937	9987	9984	9955	9823	9877	9937
1	32	A>G	1	10083	9965	9993	9977	10102	10008	9889	9973	10139	9987
1	33	G>A	1	9967	9858	10065	9991	9873	10245	9984	10132	9971	9862
1	34	T>A	1	10054	9935	9933	9970	10012	10007	10149	9991	10089	10104
1	35	T>C	1	10060	10175	9887	10062	9945	9863	10093	9920	9876	9690
1	36	G>C	1	9985	10206	10072	10059	10202	9985	9997	10087	9799	9846
1	37	C>A	1	10177	10158	10029	9951	9807	10102	9936	9973	10105	10212
1	38	C>G	1	10039	9981	10104	9867	10088	10017	9989	9939	10025	9943
1	39	T>C	1	9947	9964	9917	10071	10018	9959	9940	10052	9878	10061
1	40	T>A	1	10179	10150	10089	9971	9896	9903	9904	9832	10094	9937
1	41	A>C	1	10020	10063	9848	9978	10084	9759	10016	10081	9900	9997
1	42	A>C	1	10006	10020	10129	9951	9991	10011	10113	9995	9988	9862
1	43	A>T	1	10069	9942	10074	9905	10035	9861	10180	10081	10147	9933
1	44	A>T	1	9935	10074	10109	10136	10013	10035	10011	9996	10033	9936
1	45	G>T	1	10064	10127	9977	9925	9874	10036	9972	10185	9974	10062
1	46	C>T	1	9929	10027	10053	10098	10074	10021	10064	10129	10006	9999
1	47	G>T	1	10061	9965	9874	9896	10092	9969	9937	9990	9955	9895
1	48	T>A	1	9983	9890	10047	10127	10114	10026	10053	10110	9999	10066
1	49	T>C	1	9983	10165	10071	10155	10149	10118	9861	10029	9956	10005
1	50	T>A	1	9992	10075	10195	10073	10111	10057	9906	9699	10158	9936
1	51	T>C	1	10001	10155	9856	10073	10037	10002	9943	10000	10154	10079
1	52	G>T	1	10028	9901	9784	10016	10131	10104	10034	9887	9998	10003
1	53	T>A	1	10064	9938	9890	9959	10031	9885	9942	10046	10103	9706
1	54	C>G	1	10170	9979	9977	10187	10057	10061	9996	9998	10130	9984
1	55	T>C	1	9972	9939	10019	9976	9930	9997	9956	9849	9995	9952
1	56	G>A	1	9918	10177	9995	10001	10111	10083	9938	10132	10007	9972
1	57	T>A	1	9885	9860	10218	9943	10068	10091	10001	10170	10074	9868
1	58	G>T	1	9991	10159	9827	10064	9963	9854	9985	10049	9944	10045
1	59	A>T	1	9945	9882	9932	9976	9977	10180	9906	9871	9967	9863
1	60	A>C	1	9885	10083	10014	9974	9968	9980	9975	10083	10180	10077
1	61	G>A	1	10057	9955	9842	10173	10120	10049	9958	10209	9816	10057
1	62	T>C	1	10004	9851	10073	10025	9950	9845	10014	10042	9935	10008
1	63	C>G	1	9957	10044	10014	10225	9972	9984	9793	10079	9930	10327
1	64	C>T	1	9914	10085	10079	9977	10159	10041	10099	10134	9973	10019
1	65	G>T	1	9994	9941	9895	10013	9992	10218	10056	9953	10055	9903
1	66	C>G	1	10082	10129	10122	9891	10033	9817	10030	10088	9904	10134
1	67	A>C	1	9899	10036	10037	9969	9946	9910	9965	10011	10085	10035
1	68	A>C	1	9967	9631	9964	9864	9897	10132	10013	10054	9949	10138
1	69	A>C	1	9998	10171	10074	9974	10078	10106	10107	9833	10088	10120
1	70	C>G	1	9993	9931	10013	9957	10010	10134	10108	9867	9956	9966
1	71	G>A	1	9890	10118	10006	9755	9938	10088	10063	10075	10095	9915
1	72	T>C	1	9985	9980	10040	10019	10142	9947	10012	9911	10149	9905
1	73	G>C	1	9955	10111	9917	9939	9989	10077	10043	9914	10083	10005
1	74	T>C	1	9915	10114	9872	9983	10022	10208	9949	10025	10123	9916
1	75	T>A	1	9967	9886	9908	10151	10018	9990	10148	9908	9930	10035
1	76	A>G	1	10036	10008	9805	9758	10227	9929	10077	9979	10049	9806
1	77	T>A	1	9986	9988	10104	9973	9994	10024	10046	10019	9968	9877
1	78	T>A	1	9968	10039	9957	9926	10021	10021	9762	9888	9969	9923
1	79	C>A	1	9878	10062	10067	10009	10083	9943	10006	10112	10088	10027
1	80	G>A	1	10177	9748	10012	9887	10089	10137	10114	10151	10119	10054
1	81	T>C	1	10122	9824	9791	10056	10170	9773	10056	10024	10054	9992
1	82	T>A	1	10165	10032	10066	10126	9990	9862	10182	9946	10277	10100
1	83	G>A	1	9918	10011	9942	9877	10124	10123	10027	9906	9950	9861
1	84	T>A	1	10147	10137	10039	10088	9918	10082	9922	9952	10041	10065
1	85	A>C	1	10074	9934	9885	9987	9962	9849	10009	10054	9894	9858
1	86	A>G	1	9997	10097	9980	9935	10202	9924	9960	9976	10151	10032
1	87	G>T	1	9961	9946	9958	10087	9962	10053	10031	9944	10142	9879
1	88	T>G	1	10179	9989	9909	10042	9993	9919	9781	9973	9940	9892
1	89	C>A	1	10083	9955	10093	10036	9866	9965	10175	9959	9969	10142
1	90	A>T	1	9941	10018	10059	9838	9896	10078	10218	9882	10045	10119
1	91	G>T	1	9970	9836	9991	9964	9950	9985	10009	9946	10073	10072
1	92	C>T	1	10093	9980	10245	10073	10051	9964	9859	9997	10041	9952
1	93	C>T	1	9914	10139	10083	9870	10077	10106	9884	9948	10099	9924
1	94	T>G	1	9918	9983	9958	9967	9867	10058	9968	10115	9927	9819
1	95	G>T	1	9986	9977	9920	10140	10072	10029	9943	10027	10016	9774
1	96	G>C	1	10109	10113	10116	10106	9815	9969	10030	10069	10074	9995
1	97	C>A	1	10009	9952	9988	9979	10030	10028	10187	10003	10088	9911
1	98	A>T	1	10029	10040	9955	9848	10067	10041	9902	10013	9987	10003
1	99	T>C	1	9976	10179	10016	9928	9844	9949	9968	10016	9764	10031
