Chromosome	Position	Change	Gene	sample0	sample1	sample2	sample3	sample4	sample5	sample6	sample7	sample8	sample9
1	0	G>C	1	9920	10066	9978	9981	10252	9998	9988	10078	9985	9962
1	1	A>G	1	10008	9709	9845	10060	10046	9870	9930	9949	9927	10136
1	2	A>T	1	10032	9965	10083	10111	9980	10153	9908	9930	10003	9948
1	3	T>A	1	9995	10185	9949	10035	10068	9960	9821	9973	9965	10044
1	4	C>A	1	10099	9955	9976	9900	10015	9870	10071	10024	9980	10128
1	5	C>T	1	9897	10092	9907	10019	10062	9999	9924	10116	10159	10144
1	6	A>G	1	9880	9915	10144	10081	9910	9934	10036	9949	10058	9897
1	7	G>T	1	10152	10050	9995	9987	9913	10131	9989	9908	10096	9851
1	8	T>A	1	10004	9959	10110	9880	10209	10028	10061	10030	9986	9986
1	9	G>T	1	10054	10196	9882	10056	9896	10199	9982	10023	10077	9908
1	10	A>C	1	10237	9924	9758	10075	9894	9969	9978	10086	9911	9884
1	11	T>C	1	9994	10016	10014	10028	10217	9972	10016	10166	9949	10037
1	12	G>C	1	9913	10241	9981	10031	10065	9999	10118	9890	9963	9980
1	13	A>T	1	10029	10159	9893	9989	10085	9930	9853	9903	10121	10269
1	14	T>A	1	9992	9984	9928	10125	10027	10000	10260	10051	10077	10025
1	15	A>C	1	9969	9976	9935	9970	10031	9993	9941	9788	10026	10065
1	16	G>T	1	9866	9909	10165	9761	10028	9996	9948	9905	10070	10027
1	17	G>A	1	10084	10047	9968	9911	9942	9980	10085	9882	10000	9987
1	18	T>A	1	10091	9846	9983	10046	9915	9993	10029	9938	9980	10056
1	19	T>C	1	10037	9928	9868	9987	10049	10054	10087	10050	9970	10056
1	20	A>C	1	9889	10028	9987	9957	9824	10106	10028	9891	9965	9897
1	21	C>T	1	10013	9975	9982	9989	10163	9831	9966	10068	9929	9992
1	22	G>C	1	10034	9803	9829	10098	9769	9936	10058	10167	10077	9905
1	23	G>T	1	10113	9862	10015	10071	9978	10019	9834	9983	9927	9954
1	24	A>T	1	9965	10046	10052	10268	9970	10209	10080	9975	10069	10181
1	25	A>G	1	9929	9871	9956	9869	9863	10070	9937	9787	10004	9896
1	26	A>T	1	10096	10239	9971	10096	10011	9967	9942	9974	10045	9989
1	27	C>T	1	10018	9986	10054	9861	10155	10069	9984	10211	9844	10051
1	28	C>G	1	9905	10152	9944	10007	10124	9905	10060	9864	10130	10137
1	29	C>A	1	10021	10028	10115	10037	9963	9849	10044	10052	9942	9858
1	30	T>G	1	10188	9971	9913	9908	10003	10115	9987	10040	9980	9934
1	31	A>C	1	10095	10062	9982	10095	9955	9977	10224	10016	9945	10026
1	32	C>T	1	9921	9961	9990	9997	9900	9792	9829	9917	10089	10154
1	33	T>C	1	9931	10005	9949	10092	10139	10047	9960	10080	10007	10073
1	34	A>T	1	9863	10010	10029	10083	10079	10000	9930	9949	10133	9864
1	35	A>C	1	9965	9995	9868	9868	10169	9863	10173	9920	9958	9962
1	36	C>A	1	9811	10021	10162	10180	9936	10004	10173	9930	9833	10153
1	37	T>G	1	9977	10166	9992	9706	10104	10031	10075	9656	10041	10032
1	38	A>T	1	9961	10064	9914	10072	9997	9943	10059	10028	9727	9847
1	39	C>T	1	10113	10095	10107	10023	10145	10129	10010	10213	9997	10159
1	40	C>T	1	10100	10101	10043	9963	10042	10042	10030	10071	10087	9837
1	41	C>A	1	10032	9756	9952	9776	10008	9914	9812	9883	10033	10027
1	42	C>A	1	10000	9785	9815	10047	9996	9808	10006	10040	10196	9995
1	43	A>T	1	9872	9942	10094	10075	10029	10167	9838	10114	9710	10011
1	44	T>A	1	9882	9983	9939	9926	10037	10145	9985	10066	9812	9965
1	45	G>C	1	9861	9994	10217	10001	9895	10053	9971	10099	9905	10134
1	46	C>G	1	9974	10010	10154	10020	10066	10030	10014	9905	10094	9967
1	47	G>C	1	10119	9913	9905	10131	9896	10004	10189	10052	9932	9866
1	48	A>G	1	9997	9967	9889	9791	9959	10043	9936	9920	10029	9956
1	49	G>A	1	9992	10108	9945	9942	9956	9949	9935	9914	9962	9930
1	50	A>C	1	9971	9888	9932	9915	9850	9874	10062	9942	10039	10104
1	51	G>C	1	10023	10093	10091	10089	10125	9992	9838	9944	10103	10011
1	52	G>C	1	9879	9966	9877	10107	10034	9958	10092	10092	10076	10077
1	53	G>A	1	10066	9946	10120	10165	10064	9848	9953	9798	10167	10022
1	54	C>A	1	9944	9903	10108	9974	10028	9956	9935	9965	9979	9956
1	55	T>C	1	9982	10125	9982	10068	10123	10027	9948	9835	10210	9937
1	56	T>C	1	10112	9900	10072	10114	9896	10005	9803	9950	10186	10121
1	57	A>C	1	9919	10043	10086	9990	9791	9973	9930	10000	10035	9810
1	58	T>C	1	9997	10241	9943	9944	10012	10085	10033	10184	9914	9986
1	59	T>C	1	9905	9878	10042	10056	10042	10088	10019	10012	9950	10021
1	60	C>A	1	9916	9914	9919	10146	10036	10040	9966	9967	10017	9929
1	61	A>T	1	9924	10008	9794	9953	10018	10036	10064	10037	9975	10000
1	62	C>T	1	9828	9972	9963	10179	9850	10005	9861	9900	9786	9901
1	63	T>A	1	10004	9999	10046	9898	10115	10052	9866	9910	9984	9920
1	64	C>G	1	10001	9918	9895	9922	10052	10011	9834	10029	10040	10176
1	65	C>T	1	10048	9945	10124	9894	9942	9894	9992	9848	9921	9955
1	66	T>G	1	10110	10049	10125	10177	10017	10068	10096	10102	10102	10058
1	67	A>C	1	9941	9900	10027	9981	10038	10028	9968	10055	9917	9990
1	68	T>C	1	9875	10057	9884	10076	10067	10096	10034	9798	10030	9896
1	69	G>T	1	10103	10036	9910	10040	10005	9958	10081	9818	10013	10012
1	70	T>A	1	9774	9853	9962	10147	10075	9950	10024	10047	10042	10157
1	71	T>A	1	9989	9995	10080	9928	9982	9851	10079	9946	10186	9846
1	72	T>C	1	10106	9912	10158	10011	10072	10041	10118	10044	9931	10098
1	73	G>T	1	9931	9949	9962	9909	10041	10119	10004	10026	10034	10043
1	74	T>C	1	9912	10073	9866	9889	9865	9970	9915	10015	10066	9875
1	75	G>C	1	10235	10025	10044	9946	10070	9961	10074	10003	9866	9952
1	76	A>C	1	9992	9967	9863	9937	9925	10055	9969	9966	9814	10047
1	77	A>T	1	9954	10069	9869	9915	10015	10003	10030	9863	9952	10108
1	78	G>T	1	9942	10245	9862	10162	10065	10032	9921	9939	10032	10133
1	79	C>T	1	10069	10032	10075	10070	10095	10060	10002	9711	10009	9920
1	80	G>A	1	9971	9962	10041	9971	10007	10105	9892	10144	9906	10052
1	81	G>T	1	9998	9968	10090	10088	10020	10066	9855	9934	10155	9895
1	82	T>G	1	10137	10057	9992	10026	9948	9971	9922	10149	9964	9863
1	83	G>C	1	9924	9739	9825	9919	9915	10053	10208	9920	10127	9882
1	84	G>T	1	10005	10009	9906	10034	9839	9983	10137	10118	9896	9925
1	85	C>T	1	9998	10059	9930	9849	9958	10060	10006	9942	9970	10048
1	86	A>T	1	9914	10119	9950	10111	9974	9840	9978	10062	9942	10042
1	87	G>T	1	10183	10081	10123	10166	10087	10070	9783	10072	10128	9918
1	88	C>T	1	9924	10169	9886	9960	9987	9991	9875	10138	10194	9935
1	89	A>T	1	10030	9940	10036	9921	10057	9855	10106	9952	10036	10134
1	90	A>C	1	9830	9986	10286	9946	10046	9883	9995	9997	10041	9941
1	91	T>G	1	9917	10085	10041	9901	9988	10065	9959	9948	9936	9956
1	92	A>C	1	10144	10002	9942	9919	10265	9949	10062	9811	9886	9973
1	93	A>G	1	9997	9978	10069	10089	9895	9965	10086	9999	9928	10057
1	94	T>G	1	9968	9976	10087	10159	9779	10098	9960	9905	10214	9978
1	95	T>C	1	10043	9811	9852	10109	10057	9909	9928	10004	9904	10057
1	96	C>G	1	10110	10007	9979	9949	9950	10063	9946	10051	9999	10008
1	97	A>G	1	10142	10038	10124	9912	9831	9832	10033	9892	9825	10136
1	98	G>T	1	10052	9894	9963	10179	9830	9989	9989	10077	9937	9906
1	99	T>A	1	9945	10163	10008	9960	10074	10051	9812	9992	9945	9979
