Num_mutations: 100
Num_samples: 20
Error_rate: 0.030000

0.000000000000000000e+00 0.000000000000000000e+00 0.000000000000000000e+00 0.000000000000000000e+00 0.000000000000000000e+00 0.000000000000000000e+00 5.997007481296757758e-01 0.000000000000000000e+00 0.000000000000000000e+00 0.000000000000000000e+00 0.000000000000000000e+00 2.784073814060776253e-01 0.000000000000000000e+00 0.000000000000000000e+00 0.000000000000000000e+00 0.000000000000000000e+00 3.321235899950956139e-01 0.000000000000000000e+00 0.000000000000000000e+00 4.845463609172482311e-01
0.000000000000000000e+00 6.088270858524787998e-01 0.000000000000000000e+00 0.000000000000000000e+00 0.000000000000000000e+00 0.000000000000000000e+00 0.000000000000000000e+00 3.457013574660633415e-01 0.000000000000000000e+00 0.000000000000000000e+00 3.075382921213334897e-01 0.000000000000000000e+00 0.000000000000000000e+00 0.000000000000000000e+00 0.000000000000000000e+00 0.000000000000000000e+00 0.000000000000000000e+00 0.000000000000000000e+00 3.010606208037365228e-01 0.000000000000000000e+00
2.478856222311719704e-01 0.000000000000000000e+00 4.860094273392839281e-01 4.866568193008370402e-01 0.000000000000000000e+00 0.000000000000000000e+00 0.000000000000000000e+00 0.000000000000000000e+00 0.000000000000000000e+00 0.000000000000000000e+00 2.175417175417175553e-01 0.000000000000000000e+00 0.000000000000000000e+00 5.238476953907815759e-01 5.335072231139647014e-01 5.173364854215918296e-01 0.000000000000000000e+00 0.000000000000000000e+00 0.000000000000000000e+00 0.000000000000000000e+00
0.000000000000000000e+00 0.000000000000000000e+00 0.000000000000000000e+00 0.000000000000000000e+00 0.000000000000000000e+00 0.000000000000000000e+00 0.000000000000000000e+00 0.000000000000000000e+00 0.000000000000000000e+00 0.000000000000000000e+00 0.000000000000000000e+00 0.000000000000000000e+00 0.000000000000000000e+00 4.788621098380086982e-01 0.000000000000000000e+00 4.596223382884692676e-01 2.370894391106619370e-01 0.000000000000000000e+00 1.910435905073974705e-01 0.000000000000000000e+00
0.000000000000000000e+00 0.000000000000000000e+00 0.000000000000000000e+00 0.000000000000000000e+00 0.000000000000000000e+00 0.000000000000000000e+00 0.000000000000000000e+00 0.000000000000000000e+00 0.000000000000000000e+00 0.000000000000000000e+00 0.000000000000000000e+00 0.000000000000000000e+00 0.000000000000000000e+00 4.672476255752472385e-01 0.000000000000000000e+00 4.718162839248434270e-01 2.301255230125522910e-01 0.000000000000000000e+00 1.987263721823511464e-01 0.000000000000000000e+00
0.000000000000000000e+00 6.131547381047580680e-01 0.000000000000000000e+00 0.000000000000000000e+00 0.000000000000000000e+00 0.000000000000000000e+00 0.000000000000000000e+00 6.073941916939240571e-01 0.000000000000000000e+00 0.000000000000000000e+00 5.378642734697993699e-01 0.000000000000000000e+00 0.000000000000000000e+00 0.000000000000000000e+00 0.000000000000000000e+00 0.000000000000000000e+00 0.000000000000000000e+00 0.000000000000000000e+00 3.049870852374329533e-01 0.000000000000000000e+00
2.391457640777676918e-01 0.000000000000000000e+00 4.820634450044470887e-01 4.735996787793615992e-01 0.000000000000000000e+00 0.000000000000000000e+00 0.000000000000000000e+00 0.000000000000000000e+00 0.000000000000000000e+00 0.000000000000000000e+00 2.194831013916500873e-01 0.000000000000000000e+00 0.000000000000000000e+00 5.163287725956257068e-01 5.525667351129363025e-01 5.167033406681336150e-01 0.000000000000000000e+00 0.000000000000000000e+00 0.000000000000000000e+00 0.000000000000000000e+00
0.000000000000000000e+00 0.000000000000000000e+00 0.000000000000000000e+00 0.000000000000000000e+00 0.000000000000000000e+00 0.000000000000000000e+00 6.226833199033038335e-01 0.000000000000000000e+00 0.000000000000000000e+00 0.000000000000000000e+00 0.000000000000000000e+00 2.868033377974657516e-01 0.000000000000000000e+00 0.000000000000000000e+00 0.000000000000000000e+00 0.000000000000000000e+00 3.252243270189431601e-01 0.000000000000000000e+00 0.000000000000000000e+00 4.692759685290309735e-01
2.432190760059612655e-01 0.000000000000000000e+00 4.857624764361543890e-01 4.745388933440256585e-01 0.000000000000000000e+00 0.000000000000000000e+00 0.000000000000000000e+00 0.000000000000000000e+00 0.000000000000000000e+00 0.000000000000000000e+00 2.188390138493271908e-01 0.000000000000000000e+00 0.000000000000000000e+00 5.305007587253414147e-01 5.378817929393098218e-01 5.023818975784041241e-01 0.000000000000000000e+00 0.000000000000000000e+00 0.000000000000000000e+00 0.000000000000000000e+00
0.000000000000000000e+00 0.000000000000000000e+00 0.000000000000000000e+00 0.000000000000000000e+00 0.000000000000000000e+00 0.000000000000000000e+00 6.039404905508645172e-01 0.000000000000000000e+00 0.000000000000000000e+00 0.000000000000000000e+00 0.000000000000000000e+00 2.885925925925925672e-01 0.000000000000000000e+00 0.000000000000000000e+00 0.000000000000000000e+00 0.000000000000000000e+00 3.354645354645354738e-01 0.000000000000000000e+00 0.000000000000000000e+00 4.697692919649960053e-01
0.000000000000000000e+00 0.000000000000000000e+00 0.000000000000000000e+00 0.000000000000000000e+00 0.000000000000000000e+00 0.000000000000000000e+00 6.053946053946054340e-01 0.000000000000000000e+00 0.000000000000000000e+00 0.000000000000000000e+00 0.000000000000000000e+00 2.908545727136431780e-01 0.000000000000000000e+00 0.000000000000000000e+00 0.000000000000000000e+00 0.000000000000000000e+00 3.352772561035879950e-01 0.000000000000000000e+00 0.000000000000000000e+00 4.770715209390231637e-01
0.000000000000000000e+00 0.000000000000000000e+00 0.000000000000000000e+00 0.000000000000000000e+00 0.000000000000000000e+00 0.000000000000000000e+00 6.039404905508645172e-01 0.000000000000000000e+00 0.000000000000000000e+00 0.000000000000000000e+00 0.000000000000000000e+00 2.759717665771945772e-01 0.000000000000000000e+00 0.000000000000000000e+00 0.000000000000000000e+00 0.000000000000000000e+00 3.384364155950194131e-01 0.000000000000000000e+00 0.000000000000000000e+00 4.903681290973272988e-01
0.000000000000000000e+00 0.000000000000000000e+00 0.000000000000000000e+00 0.000000000000000000e+00 0.000000000000000000e+00 0.000000000000000000e+00 0.000000000000000000e+00 0.000000000000000000e+00 0.000000000000000000e+00 0.000000000000000000e+00 0.000000000000000000e+00 0.000000000000000000e+00 0.000000000000000000e+00 4.814302647175029426e-01 0.000000000000000000e+00 4.773679370593644777e-01 2.378097521982414086e-01 0.000000000000000000e+00 1.964160576634297606e-01 0.000000000000000000e+00
0.000000000000000000e+00 0.000000000000000000e+00 0.000000000000000000e+00 0.000000000000000000e+00 0.000000000000000000e+00 0.000000000000000000e+00 5.952878019683864874e-01 0.000000000000000000e+00 0.000000000000000000e+00 0.000000000000000000e+00 0.000000000000000000e+00 2.860312657589511032e-01 0.000000000000000000e+00 0.000000000000000000e+00 0.000000000000000000e+00 0.000000000000000000e+00 3.282626100880704501e-01 0.000000000000000000e+00 0.000000000000000000e+00 4.766440368831695307e-01
0.000000000000000000e+00 0.000000000000000000e+00 0.000000000000000000e+00 0.000000000000000000e+00 0.000000000000000000e+00 0.000000000000000000e+00 0.000000000000000000e+00 0.000000000000000000e+00 0.000000000000000000e+00 0.000000000000000000e+00 0.000000000000000000e+00 0.000000000000000000e+00 0.000000000000000000e+00 4.744562468386444021e-01 0.000000000000000000e+00 4.552238805970149071e-01 2.226745369428048127e-01 0.000000000000000000e+00 1.934693877551020291e-01 0.000000000000000000e+00
0.000000000000000000e+00 0.000000000000000000e+00 0.000000000000000000e+00 0.000000000000000000e+00 0.000000000000000000e+00 0.000000000000000000e+00 6.052420968387355327e-01 0.000000000000000000e+00 0.000000000000000000e+00 0.000000000000000000e+00 0.000000000000000000e+00 2.896789223133799385e-01 0.000000000000000000e+00 0.000000000000000000e+00 0.000000000000000000e+00 0.000000000000000000e+00 3.188690359316709300e-01 0.000000000000000000e+00 0.000000000000000000e+00 4.595854408410195435e-01
0.000000000000000000e+00 0.000000000000000000e+00 0.000000000000000000e+00 0.000000000000000000e+00 0.000000000000000000e+00 0.000000000000000000e+00 6.163659922256553569e-01 0.000000000000000000e+00 0.000000000000000000e+00 0.000000000000000000e+00 0.000000000000000000e+00 3.046040147807849707e-01 0.000000000000000000e+00 0.000000000000000000e+00 0.000000000000000000e+00 0.000000000000000000e+00 3.230101886411782530e-01 0.000000000000000000e+00 0.000000000000000000e+00 4.621417797888386358e-01
4.087215064420218202e-01 9.920960480240119672e-01 5.172798216276477401e-01 5.216872264226024569e-01 4.473737170456832390e-01 5.506493506493506107e-01 0.000000000000000000e+00 8.135964912280702066e-01 4.292219362502474600e-01 9.880952380952381375e-01 7.936507936507936067e-01 2.077232976319151048e-01 7.112725804823897269e-01 4.724789071916432048e-01 0.000000000000000000e+00 4.739791833466773241e-01 4.510457714458926959e-01 9.816011934361014157e-01 6.773618538324420735e-01 0.000000000000000000e+00
4.050175614651279621e-01 9.734339770610724862e-01 5.201730556394003058e-01 5.243697478991596883e-01 4.619238476953907990e-01 5.722654277345722296e-01 0.000000000000000000e+00 8.156932503211780094e-01 4.454554645637447963e-01 9.921914613122401194e-01 7.861559944145222190e-01 2.100603621730382231e-01 7.166533546325878357e-01 4.640127072371686423e-01 0.000000000000000000e+00 4.609546634711403912e-01 4.469485440765855744e-01 1.013408044826896059e+00 6.846161545390851977e-01 0.000000000000000000e+00
0.000000000000000000e+00 0.000000000000000000e+00 0.000000000000000000e+00 0.000000000000000000e+00 0.000000000000000000e+00 0.000000000000000000e+00 6.087742194558779518e-01 0.000000000000000000e+00 0.000000000000000000e+00 0.000000000000000000e+00 0.000000000000000000e+00 2.968379446640316277e-01 0.000000000000000000e+00 0.000000000000000000e+00 0.000000000000000000e+00 0.000000000000000000e+00 3.416255413435391186e-01 0.000000000000000000e+00 0.000000000000000000e+00 4.645960251672825447e-01
4.058460926625571674e-01 9.951122194513715158e-01 5.024085272112329692e-01 5.129648241206030690e-01 4.587763289869608574e-01 5.622458089475250720e-01 0.000000000000000000e+00 8.031904287138583731e-01 4.312148028962188295e-01 1.002597402597402487e+00 7.766742059199528425e-01 2.095352564102564152e-01 7.062739560217873303e-01 4.700359568517778475e-01 0.000000000000000000e+00 4.683506686478454695e-01 4.497522299306243587e-01 1.007977662544874420e+00 6.882058332514976451e-01 0.000000000000000000e+00
0.000000000000000000e+00 6.193639291465378172e-01 0.000000000000000000e+00 0.000000000000000000e+00 0.000000000000000000e+00 0.000000000000000000e+00 0.000000000000000000e+00 3.462537462537462751e-01 0.000000000000000000e+00 0.000000000000000000e+00 3.130831844351796844e-01 0.000000000000000000e+00 0.000000000000000000e+00 0.000000000000000000e+00 0.000000000000000000e+00 0.000000000000000000e+00 0.000000000000000000e+00 0.000000000000000000e+00 3.030485359005214430e-01 0.000000000000000000e+00
0.000000000000000000e+00 0.000000000000000000e+00 0.000000000000000000e+00 0.000000000000000000e+00 0.000000000000000000e+00 0.000000000000000000e+00 5.842967728963506246e-01 0.000000000000000000e+00 0.000000000000000000e+00 0.000000000000000000e+00 0.000000000000000000e+00 2.912368552829243673e-01 0.000000000000000000e+00 0.000000000000000000e+00 0.000000000000000000e+00 0.000000000000000000e+00 3.480314960629921073e-01 0.000000000000000000e+00 0.000000000000000000e+00 4.576543954938644410e-01
6.652386780905752417e-01 1.000992260369120812e+00 9.906972091627488375e-01 1.000495687518588195e+00 6.584219133278822467e-01 9.888395061728395552e-01 9.926834091358512913e-01 1.011080614008335932e+00 6.459577051502579659e-01 1.003528581510232831e+00 1.005689190537977895e+00 6.678013616339607550e-01 1.017621588963850465e+00 9.883940085308997592e-01 1.010038144950813122e+00 1.009473896391856584e+00 9.994999499949994703e-01 1.004535594557286471e+00 6.778013969025205032e-01 4.772048576547879839e-01
0.000000000000000000e+00 0.000000000000000000e+00 0.000000000000000000e+00 0.000000000000000000e+00 0.000000000000000000e+00 0.000000000000000000e+00 0.000000000000000000e+00 0.000000000000000000e+00 0.000000000000000000e+00 0.000000000000000000e+00 0.000000000000000000e+00 0.000000000000000000e+00 0.000000000000000000e+00 4.627766599597585295e-01 0.000000000000000000e+00 4.780429115700822185e-01 2.342868654311039411e-01 0.000000000000000000e+00 1.977209116353458584e-01 0.000000000000000000e+00
2.335506816834617694e-01 1.004633737552992123e+00 0.000000000000000000e+00 0.000000000000000000e+00 0.000000000000000000e+00 0.000000000000000000e+00 0.000000000000000000e+00 7.985384159589176134e-01 2.324329711950563204e-01 3.313941825476429126e-01 5.390514631685165980e-01 2.022135806162129734e-01 3.257193711064965691e-01 0.000000000000000000e+00 0.000000000000000000e+00 0.000000000000000000e+00 0.000000000000000000e+00 4.494155582426441198e-01 5.066349772232124904e-01 0.000000000000000000e+00
0.000000000000000000e+00 5.889533720232139613e-01 0.000000000000000000e+00 0.000000000000000000e+00 0.000000000000000000e+00 0.000000000000000000e+00 0.000000000000000000e+00 3.373926931523258399e-01 0.000000000000000000e+00 0.000000000000000000e+00 3.052451424544447844e-01 0.000000000000000000e+00 0.000000000000000000e+00 0.000000000000000000e+00 0.000000000000000000e+00 0.000000000000000000e+00 0.000000000000000000e+00 0.000000000000000000e+00 2.984088862203542747e-01 0.000000000000000000e+00
0.000000000000000000e+00 0.000000000000000000e+00 0.000000000000000000e+00 0.000000000000000000e+00 0.000000000000000000e+00 0.000000000000000000e+00 0.000000000000000000e+00 0.000000000000000000e+00 0.000000000000000000e+00 0.000000000000000000e+00 0.000000000000000000e+00 0.000000000000000000e+00 0.000000000000000000e+00 4.630551682931686730e-01 0.000000000000000000e+00 4.754873006497342125e-01 2.411675893306492180e-01 0.000000000000000000e+00 1.860418342719227791e-01 0.000000000000000000e+00
0.000000000000000000e+00 0.000000000000000000e+00 0.000000000000000000e+00 0.000000000000000000e+00 0.000000000000000000e+00 0.000000000000000000e+00 6.188023831162273725e-01 0.000000000000000000e+00 0.000000000000000000e+00 0.000000000000000000e+00 0.000000000000000000e+00 2.864919354838709742e-01 0.000000000000000000e+00 0.000000000000000000e+00 0.000000000000000000e+00 0.000000000000000000e+00 3.420971867007672751e-01 0.000000000000000000e+00 0.000000000000000000e+00 4.702600378599183228e-01
0.000000000000000000e+00 0.000000000000000000e+00 0.000000000000000000e+00 0.000000000000000000e+00 0.000000000000000000e+00 0.000000000000000000e+00 5.929477574667865181e-01 0.000000000000000000e+00 0.000000000000000000e+00 0.000000000000000000e+00 0.000000000000000000e+00 2.882755842062852403e-01 0.000000000000000000e+00 0.000000000000000000e+00 0.000000000000000000e+00 0.000000000000000000e+00 3.235709957584326224e-01 0.000000000000000000e+00 0.000000000000000000e+00 4.725670804965959038e-01
0.000000000000000000e+00 0.000000000000000000e+00 0.000000000000000000e+00 0.000000000000000000e+00 0.000000000000000000e+00 0.000000000000000000e+00 0.000000000000000000e+00 0.000000000000000000e+00 0.000000000000000000e+00 0.000000000000000000e+00 0.000000000000000000e+00 0.000000000000000000e+00 0.000000000000000000e+00 4.613514334920474358e-01 0.000000000000000000e+00 4.758008182816086395e-01 2.492012779552715551e-01 0.000000000000000000e+00 2.053100932306445026e-01 0.000000000000000000e+00
0.000000000000000000e+00 0.000000000000000000e+00 0.000000000000000000e+00 0.000000000000000000e+00 0.000000000000000000e+00 0.000000000000000000e+00 5.860035384312954898e-01 0.000000000000000000e+00 0.000000000000000000e+00 0.000000000000000000e+00 0.000000000000000000e+00 2.824972353473408915e-01 0.000000000000000000e+00 0.000000000000000000e+00 0.000000000000000000e+00 0.000000000000000000e+00 3.223383740992590840e-01 0.000000000000000000e+00 0.000000000000000000e+00 4.608765259155493399e-01
0.000000000000000000e+00 0.000000000000000000e+00 0.000000000000000000e+00 0.000000000000000000e+00 0.000000000000000000e+00 0.000000000000000000e+00 0.000000000000000000e+00 0.000000000000000000e+00 0.000000000000000000e+00 0.000000000000000000e+00 0.000000000000000000e+00 0.000000000000000000e+00 0.000000000000000000e+00 4.583501819652244236e-01 0.000000000000000000e+00 4.607911172796668731e-01 2.441295546558704399e-01 0.000000000000000000e+00 2.041266025641025605e-01 0.000000000000000000e+00
0.000000000000000000e+00 0.000000000000000000e+00 0.000000000000000000e+00 0.000000000000000000e+00 0.000000000000000000e+00 0.000000000000000000e+00 6.053562405255179524e-01 0.000000000000000000e+00 0.000000000000000000e+00 0.000000000000000000e+00 0.000000000000000000e+00 2.854030501089324656e-01 0.000000000000000000e+00 0.000000000000000000e+00 0.000000000000000000e+00 0.000000000000000000e+00 3.180226158310817675e-01 0.000000000000000000e+00 0.000000000000000000e+00 4.704136156738570884e-01
0.000000000000000000e+00 6.035937655117641354e-01 0.000000000000000000e+00 0.000000000000000000e+00 0.000000000000000000e+00 0.000000000000000000e+00 0.000000000000000000e+00 5.645418326693226740e-01 0.000000000000000000e+00 0.000000000000000000e+00 5.418659070098688080e-01 0.000000000000000000e+00 0.000000000000000000e+00 0.000000000000000000e+00 0.000000000000000000e+00 0.000000000000000000e+00 0.000000000000000000e+00 0.000000000000000000e+00 3.132895401718039374e-01 0.000000000000000000e+00
2.428599960055921603e-01 0.000000000000000000e+00 4.888978197528383585e-01 4.830407023144453471e-01 0.000000000000000000e+00 0.000000000000000000e+00 0.000000000000000000e+00 0.000000000000000000e+00 0.000000000000000000e+00 0.000000000000000000e+00 2.186714903024821743e-01 0.000000000000000000e+00 0.000000000000000000e+00 5.247140726006961353e-01 5.456006428284451149e-01 5.356427713255906831e-01 0.000000000000000000e+00 0.000000000000000000e+00 0.000000000000000000e+00 0.000000000000000000e+00
2.288778710917737658e-01 0.000000000000000000e+00 4.733266733266733306e-01 4.883365590302536363e-01 0.000000000000000000e+00 0.000000000000000000e+00 0.000000000000000000e+00 0.000000000000000000e+00 0.000000000000000000e+00 0.000000000000000000e+00 2.277728218852215214e-01 0.000000000000000000e+00 0.000000000000000000e+00 5.292610837438423976e-01 5.580232092837135172e-01 5.431167826759474293e-01 0.000000000000000000e+00 0.000000000000000000e+00 0.000000000000000000e+00 0.000000000000000000e+00
0.000000000000000000e+00 0.000000000000000000e+00 0.000000000000000000e+00 0.000000000000000000e+00 0.000000000000000000e+00 0.000000000000000000e+00 0.000000000000000000e+00 0.000000000000000000e+00 0.000000000000000000e+00 0.000000000000000000e+00 0.000000000000000000e+00 0.000000000000000000e+00 0.000000000000000000e+00 4.572743646187712452e-01 0.000000000000000000e+00 4.708462075151998438e-01 2.272137366476989218e-01 0.000000000000000000e+00 1.879542060726729635e-01 0.000000000000000000e+00
2.382987180761204360e-01 0.000000000000000000e+00 4.927564604541895266e-01 4.891534658460296447e-01 0.000000000000000000e+00 0.000000000000000000e+00 0.000000000000000000e+00 0.000000000000000000e+00 0.000000000000000000e+00 0.000000000000000000e+00 2.207554833468724498e-01 0.000000000000000000e+00 0.000000000000000000e+00 5.095351609058402786e-01 5.412026726057906911e-01 5.183261759712374239e-01 0.000000000000000000e+00 0.000000000000000000e+00 0.000000000000000000e+00 0.000000000000000000e+00
0.000000000000000000e+00 0.000000000000000000e+00 0.000000000000000000e+00 0.000000000000000000e+00 0.000000000000000000e+00 0.000000000000000000e+00 6.087562189054726014e-01 0.000000000000000000e+00 0.000000000000000000e+00 0.000000000000000000e+00 0.000000000000000000e+00 2.910191725529767681e-01 0.000000000000000000e+00 0.000000000000000000e+00 0.000000000000000000e+00 0.000000000000000000e+00 3.338088445078459254e-01 0.000000000000000000e+00 0.000000000000000000e+00 4.900335504243141793e-01
2.569809793605827841e-01 0.000000000000000000e+00 4.845037269517457612e-01 4.786858812859014489e-01 0.000000000000000000e+00 0.000000000000000000e+00 0.000000000000000000e+00 0.000000000000000000e+00 0.000000000000000000e+00 0.000000000000000000e+00 2.168770499950303243e-01 0.000000000000000000e+00 0.000000000000000000e+00 5.217391304347825942e-01 5.409173570418266408e-01 5.269461077844311836e-01 0.000000000000000000e+00 0.000000000000000000e+00 0.000000000000000000e+00 0.000000000000000000e+00
0.000000000000000000e+00 0.000000000000000000e+00 0.000000000000000000e+00 0.000000000000000000e+00 0.000000000000000000e+00 0.000000000000000000e+00 6.102926337033299786e-01 0.000000000000000000e+00 0.000000000000000000e+00 0.000000000000000000e+00 0.000000000000000000e+00 2.858880778588807625e-01 0.000000000000000000e+00 0.000000000000000000e+00 0.000000000000000000e+00 0.000000000000000000e+00 3.437561844448842052e-01 0.000000000000000000e+00 0.000000000000000000e+00 4.890020366598777923e-01
0.000000000000000000e+00 0.000000000000000000e+00 0.000000000000000000e+00 0.000000000000000000e+00 0.000000000000000000e+00 0.000000000000000000e+00 5.962933118452861114e-01 0.000000000000000000e+00 0.000000000000000000e+00 0.000000000000000000e+00 0.000000000000000000e+00 2.858877086494688857e-01 0.000000000000000000e+00 0.000000000000000000e+00 0.000000000000000000e+00 0.000000000000000000e+00 3.388463089955627283e-01 0.000000000000000000e+00 0.000000000000000000e+00 4.713062309282409768e-01
2.399434000404285505e-01 0.000000000000000000e+00 4.864114263043047282e-01 4.835364011680596263e-01 0.000000000000000000e+00 0.000000000000000000e+00 0.000000000000000000e+00 0.000000000000000000e+00 0.000000000000000000e+00 0.000000000000000000e+00 2.188793538616860268e-01 0.000000000000000000e+00 0.000000000000000000e+00 5.270460486627790431e-01 5.339777098333169381e-01 5.214264891652901079e-01 0.000000000000000000e+00 0.000000000000000000e+00 0.000000000000000000e+00 0.000000000000000000e+00
0.000000000000000000e+00 0.000000000000000000e+00 0.000000000000000000e+00 0.000000000000000000e+00 0.000000000000000000e+00 0.000000000000000000e+00 0.000000000000000000e+00 0.000000000000000000e+00 0.000000000000000000e+00 0.000000000000000000e+00 0.000000000000000000e+00 0.000000000000000000e+00 0.000000000000000000e+00 4.670111287758346719e-01 0.000000000000000000e+00 4.761904761904761640e-01 2.367971029071521960e-01 0.000000000000000000e+00 1.950731023432805966e-01 0.000000000000000000e+00
0.000000000000000000e+00 0.000000000000000000e+00 0.000000000000000000e+00 0.000000000000000000e+00 0.000000000000000000e+00 0.000000000000000000e+00 6.089153947235419473e-01 0.000000000000000000e+00 0.000000000000000000e+00 0.000000000000000000e+00 0.000000000000000000e+00 2.852025077122101737e-01 0.000000000000000000e+00 0.000000000000000000e+00 0.000000000000000000e+00 0.000000000000000000e+00 3.329934747145187335e-01 0.000000000000000000e+00 0.000000000000000000e+00 4.879217408664404121e-01
0.000000000000000000e+00 0.000000000000000000e+00 0.000000000000000000e+00 0.000000000000000000e+00 0.000000000000000000e+00 0.000000000000000000e+00 6.276638520305588553e-01 0.000000000000000000e+00 0.000000000000000000e+00 0.000000000000000000e+00 0.000000000000000000e+00 2.862557350887692253e-01 0.000000000000000000e+00 0.000000000000000000e+00 0.000000000000000000e+00 0.000000000000000000e+00 3.276327632763276210e-01 0.000000000000000000e+00 0.000000000000000000e+00 4.711120105231205168e-01
0.000000000000000000e+00 0.000000000000000000e+00 0.000000000000000000e+00 0.000000000000000000e+00 0.000000000000000000e+00 0.000000000000000000e+00 0.000000000000000000e+00 0.000000000000000000e+00 0.000000000000000000e+00 0.000000000000000000e+00 0.000000000000000000e+00 0.000000000000000000e+00 0.000000000000000000e+00 4.656579733227155238e-01 0.000000000000000000e+00 4.683798434049387671e-01 2.388861263053207451e-01 0.000000000000000000e+00 2.068277101217808056e-01 0.000000000000000000e+00
4.175537256477204195e-01 9.988198269079464620e-01 5.046579184613843028e-01 5.271949885651784351e-01 4.497349204761428298e-01 5.611325611325611584e-01 0.000000000000000000e+00 7.993690229715074702e-01 4.257415985020203131e-01 9.826831210191082633e-01 7.835377918480411763e-01 2.075799366636019994e-01 7.115040731174250288e-01 4.718920008059641069e-01 0.000000000000000000e+00 4.744862845344607338e-01 4.346688141735454147e-01 1.010274314214463898e+00 6.907750547917912431e-01 0.000000000000000000e+00
0.000000000000000000e+00 0.000000000000000000e+00 0.000000000000000000e+00 0.000000000000000000e+00 0.000000000000000000e+00 0.000000000000000000e+00 6.038079805549929624e-01 0.000000000000000000e+00 0.000000000000000000e+00 0.000000000000000000e+00 0.000000000000000000e+00 2.829395274329195020e-01 0.000000000000000000e+00 0.000000000000000000e+00 0.000000000000000000e+00 0.000000000000000000e+00 3.534697953070394250e-01 0.000000000000000000e+00 0.000000000000000000e+00 4.660743134087237394e-01
4.057504775309138667e-01 9.956157831805499958e-01 5.151974149247702250e-01 5.146645239051828025e-01 4.518170681910984032e-01 5.629165825085841179e-01 0.000000000000000000e+00 7.842545051847377158e-01 4.290622473726758423e-01 1.006103051525762959e+00 7.595832911904520923e-01 2.103997595431319478e-01 6.903317152103559673e-01 4.720746014238443866e-01 0.000000000000000000e+00 4.700761697497279901e-01 4.487179487179487336e-01 9.927867520065021267e-01 6.943715957232197145e-01 0.000000000000000000e+00
0.000000000000000000e+00 0.000000000000000000e+00 0.000000000000000000e+00 0.000000000000000000e+00 0.000000000000000000e+00 0.000000000000000000e+00 0.000000000000000000e+00 0.000000000000000000e+00 0.000000000000000000e+00 0.000000000000000000e+00 0.000000000000000000e+00 0.000000000000000000e+00 0.000000000000000000e+00 4.636581469648562437e-01 0.000000000000000000e+00 4.646806814785294226e-01 2.348740329299742191e-01 0.000000000000000000e+00 1.873928391326273313e-01 0.000000000000000000e+00
0.000000000000000000e+00 0.000000000000000000e+00 0.000000000000000000e+00 0.000000000000000000e+00 0.000000000000000000e+00 0.000000000000000000e+00 6.045532042924480765e-01 0.000000000000000000e+00 0.000000000000000000e+00 0.000000000000000000e+00 0.000000000000000000e+00 2.849802371541502177e-01 0.000000000000000000e+00 0.000000000000000000e+00 0.000000000000000000e+00 0.000000000000000000e+00 3.326191204979083715e-01 0.000000000000000000e+00 0.000000000000000000e+00 4.806185981120706940e-01
0.000000000000000000e+00 0.000000000000000000e+00 0.000000000000000000e+00 0.000000000000000000e+00 0.000000000000000000e+00 0.000000000000000000e+00 6.164005519416518863e-01 0.000000000000000000e+00 0.000000000000000000e+00 0.000000000000000000e+00 0.000000000000000000e+00 2.858562767120564341e-01 0.000000000000000000e+00 0.000000000000000000e+00 0.000000000000000000e+00 0.000000000000000000e+00 3.453629032258064280e-01 0.000000000000000000e+00 0.000000000000000000e+00 4.840127897681854585e-01
0.000000000000000000e+00 0.000000000000000000e+00 0.000000000000000000e+00 0.000000000000000000e+00 0.000000000000000000e+00 0.000000000000000000e+00 6.013412070863777270e-01 0.000000000000000000e+00 0.000000000000000000e+00 0.000000000000000000e+00 0.000000000000000000e+00 2.949515553289138170e-01 0.000000000000000000e+00 0.000000000000000000e+00 0.000000000000000000e+00 0.000000000000000000e+00 3.425707547169811185e-01 0.000000000000000000e+00 0.000000000000000000e+00 4.718393068137061719e-01
0.000000000000000000e+00 0.000000000000000000e+00 0.000000000000000000e+00 0.000000000000000000e+00 0.000000000000000000e+00 0.000000000000000000e+00 6.024573919936583311e-01 0.000000000000000000e+00 0.000000000000000000e+00 0.000000000000000000e+00 0.000000000000000000e+00 2.913920511284202042e-01 0.000000000000000000e+00 0.000000000000000000e+00 0.000000000000000000e+00 0.000000000000000000e+00 3.475919832485790950e-01 0.000000000000000000e+00 0.000000000000000000e+00 4.862311557788944749e-01
0.000000000000000000e+00 5.999801528232608927e-01 0.000000000000000000e+00 0.000000000000000000e+00 0.000000000000000000e+00 0.000000000000000000e+00 0.000000000000000000e+00 5.869389405580266450e-01 0.000000000000000000e+00 0.000000000000000000e+00 5.412687242384638386e-01 0.000000000000000000e+00 0.000000000000000000e+00 0.000000000000000000e+00 0.000000000000000000e+00 0.000000000000000000e+00 0.000000000000000000e+00 0.000000000000000000e+00 3.189162067235323805e-01 0.000000000000000000e+00
2.354440305822387836e-01 0.000000000000000000e+00 4.908382066276802957e-01 4.936289756195444967e-01 0.000000000000000000e+00 0.000000000000000000e+00 0.000000000000000000e+00 0.000000000000000000e+00 0.000000000000000000e+00 0.000000000000000000e+00 2.224894768490679464e-01 0.000000000000000000e+00 0.000000000000000000e+00 5.231640704025894983e-01 5.493100649350649567e-01 5.215983813859382812e-01 0.000000000000000000e+00 0.000000000000000000e+00 0.000000000000000000e+00 0.000000000000000000e+00
0.000000000000000000e+00 0.000000000000000000e+00 0.000000000000000000e+00 0.000000000000000000e+00 0.000000000000000000e+00 0.000000000000000000e+00 5.984901862103674253e-01 0.000000000000000000e+00 0.000000000000000000e+00 0.000000000000000000e+00 0.000000000000000000e+00 2.875302663438256690e-01 0.000000000000000000e+00 0.000000000000000000e+00 0.000000000000000000e+00 0.000000000000000000e+00 3.327338129496402730e-01 0.000000000000000000e+00 0.000000000000000000e+00 4.644473498943980649e-01
0.000000000000000000e+00 0.000000000000000000e+00 0.000000000000000000e+00 0.000000000000000000e+00 0.000000000000000000e+00 0.000000000000000000e+00 5.975429975429975560e-01 0.000000000000000000e+00 0.000000000000000000e+00 0.000000000000000000e+00 0.000000000000000000e+00 2.895909676141428246e-01 0.000000000000000000e+00 0.000000000000000000e+00 0.000000000000000000e+00 0.000000000000000000e+00 3.299868167528648422e-01 0.000000000000000000e+00 0.000000000000000000e+00 4.846275128104060026e-01
0.000000000000000000e+00 0.000000000000000000e+00 0.000000000000000000e+00 0.000000000000000000e+00 0.000000000000000000e+00 0.000000000000000000e+00 0.000000000000000000e+00 0.000000000000000000e+00 0.000000000000000000e+00 0.000000000000000000e+00 0.000000000000000000e+00 0.000000000000000000e+00 0.000000000000000000e+00 4.575254847091744792e-01 0.000000000000000000e+00 4.845691382765531241e-01 2.429221936250247349e-01 0.000000000000000000e+00 1.825019794140934348e-01 0.000000000000000000e+00
2.228395674174025176e-01 9.858396489828480380e-01 0.000000000000000000e+00 0.000000000000000000e+00 0.000000000000000000e+00 0.000000000000000000e+00 0.000000000000000000e+00 7.888131238264650680e-01 2.328712075547518523e-01 3.283551554828150754e-01 5.527536816622957705e-01 2.039546321389139882e-01 3.245898418312211375e-01 0.000000000000000000e+00 0.000000000000000000e+00 0.000000000000000000e+00 0.000000000000000000e+00 4.646098003629763884e-01 5.034697777330785495e-01 0.000000000000000000e+00
6.606636989073250144e-01 9.936600583677166476e-01 1.001205787781350498e+00 9.952172585733184418e-01 6.544492355938847927e-01 9.957081545064377925e-01 9.851608405537296553e-01 1.005669949268874985e+00 6.539004233017536860e-01 9.993932038834951737e-01 1.005752826820075274e+00 6.910206910206909692e-01 1.003683424589348006e+00 1.000298359025360462e+00 1.003687095166915899e+00 9.949339425846825957e-01 1.005826433609322335e+00 9.816073570571771656e-01 6.968053044002411323e-01 4.914628057913130177e-01
0.000000000000000000e+00 0.000000000000000000e+00 0.000000000000000000e+00 0.000000000000000000e+00 0.000000000000000000e+00 0.000000000000000000e+00 6.033542129723176162e-01 0.000000000000000000e+00 0.000000000000000000e+00 0.000000000000000000e+00 0.000000000000000000e+00 2.897280063764072766e-01 0.000000000000000000e+00 0.000000000000000000e+00 0.000000000000000000e+00 0.000000000000000000e+00 3.428740041310121001e-01 0.000000000000000000e+00 0.000000000000000000e+00 4.726652623131708530e-01
0.000000000000000000e+00 0.000000000000000000e+00 0.000000000000000000e+00 0.000000000000000000e+00 0.000000000000000000e+00 0.000000000000000000e+00 5.986809725366669666e-01 0.000000000000000000e+00 0.000000000000000000e+00 0.000000000000000000e+00 0.000000000000000000e+00 2.703635994312411084e-01 0.000000000000000000e+00 0.000000000000000000e+00 0.000000000000000000e+00 0.000000000000000000e+00 3.278688524590163689e-01 0.000000000000000000e+00 0.000000000000000000e+00 4.784408765020700671e-01
2.244897959183673464e-01 1.017315584025623165e+00 0.000000000000000000e+00 0.000000000000000000e+00 0.000000000000000000e+00 0.000000000000000000e+00 0.000000000000000000e+00 8.045234248788368792e-01 2.330194349829693423e-01 3.272220007971303191e-01 5.496554519659505589e-01 2.103146677390167751e-01 3.313762563439148212e-01 0.000000000000000000e+00 0.000000000000000000e+00 0.000000000000000000e+00 0.000000000000000000e+00 4.475283630470016094e-01 5.073447472393881608e-01 0.000000000000000000e+00
0.000000000000000000e+00 0.000000000000000000e+00 0.000000000000000000e+00 0.000000000000000000e+00 0.000000000000000000e+00 0.000000000000000000e+00 6.065773447015834208e-01 0.000000000000000000e+00 0.000000000000000000e+00 0.000000000000000000e+00 0.000000000000000000e+00 2.888843229915759037e-01 0.000000000000000000e+00 0.000000000000000000e+00 0.000000000000000000e+00 0.000000000000000000e+00 3.319012888400439398e-01 0.000000000000000000e+00 0.000000000000000000e+00 4.779464194764184715e-01
0.000000000000000000e+00 0.000000000000000000e+00 0.000000000000000000e+00 0.000000000000000000e+00 0.000000000000000000e+00 0.000000000000000000e+00 6.180240185689777066e-01 0.000000000000000000e+00 0.000000000000000000e+00 0.000000000000000000e+00 0.000000000000000000e+00 2.969327605155360206e-01 0.000000000000000000e+00 0.000000000000000000e+00 0.000000000000000000e+00 0.000000000000000000e+00 3.403403403403403304e-01 0.000000000000000000e+00 0.000000000000000000e+00 4.890503582601675170e-01
0.000000000000000000e+00 0.000000000000000000e+00 0.000000000000000000e+00 0.000000000000000000e+00 0.000000000000000000e+00 0.000000000000000000e+00 5.932817549701302484e-01 0.000000000000000000e+00 0.000000000000000000e+00 0.000000000000000000e+00 0.000000000000000000e+00 2.979185163263292635e-01 0.000000000000000000e+00 0.000000000000000000e+00 0.000000000000000000e+00 0.000000000000000000e+00 3.372898120672601641e-01 0.000000000000000000e+00 0.000000000000000000e+00 4.758803175249338713e-01
0.000000000000000000e+00 0.000000000000000000e+00 0.000000000000000000e+00 0.000000000000000000e+00 0.000000000000000000e+00 0.000000000000000000e+00 6.041222459132906675e-01 0.000000000000000000e+00 0.000000000000000000e+00 0.000000000000000000e+00 0.000000000000000000e+00 2.729606952399762920e-01 0.000000000000000000e+00 0.000000000000000000e+00 0.000000000000000000e+00 0.000000000000000000e+00 3.299790774135697990e-01 0.000000000000000000e+00 0.000000000000000000e+00 4.755034565674782221e-01
0.000000000000000000e+00 0.000000000000000000e+00 0.000000000000000000e+00 0.000000000000000000e+00 0.000000000000000000e+00 0.000000000000000000e+00 6.063440422936152707e-01 0.000000000000000000e+00 0.000000000000000000e+00 0.000000000000000000e+00 0.000000000000000000e+00 2.700396825396825240e-01 0.000000000000000000e+00 0.000000000000000000e+00 0.000000000000000000e+00 0.000000000000000000e+00 3.328634716069270860e-01 0.000000000000000000e+00 0.000000000000000000e+00 4.769582960087588308e-01
0.000000000000000000e+00 0.000000000000000000e+00 0.000000000000000000e+00 0.000000000000000000e+00 0.000000000000000000e+00 0.000000000000000000e+00 5.917879210683675284e-01 0.000000000000000000e+00 0.000000000000000000e+00 0.000000000000000000e+00 0.000000000000000000e+00 2.922254714127256459e-01 0.000000000000000000e+00 0.000000000000000000e+00 0.000000000000000000e+00 0.000000000000000000e+00 3.355084830840276977e-01 0.000000000000000000e+00 0.000000000000000000e+00 4.658222952721647325e-01
0.000000000000000000e+00 0.000000000000000000e+00 0.000000000000000000e+00 0.000000000000000000e+00 0.000000000000000000e+00 0.000000000000000000e+00 6.039653282853442162e-01 0.000000000000000000e+00 0.000000000000000000e+00 0.000000000000000000e+00 0.000000000000000000e+00 3.077697262479870965e-01 0.000000000000000000e+00 0.000000000000000000e+00 0.000000000000000000e+00 0.000000000000000000e+00 3.464331907272908406e-01 0.000000000000000000e+00 0.000000000000000000e+00 4.817091605361281670e-01
0.000000000000000000e+00 0.000000000000000000e+00 0.000000000000000000e+00 0.000000000000000000e+00 0.000000000000000000e+00 0.000000000000000000e+00 6.011213456147377343e-01 0.000000000000000000e+00 0.000000000000000000e+00 0.000000000000000000e+00 0.000000000000000000e+00 2.825174825174825433e-01 0.000000000000000000e+00 0.000000000000000000e+00 0.000000000000000000e+00 0.000000000000000000e+00 3.389221556886227726e-01 0.000000000000000000e+00 0.000000000000000000e+00 4.666666666666666741e-01
0.000000000000000000e+00 0.000000000000000000e+00 0.000000000000000000e+00 0.000000000000000000e+00 0.000000000000000000e+00 0.000000000000000000e+00 5.940376150460183746e-01 0.000000000000000000e+00 0.000000000000000000e+00 0.000000000000000000e+00 0.000000000000000000e+00 2.958341718655664865e-01 0.000000000000000000e+00 0.000000000000000000e+00 0.000000000000000000e+00 0.000000000000000000e+00 3.426046791846570905e-01 0.000000000000000000e+00 0.000000000000000000e+00 4.781171757636454855e-01
0.000000000000000000e+00 0.000000000000000000e+00 0.000000000000000000e+00 0.000000000000000000e+00 0.000000000000000000e+00 0.000000000000000000e+00 0.000000000000000000e+00 0.000000000000000000e+00 0.000000000000000000e+00 0.000000000000000000e+00 0.000000000000000000e+00 0.000000000000000000e+00 0.000000000000000000e+00 4.669306930693069568e-01 0.000000000000000000e+00 4.752969358219383267e-01 2.436141440448763018e-01 0.000000000000000000e+00 1.967016491754123020e-01 0.000000000000000000e+00
0.000000000000000000e+00 6.130573248407643616e-01 0.000000000000000000e+00 0.000000000000000000e+00 0.000000000000000000e+00 0.000000000000000000e+00 0.000000000000000000e+00 3.367983367983368170e-01 0.000000000000000000e+00 0.000000000000000000e+00 3.100759893417546764e-01 0.000000000000000000e+00 0.000000000000000000e+00 0.000000000000000000e+00 0.000000000000000000e+00 0.000000000000000000e+00 0.000000000000000000e+00 0.000000000000000000e+00 2.996612871089858743e-01 0.000000000000000000e+00
0.000000000000000000e+00 6.047885888945491173e-01 0.000000000000000000e+00 0.000000000000000000e+00 0.000000000000000000e+00 0.000000000000000000e+00 0.000000000000000000e+00 3.398136897529364098e-01 0.000000000000000000e+00 0.000000000000000000e+00 3.110713575829854860e-01 0.000000000000000000e+00 0.000000000000000000e+00 0.000000000000000000e+00 0.000000000000000000e+00 0.000000000000000000e+00 0.000000000000000000e+00 0.000000000000000000e+00 3.020154416925699414e-01 0.000000000000000000e+00
0.000000000000000000e+00 0.000000000000000000e+00 0.000000000000000000e+00 0.000000000000000000e+00 0.000000000000000000e+00 0.000000000000000000e+00 5.957403855859493280e-01 0.000000000000000000e+00 0.000000000000000000e+00 0.000000000000000000e+00 0.000000000000000000e+00 2.875579753982657749e-01 0.000000000000000000e+00 0.000000000000000000e+00 0.000000000000000000e+00 0.000000000000000000e+00 3.468818489738991762e-01 0.000000000000000000e+00 0.000000000000000000e+00 4.810355207706201175e-01
0.000000000000000000e+00 0.000000000000000000e+00 0.000000000000000000e+00 0.000000000000000000e+00 0.000000000000000000e+00 0.000000000000000000e+00 6.051096358881512538e-01 0.000000000000000000e+00 0.000000000000000000e+00 0.000000000000000000e+00 0.000000000000000000e+00 2.948653788409568710e-01 0.000000000000000000e+00 0.000000000000000000e+00 0.000000000000000000e+00 0.000000000000000000e+00 3.332001598082301452e-01 0.000000000000000000e+00 0.000000000000000000e+00 4.681948992755780581e-01
2.217984745082296205e-01 1.004290988923261185e+00 5.000501856870420703e-01 5.146985050667202133e-01 2.594702648675661916e-01 5.607570723849794048e-01 0.000000000000000000e+00 8.011946241911398481e-01 2.399123243997210442e-01 7.010640433647862269e-01 7.942621340145411546e-01 1.952929394091136583e-01 7.040015887200873346e-01 4.712000000000000077e-01 0.000000000000000000e+00 4.714881780250347876e-01 2.430542063337866598e-01 9.950339515556906322e-01 6.927839236780676258e-01 0.000000000000000000e+00
2.225999999999999923e-01 1.015309246785058184e+00 5.247942180285083413e-01 5.186660029865605148e-01 2.546434991012582194e-01 5.841993744324488480e-01 0.000000000000000000e+00 8.080542345441668051e-01 2.226468222043443412e-01 7.313877307921381465e-01 7.764917182199161383e-01 2.131798332671695217e-01 7.078264395782644103e-01 4.796143803976702369e-01 0.000000000000000000e+00 4.762285257690770934e-01 2.336448598130841103e-01 1.011967824210319833e+00 7.138997298108675782e-01 0.000000000000000000e+00
0.000000000000000000e+00 0.000000000000000000e+00 0.000000000000000000e+00 0.000000000000000000e+00 0.000000000000000000e+00 0.000000000000000000e+00 0.000000000000000000e+00 0.000000000000000000e+00 0.000000000000000000e+00 0.000000000000000000e+00 0.000000000000000000e+00 0.000000000000000000e+00 0.000000000000000000e+00 4.724283136154000529e-01 0.000000000000000000e+00 4.709645177411294625e-01 2.393969849246231074e-01 0.000000000000000000e+00 2.009991184249191876e-01 0.000000000000000000e+00
0.000000000000000000e+00 6.172344689378757021e-01 0.000000000000000000e+00 0.000000000000000000e+00 0.000000000000000000e+00 0.000000000000000000e+00 0.000000000000000000e+00 5.928131824498709124e-01 0.000000000000000000e+00 0.000000000000000000e+00 5.496091401082381367e-01 0.000000000000000000e+00 0.000000000000000000e+00 0.000000000000000000e+00 0.000000000000000000e+00 0.000000000000000000e+00 0.000000000000000000e+00 0.000000000000000000e+00 3.157790732141092516e-01 0.000000000000000000e+00
0.000000000000000000e+00 0.000000000000000000e+00 0.000000000000000000e+00 0.000000000000000000e+00 0.000000000000000000e+00 0.000000000000000000e+00 0.000000000000000000e+00 0.000000000000000000e+00 0.000000000000000000e+00 0.000000000000000000e+00 0.000000000000000000e+00 0.000000000000000000e+00 0.000000000000000000e+00 4.700110143186141953e-01 0.000000000000000000e+00 4.572241414346677746e-01 2.478105095541401348e-01 0.000000000000000000e+00 2.059319511953179305e-01 0.000000000000000000e+00
0.000000000000000000e+00 0.000000000000000000e+00 0.000000000000000000e+00 0.000000000000000000e+00 0.000000000000000000e+00 0.000000000000000000e+00 6.109464532701047723e-01 0.000000000000000000e+00 0.000000000000000000e+00 0.000000000000000000e+00 0.000000000000000000e+00 2.982611258473327198e-01 0.000000000000000000e+00 0.000000000000000000e+00 0.000000000000000000e+00 0.000000000000000000e+00 3.364976772369218105e-01 0.000000000000000000e+00 0.000000000000000000e+00 4.829248694254720808e-01
1.006720834587220281e+00 1.014119091467157840e+00 1.022011647418813451e+00 9.940011997600479710e-01 1.007492113564668834e+00 1.002794969055699648e+00 9.981978374048858793e-01 9.794430379746835724e-01 1.002840909090909172e+00 9.842399593289272719e-01 9.996053670086819665e-01 1.002497752023179034e+00 9.928376878845960318e-01 9.813740458015267620e-01 9.905830494890803806e-01 9.968645696368969578e-01 1.010658432114752481e+00 9.850442567911282810e-01 9.874526986656044780e-01 1.007296351824088054e+00
0.000000000000000000e+00 0.000000000000000000e+00 0.000000000000000000e+00 0.000000000000000000e+00 0.000000000000000000e+00 0.000000000000000000e+00 5.905029615500452245e-01 0.000000000000000000e+00 0.000000000000000000e+00 0.000000000000000000e+00 0.000000000000000000e+00 2.856009520031733695e-01 0.000000000000000000e+00 0.000000000000000000e+00 0.000000000000000000e+00 0.000000000000000000e+00 3.277856707935863367e-01 0.000000000000000000e+00 0.000000000000000000e+00 4.757175489125037293e-01
0.000000000000000000e+00 0.000000000000000000e+00 0.000000000000000000e+00 0.000000000000000000e+00 0.000000000000000000e+00 0.000000000000000000e+00 0.000000000000000000e+00 0.000000000000000000e+00 0.000000000000000000e+00 0.000000000000000000e+00 0.000000000000000000e+00 0.000000000000000000e+00 0.000000000000000000e+00 4.765772011488561000e-01 0.000000000000000000e+00 4.852201890207118451e-01 2.309294712826108487e-01 0.000000000000000000e+00 1.994245460859212227e-01 0.000000000000000000e+00
0.000000000000000000e+00 0.000000000000000000e+00 0.000000000000000000e+00 0.000000000000000000e+00 0.000000000000000000e+00 0.000000000000000000e+00 0.000000000000000000e+00 0.000000000000000000e+00 0.000000000000000000e+00 0.000000000000000000e+00 0.000000000000000000e+00 0.000000000000000000e+00 0.000000000000000000e+00 4.783379283182355168e-01 0.000000000000000000e+00 4.784688995215310992e-01 2.452251360712518480e-01 0.000000000000000000e+00 1.818364274962368243e-01 0.000000000000000000e+00
0.000000000000000000e+00 0.000000000000000000e+00 0.000000000000000000e+00 0.000000000000000000e+00 0.000000000000000000e+00 0.000000000000000000e+00 0.000000000000000000e+00 0.000000000000000000e+00 0.000000000000000000e+00 0.000000000000000000e+00 0.000000000000000000e+00 0.000000000000000000e+00 0.000000000000000000e+00 4.799200799200799006e-01 0.000000000000000000e+00 4.638858614881601339e-01 2.391068076277047816e-01 0.000000000000000000e+00 2.005287378830901690e-01 0.000000000000000000e+00
0.000000000000000000e+00 0.000000000000000000e+00 0.000000000000000000e+00 0.000000000000000000e+00 0.000000000000000000e+00 0.000000000000000000e+00 5.905270443982991724e-01 0.000000000000000000e+00 0.000000000000000000e+00 0.000000000000000000e+00 0.000000000000000000e+00 2.856287425149700576e-01 0.000000000000000000e+00 0.000000000000000000e+00 0.000000000000000000e+00 0.000000000000000000e+00 3.413403310456197270e-01 0.000000000000000000e+00 0.000000000000000000e+00 4.762287667102221289e-01
1.012274224129328326e+00 9.861816703921967298e-01 9.874244974749974979e-01 9.864676616915423191e-01 1.011613936724068852e+00 9.888223552894211954e-01 9.841206431638869212e-01 9.867556364371651290e-01 1.007126367559971980e+00 1.002399040383846529e+00 1.008443908323281013e+00 1.002950432730133734e+00 9.948105355918926973e-01 1.002751572327043927e+00 1.007359612864199949e+00 1.002512815358327369e+00 1.020242111530065499e+00 9.854578277003309683e-01 1.014332965821389099e+00 1.001102093978559315e+00
2.390185991294024592e-01 0.000000000000000000e+00 4.652701212789415730e-01 4.859925695350938990e-01 0.000000000000000000e+00 0.000000000000000000e+00 0.000000000000000000e+00 0.000000000000000000e+00 0.000000000000000000e+00 0.000000000000000000e+00 2.274093368062512499e-01 0.000000000000000000e+00 0.000000000000000000e+00 5.269087616939945873e-01 5.358311031816830328e-01 5.435345686391711562e-01 0.000000000000000000e+00 0.000000000000000000e+00 0.000000000000000000e+00 0.000000000000000000e+00
0.000000000000000000e+00 0.000000000000000000e+00 0.000000000000000000e+00 0.000000000000000000e+00 0.000000000000000000e+00 0.000000000000000000e+00 0.000000000000000000e+00 0.000000000000000000e+00 0.000000000000000000e+00 0.000000000000000000e+00 0.000000000000000000e+00 0.000000000000000000e+00 0.000000000000000000e+00 4.571655734446432029e-01 0.000000000000000000e+00 4.803173029251363579e-01 2.387609373428542792e-01 0.000000000000000000e+00 1.845657868224863940e-01 0.000000000000000000e+00
0.000000000000000000e+00 0.000000000000000000e+00 0.000000000000000000e+00 0.000000000000000000e+00 0.000000000000000000e+00 0.000000000000000000e+00 6.009257395854297190e-01 0.000000000000000000e+00 0.000000000000000000e+00 0.000000000000000000e+00 0.000000000000000000e+00 2.813370473537604721e-01 0.000000000000000000e+00 0.000000000000000000e+00 0.000000000000000000e+00 0.000000000000000000e+00 3.286649874055415643e-01 0.000000000000000000e+00 0.000000000000000000e+00 4.872492692268924341e-01
0.000000000000000000e+00 5.961344876182806951e-01 0.000000000000000000e+00 0.000000000000000000e+00 0.000000000000000000e+00 0.000000000000000000e+00 0.000000000000000000e+00 3.354332335020138167e-01 0.000000000000000000e+00 0.000000000000000000e+00 3.051389722055589115e-01 0.000000000000000000e+00 0.000000000000000000e+00 0.000000000000000000e+00 0.000000000000000000e+00 0.000000000000000000e+00 0.000000000000000000e+00 0.000000000000000000e+00 3.050546851906592027e-01 0.000000000000000000e+00
0.000000000000000000e+00 0.000000000000000000e+00 0.000000000000000000e+00 0.000000000000000000e+00 0.000000000000000000e+00 0.000000000000000000e+00 5.911607772072888789e-01 0.000000000000000000e+00 0.000000000000000000e+00 0.000000000000000000e+00 0.000000000000000000e+00 2.882775119617224657e-01 0.000000000000000000e+00 0.000000000000000000e+00 0.000000000000000000e+00 0.000000000000000000e+00 3.377476849546948157e-01 0.000000000000000000e+00 0.000000000000000000e+00 4.860913705583756461e-01
2.232769702363294750e-01 9.994890137966274679e-01 4.997007779772591474e-01 5.265973254086181443e-01 2.687167118882524131e-01 5.715992830113523215e-01 0.000000000000000000e+00 8.064615070033739341e-01 2.447642679900744467e-01 7.259850374064837908e-01 7.690002996105063104e-01 1.966292134831460758e-01 6.885868478912652302e-01 4.695634959912897144e-01 0.000000000000000000e+00 4.831236269223087576e-01 2.345119371411302500e-01 9.921529175050302074e-01 6.991755479589785160e-01 0.000000000000000000e+00
2.240458770021752088e-01 9.908403026682596204e-01 0.000000000000000000e+00 0.000000000000000000e+00 0.000000000000000000e+00 0.000000000000000000e+00 0.000000000000000000e+00 7.943047561345046859e-01 2.400403429147756063e-01 3.325960184998994484e-01 5.345809601301871883e-01 1.981534795989278175e-01 3.185822987585101851e-01 0.000000000000000000e+00 0.000000000000000000e+00 0.000000000000000000e+00 0.000000000000000000e+00 4.551256481850817770e-01 4.978139904610492938e-01 0.000000000000000000e+00
