Num_mutations: 100
Num_samples: 20
Error_rate: 0.030000

0.000000000000000000e+00 0.000000000000000000e+00 0.000000000000000000e+00 0.000000000000000000e+00 0.000000000000000000e+00 0.000000000000000000e+00 0.000000000000000000e+00 0.000000000000000000e+00 4.734068992941644072e-01 0.000000000000000000e+00 2.292022077270446656e-01 0.000000000000000000e+00 0.000000000000000000e+00 0.000000000000000000e+00 0.000000000000000000e+00 0.000000000000000000e+00 0.000000000000000000e+00 0.000000000000000000e+00 3.160822489321545858e-01 2.504440497335701510e-01
0.000000000000000000e+00 6.502958579881656931e-01 0.000000000000000000e+00 0.000000000000000000e+00 1.940995331280421232e-01 6.701519037285460501e-01 6.792792792792792245e-01 3.954687974107413684e-01 0.000000000000000000e+00 3.290728342462974076e-01 4.591593973037271792e-01 2.930576070901034225e-01 0.000000000000000000e+00 2.393145161290322620e-01 4.057336253235118706e-01 2.809966976883818690e-01 2.638263826382638011e-01 3.834452785460292223e-01 0.000000000000000000e+00 4.941555824264409758e-01
0.000000000000000000e+00 6.513661202185792032e-01 0.000000000000000000e+00 0.000000000000000000e+00 2.105783489866534797e-01 3.743185947910357414e-01 3.758416239573912354e-01 3.928785757151430080e-01 0.000000000000000000e+00 0.000000000000000000e+00 2.037698412698412676e-01 2.914874462338701844e-01 0.000000000000000000e+00 0.000000000000000000e+00 4.065105998191499981e-01 2.904884318766066675e-01 2.524864598719842590e-01 3.617360143340633272e-01 0.000000000000000000e+00 2.192778395873369035e-01
0.000000000000000000e+00 6.525915549329597276e-01 0.000000000000000000e+00 0.000000000000000000e+00 2.010130102294170329e-01 6.772971895555112143e-01 6.689035823546827242e-01 3.793238993710691953e-01 0.000000000000000000e+00 3.356629392971245962e-01 4.774614472123369091e-01 2.936594024257962454e-01 0.000000000000000000e+00 2.465725806451612989e-01 3.997173715554658280e-01 2.832462836480514334e-01 2.541812719078617722e-01 3.698287088049684312e-01 0.000000000000000000e+00 4.919743178170144504e-01
0.000000000000000000e+00 0.000000000000000000e+00 0.000000000000000000e+00 0.000000000000000000e+00 0.000000000000000000e+00 0.000000000000000000e+00 0.000000000000000000e+00 0.000000000000000000e+00 4.629684564422030801e-01 0.000000000000000000e+00 2.372130487313733327e-01 0.000000000000000000e+00 0.000000000000000000e+00 0.000000000000000000e+00 0.000000000000000000e+00 0.000000000000000000e+00 0.000000000000000000e+00 0.000000000000000000e+00 3.040994286859777240e-01 2.508501700340067808e-01
0.000000000000000000e+00 0.000000000000000000e+00 3.377999999999999892e-01 0.000000000000000000e+00 2.892954614373799416e-01 0.000000000000000000e+00 3.362128884917088834e-01 0.000000000000000000e+00 0.000000000000000000e+00 0.000000000000000000e+00 2.886454183266932150e-01 0.000000000000000000e+00 0.000000000000000000e+00 0.000000000000000000e+00 0.000000000000000000e+00 4.003244777935510146e-01 3.500201045436268643e-01 3.026066114051732536e-01 0.000000000000000000e+00 0.000000000000000000e+00
0.000000000000000000e+00 0.000000000000000000e+00 0.000000000000000000e+00 0.000000000000000000e+00 0.000000000000000000e+00 0.000000000000000000e+00 0.000000000000000000e+00 0.000000000000000000e+00 4.721585815320251123e-01 0.000000000000000000e+00 2.407370715276401785e-01 0.000000000000000000e+00 0.000000000000000000e+00 0.000000000000000000e+00 0.000000000000000000e+00 0.000000000000000000e+00 0.000000000000000000e+00 0.000000000000000000e+00 3.062530773018217745e-01 2.556255625562556255e-01
0.000000000000000000e+00 4.002385923053981553e-01 0.000000000000000000e+00 0.000000000000000000e+00 0.000000000000000000e+00 3.829913767469521058e-01 3.754541784416632888e-01 3.933639816110333642e-01 0.000000000000000000e+00 0.000000000000000000e+00 0.000000000000000000e+00 0.000000000000000000e+00 0.000000000000000000e+00 0.000000000000000000e+00 4.153954944943933913e-01 0.000000000000000000e+00 0.000000000000000000e+00 3.790678987545199052e-01 0.000000000000000000e+00 0.000000000000000000e+00
0.000000000000000000e+00 0.000000000000000000e+00 0.000000000000000000e+00 0.000000000000000000e+00 0.000000000000000000e+00 0.000000000000000000e+00 0.000000000000000000e+00 0.000000000000000000e+00 4.744306831801837765e-01 0.000000000000000000e+00 2.376158676367985667e-01 0.000000000000000000e+00 0.000000000000000000e+00 0.000000000000000000e+00 0.000000000000000000e+00 0.000000000000000000e+00 0.000000000000000000e+00 0.000000000000000000e+00 3.027450980392156765e-01 2.506564330438295074e-01
0.000000000000000000e+00 0.000000000000000000e+00 0.000000000000000000e+00 0.000000000000000000e+00 0.000000000000000000e+00 0.000000000000000000e+00 0.000000000000000000e+00 0.000000000000000000e+00 4.753785979340086065e-01 0.000000000000000000e+00 2.358780899434130829e-01 0.000000000000000000e+00 0.000000000000000000e+00 0.000000000000000000e+00 0.000000000000000000e+00 0.000000000000000000e+00 0.000000000000000000e+00 0.000000000000000000e+00 3.102057281161758606e-01 2.594330002039567651e-01
0.000000000000000000e+00 0.000000000000000000e+00 3.379407051282051211e-01 0.000000000000000000e+00 2.734705940301447868e-01 0.000000000000000000e+00 3.281063914251687308e-01 0.000000000000000000e+00 0.000000000000000000e+00 0.000000000000000000e+00 2.873689465801297915e-01 0.000000000000000000e+00 0.000000000000000000e+00 0.000000000000000000e+00 0.000000000000000000e+00 4.019234622320176364e-01 3.656471057088771515e-01 3.128913626876055898e-01 0.000000000000000000e+00 0.000000000000000000e+00
0.000000000000000000e+00 6.520233501533591047e-01 6.944556046605062649e-01 3.593433319821645600e-01 7.711974433236792326e-01 6.851349994981431601e-01 9.819728580109378102e-01 3.931743338988125114e-01 0.000000000000000000e+00 3.322495427758585529e-01 7.641376534513987240e-01 2.907864722800753698e-01 3.678642714570858341e-01 5.406442492174088343e-01 4.124695369618196494e-01 6.710044733631557179e-01 9.895864927712061387e-01 6.836990281534915948e-01 0.000000000000000000e+00 5.011050833835644092e-01
0.000000000000000000e+00 6.572977313792410792e-01 0.000000000000000000e+00 0.000000000000000000e+00 1.934959349593495803e-01 6.868447082096933443e-01 6.759343205399416243e-01 3.751746158451406687e-01 0.000000000000000000e+00 3.341043950517952332e-01 4.709296507555288946e-01 3.039937199489745612e-01 0.000000000000000000e+00 2.566142828724885527e-01 4.114968120635563165e-01 2.727363283195537447e-01 2.702220459952418552e-01 3.643659711075441510e-01 0.000000000000000000e+00 4.892695412482772066e-01
0.000000000000000000e+00 6.577046548956660965e-01 0.000000000000000000e+00 0.000000000000000000e+00 2.037834050645581097e-01 6.821165705191963857e-01 6.697394789579158569e-01 3.931573222584791583e-01 0.000000000000000000e+00 3.258942219504738502e-01 4.687500000000000000e-01 2.940294029402940046e-01 0.000000000000000000e+00 2.467092142002393351e-01 3.937071399757967050e-01 2.854019676040941977e-01 2.645659928656361459e-01 3.628894900310590255e-01 0.000000000000000000e+00 4.968893421723610260e-01
0.000000000000000000e+00 6.594551282051281937e-01 0.000000000000000000e+00 0.000000000000000000e+00 1.918639951426836798e-01 6.692338873125253107e-01 6.789697830054756134e-01 3.789876220187179401e-01 0.000000000000000000e+00 3.253616770002952241e-01 4.792215690249341242e-01 2.784246228611926832e-01 0.000000000000000000e+00 2.369621257188181673e-01 4.043650793650793718e-01 2.864837905236907734e-01 2.613360323886639858e-01 3.551852223672322117e-01 0.000000000000000000e+00 4.964936886395511784e-01
0.000000000000000000e+00 6.475401754904860363e-01 0.000000000000000000e+00 0.000000000000000000e+00 2.043838862559241576e-01 6.763535031847133228e-01 6.636453201970443638e-01 3.912432215304277872e-01 0.000000000000000000e+00 3.320910160847391213e-01 4.687065368567454593e-01 3.128591242322171784e-01 0.000000000000000000e+00 2.477054967221381798e-01 4.118468288791384269e-01 2.992063492063491981e-01 2.513078470824949839e-01 3.740411788453774644e-01 0.000000000000000000e+00 4.826762246117085042e-01
0.000000000000000000e+00 0.000000000000000000e+00 0.000000000000000000e+00 0.000000000000000000e+00 0.000000000000000000e+00 0.000000000000000000e+00 0.000000000000000000e+00 0.000000000000000000e+00 4.666062254457540304e-01 0.000000000000000000e+00 2.494859492803289946e-01 0.000000000000000000e+00 0.000000000000000000e+00 0.000000000000000000e+00 0.000000000000000000e+00 0.000000000000000000e+00 0.000000000000000000e+00 0.000000000000000000e+00 3.129748396645288810e-01 2.499752988835095280e-01
0.000000000000000000e+00 0.000000000000000000e+00 3.483112483809903126e-01 0.000000000000000000e+00 2.783721627837216217e-01 0.000000000000000000e+00 3.277335691128794304e-01 0.000000000000000000e+00 0.000000000000000000e+00 0.000000000000000000e+00 2.824836341995635713e-01 0.000000000000000000e+00 0.000000000000000000e+00 0.000000000000000000e+00 0.000000000000000000e+00 3.950368203369313269e-01 3.642563433958479480e-01 2.988275378294418250e-01 0.000000000000000000e+00 0.000000000000000000e+00
0.000000000000000000e+00 0.000000000000000000e+00 0.000000000000000000e+00 0.000000000000000000e+00 0.000000000000000000e+00 0.000000000000000000e+00 0.000000000000000000e+00 0.000000000000000000e+00 4.742862827016811056e-01 0.000000000000000000e+00 2.384737678855325949e-01 0.000000000000000000e+00 0.000000000000000000e+00 0.000000000000000000e+00 0.000000000000000000e+00 0.000000000000000000e+00 0.000000000000000000e+00 0.000000000000000000e+00 2.965741929114423803e-01 2.565325384997516056e-01
0.000000000000000000e+00 0.000000000000000000e+00 0.000000000000000000e+00 0.000000000000000000e+00 0.000000000000000000e+00 0.000000000000000000e+00 0.000000000000000000e+00 0.000000000000000000e+00 4.677932405566600504e-01 0.000000000000000000e+00 2.385929648241205958e-01 0.000000000000000000e+00 0.000000000000000000e+00 0.000000000000000000e+00 0.000000000000000000e+00 0.000000000000000000e+00 0.000000000000000000e+00 0.000000000000000000e+00 3.225869671729544308e-01 2.529226390159601268e-01
0.000000000000000000e+00 0.000000000000000000e+00 0.000000000000000000e+00 0.000000000000000000e+00 0.000000000000000000e+00 0.000000000000000000e+00 0.000000000000000000e+00 0.000000000000000000e+00 4.766748166259168751e-01 0.000000000000000000e+00 2.331423977489699428e-01 0.000000000000000000e+00 0.000000000000000000e+00 0.000000000000000000e+00 0.000000000000000000e+00 0.000000000000000000e+00 0.000000000000000000e+00 0.000000000000000000e+00 3.073876015052485755e-01 2.463414634146341431e-01
4.833989302654153053e-01 0.000000000000000000e+00 3.027059173357121713e-01 3.132626525305061138e-01 0.000000000000000000e+00 0.000000000000000000e+00 0.000000000000000000e+00 2.676014021031547507e-01 9.887842980172241170e-01 2.895442359249330022e-01 2.339645087736690887e-01 3.851399491094147365e-01 6.235448932078145878e-01 2.422291519967809947e-01 5.858444288717589155e-01 0.000000000000000000e+00 0.000000000000000000e+00 0.000000000000000000e+00 6.037044575615713171e-01 5.185185185185184897e-01
0.000000000000000000e+00 6.438615737508726067e-01 0.000000000000000000e+00 0.000000000000000000e+00 2.025010084711577341e-01 6.661376710970046133e-01 6.840874428063040691e-01 3.957617973118807142e-01 0.000000000000000000e+00 3.431893354715846445e-01 4.761157430112800126e-01 2.873037949533081559e-01 0.000000000000000000e+00 2.423767035983920015e-01 4.150225338007010323e-01 2.847250509164969690e-01 2.638469284994964803e-01 3.754185542643293516e-01 0.000000000000000000e+00 4.898979795959191863e-01
0.000000000000000000e+00 6.667325753830943835e-01 0.000000000000000000e+00 0.000000000000000000e+00 1.926015279453156537e-01 6.780706116360020186e-01 6.609900990099010221e-01 3.867859600825877542e-01 0.000000000000000000e+00 3.388789859378094627e-01 4.650510715001001660e-01 2.877683474787818274e-01 0.000000000000000000e+00 2.360726985381272347e-01 4.204155739358482746e-01 2.789617210382789869e-01 2.569631626235399646e-01 3.802647412755715828e-01 0.000000000000000000e+00 5.036742800397219222e-01
2.939155043460683348e-01 3.448345236897696342e-01 0.000000000000000000e+00 3.441206030150753548e-01 0.000000000000000000e+00 3.305194160293971617e-01 0.000000000000000000e+00 3.396863212229501716e-01 0.000000000000000000e+00 3.753178173283786556e-01 0.000000000000000000e+00 0.000000000000000000e+00 0.000000000000000000e+00 0.000000000000000000e+00 0.000000000000000000e+00 0.000000000000000000e+00 0.000000000000000000e+00 3.160948284485345372e-01 3.698000000000000176e-01 0.000000000000000000e+00
4.799122719569335338e-01 0.000000000000000000e+00 3.071941718101791063e-01 3.086119554204660442e-01 0.000000000000000000e+00 0.000000000000000000e+00 0.000000000000000000e+00 2.681575501158456887e-01 9.956149093083516144e-01 3.088308830883088052e-01 2.573596358118361294e-01 3.784279743093078019e-01 6.326611308817714496e-01 2.514127094279766106e-01 6.020366598778004175e-01 0.000000000000000000e+00 0.000000000000000000e+00 0.000000000000000000e+00 6.200434010652988714e-01 5.245408009635651458e-01
0.000000000000000000e+00 6.512566871908751498e-01 0.000000000000000000e+00 0.000000000000000000e+00 1.991861648016276798e-01 6.721870433511933918e-01 6.776335348330194686e-01 3.871362940275651088e-01 0.000000000000000000e+00 3.264160401002506040e-01 4.636763053029528958e-01 2.890531362365161838e-01 0.000000000000000000e+00 2.418586179507545564e-01 4.005613472333600655e-01 2.806071499900139599e-01 2.609736632083000663e-01 3.619443619443619697e-01 0.000000000000000000e+00 5.059139250571513813e-01
0.000000000000000000e+00 0.000000000000000000e+00 0.000000000000000000e+00 0.000000000000000000e+00 0.000000000000000000e+00 0.000000000000000000e+00 0.000000000000000000e+00 0.000000000000000000e+00 4.686940966010733622e-01 0.000000000000000000e+00 2.420918617177553744e-01 0.000000000000000000e+00 0.000000000000000000e+00 0.000000000000000000e+00 0.000000000000000000e+00 0.000000000000000000e+00 0.000000000000000000e+00 0.000000000000000000e+00 3.037277466312580110e-01 2.401047436801289070e-01
0.000000000000000000e+00 6.408839779005525150e-01 0.000000000000000000e+00 0.000000000000000000e+00 1.974760222110045482e-01 6.611668820196799912e-01 6.834853090172239298e-01 3.890173991752992055e-01 0.000000000000000000e+00 3.247811651071536576e-01 4.773283713642150761e-01 3.038229376257545189e-01 0.000000000000000000e+00 2.512805061765592263e-01 4.020000000000000240e-01 2.738655714715015344e-01 2.704792917472270131e-01 3.764658715044602588e-01 0.000000000000000000e+00 5.034068951489880650e-01
0.000000000000000000e+00 6.490603363006923754e-01 0.000000000000000000e+00 0.000000000000000000e+00 2.051282051282051211e-01 6.533042270291724574e-01 6.820276497695852980e-01 3.888667992047713518e-01 0.000000000000000000e+00 3.353471328117262340e-01 4.782521547404289253e-01 3.002318782135295905e-01 0.000000000000000000e+00 2.472294982873262104e-01 3.922911367638426960e-01 2.972945991813916167e-01 2.627897681854516332e-01 3.653386454183266685e-01 0.000000000000000000e+00 4.842908877361260522e-01
7.144575897333066417e-01 6.523449319213313613e-01 9.998032657879205587e-01 6.698631505344121440e-01 9.982953975734483176e-01 6.764498944617549636e-01 1.009741890127548558e+00 6.667997205867678412e-01 1.013426853707414921e+00 6.232175135569391067e-01 9.960095770151635719e-01 9.920754338449192522e-01 1.013875123885034757e+00 1.004979087831109341e+00 9.930371677944493936e-01 1.006340400237764943e+00 1.001100330099029767e+00 6.777910210568136584e-01 6.135192482570476225e-01 9.923694779116465359e-01
2.771144777766629819e-01 3.448552249273619807e-01 0.000000000000000000e+00 3.412714032670733921e-01 0.000000000000000000e+00 3.201421099378268798e-01 0.000000000000000000e+00 3.345635910224438736e-01 0.000000000000000000e+00 3.696248856358645973e-01 0.000000000000000000e+00 0.000000000000000000e+00 0.000000000000000000e+00 0.000000000000000000e+00 0.000000000000000000e+00 0.000000000000000000e+00 0.000000000000000000e+00 3.196671402476151669e-01 3.764016567330033536e-01 0.000000000000000000e+00
0.000000000000000000e+00 6.466540341079086707e-01 0.000000000000000000e+00 0.000000000000000000e+00 2.029737551142600516e-01 6.743424317617866537e-01 6.920687512942638175e-01 3.897262990876636524e-01 0.000000000000000000e+00 3.220355829440413320e-01 4.857482185273159225e-01 3.113627173473513809e-01 0.000000000000000000e+00 2.491643877240960203e-01 4.015474655292133876e-01 2.852315643013317303e-01 2.563133823821833190e-01 3.626644736842105088e-01 0.000000000000000000e+00 5.058358061325420874e-01
0.000000000000000000e+00 6.365829145728643113e-01 0.000000000000000000e+00 0.000000000000000000e+00 2.028344557241933965e-01 6.802030456852792284e-01 6.838082001389853559e-01 3.919084593379648651e-01 0.000000000000000000e+00 3.321576136249118072e-01 4.645200363379428654e-01 2.979372015039122301e-01 0.000000000000000000e+00 2.444777611194402789e-01 4.091593853570352768e-01 2.847491306507700104e-01 2.671088332830870993e-01 3.688274740906319904e-01 0.000000000000000000e+00 5.062790467714822773e-01
0.000000000000000000e+00 0.000000000000000000e+00 0.000000000000000000e+00 0.000000000000000000e+00 0.000000000000000000e+00 0.000000000000000000e+00 0.000000000000000000e+00 0.000000000000000000e+00 4.800955414012738620e-01 0.000000000000000000e+00 2.335117664882335187e-01 0.000000000000000000e+00 0.000000000000000000e+00 0.000000000000000000e+00 0.000000000000000000e+00 0.000000000000000000e+00 0.000000000000000000e+00 0.000000000000000000e+00 3.085886489201406513e-01 2.424725822532402819e-01
0.000000000000000000e+00 6.482032956124677003e-01 0.000000000000000000e+00 0.000000000000000000e+00 2.063119191093861771e-01 6.711003627569528396e-01 6.777361547028449840e-01 3.875062972292191432e-01 0.000000000000000000e+00 3.260521042084168486e-01 4.771714370605130151e-01 2.937556743669928472e-01 0.000000000000000000e+00 2.532960447463044606e-01 3.972549019607843346e-01 2.856574101721907066e-01 2.656580937972768397e-01 3.760804020100502743e-01 0.000000000000000000e+00 5.044166920499543183e-01
0.000000000000000000e+00 6.612576064908721740e-01 0.000000000000000000e+00 0.000000000000000000e+00 2.013503980651012715e-01 6.933957464129438808e-01 6.526904262753319141e-01 3.762415574096146242e-01 0.000000000000000000e+00 3.340109778410246255e-01 4.764498234997478487e-01 2.936683417085427239e-01 0.000000000000000000e+00 2.470481380563124552e-01 4.142842812719430001e-01 2.793329362715902264e-01 2.672379434037465140e-01 3.693064436792916627e-01 0.000000000000000000e+00 5.016090104585679832e-01
0.000000000000000000e+00 6.673389129777150819e-01 0.000000000000000000e+00 0.000000000000000000e+00 2.079999999999999905e-01 6.966514761244303466e-01 6.825157989768281253e-01 3.857142857142857317e-01 0.000000000000000000e+00 3.151805306203869783e-01 4.595854408410195435e-01 2.965192095496037572e-01 0.000000000000000000e+00 2.444623439387837160e-01 4.019637310890692428e-01 2.824542087879091112e-01 2.585006558369488672e-01 3.587434973989596099e-01 0.000000000000000000e+00 4.904382470119522108e-01
0.000000000000000000e+00 0.000000000000000000e+00 0.000000000000000000e+00 0.000000000000000000e+00 0.000000000000000000e+00 0.000000000000000000e+00 0.000000000000000000e+00 0.000000000000000000e+00 4.790083966413434813e-01 0.000000000000000000e+00 2.418136020151133436e-01 0.000000000000000000e+00 0.000000000000000000e+00 0.000000000000000000e+00 0.000000000000000000e+00 0.000000000000000000e+00 0.000000000000000000e+00 0.000000000000000000e+00 3.044920108531805614e-01 2.400878857485269080e-01
0.000000000000000000e+00 0.000000000000000000e+00 3.317326930772309113e-01 0.000000000000000000e+00 2.752165687543562944e-01 0.000000000000000000e+00 3.237281399046104680e-01 0.000000000000000000e+00 0.000000000000000000e+00 0.000000000000000000e+00 2.910873261978593751e-01 0.000000000000000000e+00 0.000000000000000000e+00 0.000000000000000000e+00 0.000000000000000000e+00 3.908464965573106298e-01 3.703703703703703498e-01 3.117855336368234864e-01 0.000000000000000000e+00 0.000000000000000000e+00
0.000000000000000000e+00 6.640316205533597360e-01 0.000000000000000000e+00 0.000000000000000000e+00 2.190057895787582420e-01 6.627766599597585406e-01 6.622046445593753328e-01 3.933734939759035987e-01 0.000000000000000000e+00 3.352289733612690559e-01 4.690117252931323422e-01 2.990933545880243294e-01 0.000000000000000000e+00 2.416040100250626543e-01 4.093105828977216532e-01 2.762463926758881305e-01 2.647352647352647081e-01 3.645378817929393334e-01 0.000000000000000000e+00 5.034401415372518063e-01
0.000000000000000000e+00 0.000000000000000000e+00 0.000000000000000000e+00 0.000000000000000000e+00 0.000000000000000000e+00 0.000000000000000000e+00 0.000000000000000000e+00 0.000000000000000000e+00 4.826885978271905908e-01 0.000000000000000000e+00 2.316344107812341735e-01 0.000000000000000000e+00 0.000000000000000000e+00 0.000000000000000000e+00 0.000000000000000000e+00 0.000000000000000000e+00 0.000000000000000000e+00 0.000000000000000000e+00 3.074829931972788977e-01 2.477055166288364696e-01
4.833100139916050586e-01 0.000000000000000000e+00 2.921461740359377890e-01 3.102990711442278338e-01 0.000000000000000000e+00 0.000000000000000000e+00 0.000000000000000000e+00 2.706283878739209059e-01 1.009315836922768606e+00 3.016393442622951060e-01 2.315476190476190577e-01 3.715550191108428768e-01 6.346231358323256577e-01 2.453926282051281937e-01 5.928600080224628588e-01 0.000000000000000000e+00 0.000000000000000000e+00 0.000000000000000000e+00 6.320048553510013711e-01 5.091233637445458093e-01
0.000000000000000000e+00 0.000000000000000000e+00 0.000000000000000000e+00 0.000000000000000000e+00 0.000000000000000000e+00 0.000000000000000000e+00 0.000000000000000000e+00 0.000000000000000000e+00 4.702826890420537254e-01 0.000000000000000000e+00 2.331288343558282072e-01 0.000000000000000000e+00 0.000000000000000000e+00 0.000000000000000000e+00 0.000000000000000000e+00 0.000000000000000000e+00 0.000000000000000000e+00 0.000000000000000000e+00 3.056517865980402093e-01 2.426803501358285597e-01
0.000000000000000000e+00 0.000000000000000000e+00 0.000000000000000000e+00 0.000000000000000000e+00 0.000000000000000000e+00 0.000000000000000000e+00 0.000000000000000000e+00 0.000000000000000000e+00 4.864321608040200751e-01 0.000000000000000000e+00 2.431677638140833930e-01 0.000000000000000000e+00 0.000000000000000000e+00 0.000000000000000000e+00 0.000000000000000000e+00 0.000000000000000000e+00 0.000000000000000000e+00 0.000000000000000000e+00 3.056471764117941192e-01 2.498753614517898181e-01
0.000000000000000000e+00 0.000000000000000000e+00 0.000000000000000000e+00 0.000000000000000000e+00 0.000000000000000000e+00 0.000000000000000000e+00 0.000000000000000000e+00 0.000000000000000000e+00 4.830028328611897792e-01 0.000000000000000000e+00 2.450568589283884935e-01 0.000000000000000000e+00 0.000000000000000000e+00 0.000000000000000000e+00 0.000000000000000000e+00 0.000000000000000000e+00 0.000000000000000000e+00 0.000000000000000000e+00 3.135999999999999899e-01 2.544299907815220640e-01
0.000000000000000000e+00 6.581580559526241103e-01 0.000000000000000000e+00 0.000000000000000000e+00 2.114164904862579353e-01 3.805211791930777632e-01 3.833667334669338400e-01 3.845379504731226139e-01 0.000000000000000000e+00 0.000000000000000000e+00 2.086316626889419268e-01 2.908730158730158943e-01 0.000000000000000000e+00 0.000000000000000000e+00 4.092213317502720882e-01 2.862286228622862305e-01 2.513977635782747577e-01 3.694267515923566614e-01 0.000000000000000000e+00 2.219539189053224559e-01
0.000000000000000000e+00 6.584475786566722499e-01 0.000000000000000000e+00 0.000000000000000000e+00 1.976268412438625111e-01 6.632880600040543806e-01 6.728110599078340748e-01 3.969604863221884439e-01 0.000000000000000000e+00 3.336888027144934710e-01 4.755328730111077484e-01 2.894947874899759244e-01 0.000000000000000000e+00 2.513120110902069548e-01 4.084618426255436918e-01 2.933946237633656695e-01 2.627118644067796827e-01 3.610389610389610482e-01 0.000000000000000000e+00 4.853236831523924377e-01
0.000000000000000000e+00 0.000000000000000000e+00 0.000000000000000000e+00 0.000000000000000000e+00 0.000000000000000000e+00 0.000000000000000000e+00 0.000000000000000000e+00 0.000000000000000000e+00 4.720695513140801269e-01 0.000000000000000000e+00 2.393298763462305412e-01 0.000000000000000000e+00 0.000000000000000000e+00 0.000000000000000000e+00 0.000000000000000000e+00 0.000000000000000000e+00 0.000000000000000000e+00 0.000000000000000000e+00 3.260671195376660392e-01 2.352247025272888314e-01
0.000000000000000000e+00 6.558817655282603853e-01 0.000000000000000000e+00 0.000000000000000000e+00 2.002806736166800328e-01 6.755266784800157964e-01 6.653366583541147072e-01 3.925421010425019785e-01 0.000000000000000000e+00 3.324011186576108501e-01 4.841579210394802435e-01 2.841409691629955825e-01 0.000000000000000000e+00 2.529579763361893274e-01 4.156662074394804063e-01 2.921303656597774023e-01 2.632679478243552529e-01 3.851385646127296614e-01 0.000000000000000000e+00 4.962648899656773582e-01
0.000000000000000000e+00 0.000000000000000000e+00 0.000000000000000000e+00 0.000000000000000000e+00 0.000000000000000000e+00 0.000000000000000000e+00 0.000000000000000000e+00 0.000000000000000000e+00 4.881905524419535847e-01 0.000000000000000000e+00 2.348250772450911905e-01 0.000000000000000000e+00 0.000000000000000000e+00 0.000000000000000000e+00 0.000000000000000000e+00 0.000000000000000000e+00 0.000000000000000000e+00 0.000000000000000000e+00 2.900373354293574457e-01 2.489550412886125108e-01
0.000000000000000000e+00 6.670643205089968886e-01 0.000000000000000000e+00 0.000000000000000000e+00 2.015952143569292032e-01 6.631332178167362867e-01 6.681076832383572306e-01 3.873810716074111427e-01 0.000000000000000000e+00 3.298300756310775239e-01 4.696501544901823810e-01 2.909738717339667713e-01 0.000000000000000000e+00 2.467598734564751539e-01 4.161907624486524404e-01 2.873073803730737952e-01 2.643102601865488510e-01 3.816316560820713355e-01 0.000000000000000000e+00 4.856067541450513891e-01
2.896700706991359175e-01 3.507080445917444833e-01 0.000000000000000000e+00 3.491142027825042682e-01 0.000000000000000000e+00 3.209752166028611575e-01 0.000000000000000000e+00 3.279537756525204295e-01 0.000000000000000000e+00 3.653330685992256521e-01 0.000000000000000000e+00 0.000000000000000000e+00 0.000000000000000000e+00 0.000000000000000000e+00 0.000000000000000000e+00 0.000000000000000000e+00 0.000000000000000000e+00 3.054574800766670095e-01 3.788519637462235412e-01 0.000000000000000000e+00
0.000000000000000000e+00 0.000000000000000000e+00 0.000000000000000000e+00 0.000000000000000000e+00 0.000000000000000000e+00 0.000000000000000000e+00 0.000000000000000000e+00 0.000000000000000000e+00 4.728460596161698781e-01 0.000000000000000000e+00 2.321873442949676236e-01 0.000000000000000000e+00 0.000000000000000000e+00 0.000000000000000000e+00 0.000000000000000000e+00 0.000000000000000000e+00 0.000000000000000000e+00 0.000000000000000000e+00 3.017446471054718304e-01 2.582088034970010937e-01
2.692154520111509353e-01 3.580394500896593168e-01 0.000000000000000000e+00 3.569506726457399304e-01 0.000000000000000000e+00 3.228672985781990690e-01 0.000000000000000000e+00 3.342724894344938358e-01 0.000000000000000000e+00 3.682216905901116166e-01 0.000000000000000000e+00 0.000000000000000000e+00 0.000000000000000000e+00 0.000000000000000000e+00 0.000000000000000000e+00 0.000000000000000000e+00 0.000000000000000000e+00 3.229280941458063103e-01 3.666094680528919070e-01 0.000000000000000000e+00
0.000000000000000000e+00 6.386255924170616272e-01 0.000000000000000000e+00 0.000000000000000000e+00 2.009759984065332128e-01 6.836590771710658876e-01 6.609914872308462197e-01 3.951807228915662495e-01 0.000000000000000000e+00 3.326074044743614899e-01 4.803278688524590390e-01 3.028668464688842321e-01 0.000000000000000000e+00 2.533160466739802774e-01 4.168679549114331917e-01 2.791120080726539054e-01 2.599220233929820933e-01 3.592525617842073360e-01 0.000000000000000000e+00 4.936386768447837414e-01
4.861636472227752193e-01 0.000000000000000000e+00 3.304240681794845536e-01 2.922097605334950110e-01 0.000000000000000000e+00 0.000000000000000000e+00 0.000000000000000000e+00 2.761885973564805474e-01 1.010769686789842803e+00 2.967768092438678451e-01 2.319724545007378347e-01 3.729566094853682956e-01 6.364524321156476150e-01 2.398803589232303135e-01 5.894313034725716660e-01 0.000000000000000000e+00 0.000000000000000000e+00 0.000000000000000000e+00 6.117978092654005051e-01 5.042864346949067489e-01
0.000000000000000000e+00 6.405136951941406975e-01 0.000000000000000000e+00 0.000000000000000000e+00 1.984686681442675849e-01 6.507480431982561875e-01 6.663374160410904246e-01 4.022077270446562935e-01 0.000000000000000000e+00 3.501489572989076593e-01 4.853146853146853013e-01 2.975604858949904563e-01 0.000000000000000000e+00 2.500246475401755042e-01 3.918146253385494937e-01 2.883135059482155316e-01 2.591687041564791905e-01 3.759744153507895148e-01 0.000000000000000000e+00 4.994976893711071120e-01
0.000000000000000000e+00 6.516225661507738520e-01 0.000000000000000000e+00 0.000000000000000000e+00 2.029564522572912533e-01 6.617794737899176383e-01 6.727779992028696254e-01 3.948438274665344583e-01 0.000000000000000000e+00 3.319885860474269257e-01 4.722027446659320948e-01 2.958341718655664865e-01 0.000000000000000000e+00 2.599406528189910914e-01 3.929949539922825696e-01 2.840667678300455301e-01 2.639273014618727653e-01 3.590100387635423718e-01 0.000000000000000000e+00 4.954928182268449888e-01
0.000000000000000000e+00 6.407268417934031124e-01 0.000000000000000000e+00 0.000000000000000000e+00 2.021688613477924112e-01 6.875246742992499049e-01 6.876513317191282892e-01 3.765606121627064207e-01 0.000000000000000000e+00 3.306635024226243225e-01 4.742247482301326089e-01 2.895936570862239767e-01 0.000000000000000000e+00 2.536419876272201224e-01 4.126919556595138872e-01 2.802737280571258593e-01 2.647000199322304126e-01 3.588358835883588283e-01 0.000000000000000000e+00 4.926590538336051983e-01
0.000000000000000000e+00 0.000000000000000000e+00 0.000000000000000000e+00 0.000000000000000000e+00 0.000000000000000000e+00 0.000000000000000000e+00 0.000000000000000000e+00 0.000000000000000000e+00 4.778850020104543628e-01 0.000000000000000000e+00 2.511379378586978128e-01 0.000000000000000000e+00 0.000000000000000000e+00 0.000000000000000000e+00 0.000000000000000000e+00 0.000000000000000000e+00 0.000000000000000000e+00 0.000000000000000000e+00 2.926927735163504241e-01 2.595710563239125857e-01
0.000000000000000000e+00 6.494546182327629591e-01 0.000000000000000000e+00 0.000000000000000000e+00 1.994205215306224521e-01 6.715808347444964799e-01 6.784167589888205896e-01 3.840206185567010544e-01 0.000000000000000000e+00 3.415218693828639962e-01 4.695232347616173918e-01 3.041191066997518400e-01 0.000000000000000000e+00 2.535880431554983772e-01 4.002361275088547887e-01 2.882406748653318362e-01 2.724544908981796354e-01 3.704891740176423642e-01 0.000000000000000000e+00 4.948575949367088334e-01
0.000000000000000000e+00 6.567732878772686300e-01 0.000000000000000000e+00 0.000000000000000000e+00 2.034169247677090619e-01 6.761006289308175710e-01 6.800788954635108574e-01 3.913482918940772159e-01 0.000000000000000000e+00 3.336987939798664593e-01 4.721073338040956413e-01 3.067594433399602472e-01 0.000000000000000000e+00 2.441222570532915470e-01 3.961980990495247434e-01 2.797230861844085537e-01 2.653040976287330266e-01 3.665582174898945333e-01 0.000000000000000000e+00 4.898367878241714490e-01
0.000000000000000000e+00 0.000000000000000000e+00 0.000000000000000000e+00 0.000000000000000000e+00 0.000000000000000000e+00 0.000000000000000000e+00 0.000000000000000000e+00 0.000000000000000000e+00 4.719367588932806279e-01 0.000000000000000000e+00 2.328465693138627723e-01 0.000000000000000000e+00 0.000000000000000000e+00 0.000000000000000000e+00 0.000000000000000000e+00 0.000000000000000000e+00 0.000000000000000000e+00 0.000000000000000000e+00 3.083587673525647332e-01 2.531595183600358068e-01
0.000000000000000000e+00 6.641639610389610260e-01 0.000000000000000000e+00 0.000000000000000000e+00 1.925059476605868458e-01 6.929985514244326739e-01 6.804912421985102045e-01 3.729702471003529807e-01 0.000000000000000000e+00 3.224759005580923321e-01 4.587282780410742444e-01 3.012255646713258295e-01 0.000000000000000000e+00 2.560814249363867479e-01 3.950393224440411633e-01 2.894763496404335057e-01 2.683024137243167906e-01 3.671859593768487251e-01 0.000000000000000000e+00 5.012966287652104169e-01
0.000000000000000000e+00 0.000000000000000000e+00 0.000000000000000000e+00 0.000000000000000000e+00 0.000000000000000000e+00 0.000000000000000000e+00 0.000000000000000000e+00 0.000000000000000000e+00 4.639403706688154938e-01 0.000000000000000000e+00 2.375211716648401028e-01 0.000000000000000000e+00 0.000000000000000000e+00 0.000000000000000000e+00 0.000000000000000000e+00 0.000000000000000000e+00 0.000000000000000000e+00 0.000000000000000000e+00 2.960354196015294592e-01 2.412799364006757430e-01
0.000000000000000000e+00 6.554236104181219158e-01 0.000000000000000000e+00 0.000000000000000000e+00 1.961679737913233357e-01 6.639096227556989804e-01 6.675429726996966462e-01 3.985901309164149309e-01 0.000000000000000000e+00 3.264154745113842515e-01 4.775017459842362810e-01 2.874457125542874691e-01 0.000000000000000000e+00 2.367996775493752537e-01 3.968979916484390302e-01 2.849761526232114650e-01 2.508759635599159266e-01 3.716351948573724528e-01 0.000000000000000000e+00 5.082065652522017585e-01
0.000000000000000000e+00 0.000000000000000000e+00 0.000000000000000000e+00 0.000000000000000000e+00 0.000000000000000000e+00 0.000000000000000000e+00 0.000000000000000000e+00 0.000000000000000000e+00 4.726981264402364546e-01 0.000000000000000000e+00 2.436804853387259939e-01 0.000000000000000000e+00 0.000000000000000000e+00 0.000000000000000000e+00 0.000000000000000000e+00 0.000000000000000000e+00 0.000000000000000000e+00 0.000000000000000000e+00 3.035517758879439643e-01 2.520052797238298559e-01
0.000000000000000000e+00 6.593232112731963745e-01 0.000000000000000000e+00 0.000000000000000000e+00 2.082830719742661818e-01 6.722238761536171170e-01 6.711991329194995082e-01 3.956021989005497064e-01 0.000000000000000000e+00 3.272512082059374494e-01 4.670827461244211887e-01 2.872752557862322531e-01 0.000000000000000000e+00 2.480314960629921295e-01 4.199288256227757810e-01 2.879533808901838521e-01 2.522790328973444351e-01 3.865529352734570767e-01 0.000000000000000000e+00 4.934828735980600345e-01
0.000000000000000000e+00 6.684826472962066557e-01 0.000000000000000000e+00 0.000000000000000000e+00 2.032258064516128948e-01 6.635118807893677362e-01 6.688180718031464522e-01 3.886190145732130730e-01 0.000000000000000000e+00 3.109731678013616385e-01 4.660136539032354031e-01 2.983403319336132564e-01 0.000000000000000000e+00 2.404195240016135660e-01 3.971862575186053679e-01 2.898024989923417838e-01 2.660780575900471567e-01 3.670181022478615218e-01 0.000000000000000000e+00 4.859850776366202996e-01
0.000000000000000000e+00 6.369273854770953758e-01 0.000000000000000000e+00 0.000000000000000000e+00 2.018003759026610056e-01 6.694770651410217877e-01 6.754846526655896577e-01 3.792450951100487799e-01 0.000000000000000000e+00 3.333333333333333148e-01 4.759240759240759289e-01 2.990933545880243294e-01 0.000000000000000000e+00 2.386397534055881564e-01 3.989104116222760288e-01 2.822828784119106871e-01 2.661160354552780105e-01 3.602496979460330095e-01 0.000000000000000000e+00 4.884167931208902580e-01
0.000000000000000000e+00 6.618225855283076386e-01 0.000000000000000000e+00 0.000000000000000000e+00 2.113917781079742431e-01 6.718812675491375730e-01 6.776077325815546004e-01 3.888558397779099951e-01 0.000000000000000000e+00 3.174098718840003830e-01 4.715414624387316289e-01 2.987768197313013796e-01 0.000000000000000000e+00 2.502970297029702973e-01 4.054706355591311540e-01 2.761051253650186332e-01 2.654867256637168382e-01 3.698301698301698082e-01 0.000000000000000000e+00 5.119481571486431681e-01
0.000000000000000000e+00 6.593836957641966423e-01 0.000000000000000000e+00 0.000000000000000000e+00 2.030496802754550023e-01 6.928210313447926705e-01 6.668696711327649629e-01 3.938170719700698763e-01 0.000000000000000000e+00 3.322548028311425594e-01 4.725351410627056103e-01 2.985489962234148531e-01 0.000000000000000000e+00 2.401200600300150145e-01 4.080974921945815237e-01 2.859992022337455309e-01 2.635966653433902129e-01 3.804380438043804546e-01 0.000000000000000000e+00 4.939868620515411868e-01
0.000000000000000000e+00 6.546933915459416387e-01 0.000000000000000000e+00 0.000000000000000000e+00 2.118473895582329292e-01 6.666666666666666297e-01 6.928479572658027275e-01 3.957176843774781738e-01 0.000000000000000000e+00 3.147258903561424570e-01 4.711173296022386769e-01 3.010709234188724825e-01 0.000000000000000000e+00 2.499507194953676237e-01 4.182730923694779057e-01 2.831964750650911022e-01 2.669601761056634159e-01 3.803470540758676077e-01 0.000000000000000000e+00 4.946428571428571619e-01
0.000000000000000000e+00 6.565083159047903072e-01 0.000000000000000000e+00 0.000000000000000000e+00 2.052626272809759123e-01 6.750863344844597602e-01 6.707159215373892369e-01 3.881098163144380830e-01 0.000000000000000000e+00 3.354162467244506951e-01 4.808514871182731354e-01 2.898609151380769910e-01 0.000000000000000000e+00 2.491467576791808747e-01 4.138969776081936058e-01 2.871714397803060148e-01 2.591233435270132723e-01 3.644135188866799435e-01 0.000000000000000000e+00 4.977150804689052244e-01
0.000000000000000000e+00 6.445837063563115699e-01 0.000000000000000000e+00 0.000000000000000000e+00 2.006850695144066221e-01 6.750000000000000444e-01 6.805061289047054096e-01 3.780548628428927471e-01 0.000000000000000000e+00 3.275983499346010741e-01 4.778136345300524335e-01 3.030794165316045286e-01 0.000000000000000000e+00 2.518562518562518782e-01 4.096907622611778432e-01 2.681946119823079844e-01 2.732575383094414390e-01 3.733306954199228644e-01 0.000000000000000000e+00 5.030284976665673202e-01
0.000000000000000000e+00 6.560459133188204506e-01 0.000000000000000000e+00 0.000000000000000000e+00 1.957956738092820059e-01 6.841791044776119879e-01 6.684036476600861976e-01 3.921647819063004969e-01 0.000000000000000000e+00 3.384213697529624421e-01 4.829709065633998599e-01 2.934621832166453004e-01 0.000000000000000000e+00 2.447609359104781224e-01 4.021533246934503314e-01 2.856286827124737693e-01 2.623112602388236181e-01 3.657811057544363420e-01 0.000000000000000000e+00 4.916871618298081503e-01
0.000000000000000000e+00 0.000000000000000000e+00 3.334651898734177222e-01 0.000000000000000000e+00 2.771880632886040696e-01 0.000000000000000000e+00 3.318943881136431906e-01 0.000000000000000000e+00 0.000000000000000000e+00 0.000000000000000000e+00 2.910148415563578173e-01 0.000000000000000000e+00 0.000000000000000000e+00 0.000000000000000000e+00 0.000000000000000000e+00 3.982529283303553602e-01 3.563665370425765366e-01 3.117296222664016070e-01 0.000000000000000000e+00 0.000000000000000000e+00
0.000000000000000000e+00 6.558533145275035059e-01 0.000000000000000000e+00 0.000000000000000000e+00 2.009114325341787299e-01 6.582278481012657778e-01 6.829806438672149094e-01 4.000000000000000222e-01 0.000000000000000000e+00 3.258130676823908778e-01 4.585691188358932968e-01 3.092990560353484630e-01 0.000000000000000000e+00 2.433883475840127320e-01 4.042109444830668252e-01 2.943653499097653725e-01 2.663625545418484841e-01 3.879847297568816411e-01 0.000000000000000000e+00 5.168561940223407314e-01
0.000000000000000000e+00 6.607413392586607426e-01 0.000000000000000000e+00 0.000000000000000000e+00 2.076173248919706560e-01 6.650470695414515410e-01 6.651412654198169960e-01 3.909744408945686756e-01 0.000000000000000000e+00 3.216415647427474100e-01 4.549639711769415396e-01 2.891908335023322119e-01 0.000000000000000000e+00 2.425019731649565857e-01 4.051134674462392171e-01 2.814553299990193436e-01 2.653040574724274125e-01 3.795138541562468881e-01 0.000000000000000000e+00 5.093117408906883137e-01
0.000000000000000000e+00 6.489687160761866691e-01 0.000000000000000000e+00 0.000000000000000000e+00 2.035240546426450303e-01 6.757824369492555494e-01 6.855039299572182054e-01 4.090222535494915101e-01 0.000000000000000000e+00 3.456939001105416298e-01 4.858152448258455380e-01 2.753623188405797118e-01 0.000000000000000000e+00 2.497757400578092257e-01 4.136005583806959818e-01 2.870259481037923943e-01 2.587350291992477347e-01 3.711755233494363759e-01 0.000000000000000000e+00 5.135915563078761181e-01
0.000000000000000000e+00 0.000000000000000000e+00 0.000000000000000000e+00 0.000000000000000000e+00 0.000000000000000000e+00 0.000000000000000000e+00 0.000000000000000000e+00 0.000000000000000000e+00 4.642963256412795947e-01 0.000000000000000000e+00 2.381624017731210907e-01 0.000000000000000000e+00 0.000000000000000000e+00 0.000000000000000000e+00 0.000000000000000000e+00 0.000000000000000000e+00 0.000000000000000000e+00 0.000000000000000000e+00 3.121912665481130222e-01 2.541947151612579114e-01
0.000000000000000000e+00 0.000000000000000000e+00 3.372150890813178092e-01 0.000000000000000000e+00 2.948175035289372636e-01 0.000000000000000000e+00 3.232649762602283205e-01 0.000000000000000000e+00 0.000000000000000000e+00 0.000000000000000000e+00 2.856280193236714893e-01 0.000000000000000000e+00 0.000000000000000000e+00 0.000000000000000000e+00 0.000000000000000000e+00 4.057826520438683748e-01 3.658608781450419234e-01 3.118691966088009693e-01 0.000000000000000000e+00 0.000000000000000000e+00
0.000000000000000000e+00 0.000000000000000000e+00 0.000000000000000000e+00 0.000000000000000000e+00 0.000000000000000000e+00 0.000000000000000000e+00 0.000000000000000000e+00 0.000000000000000000e+00 4.733823085438261247e-01 0.000000000000000000e+00 2.353876739562624221e-01 0.000000000000000000e+00 0.000000000000000000e+00 0.000000000000000000e+00 0.000000000000000000e+00 0.000000000000000000e+00 0.000000000000000000e+00 0.000000000000000000e+00 3.177957732569622884e-01 2.432890929048997231e-01
2.794846382556986919e-01 3.436114668505566017e-01 0.000000000000000000e+00 3.409756590243409602e-01 0.000000000000000000e+00 3.320117922130730870e-01 0.000000000000000000e+00 3.402102757389406928e-01 0.000000000000000000e+00 3.649471974004874220e-01 0.000000000000000000e+00 0.000000000000000000e+00 0.000000000000000000e+00 0.000000000000000000e+00 0.000000000000000000e+00 0.000000000000000000e+00 0.000000000000000000e+00 3.203386493404213331e-01 3.822347266881028771e-01 0.000000000000000000e+00
0.000000000000000000e+00 0.000000000000000000e+00 0.000000000000000000e+00 0.000000000000000000e+00 0.000000000000000000e+00 0.000000000000000000e+00 0.000000000000000000e+00 0.000000000000000000e+00 4.675529295913343208e-01 0.000000000000000000e+00 2.291046257693071242e-01 0.000000000000000000e+00 0.000000000000000000e+00 0.000000000000000000e+00 0.000000000000000000e+00 0.000000000000000000e+00 0.000000000000000000e+00 0.000000000000000000e+00 3.212517330164388896e-01 2.458983988930618647e-01
0.000000000000000000e+00 6.438547486033519007e-01 6.887013119088782886e-01 3.400850719060157790e-01 7.695049504950495223e-01 6.776760843613210961e-01 1.001489720925613280e+00 3.891129032258064391e-01 0.000000000000000000e+00 3.316796598157334963e-01 7.600752549757401333e-01 2.990542558486809499e-01 3.685884691848906325e-01 5.245194193801491211e-01 4.068965517241379115e-01 6.627595112744610883e-01 9.897174802835180252e-01 6.909127142287764256e-01 0.000000000000000000e+00 4.955680902497985318e-01
4.939042821158690089e-01 0.000000000000000000e+00 3.187650360866078336e-01 3.063509362924799473e-01 0.000000000000000000e+00 0.000000000000000000e+00 0.000000000000000000e+00 2.682703088370196887e-01 1.006777330321186437e+00 2.987884249524381808e-01 2.352350341502611464e-01 3.731092436974789983e-01 6.212723658051689801e-01 2.589753933037515221e-01 5.966633954857704092e-01 0.000000000000000000e+00 0.000000000000000000e+00 0.000000000000000000e+00 6.270764945787327127e-01 5.037698412698412564e-01
0.000000000000000000e+00 0.000000000000000000e+00 3.381622935872758418e-01 0.000000000000000000e+00 2.788688138256087967e-01 0.000000000000000000e+00 3.228104898565066772e-01 0.000000000000000000e+00 0.000000000000000000e+00 0.000000000000000000e+00 2.959432048681541749e-01 0.000000000000000000e+00 0.000000000000000000e+00 0.000000000000000000e+00 0.000000000000000000e+00 4.166835391779712405e-01 3.564396222624070520e-01 3.133419818381398825e-01 0.000000000000000000e+00 0.000000000000000000e+00
0.000000000000000000e+00 6.444555945810336306e-01 0.000000000000000000e+00 0.000000000000000000e+00 2.044426575535229773e-01 6.598485593470351240e-01 6.896551724137931494e-01 3.861544617847139094e-01 0.000000000000000000e+00 3.299663299663299632e-01 4.770443349753694662e-01 2.879712028797120071e-01 0.000000000000000000e+00 2.507892659826361226e-01 4.009925558312655292e-01 2.898954703832752888e-01 2.619479733817302036e-01 3.770622142715165936e-01 0.000000000000000000e+00 5.090729783037475364e-01
0.000000000000000000e+00 6.376868996930389333e-01 0.000000000000000000e+00 0.000000000000000000e+00 1.881617424624382473e-01 6.850583971002819350e-01 6.686759091822382928e-01 3.769841269841269771e-01 0.000000000000000000e+00 3.285543608124253390e-01 4.764776839565741939e-01 3.005426739023187022e-01 0.000000000000000000e+00 2.480650922802143388e-01 4.096815792084118613e-01 3.021314212749238726e-01 2.672660400490396437e-01 3.637440758293838949e-01 0.000000000000000000e+00 5.168092301571514113e-01
0.000000000000000000e+00 3.872349102773246510e-01 0.000000000000000000e+00 0.000000000000000000e+00 0.000000000000000000e+00 3.790251970035995455e-01 3.870053638295719023e-01 3.930333232658814180e-01 0.000000000000000000e+00 0.000000000000000000e+00 0.000000000000000000e+00 0.000000000000000000e+00 0.000000000000000000e+00 0.000000000000000000e+00 3.942451793385952641e-01 0.000000000000000000e+00 0.000000000000000000e+00 3.699582753824756653e-01 0.000000000000000000e+00 0.000000000000000000e+00
0.000000000000000000e+00 6.440575626446614077e-01 0.000000000000000000e+00 0.000000000000000000e+00 2.005213555243633428e-01 6.677905593018643726e-01 6.888532477947072463e-01 3.840515977719143881e-01 0.000000000000000000e+00 3.395298514802793099e-01 4.836165048543689116e-01 3.032468858484786423e-01 0.000000000000000000e+00 2.565978056736186730e-01 4.118768181362222891e-01 2.962298025134649793e-01 2.558162755866200677e-01 3.737182677949228427e-01 0.000000000000000000e+00 5.024759979787771780e-01
0.000000000000000000e+00 6.601883986117996761e-01 0.000000000000000000e+00 0.000000000000000000e+00 2.004555808656036386e-01 6.687424668541582795e-01 6.647536117158123758e-01 4.021771998790444336e-01 0.000000000000000000e+00 3.276103014573767402e-01 4.845638924967529126e-01 2.869857594936708889e-01 0.000000000000000000e+00 2.576773031909572742e-01 3.977306658704090614e-01 2.864924846161606142e-01 2.591696896412736817e-01 3.641527913809990413e-01 0.000000000000000000e+00 4.987942122186495020e-01
0.000000000000000000e+00 0.000000000000000000e+00 0.000000000000000000e+00 0.000000000000000000e+00 0.000000000000000000e+00 0.000000000000000000e+00 0.000000000000000000e+00 0.000000000000000000e+00 4.788213627992633503e-01 0.000000000000000000e+00 2.263769580596260711e-01 0.000000000000000000e+00 0.000000000000000000e+00 0.000000000000000000e+00 0.000000000000000000e+00 0.000000000000000000e+00 0.000000000000000000e+00 0.000000000000000000e+00 2.984955664043040802e-01 2.595358224016145465e-01
0.000000000000000000e+00 6.605723370429252839e-01 0.000000000000000000e+00 0.000000000000000000e+00 2.104320127413896180e-01 6.593559964111255223e-01 6.850323222277473478e-01 4.038846615939126750e-01 0.000000000000000000e+00 3.232567513099556811e-01 4.644194756554307357e-01 2.996411483253588748e-01 0.000000000000000000e+00 2.504240247430908894e-01 4.055299539170507117e-01 2.959224069675376323e-01 2.430729218765629585e-01 3.836522087548833171e-01 0.000000000000000000e+00 4.952112108075411023e-01
0.000000000000000000e+00 6.530127634312852258e-01 0.000000000000000000e+00 0.000000000000000000e+00 2.054523903595416867e-01 6.703595528250578806e-01 6.772265391512253263e-01 3.840031834460803650e-01 0.000000000000000000e+00 3.202058183257470714e-01 4.752572268495835472e-01 2.954870328772717936e-01 0.000000000000000000e+00 2.333097666902333167e-01 4.133999999999999897e-01 2.751122194513715979e-01 2.614509529987027459e-01 3.759502418797512346e-01 0.000000000000000000e+00 4.993464052287581723e-01
2.313320637466172169e-01 0.000000000000000000e+00 0.000000000000000000e+00 0.000000000000000000e+00 0.000000000000000000e+00 0.000000000000000000e+00 0.000000000000000000e+00 2.782976154542710634e-01 4.666333166583291892e-01 2.965696051057040150e-01 2.352242352242352175e-01 0.000000000000000000e+00 2.965545529122231572e-01 0.000000000000000000e+00 2.789621882542236420e-01 0.000000000000000000e+00 0.000000000000000000e+00 0.000000000000000000e+00 6.230225848174311132e-01 4.996521911954685535e-01
0.000000000000000000e+00 0.000000000000000000e+00 0.000000000000000000e+00 0.000000000000000000e+00 0.000000000000000000e+00 0.000000000000000000e+00 0.000000000000000000e+00 0.000000000000000000e+00 4.708900730215117569e-01 0.000000000000000000e+00 2.302360622802611667e-01 0.000000000000000000e+00 0.000000000000000000e+00 0.000000000000000000e+00 0.000000000000000000e+00 0.000000000000000000e+00 0.000000000000000000e+00 0.000000000000000000e+00 3.008384685321749408e-01 2.547054009819967324e-01
0.000000000000000000e+00 0.000000000000000000e+00 0.000000000000000000e+00 0.000000000000000000e+00 0.000000000000000000e+00 0.000000000000000000e+00 0.000000000000000000e+00 0.000000000000000000e+00 4.716351501668520352e-01 0.000000000000000000e+00 2.201871792291436036e-01 0.000000000000000000e+00 0.000000000000000000e+00 0.000000000000000000e+00 0.000000000000000000e+00 0.000000000000000000e+00 0.000000000000000000e+00 0.000000000000000000e+00 3.158928045548247687e-01 2.536040011768166957e-01
