Num_mutations: 100
Num_samples: 20
Error_rate: 0.030000

4.323165383490887859e-01 7.516145566376217779e-01 2.721600475388729068e-01 5.390043120344962801e-01 6.584602966400968649e-01 0.000000000000000000e+00 0.000000000000000000e+00 5.426573426573426673e-01 1.976883220406536468e-01 2.413206603301650821e-01 6.504001561585008861e-01 0.000000000000000000e+00 5.923246935905164268e-01 2.411978955888304244e-01 4.460759996031352093e-01 2.952618453865336612e-01 2.533546965752052627e-01 1.003856422426579575e+00 7.972919155714854877e-01 5.082627972591696741e-01
4.299141806293420576e-01 3.054393305439330741e-01 2.528850978424485585e-01 2.364313764978350496e-01 6.679497568881685998e-01 0.000000000000000000e+00 0.000000000000000000e+00 5.412096206098420126e-01 1.930176565008025757e-01 2.300198807157057546e-01 0.000000000000000000e+00 0.000000000000000000e+00 0.000000000000000000e+00 2.395162089818578255e-01 4.455023306555588869e-01 2.917632825889706627e-01 2.417251755265797386e-01 9.979971960745043225e-01 4.460050890585241512e-01 2.045543776992540252e-01
6.587150446025858974e-01 7.525126878296347632e-01 5.533501259445844367e-01 7.062350119904077239e-01 1.004856333468231444e+00 0.000000000000000000e+00 4.049302889472620737e-01 9.896802913800081258e-01 1.997975708502024161e-01 4.402579085230707290e-01 6.568088720151863402e-01 5.627415090502339012e-01 9.954732924253093529e-01 2.236725007416197064e-01 4.478274019558423080e-01 2.957902140058273899e-01 2.520924671183738530e-01 9.943413084483272435e-01 7.997646597372033428e-01 5.248198558847078088e-01
3.500450315220654529e-01 0.000000000000000000e+00 4.319573375469089593e-01 2.906408850792385201e-01 0.000000000000000000e+00 9.931834367687455423e-01 6.014224181107883371e-01 0.000000000000000000e+00 6.241710383054538402e-01 2.940003986446083073e-01 0.000000000000000000e+00 0.000000000000000000e+00 0.000000000000000000e+00 3.994788534776508304e-01 5.664000000000000146e-01 0.000000000000000000e+00 2.929252782193958460e-01 0.000000000000000000e+00 0.000000000000000000e+00 0.000000000000000000e+00
0.000000000000000000e+00 2.385861561119293206e-01 0.000000000000000000e+00 0.000000000000000000e+00 0.000000000000000000e+00 0.000000000000000000e+00 0.000000000000000000e+00 0.000000000000000000e+00 1.699572562589049540e-01 0.000000000000000000e+00 3.596473652574634361e-01 4.329126703685007849e-01 0.000000000000000000e+00 0.000000000000000000e+00 0.000000000000000000e+00 2.535549769677548637e-01 1.553457203777033335e-01 0.000000000000000000e+00 1.833001988071570609e-01 1.661971830985915499e-01
0.000000000000000000e+00 3.028513238289205489e-01 0.000000000000000000e+00 0.000000000000000000e+00 0.000000000000000000e+00 0.000000000000000000e+00 0.000000000000000000e+00 0.000000000000000000e+00 0.000000000000000000e+00 0.000000000000000000e+00 0.000000000000000000e+00 0.000000000000000000e+00 0.000000000000000000e+00 0.000000000000000000e+00 0.000000000000000000e+00 0.000000000000000000e+00 0.000000000000000000e+00 0.000000000000000000e+00 2.374456306840648512e-01 0.000000000000000000e+00
4.183530354638348991e-01 3.021668150786583351e-01 2.529904306220095433e-01 2.268103535099204315e-01 6.820809248554913218e-01 0.000000000000000000e+00 0.000000000000000000e+00 5.353545232273838606e-01 1.956091772151898611e-01 2.439226233578152547e-01 0.000000000000000000e+00 0.000000000000000000e+00 0.000000000000000000e+00 2.364223702806380056e-01 4.617727688090161320e-01 2.967098703888335076e-01 2.389786554957111508e-01 1.019941877943681741e+00 4.591836734693877653e-01 1.986741663318601914e-01
3.475840127261881074e-01 0.000000000000000000e+00 4.272433306386418939e-01 2.954705232499749146e-01 0.000000000000000000e+00 9.793835068054443926e-01 6.004962779156327590e-01 0.000000000000000000e+00 6.285247241520228734e-01 2.958720126407268225e-01 0.000000000000000000e+00 0.000000000000000000e+00 0.000000000000000000e+00 3.855421686746988152e-01 5.546614327772325659e-01 0.000000000000000000e+00 3.001202886928628910e-01 0.000000000000000000e+00 0.000000000000000000e+00 0.000000000000000000e+00
3.482428115015974712e-01 0.000000000000000000e+00 4.466252753855397550e-01 2.786179268903354878e-01 0.000000000000000000e+00 9.926611038504071782e-01 6.030221154808366180e-01 0.000000000000000000e+00 6.208060353384950991e-01 2.908536585365853466e-01 0.000000000000000000e+00 0.000000000000000000e+00 0.000000000000000000e+00 3.977999999999999869e-01 5.495495495495495986e-01 0.000000000000000000e+00 3.029145728643216073e-01 0.000000000000000000e+00 0.000000000000000000e+00 0.000000000000000000e+00
0.000000000000000000e+00 3.085906571654790098e-01 0.000000000000000000e+00 0.000000000000000000e+00 0.000000000000000000e+00 0.000000000000000000e+00 0.000000000000000000e+00 0.000000000000000000e+00 0.000000000000000000e+00 0.000000000000000000e+00 0.000000000000000000e+00 0.000000000000000000e+00 0.000000000000000000e+00 0.000000000000000000e+00 0.000000000000000000e+00 0.000000000000000000e+00 0.000000000000000000e+00 0.000000000000000000e+00 2.298043151028600073e-01 0.000000000000000000e+00
3.464328899637242887e-01 0.000000000000000000e+00 4.482584553255931081e-01 2.828665404166251229e-01 0.000000000000000000e+00 9.915766524625904133e-01 6.100843712334270696e-01 0.000000000000000000e+00 6.375624375624375784e-01 2.848082449707660113e-01 0.000000000000000000e+00 0.000000000000000000e+00 0.000000000000000000e+00 3.917402958403653490e-01 5.530265381174833683e-01 0.000000000000000000e+00 3.040096959903040297e-01 0.000000000000000000e+00 0.000000000000000000e+00 0.000000000000000000e+00
4.200415882760669128e-01 2.993374824332463158e-01 2.570823671741103156e-01 2.261042183622828661e-01 6.726350343181140001e-01 0.000000000000000000e+00 0.000000000000000000e+00 5.506089039728488954e-01 2.009482497730253336e-01 2.397438463077846693e-01 0.000000000000000000e+00 0.000000000000000000e+00 0.000000000000000000e+00 2.317834836918806485e-01 4.551326642154426838e-01 2.983734158267637993e-01 2.555335968379446876e-01 1.000100938730190681e+00 4.634806131650135441e-01 2.021776046349016143e-01
4.235978729808367871e-01 2.993963782696176801e-01 2.651689900712064785e-01 2.230475808070668531e-01 6.925999999999999934e-01 0.000000000000000000e+00 0.000000000000000000e+00 5.501207729468599039e-01 1.930501930501930530e-01 2.366450324513230119e-01 0.000000000000000000e+00 0.000000000000000000e+00 0.000000000000000000e+00 2.359437751004015982e-01 4.423231511254019366e-01 2.875203915171288815e-01 2.490603363006923809e-01 1.001084919617319269e+00 4.641051567239635744e-01 2.085439587669739303e-01
0.000000000000000000e+00 3.122287968441814776e-01 0.000000000000000000e+00 0.000000000000000000e+00 0.000000000000000000e+00 0.000000000000000000e+00 0.000000000000000000e+00 0.000000000000000000e+00 0.000000000000000000e+00 0.000000000000000000e+00 0.000000000000000000e+00 0.000000000000000000e+00 0.000000000000000000e+00 0.000000000000000000e+00 0.000000000000000000e+00 0.000000000000000000e+00 0.000000000000000000e+00 0.000000000000000000e+00 2.286172666198736658e-01 0.000000000000000000e+00
0.000000000000000000e+00 3.008760447084885548e-01 0.000000000000000000e+00 0.000000000000000000e+00 0.000000000000000000e+00 0.000000000000000000e+00 0.000000000000000000e+00 0.000000000000000000e+00 0.000000000000000000e+00 0.000000000000000000e+00 0.000000000000000000e+00 0.000000000000000000e+00 0.000000000000000000e+00 0.000000000000000000e+00 0.000000000000000000e+00 0.000000000000000000e+00 0.000000000000000000e+00 0.000000000000000000e+00 2.249627051218299478e-01 0.000000000000000000e+00
0.000000000000000000e+00 3.104736895263104923e-01 0.000000000000000000e+00 0.000000000000000000e+00 0.000000000000000000e+00 0.000000000000000000e+00 0.000000000000000000e+00 0.000000000000000000e+00 0.000000000000000000e+00 0.000000000000000000e+00 0.000000000000000000e+00 0.000000000000000000e+00 0.000000000000000000e+00 0.000000000000000000e+00 0.000000000000000000e+00 0.000000000000000000e+00 0.000000000000000000e+00 0.000000000000000000e+00 2.287075640262060672e-01 0.000000000000000000e+00
2.173739788802550310e-01 2.884479806627052167e-01 0.000000000000000000e+00 2.286394760345340782e-01 3.887296094908551658e-01 0.000000000000000000e+00 0.000000000000000000e+00 5.482982490655124996e-01 1.994603777355850871e-01 2.309072781655034934e-01 0.000000000000000000e+00 0.000000000000000000e+00 0.000000000000000000e+00 0.000000000000000000e+00 4.617080994386527637e-01 3.020645419923832509e-01 2.494559841740850714e-01 5.160778086542279208e-01 4.536227514822631091e-01 2.061753970602742403e-01
3.381901080384577263e-01 0.000000000000000000e+00 4.361841442530472457e-01 2.895054282267792711e-01 0.000000000000000000e+00 1.005310457516339850e+00 5.854494155582425918e-01 0.000000000000000000e+00 6.525625744934445693e-01 2.946147798742138613e-01 0.000000000000000000e+00 0.000000000000000000e+00 0.000000000000000000e+00 3.903323262839878960e-01 5.476049674748669771e-01 0.000000000000000000e+00 3.098619723944788795e-01 0.000000000000000000e+00 0.000000000000000000e+00 0.000000000000000000e+00
9.953154589853483447e-01 1.009236269738802205e+00 9.992935715006560082e-01 9.955393349553933735e-01 1.010929509676125493e+00 1.002704597816287624e+00 1.007300730073007244e+00 9.959020489755122663e-01 1.027906518094862331e+00 1.009228937183685559e+00 1.001229004506349884e+00 1.008683501347439782e+00 1.008693934005137294e+00 9.748121064391631618e-01 1.003054367745876529e+00 1.002708939500351226e+00 9.934482411047272921e-01 9.946792490713783907e-01 9.987883683360258003e-01 1.008572567783094120e+00
0.000000000000000000e+00 2.442138866719872348e-01 0.000000000000000000e+00 0.000000000000000000e+00 0.000000000000000000e+00 0.000000000000000000e+00 0.000000000000000000e+00 0.000000000000000000e+00 1.537224957299306860e-01 0.000000000000000000e+00 3.434852763210972104e-01 4.449085123309466927e-01 0.000000000000000000e+00 0.000000000000000000e+00 0.000000000000000000e+00 2.463939932819600998e-01 1.563186264723497587e-01 0.000000000000000000e+00 1.873462560267637467e-01 1.646988788570294682e-01
4.300161812297734754e-01 2.945329836594714479e-01 2.536102868447082104e-01 2.405421808618248003e-01 6.904501639670078683e-01 0.000000000000000000e+00 0.000000000000000000e+00 5.477594339622641195e-01 2.027695351137487612e-01 2.373560340510766087e-01 0.000000000000000000e+00 0.000000000000000000e+00 0.000000000000000000e+00 2.319014719134875335e-01 4.489755122438780499e-01 2.976167027772306239e-01 2.494149765990639755e-01 1.022574495836259700e+00 4.792087202260799095e-01 1.986315153954517909e-01
0.000000000000000000e+00 3.046766169154228598e-01 0.000000000000000000e+00 0.000000000000000000e+00 0.000000000000000000e+00 0.000000000000000000e+00 0.000000000000000000e+00 0.000000000000000000e+00 0.000000000000000000e+00 0.000000000000000000e+00 0.000000000000000000e+00 0.000000000000000000e+00 0.000000000000000000e+00 0.000000000000000000e+00 0.000000000000000000e+00 0.000000000000000000e+00 0.000000000000000000e+00 0.000000000000000000e+00 2.215088282504012740e-01 0.000000000000000000e+00
4.141012909632572070e-01 7.617915180340864012e-01 2.657484302207818727e-01 5.130869130869131212e-01 6.802160039273441594e-01 0.000000000000000000e+00 0.000000000000000000e+00 5.438102893890675027e-01 2.067455974529897600e-01 2.290015052684395425e-01 6.469424104492380589e-01 0.000000000000000000e+00 5.807100472694357585e-01 2.419900497512437743e-01 4.472658202539238070e-01 2.911051212938005617e-01 2.447172469309720211e-01 1.002597402597402487e+00 8.132090761750405683e-01 5.220238095238095566e-01
3.505050505050504861e-01 0.000000000000000000e+00 4.371793582134594347e-01 2.783515491827935340e-01 0.000000000000000000e+00 9.945016495051484107e-01 6.000603075685998489e-01 0.000000000000000000e+00 6.207372363493002254e-01 3.028320212657192312e-01 0.000000000000000000e+00 0.000000000000000000e+00 0.000000000000000000e+00 3.805424882394154995e-01 5.548737551554169256e-01 0.000000000000000000e+00 3.067941620533467528e-01 0.000000000000000000e+00 0.000000000000000000e+00 0.000000000000000000e+00
4.236667656079944333e-01 7.493786658713589288e-01 2.741871530531324597e-01 5.331331331331331524e-01 6.805375808860129050e-01 0.000000000000000000e+00 0.000000000000000000e+00 5.500595947556614629e-01 1.982449142401276343e-01 2.361997366555251832e-01 6.671345498295568888e-01 0.000000000000000000e+00 5.898176746039652807e-01 2.365207030086386719e-01 4.358717434869739393e-01 3.059822150363783466e-01 2.448368751870697302e-01 9.836065573770491621e-01 8.108810881088108768e-01 5.141456439587376304e-01
3.447173956460954924e-01 0.000000000000000000e+00 4.444883835887296075e-01 2.860030318342597355e-01 0.000000000000000000e+00 1.000798722044728528e+00 6.055659356868915433e-01 0.000000000000000000e+00 6.374486009427339228e-01 2.896399558720288980e-01 0.000000000000000000e+00 0.000000000000000000e+00 0.000000000000000000e+00 3.936159600997506391e-01 5.394921015796840802e-01 0.000000000000000000e+00 2.948070317235805260e-01 0.000000000000000000e+00 0.000000000000000000e+00 0.000000000000000000e+00
4.148418491484184845e-01 2.912104172832198912e-01 2.703451003658657315e-01 2.383345297918162131e-01 6.828973843058350202e-01 0.000000000000000000e+00 0.000000000000000000e+00 5.462066182405165282e-01 2.041708043694140939e-01 2.408261479847603748e-01 0.000000000000000000e+00 0.000000000000000000e+00 0.000000000000000000e+00 2.144939189868328433e-01 4.571196589871105442e-01 2.922906824806513204e-01 2.494516450648055772e-01 9.834802878281139193e-01 4.714072600696170845e-01 2.060336999293714000e-01
0.000000000000000000e+00 0.000000000000000000e+00 0.000000000000000000e+00 2.802380712196105850e-01 0.000000000000000000e+00 4.935644066078848646e-01 0.000000000000000000e+00 0.000000000000000000e+00 3.126625325065012784e-01 0.000000000000000000e+00 0.000000000000000000e+00 0.000000000000000000e+00 0.000000000000000000e+00 0.000000000000000000e+00 5.516277211903335420e-01 0.000000000000000000e+00 0.000000000000000000e+00 0.000000000000000000e+00 0.000000000000000000e+00 0.000000000000000000e+00
0.000000000000000000e+00 2.440834336141195215e-01 0.000000000000000000e+00 0.000000000000000000e+00 0.000000000000000000e+00 0.000000000000000000e+00 0.000000000000000000e+00 0.000000000000000000e+00 1.626338754462514913e-01 0.000000000000000000e+00 3.536401168059611355e-01 4.196294441662493657e-01 0.000000000000000000e+00 0.000000000000000000e+00 0.000000000000000000e+00 2.452658227848101280e-01 1.508910891089108863e-01 0.000000000000000000e+00 1.745231742267022435e-01 1.709844559585492196e-01
4.225435816164817560e-01 3.044136955863044336e-01 2.649205238428471443e-01 2.431293881644934762e-01 6.634538152610441886e-01 0.000000000000000000e+00 0.000000000000000000e+00 5.329072206132028366e-01 2.033297212097330275e-01 2.247747301713040879e-01 0.000000000000000000e+00 0.000000000000000000e+00 0.000000000000000000e+00 2.429509853461344071e-01 4.633204633204633383e-01 2.806445033652865684e-01 2.482311320754717054e-01 9.928000000000000158e-01 4.592724396994859459e-01 2.076845298281091989e-01
0.000000000000000000e+00 3.005815119310206729e-01 0.000000000000000000e+00 0.000000000000000000e+00 0.000000000000000000e+00 0.000000000000000000e+00 0.000000000000000000e+00 0.000000000000000000e+00 0.000000000000000000e+00 0.000000000000000000e+00 0.000000000000000000e+00 0.000000000000000000e+00 0.000000000000000000e+00 0.000000000000000000e+00 0.000000000000000000e+00 0.000000000000000000e+00 0.000000000000000000e+00 0.000000000000000000e+00 2.364185110663983846e-01 0.000000000000000000e+00
6.648724082934609481e-01 7.711323763955343358e-01 5.487866277313463437e-01 7.208151958844479790e-01 9.824908497378573857e-01 0.000000000000000000e+00 4.053402931138325727e-01 1.004879992032666092e+00 2.010924539753186358e-01 4.367056939857900666e-01 6.556402891948103218e-01 5.770195684897140298e-01 9.984910974751031176e-01 2.402707275803722398e-01 4.530938123752494828e-01 2.902544503670924092e-01 2.492370295015259307e-01 1.007496547642533047e+00 8.190669371196754867e-01 5.187917455886751350e-01
6.482537776443509925e-01 7.516526887025160031e-01 5.614209168485810864e-01 7.237776025236593025e-01 1.006182688472277542e+00 0.000000000000000000e+00 4.138001221249745787e-01 9.931020693791862142e-01 1.989725350721201214e-01 4.286715386925618043e-01 6.577075098814229026e-01 5.504660719655206647e-01 1.002588094764085280e+00 2.421021552996752424e-01 4.536655683690279939e-01 2.889495500960468921e-01 2.425089892129444757e-01 9.878787878787879118e-01 8.038076152304609590e-01 4.971571072319201923e-01
4.308358767352564733e-01 3.158418799163596469e-01 2.548207975769813394e-01 2.354239839438033166e-01 6.715949367088607236e-01 0.000000000000000000e+00 0.000000000000000000e+00 5.495034607282576200e-01 2.010896483407627611e-01 2.270216962524654880e-01 0.000000000000000000e+00 0.000000000000000000e+00 0.000000000000000000e+00 2.467948717948718063e-01 4.434361766485178658e-01 3.019746835443037902e-01 2.550550550550550466e-01 9.865245374094931963e-01 4.555410429016377161e-01 2.124876114965312257e-01
0.000000000000000000e+00 3.121941476081094846e-01 0.000000000000000000e+00 0.000000000000000000e+00 0.000000000000000000e+00 0.000000000000000000e+00 0.000000000000000000e+00 0.000000000000000000e+00 0.000000000000000000e+00 0.000000000000000000e+00 0.000000000000000000e+00 0.000000000000000000e+00 0.000000000000000000e+00 0.000000000000000000e+00 0.000000000000000000e+00 0.000000000000000000e+00 0.000000000000000000e+00 0.000000000000000000e+00 2.426322163907953244e-01 0.000000000000000000e+00
2.167811286951328853e-01 3.045332804285288963e-01 0.000000000000000000e+00 2.295016077170418112e-01 3.789430976772492077e-01 0.000000000000000000e+00 0.000000000000000000e+00 5.196677009308378059e-01 1.940818969811696770e-01 2.343070858182553229e-01 0.000000000000000000e+00 0.000000000000000000e+00 0.000000000000000000e+00 0.000000000000000000e+00 4.464674450821294327e-01 3.049695030496950565e-01 2.288855572213893130e-01 5.060192210419828251e-01 4.688284308804336886e-01 2.013289695527124834e-01
3.443774107407773788e-01 0.000000000000000000e+00 4.425966740132237787e-01 2.834426555356787669e-01 0.000000000000000000e+00 1.012107030216705672e+00 5.988791032826260574e-01 0.000000000000000000e+00 6.285319106895870256e-01 2.854569112200980863e-01 0.000000000000000000e+00 0.000000000000000000e+00 0.000000000000000000e+00 3.993996998499249607e-01 5.467318265119119891e-01 0.000000000000000000e+00 3.066315149056986211e-01 0.000000000000000000e+00 0.000000000000000000e+00 0.000000000000000000e+00
3.392119318754409085e-01 0.000000000000000000e+00 4.397475708704798314e-01 2.976356050069541292e-01 0.000000000000000000e+00 1.000889415950192651e+00 5.885242680290823092e-01 0.000000000000000000e+00 6.330633063306330133e-01 2.867617915180341037e-01 0.000000000000000000e+00 0.000000000000000000e+00 0.000000000000000000e+00 3.987027465288334738e-01 5.564870259481038417e-01 0.000000000000000000e+00 2.945368171021377490e-01 0.000000000000000000e+00 0.000000000000000000e+00 0.000000000000000000e+00
2.230586370839936494e-01 3.060775689724110626e-01 0.000000000000000000e+00 0.000000000000000000e+00 0.000000000000000000e+00 0.000000000000000000e+00 0.000000000000000000e+00 0.000000000000000000e+00 2.053892215568862145e-01 0.000000000000000000e+00 0.000000000000000000e+00 0.000000000000000000e+00 0.000000000000000000e+00 0.000000000000000000e+00 0.000000000000000000e+00 3.041757371858301862e-01 0.000000000000000000e+00 5.225856697819314389e-01 4.554056774713106659e-01 2.092017302398741507e-01
0.000000000000000000e+00 2.935594589137895949e-01 0.000000000000000000e+00 0.000000000000000000e+00 0.000000000000000000e+00 0.000000000000000000e+00 0.000000000000000000e+00 0.000000000000000000e+00 0.000000000000000000e+00 0.000000000000000000e+00 0.000000000000000000e+00 0.000000000000000000e+00 0.000000000000000000e+00 0.000000000000000000e+00 0.000000000000000000e+00 0.000000000000000000e+00 0.000000000000000000e+00 0.000000000000000000e+00 2.290091524074810980e-01 0.000000000000000000e+00
4.276816608996539815e-01 7.582251735587081098e-01 2.713109060236181258e-01 5.173252279635258688e-01 6.775224775224775176e-01 0.000000000000000000e+00 0.000000000000000000e+00 5.347774244833067847e-01 2.081784386617100413e-01 2.193913658881811724e-01 6.585878818227340892e-01 0.000000000000000000e+00 5.950214935519344550e-01 2.353999999999999981e-01 4.456064800574182083e-01 2.836136569644475691e-01 2.506817493182506573e-01 9.912886752778612420e-01 8.131206740896780305e-01 5.143428285857071236e-01
6.577645895153313438e-01 7.572220023743569950e-01 5.555887329551110199e-01 7.229736499348762280e-01 9.998017839444994781e-01 0.000000000000000000e+00 4.143690883477560982e-01 9.947517157852240333e-01 2.048435923309788187e-01 4.138343466560350792e-01 6.388606307222787217e-01 5.723844282238442771e-01 1.006396162302618524e+00 2.383998375469590925e-01 4.493253225647592108e-01 2.970238679893920097e-01 2.412597801327126812e-01 9.981916817359854921e-01 7.854778858690201204e-01 5.197355239430975216e-01
2.218384966988319051e-01 3.082006608591168484e-01 0.000000000000000000e+00 2.297779540047581170e-01 3.849473156046161471e-01 0.000000000000000000e+00 0.000000000000000000e+00 5.514594485405515112e-01 2.004146510020732574e-01 2.341212744090442055e-01 0.000000000000000000e+00 0.000000000000000000e+00 0.000000000000000000e+00 0.000000000000000000e+00 4.604860118439861316e-01 2.906733167082294345e-01 2.424727418225467723e-01 5.062550443906376207e-01 4.637681159420289911e-01 1.993328616193267844e-01
3.502285827867223089e-01 0.000000000000000000e+00 4.411972185830898008e-01 2.834535256410256610e-01 0.000000000000000000e+00 9.936480015635688057e-01 6.038383838383838409e-01 0.000000000000000000e+00 6.363545717419483161e-01 2.941704035874439516e-01 0.000000000000000000e+00 0.000000000000000000e+00 0.000000000000000000e+00 4.074000397851601507e-01 5.474168082342359964e-01 0.000000000000000000e+00 2.974828375286041049e-01 0.000000000000000000e+00 0.000000000000000000e+00 0.000000000000000000e+00
0.000000000000000000e+00 0.000000000000000000e+00 0.000000000000000000e+00 2.898521972026584792e-01 0.000000000000000000e+00 5.111111111111110716e-01 0.000000000000000000e+00 0.000000000000000000e+00 3.133439237490071583e-01 0.000000000000000000e+00 0.000000000000000000e+00 0.000000000000000000e+00 0.000000000000000000e+00 0.000000000000000000e+00 5.395189003436425823e-01 0.000000000000000000e+00 0.000000000000000000e+00 0.000000000000000000e+00 0.000000000000000000e+00 0.000000000000000000e+00
4.123895562394520042e-01 2.990672752530263989e-01 2.719518314099347855e-01 2.407920792079207839e-01 6.928341384863123675e-01 0.000000000000000000e+00 0.000000000000000000e+00 5.346414483665419271e-01 2.096368574590081468e-01 2.297351524879614748e-01 0.000000000000000000e+00 0.000000000000000000e+00 0.000000000000000000e+00 2.283394395484701356e-01 4.501390544298768392e-01 2.943336310409844225e-01 2.454736420926277862e-01 9.901871522508851609e-01 4.536184536184535987e-01 1.961641657557388341e-01
0.000000000000000000e+00 3.000999000999001187e-01 0.000000000000000000e+00 0.000000000000000000e+00 0.000000000000000000e+00 0.000000000000000000e+00 0.000000000000000000e+00 0.000000000000000000e+00 0.000000000000000000e+00 0.000000000000000000e+00 0.000000000000000000e+00 0.000000000000000000e+00 0.000000000000000000e+00 0.000000000000000000e+00 0.000000000000000000e+00 0.000000000000000000e+00 0.000000000000000000e+00 0.000000000000000000e+00 2.322884936621794350e-01 0.000000000000000000e+00
0.000000000000000000e+00 2.457932692307692180e-01 0.000000000000000000e+00 0.000000000000000000e+00 0.000000000000000000e+00 0.000000000000000000e+00 0.000000000000000000e+00 0.000000000000000000e+00 1.656240691093238127e-01 0.000000000000000000e+00 3.520398009950248541e-01 4.332379354584032227e-01 0.000000000000000000e+00 0.000000000000000000e+00 0.000000000000000000e+00 2.507534659433393598e-01 1.575369852059176345e-01 0.000000000000000000e+00 1.953918905322467037e-01 1.751292186074794865e-01
4.123464189391669033e-01 2.909381556599061058e-01 2.737030411449016265e-01 2.399276600020094352e-01 6.702214930270713467e-01 0.000000000000000000e+00 0.000000000000000000e+00 5.433857722370634136e-01 1.958386746869145156e-01 2.297244094488188892e-01 0.000000000000000000e+00 0.000000000000000000e+00 0.000000000000000000e+00 2.298735193736197446e-01 4.449955361571272805e-01 2.923293738675256659e-01 2.212495025865499343e-01 9.893617021276596146e-01 4.527054108216432837e-01 2.044658055472113878e-01
4.164514206238823513e-01 3.092721232256115949e-01 2.752675386444708439e-01 2.469838155958803405e-01 6.780063291139240000e-01 0.000000000000000000e+00 0.000000000000000000e+00 5.435393258426965968e-01 1.954645795705398370e-01 2.328888888888888953e-01 0.000000000000000000e+00 0.000000000000000000e+00 0.000000000000000000e+00 2.241917615066975622e-01 4.395927158801644641e-01 2.890783597239139358e-01 2.463996843558887428e-01 1.005129236648898639e+00 4.592292089249492837e-01 1.940164993539409688e-01
0.000000000000000000e+00 2.936636880584890252e-01 0.000000000000000000e+00 0.000000000000000000e+00 0.000000000000000000e+00 0.000000000000000000e+00 0.000000000000000000e+00 0.000000000000000000e+00 0.000000000000000000e+00 0.000000000000000000e+00 0.000000000000000000e+00 0.000000000000000000e+00 0.000000000000000000e+00 0.000000000000000000e+00 0.000000000000000000e+00 0.000000000000000000e+00 0.000000000000000000e+00 0.000000000000000000e+00 2.331784198828046051e-01 0.000000000000000000e+00
4.133453201478373695e-01 2.959712804148384446e-01 2.613125561881929904e-01 2.371445856019358811e-01 6.617498484542331250e-01 0.000000000000000000e+00 0.000000000000000000e+00 5.324074074074074403e-01 2.025771651183697897e-01 2.323078485125393555e-01 0.000000000000000000e+00 0.000000000000000000e+00 0.000000000000000000e+00 2.270345100365865620e-01 4.464539727697622307e-01 2.965740928441110702e-01 2.528689751521804308e-01 1.016081723475270593e+00 4.704228181179069823e-01 1.989071038251365997e-01
3.523200324906081704e-01 0.000000000000000000e+00 4.263727534505014627e-01 2.867524305214573244e-01 0.000000000000000000e+00 9.914124962984898204e-01 5.849358974358974672e-01 0.000000000000000000e+00 6.419028340080971118e-01 2.916160388821384952e-01 0.000000000000000000e+00 0.000000000000000000e+00 0.000000000000000000e+00 3.820806371329019679e-01 5.466295486180154928e-01 0.000000000000000000e+00 2.958843159065628337e-01 0.000000000000000000e+00 0.000000000000000000e+00 0.000000000000000000e+00
6.558000000000000496e-01 7.603470629300888017e-01 5.557605576055760777e-01 7.025691699604743601e-01 9.914461905709170964e-01 0.000000000000000000e+00 4.098854731766123916e-01 9.913376309427880395e-01 1.958925750394944765e-01 4.252711932503013270e-01 6.504385532669754166e-01 5.564135994383713202e-01 9.955357142857143016e-01 2.270182225389392183e-01 4.478144513826940454e-01 2.956891317547055142e-01 2.501490164911583380e-01 1.007881972514147240e+00 8.088994835121176008e-01 5.114190903767323881e-01
0.000000000000000000e+00 0.000000000000000000e+00 0.000000000000000000e+00 2.854599406528189887e-01 0.000000000000000000e+00 4.928614518399356270e-01 0.000000000000000000e+00 0.000000000000000000e+00 3.275289380976346143e-01 0.000000000000000000e+00 0.000000000000000000e+00 0.000000000000000000e+00 0.000000000000000000e+00 0.000000000000000000e+00 5.517855376397269307e-01 0.000000000000000000e+00 0.000000000000000000e+00 0.000000000000000000e+00 0.000000000000000000e+00 0.000000000000000000e+00
4.294699011680143674e-01 7.405389040266424638e-01 2.641283763580185573e-01 5.193458316713203127e-01 6.894667611049276612e-01 0.000000000000000000e+00 0.000000000000000000e+00 5.531324345757335781e-01 2.049343414245921313e-01 2.448939319190922559e-01 6.606872921495515749e-01 0.000000000000000000e+00 5.847988680008086027e-01 2.490739813795174729e-01 4.381809095452273706e-01 3.016671599092433653e-01 2.434471803018268543e-01 9.894715732477690207e-01 8.132920866181020392e-01 5.122632103688933292e-01
4.343015214384509104e-01 7.475069804547267438e-01 2.662605619964629744e-01 5.218002812939521728e-01 6.595723117462247709e-01 0.000000000000000000e+00 0.000000000000000000e+00 5.353365622220025433e-01 1.993421708362403955e-01 2.289377289377289293e-01 6.486007094994087341e-01 0.000000000000000000e+00 5.870477713371976547e-01 2.284745086301506467e-01 4.452978828163466352e-01 2.982197305006393240e-01 2.379376065803992246e-01 9.900195493363515009e-01 8.060327606871754424e-01 5.162581290645322785e-01
4.286418778972285182e-01 2.993143197853522786e-01 2.728001603527760999e-01 2.338005281332520835e-01 6.799022602321319608e-01 0.000000000000000000e+00 0.000000000000000000e+00 5.363318340829584807e-01 1.920903954802259950e-01 2.427001880629515995e-01 0.000000000000000000e+00 0.000000000000000000e+00 0.000000000000000000e+00 2.331156807328720326e-01 4.469726948951325829e-01 2.803853248616519633e-01 2.529470529470529416e-01 9.977256995945812390e-01 4.516193522590963849e-01 2.032020944517168581e-01
3.520748333167479371e-01 0.000000000000000000e+00 4.445558451975135106e-01 2.837865055387713831e-01 0.000000000000000000e+00 9.965404764258178893e-01 5.992968357609241847e-01 0.000000000000000000e+00 6.156953843046156782e-01 2.814395471087747791e-01 0.000000000000000000e+00 0.000000000000000000e+00 0.000000000000000000e+00 3.874077717658632736e-01 5.513804445330409143e-01 0.000000000000000000e+00 3.005535983895319396e-01 0.000000000000000000e+00 0.000000000000000000e+00 0.000000000000000000e+00
0.000000000000000000e+00 3.019702452754322586e-01 0.000000000000000000e+00 0.000000000000000000e+00 0.000000000000000000e+00 0.000000000000000000e+00 0.000000000000000000e+00 0.000000000000000000e+00 0.000000000000000000e+00 0.000000000000000000e+00 0.000000000000000000e+00 0.000000000000000000e+00 0.000000000000000000e+00 0.000000000000000000e+00 0.000000000000000000e+00 0.000000000000000000e+00 0.000000000000000000e+00 0.000000000000000000e+00 2.345605700712589115e-01 0.000000000000000000e+00
2.181244453209742751e-01 3.074922476743022770e-01 0.000000000000000000e+00 2.394366197183098455e-01 3.797493338596664159e-01 0.000000000000000000e+00 0.000000000000000000e+00 5.496766607877718869e-01 1.927426492280460146e-01 2.430763100219167083e-01 0.000000000000000000e+00 0.000000000000000000e+00 0.000000000000000000e+00 0.000000000000000000e+00 4.428021866774650706e-01 2.880369329586511262e-01 2.440819574298786487e-01 5.121926943366178486e-01 4.507326932794340490e-01 2.095914742451154555e-01
6.637283381748972921e-01 7.632047477744806629e-01 5.570510245078345024e-01 7.364372469635627194e-01 9.942184805761233868e-01 0.000000000000000000e+00 3.901702084802095016e-01 1.004484304932735439e+00 2.030987861442810627e-01 4.303036376390420026e-01 6.460515713134569182e-01 5.541801948051947591e-01 1.005276256844201077e+00 2.322127446061214295e-01 4.375378405650857672e-01 2.907669760625305466e-01 2.576601671309192154e-01 9.908662049583458753e-01 7.862702055477948093e-01 5.123591061894403609e-01
4.088276413021769695e-01 3.031038317662521631e-01 2.550202789593431496e-01 2.389937106918239018e-01 6.803489986119373167e-01 0.000000000000000000e+00 0.000000000000000000e+00 5.435022579026592693e-01 2.017285405617756933e-01 2.368137782561894611e-01 0.000000000000000000e+00 0.000000000000000000e+00 0.000000000000000000e+00 2.289657972191210811e-01 4.560740224853248592e-01 3.008334170097399229e-01 2.493219487694625924e-01 1.005536879572869191e+00 4.560450613558640343e-01 2.027027027027027140e-01
6.556913443086557214e-01 7.517514468473956990e-01 5.617113564668769765e-01 7.104142469996128639e-01 1.009240658899156262e+00 0.000000000000000000e+00 4.080240722166499356e-01 1.011965811965811923e+00 1.973376689360837322e-01 4.221583589337032927e-01 6.442298118092203429e-01 5.563578018451664775e-01 9.955352713562853895e-01 2.414035087719298145e-01 4.542561654733492382e-01 2.919429375125577875e-01 2.398472054684358534e-01 9.933157788130443366e-01 8.412488558934201333e-01 5.203724096506157082e-01
1.003089187842550967e+00 1.004521249874409827e+00 1.011764705882352899e+00 9.935304070866924908e-01 9.958740062393076631e-01 1.002783853648836709e+00 9.988123515439429889e-01 1.004671503826657375e+00 1.009548183876365801e+00 1.009617311160088127e+00 1.011592192608738783e+00 9.935058447397342452e-01 9.947801646255771679e-01 9.989798000408079970e-01 1.015578190533253489e+00 1.000099157164105135e+00 9.974861739567622010e-01 9.944794952681388356e-01 9.812079188021304299e-01 1.008965929468021550e+00
3.428856714927608351e-01 0.000000000000000000e+00 4.274296990626541559e-01 2.723069355632070643e-01 0.000000000000000000e+00 9.795673076923077094e-01 5.909539798538415711e-01 0.000000000000000000e+00 6.213921901528013381e-01 2.928528767668723831e-01 0.000000000000000000e+00 0.000000000000000000e+00 0.000000000000000000e+00 3.951331405205943947e-01 5.359826018189007835e-01 0.000000000000000000e+00 3.024691358024691468e-01 0.000000000000000000e+00 0.000000000000000000e+00 0.000000000000000000e+00
4.341894060995184490e-01 7.709090909090908772e-01 2.613812325797460479e-01 5.108303249097473353e-01 6.761277242777495866e-01 0.000000000000000000e+00 0.000000000000000000e+00 5.322966507177033790e-01 1.893408134642356189e-01 2.280544785763992388e-01 6.406645729915915188e-01 0.000000000000000000e+00 5.928727851881345767e-01 2.425697988592014354e-01 4.289837762516173769e-01 3.036091283804162044e-01 2.384834896045658348e-01 1.006664677210782788e+00 8.144525401736700809e-01 5.049425055477103630e-01
0.000000000000000000e+00 0.000000000000000000e+00 0.000000000000000000e+00 2.970180100383820743e-01 0.000000000000000000e+00 4.929381340759896313e-01 0.000000000000000000e+00 0.000000000000000000e+00 3.172606568832984086e-01 0.000000000000000000e+00 0.000000000000000000e+00 0.000000000000000000e+00 0.000000000000000000e+00 0.000000000000000000e+00 5.624189202674383381e-01 0.000000000000000000e+00 0.000000000000000000e+00 0.000000000000000000e+00 0.000000000000000000e+00 0.000000000000000000e+00
2.168699395305934141e-01 2.949753694581280783e-01 0.000000000000000000e+00 2.155146392997283333e-01 3.935917721518987222e-01 0.000000000000000000e+00 0.000000000000000000e+00 5.337804517210770205e-01 1.955961118825629841e-01 2.387730553327987171e-01 0.000000000000000000e+00 0.000000000000000000e+00 0.000000000000000000e+00 0.000000000000000000e+00 4.596557556462043670e-01 2.938684953610326556e-01 2.486355366889023699e-01 5.064961429151441097e-01 4.564331843020367763e-01 2.087934149769122560e-01
3.401168647995164163e-01 0.000000000000000000e+00 4.517543859649122973e-01 2.798951401492236202e-01 0.000000000000000000e+00 9.748186946011281329e-01 5.877323789641117902e-01 0.000000000000000000e+00 6.391608391608392115e-01 2.927814235234729723e-01 0.000000000000000000e+00 0.000000000000000000e+00 0.000000000000000000e+00 3.686858522841617858e-01 5.614762186698243340e-01 0.000000000000000000e+00 3.009893074847606598e-01 0.000000000000000000e+00 0.000000000000000000e+00 0.000000000000000000e+00
0.000000000000000000e+00 3.027839869945133100e-01 0.000000000000000000e+00 0.000000000000000000e+00 0.000000000000000000e+00 0.000000000000000000e+00 0.000000000000000000e+00 0.000000000000000000e+00 0.000000000000000000e+00 0.000000000000000000e+00 0.000000000000000000e+00 0.000000000000000000e+00 0.000000000000000000e+00 0.000000000000000000e+00 0.000000000000000000e+00 0.000000000000000000e+00 0.000000000000000000e+00 0.000000000000000000e+00 2.265830467327533959e-01 0.000000000000000000e+00
0.000000000000000000e+00 2.349802371541502011e-01 0.000000000000000000e+00 0.000000000000000000e+00 0.000000000000000000e+00 0.000000000000000000e+00 0.000000000000000000e+00 0.000000000000000000e+00 1.646082402924612109e-01 0.000000000000000000e+00 3.383025243490359601e-01 4.423096369703711228e-01 0.000000000000000000e+00 0.000000000000000000e+00 0.000000000000000000e+00 2.542811628833134274e-01 1.563282894077562823e-01 0.000000000000000000e+00 2.008475411451660642e-01 1.637905236907730711e-01
4.225072074758922103e-01 7.577293965602942549e-01 2.618334331935290860e-01 5.200969501110886961e-01 6.838505006443937884e-01 0.000000000000000000e+00 0.000000000000000000e+00 5.414725993459518216e-01 2.073377986604018897e-01 2.248363338788870736e-01 6.626250378902698301e-01 0.000000000000000000e+00 5.970617042115572426e-01 2.332303398784012771e-01 4.396115719198867011e-01 3.107457898957498021e-01 2.440148252028448428e-01 1.007685397744285893e+00 8.056080342050313536e-01 5.112297310907443215e-01
2.200647249190938459e-01 3.009398120375924579e-01 0.000000000000000000e+00 0.000000000000000000e+00 0.000000000000000000e+00 0.000000000000000000e+00 0.000000000000000000e+00 0.000000000000000000e+00 2.025943162689375077e-01 0.000000000000000000e+00 0.000000000000000000e+00 0.000000000000000000e+00 0.000000000000000000e+00 0.000000000000000000e+00 0.000000000000000000e+00 2.924566357402178518e-01 0.000000000000000000e+00 5.150728688360950436e-01 4.575519257914902327e-01 2.049343414245921313e-01
3.537607269056032289e-01 0.000000000000000000e+00 4.462777059934400214e-01 2.803664663579942817e-01 0.000000000000000000e+00 9.937424303593056507e-01 6.069651741293532465e-01 0.000000000000000000e+00 6.508032128514056325e-01 2.994726892846483191e-01 0.000000000000000000e+00 0.000000000000000000e+00 0.000000000000000000e+00 3.904590098216075278e-01 5.305098354074668787e-01 0.000000000000000000e+00 2.827111984282907886e-01 0.000000000000000000e+00 0.000000000000000000e+00 0.000000000000000000e+00
0.000000000000000000e+00 2.465477270436448043e-01 0.000000000000000000e+00 0.000000000000000000e+00 0.000000000000000000e+00 0.000000000000000000e+00 0.000000000000000000e+00 0.000000000000000000e+00 1.598802395209580895e-01 0.000000000000000000e+00 3.563345017526289293e-01 4.350423096067695394e-01 0.000000000000000000e+00 0.000000000000000000e+00 0.000000000000000000e+00 2.473981564079690831e-01 1.647601846277342852e-01 0.000000000000000000e+00 2.053239578101456464e-01 1.665669259924197065e-01
2.154707175694583199e-01 3.101507537688442118e-01 0.000000000000000000e+00 0.000000000000000000e+00 0.000000000000000000e+00 0.000000000000000000e+00 0.000000000000000000e+00 0.000000000000000000e+00 2.019937569227670815e-01 0.000000000000000000e+00 0.000000000000000000e+00 0.000000000000000000e+00 0.000000000000000000e+00 0.000000000000000000e+00 0.000000000000000000e+00 2.996590355577203879e-01 0.000000000000000000e+00 5.040457864614170669e-01 4.633127858421157153e-01 1.984232620047097495e-01
0.000000000000000000e+00 3.021928507059176705e-01 0.000000000000000000e+00 0.000000000000000000e+00 0.000000000000000000e+00 0.000000000000000000e+00 0.000000000000000000e+00 0.000000000000000000e+00 0.000000000000000000e+00 0.000000000000000000e+00 0.000000000000000000e+00 0.000000000000000000e+00 0.000000000000000000e+00 0.000000000000000000e+00 0.000000000000000000e+00 0.000000000000000000e+00 0.000000000000000000e+00 0.000000000000000000e+00 2.271462639109697867e-01 0.000000000000000000e+00
3.528476294602922447e-01 0.000000000000000000e+00 4.561853129620502822e-01 2.715040366789594484e-01 0.000000000000000000e+00 9.935123265794989500e-01 5.803741122336700808e-01 0.000000000000000000e+00 6.153846153846154188e-01 2.859196877888466881e-01 0.000000000000000000e+00 0.000000000000000000e+00 0.000000000000000000e+00 3.882436117563882183e-01 5.428371488553433988e-01 0.000000000000000000e+00 3.050847457627118842e-01 0.000000000000000000e+00 0.000000000000000000e+00 0.000000000000000000e+00
4.226680040120361359e-01 7.523435137586936827e-01 2.635489943525215484e-01 5.111512959614225027e-01 6.582652357979718039e-01 0.000000000000000000e+00 0.000000000000000000e+00 5.368872916042727317e-01 2.072414482896579313e-01 2.334606877136537195e-01 6.502775574940523606e-01 0.000000000000000000e+00 5.855588526211671363e-01 2.411319250697488981e-01 4.694208181449979755e-01 2.977505919494869979e-01 2.372069825436408930e-01 1.004511573165947524e+00 8.039972296428218312e-01 5.250731707317073393e-01
6.545198308838332535e-01 7.599605522682445491e-01 5.593237195425161401e-01 7.221503235440517310e-01 1.004353849198496018e+00 0.000000000000000000e+00 4.054756195043964784e-01 9.893080492233206069e-01 1.951754385964912242e-01 4.335905767668561950e-01 6.500251635631605351e-01 5.741110667199360584e-01 9.829931972789115457e-01 2.231091598483336547e-01 4.538205309377207897e-01 2.852849844736051188e-01 2.399602385685884742e-01 1.009735744089012455e+00 8.152098765432098659e-01 5.317420519506569354e-01
4.172358376858176232e-01 7.429718875502008268e-01 2.650747466639911676e-01 4.955682489659247736e-01 6.674111675126903620e-01 0.000000000000000000e+00 0.000000000000000000e+00 5.367113760556383451e-01 2.094802742720858479e-01 2.269503546099290725e-01 6.541316180108857070e-01 0.000000000000000000e+00 5.772930094199305584e-01 2.290652627396443930e-01 4.427790155965161123e-01 2.925252525252525215e-01 2.385578367551327017e-01 9.968491532099251762e-01 8.095754112895281462e-01 5.027048687637748481e-01
0.000000000000000000e+00 0.000000000000000000e+00 0.000000000000000000e+00 2.790791193324620445e-01 0.000000000000000000e+00 4.905812430744434516e-01 0.000000000000000000e+00 0.000000000000000000e+00 3.098335854765506547e-01 0.000000000000000000e+00 0.000000000000000000e+00 0.000000000000000000e+00 0.000000000000000000e+00 0.000000000000000000e+00 5.621905627968071251e-01 0.000000000000000000e+00 0.000000000000000000e+00 0.000000000000000000e+00 0.000000000000000000e+00 0.000000000000000000e+00
0.000000000000000000e+00 3.019401778496362265e-01 0.000000000000000000e+00 0.000000000000000000e+00 0.000000000000000000e+00 0.000000000000000000e+00 0.000000000000000000e+00 0.000000000000000000e+00 0.000000000000000000e+00 0.000000000000000000e+00 0.000000000000000000e+00 0.000000000000000000e+00 0.000000000000000000e+00 0.000000000000000000e+00 0.000000000000000000e+00 0.000000000000000000e+00 0.000000000000000000e+00 0.000000000000000000e+00 2.423524768107361282e-01 0.000000000000000000e+00
4.144467724234261463e-01 3.078763708873379912e-01 2.738381410256410242e-01 2.365826944140197174e-01 6.636922466785643016e-01 0.000000000000000000e+00 0.000000000000000000e+00 5.268371575861720002e-01 2.086886726196448272e-01 2.375263527758257331e-01 0.000000000000000000e+00 0.000000000000000000e+00 0.000000000000000000e+00 2.463202162811655160e-01 4.530164165575586432e-01 2.918779202704046005e-01 2.413932766302146482e-01 9.904704584211054819e-01 4.518072289156626620e-01 1.947986745657194485e-01
0.000000000000000000e+00 2.521558132619684534e-01 0.000000000000000000e+00 0.000000000000000000e+00 0.000000000000000000e+00 0.000000000000000000e+00 0.000000000000000000e+00 0.000000000000000000e+00 1.710843373493975972e-01 0.000000000000000000e+00 3.579843579843579593e-01 4.335623729797735137e-01 0.000000000000000000e+00 0.000000000000000000e+00 0.000000000000000000e+00 2.625703842734367077e-01 1.606697896940097736e-01 0.000000000000000000e+00 1.999603646452635664e-01 1.710604558969276434e-01
0.000000000000000000e+00 0.000000000000000000e+00 0.000000000000000000e+00 2.955238563698966980e-01 0.000000000000000000e+00 5.072773536895673896e-01 0.000000000000000000e+00 0.000000000000000000e+00 3.016871318758111431e-01 0.000000000000000000e+00 0.000000000000000000e+00 0.000000000000000000e+00 0.000000000000000000e+00 0.000000000000000000e+00 5.368913671213780825e-01 0.000000000000000000e+00 0.000000000000000000e+00 0.000000000000000000e+00 0.000000000000000000e+00 0.000000000000000000e+00
4.124024723882865340e-01 7.479999999999999982e-01 2.602878572876545782e-01 5.102162269390994043e-01 6.732673267326733102e-01 0.000000000000000000e+00 0.000000000000000000e+00 5.428142213319979703e-01 1.991743026885509915e-01 2.401430132088588632e-01 6.435162218474055340e-01 0.000000000000000000e+00 5.927415301095807498e-01 2.315620934654258056e-01 4.349806873328711521e-01 2.832754342431761940e-01 2.436680348383221673e-01 9.968335642192757140e-01 8.045404759534003913e-01 5.240513893038541982e-01
0.000000000000000000e+00 2.359098228663445984e-01 0.000000000000000000e+00 0.000000000000000000e+00 0.000000000000000000e+00 0.000000000000000000e+00 0.000000000000000000e+00 0.000000000000000000e+00 1.628923321414382230e-01 0.000000000000000000e+00 3.513950667205822942e-01 4.131885645980675204e-01 0.000000000000000000e+00 0.000000000000000000e+00 0.000000000000000000e+00 2.452130325814536327e-01 1.559960356788899771e-01 0.000000000000000000e+00 1.823165160897370907e-01 1.694517736734095503e-01
3.469777733078547866e-01 0.000000000000000000e+00 4.413684002372948445e-01 2.855724357064839403e-01 0.000000000000000000e+00 9.933604201763948094e-01 5.869413058694130658e-01 0.000000000000000000e+00 6.392849969873468652e-01 2.889022919179734528e-01 0.000000000000000000e+00 0.000000000000000000e+00 0.000000000000000000e+00 3.900872880505668605e-01 5.531066121472025809e-01 0.000000000000000000e+00 3.016400040245497682e-01 0.000000000000000000e+00 0.000000000000000000e+00 0.000000000000000000e+00
3.432774826317940287e-01 0.000000000000000000e+00 4.368941740781452920e-01 2.990132562543605932e-01 0.000000000000000000e+00 9.846493428313434215e-01 5.962633629733240515e-01 0.000000000000000000e+00 6.308215070957425841e-01 2.818791946308724650e-01 0.000000000000000000e+00 0.000000000000000000e+00 0.000000000000000000e+00 3.853634085213032412e-01 5.417620706819312737e-01 0.000000000000000000e+00 3.011222564306286764e-01 0.000000000000000000e+00 0.000000000000000000e+00 0.000000000000000000e+00
2.093978559262598960e-01 3.016670014059047999e-01 0.000000000000000000e+00 0.000000000000000000e+00 0.000000000000000000e+00 0.000000000000000000e+00 0.000000000000000000e+00 0.000000000000000000e+00 1.856245638520586105e-01 0.000000000000000000e+00 0.000000000000000000e+00 0.000000000000000000e+00 0.000000000000000000e+00 0.000000000000000000e+00 0.000000000000000000e+00 2.956486785247713911e-01 0.000000000000000000e+00 5.117811501597444579e-01 4.746265703828271842e-01 2.049984822422341313e-01
4.166750376695128044e-01 2.864567716141929177e-01 2.688215217827745196e-01 2.417099480623252084e-01 6.698921479689546876e-01 0.000000000000000000e+00 0.000000000000000000e+00 5.463336019339242178e-01 1.992481203007518686e-01 2.379812487532415588e-01 0.000000000000000000e+00 0.000000000000000000e+00 0.000000000000000000e+00 2.291414752116082143e-01 4.572512984418697357e-01 2.823218997361477411e-01 2.592370681046534675e-01 9.941999999999999726e-01 4.716867469879518215e-01 2.050872817955112226e-01
4.161906637778215456e-01 7.627237276272372801e-01 2.552639457140005730e-01 5.126726965510386425e-01 6.712166172106824868e-01 0.000000000000000000e+00 0.000000000000000000e+00 5.451059535822401214e-01 2.082006369426751546e-01 2.225058915946582783e-01 6.635223281485198576e-01 0.000000000000000000e+00 5.913423351866561317e-01 2.358817533129459743e-01 4.286004882017900863e-01 2.898201185810471148e-01 2.459786192426815787e-01 1.003806089743589647e+00 8.115053869724226931e-01 5.045843828715365076e-01
4.177618478693747583e-01 3.051727581386059485e-01 2.711124342562270528e-01 2.393611644597190002e-01 6.666666666666666297e-01 0.000000000000000000e+00 0.000000000000000000e+00 5.563789305027038168e-01 1.985577398004544081e-01 2.288008028098344193e-01 0.000000000000000000e+00 0.000000000000000000e+00 0.000000000000000000e+00 2.304876842417647731e-01 4.700578261295697557e-01 3.027290250583341558e-01 2.409177820267686398e-01 1.009366281387006792e+00 4.610162723370270776e-01 1.947077409162717154e-01
4.181762357998157764e-01 2.929847320626683960e-01 2.560684440907282089e-01 2.239619462887721679e-01 6.701915403032721041e-01 0.000000000000000000e+00 0.000000000000000000e+00 5.335317460317460236e-01 2.072879330943847020e-01 2.374290348742903456e-01 0.000000000000000000e+00 0.000000000000000000e+00 0.000000000000000000e+00 2.206773264475121732e-01 4.466305951795376261e-01 2.972699696663296254e-01 2.559260747288067406e-01 1.014039310068191035e+00 4.704133214391911788e-01 1.968400925832746173e-01
3.224000000000000199e-01 0.000000000000000000e+00 4.555167249126310658e-01 2.913432835820895517e-01 0.000000000000000000e+00 9.986113866296369990e-01 5.949556375236766392e-01 0.000000000000000000e+00 6.251468860164511865e-01 2.909090909090908950e-01 0.000000000000000000e+00 0.000000000000000000e+00 0.000000000000000000e+00 3.782445016841687879e-01 5.557440862361513467e-01 0.000000000000000000e+00 2.966696313865006540e-01 0.000000000000000000e+00 0.000000000000000000e+00 0.000000000000000000e+00
3.502248875562218866e-01 0.000000000000000000e+00 4.405078240330675965e-01 2.914107340650488598e-01 0.000000000000000000e+00 9.798844851623182972e-01 6.019244122606883796e-01 0.000000000000000000e+00 6.307524102971872049e-01 2.776266747254961254e-01 0.000000000000000000e+00 0.000000000000000000e+00 0.000000000000000000e+00 4.116524359618282114e-01 5.503369204465453635e-01 0.000000000000000000e+00 3.001405340293114010e-01 0.000000000000000000e+00 0.000000000000000000e+00 0.000000000000000000e+00
1.015749601275917069e+00 9.890792505760945819e-01 1.011792924245452641e+00 1.006022886970487917e+00 1.003444542859954769e+00 1.011024253357386327e+00 1.000708286957401549e+00 9.988125865822283789e-01 1.007106395756180550e+00 1.000890119671644651e+00 9.984898822108124739e-01 9.896886575232756167e-01 1.005860733088308256e+00 9.970810266733769467e-01 1.009043796362158352e+00 9.907630522088353153e-01 9.955183746638780473e-01 9.946129289704708221e-01 1.007875566056310346e+00 1.020901436354630931e+00
2.274011299435028111e-01 3.016287954956766715e-01 0.000000000000000000e+00 0.000000000000000000e+00 0.000000000000000000e+00 0.000000000000000000e+00 0.000000000000000000e+00 0.000000000000000000e+00 2.039277921047411291e-01 0.000000000000000000e+00 0.000000000000000000e+00 0.000000000000000000e+00 0.000000000000000000e+00 0.000000000000000000e+00 0.000000000000000000e+00 2.903985862949146068e-01 0.000000000000000000e+00 5.107595558612557651e-01 4.530052440500201838e-01 1.950140731805387884e-01
