Num_mutations: 100
Num_samples: 10
Error_rate: 0.030000

0.000000000000000000e+00 2.808417273361922817e-01 0.000000000000000000e+00 0.000000000000000000e+00 0.000000000000000000e+00 4.900930044480388270e-01 6.313572073427625719e-01 0.000000000000000000e+00 3.547480425617345889e-01 0.000000000000000000e+00
0.000000000000000000e+00 4.835910224438902949e-01 5.137465760373338686e-01 2.737197300516077680e-01 5.267918592075508943e-01 5.340239691245175502e-01 0.000000000000000000e+00 7.446239223070062474e-01 2.389371486969851799e-01 3.914604948124500994e-01
0.000000000000000000e+00 4.863782051282051211e-01 5.015579455221630401e-01 2.783216783216783119e-01 5.323797393945332024e-01 5.153617443012884491e-01 0.000000000000000000e+00 7.451492912435910831e-01 2.383057468900997289e-01 3.913909924272618301e-01
0.000000000000000000e+00 1.852593631083516990e-01 5.150360866078588229e-01 2.841970695250270462e-01 5.273363318340829053e-01 0.000000000000000000e+00 0.000000000000000000e+00 4.199016952552914184e-01 2.302605210420841653e-01 0.000000000000000000e+00
0.000000000000000000e+00 0.000000000000000000e+00 0.000000000000000000e+00 0.000000000000000000e+00 0.000000000000000000e+00 0.000000000000000000e+00 0.000000000000000000e+00 0.000000000000000000e+00 3.758077544426494110e-01 0.000000000000000000e+00
4.445773524720892933e-01 2.316837719743928548e-01 0.000000000000000000e+00 7.373420919656391570e-01 0.000000000000000000e+00 0.000000000000000000e+00 0.000000000000000000e+00 2.595817071950365373e-01 0.000000000000000000e+00 0.000000000000000000e+00
0.000000000000000000e+00 1.804614629356897371e-01 5.143718592964824365e-01 2.752637286798777505e-01 5.357215138635903484e-01 0.000000000000000000e+00 0.000000000000000000e+00 4.106888843730949201e-01 2.441778405081157510e-01 0.000000000000000000e+00
4.611477907567292922e-01 2.219593928641829250e-01 0.000000000000000000e+00 7.285627407257246890e-01 0.000000000000000000e+00 0.000000000000000000e+00 0.000000000000000000e+00 2.475109518120270913e-01 0.000000000000000000e+00 0.000000000000000000e+00
4.462677606563938415e-01 2.429776674937965397e-01 0.000000000000000000e+00 7.360016171417020914e-01 0.000000000000000000e+00 0.000000000000000000e+00 0.000000000000000000e+00 2.515888227579945458e-01 0.000000000000000000e+00 0.000000000000000000e+00
4.512305374183827045e-01 2.401567091087169481e-01 4.847278877723609769e-01 7.156492344402465289e-01 0.000000000000000000e+00 0.000000000000000000e+00 0.000000000000000000e+00 2.439599292869770175e-01 0.000000000000000000e+00 2.198646054359907065e-01
0.000000000000000000e+00 1.869573995558247437e-01 5.273023634881826016e-01 2.767603564783077119e-01 5.185622845888724353e-01 0.000000000000000000e+00 0.000000000000000000e+00 4.072210713228766044e-01 2.421479229989868254e-01 0.000000000000000000e+00
0.000000000000000000e+00 1.968985921240563042e-01 5.159923317525981767e-01 2.820823244552058129e-01 5.495921860839794171e-01 0.000000000000000000e+00 0.000000000000000000e+00 4.185907046476761706e-01 2.416666666666666685e-01 0.000000000000000000e+00
4.490981963927855869e-01 2.414033688826871249e-01 0.000000000000000000e+00 7.227602905569007197e-01 0.000000000000000000e+00 0.000000000000000000e+00 0.000000000000000000e+00 2.500749026265854380e-01 0.000000000000000000e+00 0.000000000000000000e+00
5.530591775325978121e-01 0.000000000000000000e+00 0.000000000000000000e+00 0.000000000000000000e+00 0.000000000000000000e+00 0.000000000000000000e+00 0.000000000000000000e+00 0.000000000000000000e+00 3.891859174820942457e-01 3.946481665014865969e-01
4.506517690875233018e-01 2.518371400198609611e-01 4.946690806678736840e-01 7.236099919419822779e-01 0.000000000000000000e+00 0.000000000000000000e+00 0.000000000000000000e+00 2.577839280419096379e-01 0.000000000000000000e+00 2.227411167512690360e-01
5.528455284552845628e-01 0.000000000000000000e+00 0.000000000000000000e+00 0.000000000000000000e+00 0.000000000000000000e+00 0.000000000000000000e+00 0.000000000000000000e+00 0.000000000000000000e+00 3.931657892122777387e-01 3.962829736211030962e-01
0.000000000000000000e+00 0.000000000000000000e+00 0.000000000000000000e+00 3.464331907272908406e-01 0.000000000000000000e+00 0.000000000000000000e+00 0.000000000000000000e+00 2.544197530864197310e-01 0.000000000000000000e+00 0.000000000000000000e+00
0.000000000000000000e+00 1.930624380574826604e-01 5.229976209357652950e-01 2.759445718273352832e-01 5.295763389288569156e-01 0.000000000000000000e+00 0.000000000000000000e+00 4.223051326005848316e-01 2.477644931176529730e-01 0.000000000000000000e+00
4.507320933913731564e-01 2.491342633818145746e-01 0.000000000000000000e+00 7.109043091240138112e-01 0.000000000000000000e+00 0.000000000000000000e+00 0.000000000000000000e+00 2.518208121320961723e-01 0.000000000000000000e+00 0.000000000000000000e+00
0.000000000000000000e+00 1.825133313210584585e-01 0.000000000000000000e+00 0.000000000000000000e+00 5.491926587102597956e-01 0.000000000000000000e+00 0.000000000000000000e+00 2.140997396354896720e-01 0.000000000000000000e+00 0.000000000000000000e+00
0.000000000000000000e+00 0.000000000000000000e+00 0.000000000000000000e+00 0.000000000000000000e+00 0.000000000000000000e+00 0.000000000000000000e+00 0.000000000000000000e+00 0.000000000000000000e+00 3.588669459405545714e-01 0.000000000000000000e+00
0.000000000000000000e+00 2.828689266673373170e-01 0.000000000000000000e+00 0.000000000000000000e+00 0.000000000000000000e+00 4.873685245257052823e-01 6.302587398775429950e-01 0.000000000000000000e+00 3.716202881389382151e-01 0.000000000000000000e+00
4.510596352883193827e-01 2.348912167606768686e-01 0.000000000000000000e+00 7.125385303768519973e-01 0.000000000000000000e+00 0.000000000000000000e+00 0.000000000000000000e+00 2.496009577015163572e-01 0.000000000000000000e+00 0.000000000000000000e+00
0.000000000000000000e+00 4.779462781246902603e-01 5.083198051948052409e-01 2.723164976403253390e-01 5.307894205532001086e-01 5.149820215741111040e-01 0.000000000000000000e+00 7.384553741360312396e-01 2.365826944140197174e-01 3.843017329255861148e-01
0.000000000000000000e+00 0.000000000000000000e+00 0.000000000000000000e+00 0.000000000000000000e+00 0.000000000000000000e+00 0.000000000000000000e+00 0.000000000000000000e+00 0.000000000000000000e+00 3.534800358458627945e-01 0.000000000000000000e+00
4.434099505382601003e-01 2.437896007241275309e-01 0.000000000000000000e+00 7.339756193472276591e-01 0.000000000000000000e+00 0.000000000000000000e+00 0.000000000000000000e+00 2.565992628747883475e-01 0.000000000000000000e+00 0.000000000000000000e+00
0.000000000000000000e+00 2.912389115917472515e-01 0.000000000000000000e+00 0.000000000000000000e+00 0.000000000000000000e+00 5.002961500493583458e-01 6.226358450915641107e-01 0.000000000000000000e+00 3.678452822816956624e-01 0.000000000000000000e+00
0.000000000000000000e+00 0.000000000000000000e+00 0.000000000000000000e+00 3.623986385023525991e-01 0.000000000000000000e+00 0.000000000000000000e+00 0.000000000000000000e+00 2.591368779413237289e-01 0.000000000000000000e+00 0.000000000000000000e+00
4.388987918399683275e-01 2.304719283970707855e-01 0.000000000000000000e+00 7.159984276729559616e-01 0.000000000000000000e+00 0.000000000000000000e+00 0.000000000000000000e+00 2.571485702859427902e-01 0.000000000000000000e+00 0.000000000000000000e+00
0.000000000000000000e+00 1.860186018601860114e-01 5.241862794191286534e-01 2.826262626262626143e-01 5.166819712274257625e-01 0.000000000000000000e+00 0.000000000000000000e+00 4.268727705112960735e-01 2.465671641791044866e-01 0.000000000000000000e+00
5.539830165790537997e-01 0.000000000000000000e+00 0.000000000000000000e+00 0.000000000000000000e+00 0.000000000000000000e+00 0.000000000000000000e+00 0.000000000000000000e+00 0.000000000000000000e+00 3.898117386489479697e-01 3.901278620279512444e-01
0.000000000000000000e+00 0.000000000000000000e+00 0.000000000000000000e+00 0.000000000000000000e+00 0.000000000000000000e+00 0.000000000000000000e+00 0.000000000000000000e+00 0.000000000000000000e+00 3.595729821410755256e-01 0.000000000000000000e+00
1.006273025988250414e+00 9.996027805362462937e-01 9.975400964282200578e-01 1.004462957453138960e+00 1.010927318295739452e+00 9.852472089314194825e-01 1.002523977788995380e+00 1.008195911918633447e+00 9.934448684081792491e-01 9.909172572112985300e-01
1.009819639278557224e+00 9.854320494911195105e-01 1.004042196588780467e+00 9.841778489885840697e-01 1.021387689527061049e+00 1.016383616383616406e+00 9.995974235104669869e-01 1.000301477238468406e+00 9.921369563053648033e-01 9.912957467853610316e-01
0.000000000000000000e+00 1.779980178394449941e-01 0.000000000000000000e+00 0.000000000000000000e+00 5.480634156130844703e-01 0.000000000000000000e+00 0.000000000000000000e+00 2.180904522613065222e-01 0.000000000000000000e+00 0.000000000000000000e+00
4.434352608739529633e-01 2.349155269509251853e-01 0.000000000000000000e+00 7.276145245869199973e-01 0.000000000000000000e+00 0.000000000000000000e+00 0.000000000000000000e+00 2.503746628034768662e-01 0.000000000000000000e+00 0.000000000000000000e+00
0.000000000000000000e+00 1.953896816684961568e-01 0.000000000000000000e+00 0.000000000000000000e+00 5.321045777822297485e-01 0.000000000000000000e+00 0.000000000000000000e+00 2.199381299271529755e-01 0.000000000000000000e+00 0.000000000000000000e+00
4.555379118697895913e-01 2.444264288609647451e-01 0.000000000000000000e+00 7.363949018814485159e-01 0.000000000000000000e+00 0.000000000000000000e+00 0.000000000000000000e+00 2.492119779353821896e-01 0.000000000000000000e+00 0.000000000000000000e+00
4.375436844732900621e-01 2.412459081440333220e-01 0.000000000000000000e+00 7.167814714984526159e-01 0.000000000000000000e+00 0.000000000000000000e+00 0.000000000000000000e+00 2.564205056460477916e-01 0.000000000000000000e+00 0.000000000000000000e+00
0.000000000000000000e+00 2.870081513535271966e-01 0.000000000000000000e+00 0.000000000000000000e+00 0.000000000000000000e+00 4.967645594823295041e-01 6.138357256778309567e-01 0.000000000000000000e+00 3.623085505629374259e-01 0.000000000000000000e+00
4.460676405843506109e-01 2.328117112569409453e-01 0.000000000000000000e+00 7.298033282904690111e-01 0.000000000000000000e+00 0.000000000000000000e+00 0.000000000000000000e+00 2.623547246083881013e-01 0.000000000000000000e+00 0.000000000000000000e+00
0.000000000000000000e+00 2.026431718061673937e-01 0.000000000000000000e+00 0.000000000000000000e+00 5.591009432069035112e-01 0.000000000000000000e+00 0.000000000000000000e+00 2.174814814814814701e-01 0.000000000000000000e+00 0.000000000000000000e+00
0.000000000000000000e+00 2.910560889338049684e-01 0.000000000000000000e+00 0.000000000000000000e+00 0.000000000000000000e+00 4.760003991617602903e-01 6.268212905144215918e-01 0.000000000000000000e+00 3.591209224401301081e-01 0.000000000000000000e+00
4.496724240619416335e-01 2.425269031486648186e-01 0.000000000000000000e+00 7.282465891864577934e-01 0.000000000000000000e+00 0.000000000000000000e+00 0.000000000000000000e+00 2.489991993594875830e-01 0.000000000000000000e+00 0.000000000000000000e+00
0.000000000000000000e+00 4.774810681546433067e-01 5.220119421111223401e-01 2.817500506380393177e-01 5.229067930489731397e-01 5.031547320981472060e-01 0.000000000000000000e+00 7.421844083893945898e-01 2.489391796322489303e-01 3.812475009996001418e-01
5.525063291139240551e-01 0.000000000000000000e+00 0.000000000000000000e+00 0.000000000000000000e+00 0.000000000000000000e+00 0.000000000000000000e+00 0.000000000000000000e+00 0.000000000000000000e+00 4.059025672124519923e-01 3.820541193038929917e-01
0.000000000000000000e+00 0.000000000000000000e+00 0.000000000000000000e+00 0.000000000000000000e+00 0.000000000000000000e+00 0.000000000000000000e+00 0.000000000000000000e+00 0.000000000000000000e+00 3.649030694668820574e-01 0.000000000000000000e+00
4.485833168218743561e-01 2.325954122007412583e-01 0.000000000000000000e+00 7.471593716035964672e-01 0.000000000000000000e+00 0.000000000000000000e+00 0.000000000000000000e+00 2.436999703528016648e-01 0.000000000000000000e+00 0.000000000000000000e+00
5.451676528599606053e-01 0.000000000000000000e+00 0.000000000000000000e+00 0.000000000000000000e+00 0.000000000000000000e+00 0.000000000000000000e+00 0.000000000000000000e+00 0.000000000000000000e+00 4.170126582278481098e-01 3.971617029782130714e-01
0.000000000000000000e+00 0.000000000000000000e+00 0.000000000000000000e+00 0.000000000000000000e+00 0.000000000000000000e+00 0.000000000000000000e+00 0.000000000000000000e+00 0.000000000000000000e+00 3.667501251877816615e-01 0.000000000000000000e+00
4.551710180125480565e-01 2.416900862486675017e-01 0.000000000000000000e+00 7.190115583897966900e-01 0.000000000000000000e+00 0.000000000000000000e+00 0.000000000000000000e+00 2.587256493506493449e-01 0.000000000000000000e+00 0.000000000000000000e+00
4.491651022626222955e-01 2.334498252621068359e-01 0.000000000000000000e+00 7.243221848406886654e-01 0.000000000000000000e+00 0.000000000000000000e+00 0.000000000000000000e+00 2.501006036217303663e-01 0.000000000000000000e+00 0.000000000000000000e+00
0.000000000000000000e+00 0.000000000000000000e+00 0.000000000000000000e+00 0.000000000000000000e+00 0.000000000000000000e+00 0.000000000000000000e+00 0.000000000000000000e+00 0.000000000000000000e+00 3.623700413848793822e-01 0.000000000000000000e+00
0.000000000000000000e+00 4.824313408723748253e-01 5.008962358095996326e-01 2.749358088090065322e-01 5.350633914421553117e-01 5.051556712383622472e-01 0.000000000000000000e+00 7.446723760207130116e-01 2.457534518724545647e-01 3.656857855361596021e-01
0.000000000000000000e+00 1.892814130871136036e-01 0.000000000000000000e+00 0.000000000000000000e+00 5.238047509271324120e-01 0.000000000000000000e+00 0.000000000000000000e+00 2.157659488013002891e-01 0.000000000000000000e+00 0.000000000000000000e+00
0.000000000000000000e+00 2.889444722361180773e-01 0.000000000000000000e+00 0.000000000000000000e+00 0.000000000000000000e+00 4.928737491155362194e-01 6.323365433350227605e-01 0.000000000000000000e+00 3.513891665000999365e-01 0.000000000000000000e+00
0.000000000000000000e+00 1.886218436264070486e-01 5.217564077091197960e-01 2.725349984892738719e-01 5.273088381330685026e-01 0.000000000000000000e+00 0.000000000000000000e+00 4.015920398009950043e-01 2.422854867608998652e-01 0.000000000000000000e+00
0.000000000000000000e+00 2.916459719876825507e-01 0.000000000000000000e+00 0.000000000000000000e+00 0.000000000000000000e+00 5.015904572564612307e-01 6.221687712968531070e-01 0.000000000000000000e+00 3.562588760397646381e-01 0.000000000000000000e+00
4.296072507552869957e-01 2.355417460158364118e-01 4.873747494989980056e-01 7.294260552687519272e-01 0.000000000000000000e+00 0.000000000000000000e+00 0.000000000000000000e+00 2.516012810248198783e-01 0.000000000000000000e+00 2.241586538461538547e-01
0.000000000000000000e+00 1.806490505375263622e-01 0.000000000000000000e+00 0.000000000000000000e+00 5.517241379310344751e-01 0.000000000000000000e+00 0.000000000000000000e+00 2.203080664775030340e-01 0.000000000000000000e+00 0.000000000000000000e+00
5.434629685458748360e-01 0.000000000000000000e+00 0.000000000000000000e+00 0.000000000000000000e+00 0.000000000000000000e+00 0.000000000000000000e+00 0.000000000000000000e+00 0.000000000000000000e+00 3.991605036977813326e-01 3.925178147268408302e-01
0.000000000000000000e+00 2.781284440436829763e-01 0.000000000000000000e+00 0.000000000000000000e+00 0.000000000000000000e+00 4.776541961577350781e-01 6.347058823529412308e-01 0.000000000000000000e+00 3.573244670447878191e-01 0.000000000000000000e+00
5.523847937884440729e-01 0.000000000000000000e+00 0.000000000000000000e+00 0.000000000000000000e+00 0.000000000000000000e+00 0.000000000000000000e+00 0.000000000000000000e+00 0.000000000000000000e+00 4.028098344204716352e-01 3.788442703232125508e-01
0.000000000000000000e+00 0.000000000000000000e+00 0.000000000000000000e+00 0.000000000000000000e+00 0.000000000000000000e+00 0.000000000000000000e+00 0.000000000000000000e+00 0.000000000000000000e+00 3.643821910955477583e-01 0.000000000000000000e+00
0.000000000000000000e+00 1.870503597122302186e-01 5.116139367240688518e-01 2.797937735474915755e-01 5.416965107950475478e-01 0.000000000000000000e+00 0.000000000000000000e+00 4.161490683229813747e-01 2.381716118684843730e-01 0.000000000000000000e+00
0.000000000000000000e+00 1.877720617332805653e-01 0.000000000000000000e+00 0.000000000000000000e+00 5.399470640133320343e-01 0.000000000000000000e+00 0.000000000000000000e+00 2.158818834796488451e-01 0.000000000000000000e+00 0.000000000000000000e+00
5.681613000300932415e-01 0.000000000000000000e+00 0.000000000000000000e+00 0.000000000000000000e+00 0.000000000000000000e+00 0.000000000000000000e+00 0.000000000000000000e+00 0.000000000000000000e+00 3.960116829489374601e-01 3.753051261187957954e-01
0.000000000000000000e+00 1.948988923889848623e-01 0.000000000000000000e+00 0.000000000000000000e+00 5.309555172763198438e-01 0.000000000000000000e+00 0.000000000000000000e+00 2.161172161172161266e-01 0.000000000000000000e+00 0.000000000000000000e+00
4.443773280982583063e-01 2.442823343848580520e-01 0.000000000000000000e+00 7.372737273727372198e-01 0.000000000000000000e+00 0.000000000000000000e+00 0.000000000000000000e+00 2.492871690427698461e-01 0.000000000000000000e+00 0.000000000000000000e+00
0.000000000000000000e+00 0.000000000000000000e+00 0.000000000000000000e+00 0.000000000000000000e+00 0.000000000000000000e+00 0.000000000000000000e+00 0.000000000000000000e+00 0.000000000000000000e+00 3.737066342057212553e-01 0.000000000000000000e+00
0.000000000000000000e+00 1.896396845992613933e-01 5.062911923307369388e-01 2.764194786825621142e-01 5.461389764981178230e-01 0.000000000000000000e+00 0.000000000000000000e+00 4.208750868141680757e-01 2.386587771203155794e-01 0.000000000000000000e+00
0.000000000000000000e+00 2.800121568230169444e-01 0.000000000000000000e+00 0.000000000000000000e+00 0.000000000000000000e+00 5.048446708620517587e-01 6.291570380789711647e-01 0.000000000000000000e+00 3.675196453757808013e-01 0.000000000000000000e+00
0.000000000000000000e+00 1.941101653458565668e-01 5.131778249015449545e-01 2.689276807980049977e-01 5.400265821490645157e-01 0.000000000000000000e+00 0.000000000000000000e+00 4.222733180045986079e-01 2.387005649717514055e-01 0.000000000000000000e+00
0.000000000000000000e+00 0.000000000000000000e+00 0.000000000000000000e+00 0.000000000000000000e+00 0.000000000000000000e+00 0.000000000000000000e+00 0.000000000000000000e+00 0.000000000000000000e+00 3.640699523052464137e-01 0.000000000000000000e+00
0.000000000000000000e+00 4.909341742215214688e-01 5.190228273928714220e-01 2.778117983261890189e-01 5.262536873156342665e-01 4.945561549779303734e-01 0.000000000000000000e+00 7.495520605216006160e-01 2.565672526170254542e-01 3.893751886507696991e-01
4.560710760118459883e-01 2.350024789291026150e-01 0.000000000000000000e+00 7.197681391165300369e-01 0.000000000000000000e+00 0.000000000000000000e+00 0.000000000000000000e+00 2.563794656259381632e-01 0.000000000000000000e+00 0.000000000000000000e+00
5.545327196317790808e-01 0.000000000000000000e+00 0.000000000000000000e+00 0.000000000000000000e+00 0.000000000000000000e+00 0.000000000000000000e+00 0.000000000000000000e+00 0.000000000000000000e+00 4.061717262799318662e-01 3.964419286364095907e-01
0.000000000000000000e+00 1.901726973684210453e-01 0.000000000000000000e+00 0.000000000000000000e+00 5.309164149043302805e-01 0.000000000000000000e+00 0.000000000000000000e+00 2.221995926680244426e-01 0.000000000000000000e+00 0.000000000000000000e+00
4.550945638181998487e-01 2.485964739485866382e-01 0.000000000000000000e+00 7.416137805983681330e-01 0.000000000000000000e+00 0.000000000000000000e+00 0.000000000000000000e+00 2.579624134520276946e-01 0.000000000000000000e+00 0.000000000000000000e+00
0.000000000000000000e+00 4.771696401572422253e-01 5.088241126313701734e-01 2.768768768768768984e-01 5.281994571227506263e-01 5.000000000000000000e-01 0.000000000000000000e+00 7.519772865544513962e-01 2.527760952957803231e-01 3.780166294869194976e-01
0.000000000000000000e+00 1.945869805815474418e-01 5.160774915118833128e-01 2.877641277641277417e-01 5.280144331963516624e-01 0.000000000000000000e+00 0.000000000000000000e+00 4.096459096459096338e-01 2.424733907754688389e-01 0.000000000000000000e+00
5.468059461631177287e-01 0.000000000000000000e+00 0.000000000000000000e+00 0.000000000000000000e+00 0.000000000000000000e+00 0.000000000000000000e+00 0.000000000000000000e+00 0.000000000000000000e+00 3.888111888111888126e-01 3.964035174389882177e-01
9.760956175298804993e-01 9.948798739661284252e-01 1.011802683345102372e+00 9.875215582834533379e-01 1.008512769153730559e+00 1.000505714574694061e+00 9.979018883005295049e-01 9.948302078053725683e-01 9.999006063015605239e-01 9.835341365461847118e-01
5.603621730382293276e-01 0.000000000000000000e+00 0.000000000000000000e+00 0.000000000000000000e+00 0.000000000000000000e+00 0.000000000000000000e+00 0.000000000000000000e+00 0.000000000000000000e+00 3.960752903484180965e-01 3.898698415901523662e-01
0.000000000000000000e+00 2.852926709296605967e-01 0.000000000000000000e+00 0.000000000000000000e+00 0.000000000000000000e+00 4.945476575121163232e-01 6.270291803605219094e-01 0.000000000000000000e+00 3.470145509282488439e-01 0.000000000000000000e+00
0.000000000000000000e+00 2.746051032806804404e-01 0.000000000000000000e+00 0.000000000000000000e+00 0.000000000000000000e+00 5.008463606492083997e-01 6.307569082899479040e-01 0.000000000000000000e+00 3.631926792069140597e-01 0.000000000000000000e+00
4.534136546184738825e-01 2.236961109436237660e-01 0.000000000000000000e+00 7.265289833383218321e-01 0.000000000000000000e+00 0.000000000000000000e+00 0.000000000000000000e+00 2.554621848739495604e-01 0.000000000000000000e+00 0.000000000000000000e+00
0.000000000000000000e+00 4.756493506493506551e-01 5.218429694496964366e-01 2.783743100852985597e-01 5.394906352195025789e-01 5.029239766081871066e-01 0.000000000000000000e+00 7.535796535496145365e-01 2.466434609646941944e-01 3.783247320365224486e-01
0.000000000000000000e+00 1.850035038542396648e-01 5.198933754566097409e-01 2.783085993088025845e-01 5.332129239414007404e-01 0.000000000000000000e+00 0.000000000000000000e+00 4.222516017492118356e-01 2.438102813960425497e-01 0.000000000000000000e+00
0.000000000000000000e+00 1.800462172209384148e-01 0.000000000000000000e+00 0.000000000000000000e+00 5.291758572287948992e-01 0.000000000000000000e+00 0.000000000000000000e+00 2.139644044592216021e-01 0.000000000000000000e+00 0.000000000000000000e+00
0.000000000000000000e+00 0.000000000000000000e+00 0.000000000000000000e+00 0.000000000000000000e+00 0.000000000000000000e+00 0.000000000000000000e+00 0.000000000000000000e+00 0.000000000000000000e+00 3.539626451287228859e-01 0.000000000000000000e+00
4.460331645318240668e-01 2.307924073516119390e-01 0.000000000000000000e+00 7.292498004788507959e-01 0.000000000000000000e+00 0.000000000000000000e+00 0.000000000000000000e+00 2.573099415204678220e-01 0.000000000000000000e+00 0.000000000000000000e+00
0.000000000000000000e+00 2.945721077654516740e-01 0.000000000000000000e+00 0.000000000000000000e+00 0.000000000000000000e+00 4.885890057551101617e-01 6.501510574018126709e-01 0.000000000000000000e+00 3.663955564372148310e-01 0.000000000000000000e+00
0.000000000000000000e+00 4.824738114423851587e-01 5.050445103857567064e-01 2.765787370103917064e-01 5.426449929761187896e-01 5.223223223223223410e-01 0.000000000000000000e+00 7.429209377854461005e-01 2.623410433563632682e-01 3.790162633875446274e-01
4.590981644054270006e-01 2.397055898149990094e-01 0.000000000000000000e+00 7.306581698695608917e-01 0.000000000000000000e+00 0.000000000000000000e+00 0.000000000000000000e+00 2.493438320209973857e-01 0.000000000000000000e+00 0.000000000000000000e+00
0.000000000000000000e+00 2.782000000000000028e-01 0.000000000000000000e+00 0.000000000000000000e+00 0.000000000000000000e+00 4.964353850788231770e-01 6.468527969578704573e-01 0.000000000000000000e+00 3.598706809456455602e-01 0.000000000000000000e+00
0.000000000000000000e+00 0.000000000000000000e+00 0.000000000000000000e+00 0.000000000000000000e+00 0.000000000000000000e+00 0.000000000000000000e+00 0.000000000000000000e+00 0.000000000000000000e+00 3.546042003231018036e-01 0.000000000000000000e+00
4.489961468262015920e-01 2.348439073514602127e-01 4.898492462311557771e-01 7.289945597420914858e-01 0.000000000000000000e+00 0.000000000000000000e+00 0.000000000000000000e+00 2.518533563521884733e-01 0.000000000000000000e+00 2.139942271324773437e-01
4.450767198455441442e-01 2.377426455873524191e-01 0.000000000000000000e+00 7.212194143602085328e-01 0.000000000000000000e+00 0.000000000000000000e+00 0.000000000000000000e+00 2.486921529175050438e-01 0.000000000000000000e+00 0.000000000000000000e+00
0.000000000000000000e+00 4.875851021225470761e-01 4.965544791770697963e-01 2.741241548862937694e-01 5.265690796069781854e-01 5.288442211055276454e-01 0.000000000000000000e+00 7.367058354909380435e-01 2.531721450694375264e-01 4.029474109215706035e-01
