#chr	position	description	normal	sample0	sample1	sample2	sample3	sample4
1	1	1	0	0.0	0.18320610687	0.271975180972	0.0	0.0
2	1	1	0	0.0	0.203358208955	0.266283524904	0.0	0.0
3	1	1	0	0.0	0.177939646202	0.237288135593	0.127976190476	0.107862903226
4	1	1	0	0.0	0.0	0.0	0.0	0.0
5	1	1	0	0.176946410516	0.0	0.0	0.163730569948	0.151
6	1	1	0	0.0	0.22342519685	0.283825025432	0.0	0.0
7	1	1	0	0.0	0.0	0.0	0.0	0.0
8	1	1	0	0.0	0.0	0.0	0.0	0.0
9	1	1	0	0.0	0.165346534653	0.257009345794	0.116504854369	0.121720881427
10	1	1	0	0.0	0.226847034339	0.269343780607	0.0	0.0
11	1	1	0	0.0	0.0	0.0	0.0	0.0
12	1	1	0	0.0	0.0	0.0	0.0	0.0
13	1	1	0	0.142131979695	0.0	0.0	0.127795527157	0.0
14	1	1	0	0.185831622177	0.0	0.0	0.166180758017	0.15497382199
15	1	1	0	0.138975966562	0.0	0.0	0.125638406537	0.0
16	1	1	0	0.15223880597	0.0	0.0	0.122632103689	0.0
17	1	1	0	0.0	0.200819672131	0.255721393035	0.0	0.0
18	1	1	0	0.0	0.135241855874	0.0	0.0	0.0
19	1	1	0	0.0	0.0	0.0	0.0	0.0
20	1	1	0	0.0	0.0	0.0	0.0	0.0
21	1	1	0	0.0	0.123107971746	0.0	0.0	0.0
22	1	1	0	0.1865234375	0.0	0.0	0.241098677518	0.246615087041
23	1	1	0	0.0	0.186069651741	0.203441295547	0.123667377399	0.118546845124
24	1	1	0	0.0	0.0	0.0	0.0	0.0
25	1	1	0	0.189484126984	0.0	0.0	0.174541947927	0.139959432049
26	1	1	0	0.0	0.0	0.0	0.0	0.0
27	1	1	0	0.0	0.0	0.0	0.0	0.0
28	1	1	0	0.151079136691	0.0	0.0	0.0	0.144497607656
29	1	1	0	0.183153770813	0.0	0.0	0.144897959184	0.146414342629
30	1	1	0	0.194499017682	0.0	0.0	0.148785425101	0.134693877551
31	1	1	0	0.0	0.0	0.0	0.0	0.0
32	1	1	0	0.0	0.0	0.0	0.0	0.0
33	1	1	0	0.0	0.0	0.0	0.0	0.0
34	1	1	0	0.0	0.0	0.0	0.0	0.0
35	1	1	0	0.0	0.206237424547	0.244660194175	0.0	0.0
36	1	1	0	0.0	0.0	0.0	0.0	0.0
37	1	1	0	0.0	0.188899707887	0.222119815668	0.122680412371	0.117707267144
38	1	1	0	0.0	0.0	0.0	0.0	0.0
39	1	1	0	0.211614173228	0.0	0.0	0.142142142142	0.159769008662
40	1	1	0	0.0	0.0	0.0	0.0	0.0
41	1	1	0	0.0	0.0	0.0	0.0	0.0
42	1	1	0	0.0	0.0	0.0	0.0	0.0
43	1	1	0	0.0	0.125748502994	0.0	0.0	0.0
44	1	1	0	0.0	0.0	0.0	0.0	0.0
45	1	1	0	0.186878727634	0.0	0.0	0.2568359375	0.228456913828
46	1	1	0	0.199398797595	0.0	0.0	0.158475426279	0.133990147783
47	1	1	0	0.0	0.166172106825	0.234756097561	0.0	0.0
48	1	1	0	0.0	0.199588477366	0.286876907426	0.0	0.0
49	1	1	0	0.0	0.199797160243	0.274309109519	0.0	0.0
50	1	1	0	0.194214876033	0.0	0.0	0.165338645418	0.153144016227
51	1	1	0	0.0	0.0	0.0	0.0	0.0
52	1	1	0	0.0	0.0	0.0	0.0	0.0
53	1	1	0	0.0	0.0	0.0	0.0	0.0
54	1	1	0	0.0	0.0	0.0	0.0	0.0
55	1	1	0	0.0	0.0	0.0	0.0	0.0
56	1	1	0	0.193612774451	0.0	0.0	0.143536121673	0.156787762906
57	1	1	0	0.0	0.0	0.0	0.0	0.0
58	1	1	0	0.171641791045	0.0	0.0	0.172484599589	0.163141993958
59	1	1	0	0.0	0.177598385469	0.21197252208	0.124170616114	0.109327983952
60	1	1	0	0.0	0.0	0.0	0.0	0.0
61	1	1	0	0.196324951644	0.0	0.0	0.249743062693	0.227741330834
62	1	1	0	0.183896620278	0.0	0.0	0.175801447777	0.165174129353
63	1	1	0	0.0	0.0	0.0	0.0	0.0
64	1	1	0	0.184290030211	0.0	0.0	0.0	0.139630390144
65	1	1	0	0.0	0.0	0.0	0.0	0.0
66	1	1	0	0.0	0.16988809766	0.234517766497	0.128231644261	0.106967615309
67	1	1	0	0.179331306991	0.0	0.0	0.26861167002	0.236125126135
68	1	1	0	0.0	0.0	0.0	0.0	0.0
69	1	1	0	0.192687747036	0.0	0.0	0.155046826223	0.149646107179
70	1	1	0	0.0	0.110887096774	0.0	0.0	0.0
71	1	1	0	0.197224975223	0.0	0.0	0.168115942029	0.14373088685
72	1	1	0	0.0	0.180039138943	0.215967246673	0.125244618395	0.137550200803
73	1	1	0	0.174044265594	0.0	0.0	0.121647509579	0.0
74	1	1	0	0.150406504065	0.0	0.0	0.0	0.127144298688
75	1	1	0	0.0	0.186813186813	0.244357212954	0.0	0.0
76	1	1	0	0.0	0.131910766246	0.0	0.0	0.0
77	1	1	0	0.172995780591	0.0	0.0	0.0	0.159346271706
78	1	1	0	0.0	0.203913491246	0.272267206478	0.0	0.0
79	1	1	0	0.0	0.0	0.0	0.0	0.0
80	1	1	0	0.0	0.0	0.0	0.0	0.0
81	1	1	0	0.211520302172	0.0	0.0	0.149344096872	0.16354679803
82	1	1	0	0.0	0.128352490421	0.0	0.0	0.0
83	1	1	0	0.0	0.0	0.0	0.0	0.0
84	1	1	0	0.0	0.0	0.0	0.0	0.0
85	1	1	0	0.209065679926	0.0	0.0	0.168857431749	0.166835187058
86	1	1	0	0.0	0.0	0.0	0.0	0.0
87	1	1	0	0.192599620493	0.0	0.0	0.170658682635	0.161635832522
88	1	1	0	0.0	0.0	0.0	0.0	0.0
89	1	1	0	0.0	0.0	0.0	0.0	0.0
90	1	1	0	0.177402323126	0.0	0.0	0.0	0.137001078749
91	1	1	0	0.0	0.132860040568	0.0	0.0	0.0
92	1	1	0	0.212034383954	0.0	0.0	0.156923076923	0.145194274029
93	1	1	0	0.0	0.0	0.0	0.0	0.0
94	1	1	0	0.210731707317	0.0	0.0	0.163127413127	0.149590163934
95	1	1	0	0.0	0.0	0.0	0.0	0.0
96	1	1	0	0.0	0.225773195876	0.279069767442	0.0	0.0
97	1	1	0	0.0	0.115618661258	0.0	0.0	0.0
98	1	1	0	0.0	0.0	0.0	0.0	0.0
99	1	1	0	0.0	0.0	0.0	0.0	0.0
100	1	1	0	0.212273641851	0.0	0.0	0.254616132167	0.280287474333
