#chr	position	description	normal	sample0	sample1	sample2	sample3	sample4
1	1	1	0	0.0	0.0	0.0	0.0	0.0
2	1	1	0	0.0	0.0	0.0	0.0	0.0
3	1	1	0	0.128205128205	0.240384615385	0.114583333333	0.146551724138	0.0
4	1	1	0	0.0	0.0	0.0	0.0	0.0
5	1	1	0	0.0	0.0	0.0	0.0	0.0
6	1	1	0	0.0	0.0	0.0	0.0	0.0
7	1	1	0	0.0	0.0	0.0	0.0	0.0
8	1	1	0	0.0	0.204081632653	0.173913043478	0.0	0.0
9	1	1	0	0.0	0.0943396226415	0.132743362832	0.0	0.0
10	1	1	0	0.14	0.15306122449	0.0	0.138888888889	0.245614035088
11	1	1	0	0.0	0.220183486239	0.132075471698	0.171717171717	0.0
12	1	1	0	0.0	0.0	0.0	0.0	0.0
13	1	1	0	0.490384615385	0.611111111111	0.273684210526	0.359223300971	0.422680412371
14	1	1	0	0.205357142857	0.302083333333	0.135922330097	0.111111111111	0.0
15	1	1	0	0.0	0.0	0.0	0.0	0.0
16	1	1	0	0.190476190476	0.165137614679	0.0	0.132653061224	0.319587628866
17	1	1	0	0.0759493670886	0.252427184466	0.18085106383	0.136363636364	0.0
18	1	1	0	0.0	0.0	0.0	0.0	0.0
19	1	1	0	0.121495327103	0.307692307692	0.184782608696	0.155339805825	0.0
20	1	1	0	0.227722772277	0.163265306122	0.0	0.197802197802	0.306818181818
21	1	1	0	0.233644859813	0.13829787234	0.0	0.105882352941	0.3125
22	1	1	0	0.169491525424	0.153846153846	0.0	0.194174757282	0.230769230769
23	1	1	0	0.0	0.0	0.0	0.0	0.0
24	1	1	0	0.0	0.0	0.0	0.0	0.0
25	1	1	0	0.0	0.0	0.0	0.0	0.0
26	1	1	0	0.0	0.0	0.0	0.0	0.0
27	1	1	0	0.0	0.0	0.0	0.07	0.0
28	1	1	0	0.0	0.228260869565	0.121739130435	0.161290322581	0.0
29	1	1	0	0.539215686275	0.477777777778	0.346153846154	0.232323232323	0.471264367816
30	1	1	0	0.0816326530612	0.214285714286	0.176470588235	0.148148148148	0.0
31	1	1	0	0.0777777777778	0.255102040816	0.0964912280702	0.153846153846	0.0
32	1	1	0	0.531746031746	0.5	0.276595744681	0.26	0.441860465116
33	1	1	0	0.0	0.0	0.0	0.0	0.0
34	1	1	0	0.0	0.0989010989011	0.0	0.0	0.188118811881
35	1	1	0	0.132653061224	0.265957446809	0.162601626016	0.159090909091	0.0
36	1	1	0	0.154761904762	0.326732673267	0.112244897959	0.116279069767	0.0
37	1	1	0	0.0	0.0	0.0	0.0	0.0
38	1	1	0	0.139784946237	0.214285714286	0.279569892473	0.128440366972	0.0
39	1	1	0	0.113636363636	0.284210526316	0.226804123711	0.136363636364	0.0
40	1	1	0	0.132743362832	0.16091954023	0.0875	0.125	0.0
41	1	1	0	0.0810810810811	0.24347826087	0.152542372881	0.141592920354	0.0
42	1	1	0	0.156862745098	0.184782608696	0.0	0.155963302752	0.274509803922
43	1	1	0	0.13829787234	0.151515151515	0.0	0.1	0.247619047619
44	1	1	0	0.129032258065	0.194805194805	0.133928571429	0.120879120879	0.0
45	1	1	0	0.0	0.198275862069	0.15	0.12380952381	0.0
46	1	1	0	0.340206185567	0.404255319149	0.230769230769	0.267326732673	0.219298245614
47	1	1	0	0.0	0.0	0.0	0.0	0.0
48	1	1	0	0.134020618557	0.105769230769	0.0	0.129310344828	0.330434782609
49	1	1	0	0.539215686275	0.443181818182	0.25	0.369047619048	0.438095238095
50	1	1	0	0.15	0.133333333333	0.140495867769	0.117647058824	0.0
51	1	1	0	0.547826086957	0.538461538462	0.306930693069	0.268041237113	0.577981651376
52	1	1	0	0.466666666667	0.458823529412	0.238532110092	0.257142857143	0.468085106383
53	1	1	0	0.207547169811	0.151515151515	0.0	0.141509433962	0.271739130435
54	1	1	0	0.47	0.46	0.180722891566	0.217391304348	0.527472527473
55	1	1	0	0.0	0.0	0.0	0.0	0.0
56	1	1	0	0.548076923077	0.418604651163	0.513513513514	0.55	0.511627906977
57	1	1	0	0.114285714286	0.241758241758	0.320754716981	0.177419354839	0.0
58	1	1	0	0.132653061224	0.267326732673	0.147727272727	0.0659340659341	0.0
59	1	1	0	0.234375	0.163461538462	0.0	0.0851063829787	0.367816091954
60	1	1	0	0.525252525253	0.433734939759	0.428571428571	0.475	0.423076923077
61	1	1	0	0.247524752475	0.348314606742	0.358490566038	0.295652173913	0.263636363636
62	1	1	0	0.0	0.0	0.0	0.0	0.0
63	1	1	0	0.0	0.168316831683	0.114583333333	0.146788990826	0.0
64	1	1	0	0.126126126126	0.2625	0.235294117647	0.0970873786408	0.0
65	1	1	0	0.121495327103	0.241379310345	0.171171171171	0.100840336134	0.0
66	1	1	0	0.129411764706	0.263736263736	0.15652173913	0.172043010753	0.0
67	1	1	0	0.0	0.0	0.0	0.0	0.0
68	1	1	0	0.0	0.0	0.0	0.0	0.0
69	1	1	0	0.0	0.145833333333	0.159663865546	0.0	0.0
70	1	1	0	0.217821782178	0.12389380531	0.0	0.20253164557	0.241379310345
71	1	1	0	0.0	0.0	0.0	0.0	0.0
72	1	1	0	0.137931034483	0.150943396226	0.117021276596	0.140495867769	0.0
73	1	1	0	0.0	0.0	0.0	0.0	0.0
74	1	1	0	0.157303370787	0.269230769231	0.147727272727	0.14953271028	0.0
75	1	1	0	0.0	0.0	0.162601626016	0.0	0.0
76	1	1	0	0.0	0.0	0.0	0.0	0.0
77	1	1	0	0.481481481481	0.470588235294	0.529411764706	0.522123893805	0.533333333333
78	1	1	0	0.172839506173	0.186666666667	0.0	0.127906976744	0.326086956522
79	1	1	0	0.462264150943	0.446601941748	0.61	0.481818181818	0.558441558442
80	1	1	0	0.170454545455	0.20202020202	0.0	0.19	0.317647058824
81	1	1	0	0.115384615385	0.25	0.144230769231	0.132075471698	0.0
82	1	1	0	0.121951219512	0.157407407407	0.158878504673	0.0761904761905	0.0
83	1	1	0	0.171428571429	0.132743362832	0.0	0.158415841584	0.283950617284
84	1	1	0	0.120689655172	0.258928571429	0.155555555556	0.137931034483	0.0
85	1	1	0	0.488372093023	0.470588235294	0.320754716981	0.344827586207	0.469135802469
86	1	1	0	0.241379310345	0.125	0.0	0.137931034483	0.28
87	1	1	0	0.139240506329	0.234234234234	0.169491525424	0.157894736842	0.0
88	1	1	0	0.0	0.0	0.0	0.0	0.0
89	1	1	0	0.0	0.0	0.0	0.0	0.0
90	1	1	0	0.105263157895	0.165137614679	0.0	0.19512195122	0.322222222222
91	1	1	0	0.0549450549451	0.2125	0.105263157895	0.139344262295	0.0
92	1	1	0	0.0	0.0	0.0	0.0	0.0
93	1	1	0	0.0	0.0	0.0	0.0	0.0
94	1	1	0	0.0	0.0	0.0	0.0	0.0
95	1	1	0	0.526315789474	0.54128440367	0.540983606557	0.440366972477	0.511904761905
96	1	1	0	0.0	0.0	0.0	0.0	0.0
97	1	1	0	0.177777777778	0.129411764706	0.0	0.176470588235	0.287037037037
98	1	1	0	0.186274509804	0.132653061224	0.0	0.155963302752	0.34693877551
99	1	1	0	0.0	0.0	0.0	0.0	0.0
100	1	1	0	0.140186915888	0.255555555556	0.134615384615	0.0659340659341	0.0
101	1	1	0	0.177570093458	0.19587628866	0.0	0.132653061224	0.284210526316
102	1	1	0	0.164948453608	0.177083333333	0.150537634409	0.150793650794	0.0
103	1	1	0	0.0	0.0	0.0	0.0	0.0
104	1	1	0	0.495145631068	0.496	0.245614035088	0.277227722772	0.372727272727
105	1	1	0	0.0	0.0	0.0	0.0	0.0
106	1	1	0	0.0	0.0857142857143	0.196078431373	0.0	0.0
107	1	1	0	0.0849056603774	0.209523809524	0.190476190476	0.115789473684	0.0
108	1	1	0	0.147727272727	0.165217391304	0.0	0.125	0.333333333333
109	1	1	0	0.0	0.0	0.0	0.0	0.0
110	1	1	0	0.531914893617	0.566666666667	0.317307692308	0.266666666667	0.55737704918
111	1	1	0	0.1	0.239583333333	0.127272727273	0.20253164557	0.0
112	1	1	0	0.0	0.0	0.0	0.0	0.0
113	1	1	0	0.538461538462	0.480392156863	0.309523809524	0.252525252525	0.537037037037
114	1	1	0	0.0	0.217391304348	0.104166666667	0.0	0.0
115	1	1	0	0.0	0.0	0.0	0.0714285714286	0.0
116	1	1	0	0.40350877193	0.4765625	0.466019417476	0.483146067416	0.494845360825
117	1	1	0	0.0	0.25	0.112068965517	0.159574468085	0.0
118	1	1	0	0.0	0.0	0.0	0.0	0.0
119	1	1	0	0.0	0.0	0.0	0.0	0.0
120	1	1	0	0.0	0.0	0.122950819672	0.0	0.0
121	1	1	0	0.0	0.0	0.180952380952	0.0	0.0
122	1	1	0	0.0824742268041	0.218181818182	0.158415841584	0.0864197530864	0.0
123	1	1	0	0.0	0.0	0.0	0.0	0.0
124	1	1	0	0.115789473684	0.205882352941	0.145454545455	0.120879120879	0.0
125	1	1	0	0.1	0.212765957447	0.122641509434	0.10101010101	0.0
126	1	1	0	0.0	0.0	0.0	0.0	0.0
127	1	1	0	0.166666666667	0.20202020202	0.117021276596	0.0849056603774	0.0
128	1	1	0	0.132075471698	0.212765957447	0.170212765957	0.108108108108	0.0
129	1	1	0	0.163793103448	0.2	0.127659574468	0.0549450549451	0.0
130	1	1	0	0.493975903614	0.510638297872	0.256880733945	0.294117647059	0.509803921569
131	1	1	0	0.0	0.0	0.0	0.0	0.0
132	1	1	0	0.0	0.0	0.0	0.0	0.0
133	1	1	0	0.0	0.0	0.0	0.0	0.0
134	1	1	0	0.0978260869565	0.201923076923	0.147826086957	0.141592920354	0.0
135	1	1	0	0.0	0.0	0.0	0.0	0.0
136	1	1	0	0.535353535354	0.575471698113	0.224719101124	0.244897959184	0.538461538462
137	1	1	0	0.479591836735	0.548076923077	0.391304347826	0.316831683168	0.448598130841
138	1	1	0	0.29	0.172043010753	0.0	0.117021276596	0.313131313131
139	1	1	0	0.186813186813	0.20202020202	0.0	0.147826086957	0.25
140	1	1	0	0.0	0.25	0.170731707317	0.121495327103	0.0
141	1	1	0	0.0952380952381	0.20202020202	0.181818181818	0.128712871287	0.0
142	1	1	0	0.151785714286	0.252631578947	0.0980392156863	0.134615384615	0.0
143	1	1	0	0.212765957447	0.263157894737	0.147727272727	0.138888888889	0.0
144	1	1	0	0.0	0.0	0.0	0.0	0.0
145	1	1	0	0.297297297297	0.300970873786	0.198198198198	0.297872340426	0.277227722772
146	1	1	0	0.118811881188	0.221052631579	0.0	0.265306122449	0.240963855422
147	1	1	0	0.151785714286	0.274725274725	0.15652173913	0.162790697674	0.0
148	1	1	0	0.0	0.0	0.078431372549	0.0	0.0
149	1	1	0	0.103448275862	0.268518518519	0.261904761905	0.12380952381	0.0
150	1	1	0	0.0	0.0	0.205882352941	0.0	0.0
151	1	1	0	0.0	0.0	0.0	0.0	0.0
152	1	1	0	0.172043010753	0.252631578947	0.179487179487	0.152941176471	0.0
153	1	1	0	0.0	0.242990654206	0.196078431373	0.266666666667	0.0
154	1	1	0	0.0	0.0	0.0	0.0	0.0
155	1	1	0	0.0	0.0	0.0	0.0	0.0
156	1	1	0	0.0	0.0	0.0	0.0	0.0
157	1	1	0	0.0	0.0	0.119565217391	0.0	0.0
158	1	1	0	0.469387755102	0.457627118644	0.321100917431	0.263636363636	0.447619047619
159	1	1	0	0.0	0.0	0.0	0.0	0.0
160	1	1	0	0.0	0.0	0.173913043478	0.0	0.0
161	1	1	0	0.10752688172	0.220930232558	0.173076923077	0.123595505618	0.0
162	1	1	0	0.102272727273	0.201923076923	0.16091954023	0.141304347826	0.0
163	1	1	0	0.159663865546	0.333333333333	0.173913043478	0.102040816327	0.0
164	1	1	0	0.148936170213	0.239130434783	0.131313131313	0.0526315789474	0.0
165	1	1	0	0.0	0.0	0.0	0.0	0.0
166	1	1	0	0.585585585586	0.547368421053	0.234042553191	0.303571428571	0.59595959596
167	1	1	0	0.151162790698	0.148936170213	0.0	0.140845070423	0.221052631579
168	1	1	0	0.153846153846	0.10989010989	0.0	0.105769230769	0.264150943396
169	1	1	0	0.135416666667	0.141509433962	0.0	0.173469387755	0.268041237113
170	1	1	0	0.106382978723	0.235849056604	0.0	0.145454545455	0.295454545455
171	1	1	0	0.206896551724	0.10752688172	0.0	0.207317073171	0.376237623762
172	1	1	0	0.113636363636	0.268817204301	0.10752688172	0.152173913043	0.0
173	1	1	0	0.145833333333	0.182795698925	0.147058823529	0.184466019417	0.0
174	1	1	0	0.0	0.0	0.0	0.0	0.0
175	1	1	0	0.435897435897	0.475247524752	0.642857142857	0.5	0.465346534653
176	1	1	0	0.0	0.0	0.0	0.0	0.0
177	1	1	0	0.126436781609	0.203883495146	0.118181818182	0.185567010309	0.0
178	1	1	0	0.0	0.0	0.0	0.0	0.0
179	1	1	0	0.551020408163	0.428571428571	0.46875	0.5	0.545454545455
180	1	1	0	0.0	0.0	0.0	0.111111111111	0.0
181	1	1	0	0.151162790698	0.220183486239	0.127272727273	0.122641509434	0.0
182	1	1	0	0.0	0.0	0.0	0.0	0.0
183	1	1	0	0.173076923077	0.0659340659341	0.0	0.164556962025	0.247787610619
184	1	1	0	0.147727272727	0.242718446602	0.144444444444	0.135802469136	0.0
185	1	1	0	0.120879120879	0.259615384615	0.144230769231	0.15652173913	0.0
186	1	1	0	0.0	0.0	0.0	0.0	0.0
187	1	1	0	0.188118811881	0.184	0.153846153846	0.111111111111	0.0
188	1	1	0	0.0975609756098	0.20618556701	0.108695652174	0.108695652174	0.0
189	1	1	0	0.101123595506	0.242718446602	0.163043478261	0.116504854369	0.0
190	1	1	0	0.0	0.0	0.0	0.0769230769231	0.0
191	1	1	0	0.407766990291	0.454545454545	0.463917525773	0.603773584906	0.526315789474
192	1	1	0	0.0	0.0	0.0	0.0	0.0
193	1	1	0	0.220930232558	0.178217821782	0.0	0.192660550459	0.290697674419
194	1	1	0	0.0744680851064	0.235849056604	0.103092783505	0.0752688172043	0.0
195	1	1	0	0.11	0.148514851485	0.127906976744	0.114285714286	0.0
196	1	1	0	0.519230769231	0.549450549451	0.428571428571	0.543689320388	0.505050505051
197	1	1	0	0.0	0.0	0.0	0.0	0.0
198	1	1	0	0.566666666667	0.425	0.427083333333	0.485148514851	0.509615384615
199	1	1	0	0.0	0.0	0.0961538461538	0.0	0.0
200	1	1	0	0.0	0.0	0.0	0.0	0.0
201	1	1	0	0.373493975904	0.463917525773	0.308411214953	0.362745098039	0.517857142857
202	1	1	0	0.0	0.15	0.0	0.0	0.240506329114
203	1	1	0	0.466666666667	0.464646464646	0.283018867925	0.289719626168	0.521739130435
204	1	1	0	0.0	0.0	0.0	0.0	0.0
205	1	1	0	0.0	0.0	0.0	0.0	0.0
206	1	1	0	0.117021276596	0.198113207547	0.275229357798	0.146341463415	0.0
207	1	1	0	0.0	0.0	0.155339805825	0.0	0.0
208	1	1	0	0.0	0.0	0.161904761905	0.0	0.0
209	1	1	0	0.515151515152	0.401869158879	0.242718446602	0.265306122449	0.576923076923
210	1	1	0	0.517857142857	0.446808510638	0.521276595745	0.542168674699	0.484210526316
211	1	1	0	0.0	0.0916666666667	0.0	0.0	0.193181818182
212	1	1	0	0.0	0.0	0.0	0.0	0.0
213	1	1	0	0.191304347826	0.202247191011	0.0	0.0919540229885	0.245762711864
214	1	1	0	0.514285714286	0.491379310345	0.300970873786	0.238636363636	0.456310679612
215	1	1	0	0.538461538462	0.515463917526	0.321428571429	0.214285714286	0.443298969072
216	1	1	0	0.0	0.0	0.0	0.0	0.0
217	1	1	0	0.163636363636	0.161290322581	0.0	0.127450980392	0.256637168142
218	1	1	0	0.0	0.0	0.0	0.0	0.0
219	1	1	0	0.222222222222	0.102564102564	0.0	0.15306122449	0.393442622951
220	1	1	0	0.546391752577	0.526315789474	0.252427184466	0.290322580645	0.541666666667
221	1	1	0	0.0	0.0	0.118811881188	0.0	0.0
222	1	1	0	0.322222222222	0.360465116279	0.333333333333	0.25641025641	0.29
223	1	1	0	0.532608695652	0.433628318584	0.537735849057	0.489583333333	0.485981308411
224	1	1	0	0.106382978723	0.245901639344	0.147368421053	0.14	0.0
225	1	1	0	0.139784946237	0.147058823529	0.169642857143	0.133928571429	0.0
226	1	1	0	0.16	0.138613861386	0.0	0.119047619048	0.354430379747
227	1	1	0	0.0	0.247422680412	0.212121212121	0.10101010101	0.0
228	1	1	0	0.0	0.269565217391	0.141304347826	0.0	0.0
229	1	1	0	0.0	0.0	0.0	0.0	0.0
230	1	1	0	0.136752136752	0.25	0.165217391304	0.188888888889	0.0
231	1	1	0	0.103092783505	0.186274509804	0.191304347826	0.0917431192661	0.0
232	1	1	0	0.104761904762	0.257425742574	0.0990990990991	0.116504854369	0.0
233	1	1	0	0.14953271028	0.0823529411765	0.0	0.189473684211	0.297297297297
234	1	1	0	0.126582278481	0.186046511628	0.0	0.174311926606	0.271844660194
235	1	1	0	0.0	0.0	0.0	0.0	0.0
236	1	1	0	0.191304347826	0.12037037037	0.0	0.118181818182	0.344086021505
237	1	1	0	0.0	0.216494845361	0.184782608696	0.125	0.0
238	1	1	0	0.117647058824	0.19801980198	0.138888888889	0.117021276596	0.0
239	1	1	0	0.0	0.0	0.0	0.0	0.0
240	1	1	0	0.10989010989	0.225352112676	0.168224299065	0.1171875	0.0
241	1	1	0	0.149425287356	0.201923076923	0.147058823529	0.0892857142857	0.0
242	1	1	0	0.0	0.0	0.0	0.0927835051546	0.0
243	1	1	0	0.0531914893617	0.191304347826	0.186046511628	0.102040816327	0.0
244	1	1	0	0.0	0.1	0.0	0.0	0.228571428571
245	1	1	0	0.0	0.0	0.0	0.0	0.0
246	1	1	0	0.188888888889	0.07	0.0	0.146788990826	0.23
247	1	1	0	0.0	0.225490196078	0.14	0.0	0.0
248	1	1	0	0.0	0.0	0.0	0.0	0.0
249	1	1	0	0.150537634409	0.27	0.20652173913	0.134831460674	0.0
250	1	1	0	0.0	0.0	0.0	0.104761904762	0.0
251	1	1	0	0.569892473118	0.577319587629	0.36	0.317757009346	0.482456140351
252	1	1	0	0.0	0.0	0.0	0.0	0.0
253	1	1	0	0.459183673469	0.594594594595	0.380434782609	0.347826086957	0.460869565217
254	1	1	0	0.0	0.0	0.0	0.0	0.0
255	1	1	0	0.183486238532	0.168316831683	0.0	0.120879120879	0.237623762376
256	1	1	0	0.0	0.0	0.0	0.114942528736	0.0
257	1	1	0	0.0	0.0	0.0	0.0	0.0
258	1	1	0	0.0	0.0	0.0	0.0	0.0
259	1	1	0	0.519230769231	0.47572815534	0.483516483516	0.574257425743	0.550458715596
260	1	1	0	0.145454545455	0.180952380952	0.0	0.0989010989011	0.284403669725
261	1	1	0	0.147058823529	0.260416666667	0.111111111111	0.0849056603774	0.0
262	1	1	0	0.0	0.0	0.0	0.0	0.0
263	1	1	0	0.148514851485	0.314285714286	0.137931034483	0.158536585366	0.0
264	1	1	0	0.0	0.212962962963	0.144230769231	0.125	0.0
265	1	1	0	0.0	0.0	0.0	0.0	0.0
266	1	1	0	0.0	0.0	0.0	0.0	0.0
267	1	1	0	0.0	0.0	0.0	0.0860215053763	0.0
268	1	1	0	0.142857142857	0.292134831461	0.118811881188	0.0776699029126	0.0
269	1	1	0	0.0	0.0	0.0	0.0	0.0
270	1	1	0	0.601941747573	0.432692307692	0.260416666667	0.25	0.428571428571
271	1	1	0	0.113043478261	0.215053763441	0.161904761905	0.164383561644	0.0
272	1	1	0	0.0	0.0	0.0	0.0	0.0
273	1	1	0	0.0	0.0	0.0	0.0	0.0
274	1	1	0	0.0	0.0	0.0	0.0	0.0
275	1	1	0	0.126213592233	0.24347826087	0.195652173913	0.171428571429	0.0
276	1	1	0	0.518072289157	0.470588235294	0.309278350515	0.3	0.525252525253
277	1	1	0	0.170212765957	0.104166666667	0.0	0.0879120879121	0.28
278	1	1	0	0.39175257732	0.447916666667	0.264367816092	0.25	0.494845360825
279	1	1	0	0.228070175439	0.159292035398	0.0	0.225225225225	0.271739130435
280	1	1	0	0.0	0.289719626168	0.131868131868	0.129310344828	0.0
281	1	1	0	0.141592920354	0.2	0.175824175824	0.0892857142857	0.0
282	1	1	0	0.210526315789	0.0	0.0	0.0	0.0
283	1	1	0	0.131868131868	0.245762711864	0.175257731959	0.115789473684	0.0
284	1	1	0	0.0952380952381	0.25	0.149425287356	0.131868131868	0.0
285	1	1	0	0.0	0.0	0.0	0.0	0.0
286	1	1	0	0.131578947368	0.152380952381	0.029702970297	0.117647058824	0.0
287	1	1	0	0.0	0.153846153846	0.106382978723	0.0	0.0
288	1	1	0	0.0	0.225490196078	0.119565217391	0.0	0.0
289	1	1	0	0.532110091743	0.478260869565	0.480769230769	0.546391752577	0.529914529915
290	1	1	0	0.0	0.301075268817	0.196850393701	0.138888888889	0.0
291	1	1	0	0.0	0.0	0.0	0.0	0.0
292	1	1	0	0.168421052632	0.151515151515	0.0	0.115384615385	0.233644859813
293	1	1	0	0.545454545455	0.575471698113	0.333333333333	0.336734693878	0.448979591837
294	1	1	0	0.0	0.0	0.0	0.0	0.0
295	1	1	0	0.233009708738	0.271844660194	0.18085106383	0.19298245614	0.0
296	1	1	0	0.0	0.0740740740741	0.116883116883	0.0	0.0
297	1	1	0	0.0	0.0	0.0	0.0	0.0
298	1	1	0	0.0	0.0	0.0	0.0	0.0
299	1	1	0	0.19587628866	0.138613861386	0.0	0.105882352941	0.284403669725
300	1	1	0	0.0	0.108108108108	0.1625	0.0	0.0
