Num_mutations: 100
Num_samples: 20
Error_rate: 0.050000

4.121687929342492396e-01 0.000000000000000000e+00 0.000000000000000000e+00 5.206286836935166695e-01 2.600382409177820486e-01 3.024390243902438935e-01 0.000000000000000000e+00 0.000000000000000000e+00 0.000000000000000000e+00 0.000000000000000000e+00 0.000000000000000000e+00 0.000000000000000000e+00 0.000000000000000000e+00 0.000000000000000000e+00 0.000000000000000000e+00 0.000000000000000000e+00 0.000000000000000000e+00 0.000000000000000000e+00 0.000000000000000000e+00 2.833505687693898545e-01
0.000000000000000000e+00 1.413359148112294239e-01 0.000000000000000000e+00 0.000000000000000000e+00 0.000000000000000000e+00 0.000000000000000000e+00 0.000000000000000000e+00 0.000000000000000000e+00 2.594484167517875361e-01 1.926229508196721230e-01 1.842610364683301416e-01 0.000000000000000000e+00 0.000000000000000000e+00 0.000000000000000000e+00 2.286860581745235599e-01 0.000000000000000000e+00 1.386718750000000000e-01 0.000000000000000000e+00 0.000000000000000000e+00 0.000000000000000000e+00
6.841085271317829397e-01 1.639004149377593367e-01 0.000000000000000000e+00 5.096899224806201723e-01 4.951830443159923045e-01 5.662650602409639022e-01 0.000000000000000000e+00 0.000000000000000000e+00 2.640000000000000124e-01 5.045408678102926148e-01 4.989247311827956777e-01 5.252100840336134668e-01 5.588536335721596693e-01 0.000000000000000000e+00 6.209523809523809224e-01 5.072164948453607991e-01 5.093555093555093283e-01 0.000000000000000000e+00 0.000000000000000000e+00 3.241025641025641058e-01
6.745796241345203281e-01 1.625371655104063395e-01 0.000000000000000000e+00 5.379442843419788289e-01 5.285848172446110382e-01 5.894941634241245287e-01 0.000000000000000000e+00 0.000000000000000000e+00 2.686274509803921462e-01 5.345528455284552782e-01 4.734774066797642345e-01 5.641025641025640969e-01 5.410334346504559466e-01 0.000000000000000000e+00 6.449511400651465332e-01 5.050505050505050830e-01 4.221525600835945857e-01 0.000000000000000000e+00 0.000000000000000000e+00 3.211100099108027961e-01
3.412616339193381698e-01 8.628230616302187128e-01 7.191919191919191601e-01 4.933586337760910712e-01 5.049309664694280331e-01 1.945288753799392090e-01 9.602327837051406467e-01 7.944111776447105866e-01 4.114173228346456601e-01 2.623906705539358342e-01 5.384615384615384359e-01 0.000000000000000000e+00 0.000000000000000000e+00 7.330143540669856739e-01 3.960975609756097748e-01 4.748201438848920763e-01 2.798434442270058553e-01 7.668292682926829418e-01 6.791666666666666963e-01 4.670781893004115060e-01
0.000000000000000000e+00 1.740850642927794234e-01 0.000000000000000000e+00 0.000000000000000000e+00 0.000000000000000000e+00 0.000000000000000000e+00 0.000000000000000000e+00 0.000000000000000000e+00 2.512562814070351536e-01 2.532402791625124605e-01 2.195121951219512202e-01 0.000000000000000000e+00 0.000000000000000000e+00 0.000000000000000000e+00 2.081545064377682275e-01 0.000000000000000000e+00 1.718426501035196785e-01 0.000000000000000000e+00 0.000000000000000000e+00 0.000000000000000000e+00
6.627793974732750781e-01 2.028985507246376940e-01 3.049853372434017662e-01 5.603960396039604497e-01 5.526590198123044750e-01 8.174442190669370945e-01 0.000000000000000000e+00 2.042467138523761383e-01 2.762645914396887337e-01 5.061983471074380514e-01 4.564315352697095318e-01 9.950835791543756192e-01 9.760956175298804993e-01 0.000000000000000000e+00 6.440677966101694407e-01 4.874999999999999889e-01 7.490347490347489812e-01 0.000000000000000000e+00 3.146718146718146536e-01 5.249237029501525598e-01
3.063414634146341409e-01 6.252587991718426830e-01 7.435387673956261878e-01 4.327018943170488630e-01 4.830261881668282964e-01 0.000000000000000000e+00 7.015075376884422065e-01 5.427135678391959983e-01 4.300202839756592232e-01 0.000000000000000000e+00 2.822335025380710571e-01 0.000000000000000000e+00 0.000000000000000000e+00 7.151515151515152047e-01 3.831967213114754189e-01 4.918032786885245811e-01 2.774327122153208980e-01 2.989183874139626496e-01 3.491422805247225147e-01 2.763419483101391405e-01
2.821497120921305224e-01 6.216768916155419600e-01 7.189030362389814410e-01 5.123456790123457338e-01 4.979999999999999982e-01 0.000000000000000000e+00 7.480769230769230838e-01 5.474137931034482873e-01 4.045881126173097031e-01 0.000000000000000000e+00 2.927308447937131408e-01 0.000000000000000000e+00 0.000000000000000000e+00 7.572254335260115710e-01 4.057084607543323118e-01 5.138888888888888395e-01 2.781186094069529879e-01 3.255360623781676233e-01 3.702989392478303055e-01 3.004032258064516236e-01
2.843601895734597096e-01 5.822267620020429302e-01 7.048872180451127845e-01 5.146198830409356439e-01 5.188042430086788892e-01 2.018163471241170570e-01 7.180527383367140137e-01 5.674876847290640791e-01 4.191387559808612551e-01 2.459349593495935016e-01 5.139318885448916907e-01 0.000000000000000000e+00 0.000000000000000000e+00 7.416829745596869028e-01 3.935742971887550290e-01 4.809081527347781049e-01 2.678571428571428492e-01 5.267406659939455338e-01 6.698841698841698777e-01 4.433198380566801822e-01
0.000000000000000000e+00 1.516683518705763400e-01 0.000000000000000000e+00 0.000000000000000000e+00 0.000000000000000000e+00 0.000000000000000000e+00 0.000000000000000000e+00 0.000000000000000000e+00 2.892307692307692357e-01 1.912350597609561720e-01 2.075298438934802536e-01 0.000000000000000000e+00 0.000000000000000000e+00 0.000000000000000000e+00 2.076612903225806550e-01 0.000000000000000000e+00 1.807106598984771495e-01 0.000000000000000000e+00 0.000000000000000000e+00 0.000000000000000000e+00
3.414634146341463672e-01 8.482412060301507406e-01 7.077223851417400180e-01 4.483775811209439466e-01 4.968421052631579182e-01 1.724479682854311302e-01 9.862204724409449064e-01 7.578347578347578439e-01 4.470820969337289674e-01 2.634730538922155918e-01 5.020833333333333259e-01 0.000000000000000000e+00 0.000000000000000000e+00 7.573221757322176062e-01 3.451581975071907893e-01 4.895936570862239878e-01 2.772861356932153631e-01 7.464114832535885258e-01 6.182531894013738594e-01 4.574468085106382920e-01
3.178438661710037416e-01 2.906350914962325116e-01 0.000000000000000000e+00 0.000000000000000000e+00 0.000000000000000000e+00 0.000000000000000000e+00 3.878326996197718479e-01 0.000000000000000000e+00 4.344262295081967040e-01 0.000000000000000000e+00 0.000000000000000000e+00 0.000000000000000000e+00 0.000000000000000000e+00 3.695861405197304883e-01 3.417840375586854718e-01 0.000000000000000000e+00 2.666666666666666630e-01 2.891809908998989043e-01 0.000000000000000000e+00 0.000000000000000000e+00
0.000000000000000000e+00 1.829393627954779000e-01 0.000000000000000000e+00 0.000000000000000000e+00 0.000000000000000000e+00 0.000000000000000000e+00 0.000000000000000000e+00 0.000000000000000000e+00 2.706467661691542292e-01 2.139037433155080159e-01 1.563126252505009917e-01 0.000000000000000000e+00 0.000000000000000000e+00 0.000000000000000000e+00 2.345803842264914119e-01 0.000000000000000000e+00 1.494736842105263142e-01 0.000000000000000000e+00 0.000000000000000000e+00 0.000000000000000000e+00
3.469785575048732751e-01 5.700293829578844118e-01 6.362735381565907122e-01 4.995064165844027571e-01 4.680851063829787329e-01 0.000000000000000000e+00 7.217898832684824795e-01 5.624385447394296689e-01 3.932472691161866818e-01 0.000000000000000000e+00 3.037716615698267120e-01 0.000000000000000000e+00 0.000000000000000000e+00 7.098765432098765871e-01 3.032705649157581562e-01 4.675592173017507625e-01 2.357894736842105210e-01 2.888888888888888618e-01 4.019607843137255054e-01 2.565172054223149312e-01
3.339960238568588369e-01 5.578947368421052211e-01 7.425265188042430298e-01 4.585365853658536772e-01 4.895936570862239878e-01 2.142142142142142158e-01 7.239999999999999769e-01 5.554445554445553990e-01 4.046242774566474187e-01 2.168925964546402629e-01 5.606361829025845456e-01 0.000000000000000000e+00 0.000000000000000000e+00 7.218813905930470121e-01 3.806584362139917577e-01 5.319587628865979356e-01 2.585170340681362533e-01 5.396188565697090933e-01 6.944444444444444198e-01 4.715447154471544833e-01
3.078393881453154735e-01 5.813492063492063933e-01 3.816651075771749224e-01 4.609665427509293534e-01 2.351758793969849215e-01 0.000000000000000000e+00 3.688760806916426271e-01 2.638469284994964803e-01 4.377358490566037874e-01 0.000000000000000000e+00 0.000000000000000000e+00 0.000000000000000000e+00 0.000000000000000000e+00 6.988188976377952555e-01 3.786610878661088031e-01 0.000000000000000000e+00 2.754237288135593098e-01 3.026584867075664542e-01 0.000000000000000000e+00 3.027139874739039893e-01
0.000000000000000000e+00 2.054794520547945091e-01 0.000000000000000000e+00 0.000000000000000000e+00 0.000000000000000000e+00 0.000000000000000000e+00 0.000000000000000000e+00 0.000000000000000000e+00 2.544434050514499668e-01 1.998021760633036659e-01 1.676528599605522640e-01 0.000000000000000000e+00 0.000000000000000000e+00 0.000000000000000000e+00 1.997961264016309968e-01 0.000000000000000000e+00 1.751243781094527496e-01 0.000000000000000000e+00 0.000000000000000000e+00 0.000000000000000000e+00
3.064833005893909390e-01 5.999999999999999778e-01 7.333974975938402086e-01 4.956605593056894743e-01 4.940476190476190688e-01 2.165354330708661457e-01 6.999999999999999556e-01 5.184404636459430948e-01 4.394966118102613950e-01 2.675026123301985637e-01 5.798941798941799064e-01 0.000000000000000000e+00 0.000000000000000000e+00 7.263267429760665861e-01 3.792766373411534664e-01 4.779487179487179604e-01 2.926829268292682751e-01 5.492227979274610927e-01 6.728016359918200795e-01 4.786821705426356766e-01
0.000000000000000000e+00 1.959262851600387934e-01 0.000000000000000000e+00 0.000000000000000000e+00 0.000000000000000000e+00 0.000000000000000000e+00 0.000000000000000000e+00 0.000000000000000000e+00 2.631038026721480017e-01 2.048192771084337283e-01 2.323733862959284913e-01 0.000000000000000000e+00 0.000000000000000000e+00 0.000000000000000000e+00 2.428991185112634732e-01 0.000000000000000000e+00 1.924603174603174705e-01 0.000000000000000000e+00 0.000000000000000000e+00 0.000000000000000000e+00
2.987141444114738142e-01 6.116027531956735874e-01 6.732673267326733102e-01 5.000000000000000000e-01 4.679611650485436813e-01 2.026078234704112302e-01 7.145593869731801107e-01 5.682281059063136741e-01 3.932135728542914266e-01 2.446043165467625957e-01 5.158002038735983730e-01 0.000000000000000000e+00 0.000000000000000000e+00 7.735849056603774088e-01 3.787721123829344561e-01 4.927234927234927508e-01 3.155737704918032960e-01 5.474308300395256399e-01 6.799601196410767212e-01 5.080971659919027994e-01
3.130929791271347407e-01 8.905109489051095117e-01 7.082906857727737648e-01 5.069306930693069368e-01 4.462474645030425902e-01 2.211155378486055756e-01 1.059535822401614480e+00 7.701492537313432418e-01 4.294354838709677491e-01 2.422997946611909759e-01 5.211406096361848039e-01 0.000000000000000000e+00 0.000000000000000000e+00 7.337057728119180666e-01 4.025289778714436495e-01 4.758293838862558967e-01 2.865916069600819016e-01 8.178294573643410947e-01 6.666666666666666297e-01 4.941634241245136394e-01
2.765737874097007332e-01 5.375901132852729525e-01 6.953907815631262812e-01 4.838709677419354982e-01 4.995178399228543675e-01 0.000000000000000000e+00 6.800804828973843197e-01 5.627450980392156854e-01 3.839835728952771809e-01 0.000000000000000000e+00 2.838589981447124377e-01 0.000000000000000000e+00 0.000000000000000000e+00 7.149950347567031184e-01 3.872950819672131284e-01 5.000000000000000000e-01 3.027888446215139528e-01 2.572769953051643466e-01 4.047619047619047672e-01 2.851323828920570014e-01
0.000000000000000000e+00 1.883597883597883660e-01 0.000000000000000000e+00 0.000000000000000000e+00 0.000000000000000000e+00 0.000000000000000000e+00 0.000000000000000000e+00 0.000000000000000000e+00 2.669362992922143518e-01 2.167182662538699733e-01 1.884200196270853778e-01 0.000000000000000000e+00 0.000000000000000000e+00 0.000000000000000000e+00 2.191235059760956172e-01 0.000000000000000000e+00 1.727904667328699073e-01 0.000000000000000000e+00 0.000000000000000000e+00 0.000000000000000000e+00
3.181357649442755897e-01 5.928205128205128460e-01 6.770186335403726163e-01 4.815573770491803351e-01 4.394710071210579660e-01 2.215384615384615452e-01 6.889952153110048272e-01 5.733990147783251112e-01 4.373716632443531704e-01 2.515592515592515732e-01 4.853387259858442659e-01 0.000000000000000000e+00 0.000000000000000000e+00 7.533539731682146190e-01 3.797468354430380000e-01 4.890656063618290528e-01 2.874132804757185133e-01 5.412221144519883120e-01 7.015384615384615552e-01 5.272727272727272263e-01
2.764227642276422814e-01 5.861713106295149966e-01 7.438524590163934080e-01 4.673267326732673532e-01 4.852320675105485370e-01 2.084690553745928432e-01 7.225433526011560970e-01 5.708542713567839044e-01 4.098671726755218070e-01 2.187192118226601034e-01 4.800817160367722436e-01 0.000000000000000000e+00 0.000000000000000000e+00 7.797902764537655296e-01 3.346613545816732871e-01 4.527162977867203453e-01 3.059313215400624175e-01 5.439672801635991872e-01 6.458123107971746046e-01 4.827586206896551935e-01
6.852589641434262413e-01 1.845536609829488417e-01 0.000000000000000000e+00 5.009310986964617962e-01 5.511520737327189057e-01 5.899280575539568305e-01 0.000000000000000000e+00 0.000000000000000000e+00 2.646766169154228798e-01 5.180388529139685616e-01 4.811133200795228437e-01 5.669902912621359592e-01 5.760322255790534252e-01 0.000000000000000000e+00 6.282722513089005201e-01 5.048543689320388328e-01 4.679170779861796525e-01 0.000000000000000000e+00 0.000000000000000000e+00 2.950474183350895729e-01
3.087512291052114111e-01 6.333333333333333037e-01 7.144240077444337089e-01 4.752851711026616077e-01 5.098039215686274161e-01 2.055674518201284773e-01 7.248062015503875521e-01 5.113974231912784552e-01 4.000000000000000222e-01 2.344398340248962653e-01 4.969818913480885114e-01 0.000000000000000000e+00 0.000000000000000000e+00 6.881937436932391572e-01 3.537832310838445737e-01 4.751173708920187755e-01 2.736220472440945017e-01 5.036572622779519337e-01 7.110266159695817212e-01 4.868421052631579093e-01
3.156862745098039102e-01 6.149253731343283791e-01 3.824701195219123440e-01 5.010101010101010166e-01 2.443531827515400545e-01 0.000000000000000000e+00 3.789473684210526438e-01 3.142857142857142794e-01 3.696303696303696040e-01 0.000000000000000000e+00 0.000000000000000000e+00 0.000000000000000000e+00 0.000000000000000000e+00 7.399411187438665882e-01 3.822937625754527224e-01 0.000000000000000000e+00 2.367101303911735288e-01 2.561983471074379959e-01 0.000000000000000000e+00 2.826300294406280944e-01
2.914572864321607892e-01 8.032290615539858791e-01 7.105263157894736725e-01 5.061845861084681708e-01 5.344467640918579843e-01 2.050761421319796940e-01 9.821073558648111268e-01 7.487179487179487225e-01 5.059055118110236116e-01 2.266800401203610815e-01 4.871550903901046836e-01 0.000000000000000000e+00 0.000000000000000000e+00 7.881112176414190040e-01 3.671794871794871740e-01 5.405940594059406301e-01 2.712871287128713060e-01 7.599206349206348854e-01 6.948176583493281822e-01 4.508440913604766509e-01
6.965174129353234322e-01 1.303418803418803507e-01 0.000000000000000000e+00 5.652173913043477826e-01 5.241521068859198440e-01 5.671342685370741599e-01 0.000000000000000000e+00 0.000000000000000000e+00 2.577209797657081802e-01 4.984924623115578046e-01 4.627606752730883954e-01 5.214843750000000000e-01 5.730442978322337622e-01 0.000000000000000000e+00 6.515748031496062520e-01 4.735812133072406782e-01 5.288932419196865631e-01 0.000000000000000000e+00 0.000000000000000000e+00 2.978303747534516988e-01
3.006789524733268770e-01 8.589341692789969063e-01 7.404343329886245995e-01 5.166498486377396615e-01 4.915084915084915185e-01 2.167968750000000000e-01 9.989701338825952570e-01 7.708138447146866135e-01 4.473684210526315819e-01 2.168925964546402629e-01 4.883485309017223663e-01 0.000000000000000000e+00 0.000000000000000000e+00 7.617187500000000000e-01 3.850050658561297023e-01 4.838709677419354982e-01 2.521655437921078158e-01 7.704130643611911688e-01 6.256206554121152008e-01 4.919999999999999929e-01
7.209302325581394832e-01 1.478672985781990523e-01 2.834951456310679796e-01 5.298651252408478340e-01 4.682080924855491211e-01 8.060606060606060330e-01 0.000000000000000000e+00 2.467138523761375213e-01 2.810394610202117671e-01 4.985563041385948080e-01 5.196374622356495498e-01 1.024975024975024906e+00 9.678675754625121197e-01 0.000000000000000000e+00 6.603235014272121894e-01 4.747474747474747514e-01 7.755511022044088154e-01 0.000000000000000000e+00 3.123689727463312416e-01 5.528301886792452713e-01
2.842323651452282052e-01 6.209761163032191389e-01 7.747196738022426032e-01 4.876114965312190463e-01 4.970645792563600507e-01 0.000000000000000000e+00 7.058823529411765163e-01 5.573770491803278215e-01 4.323770491803278770e-01 0.000000000000000000e+00 2.725450901803607162e-01 0.000000000000000000e+00 0.000000000000000000e+00 7.207729468599033407e-01 3.717171717171717238e-01 5.135135135135134865e-01 2.851365015166835160e-01 3.033707865168539519e-01 3.794147325933400761e-01 2.622950819672131284e-01
2.851445663010966913e-01 5.887016848364717836e-01 7.173252279635258244e-01 4.626865671641791078e-01 4.192307692307692402e-01 1.769722814498933816e-01 7.647058823529411242e-01 5.858987090367427930e-01 3.942798774259448358e-01 2.093495934959349603e-01 5.209756097560975796e-01 0.000000000000000000e+00 0.000000000000000000e+00 7.987804878048780921e-01 3.717549325025960583e-01 5.542406311637081417e-01 2.935779816513761631e-01 5.552115583075335481e-01 6.302916274694261300e-01 5.415318230852211867e-01
2.920696324951644329e-01 5.720294426919032560e-01 7.562499999999999778e-01 4.551724137931034697e-01 5.175097276264591928e-01 0.000000000000000000e+00 7.492625368731563595e-01 5.832512315270935721e-01 4.141414141414141437e-01 0.000000000000000000e+00 3.103448275862069061e-01 0.000000000000000000e+00 0.000000000000000000e+00 7.284768211920529257e-01 4.028629856850715618e-01 5.074626865671642006e-01 2.694610778443113919e-01 2.758620689655172376e-01 3.455399061032863872e-01 2.815734989648033260e-01
2.794846382556986919e-01 5.994291151284490970e-01 7.799791449426486389e-01 4.514106583072100554e-01 4.519326065411298221e-01 0.000000000000000000e+00 7.181008902077151701e-01 5.868886576482830186e-01 4.193548387096774355e-01 0.000000000000000000e+00 3.041825095057034134e-01 0.000000000000000000e+00 0.000000000000000000e+00 7.130434782608695565e-01 3.913470993117010854e-01 5.073068893528184242e-01 2.941176470588235392e-01 3.135678391959799138e-01 3.888888888888888951e-01 3.067484662576687171e-01
3.164179104477611859e-01 8.040000000000000480e-01 7.390438247011952289e-01 5.010183299389001643e-01 5.058593750000000000e-01 2.173458725182862983e-01 9.990009990009990348e-01 7.616279069767442067e-01 3.775100401606425460e-01 2.145748987854251000e-01 5.402650356778797569e-01 0.000000000000000000e+00 0.000000000000000000e+00 7.607361963190184539e-01 3.783783783783783994e-01 4.720244150559511631e-01 2.837022132796780949e-01 7.544041450777202451e-01 6.858789625360230957e-01 4.702320887991927600e-01
2.885572139303482775e-01 6.171428571428571042e-01 7.032321253672869643e-01 4.714142427281845515e-01 5.045592705167173397e-01 2.129353233830845737e-01 7.029702970297029285e-01 5.980392156862744946e-01 4.573234984193888519e-01 2.065009560229445484e-01 5.519922254616131951e-01 0.000000000000000000e+00 0.000000000000000000e+00 8.179162609542356410e-01 3.554216867469879304e-01 4.613861386138614074e-01 2.814070351758793942e-01 5.373423860329776813e-01 7.023208879919273784e-01 4.979166666666666741e-01
0.000000000000000000e+00 1.379310344827586188e-01 0.000000000000000000e+00 0.000000000000000000e+00 0.000000000000000000e+00 0.000000000000000000e+00 0.000000000000000000e+00 0.000000000000000000e+00 2.470817120622568197e-01 2.038345105953582315e-01 1.731343283582089665e-01 0.000000000000000000e+00 0.000000000000000000e+00 0.000000000000000000e+00 2.287449392712550544e-01 0.000000000000000000e+00 1.565040650406503975e-01 0.000000000000000000e+00 0.000000000000000000e+00 0.000000000000000000e+00
0.000000000000000000e+00 1.596059113300492549e-01 0.000000000000000000e+00 0.000000000000000000e+00 0.000000000000000000e+00 0.000000000000000000e+00 0.000000000000000000e+00 0.000000000000000000e+00 2.556538839724680212e-01 1.711538461538461564e-01 1.728155339805825252e-01 0.000000000000000000e+00 0.000000000000000000e+00 0.000000000000000000e+00 2.230843840931134858e-01 0.000000000000000000e+00 1.725571725571725668e-01 0.000000000000000000e+00 0.000000000000000000e+00 0.000000000000000000e+00
0.000000000000000000e+00 1.991701244813277871e-01 0.000000000000000000e+00 0.000000000000000000e+00 0.000000000000000000e+00 0.000000000000000000e+00 0.000000000000000000e+00 0.000000000000000000e+00 2.363112391930835832e-01 2.123552123552123472e-01 1.729622266401590336e-01 0.000000000000000000e+00 0.000000000000000000e+00 0.000000000000000000e+00 2.551928783382789168e-01 0.000000000000000000e+00 2.042801556420233422e-01 0.000000000000000000e+00 0.000000000000000000e+00 0.000000000000000000e+00
0.000000000000000000e+00 1.855670103092783574e-01 0.000000000000000000e+00 0.000000000000000000e+00 0.000000000000000000e+00 0.000000000000000000e+00 0.000000000000000000e+00 0.000000000000000000e+00 2.653846153846153855e-01 1.870078740157480324e-01 1.738241308793455897e-01 0.000000000000000000e+00 0.000000000000000000e+00 0.000000000000000000e+00 2.358674463937621701e-01 0.000000000000000000e+00 1.599229287090558893e-01 0.000000000000000000e+00 0.000000000000000000e+00 0.000000000000000000e+00
1.017975402081362279e+00 1.068520357497517281e+00 9.960707269155206767e-01 9.770431588613406326e-01 1.014056224899598346e+00 1.076162215628091001e+00 1.013916500994035852e+00 1.039682539682539764e+00 9.951409135082603941e-01 9.571150097465886963e-01 1.051080550098231869e+00 9.793388429752065694e-01 1.040485829959514108e+00 9.805128205128205154e-01 1.034351145038167941e+00 1.000000000000000000e+00 9.602385685884692323e-01 1.047034764826175968e+00 1.013013013013013053e+00 1.053359683794466317e+00
0.000000000000000000e+00 1.557285873192436054e-01 0.000000000000000000e+00 0.000000000000000000e+00 0.000000000000000000e+00 0.000000000000000000e+00 0.000000000000000000e+00 0.000000000000000000e+00 2.927794263105835681e-01 1.864573110893032459e-01 1.853281853281853186e-01 0.000000000000000000e+00 0.000000000000000000e+00 0.000000000000000000e+00 2.327416173570019675e-01 0.000000000000000000e+00 2.108374384236453292e-01 0.000000000000000000e+00 0.000000000000000000e+00 0.000000000000000000e+00
3.269035532994923887e-01 6.242661448140900404e-01 6.813627254509018183e-01 4.581749049429657550e-01 5.071574642126789323e-01 0.000000000000000000e+00 6.919917864476385905e-01 5.697445972495088773e-01 4.402764067127344361e-01 0.000000000000000000e+00 2.532402791625124605e-01 0.000000000000000000e+00 0.000000000000000000e+00 7.212435233160622294e-01 3.746341463414634143e-01 4.916317991631798945e-01 3.302938196555217920e-01 3.014861995753715385e-01 3.665987780040733113e-01 2.843040473840078852e-01
3.120418848167539339e-01 7.733598409542743468e-01 7.387755102040816091e-01 4.681684622918707017e-01 4.435721295387635155e-01 1.902912621359223178e-01 1.013358778625954137e+00 7.720364741641337902e-01 4.514285714285714013e-01 2.026612077789150534e-01 5.034414945919370998e-01 0.000000000000000000e+00 0.000000000000000000e+00 7.234886025768086926e-01 3.727748691099476708e-01 5.057251908396946938e-01 2.857142857142856984e-01 7.992047713717693735e-01 6.611111111111110938e-01 5.010183299389001643e-01
2.718253968253968034e-01 5.387673956262425401e-01 6.874371859296481979e-01 5.439838220424670912e-01 4.808635917566241313e-01 0.000000000000000000e+00 7.435387673956261878e-01 5.979381443298968923e-01 4.387351778656126688e-01 0.000000000000000000e+00 2.921771913289349931e-01 0.000000000000000000e+00 0.000000000000000000e+00 7.171620325982741573e-01 3.528225806451613100e-01 4.853387259858442659e-01 2.797335870599428898e-01 2.356495468277945704e-01 3.980000000000000204e-01 2.851600387972841877e-01
2.762762762762762669e-01 5.968379446640316166e-01 3.775811209439527971e-01 4.797507788161993747e-01 2.666666666666666630e-01 0.000000000000000000e+00 3.305954825462012470e-01 2.765737874097007332e-01 4.177949709864603456e-01 0.000000000000000000e+00 0.000000000000000000e+00 0.000000000000000000e+00 0.000000000000000000e+00 7.375886524822694579e-01 3.655244029075804812e-01 0.000000000000000000e+00 2.450142450142450135e-01 2.756598240469207983e-01 0.000000000000000000e+00 2.904911180773249724e-01
0.000000000000000000e+00 1.600810536980749876e-01 0.000000000000000000e+00 0.000000000000000000e+00 0.000000000000000000e+00 0.000000000000000000e+00 0.000000000000000000e+00 0.000000000000000000e+00 2.750000000000000222e-01 1.970149253731343364e-01 1.838842975206611552e-01 0.000000000000000000e+00 0.000000000000000000e+00 0.000000000000000000e+00 2.427184466019417508e-01 0.000000000000000000e+00 1.747368421052631626e-01 0.000000000000000000e+00 0.000000000000000000e+00 0.000000000000000000e+00
3.434146341463414909e-01 8.389662027833002522e-01 7.161904761904761552e-01 5.264187866927593218e-01 5.233265720081136108e-01 1.992110453648915092e-01 1.000997008973080860e+00 7.800407331975559577e-01 4.149459193706981353e-01 2.314540059347180989e-01 5.633232016210739657e-01 0.000000000000000000e+00 0.000000000000000000e+00 6.877551020408163573e-01 3.725868725868725639e-01 4.818805093046033550e-01 2.833333333333333259e-01 7.654563297350343021e-01 7.398373983739837678e-01 4.505386875612145126e-01
2.757281553398058249e-01 6.284101599247412517e-01 7.142857142857143016e-01 5.199203187250995839e-01 5.055611729019211520e-01 0.000000000000000000e+00 6.558375634517766839e-01 5.394352482960077522e-01 4.212678936605316893e-01 0.000000000000000000e+00 3.015184381778741596e-01 0.000000000000000000e+00 0.000000000000000000e+00 6.907216494845360710e-01 3.495934959349593640e-01 4.687189672293942677e-01 3.139653414882772609e-01 2.670509125840537790e-01 3.805748265609514291e-01 2.762645914396887337e-01
3.160919540229885083e-01 8.131212723658051145e-01 7.196172248803828220e-01 4.633431085043988040e-01 4.995305164319248648e-01 2.045889101338431992e-01 1.020161290322580738e+00 8.015564202334630739e-01 3.862212943632568063e-01 2.825870646766169281e-01 5.135951661631420473e-01 0.000000000000000000e+00 0.000000000000000000e+00 7.041123370110331514e-01 3.638190954773869445e-01 4.917012448132779823e-01 2.824974411463664348e-01 7.842364532019704404e-01 7.216699801192842934e-01 5.000000000000000000e-01
9.460580912863070235e-01 9.923076923076923350e-01 1.016848364717542141e+00 9.434697855750486806e-01 9.879032258064516236e-01 9.990338164251207909e-01 1.026666666666666616e+00 1.040473840078973256e+00 9.731876861966236580e-01 1.015290519877675823e+00 1.024061597690086645e+00 1.058116232464929807e+00 1.013806706114398493e+00 9.919028340080972006e-01 1.037578288100208690e+00 9.435897435897435681e-01 9.949949949949949968e-01 1.013013013013013053e+00 9.835748792270531116e-01 1.062880324543610477e+00
3.264094955489614258e-01 8.099173553719007934e-01 7.339805825242718962e-01 4.652509652509652649e-01 5.115789473684210220e-01 2.131661442006269613e-01 1.046816479400749067e+00 7.482305358948432294e-01 4.555229716520038941e-01 2.573879885605338536e-01 4.938775510204081454e-01 0.000000000000000000e+00 0.000000000000000000e+00 7.472527472527472625e-01 3.865877712031557945e-01 4.859999999999999876e-01 2.950819672131147486e-01 8.027750247770069070e-01 6.916256157635467527e-01 5.390374331550802367e-01
0.000000000000000000e+00 1.823587710604558931e-01 0.000000000000000000e+00 0.000000000000000000e+00 0.000000000000000000e+00 0.000000000000000000e+00 0.000000000000000000e+00 0.000000000000000000e+00 2.536585365853658569e-01 1.930348258706467701e-01 1.777777777777777846e-01 0.000000000000000000e+00 0.000000000000000000e+00 0.000000000000000000e+00 2.578548212351029489e-01 0.000000000000000000e+00 1.624472573839662315e-01 0.000000000000000000e+00 0.000000000000000000e+00 0.000000000000000000e+00
3.616600790513834207e-01 0.000000000000000000e+00 0.000000000000000000e+00 5.491388044579533778e-01 2.217936354869816662e-01 3.467492260061919573e-01 0.000000000000000000e+00 0.000000000000000000e+00 0.000000000000000000e+00 0.000000000000000000e+00 0.000000000000000000e+00 0.000000000000000000e+00 0.000000000000000000e+00 0.000000000000000000e+00 0.000000000000000000e+00 0.000000000000000000e+00 0.000000000000000000e+00 0.000000000000000000e+00 0.000000000000000000e+00 2.787878787878788067e-01
3.081510934393638101e-01 5.798319327731092931e-01 7.236467236467236663e-01 4.906771344455348460e-01 5.178197064989518150e-01 2.094531974050046208e-01 7.205240174672489228e-01 5.305305305305305641e-01 4.202483285577841565e-01 2.315573770491803351e-01 5.148110316649642249e-01 0.000000000000000000e+00 0.000000000000000000e+00 7.098001902949572228e-01 3.473895582329317167e-01 4.956268221574344213e-01 2.494887525562372310e-01 5.197969543147208382e-01 6.717850287907869422e-01 4.685382381413359387e-01
9.457523029682701754e-01 9.970267591674926155e-01 9.606458123107971536e-01 1.028095733610822071e+00 1.070312500000000000e+00 1.024144869215291687e+00 9.757986447241046024e-01 9.679358717434869419e-01 9.640718562874251996e-01 9.791459781529294748e-01 1.021825396825396748e+00 1.008547008547008517e+00 9.941176470588235503e-01 9.873949579831933221e-01 9.405520169851380174e-01 9.624505928853754888e-01 1.022813688212927730e+00 9.640287769784172678e-01 1.022615535889872085e+00 1.001007049345417954e+00
0.000000000000000000e+00 1.733067729083665465e-01 0.000000000000000000e+00 0.000000000000000000e+00 0.000000000000000000e+00 0.000000000000000000e+00 0.000000000000000000e+00 0.000000000000000000e+00 2.773109243697479132e-01 1.858037578288100344e-01 1.775609756097560887e-01 0.000000000000000000e+00 0.000000000000000000e+00 0.000000000000000000e+00 2.421875000000000000e-01 0.000000000000000000e+00 1.950286806883365087e-01 0.000000000000000000e+00 0.000000000000000000e+00 0.000000000000000000e+00
3.253493013972055814e-01 6.471774193548387455e-01 3.634538152610441997e-01 4.422700587084148482e-01 2.658959537572254117e-01 0.000000000000000000e+00 3.371017471736896254e-01 3.023023023023023170e-01 4.442361761949391030e-01 0.000000000000000000e+00 0.000000000000000000e+00 0.000000000000000000e+00 0.000000000000000000e+00 7.855711422845691461e-01 3.859649122807017330e-01 0.000000000000000000e+00 2.854424357754519748e-01 2.958459979736575707e-01 0.000000000000000000e+00 2.772073921971252575e-01
3.004975124378109208e-01 5.662188099808060926e-01 7.230769230769230616e-01 4.859632139399806539e-01 4.939870490286771276e-01 0.000000000000000000e+00 7.317073170731707155e-01 5.931034482758620330e-01 4.071499503475670134e-01 0.000000000000000000e+00 2.863247863247863068e-01 0.000000000000000000e+00 0.000000000000000000e+00 7.342026078234704656e-01 3.592938733125649042e-01 5.400000000000000355e-01 3.086548488008342139e-01 3.306451612903225645e-01 3.503937007874015630e-01 2.664015904572564764e-01
3.007063572149343833e-01 6.070351758793970376e-01 3.511904761904761640e-01 5.047120418848167755e-01 2.900919305413687255e-01 0.000000000000000000e+00 3.780487804878048808e-01 2.857142857142856984e-01 4.269889224572003816e-01 0.000000000000000000e+00 0.000000000000000000e+00 0.000000000000000000e+00 0.000000000000000000e+00 7.537387836490528903e-01 3.572192513368984135e-01 0.000000000000000000e+00 2.926337033299697410e-01 2.877551020408163351e-01 0.000000000000000000e+00 2.925373134328358438e-01
2.789256198347107585e-01 5.719806763285024687e-01 6.837944664031621045e-01 5.194532071503680237e-01 5.375494071146245112e-01 2.121212121212121271e-01 7.068114511352419083e-01 5.559174809989142485e-01 4.164989939637827043e-01 2.277722277722277755e-01 5.293532338308457597e-01 0.000000000000000000e+00 0.000000000000000000e+00 7.652347652347651907e-01 3.674698795180723065e-01 5.023877745940783512e-01 2.830365510777881899e-01 5.324813631522896662e-01 6.850937808489634406e-01 5.264169068203650159e-01
0.000000000000000000e+00 1.706349206349206393e-01 0.000000000000000000e+00 0.000000000000000000e+00 0.000000000000000000e+00 0.000000000000000000e+00 0.000000000000000000e+00 0.000000000000000000e+00 2.283464566929133965e-01 2.285136501516683571e-01 1.621621621621621712e-01 0.000000000000000000e+00 0.000000000000000000e+00 0.000000000000000000e+00 2.446916076845298271e-01 0.000000000000000000e+00 1.937377690802348229e-01 0.000000000000000000e+00 0.000000000000000000e+00 0.000000000000000000e+00
3.814432989690721421e-01 0.000000000000000000e+00 0.000000000000000000e+00 4.904904904904904828e-01 2.253807106598984811e-01 2.970085470085470081e-01 0.000000000000000000e+00 0.000000000000000000e+00 0.000000000000000000e+00 0.000000000000000000e+00 0.000000000000000000e+00 0.000000000000000000e+00 0.000000000000000000e+00 0.000000000000000000e+00 0.000000000000000000e+00 0.000000000000000000e+00 0.000000000000000000e+00 0.000000000000000000e+00 0.000000000000000000e+00 2.992125984251968740e-01
3.048180924287118843e-01 5.842931937172775037e-01 7.402985074626865503e-01 5.030549898167006040e-01 4.551863041289023193e-01 1.866404715127701341e-01 7.144319344933469651e-01 5.626911314984709422e-01 4.291262135922330190e-01 2.289628180039138816e-01 4.660587639311043473e-01 0.000000000000000000e+00 0.000000000000000000e+00 7.341772151898734444e-01 3.601694915254237128e-01 5.172754195459032811e-01 2.819738167170191545e-01 4.963350785340314153e-01 7.103174603174603474e-01 4.797630799605133167e-01
0.000000000000000000e+00 1.832993890020366556e-01 0.000000000000000000e+00 0.000000000000000000e+00 0.000000000000000000e+00 0.000000000000000000e+00 0.000000000000000000e+00 0.000000000000000000e+00 2.910521140609635959e-01 2.149901380670611317e-01 1.782566111655239927e-01 0.000000000000000000e+00 0.000000000000000000e+00 0.000000000000000000e+00 2.046413502109704630e-01 0.000000000000000000e+00 1.835245046923879020e-01 0.000000000000000000e+00 0.000000000000000000e+00 0.000000000000000000e+00
0.000000000000000000e+00 1.479028697571743989e-01 0.000000000000000000e+00 0.000000000000000000e+00 0.000000000000000000e+00 0.000000000000000000e+00 0.000000000000000000e+00 0.000000000000000000e+00 2.583249243188698308e-01 1.840490797546012192e-01 1.698841698841698777e-01 0.000000000000000000e+00 0.000000000000000000e+00 0.000000000000000000e+00 2.217616580310880769e-01 0.000000000000000000e+00 2.028688524590163966e-01 0.000000000000000000e+00 0.000000000000000000e+00 0.000000000000000000e+00
2.862862862862862734e-01 5.728848114169214911e-01 7.807377049180327377e-01 4.820213799805636579e-01 4.909090909090909061e-01 0.000000000000000000e+00 7.198364008179959361e-01 5.927419354838709964e-01 4.255319148936170248e-01 0.000000000000000000e+00 3.012048192771084598e-01 0.000000000000000000e+00 0.000000000000000000e+00 7.159763313609467383e-01 4.000000000000000222e-01 5.223577235772357552e-01 2.814070351758793942e-01 2.935960591133005004e-01 4.232209737827715146e-01 2.868769074262461638e-01
0.000000000000000000e+00 1.699078812691914020e-01 0.000000000000000000e+00 0.000000000000000000e+00 0.000000000000000000e+00 0.000000000000000000e+00 0.000000000000000000e+00 0.000000000000000000e+00 2.725366876310272302e-01 2.131474103585657420e-01 1.706349206349206393e-01 0.000000000000000000e+00 0.000000000000000000e+00 0.000000000000000000e+00 2.441860465116278966e-01 0.000000000000000000e+00 1.746987951807228989e-01 0.000000000000000000e+00 0.000000000000000000e+00 0.000000000000000000e+00
0.000000000000000000e+00 1.966873706004140798e-01 0.000000000000000000e+00 0.000000000000000000e+00 0.000000000000000000e+00 0.000000000000000000e+00 0.000000000000000000e+00 0.000000000000000000e+00 2.702188392007611739e-01 1.998060135790494796e-01 1.736401673640167453e-01 0.000000000000000000e+00 0.000000000000000000e+00 0.000000000000000000e+00 2.301425661914460186e-01 0.000000000000000000e+00 1.624758220502901251e-01 0.000000000000000000e+00 0.000000000000000000e+00 0.000000000000000000e+00
3.221343873517786838e-01 5.728542914171657063e-01 7.639311043566362480e-01 4.867617107942973642e-01 4.591439688715953094e-01 2.008456659619450302e-01 6.673596673596673412e-01 6.052376333656643848e-01 4.047384007897334435e-01 2.253521126760563431e-01 5.231388329979879126e-01 0.000000000000000000e+00 0.000000000000000000e+00 7.328094302554027939e-01 3.379174852652259142e-01 5.109780439121756057e-01 2.907949790794979172e-01 4.863221884498480363e-01 6.912621359223301010e-01 5.140562248995983463e-01
2.892960462873673810e-01 5.967078189300411006e-01 7.171717171717171269e-01 4.697435897435897623e-01 4.732673267326732436e-01 2.029598308668076057e-01 7.602339181286549286e-01 5.843621399176954778e-01 4.446721311475410054e-01 2.876190476190476075e-01 4.878522837706510962e-01 0.000000000000000000e+00 0.000000000000000000e+00 7.155425219941349280e-01 3.689892051030421727e-01 5.070422535211267512e-01 2.421711899791231803e-01 5.341246290801187069e-01 6.871686108165429019e-01 4.965243296921549310e-01
3.259402121504339500e-01 7.433102081268583294e-01 7.065217391304348116e-01 4.625984251968504046e-01 4.875621890547263693e-01 1.856459330143540587e-01 9.783464566929134243e-01 7.729083665338645215e-01 4.131736526946107602e-01 2.427281845536609917e-01 5.401322001888574365e-01 0.000000000000000000e+00 0.000000000000000000e+00 7.512588116817724426e-01 3.972602739726027177e-01 4.932821497120921106e-01 2.560296846011131944e-01 7.778855480116392274e-01 6.758893280632410905e-01 4.480322906155398410e-01
3.053722902921772175e-01 6.100691016781836229e-01 7.252964426877470672e-01 4.555023923444976308e-01 4.728033472803347403e-01 2.285156250000000000e-01 6.582031250000000000e-01 6.054687500000000000e-01 4.403131115459882339e-01 2.258064516129032195e-01 4.751908396946564750e-01 0.000000000000000000e+00 0.000000000000000000e+00 6.705539358600582922e-01 3.035343035343035512e-01 4.731610337972166902e-01 3.101711983887210367e-01 5.409181636726546616e-01 6.673228346456693272e-01 4.862745098039215619e-01
6.804123711340206437e-01 2.019801980198019931e-01 2.516940948693126567e-01 4.437869822485207005e-01 5.222797927461140244e-01 7.635983263598326021e-01 0.000000000000000000e+00 2.146439317953861559e-01 2.636718750000000000e-01 5.334728033472803110e-01 5.014299332697806921e-01 9.989989989989990216e-01 1.009230769230769154e+00 0.000000000000000000e+00 6.589473684210526150e-01 5.065856129685917253e-01 7.265469061876247414e-01 0.000000000000000000e+00 3.080082135523614095e-01 4.857444561774023062e-01
0.000000000000000000e+00 1.966236345580933409e-01 0.000000000000000000e+00 0.000000000000000000e+00 0.000000000000000000e+00 0.000000000000000000e+00 0.000000000000000000e+00 0.000000000000000000e+00 2.762645914396887337e-01 2.090997095837366926e-01 2.070351758793969876e-01 0.000000000000000000e+00 0.000000000000000000e+00 0.000000000000000000e+00 2.252427184466019305e-01 0.000000000000000000e+00 1.603206412825651239e-01 0.000000000000000000e+00 0.000000000000000000e+00 0.000000000000000000e+00
3.119447186574531017e-01 6.145940390544707421e-01 6.596958174904943295e-01 5.381355932203389925e-01 5.329218106995884385e-01 0.000000000000000000e+00 7.012987012987013102e-01 5.740365111561865907e-01 4.181459566074950951e-01 0.000000000000000000e+00 2.923857868020304784e-01 0.000000000000000000e+00 0.000000000000000000e+00 7.504911591355599709e-01 3.601532567049808287e-01 4.550669216061185574e-01 3.028515240904621209e-01 2.854209445585215721e-01 3.720930232558139483e-01 2.406639004149377647e-01
2.932790224032586490e-01 6.028985507246377162e-01 7.183748845798707539e-01 4.743718592964824010e-01 5.252317198764160366e-01 0.000000000000000000e+00 7.089843750000000000e-01 5.560000000000000497e-01 3.961165048543689449e-01 0.000000000000000000e+00 2.778947368421052500e-01 0.000000000000000000e+00 0.000000000000000000e+00 7.325800376647834122e-01 3.561924257932446158e-01 4.383561643835616195e-01 2.495126705653021304e-01 2.783109404990403157e-01 3.340040241448692382e-01 2.734225621414914098e-01
0.000000000000000000e+00 1.639344262295081844e-01 0.000000000000000000e+00 0.000000000000000000e+00 0.000000000000000000e+00 0.000000000000000000e+00 0.000000000000000000e+00 0.000000000000000000e+00 3.073727933541017809e-01 2.018927444794952619e-01 1.986097318768619557e-01 0.000000000000000000e+00 0.000000000000000000e+00 0.000000000000000000e+00 2.690763052208835493e-01 0.000000000000000000e+00 1.751968503937007815e-01 0.000000000000000000e+00 0.000000000000000000e+00 0.000000000000000000e+00
2.931937172774868872e-01 6.283448959365708353e-01 6.711930164888457728e-01 5.265225933202357655e-01 4.990059642147117169e-01 2.349397590361445853e-01 6.846846846846846857e-01 5.717344753747323205e-01 4.136622390891840362e-01 2.745861733203505128e-01 5.375661375661375807e-01 0.000000000000000000e+00 0.000000000000000000e+00 7.442748091603053062e-01 3.295336787564767111e-01 5.392156862745097756e-01 2.514177693761814880e-01 5.091277890466531231e-01 7.247247247247247115e-01 5.209923664122136922e-01
2.984771573604060868e-01 2.862903225806451846e-01 0.000000000000000000e+00 0.000000000000000000e+00 0.000000000000000000e+00 0.000000000000000000e+00 3.710317460317460458e-01 0.000000000000000000e+00 4.026974951830443183e-01 0.000000000000000000e+00 0.000000000000000000e+00 0.000000000000000000e+00 0.000000000000000000e+00 3.621890547263681426e-01 3.461538461538461453e-01 0.000000000000000000e+00 2.563106796116504937e-01 2.836587872559095391e-01 0.000000000000000000e+00 0.000000000000000000e+00
3.814541622760800887e-01 0.000000000000000000e+00 0.000000000000000000e+00 5.076452599388379117e-01 2.653061224489796088e-01 3.356231599607458205e-01 0.000000000000000000e+00 0.000000000000000000e+00 0.000000000000000000e+00 0.000000000000000000e+00 0.000000000000000000e+00 0.000000000000000000e+00 0.000000000000000000e+00 0.000000000000000000e+00 0.000000000000000000e+00 0.000000000000000000e+00 0.000000000000000000e+00 0.000000000000000000e+00 0.000000000000000000e+00 2.993062438057482733e-01
3.102766798418972183e-01 5.523809523809524169e-01 6.864490603363007093e-01 4.952380952380952550e-01 4.838056680161943457e-01 0.000000000000000000e+00 7.227053140096618700e-01 5.819209039548022266e-01 4.260700389105058217e-01 0.000000000000000000e+00 2.729044834307992051e-01 0.000000000000000000e+00 0.000000000000000000e+00 7.686034658511722295e-01 3.316582914572864249e-01 4.640460210930009710e-01 2.680810028929604405e-01 2.778325123152709519e-01 3.914656771799628898e-01 2.887391722810394579e-01
0.000000000000000000e+00 1.732283464566929110e-01 0.000000000000000000e+00 0.000000000000000000e+00 0.000000000000000000e+00 0.000000000000000000e+00 0.000000000000000000e+00 0.000000000000000000e+00 2.520161290322580627e-01 1.956295525494276821e-01 1.612284069097888739e-01 0.000000000000000000e+00 0.000000000000000000e+00 0.000000000000000000e+00 2.696411251212414983e-01 0.000000000000000000e+00 1.575408261287223888e-01 0.000000000000000000e+00 0.000000000000000000e+00 0.000000000000000000e+00
0.000000000000000000e+00 1.836130306021717673e-01 0.000000000000000000e+00 0.000000000000000000e+00 0.000000000000000000e+00 0.000000000000000000e+00 0.000000000000000000e+00 0.000000000000000000e+00 2.224532224532224656e-01 1.908629441624365430e-01 1.767068273092369524e-01 0.000000000000000000e+00 0.000000000000000000e+00 0.000000000000000000e+00 2.181447502548420070e-01 0.000000000000000000e+00 1.780821917808219079e-01 0.000000000000000000e+00 0.000000000000000000e+00 0.000000000000000000e+00
3.075396825396825573e-01 8.182762201453790407e-01 7.104247104247104483e-01 5.148895292987512029e-01 4.346959122632103600e-01 2.089552238805970075e-01 9.839999999999999858e-01 7.758284600389863117e-01 4.031311154598825608e-01 2.485659655831740089e-01 5.018867924528301883e-01 0.000000000000000000e+00 0.000000000000000000e+00 7.270896273917422103e-01 3.527168732125834372e-01 4.946695095948827059e-01 2.554890219560878029e-01 8.046875000000000000e-01 7.030430220356768123e-01 5.014577259475219151e-01
0.000000000000000000e+00 1.742574257425742457e-01 0.000000000000000000e+00 0.000000000000000000e+00 0.000000000000000000e+00 0.000000000000000000e+00 0.000000000000000000e+00 0.000000000000000000e+00 2.829268292682926567e-01 2.068965517241379282e-01 1.851106639839034118e-01 0.000000000000000000e+00 0.000000000000000000e+00 0.000000000000000000e+00 2.440476190476190410e-01 0.000000000000000000e+00 1.699078812691914020e-01 0.000000000000000000e+00 0.000000000000000000e+00 0.000000000000000000e+00
3.406813627254509091e-01 6.464435146443514579e-01 3.567984570877531514e-01 5.339805825242718296e-01 2.907317073170731514e-01 0.000000000000000000e+00 3.301985370950888399e-01 3.373737373737373813e-01 4.146825396825397081e-01 0.000000000000000000e+00 0.000000000000000000e+00 0.000000000000000000e+00 0.000000000000000000e+00 6.903353057199210774e-01 3.503054989816700715e-01 0.000000000000000000e+00 2.817182817182817267e-01 3.039513677811550019e-01 0.000000000000000000e+00 3.221202854230377222e-01
0.000000000000000000e+00 1.736585365853658414e-01 0.000000000000000000e+00 0.000000000000000000e+00 0.000000000000000000e+00 0.000000000000000000e+00 0.000000000000000000e+00 0.000000000000000000e+00 2.862745098039215508e-01 2.075098814229248967e-01 1.754032258064516236e-01 0.000000000000000000e+00 0.000000000000000000e+00 0.000000000000000000e+00 2.328482328482328612e-01 0.000000000000000000e+00 1.807580174927113648e-01 0.000000000000000000e+00 0.000000000000000000e+00 0.000000000000000000e+00
3.162217659137577241e-01 6.281156530408773531e-01 7.277882797731568543e-01 4.867517173699705824e-01 4.657004830917874649e-01 2.053388090349075878e-01 7.405940594059405857e-01 5.684007707129093978e-01 3.929618768328445588e-01 2.507403751233958644e-01 5.097276264591439343e-01 0.000000000000000000e+00 0.000000000000000000e+00 7.265388496468213608e-01 3.817097415506958136e-01 5.026399155227032622e-01 3.272023233301064593e-01 5.717234262125903133e-01 7.173252279635258244e-01 4.753623188405797229e-01
4.016824395373291279e-01 0.000000000000000000e+00 0.000000000000000000e+00 5.584158415841584677e-01 2.805611222444889807e-01 2.757894736842105288e-01 0.000000000000000000e+00 0.000000000000000000e+00 0.000000000000000000e+00 0.000000000000000000e+00 0.000000000000000000e+00 0.000000000000000000e+00 0.000000000000000000e+00 0.000000000000000000e+00 0.000000000000000000e+00 0.000000000000000000e+00 0.000000000000000000e+00 0.000000000000000000e+00 0.000000000000000000e+00 2.732793522267206732e-01
0.000000000000000000e+00 1.533742331288343586e-01 0.000000000000000000e+00 0.000000000000000000e+00 0.000000000000000000e+00 0.000000000000000000e+00 0.000000000000000000e+00 0.000000000000000000e+00 2.612244897959183909e-01 1.897233201581027540e-01 1.716489874638379987e-01 0.000000000000000000e+00 0.000000000000000000e+00 0.000000000000000000e+00 2.407766990291262121e-01 0.000000000000000000e+00 1.440860215053763327e-01 0.000000000000000000e+00 0.000000000000000000e+00 0.000000000000000000e+00
3.269961977186311985e-01 5.714285714285713969e-01 4.100580270793036664e-01 4.721930745015739950e-01 2.801556420233463074e-01 0.000000000000000000e+00 3.758937691521961333e-01 3.536121673003802535e-01 4.367385192127460347e-01 0.000000000000000000e+00 0.000000000000000000e+00 0.000000000000000000e+00 0.000000000000000000e+00 7.872763419483100877e-01 3.904382470119521775e-01 0.000000000000000000e+00 2.633165829145728831e-01 3.214649033570701753e-01 0.000000000000000000e+00 2.935222672064777272e-01
0.000000000000000000e+00 1.871713985278654069e-01 0.000000000000000000e+00 0.000000000000000000e+00 0.000000000000000000e+00 0.000000000000000000e+00 0.000000000000000000e+00 0.000000000000000000e+00 2.760736196319018565e-01 2.009756097560975729e-01 1.796791443850267456e-01 0.000000000000000000e+00 0.000000000000000000e+00 0.000000000000000000e+00 2.874371859296482312e-01 0.000000000000000000e+00 1.887159533073929918e-01 0.000000000000000000e+00 0.000000000000000000e+00 0.000000000000000000e+00
3.848580441640378491e-01 0.000000000000000000e+00 0.000000000000000000e+00 5.156576200417536393e-01 2.521186440677966045e-01 2.997002997002997104e-01 0.000000000000000000e+00 0.000000000000000000e+00 0.000000000000000000e+00 0.000000000000000000e+00 0.000000000000000000e+00 0.000000000000000000e+00 0.000000000000000000e+00 0.000000000000000000e+00 0.000000000000000000e+00 0.000000000000000000e+00 0.000000000000000000e+00 0.000000000000000000e+00 0.000000000000000000e+00 2.827225130890052562e-01
7.132275132275132101e-01 1.800391389432485223e-01 0.000000000000000000e+00 4.479166666666666852e-01 4.899598393574297051e-01 5.545545545545546018e-01 0.000000000000000000e+00 0.000000000000000000e+00 2.685656154628687786e-01 5.091965150048403110e-01 5.269709543568464882e-01 5.518630412890231929e-01 5.227272727272727071e-01 0.000000000000000000e+00 6.396841066140177556e-01 5.697091273821464075e-01 5.220061412487205788e-01 0.000000000000000000e+00 0.000000000000000000e+00 2.773722627737226221e-01
3.439363817097415565e-01 5.809045226130653550e-01 3.377960865087538678e-01 4.857982370225269464e-01 2.827125119388729790e-01 0.000000000000000000e+00 3.056351480420248512e-01 2.956685499058380184e-01 3.922705314009661826e-01 0.000000000000000000e+00 0.000000000000000000e+00 0.000000000000000000e+00 0.000000000000000000e+00 7.823470411233700572e-01 4.041237113402061931e-01 0.000000000000000000e+00 2.862903225806451846e-01 3.275332650972364590e-01 0.000000000000000000e+00 2.222222222222222099e-01
0.000000000000000000e+00 1.651741293532338339e-01 0.000000000000000000e+00 0.000000000000000000e+00 0.000000000000000000e+00 0.000000000000000000e+00 0.000000000000000000e+00 0.000000000000000000e+00 2.447761194029850762e-01 1.886792452830188815e-01 1.651741293532338339e-01 0.000000000000000000e+00 0.000000000000000000e+00 0.000000000000000000e+00 2.252427184466019305e-01 0.000000000000000000e+00 1.744301288404360717e-01 0.000000000000000000e+00 0.000000000000000000e+00 0.000000000000000000e+00
