Num_mutations: 100
Num_samples: 20
Error_rate: 0.050000

0.000000000000000000e+00 0.000000000000000000e+00 0.000000000000000000e+00 0.000000000000000000e+00 2.670744138634046916e-01 2.683896620278329870e-01 0.000000000000000000e+00 2.364729458917835536e-01 0.000000000000000000e+00 0.000000000000000000e+00 0.000000000000000000e+00 0.000000000000000000e+00 0.000000000000000000e+00 0.000000000000000000e+00 0.000000000000000000e+00 0.000000000000000000e+00 0.000000000000000000e+00 0.000000000000000000e+00 0.000000000000000000e+00 0.000000000000000000e+00
1.003976143141153132e+00 9.435146443514644821e-01 1.038934426229508157e+00 3.901940755873339883e-01 1.039690222652468465e+00 7.158746208291203450e-01 9.527559055118109965e-01 1.050428163653663205e+00 1.021063189568706120e+00 3.330215154349859819e-01 9.471544715447154372e-01 5.507812500000000000e-01 3.238469087340529740e-01 5.555555555555555802e-01 9.870903674280039342e-01 9.403292181069958788e-01 1.049525816649104382e+00 1.000979431929480912e+00 3.719447396386822424e-01 7.125000000000000222e-01
0.000000000000000000e+00 0.000000000000000000e+00 3.300970873786407966e-01 0.000000000000000000e+00 0.000000000000000000e+00 2.574665293511843589e-01 0.000000000000000000e+00 0.000000000000000000e+00 0.000000000000000000e+00 0.000000000000000000e+00 2.643553629469122535e-01 0.000000000000000000e+00 0.000000000000000000e+00 0.000000000000000000e+00 4.338725023786869639e-01 0.000000000000000000e+00 0.000000000000000000e+00 0.000000000000000000e+00 0.000000000000000000e+00 0.000000000000000000e+00
9.960937500000000000e-01 1.021925643469971501e+00 9.980392156862745168e-01 1.683778234086242276e-01 3.798219584569733076e-01 4.506480558325025032e-01 1.014583333333333393e+00 4.848484848484848619e-01 4.072110286320254624e-01 2.868447082096933776e-01 9.628865979381443507e-01 5.221052631578947389e-01 0.000000000000000000e+00 6.492693110647181909e-01 4.516806722689075682e-01 9.755058572949947271e-01 7.451776649746192360e-01 9.971181556195964912e-01 3.406374501992031623e-01 6.647000983284169218e-01
0.000000000000000000e+00 0.000000000000000000e+00 0.000000000000000000e+00 0.000000000000000000e+00 2.612163509471585043e-01 2.215447154471544833e-01 0.000000000000000000e+00 2.662662662662662605e-01 0.000000000000000000e+00 0.000000000000000000e+00 0.000000000000000000e+00 0.000000000000000000e+00 0.000000000000000000e+00 0.000000000000000000e+00 0.000000000000000000e+00 0.000000000000000000e+00 0.000000000000000000e+00 0.000000000000000000e+00 0.000000000000000000e+00 0.000000000000000000e+00
9.922027290448343084e-01 9.129129129129128772e-01 1.020202020202020110e+00 6.936299292214358481e-01 1.002053388090349051e+00 6.673040152963670701e-01 1.041832669322709126e+00 9.904761904761905100e-01 9.433962264150943522e-01 6.371681415929203451e-01 1.007063572149344166e+00 5.248226950354609732e-01 6.537282941777323719e-01 1.010482180293501120e+00 1.017509727626459082e+00 1.076775431861804133e+00 1.021276595744680771e+00 1.002921129503407949e+00 4.155578300921187185e-01 6.301369863013698280e-01
0.000000000000000000e+00 0.000000000000000000e+00 6.634241245136186516e-01 0.000000000000000000e+00 0.000000000000000000e+00 2.579365079365079638e-01 4.276859504132231593e-01 3.242224316682374985e-01 0.000000000000000000e+00 2.984189723320158083e-01 2.066115702479338900e-01 0.000000000000000000e+00 0.000000000000000000e+00 3.761375126390293366e-01 0.000000000000000000e+00 2.654508611955420649e-01 3.219512195121951303e-01 4.218750000000000000e-01 0.000000000000000000e+00 0.000000000000000000e+00
1.062562065541211576e+00 1.000000000000000000e+00 9.980952380952381464e-01 4.654088050314465486e-01 9.848024316109422749e-01 7.324218750000000000e-01 9.837728194726166331e-01 1.037475345167652829e+00 1.003021148036253862e+00 3.161978661493695664e-01 1.038076152304609145e+00 5.650406504065040858e-01 3.026584867075664542e-01 6.448508180943214319e-01 1.019172552976791213e+00 1.001001001001001089e+00 1.008695652173912993e+00 1.061630218687872773e+00 3.923076923076923017e-01 6.939163498098859240e-01
0.000000000000000000e+00 0.000000000000000000e+00 6.848780487804878581e-01 0.000000000000000000e+00 0.000000000000000000e+00 2.412371134020618590e-01 9.826707441386340891e-01 3.026584867075664542e-01 0.000000000000000000e+00 3.482490272373540696e-01 4.460732984293193648e-01 2.837022132796780949e-01 0.000000000000000000e+00 3.665659617321248565e-01 0.000000000000000000e+00 6.426484907497566068e-01 5.040816326530612734e-01 4.352030947775628600e-01 0.000000000000000000e+00 2.374245472837022142e-01
9.990167158308751461e-01 9.865563598759048425e-01 1.024598930481283476e+00 6.963730569948186622e-01 9.892682926829268197e-01 6.586102719033232189e-01 9.625126646403242558e-01 1.003021148036253862e+00 9.509509509509509462e-01 6.099290780141843893e-01 9.968717413972888464e-01 5.789990186457311117e-01 7.180570221752904381e-01 1.049765258215962449e+00 1.008714596949890963e+00 9.579999999999999627e-01 9.969230769230769118e-01 1.005076142131979600e+00 3.776649746192893287e-01 6.538849646821393025e-01
0.000000000000000000e+00 0.000000000000000000e+00 0.000000000000000000e+00 2.948846539618856788e-01 0.000000000000000000e+00 2.257114818449460214e-01 0.000000000000000000e+00 0.000000000000000000e+00 0.000000000000000000e+00 2.731804586241275978e-01 0.000000000000000000e+00 4.279999999999999916e-01 3.470411233701103382e-01 0.000000000000000000e+00 0.000000000000000000e+00 0.000000000000000000e+00 0.000000000000000000e+00 0.000000000000000000e+00 6.144814090019569131e-01 3.295099061522419048e-01
1.006869479882237517e+00 9.727187206020696530e-01 9.867211440245148291e-01 3.861082737487231964e-01 1.010816125860373615e+00 7.515657620041753528e-01 1.008316008316008316e+00 1.029322548028311468e+00 9.746707193515704581e-01 3.431578947368421062e-01 1.023157894736842044e+00 5.808383233532934398e-01 3.236434108527131981e-01 6.592065106815869768e-01 9.453044375644994446e-01 1.013584117032392928e+00 9.911504424778760924e-01 1.052527254707631421e+00 4.433781190019193685e-01 6.434782608695651662e-01
0.000000000000000000e+00 0.000000000000000000e+00 0.000000000000000000e+00 2.669447340980187766e-01 0.000000000000000000e+00 2.678062678062678170e-01 0.000000000000000000e+00 0.000000000000000000e+00 0.000000000000000000e+00 3.137651821862348367e-01 0.000000000000000000e+00 4.150559511698880821e-01 3.270935960591133118e-01 0.000000000000000000e+00 0.000000000000000000e+00 0.000000000000000000e+00 0.000000000000000000e+00 0.000000000000000000e+00 6.164383561643835829e-01 2.748815165876777322e-01
0.000000000000000000e+00 0.000000000000000000e+00 6.880641925777332135e-01 0.000000000000000000e+00 0.000000000000000000e+00 2.798774259448416624e-01 9.744637385086822867e-01 2.692307692307692180e-01 0.000000000000000000e+00 3.241182078169685399e-01 4.680000000000000271e-01 2.703273495248151859e-01 0.000000000000000000e+00 3.479145473041709291e-01 0.000000000000000000e+00 6.352497643732327726e-01 5.570400822199382818e-01 4.658869395711500716e-01 0.000000000000000000e+00 2.290227048371174801e-01
9.503546099290780536e-01 1.040877367896311023e+00 9.771784232365144929e-01 6.887966804979253066e-01 1.047151277013752546e+00 7.474949899799598896e-01 1.111782477341389797e+00 9.951124144672531813e-01 9.823468328141224948e-01 6.268343815513627293e-01 9.781477627471384384e-01 5.868020304568527523e-01 6.640926640926640978e-01 1.021450459652706755e+00 9.856459330143541031e-01 9.731285988483685534e-01 9.837728194726166331e-01 9.537572254335260347e-01 3.427458617332034829e-01 6.971544715447154372e-01
0.000000000000000000e+00 0.000000000000000000e+00 0.000000000000000000e+00 2.677484787018255541e-01 0.000000000000000000e+00 2.807692307692307709e-01 0.000000000000000000e+00 0.000000000000000000e+00 0.000000000000000000e+00 3.015384615384615330e-01 0.000000000000000000e+00 4.395604395604395531e-01 3.449001051524711037e-01 0.000000000000000000e+00 0.000000000000000000e+00 0.000000000000000000e+00 0.000000000000000000e+00 0.000000000000000000e+00 6.326326326326325855e-01 3.112449799196786993e-01
0.000000000000000000e+00 0.000000000000000000e+00 0.000000000000000000e+00 0.000000000000000000e+00 3.056943056943056680e-01 2.640000000000000124e-01 0.000000000000000000e+00 2.935222672064777272e-01 0.000000000000000000e+00 0.000000000000000000e+00 0.000000000000000000e+00 0.000000000000000000e+00 0.000000000000000000e+00 0.000000000000000000e+00 0.000000000000000000e+00 0.000000000000000000e+00 0.000000000000000000e+00 0.000000000000000000e+00 0.000000000000000000e+00 0.000000000000000000e+00
0.000000000000000000e+00 0.000000000000000000e+00 6.587301587301587213e-01 0.000000000000000000e+00 0.000000000000000000e+00 2.492211838006230529e-01 4.440116845180136496e-01 2.771684945164506475e-01 0.000000000000000000e+00 3.664717348927875040e-01 1.863727454909819559e-01 0.000000000000000000e+00 0.000000000000000000e+00 3.748753738783648926e-01 0.000000000000000000e+00 3.060217176702862973e-01 2.954990215264187703e-01 4.224489795918367485e-01 0.000000000000000000e+00 0.000000000000000000e+00
6.046046046046046341e-01 5.357142857142856984e-01 6.893704850361197511e-01 0.000000000000000000e+00 2.197355035605289830e-01 2.555780933062880567e-01 9.737670514165792657e-01 2.635201573254670748e-01 0.000000000000000000e+00 3.468780971258672019e-01 7.306930693069306759e-01 3.361986628462272919e-01 0.000000000000000000e+00 3.675464320625611014e-01 0.000000000000000000e+00 6.633954857703631136e-01 5.101214574898785825e-01 1.006185567010309256e+00 0.000000000000000000e+00 4.759095378564405232e-01
0.000000000000000000e+00 0.000000000000000000e+00 2.211155378486055756e-01 0.000000000000000000e+00 0.000000000000000000e+00 0.000000000000000000e+00 4.317269076305220721e-01 0.000000000000000000e+00 0.000000000000000000e+00 0.000000000000000000e+00 1.836130306021717673e-01 0.000000000000000000e+00 0.000000000000000000e+00 0.000000000000000000e+00 0.000000000000000000e+00 2.747358309317963765e-01 0.000000000000000000e+00 4.015984015984015998e-01 0.000000000000000000e+00 0.000000000000000000e+00
5.365365365365365458e-01 4.578790882061447021e-01 7.224926971762414274e-01 0.000000000000000000e+00 2.105263157894736725e-01 3.247863247863247982e-01 9.901185770750987603e-01 2.966101694915254106e-01 0.000000000000000000e+00 3.356097560975609961e-01 7.078763708873380134e-01 3.347368421052631660e-01 0.000000000000000000e+00 3.596403596403596192e-01 0.000000000000000000e+00 6.753507014028056199e-01 5.262116716122651194e-01 9.821428571428570953e-01 0.000000000000000000e+00 4.230769230769230727e-01
0.000000000000000000e+00 0.000000000000000000e+00 0.000000000000000000e+00 2.901554404145077481e-01 0.000000000000000000e+00 2.590476190476190266e-01 0.000000000000000000e+00 0.000000000000000000e+00 0.000000000000000000e+00 3.402922755741127347e-01 0.000000000000000000e+00 4.720244150559511631e-01 3.293172690763052080e-01 0.000000000000000000e+00 0.000000000000000000e+00 0.000000000000000000e+00 0.000000000000000000e+00 0.000000000000000000e+00 6.519916142557652394e-01 3.316378433367243028e-01
1.027466937945066050e+00 9.807886754297270304e-01 1.011033099297893756e+00 7.374872318692543560e-01 9.937759336099585283e-01 6.819047619047619024e-01 1.000966183574879320e+00 1.014432989690721598e+00 9.132602193419740999e-01 6.264591439688715901e-01 9.422492401215805113e-01 5.911330049261084296e-01 6.619576185671038893e-01 9.816779170684667433e-01 1.033596837944664060e+00 1.009596928982725572e+00 9.711934156378601024e-01 1.024048096192384794e+00 3.578732106339468366e-01 7.032321253672869643e-01
0.000000000000000000e+00 0.000000000000000000e+00 3.026455026455026620e-01 0.000000000000000000e+00 0.000000000000000000e+00 2.129817444219067046e-01 0.000000000000000000e+00 0.000000000000000000e+00 0.000000000000000000e+00 0.000000000000000000e+00 2.833843017329255587e-01 0.000000000000000000e+00 0.000000000000000000e+00 0.000000000000000000e+00 4.783047426841574024e-01 0.000000000000000000e+00 0.000000000000000000e+00 0.000000000000000000e+00 0.000000000000000000e+00 0.000000000000000000e+00
0.000000000000000000e+00 0.000000000000000000e+00 6.055045871559633364e-01 0.000000000000000000e+00 0.000000000000000000e+00 2.870905587668593495e-01 9.737098344693281282e-01 2.802419354838709409e-01 0.000000000000000000e+00 3.277661795407098011e-01 4.849074975657254316e-01 2.657869934024505443e-01 0.000000000000000000e+00 3.665987780040733113e-01 0.000000000000000000e+00 6.986301369863013866e-01 4.915758176412289293e-01 3.995859213250517739e-01 0.000000000000000000e+00 2.287390029325513108e-01
9.764585465711361767e-01 1.029411764705882248e+00 9.584599797365754847e-01 7.165991902834007998e-01 1.023762376237623783e+00 7.378238341968912373e-01 9.746707193515704581e-01 9.949748743718592747e-01 9.990338164251207909e-01 6.552763819095477338e-01 1.025948103792415189e+00 5.065856129685917253e-01 6.275659824046920798e-01 9.980657640232107886e-01 1.045837231057062722e+00 9.814814814814815103e-01 9.755142017629774287e-01 1.037974683544303778e+00 4.145601617795753313e-01 6.802721088435373931e-01
0.000000000000000000e+00 0.000000000000000000e+00 2.315573770491803351e-01 0.000000000000000000e+00 0.000000000000000000e+00 0.000000000000000000e+00 4.322200392927308399e-01 0.000000000000000000e+00 0.000000000000000000e+00 0.000000000000000000e+00 2.078708375378405526e-01 0.000000000000000000e+00 0.000000000000000000e+00 0.000000000000000000e+00 0.000000000000000000e+00 3.083164300202839714e-01 0.000000000000000000e+00 4.046692607003891107e-01 0.000000000000000000e+00 0.000000000000000000e+00
0.000000000000000000e+00 0.000000000000000000e+00 3.393213572854291149e-01 0.000000000000000000e+00 0.000000000000000000e+00 2.017982017982017928e-01 0.000000000000000000e+00 0.000000000000000000e+00 0.000000000000000000e+00 0.000000000000000000e+00 2.879999999999999782e-01 0.000000000000000000e+00 0.000000000000000000e+00 0.000000000000000000e+00 4.154002026342452081e-01 0.000000000000000000e+00 0.000000000000000000e+00 0.000000000000000000e+00 0.000000000000000000e+00 0.000000000000000000e+00
0.000000000000000000e+00 0.000000000000000000e+00 0.000000000000000000e+00 0.000000000000000000e+00 2.741935483870967527e-01 2.526539278131634814e-01 0.000000000000000000e+00 2.417153996101364388e-01 0.000000000000000000e+00 0.000000000000000000e+00 0.000000000000000000e+00 0.000000000000000000e+00 0.000000000000000000e+00 0.000000000000000000e+00 0.000000000000000000e+00 0.000000000000000000e+00 0.000000000000000000e+00 0.000000000000000000e+00 0.000000000000000000e+00 0.000000000000000000e+00
5.173439048562933351e-01 5.185185185185184897e-01 6.760000000000000453e-01 0.000000000000000000e+00 2.087132725430597691e-01 2.338461538461538425e-01 1.007407407407407307e+00 2.977473065621939474e-01 0.000000000000000000e+00 3.336766220391348958e-01 7.176684881602913846e-01 2.765957446808510745e-01 0.000000000000000000e+00 3.738508682328907096e-01 0.000000000000000000e+00 6.615236258437801053e-01 5.357502517623363714e-01 1.001017293997965352e+00 0.000000000000000000e+00 4.394710071210579660e-01
9.832181638696939618e-01 1.010330578512396604e+00 9.661538461538461409e-01 1.643002028397566039e-01 4.285714285714285476e-01 4.903357070193286038e-01 9.851632047477745235e-01 4.011799410029498469e-01 3.647798742138364525e-01 3.762781186094069641e-01 1.028077753779697678e+00 5.445344129554655632e-01 0.000000000000000000e+00 5.617529880478087101e-01 4.444444444444444198e-01 9.162357807652533603e-01 6.638917793964620451e-01 9.596774193548387455e-01 3.443443443443443552e-01 6.385669125395152523e-01
0.000000000000000000e+00 0.000000000000000000e+00 0.000000000000000000e+00 2.732673267326732880e-01 0.000000000000000000e+00 2.892307692307692357e-01 0.000000000000000000e+00 0.000000000000000000e+00 0.000000000000000000e+00 3.376623376623376638e-01 0.000000000000000000e+00 4.637385086823289093e-01 3.108384458077709800e-01 0.000000000000000000e+00 0.000000000000000000e+00 0.000000000000000000e+00 0.000000000000000000e+00 0.000000000000000000e+00 6.579212916246215404e-01 3.006263048016701300e-01
9.875518672199170567e-01 9.969356486210418922e-01 1.009960159362549792e+00 4.513457556935817627e-01 9.666983824928639946e-01 7.403651115618661294e-01 1.065651760228353950e+00 1.036889332003988029e+00 9.861259338313766998e-01 3.525954946131243939e-01 1.064824654622741784e+00 5.591623036649214784e-01 2.689585439838220182e-01 5.953109072375127875e-01 1.015075376884422065e+00 9.937238493723848931e-01 9.697601668404588482e-01 9.885931558935361352e-01 4.067796610169491789e-01 6.618705035971222950e-01
0.000000000000000000e+00 0.000000000000000000e+00 3.544813695871097958e-01 0.000000000000000000e+00 0.000000000000000000e+00 2.275077559462254373e-01 0.000000000000000000e+00 0.000000000000000000e+00 0.000000000000000000e+00 0.000000000000000000e+00 2.474645030425963455e-01 0.000000000000000000e+00 0.000000000000000000e+00 0.000000000000000000e+00 4.763860369609856371e-01 0.000000000000000000e+00 0.000000000000000000e+00 0.000000000000000000e+00 0.000000000000000000e+00 0.000000000000000000e+00
1.057401812688821829e+00 1.034979423868312765e+00 9.429494079655543759e-01 7.119341563786008020e-01 9.989506820566631529e-01 7.289915966386554258e-01 1.022977022977022976e+00 9.538152610441766877e-01 9.240374609781477622e-01 6.692160611854685026e-01 9.980039920159680111e-01 5.820745216515609277e-01 6.340956340956340753e-01 9.419999999999999485e-01 9.980158730158730229e-01 1.033686236766121258e+00 1.068897637795275690e+00 9.938398357289527363e-01 3.927855711422845730e-01 6.938775510204081565e-01
1.040959040959041015e+00 1.022009569377990479e+00 9.980158730158730229e-01 4.460285132382891815e-01 1.007077856420626860e+00 7.207207207207206867e-01 1.027466937945066050e+00 9.773399014778325622e-01 9.805924412665986134e-01 3.249749247743229930e-01 1.000000000000000000e+00 5.722952477249747538e-01 3.396226415094339424e-01 5.963488843813387064e-01 9.714847590953785694e-01 1.042462845010615702e+00 1.035416666666666652e+00 9.886947584789311794e-01 3.972468043264503201e-01 6.513486513486513863e-01
9.617373319544983978e-01 9.449901768172888072e-01 1.014644351464435212e+00 4.317958783120706689e-01 1.030602171767028619e+00 7.346115035317860587e-01 9.827060020345880220e-01 1.025742574257425765e+00 1.003015075376884502e+00 2.624618514750762799e-01 1.030612244897959107e+00 5.856129685916919847e-01 2.972136222910216619e-01 6.331658291457286092e-01 9.892682926829268197e-01 1.011351909184726505e+00 9.855907780979826782e-01 1.001953125000000000e+00 4.244244244244244069e-01 6.565349544072948129e-01
0.000000000000000000e+00 0.000000000000000000e+00 6.229508196721311730e-01 0.000000000000000000e+00 0.000000000000000000e+00 2.583732057416268102e-01 1.014605647517039966e+00 3.076923076923077094e-01 0.000000000000000000e+00 3.422131147540983798e-01 4.259438528557599191e-01 2.980866062437059205e-01 0.000000000000000000e+00 3.566176470588235392e-01 0.000000000000000000e+00 6.798418972332015420e-01 4.963655244029075986e-01 4.569732937685460072e-01 0.000000000000000000e+00 1.868787276341948300e-01
5.434343434343433810e-01 4.664031620553359958e-01 6.759443339960238273e-01 0.000000000000000000e+00 2.384532760472610202e-01 3.144774688398849216e-01 9.931439764936337289e-01 2.669283611383709287e-01 0.000000000000000000e+00 3.188405797101449002e-01 7.664307381193123936e-01 3.140655105973024774e-01 0.000000000000000000e+00 4.044044044044043940e-01 0.000000000000000000e+00 6.712328767123287854e-01 5.488647581441263856e-01 1.045174537987679564e+00 0.000000000000000000e+00 4.608967674661105240e-01
0.000000000000000000e+00 0.000000000000000000e+00 3.128964059196617242e-01 0.000000000000000000e+00 0.000000000000000000e+00 1.628140703517587939e-01 0.000000000000000000e+00 0.000000000000000000e+00 0.000000000000000000e+00 0.000000000000000000e+00 3.367556468172484552e-01 0.000000000000000000e+00 0.000000000000000000e+00 0.000000000000000000e+00 4.604878048780488009e-01 0.000000000000000000e+00 0.000000000000000000e+00 0.000000000000000000e+00 0.000000000000000000e+00 0.000000000000000000e+00
0.000000000000000000e+00 0.000000000000000000e+00 0.000000000000000000e+00 0.000000000000000000e+00 2.728184553660982781e-01 2.317948717948717929e-01 0.000000000000000000e+00 2.590361445783132543e-01 0.000000000000000000e+00 0.000000000000000000e+00 0.000000000000000000e+00 0.000000000000000000e+00 0.000000000000000000e+00 0.000000000000000000e+00 0.000000000000000000e+00 0.000000000000000000e+00 0.000000000000000000e+00 0.000000000000000000e+00 0.000000000000000000e+00 0.000000000000000000e+00
5.940594059405940319e-01 5.649157581764122638e-01 6.452223273415326199e-01 0.000000000000000000e+00 2.393509127789046620e-01 3.036238981390793068e-01 1.009211873080859689e+00 3.027139874739039893e-01 0.000000000000000000e+00 3.196803196803196800e-01 7.527308838133068836e-01 2.969518190757128862e-01 0.000000000000000000e+00 3.794466403162055079e-01 0.000000000000000000e+00 6.548672566371681603e-01 5.168316831683168466e-01 1.020242914979757165e+00 0.000000000000000000e+00 4.925224327018943304e-01
0.000000000000000000e+00 0.000000000000000000e+00 0.000000000000000000e+00 0.000000000000000000e+00 2.552342971086739576e-01 2.056451612903225923e-01 0.000000000000000000e+00 3.051546391752577581e-01 0.000000000000000000e+00 0.000000000000000000e+00 0.000000000000000000e+00 0.000000000000000000e+00 0.000000000000000000e+00 0.000000000000000000e+00 0.000000000000000000e+00 0.000000000000000000e+00 0.000000000000000000e+00 0.000000000000000000e+00 0.000000000000000000e+00 0.000000000000000000e+00
0.000000000000000000e+00 0.000000000000000000e+00 6.666666666666666297e-01 0.000000000000000000e+00 0.000000000000000000e+00 2.908704883227176130e-01 1.004906771344455274e+00 2.958199356913183142e-01 0.000000000000000000e+00 3.543223052294557363e-01 4.846560846560846736e-01 2.874132804757185133e-01 0.000000000000000000e+00 3.584521384928716636e-01 0.000000000000000000e+00 6.483011937557392468e-01 4.854563691073219833e-01 4.482029598308668317e-01 0.000000000000000000e+00 2.556237218813905976e-01
0.000000000000000000e+00 0.000000000000000000e+00 6.935960591133004671e-01 0.000000000000000000e+00 0.000000000000000000e+00 2.472799208704253293e-01 1.012782694198623323e+00 2.948846539618856788e-01 0.000000000000000000e+00 3.258096172718351058e-01 4.368737474949899724e-01 2.917082917082917115e-01 0.000000000000000000e+00 3.437500000000000000e-01 0.000000000000000000e+00 6.714285714285713746e-01 5.352941176470588092e-01 3.829365079365079638e-01 0.000000000000000000e+00 2.420634920634920639e-01
0.000000000000000000e+00 0.000000000000000000e+00 3.393939393939394145e-01 0.000000000000000000e+00 0.000000000000000000e+00 1.930894308943089388e-01 0.000000000000000000e+00 0.000000000000000000e+00 0.000000000000000000e+00 0.000000000000000000e+00 2.730923694779116562e-01 0.000000000000000000e+00 0.000000000000000000e+00 0.000000000000000000e+00 4.832347140039447986e-01 0.000000000000000000e+00 0.000000000000000000e+00 0.000000000000000000e+00 0.000000000000000000e+00 0.000000000000000000e+00
5.239043824701195007e-01 5.685279187817259272e-01 6.805143422354105187e-01 0.000000000000000000e+00 2.799597180261833018e-01 2.876579203109815297e-01 1.030927835051546282e+00 3.106598984771573591e-01 0.000000000000000000e+00 3.359840954274354030e-01 7.308488612836439025e-01 2.981243830207305212e-01 0.000000000000000000e+00 3.692905733722059991e-01 0.000000000000000000e+00 6.388059701492537767e-01 5.416267942583732342e-01 9.880715705765407142e-01 0.000000000000000000e+00 4.135802469135802517e-01
0.000000000000000000e+00 0.000000000000000000e+00 3.623188405797101441e-01 0.000000000000000000e+00 0.000000000000000000e+00 1.885245901639344135e-01 0.000000000000000000e+00 0.000000000000000000e+00 0.000000000000000000e+00 0.000000000000000000e+00 2.613746369796708380e-01 0.000000000000000000e+00 0.000000000000000000e+00 0.000000000000000000e+00 3.917098445595855183e-01 0.000000000000000000e+00 0.000000000000000000e+00 0.000000000000000000e+00 0.000000000000000000e+00 0.000000000000000000e+00
1.011398963730570033e+00 1.003045685279187804e+00 9.917184265010351440e-01 7.161484453360080771e-01 9.870646766169154374e-01 7.417218543046357748e-01 9.840319361277445331e-01 9.763130792996910223e-01 9.756592292089248941e-01 7.045908183632734190e-01 9.643527204502814199e-01 5.634365634365634534e-01 6.523076923076922551e-01 9.719999999999999751e-01 9.861386138613861263e-01 9.930069930069930217e-01 9.724576271186440302e-01 1.002827521206409056e+00 3.781512605042016695e-01 7.064989517819706411e-01
1.000000000000000000e+00 1.006979062811565351e+00 1.014000000000000012e+00 1.650380021715526502e-01 3.984450923226433572e-01 5.074626865671642006e-01 1.005202913631633610e+00 4.718657453109575406e-01 3.991935483870967527e-01 3.227665706051873196e-01 1.060752169720347249e+00 5.431372549019607421e-01 0.000000000000000000e+00 6.647116324535679022e-01 4.179408766564730038e-01 9.989258861439312964e-01 7.125506072874493446e-01 1.023762376237623783e+00 3.820895522388059740e-01 7.231075697211155617e-01
9.897864438254410091e-01 9.853085210577864350e-01 1.015267175572519109e+00 1.875000000000000000e-01 4.052156469408224604e-01 4.662576687116564145e-01 1.031408308004052587e+00 4.395161290322580627e-01 3.850574712643677899e-01 3.279022403258655682e-01 9.455645161290322509e-01 5.892116182572614269e-01 0.000000000000000000e+00 6.106719367588933078e-01 4.735849056603773644e-01 9.935602575896964606e-01 7.348119575699132433e-01 1.017241379310344751e+00 3.744855967078189463e-01 7.071935157041540077e-01
1.006085192697768749e+00 1.016715830875122961e+00 1.051229508196721341e+00 4.134199134199134096e-01 9.856557377049179891e-01 7.386138613861386037e-01 1.031620553359683834e+00 9.774288518155054284e-01 1.056974459724950854e+00 3.330068560235063813e-01 9.630331753554501883e-01 5.391476709613478580e-01 2.916666666666666852e-01 5.737051792828685715e-01 1.034068136272545013e+00 9.863013698630136439e-01 1.056910569105691033e+00 1.027722772277227747e+00 3.894839337877312735e-01 6.234269119070667831e-01
5.610494450050453885e-01 5.398655139289144644e-01 7.186311787072243717e-01 0.000000000000000000e+00 2.287968441814595688e-01 2.937198067632850185e-01 1.028747433264887157e+00 2.798507462686566916e-01 0.000000000000000000e+00 3.256743256743256931e-01 6.693711967545639130e-01 3.041289023162134786e-01 0.000000000000000000e+00 3.485309017223910955e-01 0.000000000000000000e+00 6.735966735966736341e-01 5.376128385155466427e-01 9.773662551440329693e-01 0.000000000000000000e+00 4.757085020242914908e-01
9.901185770750987603e-01 1.014520813165537216e+00 9.573170731707316694e-01 7.097457627118644030e-01 9.558232931726907688e-01 7.613293051359516506e-01 9.669007021063189544e-01 1.015105740181268867e+00 9.501992031872510402e-01 7.213779128672745955e-01 1.020408163265306145e+00 5.825049701789264400e-01 6.734486266531027887e-01 9.790874524714828775e-01 9.538131041890440809e-01 1.006000000000000005e+00 1.032967032967033072e+00 9.638318670576735414e-01 3.844580777096114343e-01 7.178988326848249057e-01
1.031351351351351253e+00 1.029182879377431803e+00 1.051256281407035198e+00 1.491053677932405452e-01 4.077294685990338063e-01 4.882352941176470451e-01 1.006289308176100628e+00 5.015105740181269312e-01 3.869693978282329749e-01 3.572854291417165706e-01 9.869083585095669298e-01 6.236345580933465582e-01 0.000000000000000000e+00 6.432989690721649945e-01 4.515463917525773252e-01 1.010773751224289807e+00 7.319999999999999840e-01 1.055226824457593748e+00 3.388429752066115519e-01 6.321036889332003472e-01
5.889212827988338228e-01 5.741811175337186990e-01 7.224926971762414274e-01 0.000000000000000000e+00 2.545090180360721210e-01 2.724458204334365141e-01 9.815354713313897417e-01 2.851746931067044577e-01 0.000000000000000000e+00 3.121951219512195119e-01 7.038461538461538991e-01 2.715559960356788705e-01 0.000000000000000000e+00 3.384301732925585893e-01 0.000000000000000000e+00 6.779661016949152241e-01 5.341488277268093832e-01 1.001869158878504695e+00 0.000000000000000000e+00 4.422110552763819369e-01
9.546436285097191776e-01 1.050000000000000044e+00 9.750747756729810645e-01 7.304347826086956541e-01 9.826254826254826602e-01 7.141424272818455155e-01 1.016361886429258954e+00 9.784615384615384936e-01 1.000000000000000000e+00 6.567164179104477695e-01 1.029296875000000000e+00 5.334645669291339098e-01 7.265306122448980108e-01 9.917864476386036854e-01 9.836400817995909485e-01 1.023032629558541240e+00 9.777777777777777457e-01 9.617706237424547000e-01 3.823823823823823687e-01 7.018255578093306468e-01
0.000000000000000000e+00 0.000000000000000000e+00 2.999999999999999889e-01 0.000000000000000000e+00 0.000000000000000000e+00 1.965648854961832004e-01 0.000000000000000000e+00 0.000000000000000000e+00 0.000000000000000000e+00 0.000000000000000000e+00 2.806282722513088745e-01 0.000000000000000000e+00 0.000000000000000000e+00 0.000000000000000000e+00 3.711967545638945043e-01 0.000000000000000000e+00 0.000000000000000000e+00 0.000000000000000000e+00 0.000000000000000000e+00 0.000000000000000000e+00
0.000000000000000000e+00 0.000000000000000000e+00 0.000000000000000000e+00 0.000000000000000000e+00 2.807017543859648967e-01 2.373540856031128299e-01 0.000000000000000000e+00 2.673267326732673421e-01 0.000000000000000000e+00 0.000000000000000000e+00 0.000000000000000000e+00 0.000000000000000000e+00 0.000000000000000000e+00 0.000000000000000000e+00 0.000000000000000000e+00 0.000000000000000000e+00 0.000000000000000000e+00 0.000000000000000000e+00 0.000000000000000000e+00 0.000000000000000000e+00
5.597722960151803040e-01 5.405405405405405705e-01 6.767068273092369246e-01 0.000000000000000000e+00 2.447761194029850762e-01 2.697056030389363701e-01 1.010141987829614507e+00 2.570281124497991732e-01 0.000000000000000000e+00 3.102040816326530615e-01 7.812187812187811886e-01 3.251859723698193316e-01 0.000000000000000000e+00 3.617886178861788871e-01 0.000000000000000000e+00 6.759167492566897639e-01 5.101626016260162322e-01 9.775609756097560776e-01 0.000000000000000000e+00 4.635627530364372362e-01
9.824561403508771384e-01 1.018719211822660009e+00 9.663608562691131665e-01 4.140703517587939753e-01 1.060606060606060552e+00 7.763546798029556939e-01 1.061803444782168260e+00 1.025440313111545931e+00 1.015136226034308864e+00 3.264907135874877686e-01 9.700483091787439616e-01 5.668246445497630015e-01 3.278688524590163689e-01 6.117886178861788871e-01 9.864724245577523032e-01 1.011928429423459175e+00 9.639546858908342175e-01 9.799426934097421604e-01 3.596837944664031395e-01 7.195467422096317733e-01
5.224327018943170087e-01 5.462012320328542003e-01 6.257668711656442229e-01 0.000000000000000000e+00 2.318271119842829076e-01 2.560000000000000053e-01 9.891625615763546264e-01 2.909090909090908950e-01 0.000000000000000000e+00 3.506743737957610518e-01 7.355450236966825095e-01 3.040473840078973256e-01 0.000000000000000000e+00 4.156626506024096446e-01 0.000000000000000000e+00 6.811023622047244208e-01 4.911180773249738674e-01 9.472693032015065961e-01 0.000000000000000000e+00 5.196850393700787052e-01
1.057613168724279795e+00 1.051256281407035198e+00 9.742574257425742346e-01 2.000000000000000111e-01 4.108761329305136156e-01 4.676923076923076850e-01 9.869608826479437935e-01 4.618556701030928080e-01 4.078817733990147687e-01 3.171206225680933688e-01 1.036000000000000032e+00 5.551257253384912493e-01 0.000000000000000000e+00 6.498054474708171435e-01 4.629822732012512931e-01 9.724770642201835402e-01 6.732477788746298319e-01 9.793103448275861656e-01 3.885480572597136972e-01 6.808080808080808621e-01
0.000000000000000000e+00 0.000000000000000000e+00 2.527582748244734390e-01 0.000000000000000000e+00 0.000000000000000000e+00 0.000000000000000000e+00 4.830261881668282964e-01 0.000000000000000000e+00 0.000000000000000000e+00 0.000000000000000000e+00 2.201646090534979394e-01 0.000000000000000000e+00 0.000000000000000000e+00 0.000000000000000000e+00 0.000000000000000000e+00 3.244837758112094628e-01 0.000000000000000000e+00 3.980000000000000204e-01 0.000000000000000000e+00 0.000000000000000000e+00
0.000000000000000000e+00 0.000000000000000000e+00 0.000000000000000000e+00 2.593718338399189638e-01 0.000000000000000000e+00 2.489878542510121362e-01 0.000000000000000000e+00 0.000000000000000000e+00 0.000000000000000000e+00 2.778325123152709519e-01 0.000000000000000000e+00 3.885034687809712506e-01 3.486973947895791737e-01 0.000000000000000000e+00 0.000000000000000000e+00 0.000000000000000000e+00 0.000000000000000000e+00 0.000000000000000000e+00 6.415478615071282809e-01 3.307839388145315529e-01
5.818540433925049049e-01 5.091277890466531231e-01 6.928499496475327701e-01 0.000000000000000000e+00 2.217821782178217849e-01 2.741312741312741386e-01 1.013944223107569709e+00 2.764227642276422814e-01 0.000000000000000000e+00 2.957600827300930768e-01 7.260536398467433150e-01 3.516260162601625994e-01 0.000000000000000000e+00 3.739999999999999991e-01 0.000000000000000000e+00 7.197580645161290036e-01 5.000000000000000000e-01 1.014256619144602745e+00 0.000000000000000000e+00 4.742468415937803883e-01
0.000000000000000000e+00 0.000000000000000000e+00 0.000000000000000000e+00 0.000000000000000000e+00 2.502334267040149385e-01 1.977342945417095710e-01 0.000000000000000000e+00 2.678571428571428492e-01 0.000000000000000000e+00 0.000000000000000000e+00 0.000000000000000000e+00 0.000000000000000000e+00 0.000000000000000000e+00 0.000000000000000000e+00 0.000000000000000000e+00 0.000000000000000000e+00 0.000000000000000000e+00 0.000000000000000000e+00 0.000000000000000000e+00 0.000000000000000000e+00
5.616850551654964940e-01 5.731584258324924352e-01 6.824925816023739156e-01 0.000000000000000000e+00 2.527805864509605760e-01 2.434274586173320321e-01 9.422875131164742957e-01 2.765335929892892008e-01 0.000000000000000000e+00 3.006923837784372111e-01 6.846846846846846857e-01 3.268641470888661860e-01 0.000000000000000000e+00 4.020833333333333481e-01 0.000000000000000000e+00 6.647398843930635293e-01 5.233830845771144658e-01 1.015105740181268867e+00 0.000000000000000000e+00 4.115942028985506984e-01
1.034836065573770503e+00 9.775609756097560776e-01 9.862204724409449064e-01 7.270788912579957408e-01 1.028741328047571901e+00 7.062314540059346779e-01 9.588477366255143686e-01 1.010967098703888345e+00 1.015197568389057725e+00 6.592517694641051307e-01 1.003015075376884502e+00 5.885885885885885349e-01 6.885880077369439523e-01 9.895178197064989911e-01 9.960238568588468677e-01 9.806714140386572076e-01 9.547244094488188670e-01 1.038314176245210829e+00 3.824130879345603029e-01 6.780303030303029832e-01
0.000000000000000000e+00 0.000000000000000000e+00 0.000000000000000000e+00 0.000000000000000000e+00 2.725450901803607162e-01 2.253521126760563431e-01 0.000000000000000000e+00 2.393822393822393757e-01 0.000000000000000000e+00 0.000000000000000000e+00 0.000000000000000000e+00 0.000000000000000000e+00 0.000000000000000000e+00 0.000000000000000000e+00 0.000000000000000000e+00 0.000000000000000000e+00 0.000000000000000000e+00 0.000000000000000000e+00 0.000000000000000000e+00 0.000000000000000000e+00
0.000000000000000000e+00 0.000000000000000000e+00 0.000000000000000000e+00 0.000000000000000000e+00 3.186705767350928586e-01 2.683178534571723506e-01 0.000000000000000000e+00 2.530120481927710663e-01 0.000000000000000000e+00 0.000000000000000000e+00 0.000000000000000000e+00 0.000000000000000000e+00 0.000000000000000000e+00 0.000000000000000000e+00 0.000000000000000000e+00 0.000000000000000000e+00 0.000000000000000000e+00 0.000000000000000000e+00 0.000000000000000000e+00 0.000000000000000000e+00
9.957537154989384298e-01 1.026052104208416749e+00 1.017351598173515947e+00 4.077471967380223994e-01 1.020080321285140590e+00 7.285861713106295268e-01 1.011152416356877248e+00 9.856850715746421354e-01 1.021897810218978186e+00 3.309352517985611475e-01 1.070866141732283561e+00 5.691056910569105565e-01 3.495145631067961278e-01 6.232023010546500208e-01 1.029029029029028930e+00 1.001976284584980226e+00 9.808660624370594272e-01 9.726890756302520868e-01 3.919597989949748507e-01 7.157258064516128782e-01
0.000000000000000000e+00 0.000000000000000000e+00 3.175217812197483336e-01 0.000000000000000000e+00 0.000000000000000000e+00 2.111801242236024945e-01 0.000000000000000000e+00 0.000000000000000000e+00 0.000000000000000000e+00 0.000000000000000000e+00 2.784552845528455167e-01 0.000000000000000000e+00 0.000000000000000000e+00 0.000000000000000000e+00 4.278606965174129306e-01 0.000000000000000000e+00 0.000000000000000000e+00 0.000000000000000000e+00 0.000000000000000000e+00 0.000000000000000000e+00
1.031729785056294757e+00 9.788092835519677237e-01 9.901768172888015807e-01 6.748717948717948278e-01 1.027659574468085202e+00 7.370517928286852705e-01 9.456310679611650283e-01 1.048304213771839688e+00 9.809885931558934846e-01 7.165281625115420550e-01 1.048659384309831077e+00 5.705263157894736592e-01 6.460618145563310488e-01 9.881889763779527769e-01 9.890329012961116550e-01 9.707112970711296862e-01 1.017857142857142794e+00 1.001011122345803805e+00 4.036511156186612381e-01 6.835699797160242897e-01
0.000000000000000000e+00 0.000000000000000000e+00 6.614936954413190850e-01 0.000000000000000000e+00 0.000000000000000000e+00 2.712933753943217452e-01 4.858044164037854662e-01 2.300194931773879015e-01 0.000000000000000000e+00 3.378803777544596154e-01 2.179999999999999993e-01 0.000000000000000000e+00 0.000000000000000000e+00 3.980295566502463078e-01 0.000000000000000000e+00 3.036750483558994240e-01 3.091286307053942028e-01 4.133064516129032473e-01 0.000000000000000000e+00 0.000000000000000000e+00
0.000000000000000000e+00 0.000000000000000000e+00 6.646586345381526595e-01 0.000000000000000000e+00 0.000000000000000000e+00 2.293488824101068968e-01 9.403578528827037930e-01 2.915392456676860200e-01 0.000000000000000000e+00 2.828077314343845350e-01 4.650677789363920622e-01 2.917997870074547362e-01 0.000000000000000000e+00 3.659491193737768877e-01 0.000000000000000000e+00 6.914062500000000000e-01 4.814049586776859568e-01 4.212598425196850127e-01 0.000000000000000000e+00 2.819203268641470861e-01
0.000000000000000000e+00 0.000000000000000000e+00 6.511175898931000905e-01 0.000000000000000000e+00 0.000000000000000000e+00 3.173652694610778480e-01 9.796708615682477861e-01 2.606120434353405568e-01 0.000000000000000000e+00 3.355965082444228864e-01 4.385786802030456899e-01 2.925373134328358438e-01 0.000000000000000000e+00 3.536711478800413921e-01 0.000000000000000000e+00 7.183908045977011048e-01 5.447236180904522218e-01 4.138634046890927731e-01 0.000000000000000000e+00 2.577209797657081802e-01
1.017647058823529349e+00 1.019841269841269771e+00 9.501992031872510402e-01 1.907756813417190722e-01 4.223864836325237349e-01 5.050301810865190921e-01 1.025588536335721557e+00 4.548944337811900440e-01 4.070981210855950105e-01 3.306122448979592066e-01 9.951124144672531813e-01 5.983935742971887572e-01 0.000000000000000000e+00 5.590179414542020275e-01 4.609375000000000000e-01 1.019027484143763207e+00 7.380720545277507094e-01 1.023162134944612278e+00 4.028629856850715618e-01 6.527363184079602032e-01
0.000000000000000000e+00 0.000000000000000000e+00 0.000000000000000000e+00 0.000000000000000000e+00 2.778366914103923557e-01 2.272282076395690520e-01 0.000000000000000000e+00 2.636718750000000000e-01 0.000000000000000000e+00 0.000000000000000000e+00 0.000000000000000000e+00 0.000000000000000000e+00 0.000000000000000000e+00 0.000000000000000000e+00 0.000000000000000000e+00 0.000000000000000000e+00 0.000000000000000000e+00 0.000000000000000000e+00 0.000000000000000000e+00 0.000000000000000000e+00
9.884816753926701782e-01 1.012145748987854255e+00 9.866920152091255281e-01 7.007874015748031260e-01 9.878048780487804770e-01 7.243781094527362852e-01 9.709709709709709591e-01 9.837398373983740063e-01 9.503968253968253510e-01 7.128712871287128383e-01 1.022840119165839168e+00 5.501022494887525260e-01 6.444232602478551231e-01 9.838709677419354982e-01 1.024340770791074995e+00 1.009276437847866470e+00 1.044534412955465674e+00 1.017509727626459082e+00 3.385518590998042865e-01 7.191011235955055980e-01
5.896946564885495734e-01 5.518672199170124859e-01 6.568421052631578938e-01 0.000000000000000000e+00 2.414529914529914556e-01 2.851063829787234272e-01 1.000000000000000000e+00 2.497634815515610285e-01 0.000000000000000000e+00 3.418972332015810522e-01 6.886886886886887105e-01 3.125618199802175923e-01 0.000000000000000000e+00 3.392670157068062853e-01 0.000000000000000000e+00 6.593843098311816808e-01 5.343659244917715601e-01 9.981343283582089221e-01 0.000000000000000000e+00 4.576612903225806273e-01
0.000000000000000000e+00 0.000000000000000000e+00 6.278381046396841469e-01 0.000000000000000000e+00 0.000000000000000000e+00 2.579979360165118862e-01 1.014314928425357865e+00 2.921568627450980560e-01 0.000000000000000000e+00 3.322884012539185083e-01 5.004965243296921606e-01 2.732793522267206732e-01 0.000000000000000000e+00 3.972468043264503201e-01 0.000000000000000000e+00 6.848484848484848175e-01 5.444234404536861804e-01 3.834808259587020873e-01 0.000000000000000000e+00 2.524461839530332541e-01
0.000000000000000000e+00 0.000000000000000000e+00 3.380855397148676000e-01 0.000000000000000000e+00 0.000000000000000000e+00 2.202202202202202252e-01 0.000000000000000000e+00 0.000000000000000000e+00 0.000000000000000000e+00 0.000000000000000000e+00 2.612011439466158103e-01 0.000000000000000000e+00 0.000000000000000000e+00 0.000000000000000000e+00 4.072948328267477214e-01 0.000000000000000000e+00 0.000000000000000000e+00 0.000000000000000000e+00 0.000000000000000000e+00 0.000000000000000000e+00
9.915789473684210042e-01 9.235074626865671377e-01 1.000000000000000000e+00 6.694129763130792776e-01 9.843028624192059484e-01 7.239999999999999769e-01 1.013224821973550460e+00 1.029951690821256038e+00 1.009487666034155628e+00 6.077235772357723054e-01 9.335899903753609452e-01 5.578093306288032238e-01 6.694300518134714828e-01 1.011213047910295648e+00 1.068750000000000089e+00 9.929929929929930399e-01 9.784313725490195734e-01 9.939637826961770228e-01 4.207377866400797695e-01 6.761904761904762307e-01
0.000000000000000000e+00 0.000000000000000000e+00 6.924643584521384954e-01 0.000000000000000000e+00 0.000000000000000000e+00 2.848664688427299807e-01 4.295566502463054048e-01 3.536345776031434296e-01 0.000000000000000000e+00 3.612417685794920286e-01 1.707080504364694440e-01 0.000000000000000000e+00 0.000000000000000000e+00 3.257199602780536107e-01 0.000000000000000000e+00 2.809224318658281039e-01 3.139866793529971223e-01 4.588910133843212003e-01 0.000000000000000000e+00 0.000000000000000000e+00
1.002070393374741242e+00 1.031250000000000000e+00 9.558232931726907688e-01 4.401622718052738414e-01 9.468302658486708046e-01 7.552031714568879783e-01 9.929506545820745433e-01 9.713071200850159626e-01 1.022540983606557319e+00 3.081570996978851840e-01 9.917012448132780378e-01 5.958333333333333259e-01 3.154875717017208148e-01 6.767068273092369246e-01 1.023023023023023059e+00 1.006211180124223503e+00 9.939516129032257563e-01 1.035175879396984966e+00 3.634475597092419741e-01 6.652763295099061169e-01
0.000000000000000000e+00 0.000000000000000000e+00 3.225806451612903136e-01 0.000000000000000000e+00 0.000000000000000000e+00 2.071713147410358669e-01 0.000000000000000000e+00 0.000000000000000000e+00 0.000000000000000000e+00 0.000000000000000000e+00 2.780000000000000249e-01 0.000000000000000000e+00 0.000000000000000000e+00 0.000000000000000000e+00 4.433198380566801822e-01 0.000000000000000000e+00 0.000000000000000000e+00 0.000000000000000000e+00 0.000000000000000000e+00 0.000000000000000000e+00
1.020366598778004175e+00 9.751552795031055432e-01 1.013388259526261548e+00 4.534336782690498446e-01 9.889669007021063551e-01 7.152988855116514388e-01 1.024000000000000021e+00 1.010040160642570184e+00 9.605662285136501444e-01 3.164426059979317252e-01 1.025157232704402510e+00 5.120000000000000107e-01 3.326810176125244434e-01 6.348547717842323301e-01 9.835728952772073708e-01 1.027355623100304038e+00 9.848942598187311326e-01 9.921875000000000000e-01 3.522617901828681286e-01 6.399155227032734539e-01
0.000000000000000000e+00 0.000000000000000000e+00 0.000000000000000000e+00 0.000000000000000000e+00 3.092998955067920441e-01 2.342158859470468424e-01 0.000000000000000000e+00 2.873345935727788514e-01 0.000000000000000000e+00 0.000000000000000000e+00 0.000000000000000000e+00 0.000000000000000000e+00 0.000000000000000000e+00 0.000000000000000000e+00 0.000000000000000000e+00 0.000000000000000000e+00 0.000000000000000000e+00 0.000000000000000000e+00 0.000000000000000000e+00 0.000000000000000000e+00
0.000000000000000000e+00 0.000000000000000000e+00 6.591375770020534430e-01 0.000000000000000000e+00 0.000000000000000000e+00 2.533470648815653870e-01 1.006211180124223503e+00 2.766631467793030374e-01 0.000000000000000000e+00 3.430232558139534871e-01 4.450923226433430302e-01 2.974874371859296263e-01 0.000000000000000000e+00 4.488107549120992634e-01 0.000000000000000000e+00 6.320000000000000062e-01 5.169660678642714613e-01 4.195223260643821117e-01 0.000000000000000000e+00 2.051282051282051211e-01
0.000000000000000000e+00 0.000000000000000000e+00 6.444866920152091394e-01 0.000000000000000000e+00 0.000000000000000000e+00 2.668024439918533774e-01 9.770229770229770239e-01 2.510729613733905796e-01 0.000000000000000000e+00 3.399602385685884798e-01 4.237623762376237502e-01 2.891809908998989043e-01 0.000000000000000000e+00 3.912611717974180947e-01 0.000000000000000000e+00 6.519558676028084365e-01 5.190525231719876897e-01 3.559150657229524506e-01 0.000000000000000000e+00 2.401574803149606196e-01
0.000000000000000000e+00 0.000000000000000000e+00 3.030303030303030387e-01 0.000000000000000000e+00 0.000000000000000000e+00 2.098765432098765316e-01 0.000000000000000000e+00 0.000000000000000000e+00 0.000000000000000000e+00 0.000000000000000000e+00 2.434963579604578487e-01 0.000000000000000000e+00 0.000000000000000000e+00 0.000000000000000000e+00 4.488935721812434276e-01 0.000000000000000000e+00 0.000000000000000000e+00 0.000000000000000000e+00 0.000000000000000000e+00 0.000000000000000000e+00
1.041879468845760881e+00 9.485368314833501069e-01 9.473684210526315264e-01 7.068437180796731667e-01 9.890109890109890500e-01 7.572427572427572473e-01 1.058341862845445291e+00 1.003033367037411416e+00 1.027253668763102645e+00 6.799637352674523516e-01 1.047058823529411820e+00 6.006256517205422751e-01 6.216216216216216006e-01 9.698857736240913407e-01 9.938144329896907436e-01 9.903474903474903668e-01 1.024948024948024949e+00 9.929364278506559449e-01 3.394308943089430763e-01 7.310488058151609625e-01
9.652432969215491987e-01 9.204218600191754751e-01 1.000000000000000000e+00 7.135678391959798805e-01 9.232386961093586031e-01 7.588932806324110159e-01 9.939999999999999947e-01 9.752720079129574282e-01 9.928789420142420941e-01 6.666666666666666297e-01 1.030107526881720359e+00 5.601503759398496207e-01 6.938369781312127005e-01 9.236868186323091701e-01 9.788092835519677237e-01 9.755600814663950571e-01 9.714285714285714191e-01 9.582909460834181381e-01 4.086870681145113315e-01 6.933333333333333570e-01
0.000000000000000000e+00 0.000000000000000000e+00 0.000000000000000000e+00 0.000000000000000000e+00 2.937625754527162791e-01 2.773437500000000000e-01 0.000000000000000000e+00 2.694610778443113919e-01 0.000000000000000000e+00 0.000000000000000000e+00 0.000000000000000000e+00 0.000000000000000000e+00 0.000000000000000000e+00 0.000000000000000000e+00 0.000000000000000000e+00 0.000000000000000000e+00 0.000000000000000000e+00 0.000000000000000000e+00 0.000000000000000000e+00 0.000000000000000000e+00
1.009671179883945946e+00 9.902343750000000000e-01 1.068817204301075297e+00 1.721311475409836034e-01 4.059113300492611098e-01 4.642126789366053385e-01 1.006724303554274780e+00 4.469618949536560137e-01 3.984142715559960135e-01 3.294797687861271696e-01 1.000000000000000000e+00 6.233009708737864418e-01 0.000000000000000000e+00 6.234817813765182182e-01 4.793388429752066249e-01 9.968186638388123466e-01 7.163265306122449383e-01 1.048016701461377931e+00 3.587628865979381465e-01 6.575073601570167181e-01
0.000000000000000000e+00 0.000000000000000000e+00 6.491739552964043147e-01 0.000000000000000000e+00 0.000000000000000000e+00 2.883248730964467210e-01 1.002012072434607548e+00 2.740000000000000213e-01 0.000000000000000000e+00 3.252525252525252375e-01 4.933469805527123664e-01 2.677484787018255541e-01 0.000000000000000000e+00 4.000000000000000222e-01 0.000000000000000000e+00 6.423357664233576569e-01 5.574425574425574403e-01 4.004085801838611069e-01 0.000000000000000000e+00 1.891348088531187022e-01
9.916666666666666963e-01 1.040299906279287701e+00 1.005928853754940677e+00 4.362220058422590085e-01 1.017408123791102570e+00 7.324840764331209675e-01 1.065989847715736127e+00 9.475728155339805392e-01 9.408341416100872712e-01 3.844537815126050639e-01 1.024539877300613577e+00 5.831663326653306889e-01 2.845188284518828659e-01 5.776892430278884882e-01 1.034410844629822801e+00 1.041501976284584963e+00 9.617271835132482627e-01 1.048582995951417018e+00 3.852459016393442459e-01 6.503067484662576891e-01
5.311909262759924033e-01 5.492125984251968740e-01 7.038883349950149082e-01 0.000000000000000000e+00 2.777777777777777901e-01 2.344827586206896519e-01 1.022840119165839168e+00 2.938196555217831851e-01 0.000000000000000000e+00 3.623188405797101441e-01 7.659157688540646491e-01 3.136094674556212936e-01 0.000000000000000000e+00 4.071499503475670134e-01 0.000000000000000000e+00 6.591606960081883848e-01 4.709359605911330182e-01 9.306930693069307425e-01 0.000000000000000000e+00 5.047801147227533036e-01
0.000000000000000000e+00 0.000000000000000000e+00 7.005076142131979600e-01 0.000000000000000000e+00 0.000000000000000000e+00 3.168940188877230058e-01 4.762845849802371800e-01 2.882011605415860656e-01 0.000000000000000000e+00 3.017329255861365689e-01 1.903765690376569009e-01 0.000000000000000000e+00 0.000000000000000000e+00 4.221585482330468264e-01 0.000000000000000000e+00 2.807017543859648967e-01 3.079960513326752136e-01 4.181818181818181546e-01 0.000000000000000000e+00 0.000000000000000000e+00
