gene_id	sample0	sample0	sample1	sample1	sample2	sample2	sample3	sample3	sample4	sample4	sample5	sample5	sample6	sample6	sample7	sample7	sample8	sample8	sample9	sample9
0	111	0	91	0	103	0	98	0	109	0	108	0	84	20	98	0	97	0	103	0
1	69	28	94	0	116	0	63	26	101	0	88	25	108	0	66	30	87	0	80	0
2	76	32	98	0	97	0	74	23	100	0	61	29	104	0	68	22	114	0	88	0
3	60	17	81	12	115	0	118	0	112	0	105	0	95	0	69	28	97	13	104	0
4	68	18	82	0	112	0	79	31	85	0	63	20	96	0	88	21	79	0	107	0
5	68	28	86	0	97	0	85	20	105	0	76	20	99	0	73	29	104	0	93	0
6	75	32	80	0	105	0	70	23	86	0	84	24	113	0	77	33	98	0	101	0
7	77	28	107	0	96	0	66	23	97	0	82	19	98	0	62	21	97	0	103	0
8	84	30	117	0	111	0	72	25	93	0	92	14	98	0	85	24	94	0	99	0
9	83	0	92	0	98	0	85	0	96	0	99	0	84	0	99	0	112	0	106	0
10	71	22	111	0	106	0	65	23	110	0	93	27	104	0	71	22	113	0	90	0
11	101	0	108	13	96	0	104	0	115	0	69	8	92	0	93	0	105	0	79	24
12	93	0	91	0	109	0	94	0	93	0	86	0	78	17	106	0	109	0	89	0
13	82	25	97	0	111	0	80	32	94	0	66	18	98	0	70	24	97	0	103	0
14	83	27	89	17	93	0	108	0	92	0	98	0	88	0	65	19	97	22	100	0
15	86	23	76	14	62	29	75	20	103	0	66	37	68	28	67	23	103	0	83	0
16	60	21	119	0	98	0	75	26	99	0	78	21	115	0	80	20	101	0	111	0
17	100	0	78	13	91	23	96	0	111	0	96	0	89	13	125	0	85	16	98	0
18	95	0	86	12	99	0	84	0	112	0	86	15	100	0	101	0	102	0	72	19
19	83	26	74	14	82	0	105	0	86	0	122	0	106	0	79	31	69	10	104	0
20	115	0	92	10	109	0	111	0	97	0	98	11	96	0	83	0	102	0	68	13
21	87	25	117	0	101	0	69	25	93	0	74	14	115	0	80	34	105	0	98	0
22	99	0	101	16	110	0	88	0	104	0	88	11	100	0	96	0	110	0	91	26
23	80	32	96	0	94	0	60	36	91	0	74	13	103	0	73	26	100	0	85	0
24	101	0	101	0	104	0	94	0	99	0	109	0	114	0	82	0	86	0	98	0
25	88	0	108	0	88	0	123	0	106	0	93	0	106	0	98	0	105	0	84	0
26	101	0	76	11	104	0	98	0	88	0	89	14	95	0	97	0	106	0	84	19
27	89	33	74	14	74	31	47	53	49	59	59	34	65	45	75	16	75	18	69	36
28	72	26	87	21	85	24	47	56	50	46	62	43	46	31	64	26	61	24	77	23
29	56	23	99	0	110	0	70	26	106	0	86	24	98	0	65	35	92	0	111	0
30	73	11	89	0	108	0	79	34	93	0	72	19	90	0	86	26	103	0	102	0
31	121	0	91	0	106	0	107	0	103	0	108	0	75	0	101	0	96	0	89	0
32	80	0	94	8	101	0	92	0	99	0	94	13	82	0	104	0	115	0	78	27
33	100	0	84	17	104	0	102	0	97	0	87	19	100	0	104	0	104	0	79	20
34	69	24	105	0	102	0	75	28	96	0	69	18	121	0	83	29	102	0	102	0
35	94	0	104	4	101	0	107	0	100	0	88	11	109	0	104	0	100	0	74	21
36	98	0	95	12	96	23	94	0	104	0	119	0	99	7	88	0	94	14	95	0
37	96	31	96	0	111	0	81	32	104	0	79	23	106	0	79	20	87	0	84	0
38	118	0	92	11	123	0	94	0	104	0	87	12	95	0	110	0	96	0	82	18
39	86	18	96	0	86	0	65	36	93	0	82	25	95	0	79	28	93	0	104	0
40	112	0	93	0	92	0	90	0	108	0	94	0	107	0	90	0	112	0	101	0
41	85	22	88	11	70	35	76	30	88	0	51	49	66	40	95	29	104	0	119	0
42	98	0	114	0	85	0	91	0	85	0	100	0	108	0	123	0	102	0	116	0
43	109	0	83	7	95	0	97	0	92	0	103	14	98	0	101	0	99	0	72	12
44	121	0	92	11	96	0	102	0	106	0	93	12	105	0	88	0	103	0	94	19
45	103	0	94	7	76	0	96	0	99	0	92	17	100	0	99	0	119	0	63	26
46	88	0	88	0	110	0	94	0	103	0	87	0	103	0	89	0	89	0	105	0
47	65	21	84	0	115	0	74	23	77	0	96	15	98	0	82	32	111	0	93	0
48	113	0	92	15	106	0	93	0	101	0	88	17	90	0	88	0	107	0	75	23
49	104	0	94	14	94	0	102	0	82	0	92	9	100	0	102	0	102	0	68	23
50	80	0	78	6	95	0	89	0	87	0	83	16	104	0	101	0	90	0	81	22
51	92	0	100	0	99	0	80	0	90	0	98	0	95	0	101	0	91	0	100	0
52	90	0	96	0	77	0	87	0	100	0	90	0	96	0	102	0	107	0	95	0
53	105	0	90	0	91	0	99	0	81	0	106	0	122	0	108	0	118	0	93	0
54	86	0	101	0	78	0	110	0	97	0	112	0	101	0	101	0	113	0	106	0
55	84	0	86	12	82	15	94	0	94	0	106	0	94	8	104	0	93	13	99	0
56	67	26	85	0	119	0	79	38	95	0	77	28	100	0	75	26	114	0	92	0
57	88	30	93	0	123	0	74	21	102	0	73	13	109	0	80	25	130	0	103	0
58	98	0	97	0	104	0	87	0	81	0	107	0	99	0	112	0	87	0	104	0
59	105	0	88	12	89	0	99	0	107	0	92	11	101	0	109	0	111	0	79	26
60	93	0	86	10	99	0	81	0	93	0	75	13	99	0	107	0	90	0	72	27
61	71	23	79	10	94	0	106	0	114	0	128	0	96	0	90	21	73	12	104	0
62	69	28	115	0	104	0	74	25	104	0	75	20	97	0	70	29	96	0	108	0
63	101	0	67	17	124	0	107	0	117	0	89	20	97	0	108	0	82	0	84	0
64	89	26	79	13	69	40	77	25	86	0	62	40	63	29	70	21	89	0	101	0
65	103	0	73	15	116	0	97	0	97	0	90	9	129	0	103	0	100	0	78	16
66	107	0	107	0	88	0	101	0	102	0	111	0	90	0	93	0	99	0	80	0
67	97	0	102	0	98	0	92	0	89	0	104	0	94	0	90	0	123	0	108	0
68	91	0	87	12	82	0	103	0	94	0	86	8	94	0	85	0	102	0	67	38
69	109	0	105	0	95	0	100	0	115	0	104	0	98	0	106	0	120	0	84	0
70	83	21	73	16	71	25	55	43	41	51	63	35	58	39	73	23	57	31	76	25
71	107	0	111	0	87	0	106	0	99	0	92	0	100	0	87	0	89	0	89	0
72	71	26	84	14	57	33	89	25	109	0	60	34	85	30	79	23	119	0	80	0
73	62	19	107	0	112	0	74	24	95	0	89	18	102	0	72	23	94	0	96	0
74	90	31	100	0	96	0	66	25	86	0	77	20	94	0	70	22	85	0	107	0
75	116	0	83	0	100	0	93	0	97	0	85	0	111	0	115	0	93	0	100	0
76	77	22	108	0	117	0	61	29	99	0	69	18	93	0	62	27	107	0	86	0
77	90	0	84	0	94	0	90	0	98	0	89	0	120	0	116	0	100	0	101	0
78	69	22	93	0	94	0	83	27	98	0	75	15	102	0	81	35	79	0	88	0
79	108	0	92	17	90	0	87	0	99	0	102	12	105	0	112	0	89	0	88	26
80	89	0	93	14	77	20	84	0	116	0	84	0	95	8	102	0	87	11	104	0
81	76	32	101	0	88	0	81	32	103	0	84	21	105	0	68	25	99	0	86	0
82	112	0	90	16	102	0	96	0	101	0	80	9	101	0	111	0	85	0	75	21
83	92	0	99	8	111	0	112	0	97	0	90	8	102	0	94	0	86	0	84	23
84	98	0	84	9	100	0	98	0	85	0	93	11	106	0	108	0	108	0	66	22
85	122	0	93	8	88	0	117	0	104	0	98	13	105	0	87	0	102	0	87	10
86	116	0	106	0	110	0	75	18	63	41	101	0	102	0	96	0	97	15	78	34
87	70	34	113	0	101	0	67	24	86	0	77	13	98	0	78	24	109	0	97	0
88	97	0	105	0	96	0	97	0	105	0	89	0	110	0	116	0	70	0	95	0
89	79	18	104	0	92	0	64	28	116	0	100	19	80	0	93	27	93	0	111	0
90	78	25	90	19	53	25	70	26	98	0	58	41	70	39	74	23	93	0	117	0
91	71	30	86	6	70	23	73	22	93	0	55	26	72	31	80	39	93	0	96	0
92	111	0	100	14	100	0	93	0	123	0	100	15	98	0	90	0	112	0	77	32
93	118	0	110	0	106	0	75	18	76	28	82	0	107	0	111	0	83	13	70	17
94	92	0	105	0	101	0	80	19	64	26	90	0	97	0	104	0	105	11	70	29
95	72	20	105	0	104	0	67	28	107	0	76	18	102	0	81	28	108	0	96	0
96	97	0	105	15	102	0	101	0	113	0	83	16	96	0	102	0	100	0	82	29
97	105	0	72	12	103	0	86	0	90	0	85	22	84	0	95	0	89	0	118	0
98	81	22	102	0	108	0	89	29	95	0	86	21	112	0	73	28	101	0	91	0
99	100	0	97	17	90	0	106	0	104	0	83	11	100	0	91	0	98	0	81	21
