#chr	position	description	normal	sample0	sample1	sample2	sample3	sample4	sample5	sample6	sample7	sample8	sample9
1	1	1	0	0.0	0.0	0.124873096447	0.132172131148	0.188362919132	0.0	0.0	0.0	0.0	0.0
2	1	1	0	0.298058252427	0.281188118812	0.360865290069	0.164634146341	0.526315789474	0.226762002043	0.327956989247	0.0	0.120080726539	0.355704697987
3	1	1	0	0.0	0.0	0.0	0.0	0.0	0.0	0.156035328754	0.0	0.194045174538	0.0
4	1	1	0	0.0	0.0	0.144697720515	0.174897119342	0.184584178499	0.0	0.0	0.0	0.0	0.0
5	1	1	0	0.174747474747	0.0	0.254689042448	0.160298229264	0.337662337662	0.105313092979	0.247269116187	0.0	0.138663967611	0.228194726166
6	1	1	0	0.0	0.0	0.12016293279	0.155991735537	0.167798254122	0.0	0.0	0.0	0.0	0.0
7	1	1	0	0.0	0.131450827653	0.0	0.0	0.0	0.0845665961945	0.0927536231884	0.0	0.0	0.0
8	1	1	0	0.0	0.0	0.0	0.0	0.0	0.0	0.144008056395	0.0	0.182270916335	0.0
9	1	1	0	0.0	0.0	0.0	0.0	0.0	0.0	0.161224489796	0.0	0.17349137931	0.0
10	1	1	0	0.153522607781	0.0	0.0	0.0	0.0	0.0	0.142152023692	0.0	0.0	0.134185303514
11	1	1	0	0.156822810591	0.0	0.239837398374	0.143849206349	0.323839662447	0.113502935421	0.241769547325	0.0	0.141116751269	0.239173228346
12	1	1	0	0.0	0.0	0.0	0.0	0.0	0.0	0.185375901133	0.0	0.175619834711	0.0
13	1	1	0	0.286555446516	0.298174442191	0.337301587302	0.153925619835	0.492079207921	0.211324570273	0.348017621145	0.0	0.111665004985	0.363905325444
14	1	1	0	0.0	0.0	0.0	0.0	0.0	0.0	0.182868142445	0.0	0.172754195459	0.0
15	1	1	0	0.0	0.0	0.0	0.0	0.0	0.0	0.153134635149	0.0	0.17911975435	0.0
16	1	1	0	0.0	0.0	0.0	0.0	0.0	0.0	0.152263374486	0.0	0.188146754468	0.0
17	1	1	0	0.0	0.0	0.13741223671	0.146367521368	0.17063081696	0.0	0.0	0.0	0.0	0.0
18	1	1	0	0.0	0.0	0.10598626104	0.136136136136	0.17715392062	0.0	0.0	0.0	0.0	0.0
19	1	1	0	0.0	0.0	0.14047151277	0.166500498504	0.172754195459	0.0	0.0	0.0	0.0	0.0
20	1	1	0	0.304742684157	0.27734375	0.335511982571	0.142430278884	0.504008016032	0.200589970501	0.334328358209	0.0	0.12927756654	0.362189054726
21	1	1	0	0.0	0.0	0.124368048534	0.167641325536	0.183168316832	0.0	0.0	0.0	0.0	0.0
22	1	1	0	0.0	0.0	0.0	0.0	0.0	0.0	0.163869693978	0.0	0.177484787018	0.0
23	1	1	0	0.0	0.0	0.110547667343	0.150049358342	0.178470254958	0.0	0.0	0.0	0.0	0.0
24	1	1	0	0.158634538153	0.0	0.208910891089	0.153543307087	0.358653846154	0.114985862394	0.22365805169	0.0	0.137065637066	0.2170781893
25	1	1	0	0.0	0.0	0.0	0.0	0.0	0.0	0.162055335968	0.0	0.198095238095	0.0
26	1	1	0	0.0	0.0	0.0	0.0	0.0	0.153455284553	0.0	0.272335844995	0.0	0.0
27	1	1	0	0.144319344933	0.0	0.0	0.0	0.0	0.0	0.119071644803	0.0	0.0	0.12365063788
28	1	1	0	0.0	0.192642787996	0.0	0.159301130524	0.0	0.133928571429	0.0	0.254604550379	0.0	0.120388349515
29	1	1	0	0.0	0.186868686869	0.0	0.171890798787	0.0	0.137426900585	0.0	0.258461538462	0.0	0.146914789422
30	1	1	0	0.0	0.0	0.0	0.0	0.0	0.125594671741	0.0	0.234521575985	0.0	0.0
31	1	1	0	0.161290322581	0.0	0.0	0.0	0.0	0.0	0.132845188285	0.0	0.0	0.137764932563
32	1	1	0	0.166495375128	0.0	0.239960822723	0.139097744361	0.329449152542	0.114169215087	0.261855670103	0.0	0.138461538462	0.216599190283
33	1	1	0	0.0	0.198189134809	0.0	0.142272262027	0.0	0.151515151515	0.0	0.268315018315	0.0	0.16
34	1	1	0	0.0	0.191133004926	0.0	0.168205128205	0.0	0.140529531568	0.0	0.246506986028	0.0	0.128048780488
35	1	1	0	0.0	0.215725806452	0.0	0.151458137347	0.0	0.154175588865	0.0	0.237843551797	0.0	0.120123203285
36	1	1	0	0.0	0.0	0.0	0.0	0.0	0.0	0.160908193485	0.0	0.194202898551	0.0
37	1	1	0	0.0	0.0	0.127016129032	0.162393162393	0.181181181181	0.0	0.0	0.0	0.0	0.0
38	1	1	0	0.167141500475	0.0	0.231	0.161194029851	0.337386018237	0.120911793855	0.233097880928	0.0	0.108	0.249752229931
39	1	1	0	0.0	0.138339920949	0.0	0.0	0.0	0.101871101871	0.0909970958374	0.0	0.0	0.0
40	1	1	0	0.0	0.0	0.127344521224	0.15175879397	0.192497532083	0.0	0.0	0.0	0.0	0.0
41	1	1	0	0.0	0.209863588667	0.0	0.181905678537	0.0	0.1324828263	0.0	0.257023933403	0.0	0.147859922179
42	1	1	0	0.0	0.194610778443	0.0	0.180840664712	0.0	0.144628099174	0.0	0.256358087487	0.0	0.132591093117
43	1	1	0	0.0	0.0	0.0	0.0	0.150048402711	0.101419878296	0.0	0.0	0.0	0.0
44	1	1	0	0.0	0.0	0.0	0.0	0.140495867769	0.127061105723	0.0	0.0	0.0	0.0
45	1	1	0	0.0	0.0	0.0	0.0	0.0	0.130699088146	0.0	0.239693192713	0.0	0.0
46	1	1	0	0.0	0.0	0.135188866799	0.140859140859	0.171648987464	0.0	0.0	0.0	0.0	0.0
47	1	1	0	0.137051039698	0.0	0.0	0.0	0.0	0.0	0.135737009544	0.0	0.0	0.141356255969
48	1	1	0	0.306179775281	0.304854368932	0.329875518672	0.124373119358	0.497517378352	0.206861755802	0.366700715015	0.0	0.124164278892	0.365365365365
49	1	1	0	0.309430255403	0.303176130895	0.340996168582	0.142857142857	0.515368852459	0.227941176471	0.332375478927	0.0	0.12	0.342315369261
50	1	1	0	0.0	0.0	0.0	0.0	0.0	0.126518218623	0.0	0.25145631068	0.0	0.0
51	1	1	0	0.0	0.0	0.122680412371	0.160576923077	0.17714884696	0.0	0.0	0.0	0.0	0.0
52	1	1	0	0.148039215686	0.0	0.231462925852	0.14936440678	0.314882032668	0.122641509434	0.256743256743	0.0	0.13179916318	0.243705941591
53	1	1	0	0.0	0.0	0.0	0.0	0.0	0.0	0.174698795181	0.0	0.191836734694	0.0
54	1	1	0	0.0	0.0	0.141500474834	0.164519326065	0.1806640625	0.0	0.0	0.0	0.0	0.0
55	1	1	0	0.0	0.123574144487	0.0	0.0	0.0	0.0795454545455	0.0926275992439	0.0	0.0	0.0
56	1	1	0	0.0	0.0	0.125654450262	0.142857142857	0.187747035573	0.0	0.0	0.0	0.0	0.0
57	1	1	0	0.0	0.0	0.121975806452	0.159309021113	0.162948593598	0.0	0.0	0.0	0.0	0.0
58	1	1	0	0.166019417476	0.0	0.0	0.0	0.0	0.0	0.138943248532	0.0	0.0	0.12987012987
59	1	1	0	0.0	0.197238658777	0.0	0.16650148662	0.0	0.156862745098	0.0	0.253279515641	0.0	0.136495643756
60	1	1	0	0.0	0.0	0.124095139607	0.148148148148	0.154302670623	0.0	0.0	0.0	0.0	0.0
61	1	1	0	0.0	0.0	0.136627906977	0.148524923703	0.181727904667	0.0	0.0	0.0	0.0	0.0
62	1	1	0	0.0	0.0	0.0	0.0	0.0	0.0	0.159482758621	0.0	0.199398797595	0.0
63	1	1	0	0.0	0.197518097208	0.0	0.17680608365	0.0	0.155555555556	0.0	0.236126224157	0.0	0.158607350097
64	1	1	0	0.0	0.0	0.0	0.0	0.0	0.134479271992	0.0	0.233301975541	0.0	0.0
65	1	1	0	0.0	0.129196337742	0.0	0.0	0.0	0.0998959417274	0.0882352941176	0.0	0.0	0.0
66	1	1	0	0.0	0.0	0.0	0.0	0.0	0.129094412331	0.0	0.248508946322	0.0	0.0
67	1	1	0	0.0	0.0	0.0	0.0	0.0	0.0	0.161515453639	0.0	0.197355996223	0.0
68	1	1	0	0.0	0.0	0.0	0.0	0.0	0.153333333333	0.0	0.239478957916	0.0	0.0
69	1	1	0	0.155030800821	0.0	0.234871794872	0.164210526316	0.334719334719	0.119047619048	0.243486973948	0.0	0.124874118832	0.237424547284
70	1	1	0	0.0	0.0	0.113262342691	0.156663275687	0.205912334353	0.0	0.0	0.0	0.0	0.0
71	1	1	0	0.160328879753	0.0	0.213939980639	0.167658730159	0.333333333333	0.121181262729	0.250984251969	0.0	0.131578947368	0.20867768595
72	1	1	0	0.0	0.0	0.0	0.0	0.157184185149	0.119140625	0.0	0.0	0.0	0.0
73	1	1	0	0.0	0.0	0.0	0.0	0.0	0.0	0.164893617021	0.0	0.182962245886	0.0
74	1	1	0	0.0	0.0	0.0	0.0	0.0	0.14859437751	0.0	0.205696202532	0.0	0.0
75	1	1	0	0.0	0.0	0.0	0.0	0.0	0.0	0.173869346734	0.0	0.213516160627	0.0
76	1	1	0	0.143756558237	0.0	0.0	0.0	0.0	0.0	0.122877122877	0.0	0.0	0.14906219151
77	1	1	0	0.0	0.0	0.106490872211	0.16452991453	0.176877470356	0.0	0.0	0.0	0.0	0.0
78	1	1	0	0.0	0.0	0.138383838384	0.168483647175	0.178607467205	0.0	0.0	0.0	0.0	0.0
79	1	1	0	0.0	0.0	0.0	0.0	0.0	0.138170974155	0.0	0.240506329114	0.0	0.0
80	1	1	0	0.0	0.0	0.0	0.0	0.0	0.0	0.171717171717	0.0	0.175456389452	0.0
81	1	1	0	0.0	0.0	0.116615067079	0.167682926829	0.17671092952	0.0	0.0	0.0	0.0	0.0
82	1	1	0	0.0	0.0	0.0	0.0	0.0	0.146788990826	0.0	0.248808388942	0.0	0.0
83	1	1	0	0.0	0.0	0.114394661582	0.146131805158	0.182281059063	0.0	0.0	0.0	0.0	0.0
84	1	1	0	0.0	0.0	0.0	0.0	0.0	0.137862137862	0.0	0.242548818088	0.0	0.0
85	1	1	0	0.0	0.0	0.0	0.0	0.0	0.0	0.18625498008	0.0	0.200205338809	0.0
86	1	1	0	0.161764705882	0.0	0.227979274611	0.149298597194	0.327327327327	0.112734864301	0.227984344423	0.0	0.12893982808	0.250243427459
87	1	1	0	0.0	0.0	0.134615384615	0.154479917611	0.166007905138	0.0	0.0	0.0	0.0	0.0
88	1	1	0	0.205911330049	0.0	0.138477801268	0.202716823406	0.0	0.0	0.0	0.0	0.181256436663	0.0
89	1	1	0	0.0	0.0	0.0	0.0	0.0	0.129571577847	0.0	0.233165829146	0.0	0.0
90	1	1	0	0.0	0.0	0.0	0.0	0.0	0.0	0.153767820774	0.0	0.176176176176	0.0
91	1	1	0	0.0	0.0	0.0	0.0	0.0	0.129129129129	0.0	0.230088495575	0.0	0.0
92	1	1	0	0.0	0.0	0.127748691099	0.137795275591	0.163759689922	0.0	0.0	0.0	0.0	0.0
93	1	1	0	0.0	0.0	0.0	0.0	0.0	0.152719665272	0.0	0.225641025641	0.0	0.0
94	1	1	0	0.0	0.203610832497	0.0	0.1645813282	0.0	0.163672654691	0.0	0.251546391753	0.0	0.143672692674
95	1	1	0	0.0	0.0	0.0	0.0	0.0	0.0	0.166332665331	0.0	0.186778593914	0.0
96	1	1	0	0.147087857848	0.0	0.0	0.0	0.0	0.0	0.128148959474	0.0	0.0	0.149019607843
97	1	1	0	0.0	0.0	0.0	0.0	0.0	0.0	0.163599182004	0.0	0.169642857143	0.0
98	1	1	0	0.0	0.213	0.0	0.16345177665	0.0	0.145681581686	0.0	0.238589211618	0.0	0.147347740668
99	1	1	0	0.0	0.197834645669	0.0	0.160406091371	0.0	0.137273593899	0.0	0.252837977296	0.0	0.135559921415
100	1	1	0	0.0	0.0	0.14245014245	0.147651006711	0.189134808853	0.0	0.0	0.0	0.0	0.0
