gene_id	sample0	sample0	sample1	sample1	sample2	sample2	sample3	sample3	sample4	sample4
0	114	0	113	0	97	0	99	0	76	24
1	96	0	108	0	99	0	95	0	68	20
2	101	0	90	23	107	0	76	0	103	0
3	105	0	100	0	98	0	83	0	87	21
4	93	0	68	13	102	0	105	0	103	0
5	96	0	101	14	101	0	102	0	99	0
6	103	0	100	17	101	0	107	0	80	0
7	108	0	102	18	86	0	87	0	97	0
8	76	24	87	11	88	0	105	0	76	35
9	97	0	91	15	108	0	95	0	91	0
10	86	0	76	22	94	0	108	0	96	0
11	136	0	80	24	93	0	102	0	120	0
12	94	0	75	19	94	0	102	0	95	0
13	87	0	77	23	121	0	97	0	89	0
14	95	0	88	21	97	0	86	0	92	0
15	105	0	93	17	93	0	97	0	106	0
16	104	0	103	19	108	0	88	0	98	0
17	86	0	69	20	86	0	97	0	107	0
18	111	0	104	0	96	0	95	0	71	17
19	96	0	91	11	110	0	97	0	98	0
20	89	0	97	16	117	0	99	0	103	0
21	93	0	93	17	110	0	101	0	98	0
22	108	0	105	0	95	0	121	0	71	24
23	106	0	81	20	98	0	90	0	96	0
24	95	0	77	18	88	0	106	0	107	0
25	88	0	89	12	110	0	98	0	102	0
26	98	0	78	17	96	0	101	0	103	0
27	98	0	71	22	81	15	106	0	80	0
28	82	0	92	21	92	0	87	0	95	0
29	100	0	78	16	90	0	94	0	97	0
30	95	0	93	13	90	0	103	0	104	0
31	112	0	78	9	118	0	91	0	104	0
32	91	0	82	7	75	21	102	0	115	0
33	104	0	79	9	82	0	104	0	91	0
34	112	0	89	18	101	0	108	0	104	0
35	87	0	70	11	80	25	105	0	94	0
36	86	0	83	16	90	0	100	0	95	0
37	99	0	79	25	106	0	88	0	96	0
38	107	0	85	0	91	0	112	0	78	21
39	120	0	91	16	97	0	90	0	116	0
40	71	16	79	15	90	0	93	0	72	24
41	115	0	83	22	123	0	102	0	96	0
42	88	0	75	18	41	60	70	22	79	28
43	85	0	86	19	74	0	97	0	86	0
44	75	10	120	0	104	0	107	0	102	0
45	95	0	67	19	101	0	93	0	89	0
46	111	0	94	17	58	54	71	21	68	13
47	101	0	89	23	112	0	96	0	81	0
48	116	0	85	23	114	0	89	0	93	0
49	114	0	96	0	111	0	99	0	77	25
50	136	0	110	21	96	0	120	0	91	0
51	78	0	113	0	93	0	86	0	92	25
52	108	0	87	23	94	0	113	0	103	0
53	82	0	79	12	89	0	109	0	112	0
54	106	0	90	18	104	0	84	0	90	0
55	68	25	84	20	86	0	118	0	64	30
56	117	0	94	0	101	0	75	29	107	0
57	64	47	79	26	107	0	83	0	80	36
58	96	0	75	12	94	0	98	0	126	0
59	97	0	84	14	89	0	100	0	99	0
60	88	0	81	24	121	0	87	0	116	0
61	97	0	94	18	98	0	116	0	115	0
62	93	0	84	21	105	0	121	0	98	0
63	111	0	65	18	83	0	102	0	99	0
64	83	0	92	0	101	0	91	0	82	17
65	103	0	80	12	104	0	101	0	96	0
66	113	0	98	0	86	0	105	0	90	22
67	69	22	88	23	118	0	104	0	63	38
68	102	0	107	0	100	0	100	0	67	22
69	104	0	98	0	112	0	109	0	77	21
70	90	0	88	13	40	49	80	27	74	14
71	104	0	65	17	108	0	109	0	110	0
72	79	0	117	0	125	0	72	38	101	0
73	72	16	76	15	96	0	111	0	64	28
74	110	0	93	18	109	0	102	0	91	0
75	101	0	69	10	106	0	109	0	108	0
76	103	0	83	11	88	22	98	0	86	0
77	92	0	81	18	100	0	100	0	85	0
78	105	0	99	10	84	22	98	0	100	0
79	88	0	91	18	80	25	117	0	112	0
80	97	0	74	20	98	0	87	0	121	0
81	90	0	89	16	71	20	92	0	107	0
82	93	0	78	13	89	14	106	0	97	0
83	100	0	91	15	102	0	101	0	101	0
84	92	18	81	30	108	0	101	0	64	28
85	103	0	69	14	103	0	102	0	98	0
86	106	0	95	0	100	0	109	0	78	20
87	111	0	76	21	99	0	80	0	105	0
88	80	0	77	14	105	0	96	0	100	0
89	84	0	85	0	106	0	60	26	83	0
90	95	0	106	20	105	0	86	0	101	0
91	93	0	82	10	59	22	86	0	110	0
92	110	0	88	10	80	16	78	0	104	0
93	115	0	84	15	92	0	102	0	95	0
94	118	0	69	16	100	0	85	0	80	0
95	122	0	103	15	46	40	79	21	81	20
96	85	0	86	23	112	0	113	0	76	0
97	103	0	79	17	116	0	104	0	91	0
98	107	0	100	0	96	0	71	26	100	0
99	81	11	95	0	89	0	94	0	92	0
