Chromosome	Position	Change	Gene	sample0	sample1	sample2	sample3	sample4
1	0	C>G	1	0	15	0	0	0
1	1	A>G	1	0	0	25	0	0
1	2	T>G	1	16	0	0	0	13
1	3	G>T	1	0	0	10	0	0
1	4	C>T	1	0	16	0	0	0
1	5	A>T	1	35	15	30	9	17
1	6	G>C	1	0	18	0	0	0
1	7	A>T	1	0	0	0	0	0
1	8	G>C	1	0	0	0	0	0
1	9	G>A	1	0	0	0	0	0
1	10	T>A	1	47	45	58	48	50
1	11	A>G	1	0	0	8	0	0
1	12	C>T	1	0	16	0	0	0
1	13	C>G	1	8	20	28	13	11
1	14	T>G	1	16	0	0	0	0
1	15	C>G	1	15	0	0	0	0
1	16	C>A	1	0	0	13	0	0
1	17	T>G	1	0	0	0	0	0
1	18	T>A	1	0	0	0	0	0
1	19	G>T	1	15	14	22	7	15
1	20	C>G	1	0	21	0	0	0
1	21	T>A	1	0	0	0	0	0
1	22	T>C	1	15	0	0	0	0
1	23	G>T	1	54	50	49	53	43
1	24	G>C	1	0	0	0	0	0
1	25	T>A	1	22	0	0	0	0
1	26	G>A	1	15	0	0	0	0
1	27	T>C	1	34	16	8	27	8
1	28	A>G	1	0	0	0	0	0
1	29	T>G	1	0	10	0	0	0
1	30	G>T	1	17	0	0	0	0
1	31	C>G	1	16	0	0	11	0
1	32	G>C	1	0	0	0	0	0
1	33	A>G	1	0	0	0	0	0
1	34	A>G	1	13	0	0	0	0
1	35	C>A	1	0	0	0	0	0
1	36	T>G	1	31	11	19	32	8
1	37	C>G	1	0	0	0	0	0
1	38	G>A	1	0	25	0	0	0
1	39	C>A	1	0	18	0	0	0
1	40	T>C	1	19	0	0	0	0
1	41	G>A	1	0	0	11	0	0
1	42	A>C	1	0	0	0	0	0
1	43	C>T	1	0	0	5	0	0
1	44	A>T	1	37	17	7	39	12
1	45	G>C	1	10	0	0	0	0
1	46	G>C	1	0	0	0	0	0
1	47	C>T	1	0	0	0	0	0
1	48	T>G	1	16	0	0	0	0
1	49	G>A	1	16	19	28	13	14
1	50	G>A	1	32	13	13	39	15
1	51	T>C	1	0	0	11	0	0
1	52	C>T	1	0	0	0	0	0
1	53	T>A	1	0	19	0	0	0
1	54	G>A	1	0	18	0	0	0
1	55	G>T	1	26	20	11	23	14
1	56	G>T	1	0	0	0	0	0
1	57	C>G	1	0	0	0	0	0
1	58	G>A	1	17	0	0	7	0
1	59	G>T	1	13	0	0	5	0
1	60	G>A	1	0	0	0	0	0
1	61	T>G	1	0	0	17	0	0
1	62	A>G	1	0	0	0	0	0
1	63	G>A	1	18	0	0	12	0
1	64	A>T	1	0	0	10	0	0
1	65	G>A	1	42	12	11	35	8
1	66	G>A	1	0	0	0	0	0
1	67	A>G	1	0	0	17	0	0
1	68	G>T	1	0	0	0	0	0
1	69	T>A	1	14	0	0	10	0
1	70	C>G	1	21	0	0	0	0
1	71	A>C	1	0	0	0	0	0
1	72	C>G	1	11	11	26	10	15
1	73	A>C	1	0	22	0	0	0
1	74	C>T	1	0	0	0	0	0
1	75	T>G	1	22	0	0	0	0
1	76	A>C	1	0	0	0	0	0
1	77	T>A	1	0	11	0	0	0
1	78	T>C	1	34	15	11	37	10
1	79	C>G	1	0	0	0	0	0
1	80	G>T	1	27	0	0	0	0
1	81	C>A	1	13	0	0	15	0
1	82	A>G	1	0	0	0	0	0
1	83	T>A	1	35	16	8	32	11
1	84	G>A	1	0	0	10	0	0
1	85	T>A	1	0	0	0	0	0
1	86	G>C	1	0	0	0	0	0
1	87	C>G	1	37	13	43	9	19
1	88	T>A	1	29	9	4	34	17
1	89	G>C	1	0	16	0	0	0
1	90	T>C	1	0	0	0	0	0
1	91	A>C	1	14	0	0	9	0
1	92	A>C	1	0	0	0	0	0
1	93	T>G	1	0	0	23	0	0
1	94	A>C	1	0	0	0	0	0
1	95	C>A	1	0	0	13	0	0
1	96	T>C	1	0	20	0	0	0
1	97	G>A	1	0	0	0	0	0
1	98	C>A	1	0	0	0	0	0
1	99	C>T	1	0	0	0	0	0
1	100	G>A	1	0	0	0	0	0
1	101	A>G	1	19	0	0	10	0
1	102	G>C	1	0	0	0	0	0
1	103	T>C	1	0	0	0	0	0
1	104	C>G	1	0	0	0	0	0
1	105	A>C	1	0	0	20	0	0
1	106	T>C	1	0	0	0	0	0
1	107	C>G	1	0	0	0	0	0
1	108	C>G	1	24	10	10	32	17
1	109	C>A	1	16	0	0	0	0
1	110	G>A	1	0	0	13	0	0
1	111	T>A	1	0	12	0	0	0
1	112	C>A	1	0	0	7	0	0
1	113	T>C	1	18	0	0	0	0
1	114	C>A	1	0	17	0	0	0
1	115	G>C	1	0	16	0	0	0
1	116	C>G	1	11	21	21	10	11
1	117	C>T	1	0	17	0	0	0
1	118	G>C	1	11	0	0	0	0
1	119	A>C	1	0	17	0	0	0
1	120	A>G	1	35	22	7	38	13
1	121	C>T	1	13	0	0	12	0
1	122	C>G	1	0	0	0	0	0
1	123	A>G	1	9	0	0	15	0
1	124	G>A	1	13	16	29	14	14
1	125	A>G	1	13	0	0	8	0
1	126	T>C	1	15	0	0	0	0
1	127	G>C	1	0	0	0	18	0
1	128	G>A	1	0	0	0	0	0
1	129	T>A	1	41	21	41	10	15
1	130	T>G	1	0	0	0	0	0
1	131	T>C	1	17	0	0	0	0
1	132	G>T	1	0	0	0	0	0
1	133	G>T	1	16	0	0	0	0
1	134	C>A	1	12	17	27	13	11
1	135	T>G	1	11	22	20	9	21
1	136	G>A	1	13	14	19	13	20
1	137	C>T	1	18	0	0	0	0
1	138	A>T	1	21	0	0	0	0
1	139	G>C	1	0	0	0	0	0
1	140	T>C	1	18	13	22	16	11
1	141	C>T	1	0	14	0	0	0
1	142	A>T	1	0	0	0	0	0
1	143	A>T	1	0	0	13	0	18
1	144	C>A	1	0	0	0	0	0
1	145	G>C	1	0	0	0	0	0
1	146	C>T	1	24	0	0	0	0
1	147	C>A	1	12	10	25	18	18
1	148	C>G	1	22	0	0	10	0
1	149	A>G	1	0	0	0	0	0
1	150	G>A	1	12	0	0	0	0
1	151	A>T	1	0	0	13	0	0
1	152	C>T	1	28	18	8	33	15
1	153	A>C	1	23	0	0	0	0
1	154	C>G	1	0	0	23	0	0
1	155	G>A	1	0	0	0	0	0
1	156	G>T	1	0	20	0	0	0
1	157	A>T	1	0	0	0	0	0
1	158	A>G	1	23	0	0	0	15
1	159	A>G	1	0	0	0	0	0
1	160	C>A	1	0	0	0	0	0
1	161	A>C	1	0	0	0	0	0
1	162	G>T	1	0	0	0	0	0
1	163	A>C	1	33	11	5	28	11
1	164	T>G	1	35	11	16	25	19
1	165	T>C	1	0	0	14	0	0
1	166	A>C	1	11	6	22	12	8
1	167	T>C	1	0	0	13	0	0
1	168	A>G	1	0	18	0	0	0
1	169	A>T	1	0	0	0	0	0
1	170	G>C	1	0	14	0	0	0
1	171	T>C	1	0	0	0	0	0
1	172	G>T	1	0	0	0	0	0
1	173	C>G	1	11	14	13	8	19
1	174	C>A	1	32	15	6	25	18
1	175	T>A	1	11	14	26	14	19
1	176	G>T	1	0	31	0	0	0
1	177	A>C	1	16	0	0	0	0
1	178	C>A	1	20	0	0	0	0
1	179	C>T	1	14	12	25	11	13
1	180	A>G	1	0	0	0	0	0
1	181	T>G	1	0	0	0	0	0
1	182	T>A	1	18	23	25	8	23
1	183	G>A	1	13	0	0	0	0
1	184	C>T	1	0	0	0	0	0
1	185	A>G	1	0	0	0	0	0
1	186	T>A	1	0	0	0	0	0
1	187	T>G	1	0	0	0	0	0
1	188	G>A	1	12	10	25	7	5
1	189	A>G	1	14	20	26	17	10
1	190	C>T	1	0	0	0	0	0
1	191	T>C	1	0	0	0	0	0
1	192	T>A	1	0	0	0	0	0
1	193	A>T	1	15	0	0	0	0
1	194	C>A	1	0	0	0	0	0
1	195	C>G	1	0	0	0	0	0
1	196	G>T	1	0	0	0	0	0
1	197	C>T	1	26	0	0	0	0
1	198	A>C	1	15	0	0	0	0
1	199	T>A	1	20	0	0	0	0
