Chromosome	Position	Change	Gene	sample0	sample1	sample2	sample3	sample4
1	0	C>G	1	0	0	0	34	20
1	1	A>G	1	0	0	8	0	0
1	2	T>C	1	34	53	34	37	35
1	3	A>T	1	0	0	15	0	0
1	4	A>G	1	0	0	0	0	0
1	5	T>G	1	26	25	0	25	28
1	6	A>T	1	22	22	0	0	0
1	7	T>C	1	22	16	0	0	0
1	8	G>T	1	0	0	0	0	13
1	9	G>T	1	26	22	0	0	0
1	10	T>C	1	26	62	32	43	42
1	11	A>G	1	0	0	0	0	0
1	12	A>C	1	12	31	0	25	37
1	13	A>G	1	22	25	0	24	34
1	14	T>C	1	24	45	38	48	40
1	15	T>G	1	0	0	0	0	13
1	16	G>A	1	12	53	43	45	29
1	17	G>A	1	0	0	0	25	11
1	18	A>C	1	0	0	0	22	10
1	19	T>C	1	0	0	0	9	0
1	20	G>C	1	0	0	0	29	21
1	21	A>T	1	0	0	0	11	0
1	22	T>A	1	0	0	0	0	0
1	23	G>T	1	0	0	0	0	13
1	24	A>C	1	19	39	44	52	29
1	25	C>G	1	0	0	0	12	11
1	26	A>C	1	0	0	0	0	0
1	27	A>G	1	20	21	0	0	0
1	28	C>A	1	0	0	0	0	0
1	29	G>T	1	0	0	0	0	11
1	30	A>T	1	0	0	0	0	15
1	31	G>C	1	0	0	0	26	18
1	32	T>A	1	26	27	0	0	0
1	33	C>G	1	26	30	0	22	38
1	34	C>G	1	24	35	0	0	0
1	35	T>A	1	0	12	0	13	0
1	36	T>G	1	0	0	0	0	0
1	37	T>A	1	24	0	9	9	17
1	38	A>C	1	17	23	0	17	35
1	39	T>G	1	0	0	20	0	0
1	40	T>C	1	0	0	0	0	15
1	41	T>G	1	22	46	37	37	32
1	42	G>A	1	22	0	11	12	0
1	43	T>A	1	0	0	0	39	14
1	44	A>C	1	0	0	0	23	16
1	45	C>A	1	21	41	35	47	31
1	46	G>A	1	27	0	13	7	0
1	47	T>C	1	0	0	0	0	10
1	48	C>T	1	0	10	0	16	0
1	49	G>A	1	0	0	0	34	17
1	50	T>G	1	0	0	0	0	0
1	51	C>T	1	0	0	14	0	0
1	52	G>T	1	0	0	0	26	17
1	53	A>T	1	26	22	0	20	44
1	54	T>A	1	0	0	0	0	0
1	55	A>T	1	28	15	0	0	0
1	56	C>G	1	0	0	0	0	15
1	57	T>G	1	35	20	0	27	29
1	58	T>A	1	0	0	0	0	16
1	59	T>C	1	15	18	0	0	0
1	60	C>A	1	26	22	0	0	0
1	61	A>T	1	25	34	34	36	41
1	62	G>A	1	0	0	13	0	0
1	63	A>G	1	23	29	0	33	31
1	64	C>T	1	21	25	0	18	33
1	65	G>C	1	0	0	0	0	13
1	66	C>T	1	0	0	0	15	16
1	67	C>A	1	0	0	0	0	21
1	68	A>C	1	20	25	0	0	0
1	69	T>C	1	25	9	0	0	0
1	70	A>G	1	0	0	0	9	0
1	71	G>A	1	0	0	0	0	0
1	72	G>A	1	21	22	0	19	37
1	73	G>C	1	34	0	13	9	0
1	74	G>T	1	0	0	16	0	0
1	75	A>C	1	0	0	0	0	0
1	76	T>G	1	26	0	15	10	0
1	77	C>T	1	34	50	29	35	47
1	78	G>A	1	0	22	0	21	0
1	79	A>T	1	0	0	0	0	0
1	80	A>T	1	23	0	12	9	0
1	81	G>T	1	0	0	0	0	14
1	82	T>A	1	27	24	0	28	27
1	83	G>T	1	0	0	0	24	17
1	84	G>T	1	32	0	12	6	0
1	85	G>C	1	25	0	13	9	0
1	86	A>G	1	24	22	0	23	42
1	87	G>C	1	23	21	0	39	36
1	88	C>T	1	23	30	0	0	0
1	89	T>A	1	0	0	0	0	0
1	90	G>C	1	0	0	0	0	25
1	91	G>T	1	31	19	0	0	0
1	92	T>C	1	0	0	0	0	0
1	93	G>T	1	0	0	0	28	22
1	94	A>T	1	24	22	0	23	34
1	95	T>G	1	21	24	0	0	0
1	96	G>A	1	19	28	0	33	36
1	97	T>G	1	0	0	15	0	0
1	98	T>C	1	0	0	0	0	0
1	99	G>A	1	0	0	20	0	0
1	100	A>C	1	23	50	40	49	34
1	101	G>C	1	0	0	9	0	0
1	102	A>T	1	25	18	0	28	44
1	103	C>A	1	19	50	39	41	30
1	104	T>G	1	18	15	0	0	0
1	105	G>C	1	0	0	0	0	6
1	106	A>T	1	28	32	0	0	0
1	107	G>C	1	0	0	15	0	0
1	108	A>C	1	25	48	42	31	43
1	109	T>A	1	28	45	50	32	26
1	110	G>C	1	0	0	0	0	11
1	111	T>A	1	0	0	12	0	0
1	112	C>T	1	24	10	0	0	0
1	113	C>A	1	25	0	8	12	0
1	114	C>G	1	11	61	42	36	34
1	115	T>C	1	0	0	0	0	15
1	116	G>T	1	0	0	0	18	13
1	117	A>G	1	26	52	32	40	38
1	118	G>T	1	19	54	38	32	31
1	119	T>C	1	22	44	29	43	36
1	120	T>A	1	0	0	0	0	17
1	121	T>G	1	0	0	0	0	0
1	122	G>A	1	20	58	34	36	34
1	123	C>T	1	0	0	0	0	0
1	124	T>C	1	0	0	0	0	17
1	125	C>A	1	0	0	0	0	0
1	126	C>A	1	20	28	0	21	42
1	127	G>C	1	0	0	0	32	12
1	128	A>G	1	31	29	0	33	39
1	129	C>A	1	32	22	0	23	31
1	130	G>T	1	0	0	0	0	19
1	131	A>C	1	0	0	0	0	16
1	132	C>T	1	0	0	0	0	12
1	133	A>G	1	0	0	0	0	15
1	134	G>T	1	0	0	0	23	11
1	135	C>A	1	0	0	0	0	0
1	136	G>A	1	14	59	47	37	37
1	137	G>C	1	20	52	47	43	34
1	138	A>G	1	29	14	0	0	0
1	139	T>G	1	26	0	14	10	0
1	140	C>T	1	0	0	0	37	14
1	141	T>C	1	0	0	0	0	21
1	142	A>C	1	0	0	0	0	0
1	143	G>T	1	24	23	0	24	36
1	144	A>T	1	0	0	0	0	22
1	145	T>G	1	20	42	48	37	31
1	146	C>T	1	0	0	0	0	18
1	147	G>A	1	0	0	0	0	0
1	148	G>T	1	0	0	0	0	0
1	149	G>A	1	0	0	0	0	0
1	150	A>G	1	18	28	0	0	0
1	151	C>T	1	23	29	0	30	31
1	152	G>A	1	0	0	0	33	16
1	153	A>C	1	0	0	0	0	0
1	154	A>T	1	0	0	10	11	0
1	155	A>C	1	0	0	14	9	0
1	156	C>A	1	0	0	0	0	14
1	157	C>A	1	0	0	0	9	0
1	158	A>T	1	0	0	20	0	0
1	159	A>C	1	23	18	0	0	0
1	160	G>A	1	25	29	0	27	40
1	161	A>T	1	26	23	0	23	35
1	162	A>C	1	0	0	0	0	0
1	163	G>C	1	31	55	28	41	31
1	164	G>T	1	0	0	0	35	13
1	165	G>T	1	0	0	0	0	0
1	166	G>C	1	32	19	0	29	34
1	167	T>G	1	23	33	0	19	37
1	168	A>C	1	20	17	0	30	25
1	169	G>A	1	22	20	0	27	30
1	170	G>T	1	0	0	0	0	22
1	171	A>G	1	0	0	0	11	0
1	172	T>C	1	0	0	8	0	0
1	173	T>A	1	0	0	0	0	0
1	174	C>A	1	27	45	32	39	37
1	175	G>T	1	0	15	0	19	0
1	176	T>C	1	0	0	16	7	0
1	177	A>T	1	21	22	0	0	0
1	178	C>G	1	30	48	44	36	30
1	179	G>T	1	0	0	0	22	14
1	180	T>C	1	0	0	0	18	17
1	181	A>C	1	0	0	0	0	0
1	182	C>G	1	27	22	0	0	0
1	183	G>A	1	26	24	0	24	43
1	184	T>A	1	22	14	0	29	30
1	185	A>T	1	24	27	0	0	0
1	186	G>T	1	23	0	17	9	12
1	187	T>A	1	0	0	0	0	0
1	188	C>G	1	25	7	0	0	0
1	189	T>C	1	0	0	0	0	21
1	190	A>C	1	0	0	0	0	15
1	191	T>A	1	29	42	49	49	36
1	192	T>G	1	37	53	35	47	41
1	193	G>C	1	33	20	0	22	43
1	194	C>G	1	0	0	0	16	0
1	195	G>C	1	0	0	0	0	0
1	196	T>G	1	30	10	0	0	0
1	197	A>G	1	0	0	0	0	18
1	198	A>G	1	0	0	10	0	0
1	199	C>A	1	0	0	0	0	17
