Chromosome	Position	Change	Gene	sample0	sample1	sample2	sample3	sample4
1	0	G>T	1	0	0	0	0	0
1	1	G>A	1	12	12	27	24	0
1	2	T>G	1	0	0	0	0	0
1	3	C>G	1	0	0	9	0	0
1	4	G>C	1	0	0	0	0	26
1	5	C>T	1	0	0	18	0	0
1	6	T>C	1	13	0	0	12	0
1	7	A>G	1	11	0	0	0	0
1	8	G>A	1	12	0	0	13	0
1	9	C>G	1	0	0	21	0	0
1	10	A>G	1	0	0	20	0	0
1	11	A>C	1	0	0	18	0	0
1	12	A>C	1	0	0	17	0	0
1	13	A>T	1	0	0	21	0	0
1	14	A>C	1	0	0	0	0	0
1	15	A>C	1	0	0	15	0	0
1	16	C>T	1	0	0	0	0	0
1	17	T>A	1	0	0	0	0	0
1	18	T>G	1	0	0	0	0	0
1	19	G>A	1	0	0	0	0	0
1	20	C>A	1	0	0	0	0	0
1	21	C>A	1	0	0	9	0	0
1	22	G>C	1	0	0	14	0	0
1	23	G>A	1	0	13	0	0	0
1	24	G>T	1	0	0	0	0	0
1	25	C>G	1	0	0	16	0	0
1	26	C>T	1	0	0	0	0	0
1	27	A>G	1	0	0	0	0	0
1	28	G>A	1	20	0	0	20	0
1	29	C>T	1	0	0	0	0	33
1	30	C>T	1	0	0	10	0	0
1	31	G>C	1	0	0	22	0	0
1	32	A>G	1	0	0	0	0	0
1	33	A>G	1	0	0	0	0	0
1	34	C>G	1	12	0	0	17	0
1	35	G>C	1	18	19	32	20	0
1	36	G>C	1	12	16	31	20	0
1	37	A>G	1	21	0	0	0	0
1	38	C>A	1	10	27	0	25	36
1	39	G>T	1	14	24	0	16	28
1	40	C>T	1	0	0	10	0	0
1	41	G>C	1	12	0	0	23	0
1	42	A>G	1	0	10	0	0	0
1	43	C>T	1	0	0	0	0	0
1	44	G>A	1	19	15	40	11	0
1	45	G>C	1	27	29	29	48	41
1	46	A>T	1	0	0	0	0	0
1	47	C>T	1	0	0	11	0	0
1	48	C>T	1	0	0	12	0	0
1	49	C>G	1	0	0	12	0	0
1	50	A>G	1	16	0	0	11	0
1	51	A>G	1	0	0	14	0	0
1	52	T>C	1	11	0	0	16	0
1	53	A>G	1	0	0	0	0	0
1	54	T>C	1	0	0	20	0	0
1	55	A>T	1	10	0	0	18	0
1	56	C>T	1	12	35	0	22	36
1	57	C>A	1	0	0	0	0	31
1	58	A>G	1	0	0	0	0	0
1	59	C>T	1	33	34	38	36	51
1	60	A>G	1	0	0	18	0	0
1	61	T>A	1	9	0	0	15	0
1	62	T>A	1	14	29	0	23	28
1	63	A>G	1	0	0	0	0	0
1	64	T>C	1	0	0	0	0	0
1	65	C>T	1	0	0	0	0	0
1	66	G>A	1	0	0	0	0	31
1	67	G>C	1	0	0	0	0	0
1	68	A>C	1	0	0	0	0	0
1	69	G>A	1	30	36	31	47	47
1	70	A>G	1	13	0	0	14	0
1	71	C>A	1	17	39	39	60	52
1	72	T>A	1	25	44	44	61	46
1	73	T>C	1	0	9	0	0	0
1	74	A>C	1	0	0	16	0	0
1	75	G>C	1	0	0	0	0	0
1	76	T>C	1	41	38	50	52	56
1	77	G>A	1	0	0	0	0	0
1	78	G>C	1	11	12	24	21	0
1	79	A>G	1	0	0	21	0	0
1	80	G>A	1	0	0	0	0	0
1	81	A>C	1	0	0	0	0	0
1	82	G>C	1	26	29	30	54	58
1	83	T>C	1	0	0	19	0	0
1	84	A>C	1	10	14	43	16	0
1	85	A>G	1	10	0	0	14	0
1	86	A>G	1	11	0	0	0	0
1	87	A>T	1	0	0	0	0	0
1	88	C>A	1	0	0	16	0	0
1	89	A>G	1	13	0	0	21	0
1	90	G>T	1	16	0	0	25	0
1	91	C>G	1	18	16	29	15	0
1	92	C>T	1	8	0	0	12	0
1	93	C>G	1	0	0	0	0	0
1	94	C>T	1	31	36	51	48	41
1	95	T>C	1	12	0	0	13	0
1	96	C>G	1	13	0	0	11	0
1	97	T>G	1	0	0	0	0	0
1	98	T>G	1	0	0	0	0	0
1	99	T>G	1	7	0	0	17	0
1	100	C>G	1	13	0	0	23	0
1	101	T>A	1	4	0	0	0	0
1	102	A>G	1	0	0	20	0	0
1	103	C>T	1	0	19	0	0	0
1	104	G>A	1	55	49	56	55	39
1	105	T>G	1	0	0	22	0	0
1	106	C>T	1	0	0	14	0	0
1	107	C>G	1	16	24	27	31	62
1	108	C>A	1	0	0	0	0	0
1	109	C>T	1	0	0	0	0	0
1	110	A>T	1	0	0	29	0	0
1	111	A>T	1	24	31	37	56	51
1	112	A>G	1	10	0	0	11	0
1	113	G>A	1	25	26	29	57	56
1	114	G>T	1	0	0	0	0	0
1	115	G>A	1	0	0	11	0	0
1	116	A>C	1	15	14	19	28	0
1	117	C>T	1	21	0	0	25	0
1	118	G>A	1	0	0	19	0	0
1	119	C>A	1	23	0	0	13	0
1	120	G>A	1	15	15	33	13	0
1	121	T>C	1	28	30	34	50	57
1	122	A>C	1	0	0	0	0	0
1	123	C>G	1	0	0	0	0	0
1	124	C>A	1	32	29	25	43	47
1	125	A>C	1	0	0	0	0	0
1	126	A>C	1	27	35	53	59	30
1	127	C>G	1	0	0	23	0	0
1	128	A>G	1	13	0	0	25	0
1	129	T>G	1	20	33	42	45	55
1	130	C>G	1	9	0	0	16	0
1	131	C>A	1	0	0	0	0	0
1	132	T>C	1	15	0	0	22	0
1	133	T>C	1	0	0	11	0	0
1	134	G>T	1	0	0	11	0	0
1	135	G>A	1	12	0	0	22	0
1	136	T>C	1	13	0	0	21	0
1	137	A>C	1	0	12	0	0	0
1	138	G>A	1	0	0	0	0	0
1	139	C>A	1	0	0	0	0	0
1	140	A>T	1	15	0	0	13	0
1	141	C>A	1	10	0	0	11	0
1	142	A>T	1	14	0	0	0	0
1	143	C>T	1	13	0	0	0	0
1	144	G>C	1	15	0	0	15	0
1	145	C>T	1	0	0	17	0	0
1	146	T>G	1	0	0	0	0	0
1	147	A>G	1	0	0	13	0	0
1	148	T>G	1	0	0	22	0	0
1	149	G>C	1	0	0	0	0	0
1	150	C>T	1	14	14	34	13	0
1	151	A>T	1	14	15	22	14	0
1	152	A>G	1	0	0	0	0	0
1	153	A>T	1	0	0	13	0	0
1	154	T>C	1	0	8	0	0	0
1	155	T>A	1	0	0	0	0	0
1	156	A>C	1	0	0	0	0	0
1	157	G>T	1	0	0	25	0	0
1	158	A>T	1	20	36	29	51	48
1	159	C>T	1	26	25	29	60	30
1	160	A>G	1	23	28	34	48	57
1	161	A>G	1	0	0	0	0	0
1	162	A>C	1	10	0	0	20	0
1	163	G>T	1	39	34	47	51	48
1	164	T>C	1	0	0	0	0	0
1	165	A>G	1	18	0	0	18	0
1	166	G>C	1	15	0	0	0	0
1	167	C>G	1	13	13	42	16	0
1	168	G>T	1	31	31	31	49	37
1	169	G>A	1	0	0	0	0	0
1	170	G>C	1	7	0	0	18	0
1	171	A>C	1	0	0	19	0	0
1	172	T>C	1	9	0	0	12	0
1	173	C>T	1	11	0	0	19	0
1	174	A>C	1	0	0	14	0	0
1	175	T>A	1	0	0	7	0	0
1	176	T>A	1	15	0	0	23	0
1	177	A>G	1	8	13	30	23	0
1	178	G>A	1	17	14	28	12	0
1	179	C>T	1	14	15	33	19	0
1	180	C>T	1	0	0	0	0	36
1	181	C>T	1	0	0	0	0	0
1	182	T>C	1	14	0	0	0	0
1	183	C>T	1	0	0	18	0	0
1	184	G>C	1	0	8	0	0	0
1	185	A>C	1	14	21	30	23	0
1	186	A>G	1	0	12	0	0	0
1	187	T>A	1	10	0	0	16	0
1	188	A>G	1	0	0	0	0	0
1	189	T>G	1	0	0	9	0	0
1	190	G>T	1	0	0	15	0	0
1	191	A>C	1	0	0	13	0	0
1	192	G>T	1	15	0	0	17	0
1	193	C>A	1	13	0	0	22	0
1	194	G>C	1	0	0	0	0	31
1	195	C>T	1	14	0	0	18	0
1	196	G>A	1	17	16	32	19	0
1	197	A>T	1	0	0	0	0	0
1	198	A>C	1	0	0	0	0	0
1	199	G>T	1	17	26	29	55	58
