Chromosome	Position	Change	Gene	sample0	sample1	sample2	sample3	sample4
1	0	G>T	1	100	90	110	99	98
1	1	C>G	1	106	107	107	97	100
1	2	T>C	1	128	105	93	103	80
1	3	T>G	1	97	99	99	87	107
1	4	G>C	1	97	106	95	96	101
1	5	T>C	1	123	89	91	106	100
1	6	A>G	1	79	104	85	103	100
1	7	C>G	1	87	84	91	106	114
1	8	T>G	1	100	92	105	84	108
1	9	G>T	1	97	91	112	105	89
1	10	G>T	1	106	96	107	103	105
1	11	C>T	1	98	96	90	92	90
1	12	A>G	1	94	90	86	94	120
1	13	G>T	1	106	110	99	108	87
1	14	C>T	1	91	95	100	111	120
1	15	C>A	1	107	107	83	104	107
1	16	G>T	1	103	101	108	112	102
1	17	A>T	1	109	90	99	112	106
1	18	C>G	1	95	100	85	101	93
1	19	G>A	1	90	117	85	94	105
1	20	C>A	1	102	103	88	106	107
1	21	A>C	1	101	102	98	108	108
1	22	A>G	1	101	101	93	96	102
1	23	G>A	1	98	102	100	98	98
1	24	G>A	1	120	93	113	99	103
1	25	T>G	1	87	83	99	98	95
1	26	T>G	1	80	106	98	102	102
1	27	G>T	1	83	98	126	87	103
1	28	G>A	1	94	97	104	112	101
1	29	A>T	1	92	108	108	128	83
1	30	G>T	1	118	98	100	89	83
1	31	A>G	1	86	101	107	108	101
1	32	C>G	1	91	80	115	99	92
1	33	A>T	1	98	87	105	98	86
1	34	G>C	1	96	96	80	92	99
1	35	T>G	1	103	90	102	87	99
1	36	T>A	1	101	115	93	116	102
1	37	G>C	1	115	99	103	102	89
1	38	T>G	1	111	106	86	104	102
1	39	G>A	1	101	97	96	98	100
1	40	G>A	1	98	108	102	117	97
1	41	T>C	1	93	97	110	98	94
1	42	T>A	1	89	110	121	102	94
1	43	C>A	1	77	111	90	103	94
1	44	A>C	1	118	110	97	91	107
1	45	G>T	1	100	112	89	108	92
1	46	C>T	1	101	109	88	108	97
1	47	G>C	1	95	98	97	91	111
1	48	T>A	1	91	115	96	98	111
1	49	G>T	1	107	118	101	105	114
1	50	T>A	1	90	114	95	101	85
1	51	A>G	1	112	104	83	111	102
1	52	G>T	1	109	97	93	96	87
1	53	A>G	1	104	104	109	104	80
1	54	G>C	1	120	126	112	108	102
1	55	G>A	1	122	76	100	110	93
1	56	T>G	1	89	103	102	112	102
1	57	A>G	1	104	125	108	101	93
1	58	C>G	1	88	105	92	95	88
1	59	A>G	1	116	92	90	100	122
1	60	T>A	1	98	93	91	115	96
1	61	A>C	1	103	103	103	97	107
1	62	T>G	1	103	89	102	103	120
1	63	G>T	1	109	115	97	105	100
1	64	T>G	1	105	111	92	103	95
1	65	T>C	1	110	105	96	100	93
1	66	A>C	1	104	99	95	104	115
1	67	T>A	1	117	95	93	93	108
1	68	G>C	1	87	107	99	92	124
1	69	T>C	1	99	94	84	97	107
1	70	C>G	1	106	100	110	104	112
1	71	C>A	1	101	87	115	100	108
1	72	A>C	1	77	113	106	102	99
1	73	T>G	1	94	86	78	105	112
1	74	A>T	1	100	92	113	100	119
1	75	T>A	1	101	122	96	96	78
1	76	C>A	1	90	88	108	97	96
1	77	G>C	1	101	83	99	101	71
1	78	C>T	1	100	95	98	107	106
1	79	A>C	1	110	95	97	112	104
1	80	G>T	1	106	108	90	98	92
1	81	A>G	1	69	117	103	94	96
1	82	G>T	1	101	109	95	80	113
1	83	G>A	1	97	101	100	121	100
1	84	T>A	1	87	98	97	94	101
1	85	C>T	1	103	95	98	103	103
1	86	A>G	1	91	91	110	110	87
1	87	A>C	1	89	104	105	81	101
1	88	T>C	1	118	86	97	100	100
1	89	T>G	1	112	76	113	100	108
1	90	C>T	1	110	117	106	82	107
1	91	G>A	1	105	88	120	101	99
1	92	G>A	1	92	99	99	108	97
1	93	C>A	1	87	92	97	95	86
1	94	C>A	1	106	106	109	85	86
1	95	C>A	1	84	106	105	109	101
1	96	A>G	1	108	99	97	90	113
1	97	A>C	1	107	100	104	101	124
1	98	T>A	1	105	107	85	87	102
1	99	T>G	1	109	95	80	100	106
1	100	G>A	1	93	99	95	91	100
1	101	C>T	1	108	103	98	103	102
1	102	A>G	1	109	101	114	119	100
1	103	C>A	1	103	105	99	106	78
1	104	G>A	1	109	105	105	104	100
1	105	A>C	1	109	97	103	86	103
1	106	A>C	1	92	96	82	115	89
1	107	C>G	1	111	94	97	90	120
1	108	C>T	1	98	89	109	89	98
1	109	A>T	1	96	96	100	98	103
1	110	T>C	1	101	87	101	90	79
1	111	G>C	1	95	101	114	117	100
1	112	T>G	1	108	95	106	93	115
1	113	A>T	1	103	93	97	106	100
1	114	C>A	1	83	92	112	82	101
1	115	G>C	1	129	113	82	85	106
1	116	G>T	1	84	103	126	99	96
1	117	G>A	1	104	110	95	98	100
1	118	G>A	1	103	95	96	96	89
1	119	C>G	1	90	107	105	118	106
1	120	T>C	1	113	100	98	102	105
1	121	G>T	1	105	89	92	86	105
1	122	G>C	1	113	112	104	99	92
1	123	T>C	1	91	98	93	91	126
1	124	T>A	1	103	86	93	114	105
1	125	C>T	1	108	111	114	97	85
1	126	A>G	1	104	103	96	110	93
1	127	G>A	1	89	92	94	106	108
1	128	G>A	1	108	106	104	85	107
1	129	A>G	1	101	103	79	120	99
1	130	A>G	1	100	116	102	106	104
1	131	T>G	1	107	89	100	87	101
1	132	A>T	1	93	97	90	96	125
1	133	A>T	1	107	81	91	88	116
1	134	A>T	1	98	99	99	117	87
1	135	C>T	1	105	98	96	108	100
1	136	G>C	1	99	104	104	110	97
1	137	T>A	1	98	110	91	121	89
1	138	A>T	1	93	102	93	96	98
1	139	T>C	1	104	95	98	104	97
1	140	C>G	1	106	101	106	103	112
1	141	G>A	1	111	98	118	92	100
1	142	C>T	1	116	100	90	91	93
1	143	A>T	1	98	107	92	92	115
1	144	T>G	1	99	89	94	85	97
1	145	G>T	1	106	107	89	101	95
1	146	A>T	1	87	98	85	87	110
1	147	A>G	1	105	103	101	106	104
1	148	G>T	1	109	104	89	98	100
1	149	T>A	1	103	104	98	101	99
1	150	C>G	1	99	92	104	94	96
1	151	A>G	1	94	96	117	100	104
1	152	T>G	1	111	103	127	101	96
1	153	T>C	1	100	81	80	92	99
1	154	G>A	1	77	96	104	100	107
1	155	C>A	1	102	99	90	69	106
1	156	G>A	1	96	103	100	99	93
1	157	C>A	1	92	113	102	92	97
1	158	T>C	1	86	102	98	117	85
1	159	G>T	1	99	88	80	103	99
1	160	C>T	1	99	111	100	99	112
1	161	T>A	1	95	87	81	93	85
1	162	G>C	1	101	112	107	103	82
1	163	A>C	1	101	117	84	116	106
1	164	G>C	1	103	96	95	106	99
1	165	G>C	1	117	114	85	105	104
1	166	C>A	1	87	88	125	89	114
1	167	C>G	1	99	87	92	105	103
1	168	A>T	1	81	104	103	118	98
1	169	A>G	1	99	108	101	105	102
1	170	T>A	1	104	103	88	93	86
1	171	A>G	1	108	87	115	102	94
1	172	T>A	1	127	92	112	97	94
1	173	C>T	1	84	106	107	90	86
1	174	A>T	1	105	118	102	89	102
1	175	T>A	1	104	115	92	86	114
1	176	A>C	1	86	105	82	81	94
1	177	A>G	1	92	113	105	94	101
1	178	A>T	1	126	102	78	99	97
1	179	G>C	1	105	98	104	87	89
1	180	G>T	1	102	95	98	108	99
1	181	G>T	1	101	89	118	102	69
1	182	A>G	1	106	81	111	91	111
1	183	A>G	1	105	100	112	83	93
1	184	G>T	1	97	107	102	107	95
1	185	C>T	1	83	91	89	95	113
1	186	C>A	1	91	71	86	108	88
1	187	C>A	1	89	101	95	109	103
1	188	C>T	1	78	118	88	98	98
1	189	T>G	1	88	106	115	100	87
1	190	A>T	1	113	93	94	101	116
1	191	C>A	1	113	99	97	86	103
1	192	T>A	1	98	98	96	94	81
1	193	C>A	1	97	112	89	103	96
1	194	C>G	1	90	110	100	111	96
1	195	A>C	1	97	112	95	110	107
1	196	A>T	1	109	118	90	94	101
1	197	C>G	1	86	108	112	91	121
1	198	A>C	1	92	106	109	118	92
1	199	C>A	1	101	96	105	94	100
