Chromosome	Position	Change	Gene	sample0	sample1	sample2	sample3	sample4
1	0	G>A	1	9912	9915	10046	10103	9825
1	1	T>C	1	10219	10085	10019	10054	10124
1	2	C>A	1	10094	9958	9986	10106	9946
1	3	T>C	1	10084	10005	10044	10016	10023
1	4	T>A	1	10059	9908	9902	9964	10309
1	5	C>A	1	10028	10025	9953	10021	9937
1	6	T>G	1	10142	9982	9961	10100	9942
1	7	T>A	1	9910	9915	10085	9775	9829
1	8	T>A	1	10095	9898	9780	9985	9976
1	9	T>C	1	10129	10166	9999	9925	10018
1	10	T>G	1	9971	10013	9848	9972	10079
1	11	C>G	1	10017	10025	9957	9836	9978
1	12	C>G	1	9885	9967	10066	9989	9996
1	13	A>T	1	9900	10017	10037	9852	10016
1	14	A>G	1	9971	9995	10040	9979	10099
1	15	T>A	1	10018	9855	9904	10089	10021
1	16	C>T	1	9874	9875	10138	9998	9892
1	17	G>A	1	10035	9973	10042	10050	9978
1	18	C>G	1	10216	9927	10087	9999	9923
1	19	T>G	1	9994	9854	10053	10213	9922
1	20	A>G	1	10028	9784	9891	9975	9866
1	21	G>T	1	9927	10032	10106	10069	9957
1	22	T>A	1	10139	9881	10122	10047	10058
1	23	T>C	1	10023	10116	10180	10036	9905
1	24	C>G	1	10001	10048	10071	10017	10117
1	25	A>C	1	9918	10154	9971	10058	9860
1	26	T>A	1	10019	9999	9984	10077	9857
1	27	G>C	1	10097	9888	10087	9947	9948
1	28	A>C	1	10091	10017	10140	10005	9967
1	29	G>T	1	10031	9752	9895	10101	10123
1	30	C>G	1	9952	9884	9943	9972	10098
1	31	T>G	1	10037	10078	10048	10040	9984
1	32	T>G	1	10272	10008	9899	10073	10049
1	33	G>C	1	9967	9967	10102	9976	9986
1	34	A>T	1	9797	10106	9962	9984	10064
1	35	G>A	1	10084	9844	9925	9925	9846
1	36	G>C	1	10133	10031	10251	9842	10084
1	37	A>C	1	10096	9982	10033	10206	10072
1	38	A>T	1	10168	9881	9939	9914	10042
1	39	G>C	1	9949	10053	9998	9939	9939
1	40	A>T	1	10091	9934	10030	9944	9972
1	41	G>T	1	10080	9875	9926	10113	9961
1	42	A>C	1	9899	9921	9857	9979	10058
1	43	T>A	1	9880	10129	10101	10073	9900
1	44	T>A	1	10077	9915	9914	10122	9883
1	45	G>T	1	10129	9883	10088	10033	9793
1	46	A>G	1	10115	9908	10138	9816	10057
1	47	C>G	1	9957	9899	10087	10109	9992
1	48	C>G	1	10088	10006	9976	10045	9918
1	49	A>G	1	9911	9961	10006	9976	10103
1	50	T>C	1	9837	10018	9956	9783	10050
1	51	A>T	1	9845	10172	9918	10051	10132
1	52	T>G	1	9900	9989	10113	10004	10073
1	53	G>T	1	10052	10042	10039	10071	9943
1	54	C>T	1	10105	9968	10068	10116	9919
1	55	A>G	1	9848	10054	10030	9996	10152
1	56	G>C	1	10009	10107	10158	9867	9967
1	57	T>G	1	10035	10011	10048	10028	10030
1	58	G>C	1	9969	9782	10152	9930	9998
1	59	G>A	1	9884	10100	10003	10270	10024
1	60	A>G	1	9988	9877	9885	10114	9922
1	61	T>C	1	9996	10062	9863	9966	9856
1	62	T>G	1	10091	9943	10067	9961	10006
1	63	G>T	1	10070	10117	10094	10082	9906
1	64	C>T	1	10144	10021	10073	9986	9992
1	65	C>A	1	9961	9937	9948	10057	10047
1	66	A>C	1	9874	10119	9978	10014	10003
1	67	C>G	1	9949	9911	9952	9960	9899
1	68	C>A	1	9854	10103	9710	10059	10051
1	69	G>C	1	10022	9868	9817	10008	9920
1	70	T>G	1	9919	10159	9961	10121	10092
1	71	T>C	1	9910	10070	10102	10025	10077
1	72	T>A	1	9933	10034	9923	10039	9952
1	73	C>G	1	9898	10128	9997	9938	10056
1	74	T>A	1	10022	10121	10033	9976	9910
1	75	G>C	1	9999	10103	10045	9915	10146
1	76	T>A	1	10059	10084	9920	9949	10055
1	77	A>G	1	9914	9968	10074	9900	10066
1	78	G>T	1	10065	10028	10148	9987	10089
1	79	C>G	1	10019	9929	10052	10000	9887
1	80	T>A	1	9970	10063	9949	9853	9909
1	81	C>T	1	9806	10050	10142	10100	9860
1	82	A>G	1	9806	10050	10065	10152	10024
1	83	C>A	1	9920	9929	9805	9959	9967
1	84	C>T	1	9992	9954	10088	10043	9958
1	85	T>C	1	9943	9919	10109	10024	9935
1	86	T>C	1	9944	10054	10041	10002	9832
1	87	A>C	1	9993	9855	9984	10030	10050
1	88	T>A	1	10065	10078	9911	10164	10037
1	89	A>G	1	9988	10128	9868	10035	9836
1	90	G>C	1	9931	10086	10110	9924	9969
1	91	T>G	1	10168	10067	9827	10113	10027
1	92	G>C	1	9881	9781	9810	9915	10078
1	93	A>T	1	10127	9936	10040	10022	9960
1	94	A>T	1	10107	10040	9845	9884	10011
1	95	C>G	1	10048	9944	9967	10039	9936
1	96	T>G	1	9973	9953	10037	10036	10148
1	97	A>T	1	10206	10020	9845	10099	10081
1	98	A>G	1	9984	9983	10051	9878	10055
1	99	A>T	1	9904	9911	10248	10046	10031
