Chromosome	Position	Change	Gene	sample0	sample1	sample2	sample3	sample4	sample5	sample6	sample7	sample8	sample9
1	0	A>G	1	9981	10282	9911	9940	10112	10123	9873	9954	9921	10078
1	1	G>T	1	9984	10017	9900	10048	9997	9928	10122	10017	9804	10081
1	2	G>T	1	10082	9985	9983	9922	10074	10092	9951	10031	10014	9987
1	3	C>T	1	9912	10049	9942	9770	10072	9841	9895	9904	9911	10178
1	4	G>A	1	9819	10142	10056	10039	9953	9986	9947	9872	9991	9947
1	5	C>G	1	10057	9867	9785	9836	9992	9955	9950	10047	10125	10013
1	6	A>C	1	10058	10040	10222	9878	9880	10004	10067	9970	9991	9842
1	7	C>G	1	10133	9997	9916	10046	9889	10161	10036	10098	9944	10010
1	8	A>T	1	9905	10008	9970	9858	10036	9953	9864	10106	9835	9859
1	9	G>C	1	10135	10102	10016	9882	9860	9998	9865	9920	9942	10234
1	10	T>A	1	10052	9887	10032	10206	9845	10121	9984	10203	10024	10012
1	11	G>C	1	10061	10154	9860	10106	9992	9923	9991	9998	9983	10128
1	12	C>A	1	10100	9849	9897	9948	10036	10066	9975	10043	10004	10265
1	13	T>C	1	10044	9819	10029	9974	9846	10017	10015	10109	10049	10094
1	14	G>A	1	10094	10117	10174	10088	9957	10031	9925	10094	9984	9920
1	15	C>G	1	9934	9981	10052	10082	9944	10089	10148	9863	9933	9930
1	16	A>C	1	9872	10141	9989	9936	9976	10012	10083	10143	10000	9971
1	17	A>T	1	9908	9976	9992	10053	10071	9839	10122	10017	10090	9978
1	18	G>C	1	9992	10107	10051	10034	10063	10045	10000	10085	10083	10092
1	19	C>T	1	10109	9840	10053	10050	9906	9959	10030	9949	9995	10030
1	20	T>G	1	10117	10087	10048	10025	9977	9894	10047	9882	10001	9922
1	21	T>A	1	9820	9975	9895	9985	10133	9966	10074	10000	10046	9763
1	22	T>A	1	9982	9936	10024	9986	9996	9916	9891	9914	9891	9836
1	23	A>G	1	9859	9942	9937	9956	9996	9983	10126	10087	9766	9896
1	24	A>T	1	9993	9916	9995	9949	9859	10056	10048	10018	10113	9859
1	25	C>G	1	10077	9915	9804	10132	9974	10135	9899	10038	9854	9975
1	26	G>T	1	10146	10109	9968	9996	10058	9929	10038	9909	10020	9964
1	27	A>C	1	10057	10063	9919	9957	9780	9876	10054	10015	10045	10117
1	28	T>C	1	10077	9882	10084	10153	10142	9952	9912	9914	10018	10112
1	29	A>T	1	10007	9883	9764	9988	10187	9943	10025	10053	10027	10028
1	30	C>A	1	10011	10130	10034	10132	9887	10032	9972	10195	9806	10089
1	31	C>A	1	9883	9896	9961	10112	9775	10028	9850	9899	9873	10095
1	32	T>G	1	10059	9849	9949	9911	9884	9920	10088	10043	9998	10021
1	33	G>A	1	10067	9955	10040	9972	10151	9977	10130	10020	10048	9868
1	34	A>T	1	10038	10148	9977	9999	9809	10204	10114	9907	10120	9937
1	35	T>A	1	9885	10130	9972	10074	10115	9909	10069	9737	10079	9921
1	36	C>T	1	9824	9962	10087	10085	10194	10046	10037	9937	9925	10076
1	37	C>T	1	10126	9872	9945	10153	9933	9850	9922	10000	9790	10130
1	38	G>A	1	9896	9970	9991	9922	9933	10076	10117	9908	10019	10052
1	39	A>T	1	9998	10014	10035	10079	9909	9950	9839	9764	9900	10018
1	40	G>C	1	10081	9960	10143	10192	9828	10150	10294	9973	10065	9807
1	41	T>C	1	10018	10105	10008	9970	10041	9953	10014	9843	9852	10006
1	42	G>C	1	9986	9953	10141	9990	9837	9909	9858	10074	9901	10032
1	43	T>G	1	10011	10144	10191	10110	10193	9910	9990	10132	10043	10009
1	44	C>A	1	10045	9910	9971	10036	9920	10001	9979	10029	10091	10025
1	45	G>T	1	10110	9851	9936	9883	10044	10005	10007	10008	9866	10141
1	46	C>T	1	10188	10048	9933	10025	10084	10182	10094	9960	10015	9825
1	47	G>A	1	10097	10014	9887	10015	9841	10054	10108	10076	10067	9996
1	48	G>A	1	9933	10141	10041	9908	10088	9992	9866	9902	10019	10111
1	49	T>G	1	10037	9934	10084	10110	10031	10012	9850	9941	10039	10141
1	50	C>A	1	9990	9801	9996	10081	10055	10084	9975	10090	9985	9809
1	51	C>G	1	9994	10034	10001	10168	9968	10113	10124	10012	10026	9879
1	52	G>T	1	10041	10029	10005	10045	9790	9951	10105	10188	9992	9954
1	53	A>C	1	9950	9939	10045	10012	9789	10026	10083	10035	10029	10089
1	54	T>G	1	9716	9902	10039	10016	9865	10019	9938	9795	9962	10126
1	55	C>T	1	10036	9869	10156	9937	9948	9974	10079	9960	9947	9951
1	56	G>T	1	9980	10009	10025	9958	10002	10124	10041	10087	9841	9982
1	57	G>T	1	9936	9876	9966	9943	9922	9971	10012	9935	9964	10036
1	58	T>A	1	10110	9968	9894	10106	9967	10040	10095	10008	9938	9987
1	59	A>G	1	9897	10071	10088	10048	10116	9992	10057	10119	10127	10076
1	60	C>T	1	10003	10117	9943	10006	9904	10071	10106	9967	9972	9967
1	61	T>A	1	10099	9930	10033	10019	10216	9916	10017	10208	10087	10005
1	62	T>C	1	10033	10201	10079	9981	9989	9957	10017	9945	9959	10148
1	63	C>A	1	10068	9938	10017	9973	10044	9948	10043	10008	9937	10053
1	64	A>G	1	10058	9953	10111	10087	9844	9878	10020	9972	10199	9916
1	65	G>T	1	9955	10089	10007	9868	9858	10052	10126	9872	10043	9924
1	66	G>C	1	10038	9899	9908	9974	9925	9987	9986	10008	10047	9967
1	67	G>A	1	10019	10078	10185	10020	9895	9994	10150	10096	10071	9880
1	68	T>A	1	10096	10168	9991	9874	9945	10038	10030	10037	9920	10019
1	69	C>A	1	10003	9928	9945	10111	9927	10039	9931	10022	9942	10069
1	70	A>C	1	9981	10025	9996	9930	10053	10026	9897	9810	9994	9976
1	71	C>G	1	10054	9879	9964	10028	9947	10236	9981	9906	10044	9980
1	72	A>T	1	10007	9980	10047	9920	9844	10059	10052	9990	9990	9868
1	73	G>A	1	10036	9844	9970	9949	9831	10163	10074	9994	9974	10003
1	74	C>G	1	9984	10020	9977	10025	9854	9854	10106	9950	9857	10056
1	75	A>C	1	9955	9986	10036	9920	10061	9905	9965	9998	9939	10031
1	76	C>G	1	9961	9907	10054	9885	10225	9995	9956	9943	10064	10053
1	77	C>G	1	9916	10111	10029	9900	10035	10014	9833	9874	10104	10176
1	78	T>C	1	10132	9893	9940	9966	9915	9886	9959	9852	10012	9962
1	79	T>C	1	9873	9916	10035	10013	9799	9988	9891	9953	9880	9883
1	80	G>A	1	10073	10013	10000	10024	9855	10024	10065	9981	9906	9837
1	81	T>A	1	9942	10036	9972	10056	9963	9828	9974	9962	9994	10125
1	82	C>G	1	10031	10098	9926	10009	10008	10026	9863	9941	10177	10260
1	83	C>T	1	10047	9914	9996	9818	10264	9972	9865	9891	10063	9917
1	84	G>T	1	10020	9992	10042	10105	9958	9935	10121	10208	9908	9809
1	85	G>T	1	10034	9966	10045	10026	9869	9898	9833	10034	10009	10126
1	86	C>A	1	10105	9923	9963	10017	9924	10113	9943	10082	9891	10140
1	87	C>A	1	9980	10202	9936	9916	10059	9855	9957	10115	10125	9983
1	88	T>A	1	9884	9940	10059	9894	9900	9942	9960	10031	10188	9881
1	89	C>A	1	9975	10038	10008	9804	9959	9887	9850	10053	10087	10177
1	90	T>C	1	9889	9935	10111	10052	9848	9958	9932	10048	10027	10006
1	91	T>G	1	9992	9997	10072	10053	10045	10015	9937	9978	10072	9988
1	92	C>T	1	10030	10052	10220	10190	9919	10055	9994	10122	10021	9921
1	93	C>G	1	10008	10119	10034	10119	9997	10018	9822	10003	10151	10046
1	94	T>G	1	9892	9912	9974	10218	10083	10009	9962	10166	9948	10169
1	95	G>A	1	10000	9842	9989	10008	9896	9909	9847	9999	9897	9916
1	96	C>T	1	9877	9982	10118	9974	9971	9841	9877	10065	9962	10088
1	97	G>A	1	9825	9963	10096	9958	10001	10122	9931	10182	9952	9895
1	98	G>C	1	10056	10121	10130	9892	9940	10102	10118	10072	9985	10024
1	99	A>G	1	10040	10067	10097	9951	9914	10091	9999	10093	10018	10155
