#chr	position	description	normal	sample0	sample1	sample2	sample3	sample4
1	1	1	0	0.0	0.104929088565	0.0	0.0	0.0
2	1	1	0	0.382757596753	0.0	0.379223652454	0.193730221519	0.0
3	1	1	0	0.0	0.0	0.0	0.197423636186	0.29334257975
4	1	1	0	0.0	0.0	0.0	0.193610159242	0.295892042072
5	1	1	0	0.214659159461	0.0	0.203698239402	0.194111675127	0.0
6	1	1	0	0.0	0.106503579952	0.0	0.0	0.0
7	1	1	0	0.0	0.0	0.0	0.196915776987	0.303779794555
8	1	1	0	0.0	0.17106307021	0.0	0.0	0.0
9	1	1	0	0.383909452432	0.0	0.377864897467	0.184118760586	0.0
10	1	1	0	0.115663848831	0.390512794579	0.12562713225	0.113481570513	0.203814064362
11	1	1	0	0.0	0.126407884151	0.0	0.0	0.204373757455
12	1	1	0	0.0	0.0	0.0	0.189704859386	0.296601748808
13	1	1	0	0.379835516296	0.0	0.388322612568	0.186224743705	0.0
14	1	1	0	0.176434861828	0.107915116162	0.167945094873	0.0	0.0
15	1	1	0	0.0	0.0	0.0	0.0	0.0
16	1	1	0	0.0	0.167682013383	0.0	0.0	0.0
17	1	1	0	0.0	0.11419596717	0.0	0.0	0.0
18	1	1	0	0.0	0.0	0.0	0.188303858521	0.302720064238
19	1	1	0	0.381732561562	0.0	0.3778668002	0.190452511188	0.0
20	1	1	0	0.0	0.124213836478	0.0	0.0	0.20636035313
21	1	1	0	0.0	0.113316455696	0.0	0.0	0.0
22	1	1	0	0.0	0.103694037342	0.0	0.0	0.0
23	1	1	0	0.0	0.0	0.0	0.0	0.0
24	1	1	0	0.0	0.121904376832	0.0	0.0	0.207456883661
25	1	1	0	0.0	0.0	0.0	0.0	0.0
26	1	1	0	0.0	0.0	0.0	0.204838389847	0.302311496921
27	1	1	0	0.0	0.0	0.0	0.0	0.0
28	1	1	0	0.0	0.126838051415	0.0	0.0	0.200390504573
29	1	1	0	0.0	0.0	0.0	0.189605197401	0.295594936709
30	1	1	0	0.0	0.0	0.0	0.204496154605	0.293727740404
31	1	1	0	0.201917374975	0.0	0.207425343019	0.194206979785	0.0
32	1	1	0	0.0	0.0	0.0	0.199680031997	0.298605577689
33	1	1	0	0.0	0.109206855321	0.0	0.0	0.0
34	1	1	0	0.120061570036	0.49681971775	0.122535638459	0.111748139207	0.208245349422
35	1	1	0	0.0	0.100108171895	0.0	0.0	0.0
36	1	1	0	0.379952456418	0.0	0.382727181645	0.196510468594	0.0
37	1	1	0	0.374041178845	0.0	0.384463527786	0.19140743743	0.0
38	1	1	0	0.0	0.0	0.0	0.198216254134	0.300763056189
39	1	1	0	0.0	0.126802000588	0.0	0.0	0.201265947977
40	1	1	0	0.117711991972	0.5	0.127882807087	0.11237849633	0.201399842271
41	1	1	0	0.0	0.0	0.0	0.0	0.0
42	1	1	0	0.0	0.0	0.0	0.194161026366	0.287872763419
43	1	1	0	0.0	0.165303272147	0.0	0.0	0.0
44	1	1	0	0.375791139241	0.0	0.372515212982	0.197470623382	0.0
45	1	1	0	0.0	0.116862110797	0.0	0.0	0.20821945541
46	1	1	0	0.0	0.107259048394	0.0	0.0	0.0
47	1	1	0	0.122567122467	0.394881349284	0.126171952922	0.111505122143	0.207511456465
48	1	1	0	0.170454545455	0.102861102861	0.173042077713	0.0	0.0
49	1	1	0	0.0	0.0	0.0	0.0	0.0
50	1	1	0	0.0	0.0	0.0	0.196127861248	0.293710502558
51	1	1	0	0.379511410476	0.0	0.369634340223	0.191368484003	0.0
52	1	1	0	0.0	0.125407971516	0.0	0.0	0.203845379505
53	1	1	0	0.126517507776	0.391291380853	0.124344643387	0.110059760956	0.20473840079
54	1	1	0	0.116295264624	0.398096588033	0.125631125631	0.114221265252	0.201880257298
55	1	1	0	0.172093961085	0.104722585842	0.169437212097	0.0	0.0
56	1	1	0	0.116749750748	0.395584545911	0.116885743175	0.114285714286	0.200478516599
57	1	1	0	0.0	0.163893091276	0.0	0.0	0.0
58	1	1	0	0.207417719002	0.0	0.210914160526	0.191942896255	0.0
59	1	1	0	0.16934350532	0.112964824121	0.172780594492	0.0	0.0
60	1	1	0	0.0	0.167455919395	0.0	0.0	0.0
61	1	1	0	0.0	0.0	0.0	0.197272727273	0.298178907344
62	1	1	0	0.124500798722	0.381119935659	0.119916889285	0.111693548387	0.20455465587
63	1	1	0	0.169658076807	0.111424541608	0.175309636492	0.0	0.0
64	1	1	0	0.120397022333	0.498431650309	0.123374024415	0.111243307555	0.212480974125
65	1	1	0	0.0	0.0	0.0	0.0	0.0
66	1	1	0	0.0	0.161085333871	0.0	0.0	0.0
67	1	1	0	0.0	0.121278721279	0.0	0.0	0.211043566363
68	1	1	0	0.0	0.160096057635	0.0	0.0	0.0
69	1	1	0	0.372431677638	0.0	0.375719674409	0.187298387097	0.0
70	1	1	0	0.0	0.0	0.0	0.0	0.0
71	1	1	0	0.122448979592	0.495956065901	0.120103657929	0.111066235864	0.202124461369
72	1	1	0	0.382865731463	0.0	0.383179446006	0.193290087168	0.0
73	1	1	0	0.0	0.125584230847	0.0	0.0	0.211982938201
74	1	1	0	0.128594249201	0.392885611798	0.120230524642	0.108091967752	0.201698301698
75	1	1	0	0.0	0.114475404889	0.0	0.0	0.0
76	1	1	0	0.0	0.16834490175	0.0	0.0	0.0
77	1	1	0	0.12513644934	0.3971	0.11866440068	0.107566914872	0.206090373281
78	1	1	0	0.1208780294	0.389285355312	0.122905027933	0.110273700912	0.201924040485
79	1	1	0	0.377027968548	0.0	0.388046207936	0.190213576657	0.0
80	1	1	0	0.0	0.113260219342	0.0	0.0	0.0
81	1	1	0	0.375619124634	0.0	0.380574826561	0.192254631454	0.0
82	1	1	0	0.377453447408	0.0	0.382358790772	0.189593657086	0.0
83	1	1	0	0.202413548322	0.0	0.207611077904	0.189431396786	0.0
84	1	1	0	0.0	0.0	0.0	0.191361668634	0.301788225839
85	1	1	0	0.0	0.109838889452	0.0	0.0	0.0
86	1	1	0	0.0	0.0	0.0	0.200614835383	0.295667035287
87	1	1	0	0.0	0.0	0.0	0.195600942655	0.289019646953
88	1	1	0	0.0	0.0	0.0	0.198217147436	0.292976522085
89	1	1	0	0.209041808362	0.0	0.203066680117	0.19021577011	0.0
90	1	1	0	0.215359935833	0.0	0.209209209209	0.1961414791	0.0
91	1	1	0	0.0	0.165060121236	0.0	0.0	0.0
92	1	1	0	0.172800489347	0.107525804189	0.169132347061	0.0	0.0
93	1	1	0	0.0	0.125245772709	0.0	0.0	0.209358612344
94	1	1	0	0.379613006184	0.0	0.377753193201	0.189958748365	0.0
95	1	1	0	0.386484586806	0.0	0.379868487607	0.185962081484	0.0
96	1	1	0	0.208341749142	0.0	0.210876803552	0.193007133528	0.0
97	1	1	0	0.0	0.110622564205	0.0	0.0	0.0
98	1	1	0	0.0	0.0	0.0	0.196482110734	0.294794794795
99	1	1	0	0.0	0.108139992135	0.0	0.0	0.0
100	1	1	0	0.0	0.162811476224	0.0	0.0	0.0
