#chr	position	description	normal	sample0	sample1	sample2	sample3	sample4
1	1	1	0	0.0	0.135922330097	0.125	0.0	0.0
2	1	1	0	0.0	0.11	0.0	0.0843373493976	0.10989010989
3	1	1	0	0.0	0.0	0.0	0.0	0.0
4	1	1	0	0.2625	0.0	0.0	0.0909090909091	0.1
5	1	1	0	0.438461538462	0.16	0.063829787234	0.303921568627	0.197916666667
6	1	1	0	0.0	0.126213592233	0.0	0.107843137255	0.132653061224
7	1	1	0	0.0	0.144329896907	0.0	0.0961538461538	0.150537634409
8	1	1	0	0.0	0.126213592233	0.0	0.0980392156863	0.116504854369
9	1	1	0	0.0	0.0	0.18018018018	0.0	0.0
10	1	1	0	0.209523809524	0.0	0.0	0.176470588235	0.219047619048
11	1	1	0	0.0	0.0	0.0	0.0	0.0
12	1	1	0	0.0	0.0754716981132	0.0	0.0952380952381	0.1
13	1	1	0	0.240740740741	0.0	0.0	0.281553398058	0.219512195122
14	1	1	0	0.0	0.0	0.0	0.0	0.0
15	1	1	0	0.186274509804	0.0	0.0	0.0833333333333	0.114583333333
16	1	1	0	0.0	0.0	0.137614678899	0.0	0.0
17	1	1	0	0.545454545455	0.114583333333	0.0740740740741	0.490196078431	0.264367816092
18	1	1	0	0.0	0.0990099009901	0.0	0.171717171717	0.0744680851064
19	1	1	0	0.0	0.133333333333	0.0	0.197802197802	0.136842105263
20	1	1	0	0.0	0.137096774194	0.0	0.134615384615	0.0864197530864
21	1	1	0	0.178571428571	0.0	0.0	0.0843373493976	0.0826446280992
22	1	1	0	0.0	0.0	0.0	0.0	0.0
23	1	1	0	0.0	0.0	0.0	0.0	0.0
24	1	1	0	0.0	0.134831460674	0.0	0.0686274509804	0.127450980392
25	1	1	0	0.0	0.130434782609	0.0	0.113402061856	0.105263157895
26	1	1	0	0.484536082474	0.47572815534	0.465909090909	0.539130434783	0.550561797753
27	1	1	0	0.244186046512	0.0	0.0	0.0978260869565	0.0891089108911
28	1	1	0	0.466666666667	0.114285714286	0.0561797752809	0.340206185567	0.302083333333
29	1	1	0	0.574074074074	0.129310344828	0.148148148148	0.355140186916	0.336956521739
30	1	1	0	0.0	0.0909090909091	0.0	0.12962962963	0.168316831683
31	1	1	0	0.0	0.132743362832	0.0	0.0571428571429	0.122222222222
32	1	1	0	0.428571428571	0.5625	0.494845360825	0.530612244898	0.45
33	1	1	0	0.0	0.09375	0.0	0.20202020202	0.204545454545
34	1	1	0	0.469387755102	0.131868131868	0.1	0.259615384615	0.204081632653
35	1	1	0	0.0	0.12389380531	0.0	0.148514851485	0.133333333333
36	1	1	0	0.0	0.0810810810811	0.0	0.154761904762	0.145833333333
37	1	1	0	0.0	0.0	0.0	0.0	0.0
38	1	1	0	0.0	0.0	0.0	0.0	0.0
39	1	1	0	0.506024096386	0.0882352941176	0.0505050505051	0.386363636364	0.155172413793
40	1	1	0	0.0	0.0	0.0	0.0	0.0
41	1	1	0	0.208791208791	0.0	0.0	0.207547169811	0.230088495575
42	1	1	0	0.271739130435	0.0	0.0	0.237623762376	0.212962962963
43	1	1	0	0.0	0.0	0.0	0.0	0.0
44	1	1	0	0.254716981132	0.0	0.0	0.333333333333	0.266129032258
45	1	1	0	0.0	0.12	0.0	0.122950819672	0.102040816327
46	1	1	0	0.247619047619	0.0	0.0	0.133333333333	0.145833333333
47	1	1	0	0.593023255814	0.173076923077	0.145161290323	0.393939393939	0.195402298851
48	1	1	0	0.0	0.0	0.0	0.0	0.0
49	1	1	0	0.520833333333	0.118811881188	0.121495327103	0.441441441441	0.27358490566
50	1	1	0	0.218181818182	0.0	0.0	0.340659340659	0.289719626168
51	1	1	0	0.0	0.0	0.0	0.0	0.0
52	1	1	0	0.0	0.215909090909	0.0	0.0842105263158	0.0740740740741
53	1	1	0	0.204545454545	0.0	0.0	0.307692307692	0.296296296296
54	1	1	0	0.0	0.115702479339	0.0	0.0769230769231	0.136363636364
55	1	1	0	0.0	0.0865384615385	0.093023255814	0.0	0.0
56	1	1	0	0.225490196078	0.0	0.0	0.105263157895	0.13
57	1	1	0	0.0	0.0	0.168316831683	0.0	0.0
58	1	1	0	0.304761904762	0.0	0.0	0.295918367347	0.25
59	1	1	0	0.0	0.0	0.0	0.0	0.0
60	1	1	0	0.53125	0.136842105263	0.125	0.356060606061	0.291262135922
61	1	1	0	0.0	0.0769230769231	0.0	0.126213592233	0.104347826087
62	1	1	0	0.434782608696	0.12037037037	0.16091954023	0.442105263158	0.326732673267
63	1	1	0	0.207920792079	0.0	0.0	0.123966942149	0.0869565217391
64	1	1	0	0.0	0.0	0.202127659574	0.0	0.0
65	1	1	0	0.186046511628	0.0	0.0	0.278846153846	0.228260869565
66	1	1	0	0.465346534653	0.553398058252	0.528846153846	0.494382022472	0.391304347826
67	1	1	0	0.0	0.121739130435	0.0	0.0898876404494	0.148148148148
68	1	1	0	0.471074380165	0.122950819672	0.0989010989011	0.443298969072	0.262626262626
69	1	1	0	0.0	0.108910891089	0.0	0.0978260869565	0.148936170213
70	1	1	0	0.0	0.131578947368	0.0	0.113402061856	0.138613861386
71	1	1	0	0.0	0.0	0.131313131313	0.0	0.0
72	1	1	0	0.0	0.0634920634921	0.0	0.12	0.154639175258
73	1	1	0	0.311111111111	0.0	0.0	0.134020618557	0.107142857143
74	1	1	0	0.202247191011	0.0	0.0	0.148936170213	0.117647058824
75	1	1	0	0.5	0.591836734694	0.510416666667	0.520833333333	0.46017699115
76	1	1	0	0.0	0.119565217391	0.0	0.0792079207921	0.11
77	1	1	0	0.0	0.07	0.0	0.0957446808511	0.114942528736
78	1	1	0	0.495145631068	0.221052631579	0.214285714286	0.346153846154	0.278846153846
79	1	1	0	0.313131313131	0.0	0.0	0.106796116505	0.103773584906
80	1	1	0	0.239583333333	0.0	0.0	0.117021276596	0.0879120879121
81	1	1	0	0.0	0.09	0.0	0.114035087719	0.05
82	1	1	0	0.15	0.0	0.0	0.242990654206	0.25
83	1	1	0	0.168316831683	0.0	0.0	0.0961538461538	0.0849056603774
84	1	1	0	0.243243243243	0.0	0.0	0.290322580645	0.244186046512
85	1	1	0	0.0	0.0792079207921	0.0	0.169811320755	0.0833333333333
86	1	1	0	0.0	0.149425287356	0.0	0.0568181818182	0.138613861386
87	1	1	0	0.603603603604	0.100917431193	0.12380952381	0.368421052632	0.27358490566
88	1	1	0	0.264150943396	0.0	0.0	0.178947368421	0.26213592233
89	1	1	0	0.0	0.0	0.0	0.0	0.0
90	1	1	0	0.0	0.0	0.0	0.0	0.0
91	1	1	0	0.0	0.0	0.0	0.0	0.0
92	1	1	0	0.0	0.0	0.0	0.0	0.0
93	1	1	0	0.509259259259	0.481927710843	0.542857142857	0.472727272727	0.526315789474
94	1	1	0	0.16091954023	0.0	0.0	0.28	0.225490196078
95	1	1	0	0.0	0.0869565217391	0.121951219512	0.0	0.0
96	1	1	0	0.0	0.123711340206	0.0	0.13	0.106557377049
97	1	1	0	0.0	0.127272727273	0.0	0.0967741935484	0.141304347826
98	1	1	0	0.484848484848	0.181818181818	0.14606741573	0.370689655172	0.298850574713
99	1	1	0	0.0	0.139784946237	0.0	0.106796116505	0.0673076923077
100	1	1	0	0.0	0.0	0.0	0.0	0.0
