#chr	position	description	normal	sample0	sample1	sample2	sample3	sample4
1	1	1	0	0.0	0.0	0.0873786407767	0.0	0.0
2	1	1	0	0.284403669725	0.26213592233	0.425925925926	0.340425531915	0.25
3	1	1	0	0.261682242991	0.0	0.25974025974	0.0	0.280373831776
4	1	1	0	0.0	0.0	0.121739130435	0.0	0.0
5	1	1	0	0.197674418605	0.269230769231	0.153846153846	0.274725274725	0.261904761905
6	1	1	0	0.0	0.0	0.102040816327	0.0	0.0
7	1	1	0	0.0	0.0	0.0449438202247	0.0	0.0
8	1	1	0	0.0	0.0	0.113636363636	0.0	0.0
9	1	1	0	0.215517241379	0.219047619048	0.108910891089	0.295918367347	0.279069767442
10	1	1	0	0.0	0.0	0.1	0.0	0.0
11	1	1	0	0.126126126126	0.183486238532	0.0	0.0	0.0
12	1	1	0	0.255319148936	0.354166666667	0.414141414141	0.219298245614	0.225806451613
13	1	1	0	0.363636363636	0.34375	0.387755102041	0.268041237113	0.504761904762
14	1	1	0	0.0	0.0	0.0900900900901	0.0	0.0
15	1	1	0	0.448979591837	0.28	0.391304347826	0.276595744681	0.504424778761
16	1	1	0	0.0	0.0	0.0952380952381	0.0	0.0
17	1	1	0	0.0	0.268041237113	0.2	0.0	0.0
18	1	1	0	0.336538461538	0.289719626168	0.355371900826	0.25	0.504587155963
19	1	1	0	0.137931034483	0.152941176471	0.0	0.0	0.0
20	1	1	0	0.241379310345	0.212121212121	0.0882352941176	0.23275862069	0.257142857143
21	1	1	0	0.0	0.0	0.0849056603774	0.0	0.0
22	1	1	0	0.104651162791	0.14953271028	0.0	0.0	0.0
23	1	1	0	0.269565217391	0.255102040816	0.36036036036	0.247311827957	0.238095238095
24	1	1	0	0.126126126126	0.269230769231	0.0	0.0	0.0
25	1	1	0	0.0	0.0	0.0566037735849	0.0	0.0
26	1	1	0	0.0	0.0	0.116504854369	0.0	0.0
27	1	1	0	0.0733944954128	0.0	0.0	0.0	0.305263157895
28	1	1	0	0.0	0.366666666667	0.1875	0.0	0.0
29	1	1	0	0.0673076923077	0.192307692308	0.0	0.0	0.0
30	1	1	0	0.233766233766	0.31914893617	0.380530973451	0.211009174312	0.298076923077
31	1	1	0	0.116504854369	0.0	0.0	0.0	0.205357142857
32	1	1	0	0.348623853211	0.29702970297	0.346153846154	0.227722772277	0.460526315789
33	1	1	0	0.0	0.269662921348	0.121212121212	0.0	0.0
34	1	1	0	0.0	0.0	0.0932203389831	0.0	0.0
35	1	1	0	0.273684210526	0.329411764706	0.445544554455	0.247787610619	0.326530612245
36	1	1	0	0.0	0.0	0.0727272727273	0.0	0.0
37	1	1	0	0.28125	0.264705882353	0.343137254902	0.2	0.275510204082
38	1	1	0	0.326923076923	0.315217391304	0.317757009346	0.216494845361	0.263636363636
39	1	1	0	0.161616161616	0.247706422018	0.422413793103	0.194174757282	0.306930693069
40	1	1	0	0.494949494949	0.495652173913	0.484848484848	0.53	0.472527472527
41	1	1	0	0.0	0.0	0.0990099009901	0.0	0.0
42	1	1	0	0.223684210526	0.142857142857	0.0869565217391	0.25	0.241071428571
43	1	1	0	0.27358490566	0.0	0.231481481481	0.0	0.222222222222
44	1	1	0	0.28431372549	0.333333333333	0.239583333333	0.238095238095	0.236559139785
45	1	1	0	0.216216216216	0.118279569892	0.100917431193	0.241379310345	0.223404255319
46	1	1	0	0.0	0.0	0.102040816327	0.0	0.0
47	1	1	0	0.303571428571	0.0	0.298245614035	0.0	0.256198347107
48	1	1	0	0.37	0.253164556962	0.392156862745	0.157407407407	0.403669724771
49	1	1	0	0.478260869565	0.5	0.474226804124	0.489583333333	0.495145631068
50	1	1	0	0.0	0.0	0.135416666667	0.0	0.0
51	1	1	0	0.0898876404494	0.0	0.0	0.0	0.188524590164
52	1	1	0	0.413461538462	0.316326530612	0.34375	0.207547169811	0.509090909091
53	1	1	0	0.0	0.0	0.0776699029126	0.0	0.0
54	1	1	0	0.0	0.239130434783	0.114583333333	0.0	0.0
55	1	1	0	0.225806451613	0.0	0.218390804598	0.0	0.27380952381
56	1	1	0	0.159574468085	0.201754385965	0.387755102041	0.207920792079	0.29347826087
57	1	1	0	0.114942528736	0.195652173913	0.0	0.0	0.0
58	1	1	0	0.54	0.298969072165	0.414141414141	0.246753246753	0.489361702128
59	1	1	0	0.0	0.318181818182	0.147058823529	0.0	0.0
60	1	1	0	0.27027027027	0.266666666667	0.362831858407	0.183908045977	0.288461538462
61	1	1	0	0.104166666667	0.21978021978	0.0	0.0	0.0
62	1	1	0	0.0	0.41	0.19	0.0	0.0
63	1	1	0	0.0	0.0	0.116279069767	0.0	0.0
64	1	1	0	0.298850574713	0.0	0.233333333333	0.0	0.2
65	1	1	0	0.0	0.0	0.103174603175	0.0	0.0
66	1	1	0	0.0659340659341	0.18085106383	0.0	0.0	0.0
67	1	1	0	0.0	0.0	0.0444444444444	0.0	0.0
68	1	1	0	0.0666666666667	0.174311926606	0.0	0.0	0.0
69	1	1	0	0.0	0.326315789474	0.18018018018	0.0	0.0
70	1	1	0	0.271028037383	0.20652173913	0.101851851852	0.221052631579	0.303921568627
71	1	1	0	0.204819277108	0.28	0.372340425532	0.1875	0.221052631579
72	1	1	0	0.226804123711	0.20652173913	0.125	0.193277310924	0.242990654206
73	1	1	0	0.296296296296	0.264705882353	0.342105263158	0.2	0.276785714286
74	1	1	0	0.0769230769231	0.201754385965	0.0	0.0	0.0
75	1	1	0	0.0	0.0	0.107142857143	0.0	0.0
76	1	1	0	0.214285714286	0.324324324324	0.363636363636	0.322222222222	0.313559322034
77	1	1	0	0.302083333333	0.0	0.260869565217	0.0	0.28431372549
78	1	1	0	0.257731958763	0.210526315789	0.127906976744	0.359223300971	0.178947368421
79	1	1	0	0.0	0.0	0.0714285714286	0.0	0.0
80	1	1	0	0.265306122449	0.185840707965	0.0989010989011	0.221052631579	0.233644859813
81	1	1	0	0.234782608696	0.0	0.206896551724	0.0	0.307692307692
82	1	1	0	0.0869565217391	0.0	0.0	0.0	0.233576642336
83	1	1	0	0.0	0.0	0.049504950495	0.0	0.0
84	1	1	0	0.277227722772	0.241758241758	0.413333333333	0.162790697674	0.299065420561
85	1	1	0	0.257142857143	0.20652173913	0.166666666667	0.29702970297	0.230769230769
86	1	1	0	0.0	0.0	0.136842105263	0.0	0.0
87	1	1	0	0.0	0.0	0.10101010101	0.0	0.0
88	1	1	0	0.41592920354	0.268907563025	0.351063829787	0.235849056604	0.549019607843
89	1	1	0	0.0	0.290909090909	0.108695652174	0.0	0.0
90	1	1	0	0.207317073171	0.330434782609	0.313131313131	0.210526315789	0.212765957447
91	1	1	0	0.101694915254	0.176470588235	0.0	0.0	0.0
92	1	1	0	0.0947368421053	0.291666666667	0.0	0.0	0.0
93	1	1	0	0.0	0.392857142857	0.226804123711	0.0	0.0
94	1	1	0	0.0555555555556	0.134020618557	0.0	0.0	0.0
95	1	1	0	0.0	0.0	0.108333333333	0.0	0.0
96	1	1	0	0.301075268817	0.388059701493	0.351063829787	0.212962962963	0.339449541284
97	1	1	0	0.263157894737	0.290697674419	0.329545454545	0.271739130435	0.238532110092
98	1	1	0	0.333333333333	0.0	0.19587628866	0.0	0.288659793814
99	1	1	0	0.291666666667	0.0	0.153846153846	0.0	0.295454545455
100	1	1	0	0.0	0.0	0.11214953271	0.0	0.0
