Chromosome	Position	Change	Gene	sample0	sample1	sample2	sample3	sample4
1	0	A>C	1	10066	10068	9742	9989	9929
1	1	G>T	1	10111	10031	9986	9906	10037
1	2	T>G	1	10069	10057	9871	9915	9990
1	3	C>T	1	9977	9923	9898	9937	10182
1	4	T>C	1	9854	10059	10200	10126	10061
1	5	A>G	1	10015	9817	9982	9901	10239
1	6	A>T	1	10014	9954	10045	10061	9850
1	7	T>C	1	10106	10086	10024	9912	10003
1	8	G>C	1	10002	9987	10052	10070	9918
1	9	T>G	1	10110	9869	9972	9831	9941
1	10	A>C	1	10127	9948	9901	9991	10023
1	11	T>C	1	10135	9953	9977	10143	10035
1	12	C>G	1	10066	9957	10178	9880	9922
1	13	A>T	1	10195	9796	9945	10113	10089
1	14	G>A	1	10095	9997	9985	9919	9963
1	15	A>T	1	9952	9988	10101	10246	9987
1	16	G>C	1	9969	10008	10056	9732	10184
1	17	A>T	1	10168	10050	10020	10028	10016
1	18	A>C	1	9998	9996	9940	9926	10089
1	19	A>C	1	9857	10032	9966	10026	10169
1	20	T>C	1	9950	10062	9885	9932	9997
1	21	A>G	1	9977	9947	10085	10063	9954
1	22	C>A	1	10079	9941	9971	10036	9752
1	23	C>T	1	9866	9979	10100	10024	9838
1	24	G>T	1	10009	9974	9908	9872	9924
1	25	A>C	1	10044	9954	9842	9942	9849
1	26	C>G	1	10123	10058	9907	9984	10005
1	27	G>A	1	9875	10114	10143	10237	9970
1	28	C>T	1	9880	9988	9893	9916	10063
1	29	C>T	1	9852	9959	9898	10062	10040
1	30	A>C	1	10067	10057	9904	10150	10056
1	31	C>G	1	9923	9906	9978	10114	10044
1	32	C>T	1	9840	9958	9992	9996	10087
1	33	C>T	1	9902	10032	9860	9939	9839
1	34	G>T	1	10106	10009	9998	9996	9786
1	35	T>G	1	10004	9916	10105	9975	10146
1	36	C>T	1	10031	9963	9999	10046	10004
1	37	A>T	1	10070	9835	9859	9877	9864
1	38	G>C	1	10037	10075	9821	9893	9941
1	39	T>C	1	10072	9887	9852	10008	10022
1	40	A>G	1	9883	9820	9865	10019	10093
1	41	T>G	1	10115	10151	9914	9916	9924
1	42	A>C	1	9913	9838	10192	9970	9961
1	43	A>C	1	9858	10123	9695	9752	10032
1	44	A>G	1	9930	9972	10043	9922	10093
1	45	C>G	1	10133	10062	10197	10122	9878
1	46	C>T	1	10064	10096	9937	10056	10124
1	47	C>G	1	10120	9863	9953	9987	10029
1	48	T>G	1	10041	10035	10026	9876	9996
1	49	A>C	1	10134	9979	10075	10002	10017
1	50	T>C	1	10046	9981	10105	10020	9951
1	51	G>C	1	9974	10018	9983	10123	9845
1	52	T>A	1	9839	10071	10071	9869	9946
1	53	A>T	1	9938	10100	9827	10045	10001
1	54	T>C	1	10097	10051	10063	9893	9893
1	55	G>T	1	9941	10013	9931	10020	9957
1	56	C>T	1	9885	10058	9899	9951	9829
1	57	C>G	1	9864	9980	9917	9943	10139
1	58	T>C	1	9901	9982	9909	10179	9935
1	59	A>C	1	10126	9750	9800	10034	10115
1	60	G>A	1	9929	9999	9993	10063	10120
1	61	G>C	1	10013	10141	9966	9756	9938
1	62	C>G	1	10089	10057	9903	9858	10201
1	63	G>A	1	9811	10151	10086	9875	10048
1	64	T>A	1	10038	9958	9836	9939	10061
1	65	T>A	1	10060	10242	9831	10001	9946
1	66	C>T	1	10148	9813	9942	10105	10023
1	67	G>C	1	9975	10119	10164	9953	10132
1	68	A>C	1	10067	9871	10008	9932	10022
1	69	C>T	1	10102	9971	9779	9943	9856
1	70	T>C	1	10089	9927	9987	9964	10137
1	71	C>A	1	9862	9891	9962	9940	9906
1	72	G>C	1	10014	10039	10102	10150	10003
1	73	C>A	1	9956	9996	9860	9944	9941
1	74	C>G	1	10055	9903	9935	10113	9997
1	75	T>A	1	9894	10034	10079	9936	10068
1	76	T>A	1	9882	10010	10118	10040	9874
1	77	T>G	1	10031	10179	10141	9907	9923
1	78	T>A	1	10080	9950	10051	9964	10066
1	79	G>T	1	10047	10000	9802	9999	10074
1	80	G>T	1	10168	9973	10116	9939	9940
1	81	T>A	1	9806	10007	9937	9813	9969
1	82	T>C	1	9931	10153	9889	9968	9906
1	83	T>C	1	10211	10102	9956	9989	9963
1	84	A>G	1	10159	10000	10001	9734	9974
1	85	A>T	1	10060	10060	10220	10260	10118
1	86	G>T	1	10257	10024	10035	10113	9918
1	87	T>A	1	10039	10021	10020	10088	10016
1	88	C>A	1	10040	9834	9939	10003	9936
1	89	G>A	1	9958	10006	9988	10185	10061
1	90	C>A	1	10114	9905	9979	10030	9946
1	91	A>C	1	10213	9937	10055	9852	9929
1	92	G>T	1	10007	9934	9846	9868	9841
1	93	T>G	1	9965	10021	9979	9832	9969
1	94	G>C	1	10024	10056	9996	9932	9903
1	95	G>C	1	9978	10082	9998	9693	9932
1	96	T>A	1	9810	10097	10001	9829	9984
1	97	T>A	1	9959	10116	10010	9939	10076
1	98	T>C	1	10098	10026	10089	9963	10065
1	99	A>G	1	9960	9977	10040	9897	9861
