#chr	position	description	normal	sample0	sample1	sample2	sample3	sample4	sample5	sample6	sample7	sample8	sample9	sample10	sample11	sample12	sample13	sample14	sample15	sample16	sample17	sample18	sample19
1	1	1	0	0.0	0.0	0.0	0.0	0.0	0.0	0.0	0.0	0.0	0.233889731917	0.0	0.0	0.0	0.0	0.0	0.182710800688	0.160028449502	0.0	0.0	0.123428226537
2	1	1	0	0.0	0.127074585083	0.165619076125	0.253704445334	0.0	0.132481572482	0.0	0.136758104738	0.0	0.0	0.0	0.0	0.0	0.148096192385	0.0	0.0	0.167800680408	0.0	0.0	0.134979096158
3	1	1	0	0.0	0.112638449367	0.0	0.0	0.136372745491	0.123585194249	0.186602390278	0.137556109726	0.229115053018	0.0	0.283811984498	0.0	0.0	0.12337530463	0.227066760648	0.0	0.176097462747	0.0	0.262983425414	0.114243027888
4	1	1	0	0.140956382553	0.121369701727	0.0	0.258158742949	0.0	0.124962360735	0.17177490884	0.127324458896	0.267517844576	0.0	0.0	0.210034773969	0.0	0.0	0.0	0.0	0.0	0.210574201375	0.238653292283	0.0
5	1	1	0	0.497141710962	0.393606190185	0.498116574148	0.496990626542	0.367933084753	0.248489730165	0.319204238728	0.355715981013	0.266412749323	0.270504889244	0.218047397205	0.499164126266	0.258149690261	0.377656895336	0.262577670876	0.14446974948	0.168989724285	0.495571658615	0.240653028318	0.138077000605
6	1	1	0	0.0	0.0	0.0	0.0	0.0	0.11880797316	0.0	0.0	0.0	0.0	0.0	0.0	0.233063700708	0.0	0.0	0.180242460675	0.0	0.0	0.0	0.124974924774
7	1	1	0	0.50492586327	0.387340243534	0.49975126853	0.492595950438	0.36982278481	0.252414617146	0.315230341541	0.359623661295	0.272502472799	0.267878426698	0.217746759721	0.501665825341	0.249545729861	0.374238733252	0.275122243289	0.13752276867	0.168796433878	0.492131050183	0.240157480315	0.139737991266
8	1	1	0	0.0	0.0	0.0	0.0	0.0	0.11836161028	0.0	0.0	0.0	0.0	0.0	0.0	0.242516141655	0.0	0.0	0.186717803795	0.0	0.0	0.0	0.126562190042
9	1	1	0	0.49019411647	0.392693609397	0.499215532457	0.495818399044	0.369676320273	0.240986529319	0.309516691579	0.369576109831	0.265088161209	0.260882708585	0.224335748792	0.503528476295	0.255949392509	0.371127819549	0.279404315672	0.138071976872	0.163183279743	0.499698553055	0.242274656926	0.129009552539
10	1	1	0	0.0	0.106813627255	0.0	0.0	0.129644347308	0.134681150674	0.182939053729	0.143452380952	0.227984926616	0.0	0.275411811973	0.0	0.0	0.124205428312	0.219044782047	0.0	0.176916176617	0.0	0.257904648627	0.11774813018
11	1	1	0	0.498337196412	0.387282662692	0.289596905537	0.495810891682	0.163222311396	0.253703337942	0.323441247002	0.361292921156	0.265505020673	0.266768292683	0.221976475319	0.221840589959	0.25654767924	0.376259572753	0.0	0.142622614406	0.167785897689	0.222054835794	0.242274656926	0.139118320231
12	1	1	0	0.0	0.112949855448	0.0	0.0	0.128465712876	0.0	0.0	0.0	0.226010227615	0.0	0.0	0.0	0.0	0.123825704577	0.0	0.0	0.0	0.0	0.0	0.120174222926
13	1	1	0	0.0	0.127706941915	0.159721521542	0.253201573056	0.0	0.123447995115	0.0	0.129064632678	0.0	0.0	0.0	0.0	0.0	0.14740914181	0.0	0.0	0.171534306861	0.0	0.0	0.135894843276
14	1	1	0	0.0	0.0	0.0	0.0	0.0	0.117745921898	0.0	0.0	0.0	0.0	0.0	0.0	0.229654294388	0.0	0.0	0.17977982022	0.0	0.0	0.0	0.128256114536
15	1	1	0	0.0	0.129633340012	0.160678239806	0.251553417519	0.0	0.130855243276	0.0	0.121900209143	0.0	0.0	0.0	0.0	0.0	0.149887456517	0.0	0.0	0.169122038622	0.0	0.0	0.139888494678
16	1	1	0	0.13518370607	0.129337222166	0.0	0.250305748064	0.0	0.125764717681	0.172499256469	0.127747252747	0.266713091922	0.0	0.0	0.21448156799	0.0	0.0	0.0	0.0	0.0	0.215643128626	0.241283950617	0.0
17	1	1	0	0.0	0.0	0.0	0.0	0.0	0.118293535818	0.0	0.0	0.0	0.0	0.0	0.0	0.242658730159	0.0	0.0	0.188056159779	0.0	0.0	0.0	0.128515270638
18	1	1	0	0.0	0.0	0.0	0.0	0.0	0.0	0.0	0.0	0.0	0.238071471352	0.0	0.0	0.0	0.0	0.0	0.175206124853	0.146729345869	0.0	0.0	0.12370414673
19	1	1	0	0.0	0.0	0.0	0.0	0.0	0.0	0.0	0.0	0.0	0.233601270219	0.0	0.0	0.0	0.0	0.0	0.171411566313	0.154448187042	0.0	0.0	0.121281237604
20	1	1	0	0.0	0.125516427307	0.160153102337	0.252026013007	0.0	0.126711302089	0.0	0.132143937103	0.0	0.0	0.0	0.0	0.0	0.143482587065	0.0	0.0	0.167507059298	0.0	0.0	0.133339952343
21	1	1	0	0.138037114221	0.121606731443	0.0	0.246199117214	0.0	0.124045218454	0.173895662602	0.126127018726	0.267903451027	0.0	0.0	0.212083847102	0.0	0.0	0.0	0.0	0.0	0.215095103197	0.242366603264	0.0
22	1	1	0	0.499848683547	0.390578413834	0.291746447647	0.504140577661	0.163522637014	0.24688057041	0.314365578517	0.362697388023	0.267752377099	0.263464630225	0.220210861349	0.212727993656	0.259553349876	0.377136004797	0.0	0.138054505669	0.170648805358	0.2084	0.238544068986	0.139441430581
23	1	1	0	0.0963494913226	0.0	0.0	0.0	0.0	0.0	0.0	0.0	0.0	0.0	0.0	0.0	0.0	0.109735396905	0.0	0.140022050717	0.0	0.0	0.0	0.0
24	1	1	0	0.496602717826	0.386774160629	0.297377830751	0.505978921767	0.166351230202	0.24053162786	0.320187699681	0.359786763227	0.2662563288	0.270771659759	0.221134436819	0.214723310234	0.262538948638	0.369527679025	0.0	0.139202256245	0.170645792564	0.213738207547	0.239046582929	0.131745553211
25	1	1	0	0.501997203915	0.391576437866	0.298270313757	0.498043543694	0.165459666063	0.245405624937	0.316300971847	0.36992229763	0.266909311495	0.268830249722	0.225523095144	0.213918305598	0.265092402464	0.367328609919	0.0	0.142229763449	0.170153417015	0.204606373474	0.240096038415	0.143026121242
26	1	1	0	0.114950634697	0.0	0.126155082362	0.0	0.0	0.0	0.139239249181	0.11233260044	0.0	0.0	0.214458316553	0.0	0.0	0.119059529765	0.0	0.0	0.0	0.0	0.0	0.0
27	1	1	0	0.0	0.0	0.0	0.0	0.0	0.0	0.0	0.0	0.0	0.238568988041	0.0	0.0	0.0	0.0	0.0	0.178700361011	0.153596059113	0.0	0.0	0.126173412738
28	1	1	0	0.0	0.130032206119	0.166884619254	0.258168291947	0.0	0.12523587248	0.0	0.12928364472	0.0	0.0	0.0	0.0	0.0	0.148626817447	0.0	0.0	0.167216391804	0.0	0.0	0.134949494949
29	1	1	0	0.0988165680473	0.0	0.0	0.0	0.0	0.0	0.0	0.0	0.0	0.0	0.0	0.0	0.0	0.111408996127	0.0	0.134827005056	0.0	0.0	0.0	0.0
30	1	1	0	0.0	0.128492739109	0.15768302494	0.251724482655	0.0	0.1248046875	0.0	0.126425285057	0.0	0.0	0.0	0.0	0.0	0.148927600443	0.0	0.0	0.165525573903	0.0	0.0	0.142885631668
31	1	1	0	0.118338479928	0.0	0.128450533951	0.0	0.0	0.0	0.152998411438	0.102784602785	0.0	0.0	0.219307979421	0.0	0.0	0.1203538064	0.0	0.0	0.0	0.0	0.0	0.0
32	1	1	0	0.0	0.0	0.0	0.0	0.0	0.0	0.0	0.0	0.0	0.237858396723	0.0	0.0	0.0	0.0	0.0	0.18138089989	0.151901254231	0.0	0.0	0.119510220603
33	1	1	0	0.0	0.0	0.0	0.0	0.0	0.117676266137	0.0	0.0	0.0	0.0	0.0	0.0	0.238151542024	0.0	0.0	0.181466415319	0.0	0.0	0.0	0.128492173568
34	1	1	0	0.0	0.105006600995	0.0	0.0	0.13404040404	0.0	0.0	0.0	0.234551827742	0.0	0.0	0.0	0.0	0.120730270907	0.0	0.0	0.0	0.0	0.0	0.112732360584
35	1	1	0	0.0	0.108366935484	0.0	0.0	0.134020618557	0.127659574468	0.184706847068	0.135286471353	0.228179304897	0.0	0.281952991022	0.0	0.0	0.116857284933	0.219761499148	0.0	0.183188347158	0.0	0.260101765938	0.121194029851
36	1	1	0	0.0	0.134850784016	0.166379047812	0.252896326369	0.0	0.1284606866	0.0	0.127821011673	0.0	0.0	0.0	0.0	0.0	0.14567850962	0.0	0.0	0.174771734815	0.0	0.0	0.136523574947
37	1	1	0	0.494536340852	0.39225205588	0.501576324621	0.5048649722	0.367763679619	0.251812323802	0.318408456322	0.36013882003	0.268366118025	0.259358821187	0.225180868167	0.500149566258	0.26425394258	0.374492925695	0.278714699132	0.14403083477	0.166230629905	0.495825879547	0.239870011171	0.139060131379
38	1	1	0	0.502277558457	0.392145135566	0.289507836678	0.497393015248	0.158664514828	0.243069505826	0.321597424806	0.360654093098	0.276923076923	0.259121892542	0.221874684694	0.211179497528	0.259507606085	0.384446878423	0.0	0.140774258421	0.17171314741	0.21283270924	0.243142771024	0.141660015962
39	1	1	0	0.0	0.126602564103	0.158222222222	0.25610363727	0.0	0.122935228752	0.0	0.124963101446	0.0	0.0	0.0	0.0	0.0	0.152480839048	0.0	0.0	0.167345317311	0.0	0.0	0.136882884673
40	1	1	0	0.497048986819	0.401853328019	0.294875760388	0.508430866891	0.161648177496	0.248389045509	0.310369174904	0.364132592299	0.267631103074	0.264976038339	0.22678553541	0.219659367397	0.262565339767	0.377447063524	0.0	0.139020537125	0.172995364434	0.215392354125	0.245108859235	0.129339416782
41	1	1	0	0.112132720368	0.0	0.130460683082	0.0	0.0	0.0	0.142079207921	0.106112806379	0.0	0.0	0.221764301835	0.0	0.0	0.123976023976	0.0	0.0	0.0	0.0	0.0	0.0
42	1	1	0	0.0	0.0	0.0	0.0	0.0	0.113796988631	0.0	0.0	0.0	0.0	0.0	0.0	0.237260662547	0.0	0.0	0.184084563223	0.0	0.0	0.0	0.132007233273
43	1	1	0	0.0	0.0	0.0	0.0	0.0	0.0	0.0	0.0	0.0	0.22816399287	0.0	0.0	0.0	0.0	0.0	0.170491803279	0.14734615772	0.0	0.0	0.118314424635
44	1	1	0	0.0	0.134015497715	0.16149320349	0.250405186386	0.0	0.12774310449	0.0	0.130936971025	0.0	0.0	0.0	0.0	0.0	0.144901786596	0.0	0.0	0.173318698863	0.0	0.0	0.139005392451
45	1	1	0	0.140463282405	0.130196936543	0.0	0.255716004813	0.0	0.120552363673	0.177773303805	0.1333465425	0.268102341203	0.0	0.0	0.207908927501	0.0	0.0	0.0	0.0	0.0	0.217238611278	0.243529529329	0.0
46	1	1	0	0.0	0.0	0.0	0.0	0.0	0.0	0.0	0.0	0.0	0.23161270301	0.0	0.0	0.0	0.0	0.0	0.179019155551	0.148110831234	0.0	0.0	0.116861102802
47	1	1	0	0.499599358974	0.394626448262	0.296059313427	0.50777766769	0.154314214464	0.245968544694	0.315716547902	0.366167664671	0.267175572519	0.257608482231	0.216172121954	0.224234540724	0.263520943717	0.380603750878	0.0	0.142411433172	0.171306644991	0.210901425417	0.241049167248	0.135765249724
48	1	1	0	0.0	0.13143591264	0.159185700099	0.250487029632	0.0	0.123252987644	0.0	0.132599424774	0.0	0.0	0.0	0.0	0.0	0.147018030513	0.0	0.0	0.166799601196	0.0	0.0	0.133876483605
49	1	1	0	0.0	0.110394762944	0.0	0.0	0.127584822325	0.0	0.0	0.0	0.236199095023	0.0	0.0	0.0	0.0	0.124810816265	0.0	0.0	0.0	0.0	0.0	0.110386352233
50	1	1	0	0.102181057664	0.0	0.0	0.0	0.0	0.0	0.0	0.0	0.0	0.0	0.0	0.0	0.0	0.107398808923	0.0	0.144445567573	0.0	0.0	0.0	0.0
51	1	1	0	0.496113215069	0.388511183368	0.282481309355	0.499601434835	0.157809821519	0.252812904511	0.309669033097	0.360388654431	0.27233443875	0.267793503717	0.217356528694	0.211995128882	0.262248133374	0.368222067456	0.0	0.137800378901	0.165433826469	0.211801056514	0.242855700293	0.138458462461
52	1	1	0	0.0	0.0	0.0	0.0	0.0	0.122684948327	0.0	0.0	0.0	0.0	0.0	0.0	0.23218207227	0.0	0.0	0.184406912804	0.0	0.0	0.0	0.126372529447
53	1	1	0	0.0	0.110866299449	0.0	0.0	0.129165408235	0.1371	0.180952380952	0.13322743969	0.235881061664	0.0	0.280044101433	0.0	0.0	0.13033151905	0.213240349671	0.0	0.17777332398	0.0	0.261272816971	0.119199362677
54	1	1	0	0.0	0.0	0.0	0.0	0.0	0.0	0.0	0.0	0.0	0.233455136013	0.0	0.0	0.0	0.0	0.0	0.17510464421	0.152985074627	0.0	0.0	0.120016028852
55	1	1	0	0.119221168248	0.0	0.128924318473	0.0	0.0	0.0	0.139315815568	0.105151942041	0.0	0.0	0.219046677215	0.0	0.0	0.125	0.0	0.0	0.0	0.0	0.0	0.0
56	1	1	0	0.0	0.110932959214	0.0	0.0	0.133393375363	0.13400119024	0.176750173284	0.135180437783	0.223182869207	0.0	0.27958271237	0.0	0.0	0.126704882388	0.214058460927	0.0	0.174183203047	0.0	0.259823576584	0.115619677387
57	1	1	0	0.0	0.13464973209	0.15828257025	0.254742812439	0.0	0.130267443008	0.0	0.12515114873	0.0	0.0	0.0	0.0	0.0	0.144988485031	0.0	0.0	0.173715554658	0.0	0.0	0.135056607554
58	1	1	0	0.500543854445	0.38367795425	0.293977577141	0.500099740674	0.165112781955	0.254238988663	0.318621101923	0.366471163245	0.269666240032	0.265190062855	0.219922905255	0.21501117205	0.265790803436	0.370635000503	0.0	0.139203690703	0.168708576019	0.210042008402	0.24451472623	0.135005857087
59	1	1	0	0.135768161969	0.130928656835	0.0	0.245815688647	0.0	0.123994368463	0.180041870202	0.130341880342	0.266941070174	0.0	0.0	0.208495752124	0.0	0.0	0.0	0.0	0.0	0.21067303863	0.24212403408	0.0
60	1	1	0	0.0	0.131673987311	0.159657165637	0.256358701116	0.0	0.123323323323	0.0	0.1284	0.0	0.0	0.0	0.0	0.0	0.146162470696	0.0	0.0	0.169043582328	0.0	0.0	0.137081363774
61	1	1	0	0.0	0.132149702411	0.158273381295	0.257818685669	0.0	0.127528938098	0.0	0.133831247477	0.0	0.0	0.0	0.0	0.0	0.149271602475	0.0	0.0	0.166172106825	0.0	0.0	0.136299718763
62	1	1	0	0.115723768949	0.0	0.129184205252	0.0	0.0	0.0	0.147061738183	0.105617525877	0.0	0.0	0.21582021582	0.0	0.0	0.120238456098	0.0	0.0	0.0	0.0	0.0	0.0
63	1	1	0	0.0	0.0	0.0	0.0	0.0	0.124278919138	0.0	0.0	0.0	0.0	0.0	0.0	0.243281328636	0.0	0.0	0.184706241727	0.0	0.0	0.0	0.124510099487
64	1	1	0	0.100872742034	0.0	0.0	0.0	0.0	0.0	0.0	0.0	0.0	0.0	0.0	0.0	0.0	0.105847894152	0.0	0.142928286853	0.0	0.0	0.0	0.0
65	1	1	0	0.506931285529	0.394234592445	0.285901838013	0.509208662214	0.160524485944	0.250227663665	0.312555831266	0.363952333664	0.266522423289	0.277906391545	0.21946315472	0.212791633146	0.25604107934	0.378040305768	0.0	0.137125394322	0.169128730781	0.209200326397	0.243537964459	0.133793655559
66	1	1	0	0.496920937624	0.393328006392	0.284485345604	0.499292786421	0.162333796388	0.239992013577	0.311613295501	0.369026194761	0.264958975385	0.267542550015	0.224469262501	0.216382853787	0.264478570712	0.377608545149	0.0	0.138793277991	0.171032971411	0.205314490446	0.242572242572	0.139330334833
67	1	1	0	0.0	0.0	0.0	0.0	0.0	0.117064707083	0.0	0.0	0.0	0.0	0.0	0.0	0.239436619718	0.0	0.0	0.188896753969	0.0	0.0	0.0	0.125102124183
68	1	1	0	0.0	0.0	0.0	0.0	0.0	0.0	0.0	0.0	0.0	0.237958374628	0.0	0.0	0.0	0.0	0.0	0.180311401306	0.152569486103	0.0	0.0	0.121740894796
69	1	1	0	0.502529162795	0.382582582583	0.300279051226	0.499646428932	0.163326056757	0.239486673248	0.319614535234	0.376294360109	0.268351143513	0.265281541704	0.216172777499	0.212520259319	0.262413481794	0.380476239563	0.0	0.135233108448	0.16746314184	0.216887745001	0.245375954966	0.142409095364
70	1	1	0	0.0	0.112241843759	0.0	0.0	0.132590085606	0.0	0.0	0.0	0.22744510978	0.0	0.0	0.0	0.0	0.123564954683	0.0	0.0	0.0	0.0	0.0	0.112601341207
71	1	1	0	0.495871879041	0.39084861923	0.49495857043	0.49771782128	0.366520787746	0.242167825123	0.327968417856	0.365893200932	0.265409934171	0.263909850086	0.217443249701	0.504981071927	0.258755253152	0.376151381658	0.275251509054	0.139643674729	0.172441498443	0.500446561477	0.236454183267	0.134734734735
72	1	1	0	0.496020952957	0.392440691596	0.501760386279	0.503305950711	0.363052853274	0.238787878788	0.316536550745	0.367971029072	0.271121577863	0.266511108857	0.226158310818	0.48993220682	0.26112970287	0.370207667732	0.284504486339	0.141967871486	0.166903265058	0.499554323066	0.240733279613	0.134520276954
73	1	1	0	0.0	0.113408209919	0.0	0.0	0.134747593793	0.130734876167	0.179954888693	0.137097582991	0.23044124938	0.0	0.277588624074	0.0	0.0	0.124704258675	0.223007063572	0.0	0.172468669186	0.0	0.260961383749	0.114978061428
74	1	1	0	0.0	0.133326553442	0.153238866397	0.251030826625	0.0	0.125594094448	0.0	0.13263874975	0.0	0.0	0.0	0.0	0.0	0.150732383215	0.0	0.0	0.170510132774	0.0	0.0	0.139853928148
75	1	1	0	0.494226557834	0.385860391222	0.291771073469	0.507339988256	0.158862710011	0.247376916868	0.322964592919	0.368541562967	0.263230511481	0.262975071516	0.218574859888	0.21916422139	0.254805806199	0.378402722178	0.0	0.137746336534	0.176885841065	0.215830924135	0.245559768509	0.130246166263
76	1	1	0	0.0	0.127331060758	0.157059808848	0.255960099751	0.0	0.125784889609	0.0	0.130642052947	0.0	0.0	0.0	0.0	0.0	0.14614288622	0.0	0.0	0.169650895269	0.0	0.0	0.131670476001
77	1	1	0	0.500547318141	0.388021092429	0.497575757576	0.505265310295	0.3675443846	0.246193910256	0.314096119043	0.360552886972	0.269363251648	0.265358956487	0.229299363057	0.499949295203	0.257650742349	0.376452905812	0.278104111809	0.136989032901	0.1755016472	0.502252928807	0.241972137141	0.134548697117
78	1	1	0	0.493899959333	0.388277298423	0.285395537525	0.503348325837	0.161283989398	0.249362049607	0.322304794869	0.363194926172	0.269354514378	0.258009781415	0.222233320016	0.213662353295	0.258000199382	0.372053193633	0.0	0.136418632789	0.170829170829	0.213475318471	0.236692759295	0.129580886819
79	1	1	0	0.0	0.104234527687	0.0	0.0	0.129981792434	0.131321287978	0.176375730699	0.133981738785	0.223408461843	0.0	0.280337247817	0.0	0.0	0.119420749851	0.220077992201	0.0	0.184257781325	0.0	0.261466052473	0.112106730386
80	1	1	0	0.0	0.0	0.0	0.0	0.0	0.120875854553	0.0	0.0	0.0	0.0	0.0	0.0	0.235593220339	0.0	0.0	0.186138413213	0.0	0.0	0.0	0.125862068966
81	1	1	0	0.0	0.108145787692	0.0	0.0	0.132944038929	0.133353251668	0.185247691849	0.137448235062	0.226828038326	0.0	0.284438647537	0.0	0.0	0.126682501979	0.219143576826	0.0	0.176779694626	0.0	0.263962897178	0.114388561144
82	1	1	0	0.0	0.108663144253	0.0	0.0	0.132282385195	0.128754940711	0.185079333793	0.137031484258	0.235435918039	0.0	0.276089159068	0.0	0.0	0.12760261749	0.228582906498	0.0	0.181557903051	0.0	0.268380514154	0.119204626154
83	1	1	0	0.501440349657	0.393060125636	0.290001006948	0.498390989541	0.155801104972	0.257064443993	0.313587448456	0.359407407407	0.270887597676	0.267905575088	0.222056335224	0.201454104817	0.259540479243	0.378386699507	0.0	0.140868873645	0.173135852911	0.205351712954	0.249166750833	0.130594788144
84	1	1	0	0.0	0.0	0.0	0.0	0.0	0.0	0.0	0.0	0.0	0.232576903681	0.0	0.0	0.0	0.0	0.0	0.17337675153	0.152985819852	0.0	0.0	0.122119581768
85	1	1	0	0.0	0.135441527446	0.161748413738	0.249772933697	0.0	0.124739712444	0.0	0.122927216761	0.0	0.0	0.0	0.0	0.0	0.147721582374	0.0	0.0	0.168923663356	0.0	0.0	0.134294005804
86	1	1	0	0.0990627834324	0.0	0.0	0.0	0.0	0.0	0.0	0.0	0.0	0.0	0.0	0.0	0.0	0.111414141414	0.0	0.14196054991	0.0	0.0	0.0	0.0
87	1	1	0	0.0	0.114576137373	0.0	0.0	0.130704339872	0.130868135154	0.183574879227	0.143013317432	0.226164519326	0.0	0.275222033729	0.0	0.0	0.122054618949	0.222051597052	0.0	0.179189028026	0.0	0.258184748665	0.114036824391
88	1	1	0	0.0	0.104447371087	0.0	0.0	0.130295443165	0.0	0.0	0.0	0.227589641434	0.0	0.0	0.0	0.0	0.122699386503	0.0	0.0	0.0	0.0	0.0	0.114513846776
89	1	1	0	0.0	0.0	0.0	0.0	0.0	0.114899853444	0.0	0.0	0.0	0.0	0.0	0.0	0.230285486125	0.0	0.0	0.185105128709	0.0	0.0	0.0	0.129857256146
90	1	1	0	0.497955112219	0.385075818037	0.293061961099	0.494262049696	0.157778668805	0.247813121272	0.31588953372	0.362977867203	0.269849049206	0.274439102564	0.215692153923	0.211592458885	0.260029571217	0.376338602754	0.0	0.141543746211	0.169032387045	0.21305876444	0.242978379471	0.140202702703
91	1	1	0	0.0	0.110232227969	0.0	0.0	0.132557677009	0.0	0.0	0.0	0.233390985858	0.0	0.0	0.0	0.0	0.122152791776	0.0	0.0	0.0	0.0	0.0	0.113035551504
92	1	1	0	0.0	0.112916006339	0.0	0.0	0.129735704954	0.0	0.0	0.0	0.225813028851	0.0	0.0	0.0	0.0	0.120893173323	0.0	0.0	0.0	0.0	0.0	0.118422356555
93	1	1	0	0.0	0.0	0.0	0.0	0.0	0.0	0.0	0.0	0.0	0.239789196311	0.0	0.0	0.0	0.0	0.0	0.176971858898	0.145723233509	0.0	0.0	0.118259129565
94	1	1	0	0.115531062124	0.0	0.132162108205	0.0	0.0	0.0	0.142546030489	0.109315778975	0.0	0.0	0.211546104928	0.0	0.0	0.128774422735	0.0	0.0	0.0	0.0	0.0	0.0
95	1	1	0	0.0	0.10732096549	0.0	0.0	0.129140709977	0.0	0.0	0.0	0.232153569286	0.0	0.0	0.0	0.0	0.12254610351	0.0	0.0	0.0	0.0	0.0	0.112858555885
96	1	1	0	0.133907125701	0.132879727837	0.0	0.24843075716	0.0	0.129137115839	0.171729323308	0.124099279424	0.265684890054	0.0	0.0	0.206857956858	0.0	0.0	0.0	0.0	0.0	0.211952744962	0.244664031621	0.0
97	1	1	0	0.102998306604	0.0	0.0	0.0	0.0	0.0	0.0	0.0	0.0	0.0	0.0	0.0	0.0	0.110074059044	0.0	0.140473300971	0.0	0.0	0.0	0.0
98	1	1	0	0.0	0.112013638187	0.0	0.0	0.125396196513	0.0	0.0	0.0	0.223719947691	0.0	0.0	0.0	0.0	0.124347559103	0.0	0.0	0.0	0.0	0.0	0.116940772879
99	1	1	0	0.0	0.109486843432	0.0	0.0	0.132421913981	0.126006161185	0.184619958379	0.127972027972	0.228813559322	0.0	0.284105502321	0.0	0.0	0.119069482706	0.221699058305	0.0	0.182558841279	0.0	0.255400767212	0.113499397348
100	1	1	0	0.0	0.109566968781	0.0	0.0	0.133877304322	0.13149448345	0.178347689898	0.142282554047	0.229852555039	0.0	0.279709856916	0.0	0.0	0.124208622249	0.226563276668	0.0	0.176344524952	0.0	0.252320590877	0.114374188393
