Chromosome	Position	Change	Gene	sample0	sample1	sample2	sample3	sample4
1	0	G>C	1	317	0	159	0	0
1	1	T>C	1	0	234	0	168	140
1	2	A>C	1	0	0	0	154	0
1	3	A>C	1	0	0	0	186	0
1	4	A>C	1	0	263	0	150	164
1	5	C>G	1	0	265	187	0	0
1	6	C>T	1	0	0	0	188	0
1	7	C>T	1	0	244	0	161	161
1	8	C>T	1	277	0	148	0	0
1	9	G>T	1	0	0	0	184	0
1	10	A>C	1	293	0	169	0	0
1	11	C>T	1	0	0	158	0	138
1	12	A>T	1	279	0	143	0	0
1	13	A>G	1	0	0	0	0	0
1	14	T>C	1	0	0	0	177	0
1	15	C>T	1	0	0	0	162	0
1	16	T>G	1	0	0	0	179	0
1	17	T>C	1	279	0	160	0	0
1	18	G>T	1	297	0	155	0	0
1	19	A>T	1	294	0	120	0	0
1	20	C>A	1	0	0	0	0	0
1	21	C>A	1	0	236	0	148	168
1	22	C>G	1	0	273	198	0	0
1	23	C>G	1	251	0	142	0	0
1	24	A>T	1	203	0	0	145	0
1	25	A>C	1	292	0	133	0	0
1	26	G>T	1	0	0	0	145	0
1	27	A>C	1	0	0	0	156	0
1	28	A>G	1	0	0	0	162	0
1	29	G>A	1	287	0	161	0	0
1	30	G>A	1	0	0	0	156	0
1	31	C>G	1	217	0	0	142	0
1	32	C>G	1	0	0	0	208	0
1	33	C>T	1	269	0	159	0	0
1	34	C>A	1	0	0	0	0	0
1	35	G>C	1	0	0	157	0	160
1	36	G>C	1	0	0	164	0	142
1	37	T>G	1	0	0	0	189	0
1	38	C>T	1	0	0	0	142	0
1	39	G>A	1	0	0	0	139	0
1	40	C>A	1	0	0	0	167	0
1	41	A>G	1	218	0	0	143	0
1	42	C>T	1	287	0	150	0	0
1	43	C>T	1	0	0	156	0	149
1	44	C>T	1	0	0	0	156	0
1	45	T>C	1	0	0	168	0	145
1	46	A>G	1	0	0	0	184	0
1	47	G>C	1	299	0	168	0	0
1	48	T>G	1	0	0	0	135	0
1	49	C>A	1	0	0	0	146	0
1	50	C>T	1	291	227	152	162	345
1	51	T>G	1	0	0	176	0	158
1	52	C>G	1	290	0	162	0	0
1	53	C>G	1	0	0	142	0	131
1	54	T>C	1	0	263	0	169	159
1	55	A>C	1	0	250	0	142	195
1	56	C>A	1	220	0	0	156	0
1	57	A>C	1	0	0	0	153	0
1	58	C>A	1	0	0	0	209	0
1	59	A>T	1	0	0	0	136	0
1	60	T>A	1	289	0	156	0	0
1	61	G>T	1	0	0	0	171	0
1	62	T>G	1	0	0	0	0	0
1	63	A>T	1	299	0	148	0	0
1	64	A>C	1	0	251	0	132	178
1	65	T>G	1	0	0	0	141	0
1	66	C>G	1	0	0	0	176	0
1	67	A>G	1	250	0	166	0	0
1	68	G>C	1	0	0	0	149	0
1	69	C>G	1	0	282	200	0	0
1	70	C>G	1	0	0	0	185	0
1	71	C>G	1	0	0	0	152	0
1	72	G>A	1	298	0	157	0	0
1	73	A>C	1	0	0	0	160	0
1	74	T>G	1	0	0	0	157	0
1	75	G>C	1	0	0	0	153	0
1	76	A>C	1	0	0	0	0	0
1	77	C>A	1	0	0	160	0	149
1	78	C>A	1	256	249	165	169	336
1	79	A>T	1	285	0	167	0	0
1	80	C>T	1	0	0	0	208	0
1	81	C>T	1	0	0	0	140	0
1	82	C>G	1	289	0	145	0	0
1	83	A>T	1	277	0	158	0	0
1	84	T>G	1	0	0	0	136	0
1	85	G>A	1	0	0	0	136	0
1	86	A>T	1	0	0	0	138	0
1	87	A>C	1	0	0	0	193	0
1	88	T>G	1	0	0	0	144	0
1	89	C>T	1	0	231	0	156	158
1	90	T>C	1	0	0	0	137	0
1	91	A>C	1	233	0	0	150	0
1	92	C>A	1	0	0	0	143	0
1	93	A>G	1	191	0	0	166	0
1	94	C>A	1	0	0	0	0	0
1	95	G>T	1	244	257	172	170	354
1	96	C>T	1	232	0	0	138	0
1	97	A>G	1	0	0	138	0	152
1	98	C>T	1	0	0	0	145	0
1	99	G>C	1	0	0	0	142	0
