gene_id	sample0	sample0	sample1	sample1	sample2	sample2	sample3	sample3	sample4	sample4	sample5	sample5	sample6	sample6	sample7	sample7	sample8	sample8	sample9	sample9
0	8938	1036	7616	2435	10002	0	7593	2476	10013	0	9857	0	10047	0	9997	0	10150	0	9888	0
1	9885	0	9864	0	8703	1344	10036	0	10122	0	9935	0	9005	1099	10166	0	10270	0	10071	0
2	9943	0	10000	0	8514	1355	9913	0	9886	0	9849	0	8876	992	10216	0	9910	0	9894	0
3	8876	1082	7355	2640	10013	0	7421	2518	9914	0	9934	0	9995	0	9010	961	8901	1011	8030	1942
4	10197	0	9992	0	9864	0	10039	0	9963	0	7937	2097	9787	0	10199	0	9165	917	9917	0
5	10002	0	9863	0	8689	1431	10045	0	10186	0	10058	0	9079	1107	10140	0	9982	0	9858	0
6	7494	2524	7479	2593	10148	0	7391	2595	7355	2507	10018	0	8908	1202	7635	2439	7482	2575	4992	4941
7	8549	1454	10051	0	8443	1573	10027	0	10039	0	9914	0	9854	0	8728	1279	10014	0	10067	0
8	9977	0	10132	0	9998	0	10053	0	10016	0	7874	2141	10063	0	10119	0	8825	1003	9973	0
9	10026	0	9985	0	8634	1444	10048	0	10015	0	10067	0	8849	1030	9958	0	10065	0	10004	0
10	8983	1078	7568	2463	10261	0	7292	2421	10061	0	9982	0	9756	0	9962	0	10067	0	9998	0
11	8980	1059	7551	2411	10069	0	7628	2353	10118	0	9821	0	9966	0	10116	0	10024	0	10038	0
12	9001	1027	7466	2356	9994	0	7515	2494	9960	0	9952	0	10058	0	9815	0	10012	0	10036	0
13	8941	1071	7615	2428	10099	0	7526	2431	9945	0	10026	0	10075	0	9858	0	10030	0	10061	0
14	9013	1073	7548	2664	10108	0	7444	2556	10042	0	10125	0	10080	0	9177	925	9052	1012	8067	1976
15	7502	2593	7479	2493	9928	0	7311	2523	7357	2516	10076	0	8726	1169	7610	2441	7498	2502	4931	4998
16	8922	1121	7614	2415	10009	0	7529	2460	10001	0	9999	0	9995	0	10035	0	10154	0	10035	0
17	9846	0	10071	0	8633	1366	9853	0	10059	0	10012	0	8908	1007	9806	0	9975	0	10094	0
18	8741	1486	10226	0	8508	1621	9923	0	9838	0	9844	0	10106	0	8742	1201	9981	0	10121	0
19	10011	0	10092	0	8600	1433	10143	0	9908	0	10171	0	8872	1056	10106	0	9945	0	10020	0
20	10032	0	9940	0	8621	1349	9947	0	9973	0	10037	0	8917	1086	10192	0	10229	0	10238	0
21	8829	1381	10066	0	7740	2067	10151	0	9830	0	7762	2064	7259	2743	9941	0	8978	1005	9960	0
22	9937	0	10159	0	10099	0	10065	0	10013	0	7109	2950	8599	1214	10020	0	10011	0	10042	0
23	8929	1060	7659	2459	10079	0	7678	2371	10047	0	9883	0	9945	0	10238	0	9911	0	9991	0
24	8548	1306	9953	0	8010	2089	10165	0	10050	0	7770	2187	7247	2682	10108	0	8911	976	10079	0
25	8900	1053	7635	2421	10084	0	7594	2497	9997	0	9950	0	9956	0	10139	0	9859	0	10159	0
26	10048	0	10067	0	8558	1394	9995	0	10163	0	9840	0	8841	1067	10014	0	9794	0	9972	0
27	10018	0	10024	0	8585	1367	10143	0	10041	0	9976	0	8925	1085	10074	0	9844	0	9953	0
28	9998	0	9784	0	8406	1386	10057	0	9901	0	10101	0	9003	1005	9964	0	9942	0	9850	0
29	8987	1076	7493	2434	10134	0	7720	2571	10108	0	9944	0	10037	0	9910	0	10121	0	10179	0
30	8898	1058	7574	2405	10078	0	7589	2437	10077	0	10040	0	10122	0	10044	0	9961	0	10182	0
31	10090	0	10054	0	9950	0	9852	0	10021	0	7849	2151	10169	0	10049	0	9088	1001	9953	0
32	8534	1471	9910	0	7936	2006	9996	0	9975	0	7760	2070	7250	2753	9983	0	8905	990	9993	0
33	10044	0	10053	0	10123	0	10070	0	9944	0	7978	2101	10044	0	9939	0	8983	998	9956	0
34	9932	0	10020	0	8701	1359	9940	0	10049	0	10179	0	9041	1061	10056	0	9981	0	9774	0
35	9034	1059	7554	2412	10007	0	7542	2512	9937	0	9839	0	10087	0	9956	0	10079	0	9856	0
36	10100	0	10013	0	8566	1372	9802	0	9795	0	9935	0	9047	1061	9963	0	10018	0	9713	0
37	10044	0	9996	0	8793	1417	9861	0	10170	0	9885	0	8970	1050	9789	0	10096	0	10093	0
38	7433	2532	7517	2495	9893	0	7444	2669	7343	2551	10081	0	8946	1155	7600	2462	7475	2614	4997	5031
39	10135	0	9928	0	10107	0	9992	0	10015	0	7907	2125	10003	0	9914	0	9130	984	10055	0
40	8529	1437	10001	0	8186	1558	9933	0	10025	0	10177	0	10055	0	8772	1192	9904	0	10138	0
41	10040	0	9917	0	9985	0	9877	0	9956	0	7034	2835	8724	1240	10116	0	9947	0	10023	0
42	9989	0	10114	0	10095	0	10098	0	10210	0	7845	2093	10059	0	9952	0	9007	984	9980	0
43	8505	1362	10002	0	7902	2058	10223	0	10083	0	8021	2137	7256	2777	9901	0	8886	988	9910	0
44	10124	0	10005	0	8570	1382	9850	0	9956	0	10067	0	8936	1033	10026	0	9892	0	9887	0
45	8561	1374	10219	0	8095	2021	9836	0	9839	0	7831	2156	7255	2718	9828	0	9084	930	9942	0
46	10042	0	9915	0	8461	1418	9973	0	10146	0	9973	0	8909	1037	9971	0	10066	0	9923	0
47	7536	2538	7334	2603	10265	0	7273	2588	7444	2538	10023	0	8894	1129	7623	2427	7298	2571	5038	5009
48	9948	0	10115	0	10116	0	10090	0	10007	0	7938	2086	10003	0	10045	0	9039	989	10044	0
49	8959	1104	7295	2634	9948	0	7569	2562	9846	0	10168	0	10064	0	9108	944	8962	994	8155	1943
50	7367	2457	7415	2603	10051	0	7474	2571	7528	2576	10044	0	8751	1179	7656	2417	7295	2495	4947	5106
51	10257	0	9962	0	10008	0	9881	0	9918	0	7948	2098	10108	0	9875	0	8977	969	10007	0
52	8706	1449	10081	0	7857	2019	10136	0	9917	0	7920	2101	7209	2718	9830	0	8983	938	10007	0
53	8668	1379	9968	0	8001	2039	9966	0	9931	0	7855	2058	7330	2725	9871	0	8819	1023	10020	0
54	10004	0	9926	0	8671	1420	9914	0	10040	0	9944	0	9029	1074	9939	0	10166	0	10017	0
55	8842	1068	7571	2354	9999	0	7449	2408	9880	0	9926	0	10011	0	10044	0	10120	0	9910	0
56	7481	2472	7618	2592	9927	0	7532	2560	7280	2604	10082	0	8793	1159	7544	2398	7381	2596	4997	4969
57	10028	0	10015	0	8499	1378	10027	0	9910	0	9956	0	9056	1062	10055	0	10140	0	9876	0
58	9986	0	10029	0	9915	0	10023	0	10150	0	8028	2213	10049	0	9896	0	9104	993	10102	0
59	9057	1013	7560	2439	10130	0	7585	2513	9939	0	10044	0	10160	0	10193	0	10116	0	9933	0
60	8519	1468	10065	0	8385	1558	10001	0	9953	0	10040	0	9874	0	8851	1209	9980	0	10001	0
61	9936	0	9869	0	10016	0	10078	0	10059	0	7690	2153	10046	0	9951	0	8935	941	10045	0
62	7583	2472	7435	2565	9889	0	7509	2525	7524	2600	10050	0	8727	1161	7522	2429	7619	2546	5002	4993
63	10031	0	9960	0	8599	1375	10105	0	10154	0	10186	0	8963	1099	10126	0	9992	0	10105	0
64	10018	0	9798	0	8745	1377	9898	0	9977	0	9962	0	9048	1114	9903	0	9978	0	9897	0
65	9944	0	10150	0	8632	1407	9857	0	10186	0	9951	0	8905	1078	9946	0	10038	0	9903	0
66	8976	1120	7401	2512	10055	0	7536	2533	7620	2590	9886	0	9931	0	7591	2362	7494	2524	5057	5017
67	8722	1333	10012	0	7971	1961	9938	0	10099	0	7834	2125	7298	2731	9944	0	9108	989	9819	0
68	8528	1486	10018	0	8462	1630	9898	0	7535	2521	9871	0	10131	0	7313	2576	8493	1465	9837	0
69	9836	0	10026	0	10123	0	10023	0	9959	0	7931	2105	9962	0	9923	0	9062	976	10142	0
70	9048	1069	7615	2351	9980	0	7526	2427	9943	0	10178	0	10066	0	9742	0	10023	0	9981	0
71	7435	2550	7338	2582	10051	0	7425	2524	7556	2636	10181	0	8692	1161	7455	2324	7533	2551	5014	4991
72	8730	1337	9996	0	7912	2026	10031	0	9846	0	7800	2206	7300	2646	10166	0	8669	984	10023	0
73	7493	2619	7537	2490	10180	0	7452	2602	7412	2606	9945	0	8733	1171	7628	2382	7397	2523	4965	5032
74	8752	1403	9907	0	8147	2019	10052	0	9933	0	7935	2127	7202	2619	9883	0	9013	940	10052	0
75	10021	0	9965	0	8677	1413	9824	0	9951	0	10104	0	8914	1158	10009	0	9967	0	10097	0
76	8484	1435	10053	0	8328	1609	9767	0	10012	0	9902	0	9999	0	8885	1254	9853	0	10101	0
77	10025	0	9843	0	8670	1444	9819	0	10125	0	9934	0	8941	1090	9968	0	10160	0	10080	0
78	7441	2492	7552	2479	10071	0	7419	2533	7389	2683	9819	0	8769	1091	7500	2366	7301	2462	5016	4950
79	7626	2511	7362	2545	9888	0	7556	2499	7554	2526	9942	0	8866	1117	7669	2489	7546	2594	4883	4876
80	8935	1080	7547	2547	10186	0	7307	2538	7454	2560	9837	0	10017	0	7539	2347	7348	2599	5035	4942
81	8903	999	7606	2421	10068	0	7516	2403	10073	0	10258	0	9945	0	10135	0	9864	0	10088	0
82	10033	0	10017	0	8736	1375	10114	0	10083	0	10092	0	8808	1105	9928	0	10028	0	9832	0
83	8606	1466	10230	0	8006	2016	10029	0	9928	0	7760	2129	7228	2719	9933	0	9169	973	9949	0
84	8939	1050	7613	2583	9816	0	7549	2539	9902	0	9988	0	9965	0	8997	940	8933	958	7808	2024
85	9944	0	10087	0	8487	1327	9941	0	10133	0	9944	0	8996	1075	9892	0	10046	0	10022	0
86	9919	0	10105	0	9970	0	10000	0	9881	0	8010	2264	9819	0	10081	0	9096	976	9941	0
87	9863	0	10091	0	8456	1411	10064	0	10004	0	10030	0	9229	1122	9818	0	9865	0	9962	0
88	7378	2503	7453	2564	9976	0	7524	2651	7405	2561	10112	0	8667	1173	7662	2364	7520	2462	5025	4843
89	8346	1473	9990	0	8539	1610	10052	0	10047	0	10036	0	9863	0	8860	1257	9799	0	10006	0
90	8473	1482	10018	0	8494	1597	10053	0	7588	2396	9940	0	10157	0	7307	2612	8533	1447	10046	0
91	9954	0	10101	0	8603	1439	9977	0	10024	0	9987	0	8945	1065	10010	0	10091	0	10092	0
92	10116	0	10032	0	8695	1434	9966	0	9933	0	10062	0	8965	1062	9989	0	9927	0	10010	0
93	7396	2560	7420	2499	10062	0	7466	2579	7538	2608	9766	0	8866	1151	7641	2339	7523	2568	5009	4989
94	8902	1029	7498	2562	10190	0	7491	2302	9849	0	9953	0	10000	0	10076	0	10015	0	9982	0
95	9959	0	9908	0	8488	1437	9900	0	10131	0	10121	0	8952	1045	10013	0	9967	0	10145	0
96	8804	1088	7476	2501	9943	0	7395	2411	9960	0	9979	0	10060	0	10024	0	10050	0	10060	0
97	8553	1415	10048	0	8023	2079	10098	0	9996	0	8000	2096	7428	2575	9969	0	8921	1027	9861	0
98	9859	0	10010	0	9929	0	9987	0	10046	0	7737	2123	9989	0	9962	0	8968	997	9893	0
99	9818	0	9951	0	9993	0	9827	0	9854	0	7117	2849	8748	1238	10168	0	10088	0	10022	0
