Num_mutations: 100
Num_samples: 5
Error_rate: 0.050000

0.000000000000000000e+00 8.294243070362473658e-01 5.005257623554153490e-01 5.020661157024793875e-01 2.054794520547945091e-01
1.092419522326064429e+00 9.837631327602673892e-01 1.004008016032064132e+00 9.861660079051383088e-01 1.007007007007006960e+00
0.000000000000000000e+00 5.657202944269190681e-01 3.182256509161041635e-01 3.208879919273461279e-01 0.000000000000000000e+00
2.924528301886792359e-01 7.879417879417879300e-01 4.848484848484848619e-01 4.752667313288069795e-01 7.204610951008645348e-01
0.000000000000000000e+00 8.680351906158357833e-01 4.665981500513874392e-01 5.265225933202357655e-01 2.361111111111111049e-01
0.000000000000000000e+00 5.429141716566866505e-01 2.977867203219315972e-01 3.139293139293139467e-01 0.000000000000000000e+00
3.289606458123107702e-01 8.244575936883629108e-01 5.291113381001021354e-01 5.265188042430086757e-01 6.930693069306930187e-01
0.000000000000000000e+00 3.544554455445544372e-01 2.860020140986908599e-01 3.054474708171206476e-01 0.000000000000000000e+00
3.216374269005847775e-01 8.146679881070366669e-01 4.433094994892747831e-01 5.463709677419354982e-01 6.925373134328358660e-01
0.000000000000000000e+00 5.256038647342995418e-01 3.048897411313518657e-01 3.271221532091097561e-01 0.000000000000000000e+00
1.013806706114398493e+00 8.109243697478991653e-01 9.990089197224975015e-01 8.129423660262892204e-01 1.034280117531831467e+00
2.977412731006160440e-01 7.620020429009193297e-01 4.859999999999999876e-01 5.381443298969071920e-01 7.408993576017131044e-01
0.000000000000000000e+00 7.234449760765550019e-01 4.799999999999999822e-01 5.297184567257560150e-01 2.106299212598425064e-01
0.000000000000000000e+00 3.308900523560209250e-01 3.582089552238805763e-01 3.379446640316205452e-01 0.000000000000000000e+00
0.000000000000000000e+00 7.568113017154389777e-01 4.887983706720977484e-01 5.310621242484969695e-01 2.159329140461215824e-01
3.255813953488372325e-01 0.000000000000000000e+00 2.420749279538904897e-01 0.000000000000000000e+00 0.000000000000000000e+00
0.000000000000000000e+00 3.309644670050761461e-01 2.881844380403458250e-01 3.082706766917293062e-01 0.000000000000000000e+00
0.000000000000000000e+00 8.024819027921406001e-01 5.042016806722688926e-01 5.449041372351159929e-01 1.892166836215666281e-01
0.000000000000000000e+00 7.802874743326488893e-01 5.111821086261980618e-01 5.034965034965035446e-01 2.463465553235908156e-01
3.407258064516128782e-01 7.854545454545454053e-01 4.958333333333333481e-01 5.270541082164328373e-01 6.868475991649268808e-01
0.000000000000000000e+00 3.255360623781676233e-01 2.857142857142856984e-01 2.710187932739861472e-01 0.000000000000000000e+00
3.132295719844357951e-01 8.201005025125628345e-01 4.716417910447761042e-01 5.364850976361767998e-01 6.967471143756558405e-01
9.579158316633266113e-01 1.042279411764705843e+00 9.949443882709807507e-01 1.000000000000000000e+00 9.813542688910696921e-01
1.013333333333333419e+00 1.031031031031031109e+00 9.931840311587146752e-01 9.384164222873900840e-01 1.003976143141153132e+00
0.000000000000000000e+00 8.167330677290837171e-01 4.967320261437908613e-01 5.059523809523809312e-01 2.110655737704918156e-01
2.729044834307992051e-01 0.000000000000000000e+00 2.458536585365853622e-01 0.000000000000000000e+00 0.000000000000000000e+00
0.000000000000000000e+00 7.859237536656891177e-01 5.513513513513513820e-01 5.121241513094083597e-01 2.143579373104145536e-01
3.089267803410230551e-01 0.000000000000000000e+00 2.282282282282282193e-01 0.000000000000000000e+00 0.000000000000000000e+00
0.000000000000000000e+00 5.869776482021380470e-01 3.123123123123123235e-01 2.953846153846154121e-01 0.000000000000000000e+00
0.000000000000000000e+00 3.182275931520644474e-01 3.119266055045871733e-01 3.116634799235181719e-01 0.000000000000000000e+00
0.000000000000000000e+00 7.813411078717200642e-01 5.038167938931297218e-01 5.217391304347825942e-01 2.082912032355914989e-01
0.000000000000000000e+00 8.429268292682926544e-01 5.819265143992055078e-01 5.285714285714285809e-01 1.895161290322580627e-01
0.000000000000000000e+00 6.136145733461170204e-01 2.923387096774193727e-01 3.663967611336032548e-01 0.000000000000000000e+00
0.000000000000000000e+00 5.661914460285132344e-01 2.959285004965243049e-01 2.713864306784660729e-01 0.000000000000000000e+00
2.919847328244274953e-01 0.000000000000000000e+00 0.000000000000000000e+00 0.000000000000000000e+00 2.625250501002003856e-01
0.000000000000000000e+00 8.413001912045888764e-01 4.872579001019368139e-01 5.463812436289500196e-01 2.278481012658227778e-01
3.197492163009404420e-01 0.000000000000000000e+00 2.453748782862706923e-01 0.000000000000000000e+00 0.000000000000000000e+00
3.423597678916827647e-01 0.000000000000000000e+00 2.078431372549019718e-01 0.000000000000000000e+00 0.000000000000000000e+00
3.176470588235293935e-01 8.103277060575968527e-01 4.850361197110423239e-01 5.450980392156862253e-01 6.386386386386386782e-01
0.000000000000000000e+00 7.847847847847847502e-01 4.691607684529828237e-01 5.020325203252032908e-01 2.373225152129817550e-01
0.000000000000000000e+00 6.175298804780876560e-01 2.999999999999999889e-01 3.025048169556839861e-01 0.000000000000000000e+00
0.000000000000000000e+00 5.081300813008130524e-01 2.471264367816091989e-01 2.937062937062936974e-01 0.000000000000000000e+00
2.880829015544041360e-01 8.071928071928071713e-01 4.952978056426332043e-01 5.200391006842619568e-01 7.165048543689320759e-01
0.000000000000000000e+00 8.379999999999999671e-01 4.842958459979736507e-01 5.071770334928229484e-01 2.154471544715447218e-01
0.000000000000000000e+00 9.040816326530611846e-01 5.475444096133751382e-01 5.527343750000000000e-01 2.027168234064785912e-01
0.000000000000000000e+00 8.318584070796459784e-01 5.176946410515672614e-01 5.080645161290322509e-01 2.555910543130990309e-01
2.842430484037075100e-01 7.938775510204081343e-01 4.936585365853658480e-01 5.310410697230181221e-01 7.253384912959380815e-01
0.000000000000000000e+00 3.473170731707316827e-01 2.921810699588477389e-01 3.542976939203354436e-01 0.000000000000000000e+00
0.000000000000000000e+00 5.847953216374268681e-01 2.732793522267206732e-01 3.266533066132264462e-01 0.000000000000000000e+00
0.000000000000000000e+00 5.224327018943170087e-01 3.295803480040941924e-01 2.930186823992133593e-01 0.000000000000000000e+00
0.000000000000000000e+00 5.498084291187739225e-01 2.868769074262461638e-01 3.276381909547738669e-01 0.000000000000000000e+00
3.026052104208417082e-01 0.000000000000000000e+00 2.306940371456500383e-01 0.000000000000000000e+00 0.000000000000000000e+00
0.000000000000000000e+00 5.702647657841140028e-01 2.706002034587995930e-01 3.411167512690355119e-01 0.000000000000000000e+00
0.000000000000000000e+00 3.668993020937188487e-01 2.964388835418672041e-01 3.537832310838445737e-01 0.000000000000000000e+00
3.104761904761904612e-01 0.000000000000000000e+00 2.365145228215767559e-01 0.000000000000000000e+00 0.000000000000000000e+00
0.000000000000000000e+00 5.242105263157894601e-01 2.869109947643979086e-01 3.185483870967741882e-01 0.000000000000000000e+00
3.244274809160305195e-01 0.000000000000000000e+00 2.280193236714975757e-01 0.000000000000000000e+00 0.000000000000000000e+00
3.195266272189349332e-01 8.132530120481927804e-01 4.844961240310077244e-01 4.901960784313725283e-01 6.584615384615384315e-01
9.746192893401015578e-01 7.649325626204238615e-01 9.970674486803519088e-01 8.479532163742690143e-01 9.708171206225680860e-01
3.289606458123107702e-01 0.000000000000000000e+00 1.987829614604462447e-01 0.000000000000000000e+00 0.000000000000000000e+00
0.000000000000000000e+00 5.311871227364185488e-01 2.896281800391389272e-01 2.757242757242757136e-01 0.000000000000000000e+00
0.000000000000000000e+00 8.577075098814229692e-01 5.000000000000000000e-01 5.810526315789473761e-01 2.194417709335899913e-01
0.000000000000000000e+00 8.399999999999999689e-01 5.332050048123195829e-01 5.363908275174477103e-01 2.104265402843601973e-01
9.961685823754788949e-01 8.282025819265144140e-01 9.779904306220095211e-01 8.433497536945813167e-01 1.038026721479958780e+00
3.126903553299492655e-01 0.000000000000000000e+00 2.656095143706640460e-01 0.000000000000000000e+00 0.000000000000000000e+00
0.000000000000000000e+00 5.914691943127962093e-01 2.917103882476390075e-01 3.170731707317073211e-01 0.000000000000000000e+00
0.000000000000000000e+00 7.450980392156862919e-01 5.193260654112983321e-01 5.334728033472803110e-01 2.244289970208540319e-01
3.631232361241768514e-01 0.000000000000000000e+00 0.000000000000000000e+00 0.000000000000000000e+00 2.356435643564356308e-01
0.000000000000000000e+00 8.087535680304471786e-01 4.871794871794871695e-01 5.214659685863873850e-01 2.055888223552894134e-01
3.181818181818181768e-01 7.557692307692307487e-01 5.322896281800391094e-01 5.294117647058823595e-01 6.976264189886480782e-01
2.459349593495935016e-01 0.000000000000000000e+00 2.210849539406345987e-01 0.000000000000000000e+00 0.000000000000000000e+00
9.942307692307692513e-01 9.927159209157128128e-01 1.000000000000000000e+00 9.774127310061602181e-01 1.032640949554896048e+00
3.264094955489614258e-01 7.817460317460317443e-01 5.268389662027832543e-01 5.175718849840255098e-01 6.855468750000000000e-01
0.000000000000000000e+00 3.571428571428571508e-01 3.278350515463917536e-01 3.300395256916995868e-01 0.000000000000000000e+00
0.000000000000000000e+00 5.803842264914054194e-01 2.757955641272902825e-01 3.459999999999999742e-01 0.000000000000000000e+00
0.000000000000000000e+00 3.584521384928716636e-01 2.980392156862745057e-01 3.559999999999999831e-01 0.000000000000000000e+00
3.090047393364929174e-01 0.000000000000000000e+00 2.588932806324110714e-01 0.000000000000000000e+00 0.000000000000000000e+00
1.033707865168539408e+00 9.441117764471057550e-01 1.003795066413662340e+00 9.881337648327939149e-01 9.305019305019305298e-01
3.395853899308983181e-01 0.000000000000000000e+00 2.352941176470588203e-01 0.000000000000000000e+00 0.000000000000000000e+00
2.961460446247464739e-01 7.873210633946829962e-01 4.641833810888252310e-01 4.978902953586498148e-01 6.928104575163398504e-01
9.531250000000000000e-01 8.176100628930818015e-01 1.032987747408105506e+00 8.034351145038167719e-01 9.672801635991820079e-01
0.000000000000000000e+00 7.564356435643564414e-01 5.218274111675127447e-01 5.095285857572717791e-01 2.015503875968992220e-01
0.000000000000000000e+00 7.940000000000000391e-01 4.813695871097684043e-01 5.422314911366006296e-01 1.970149253731343364e-01
0.000000000000000000e+00 3.547334058759521458e-01 2.842942345924453496e-01 3.459244532803180672e-01 0.000000000000000000e+00
1.009940357852882720e+00 8.103277060575968527e-01 9.923664122137404453e-01 7.933398628795298446e-01 9.236641221374045641e-01
9.925233644859813298e-01 1.001029866117404632e+00 9.883945841392649534e-01 9.310710498409331404e-01 9.371884346959122869e-01
0.000000000000000000e+00 8.055832502492522584e-01 4.879518072289156794e-01 5.094152626362735692e-01 2.332361516034985316e-01
0.000000000000000000e+00 3.210116731517509980e-01 3.186582809224318691e-01 3.254901960784313819e-01 0.000000000000000000e+00
0.000000000000000000e+00 5.397784491440080767e-01 3.650952858575727267e-01 2.946708463949843093e-01 0.000000000000000000e+00
9.722772277227722526e-01 9.873908826382152837e-01 9.969543147208121958e-01 1.022088353413654671e+00 9.950835791543756192e-01
1.020447906523855863e+00 1.013916500994035852e+00 1.034213098729227731e+00 9.929078014184397061e-01 1.017786561264822032e+00
0.000000000000000000e+00 8.452380952380952328e-01 5.019841269841269771e-01 5.479723046488624849e-01 2.559523809523809312e-01
1.068627450980392135e+00 8.285163776493256194e-01 9.948078920041536488e-01 7.777777777777777901e-01 9.980430528375733301e-01
0.000000000000000000e+00 8.531468531468531236e-01 4.581673306772908183e-01 5.226337448559670307e-01 1.948051948051948146e-01
0.000000000000000000e+00 0.000000000000000000e+00 2.606965174129353136e-01 3.069105691056910334e-01 0.000000000000000000e+00
0.000000000000000000e+00 8.288659793814433518e-01 4.578997161778618485e-01 5.475687103594080174e-01 2.049180327868852514e-01
0.000000000000000000e+00 3.219106957424714421e-01 3.103802672147996100e-01 3.595041322314049825e-01 0.000000000000000000e+00
0.000000000000000000e+00 8.428874734607219033e-01 4.735812133072406782e-01 5.301944728761515124e-01 1.993896236012207557e-01
1.041869522882181043e+00 7.983281086729362430e-01 1.013972055888223478e+00 8.352941176470588536e-01 1.016715830875122961e+00
0.000000000000000000e+00 8.404360753221010727e-01 4.520000000000000129e-01 5.115384615384614975e-01 1.928205128205128238e-01
