Num_mutations: 100
Num_samples: 5
Error_rate: 0.050000

0.000000000000000000e+00 0.000000000000000000e+00 0.000000000000000000e+00 0.000000000000000000e+00 0.000000000000000000e+00
4.405737704918032960e-01 6.606786427145708851e-01 5.191919191919192045e-01 5.960396039603960139e-01 5.128733264675592318e-01
0.000000000000000000e+00 2.015968063872255467e-01 5.407035175879396638e-01 3.171521035598705573e-01 4.904862579281183965e-01
2.226487523992322359e-01 2.376425855513308039e-01 0.000000000000000000e+00 0.000000000000000000e+00 0.000000000000000000e+00
4.957983193277311074e-01 6.223564954682779815e-01 5.057692307692307487e-01 5.451092117758784550e-01 5.060483870967742437e-01
1.013487475915221481e+00 9.758064516129032473e-01 9.477682811016144848e-01 9.297401347449470999e-01 9.803921568627450567e-01
2.502463054187192282e-01 2.077431539187913068e-01 0.000000000000000000e+00 0.000000000000000000e+00 0.000000000000000000e+00
2.389937106918239018e-01 0.000000000000000000e+00 0.000000000000000000e+00 0.000000000000000000e+00 0.000000000000000000e+00
2.114803625377643381e-01 4.281345565749235527e-01 5.633528265107212718e-01 5.454545454545454142e-01 5.301944728761515124e-01
1.911613566289825372e-01 2.239532619279454850e-01 0.000000000000000000e+00 0.000000000000000000e+00 0.000000000000000000e+00
2.397602397602397739e-01 0.000000000000000000e+00 0.000000000000000000e+00 0.000000000000000000e+00 0.000000000000000000e+00
6.126482213438735336e-01 9.796314258001940223e-01 1.027613412228796763e+00 1.027332704995287394e+00 9.468503937007873850e-01
0.000000000000000000e+00 0.000000000000000000e+00 0.000000000000000000e+00 0.000000000000000000e+00 5.122210414452710303e-01
6.680497925311202900e-01 1.021321961620469176e+00 9.491525423728813804e-01 9.676724137931034253e-01 1.015748031496062964e+00
1.010566762728146051e+00 1.053149606299212504e+00 1.082105263157894681e+00 1.035532994923857864e+00 9.851337958374628556e-01
2.422997946611909759e-01 4.277227722772277141e-01 5.406504065040650397e-01 5.563173359451517586e-01 5.158878504672896881e-01
0.000000000000000000e+00 0.000000000000000000e+00 0.000000000000000000e+00 0.000000000000000000e+00 0.000000000000000000e+00
0.000000000000000000e+00 0.000000000000000000e+00 0.000000000000000000e+00 0.000000000000000000e+00 0.000000000000000000e+00
2.195367573011077489e-01 2.204081632653061285e-01 0.000000000000000000e+00 0.000000000000000000e+00 0.000000000000000000e+00
0.000000000000000000e+00 0.000000000000000000e+00 0.000000000000000000e+00 0.000000000000000000e+00 0.000000000000000000e+00
1.917255297679112125e-01 4.322766570605187098e-01 5.073457394711067270e-01 5.688259109311740724e-01 5.319148936170212671e-01
6.084452975047984769e-01 1.002854424357754626e+00 9.572139303482587458e-01 1.007633587786259444e+00 1.029501525940996975e+00
6.133056133056132841e-01 6.605876393110435840e-01 9.788867562380038079e-01 5.136501516683518176e-01 1.020120724346076369e+00
4.263959390862944177e-01 6.754468485418626544e-01 5.386138613861386482e-01 5.717092337917485390e-01 5.324947589098532053e-01
0.000000000000000000e+00 0.000000000000000000e+00 0.000000000000000000e+00 0.000000000000000000e+00 4.086242299794661248e-01
6.228239845261122065e-01 5.731225296442687966e-01 1.037698412698412787e+00 5.601577909270216704e-01 1.013388259526261548e+00
6.232294617563739481e-01 6.471734892787524007e-01 9.365558912386706680e-01 5.583756345177665059e-01 9.948293691830403240e-01
2.690763052208835493e-01 4.000000000000000222e-01 5.584281282316442274e-01 5.237113402061855938e-01 4.933469805527123664e-01
0.000000000000000000e+00 0.000000000000000000e+00 0.000000000000000000e+00 0.000000000000000000e+00 0.000000000000000000e+00
6.158475426278836595e-01 6.109391124871000889e-01 1.015717092337917515e+00 5.436702649656526276e-01 9.928057553956834980e-01
2.148594377510040232e-01 2.394504416094209998e-01 0.000000000000000000e+00 0.000000000000000000e+00 0.000000000000000000e+00
0.000000000000000000e+00 1.867785939139559315e-01 5.594405594405594817e-01 2.311557788944723635e-01 5.104685942173479152e-01
1.981799797775530836e-01 2.351738241308793387e-01 0.000000000000000000e+00 0.000000000000000000e+00 0.000000000000000000e+00
2.152974504249291765e-01 2.171664943123061131e-01 0.000000000000000000e+00 0.000000000000000000e+00 0.000000000000000000e+00
0.000000000000000000e+00 2.438095238095238093e-01 5.202769535113749289e-01 2.868525896414342857e-01 4.915422885572139355e-01
0.000000000000000000e+00 0.000000000000000000e+00 0.000000000000000000e+00 0.000000000000000000e+00 4.815920398009950198e-01
0.000000000000000000e+00 2.266009852216748777e-01 4.755512943432406714e-01 2.400793650793650869e-01 5.820312500000000000e-01
0.000000000000000000e+00 0.000000000000000000e+00 0.000000000000000000e+00 0.000000000000000000e+00 4.296577946768060929e-01
6.323377960865087521e-01 6.555118110236219930e-01 1.013487475915221481e+00 5.746421267893661033e-01 1.030907278165503538e+00
1.832829808660624282e-01 4.451219512195122019e-01 5.255474452554744769e-01 5.461928934010151782e-01 4.869215291750503272e-01
6.045589692765114265e-01 1.017543859649122862e+00 9.902534113060428300e-01 9.979550102249489241e-01 1.002915451895043830e+00
2.103213242453748910e-01 2.237487733071638896e-01 0.000000000000000000e+00 0.000000000000000000e+00 0.000000000000000000e+00
4.048096192384769698e-01 6.567460317460317443e-01 5.514636449480642133e-01 5.322740814299901091e-01 5.004757373929591413e-01
6.542443064182195123e-01 6.786427145708582298e-01 9.266247379454927158e-01 5.619146722164412022e-01 9.978354978354978533e-01
2.536687631027253476e-01 2.334322453016814958e-01 0.000000000000000000e+00 0.000000000000000000e+00 0.000000000000000000e+00
4.446721311475410054e-01 6.378600823045267321e-01 5.494949494949494806e-01 5.335892514395393915e-01 5.554359526372443234e-01
1.871345029239765978e-01 2.487360970677451877e-01 0.000000000000000000e+00 0.000000000000000000e+00 0.000000000000000000e+00
6.871165644171779441e-01 6.605504587155963669e-01 1.038775510204081653e+00 5.243770314192849336e-01 9.959999999999999964e-01
6.106870229007633766e-01 6.513026052104208263e-01 1.050505050505050608e+00 5.166191832858499922e-01 1.007575757575757569e+00
2.029850746268656581e-01 4.385964912280701511e-01 5.390070921985815611e-01 5.100806451612903691e-01 5.246913580246913567e-01
0.000000000000000000e+00 0.000000000000000000e+00 0.000000000000000000e+00 0.000000000000000000e+00 4.530805687203791621e-01
0.000000000000000000e+00 0.000000000000000000e+00 0.000000000000000000e+00 0.000000000000000000e+00 4.852791878172588724e-01
6.314741035856573648e-01 6.376237623762376350e-01 1.012345679012345734e+00 5.474747474747474474e-01 1.006211180124223503e+00
2.119460500963391003e-01 4.249999999999999889e-01 5.502958579881657153e-01 5.438765670202507785e-01 4.750795334040296969e-01
6.589229144667371196e-01 6.792452830188678847e-01 1.020522388059701413e+00 5.025960539979231756e-01 9.472527472527472181e-01
0.000000000000000000e+00 0.000000000000000000e+00 0.000000000000000000e+00 0.000000000000000000e+00 0.000000000000000000e+00
0.000000000000000000e+00 0.000000000000000000e+00 0.000000000000000000e+00 0.000000000000000000e+00 0.000000000000000000e+00
5.891783567134268873e-01 6.750524109014675034e-01 9.584980237154150373e-01 5.964912280701754055e-01 9.921259842519685179e-01
0.000000000000000000e+00 0.000000000000000000e+00 0.000000000000000000e+00 0.000000000000000000e+00 0.000000000000000000e+00
4.181994191674733852e-01 6.153846153846154188e-01 5.389105058365758483e-01 5.004985044865404298e-01 5.515832482124617409e-01
2.182163187855787612e-01 2.522889114954221523e-01 0.000000000000000000e+00 0.000000000000000000e+00 0.000000000000000000e+00
4.265402843601895921e-01 5.886939571150097139e-01 5.401015228426395698e-01 5.415821501014198569e-01 5.648702594810379729e-01
2.142121524201853755e-01 2.331753554502369596e-01 0.000000000000000000e+00 0.000000000000000000e+00 0.000000000000000000e+00
1.928429423459244452e-01 4.176285414480587765e-01 5.387596899224805780e-01 5.189189189189189477e-01 4.846686449060336188e-01
6.334371754932502929e-01 6.546227417640807511e-01 9.640718562874251996e-01 5.126646403242147709e-01 1.041501976284584963e+00
6.201550387596899139e-01 6.821392532795156338e-01 9.897750511247443983e-01 5.281220209723546111e-01 9.875000000000000444e-01
2.248520710059171701e-01 0.000000000000000000e+00 0.000000000000000000e+00 0.000000000000000000e+00 0.000000000000000000e+00
0.000000000000000000e+00 0.000000000000000000e+00 0.000000000000000000e+00 0.000000000000000000e+00 0.000000000000000000e+00
0.000000000000000000e+00 0.000000000000000000e+00 0.000000000000000000e+00 0.000000000000000000e+00 0.000000000000000000e+00
0.000000000000000000e+00 0.000000000000000000e+00 0.000000000000000000e+00 0.000000000000000000e+00 4.811715481171547903e-01
2.607843137254902133e-01 2.632612966601178828e-01 0.000000000000000000e+00 0.000000000000000000e+00 0.000000000000000000e+00
2.505133470225872627e-01 4.648760330578512456e-01 4.633663366336633893e-01 5.430327868852459217e-01 5.334645669291339098e-01
2.019607843137254943e-01 2.324159021406727865e-01 0.000000000000000000e+00 0.000000000000000000e+00 0.000000000000000000e+00
2.189922480620155043e-01 4.613710554951033771e-01 5.353535353535353591e-01 5.302593659942362869e-01 5.492537313432835910e-01
6.206185567010309434e-01 1.025025025025025016e+00 9.607655502392344893e-01 1.042884990253411415e+00 1.028237585199610615e+00
1.021235521235521304e+00 9.884169884169884401e-01 1.012072434607645954e+00 9.684418145956606994e-01 9.953314659197012304e-01
0.000000000000000000e+00 0.000000000000000000e+00 0.000000000000000000e+00 0.000000000000000000e+00 0.000000000000000000e+00
2.188755020080321301e-01 2.082890541976620546e-01 0.000000000000000000e+00 0.000000000000000000e+00 0.000000000000000000e+00
2.208029197080292050e-01 3.815384615384615485e-01 5.159420289855072284e-01 5.009746588693957392e-01 5.275142314990511894e-01
4.328824141519250768e-01 5.934291581108829261e-01 5.872855701311806564e-01 5.155038759689922756e-01 4.892528147389969551e-01
0.000000000000000000e+00 0.000000000000000000e+00 0.000000000000000000e+00 0.000000000000000000e+00 0.000000000000000000e+00
0.000000000000000000e+00 0.000000000000000000e+00 0.000000000000000000e+00 0.000000000000000000e+00 0.000000000000000000e+00
6.040404040404040442e-01 1.011470281543274341e+00 9.799789251844046589e-01 9.474708171206225327e-01 9.916839916839916835e-01
0.000000000000000000e+00 2.432432432432432567e-01 5.735992402659069178e-01 2.728164867517173797e-01 4.799999999999999822e-01
2.116935483870967805e-01 4.692387904066736004e-01 5.304518664047150889e-01 5.482233502538070846e-01 4.779270633397312840e-01
0.000000000000000000e+00 2.091633466135458252e-01 5.151199165797706314e-01 3.083247687564234507e-01 5.108055009823182502e-01
6.461843409316154752e-01 6.335650446871896602e-01 9.627192982456140857e-01 5.726775956284152480e-01 9.957805907172996296e-01
0.000000000000000000e+00 2.008032128514056214e-01 5.334608030592734584e-01 2.755203171456888089e-01 5.019305019305019266e-01
0.000000000000000000e+00 0.000000000000000000e+00 0.000000000000000000e+00 0.000000000000000000e+00 0.000000000000000000e+00
1.924324324324324376e-01 2.005899705014749235e-01 0.000000000000000000e+00 0.000000000000000000e+00 0.000000000000000000e+00
1.741741741741741623e-01 1.850746268656716376e-01 0.000000000000000000e+00 0.000000000000000000e+00 0.000000000000000000e+00
0.000000000000000000e+00 0.000000000000000000e+00 0.000000000000000000e+00 0.000000000000000000e+00 0.000000000000000000e+00
0.000000000000000000e+00 0.000000000000000000e+00 0.000000000000000000e+00 0.000000000000000000e+00 0.000000000000000000e+00
2.037962037962038064e-01 2.600806451612903136e-01 0.000000000000000000e+00 0.000000000000000000e+00 0.000000000000000000e+00
2.268656716417910557e-01 0.000000000000000000e+00 0.000000000000000000e+00 0.000000000000000000e+00 0.000000000000000000e+00
0.000000000000000000e+00 0.000000000000000000e+00 0.000000000000000000e+00 0.000000000000000000e+00 0.000000000000000000e+00
6.261980830670926812e-01 5.939999999999999725e-01 9.661835748792270140e-01 5.285285285285284962e-01 1.032007759456837981e+00
0.000000000000000000e+00 0.000000000000000000e+00 0.000000000000000000e+00 0.000000000000000000e+00 0.000000000000000000e+00
2.528263103802672052e-01 0.000000000000000000e+00 0.000000000000000000e+00 0.000000000000000000e+00 0.000000000000000000e+00
2.249240121580547147e-01 2.200000000000000011e-01 0.000000000000000000e+00 0.000000000000000000e+00 0.000000000000000000e+00
