gene_id	sample0	sample0	sample1	sample1	sample2	sample2	sample3	sample3	sample4	sample4	sample5	sample5	sample6	sample6	sample7	sample7	sample8	sample8	sample9	sample9
0	103	0	88	0	76	0	93	0	74	17	86	21	97	0	108	0	102	0	94	0
1	123	0	79	15	82	13	97	0	96	0	110	0	67	20	88	12	109	0	107	12
2	77	31	75	23	92	25	72	24	46	48	61	36	82	0	65	44	59	47	84	23
3	77	12	76	16	96	14	105	0	82	14	109	0	98	0	80	10	100	0	72	24
4	69	33	80	18	73	27	69	25	38	45	81	28	115	0	72	31	44	36	72	20
5	104	0	97	0	104	0	108	0	90	22	96	12	98	0	120	0	111	0	93	0
6	77	21	84	17	85	27	69	31	52	46	58	27	100	0	59	33	52	40	79	23
7	81	29	75	11	64	22	83	30	53	38	69	24	99	0	77	33	41	53	73	22
8	89	0	103	0	107	0	115	0	73	24	76	13	102	0	90	0	85	0	100	0
9	80	37	93	30	79	19	73	17	53	46	74	47	103	0	66	27	65	18	70	28
10	73	28	74	17	91	26	70	36	55	64	76	28	105	0	50	28	72	51	83	22
11	73	27	79	11	78	26	69	26	51	59	60	37	83	0	79	25	53	46	71	23
12	71	11	91	0	83	17	121	0	104	0	117	0	73	26	85	0	119	0	98	0
13	103	0	105	0	102	0	111	0	67	12	66	16	83	0	95	0	93	0	91	0
14	75	11	87	19	80	18	122	0	92	0	113	0	89	0	88	0	98	0	80	9
15	76	14	113	0	100	0	96	6	90	12	84	18	98	0	78	18	103	0	122	0
16	78	11	81	17	95	12	92	0	96	0	106	0	103	0	110	0	98	0	94	10
17	94	11	94	0	80	7	116	0	97	0	100	0	69	26	119	0	123	0	83	0
18	100	10	91	11	75	12	95	0	95	0	75	0	103	0	103	0	106	0	113	9
19	95	9	111	0	79	13	103	0	110	0	108	0	92	31	86	0	98	0	94	0
20	94	0	110	0	90	0	105	0	86	17	78	13	101	0	105	0	94	0	100	0
21	107	12	90	26	88	16	100	0	103	0	103	0	102	0	101	0	99	0	95	17
22	65	15	81	25	66	16	89	10	51	51	62	30	83	0	71	32	66	19	88	29
23	72	9	94	0	82	12	89	0	86	0	100	0	67	24	117	0	117	0	107	0
24	95	12	90	14	65	11	90	0	108	0	114	0	90	0	91	0	83	0	73	12
25	85	10	91	0	84	17	88	0	99	0	106	0	82	24	108	0	92	0	104	0
26	88	0	93	12	96	11	102	0	109	0	93	0	77	23	85	19	111	0	92	9
27	73	9	103	0	99	0	78	13	79	13	82	7	102	0	63	20	96	0	98	0
28	90	0	102	0	100	0	82	0	79	12	91	22	94	0	111	0	108	0	90	0
29	89	21	84	14	75	13	98	0	107	0	93	0	81	0	107	0	99	0	90	11
30	89	8	85	0	84	14	93	0	104	0	100	0	72	30	114	0	118	0	82	0
31	103	11	111	0	101	11	106	0	114	0	94	0	73	32	99	0	99	0	98	0
32	97	0	80	18	102	13	100	0	108	0	88	0	71	18	82	16	94	0	94	22
33	94	18	99	0	93	9	101	0	97	0	102	0	69	32	115	0	103	0	108	0
34	97	0	82	19	62	15	97	0	113	0	99	0	74	18	80	15	104	0	75	11
35	103	0	88	14	93	12	101	0	97	0	105	0	86	21	84	9	98	0	98	15
36	104	10	100	0	92	16	82	0	106	0	97	0	83	27	90	0	102	0	109	0
37	88	0	108	0	104	0	118	0	80	12	81	18	95	0	103	0	120	0	103	0
38	85	9	97	0	82	18	98	0	93	0	100	0	88	17	82	0	102	0	109	0
39	66	26	92	12	102	19	75	27	63	48	64	32	97	0	66	28	46	46	85	20
40	96	0	109	0	89	0	89	0	81	21	86	22	88	0	114	0	112	0	95	0
41	76	12	106	0	75	12	88	0	95	0	114	0	80	18	101	0	114	0	104	0
42	94	14	92	0	104	16	111	0	111	0	96	0	73	21	93	0	92	0	98	0
43	73	17	67	29	64	20	58	47	106	0	63	19	65	58	63	20	65	40	82	28
44	109	0	94	0	105	0	115	0	91	19	91	18	90	0	98	0	81	0	99	0
45	79	31	66	16	78	18	69	34	49	53	77	33	100	0	62	43	58	49	76	27
46	92	7	75	17	97	19	94	0	92	19	111	0	91	0	80	18	101	0	66	27
47	116	0	94	0	111	0	86	0	74	10	94	20	111	0	92	0	114	0	94	0
48	100	0	117	0	92	0	76	0	82	14	65	13	109	0	99	0	107	0	82	0
49	89	12	87	17	81	14	102	0	91	0	102	0	90	0	97	0	81	0	71	15
50	101	0	62	18	93	11	89	0	111	0	92	0	70	22	71	12	76	0	94	17
51	89	19	80	28	86	8	111	0	83	16	83	0	118	0	78	15	100	0	81	27
52	101	0	79	16	93	18	99	0	96	0	97	0	66	20	90	15	86	0	77	15
53	104	0	98	0	107	0	102	0	84	15	104	21	89	0	103	0	100	0	92	0
54	74	25	90	17	74	25	70	26	55	48	67	33	82	0	72	38	54	47	96	22
55	100	0	89	14	78	16	98	0	95	0	97	0	56	25	102	20	98	0	89	14
56	82	14	96	22	84	17	98	0	99	0	97	0	98	0	101	0	101	0	100	11
57	104	0	116	0	95	0	102	0	93	16	85	8	100	0	106	0	102	0	95	0
58	77	29	91	20	57	17	95	15	60	47	66	38	99	0	69	51	86	19	86	25
59	70	12	105	0	90	12	88	0	117	0	93	0	89	31	110	0	95	0	97	0
60	86	0	102	0	84	0	91	0	82	11	74	19	118	0	100	0	94	0	112	0
61	104	12	72	13	78	19	87	0	101	0	102	0	94	0	100	0	109	0	76	16
62	65	21	84	22	73	25	81	11	62	49	71	31	94	0	67	36	78	24	77	27
63	95	10	107	0	83	20	90	0	113	0	112	0	72	24	117	0	104	0	91	0
64	89	0	69	24	83	9	112	0	96	0	90	0	82	15	75	18	86	0	89	15
65	81	17	87	0	86	10	105	0	107	0	102	0	79	20	95	0	96	0	122	0
66	131	0	72	12	110	0	94	11	102	0	81	15	106	0	110	0	101	0	109	0
67	85	14	83	15	85	10	108	0	94	0	104	0	109	0	90	0	83	0	74	11
68	93	14	89	0	79	14	95	0	101	0	114	0	82	25	96	0	108	0	93	0
69	101	0	109	0	108	0	110	0	81	18	89	13	90	0	116	0	110	0	94	0
70	87	7	76	22	89	7	97	0	100	0	98	0	102	0	101	0	98	0	84	13
71	78	18	84	17	116	14	75	0	105	0	100	0	110	0	109	0	115	0	94	15
72	79	25	84	15	96	23	69	18	54	42	68	31	99	0	65	41	88	22	71	22
73	100	0	82	18	92	12	111	0	97	0	108	0	75	22	66	17	88	0	82	15
74	110	0	101	0	107	0	112	0	86	13	85	14	84	0	99	0	89	0	93	0
75	78	0	96	0	98	0	101	0	79	13	75	19	124	0	104	0	88	0	109	0
76	93	4	104	0	72	11	109	0	105	0	102	0	67	25	109	0	92	0	89	0
77	78	8	106	0	80	13	109	0	124	0	94	0	73	27	109	0	84	0	95	0
78	74	15	100	0	70	17	93	0	90	0	96	0	74	21	97	0	109	0	99	0
79	98	8	73	17	95	16	105	0	82	0	108	0	108	0	94	0	95	0	108	18
80	89	0	87	0	108	0	101	0	107	11	78	14	93	0	91	0	91	0	106	0
81	106	0	89	12	88	13	125	0	94	0	89	0	71	25	90	14	102	0	85	10
82	98	9	81	16	96	16	86	0	104	0	87	0	99	0	99	0	110	0	96	19
83	76	27	80	21	77	18	84	35	51	56	61	28	98	0	66	28	48	38	83	20
84	98	0	91	0	92	0	88	0	90	12	82	10	104	0	101	0	82	0	112	0
85	81	10	76	17	99	8	91	0	121	0	93	0	93	0	115	0	109	0	85	6
86	99	0	103	0	86	0	107	0	85	23	76	13	108	0	103	0	95	0	101	0
87	73	30	79	20	82	20	75	18	62	47	46	34	88	0	50	24	101	15	73	18
88	91	30	77	13	81	21	82	14	46	39	66	34	84	0	62	36	88	18	80	29
89	80	11	113	0	81	15	88	0	107	0	104	0	59	24	103	0	91	0	108	0
90	92	0	113	0	132	0	108	0	86	19	83	16	105	0	83	0	104	0	101	0
91	100	15	109	0	102	9	108	0	94	0	102	0	48	27	112	0	91	0	91	0
92	74	26	78	16	72	21	77	12	48	63	64	25	97	0	74	26	78	18	82	24
93	65	24	84	18	85	21	73	25	50	44	75	41	98	0	60	23	46	38	72	20
94	100	13	98	0	86	12	104	0	92	0	94	0	75	26	108	0	102	0	103	0
95	86	16	101	0	72	16	102	0	93	0	112	0	53	21	107	0	108	0	96	0
96	102	10	85	22	74	15	116	0	105	0	96	0	106	0	108	0	89	0	94	19
97	90	13	68	20	86	17	114	0	91	0	99	0	107	0	116	0	107	0	91	12
98	89	0	99	0	110	0	88	0	96	28	65	7	98	0	104	0	115	0	77	0
99	83	10	80	16	84	14	96	0	87	0	96	0	83	0	99	0	99	0	70	13
