gene_id	sample0	sample0	sample1	sample1	sample2	sample2	sample3	sample3	sample4	sample4	sample5	sample5	sample6	sample6	sample7	sample7	sample8	sample8	sample9	sample9
0	85	0	105	0	81	20	79	12	112	0	77	15	88	0	84	12	97	0	110	0
1	109	0	90	0	72	23	81	11	89	0	94	18	90	0	93	9	102	0	105	0
2	77	25	85	14	96	0	114	0	83	22	87	34	76	20	110	0	83	15	105	0
3	47	57	50	45	48	43	49	42	64	64	45	36	52	37	61	47	61	52	59	46
4	74	24	66	39	70	33	101	21	57	34	84	0	96	16	63	44	71	29	57	52
5	87	21	79	23	100	0	106	0	75	20	61	30	93	18	108	0	90	14	93	0
6	76	19	80	11	102	0	84	0	77	28	69	38	82	22	110	0	96	13	90	0
7	83	17	101	0	81	0	86	16	100	0	90	0	102	0	86	15	86	11	80	27
8	73	25	67	31	69	34	77	10	66	20	119	0	66	20	58	43	61	24	53	43
9	68	22	73	15	111	0	95	0	72	27	71	42	69	20	86	0	81	21	100	0
10	71	14	83	20	109	0	93	0	67	21	82	33	88	25	106	0	85	14	86	0
11	82	13	84	22	87	0	96	0	67	12	70	22	76	17	107	0	108	13	94	0
12	73	27	96	13	84	0	100	0	83	30	66	35	79	27	121	0	93	7	124	0
13	86	21	84	27	87	0	94	0	87	25	72	27	91	21	92	0	99	15	93	0
14	56	46	49	56	53	45	53	58	49	42	52	56	37	61	44	53	52	38	51	50
15	41	56	45	63	54	55	46	40	37	34	56	41	43	49	56	59	61	58	47	46
16	114	0	95	0	82	15	76	9	108	0	77	12	92	0	83	8	89	0	89	0
17	86	0	102	0	76	12	98	5	105	0	75	16	90	17	106	10	112	0	109	0
18	43	44	52	60	48	43	45	42	56	49	46	67	34	50	48	45	57	52	45	46
19	66	22	92	21	93	0	86	0	73	26	69	39	96	23	99	0	94	19	109	0
20	73	27	85	28	84	0	101	0	79	25	77	27	97	13	95	0	67	19	96	0
21	98	15	89	22	84	0	116	0	78	26	75	29	112	20	96	0	88	16	110	0
22	46	60	43	50	47	45	52	49	60	55	50	47	46	57	47	35	60	51	53	55
23	68	18	57	21	105	0	98	0	100	27	68	25	76	21	108	0	86	12	78	0
24	75	56	43	47	47	53	43	48	46	50	47	56	45	49	50	53	46	49	60	61
25	82	0	86	0	81	19	93	9	103	0	78	20	119	0	99	11	130	0	93	0
26	80	21	85	26	90	0	94	0	78	24	67	34	56	25	97	0	99	18	100	0
27	96	27	85	25	115	0	101	0	90	28	69	17	72	15	107	0	77	8	88	0
28	64	19	80	21	80	0	112	0	84	22	72	27	83	18	86	0	82	14	97	0
29	105	0	110	0	114	0	95	15	97	0	107	0	86	0	125	0	96	15	96	0
30	78	33	81	17	105	0	68	17	56	32	85	0	89	12	57	29	93	10	54	46
31	48	46	52	50	47	41	52	52	58	44	59	56	40	42	56	36	50	51	54	43
32	86	0	88	0	79	20	89	8	115	0	73	20	91	0	83	6	99	0	92	0
33	74	32	72	17	94	0	113	0	73	30	78	32	71	12	101	0	105	17	92	0
34	56	28	62	37	70	32	95	14	84	26	83	0	99	12	49	41	68	22	52	50
35	73	22	77	14	118	0	96	0	84	20	71	31	87	15	113	0	74	13	121	0
36	100	20	85	26	100	0	115	0	84	19	65	28	79	17	103	0	101	17	108	0
37	107	0	88	0	95	19	95	9	105	0	82	17	90	0	98	7	85	0	103	0
38	90	0	110	0	83	17	93	5	80	0	68	26	102	0	87	6	111	0	87	0
39	73	16	74	14	98	0	99	0	90	26	75	29	92	19	86	0	92	12	92	0
40	82	11	74	20	104	0	98	0	82	27	71	24	88	10	108	0	86	20	101	0
41	53	58	36	60	45	55	55	55	44	44	35	44	58	48	46	43	52	49	58	34
42	112	0	88	0	76	25	96	16	101	0	67	13	91	0	85	5	110	0	113	0
43	77	24	88	15	104	0	87	0	76	19	65	28	91	27	95	0	91	15	114	0
44	103	0	103	0	119	0	77	12	108	0	99	0	85	0	101	0	75	10	95	0
45	69	27	68	32	72	22	75	21	81	24	94	0	88	13	69	27	84	19	38	57
46	62	28	59	27	79	28	75	19	71	26	96	0	89	8	62	46	76	25	57	47
47	60	24	67	36	85	22	94	17	57	30	105	0	98	11	62	30	73	33	67	42
48	95	0	98	0	106	0	100	14	123	0	99	0	105	0	101	0	79	14	110	0
49	53	63	43	49	41	43	59	53	50	57	56	48	49	47	50	50	51	54	56	51
50	80	20	72	23	125	0	90	0	64	25	70	33	74	22	125	0	81	16	101	0
51	65	33	65	35	60	24	104	17	63	32	132	0	94	11	55	38	70	23	47	60
52	82	25	89	18	83	0	84	0	81	20	74	36	85	19	104	0	79	12	105	0
53	56	49	44	60	50	50	46	44	39	59	52	52	44	51	50	45	66	42	33	47
54	49	55	39	43	57	56	47	48	44	52	61	57	35	55	43	42	56	57	56	52
55	63	47	51	61	51	52	37	39	46	66	47	53	62	57	48	47	40	46	49	50
56	74	22	77	24	90	0	99	0	72	16	52	33	96	16	95	0	96	13	100	0
57	83	21	89	19	95	0	106	0	88	23	73	34	76	19	109	0	79	10	103	0
58	94	8	93	14	98	0	111	0	78	19	71	32	87	15	98	0	79	9	104	0
59	69	28	65	19	76	24	98	19	67	21	98	0	87	10	56	37	58	29	45	55
60	50	54	58	56	45	45	51	41	55	54	54	38	43	30	42	64	62	49	48	60
61	71	25	78	10	81	0	105	0	86	24	77	24	75	23	86	0	80	10	87	0
62	101	0	111	0	100	0	69	21	109	0	93	0	79	0	99	0	92	15	95	0
63	67	29	73	31	67	39	72	18	56	24	123	0	77	13	71	34	79	19	62	51
64	78	32	86	18	98	0	76	11	91	28	110	0	78	12	77	19	109	11	48	45
65	85	17	75	33	86	0	103	0	78	26	90	28	83	16	96	0	94	14	97	0
66	117	0	103	0	103	0	97	0	92	18	92	0	98	0	93	10	96	0	106	0
67	103	0	107	0	93	28	92	9	114	0	86	13	87	13	99	8	105	0	99	0
68	81	25	73	19	116	0	91	0	100	18	69	31	85	20	99	0	79	14	78	0
69	68	28	67	46	60	32	94	19	76	32	111	0	77	13	58	43	90	30	56	45
70	86	17	105	0	96	0	87	18	84	0	102	0	104	0	79	21	97	6	63	32
71	75	11	85	19	109	0	92	0	80	22	72	35	78	14	103	0	80	15	100	0
72	116	0	102	0	65	16	84	12	98	0	84	16	106	0	99	6	101	0	99	0
73	65	19	91	19	105	0	115	0	82	21	67	44	86	24	104	0	87	11	90	0
74	85	18	71	22	80	0	89	0	79	18	89	41	79	23	98	0	89	13	107	0
75	96	0	100	0	75	15	95	13	114	0	87	20	102	0	82	10	100	0	97	0
76	89	19	74	19	94	0	92	0	81	23	64	29	79	22	110	0	87	9	98	0
77	88	16	81	16	94	0	115	0	71	20	72	27	67	29	91	0	73	13	107	0
78	67	32	83	18	99	0	83	23	64	37	108	0	78	11	65	26	78	14	49	52
79	54	40	52	49	53	60	49	52	56	54	45	61	39	36	49	50	47	48	47	53
80	98	0	106	0	110	0	108	0	64	11	91	0	99	0	111	6	110	0	102	0
81	43	49	47	43	64	52	62	50	52	52	47	46	54	54	48	58	42	58	49	55
82	87	0	115	0	101	0	81	13	105	0	99	0	113	0	102	0	98	6	93	0
83	85	18	83	20	111	0	106	0	57	20	76	34	82	13	116	0	88	18	101	0
84	52	49	54	44	55	49	47	56	55	46	42	47	56	70	42	49	56	44	45	44
85	82	17	84	17	111	0	105	0	77	22	77	29	70	25	102	0	96	14	104	0
86	46	37	76	31	69	35	80	16	61	30	89	0	78	17	51	35	63	27	50	49
87	87	17	84	19	110	0	89	0	88	24	76	36	93	15	104	0	90	12	95	0
88	84	24	82	23	103	0	104	0	85	30	60	47	72	18	104	0	87	22	126	0
89	76	34	75	20	89	32	99	17	59	30	91	0	73	17	67	53	77	21	55	60
90	69	42	74	24	59	22	76	20	92	31	104	0	79	16	51	63	81	27	52	40
91	89	0	84	0	99	0	100	0	100	16	94	0	99	0	85	7	100	0	108	0
92	90	0	111	0	101	0	69	10	94	0	89	0	94	0	100	0	71	9	98	0
93	55	20	77	19	96	0	101	0	67	27	69	28	83	21	97	0	88	9	97	0
94	47	41	51	50	51	52	48	63	45	39	43	57	33	41	45	50	40	42	50	43
95	69	17	78	18	115	0	115	0	69	21	61	24	83	21	100	0	76	10	82	0
96	79	21	93	15	97	0	97	0	94	23	83	28	89	21	101	0	75	16	100	0
97	72	26	58	43	68	38	92	21	79	28	83	0	88	18	67	47	91	32	56	47
98	97	18	90	15	117	0	96	0	76	22	63	30	68	28	94	0	92	17	106	0
99	83	26	89	18	109	0	91	0	79	18	51	40	89	18	116	0	93	14	98	0
