#chr	position	description	normal	sample0	sample1	sample2	sample3	sample4	sample5	sample6	sample7	sample8	sample9
1	1	1	0	0.0	0.213735177866	0.153714859438	0.0	0.149062688974	0.0	0.0	0.0	0.0	0.0
2	1	1	0	0.0	0.223361261705	0.154848640328	0.0	0.143725099602	0.0	0.0	0.0	0.0	0.0
3	1	1	0	0.0	0.216183935503	0.147930760048	0.0	0.1476317611	0.0	0.0	0.0	0.0	0.0
4	1	1	0	0.0	0.222310361924	0.149688765932	0.0	0.150643298551	0.0	0.0	0.0	0.0	0.0
5	1	1	0	0.0	0.217399920729	0.269670958512	0.172612647835	0.255199437356	0.29511614056	0.105326633166	0.0	0.132444355324	0.205849722642
6	1	1	0	0.0	0.21396237803	0.272430507469	0.17053081147	0.256242448651	0.300274362362	0.105395864851	0.0	0.127162367223	0.206346058503
7	1	1	0	0.0	0.209231703614	0.152805411858	0.0	0.145547945205	0.0	0.0	0.0	0.0	0.0
8	1	1	0	0.0	0.213595136051	0.280530288368	0.170496738585	0.25176845671	0.298306427652	0.105600814664	0.0	0.133826026166	0.202542962154
9	1	1	0	0.0	0.0	0.0	0.0	0.0	0.0	0.176984204846	0.273637264618	0.0	0.300678069021
10	1	1	0	0.0	0.138970069535	0.0	0.0	0.0965215622457	0.0	0.0	0.0	0.114661843031	0.0
11	1	1	0	0.0	0.217070495563	0.277788726843	0.168355337222	0.259728506787	0.297838899804	0.107035778533	0.0	0.130971497391	0.205410315938
12	1	1	0	0.0	0.211455942521	0.153701318006	0.0	0.152331709257	0.0	0.0	0.0	0.0	0.0
13	1	1	0	0.0	0.218927701056	0.155570785197	0.0	0.144688462685	0.0	0.0	0.0	0.0	0.0
14	1	1	0	0.0	0.219847630355	0.153182308522	0.0	0.152508693492	0.0	0.0	0.0	0.0	0.0
15	1	1	0	0.0	0.137158852344	0.0	0.0	0.0935337156417	0.0	0.0	0.0	0.112862987726	0.0
16	1	1	0	0.0	0.217587486213	0.274994950515	0.170779861797	0.262602347835	0.299096721811	0.10641754671	0.0	0.126580997673	0.201728247914
17	1	1	0	0.0	0.139076130056	0.0	0.0	0.0982385505788	0.0	0.0	0.0	0.117344414762	0.0
18	1	1	0	0.0	0.214200477327	0.151530306061	0.0	0.149457333466	0.0	0.0	0.0	0.0	0.0
19	1	1	0	0.0	0.218462781537	0.270835388105	0.168451606446	0.260169070114	0.30300335902	0.10712863401	0.0	0.127668063036	0.212323312761
20	1	1	0	0.0	0.210515892663	0.149258219727	0.0	0.151977514555	0.0	0.0	0.0	0.0	0.0
21	1	1	0	0.237308501051	0.148321464903	0.11381531854	0.330307813733	0.148746238716	0.0	0.110215595406	0.23375199362	0.262791401756	0.0
22	1	1	0	0.263268156425	0.21256370051	0.385461887935	0.172034406881	0.258519036674	0.510437179992	0.223111201134	0.0	0.132208157525	0.209602222002
23	1	1	0	0.0	0.0	0.0	0.0	0.1400059577	0.0	0.0	0.225152332434	0.0	0.0
24	1	1	0	0.0	0.218187186301	0.152703505645	0.0	0.144784534837	0.0	0.0	0.0	0.0	0.0
25	1	1	0	0.0	0.0	0.0	0.0	0.144374311191	0.0	0.0	0.217792655711	0.0	0.0
26	1	1	0	0.0	0.214165595014	0.145427728614	0.0	0.143015521064	0.0	0.0	0.0	0.0	0.0
27	1	1	0	0.241914357683	0.146226415094	0.114487632509	0.330483757417	0.147959183673	0.0	0.11051212938	0.223942411991	0.252259489857	0.0
28	1	1	0	0.0	0.220175352182	0.269606864897	0.167954249022	0.2558323448	0.295604395604	0.108842849924	0.0	0.12114274338	0.20486181158
29	1	1	0	0.0	0.0	0.0	0.0	0.0	0.198266414267	0.0	0.0	0.0	0.0
30	1	1	0	0.0	0.210195530726	0.152213462705	0.0	0.146488495931	0.0	0.0	0.0	0.0	0.0
31	1	1	0	0.253224506247	0.219004613723	0.388950276243	0.172654788857	0.259165740834	0.500296677215	0.215625930706	0.0	0.12698092258	0.20435527775
32	1	1	0	0.0	0.0	0.0	0.0	0.0	0.197382989431	0.0	0.0	0.0	0.0
33	1	1	0	0.257903161265	0.218582489577	0.388087898976	0.162089818578	0.259752041125	0.497997997998	0.207460142384	0.0	0.135483216712	0.206380857428
34	1	1	0	0.0	0.0	0.0	0.0	0.146351283342	0.0	0.0	0.221204579393	0.0	0.0
35	1	1	0	0.0	0.0	0.0	0.0	0.0	0.206936980948	0.0	0.0	0.0	0.0
36	1	1	0	0.0	0.0	0.0	0.0	0.0	0.200019972039	0.0	0.0	0.0	0.0
37	1	1	0	0.0	0.218679263852	0.282651845971	0.171234924748	0.253539253539	0.300030153784	0.107082714215	0.0	0.13407309376	0.204905622287
38	1	1	0	0.0	0.0	0.115658541479	0.169813185727	0.143509127789	0.0	0.110566829951	0.220376522702	0.131932689435	0.0
39	1	1	0	0.0	0.222120004089	0.154235401275	0.0	0.154036897441	0.0	0.0	0.0	0.0	0.0
40	1	1	0	0.0	0.220357828768	0.151827175449	0.0	0.145959345563	0.0	0.0	0.0	0.0	0.0
41	1	1	0	0.263269424823	0.214271356784	0.381588193956	0.171434306936	0.250377377478	0.500397140588	0.218064124608	0.0	0.13436123348	0.202729627416
42	1	1	0	0.0	0.221437934859	0.276593625498	0.165708622398	0.257761518687	0.295060744872	0.108297031709	0.0	0.133950366151	0.20582640905
43	1	1	0	0.0	0.221222839818	0.149587276022	0.0	0.146527498996	0.0	0.0	0.0	0.0	0.0
44	1	1	0	0.0	0.219480257857	0.155450807341	0.0	0.146007984032	0.0	0.0	0.0	0.0	0.0
45	1	1	0	0.0	0.0	0.0	0.0	0.0	0.205461507457	0.0	0.0	0.0	0.0
46	1	1	0	0.0	0.0	0.0	0.0	0.147242981216	0.0	0.0	0.229210765044	0.0	0.0
47	1	1	0	0.263237063779	0.2128	0.385326573218	0.169201709912	0.25346835443	0.500198491465	0.215329555622	0.0	0.130729535566	0.204505213457
48	1	1	0	0.0	0.21431372549	0.149974886991	0.0	0.152132463623	0.0	0.0	0.0	0.0	0.0
49	1	1	0	0.0	0.217294451195	0.154137965459	0.0	0.149984971446	0.0	0.0	0.0	0.0	0.0
50	1	1	0	0.0	0.214544721998	0.266009852217	0.165636713606	0.257065272051	0.301424211597	0.104774270875	0.0	0.128871128871	0.193732478975
51	1	1	0	0.0	0.0	0.123340040241	0.0	0.0	0.360834088849	0.0	0.0	0.0	0.195530176233
52	1	1	0	0.0	0.214765763985	0.154157214715	0.0	0.149115835486	0.0	0.0	0.0	0.0	0.0
53	1	1	0	0.0	0.0	0.0	0.0	0.143383084577	0.0	0.0	0.221098123956	0.0	0.0
54	1	1	0	0.0	0.219217081851	0.151163962511	0.0	0.149781050955	0.0	0.0	0.0	0.0	0.0
55	1	1	0	0.23636183297	0.144194383589	0.109857185659	0.329147255418	0.141283668769	0.0	0.113811381138	0.21733479956	0.25106047154	0.0
56	1	1	0	0.0	0.0	0.0	0.0	0.139910587279	0.0	0.0	0.223522411741	0.0	0.0
57	1	1	0	0.0	0.213944223108	0.27449400866	0.170521403936	0.257353684423	0.292858551983	0.105337361531	0.0	0.129295575935	0.20570689998
58	1	1	0	0.0	0.140973530287	0.0	0.0	0.092052715655	0.0	0.0	0.0	0.121541995406	0.0
59	1	1	0	0.0	0.0	0.0	0.0	0.145812512493	0.0	0.0	0.222255608974	0.0	0.0
60	1	1	0	0.0	0.216784610784	0.271083133493	0.165826164343	0.263200241376	0.306838632274	0.105236857885	0.0	0.128268867456	0.21023527046
61	1	1	0	0.0	0.213927804479	0.157504756183	0.0	0.152139144342	0.0	0.0	0.0	0.0	0.0
62	1	1	0	0.0	0.216478352165	0.285163776493	0.169881454692	0.262762168579	0.298975409836	0.10374050263	0.0	0.126904065369	0.203891284726
63	1	1	0	0.0	0.0	0.0	0.0	0.138732959102	0.0	0.0	0.222935598578	0.0	0.0
64	1	1	0	0.0	0.0	0.0	0.0	0.0	0.2069	0.0	0.0	0.0	0.0
65	1	1	0	0.0	0.0	0.110407239819	0.177211424038	0.139898436722	0.0	0.109743796651	0.22168867547	0.136027944112	0.0
66	1	1	0	0.0	0.0	0.0	0.0	0.0	0.0	0.182432432432	0.277414815559	0.0	0.296563643758
67	1	1	0	0.0	0.131227580709	0.0	0.0	0.0949328449328	0.0	0.0	0.0	0.117127958283	0.0
68	1	1	0	0.0	0.208897876643	0.151398739165	0.0	0.145854762395	0.0	0.0	0.0	0.0	0.0
69	1	1	0	0.0	0.211622700282	0.157254475324	0.0	0.149309032646	0.0	0.0	0.0	0.0	0.0
70	1	1	0	0.0	0.0	0.0	0.0	0.0	0.194225197322	0.0	0.0	0.0	0.0
71	1	1	0	0.0	0.0	0.0	0.0	0.0	0.205173951829	0.0	0.0	0.0	0.0
72	1	1	0	0.0	0.216856628674	0.14844062375	0.0	0.151086956522	0.0	0.0	0.0	0.0	0.0
73	1	1	0	0.0	0.0	0.0	0.0	0.0	0.0	0.17724137931	0.267887184562	0.0	0.288386212299
74	1	1	0	0.0	0.211071609954	0.147889462496	0.0	0.143582594842	0.0	0.0	0.0	0.0	0.0
75	1	1	0	0.0	0.0	0.0	0.0	0.0	0.0	0.180074378548	0.281418044214	0.0	0.289161512724
76	1	1	0	0.0	0.142288952968	0.0	0.0	0.0947211155378	0.0	0.0	0.0	0.119329586511	0.0
77	1	1	0	0.0	0.0	0.0	0.0	0.146860873933	0.0	0.0	0.220525107318	0.0	0.0
78	1	1	0	0.0	0.20672740014	0.280051403717	0.172372611465	0.263777152051	0.309065098357	0.109107394721	0.0	0.132303966091	0.204980652843
79	1	1	0	0.0	0.143129388164	0.0	0.0	0.0959081836327	0.0	0.0	0.0	0.112895082298	0.0
80	1	1	0	0.0	0.141713127217	0.0	0.0	0.0994295830055	0.0	0.0	0.0	0.119992046923	0.0
81	1	1	0	0.25802323292	0.214300141386	0.376279349789	0.16427207877	0.255750487329	0.498798798799	0.218888441402	0.0	0.132159033719	0.201718039414
82	1	1	0	0.256435841149	0.214603300069	0.381185644307	0.163160998624	0.257426736251	0.49985031434	0.211451983611	0.0	0.125012441525	0.206346058503
83	1	1	0	0.240262361251	0.143804433888	0.108075891527	0.325574395505	0.14916071967	0.0	0.112462311558	0.222266760196	0.25276604305	0.0
84	1	1	0	0.0	0.216170801621	0.15031613298	0.0	0.148798707854	0.0	0.0	0.0	0.0	0.0
85	1	1	0	0.23862027109	0.143630892678	0.109561553125	0.335263000299	0.146460618146	0.0	0.110399359423	0.217564870259	0.252350470094	0.0
86	1	1	0	0.0	0.215767634855	0.149398065917	0.0	0.147050044772	0.0	0.0	0.0	0.0	0.0
87	1	1	0	0.0	0.0	0.0	0.0	0.146373449006	0.0	0.0	0.219056188762	0.0	0.0
88	1	1	0	0.0	0.0	0.0	0.0	0.144405418966	0.0	0.0	0.225633914422	0.0	0.0
89	1	1	0	0.0	0.217824804151	0.156286953094	0.0	0.144574691915	0.0	0.0	0.0	0.0	0.0
90	1	1	0	0.0	0.0	0.0	0.0	0.155801104972	0.0	0.0	0.227080394922	0.0	0.0
91	1	1	0	0.0	0.0	0.0	0.0	0.142149428774	0.0	0.0	0.227413088953	0.0	0.0
92	1	1	0	0.0	0.218574859888	0.27367576244	0.170704623461	0.251596169194	0.305322694677	0.104319478403	0.0	0.132188498403	0.189981673794
93	1	1	0	0.0	0.0	0.0	0.0	0.140620325122	0.0	0.0	0.222542204568	0.0	0.0
94	1	1	0	0.0	0.219405070872	0.279183755127	0.167721201165	0.255235995591	0.29913938075	0.107722969606	0.0	0.128938097635	0.197497224745
95	1	1	0	0.0	0.214192903548	0.148933999796	0.0	0.147612877504	0.0	0.0	0.0	0.0	0.0
96	1	1	0	0.0	0.213887783526	0.146654629351	0.0	0.147747747748	0.0	0.0	0.0	0.0	0.0
97	1	1	0	0.0	0.0	0.0	0.0	0.0	0.0	0.171301446051	0.275982098458	0.0	0.294123505976
98	1	1	0	0.0	0.0	0.110255127564	0.174695765865	0.147960199005	0.0	0.111401305876	0.22335839599	0.135588117222	0.0
99	1	1	0	0.0	0.0	0.0	0.0	0.144304823672	0.0	0.0	0.226054021728	0.0	0.0
100	1	1	0	0.0	0.0	0.0	0.0	0.143023481467	0.0	0.0	0.218804292284	0.0	0.0
