gene_id	sample0	sample0	sample1	sample1	sample2	sample2	sample3	sample3	sample4	sample4	sample5	sample5	sample6	sample6	sample7	sample7	sample8	sample8	sample9	sample9	sample10	sample10	sample11	sample11	sample12	sample12	sample13	sample13	sample14	sample14	sample15	sample15	sample16	sample16	sample17	sample17	sample18	sample18	sample19	sample19
0	985	0	902	144	813	150	996	0	806	148	1026	0	1010	0	1000	0	670	304	1019	0	801	258	898	154	1006	0	836	163	832	151	779	175	832	109	713	298	1035	0	971	0
1	1002	0	994	0	1006	0	998	0	772	191	964	0	1010	0	1036	0	1053	0	943	0	751	259	847	165	1023	0	834	194	926	0	797	217	872	125	1050	0	849	168	965	0
2	1082	0	894	116	832	145	1040	0	871	131	980	0	1026	0	987	0	674	333	987	0	809	222	812	154	1009	0	843	155	831	179	840	189	908	100	656	320	981	0	1009	0
3	519	482	482	547	512	490	503	513	495	492	455	491	507	496	512	488	521	507	483	499	497	491	524	493	521	537	511	515	480	489	510	528	479	488	479	531	488	574	513	510
4	1023	0	910	129	844	137	978	0	814	149	953	0	968	0	985	0	730	321	973	0	770	242	871	154	1073	0	806	160	856	161	796	188	907	124	624	305	1003	0	1016	0
5	953	0	836	118	840	139	934	0	796	154	1025	0	997	0	982	0	716	277	988	0	783	249	830	137	1006	0	816	181	852	180	830	192	906	104	733	294	1016	0	1014	0
6	463	492	534	509	482	515	520	503	521	520	477	495	458	466	495	480	514	480	505	492	472	475	489	502	488	512	501	481	489	523	511	498	516	484	511	520	532	550	520	464
7	1048	0	849	113	717	370	850	121	889	137	993	0	1078	0	683	325	454	540	500	488	759	216	781	134	823	131	860	142	812	169	798	185	778	253	679	354	995	0	868	135
8	996	0	854	125	670	334	906	147	806	143	981	0	1020	0	733	313	538	500	531	526	718	250	869	154	880	154	896	163	803	182	829	168	738	283	716	290	1034	0	830	140
9	1004	0	883	126	663	336	829	139	847	164	1057	0	1027	0	721	328	507	521	516	489	734	237	886	175	884	152	854	167	852	171	833	192	710	258	701	301	1022	0	797	139
10	526	498	513	501	532	488	536	532	515	497	462	516	532	491	549	489	519	498	494	543	534	499	533	464	505	480	514	475	449	496	493	530	504	539	544	511	500	494	554	491
11	968	0	1039	0	1005	0	990	0	1009	0	977	0	1014	0	1061	0	1043	0	998	0	971	0	998	0	986	0	976	0	888	115	959	0	1042	0	1015	0	925	107	958	0
12	980	0	875	117	1007	0	1036	0	829	139	972	0	960	0	1029	0	864	160	1049	0	782	212	849	153	1007	0	1022	0	869	180	995	0	874	119	1008	0	1011	0	954	0
13	975	0	815	104	829	144	1018	0	901	146	980	0	1042	0	986	0	670	322	1011	0	731	214	877	145	1029	0	845	173	869	189	835	197	925	124	709	276	984	0	998	0
14	1046	0	846	125	837	167	1052	0	874	153	983	0	1003	0	1023	0	698	286	1002	0	784	218	880	143	1062	0	794	136	861	172	820	184	943	110	689	311	981	0	1040	0
15	1001	0	924	0	995	0	1012	0	1019	0	1017	0	979	0	952	0	989	0	1022	0	1083	0	1008	0	1022	0	1045	0	888	102	1009	0	996	0	985	0	950	97	1012	0
16	988	0	887	107	859	147	1002	0	884	153	1016	0	955	0	950	0	704	285	1039	0	822	245	857	164	1041	0	817	168	820	171	821	190	911	113	648	300	1039	0	931	0
17	985	0	859	115	855	145	925	0	863	128	977	0	954	0	1005	0	686	332	1040	0	837	243	852	142	989	0	766	191	821	177	822	169	914	116	663	313	1030	0	997	0
18	983	0	880	121	817	159	1029	0	834	141	984	0	1006	0	971	0	657	306	963	0	716	230	822	147	993	0	853	159	800	174	799	162	861	105	713	291	990	0	934	0
19	1043	0	869	113	1015	0	967	0	867	160	1000	0	926	0	927	0	802	140	972	0	691	212	823	141	992	0	959	0	823	174	1021	0	894	109	993	0	1008	0	984	0
20	1036	0	1033	0	831	154	991	0	1025	0	1016	0	1002	0	823	202	767	204	696	289	954	0	990	0	997	0	1033	0	1010	0	981	0	870	126	978	0	980	0	952	0
21	972	0	896	125	665	334	818	134	843	131	1066	0	1003	0	693	307	513	480	509	488	759	237	868	168	888	138	797	169	798	166	815	183	808	287	675	316	1072	0	852	144
22	1027	0	860	114	938	0	999	0	874	156	988	0	967	0	987	0	851	162	966	0	751	229	863	151	997	0	1016	0	846	166	1059	0	908	124	1059	0	1064	0	1026	0
23	1017	0	881	121	870	167	977	0	829	124	975	0	1077	0	1068	0	720	328	1082	0	718	258	811	147	1033	0	793	164	829	168	831	176	859	112	689	321	966	0	1002	0
24	490	480	504	477	508	512	469	518	508	538	534	498	547	513	500	515	505	472	471	541	427	506	506	505	507	485	504	488	490	491	497	480	530	539	490	472	507	538	512	466
25	811	186	891	119	1022	0	1005	0	982	0	683	269	1043	0	1039	0	948	0	1045	0	1022	0	954	0	954	0	983	0	950	0	1040	0	883	105	990	0	989	0	1028	0
26	957	0	861	133	684	329	881	138	878	151	1063	0	971	0	668	333	515	521	509	497	767	224	922	163	814	127	891	154	841	157	824	192	703	237	689	282	996	0	829	153
27	1032	0	994	0	806	164	1040	0	969	0	1025	0	952	0	788	192	794	180	715	321	1003	0	1031	0	995	0	1052	0	1005	0	1009	0	835	121	1036	0	959	0	983	0
28	1011	0	1005	0	1049	0	992	0	775	159	1011	0	978	0	1024	0	996	0	967	0	730	279	839	185	979	0	782	176	1010	0	774	204	838	142	947	0	869	170	950	0
29	1046	0	892	116	835	133	1019	0	871	124	973	0	944	0	978	0	648	314	998	0	761	238	881	157	979	0	807	159	794	185	765	171	915	125	728	272	952	0	961	0
30	840	178	880	99	1010	0	1057	0	1009	0	671	307	1018	0	986	0	985	0	1009	0	993	0	962	0	971	0	987	0	972	0	964	0	897	127	1018	0	1018	0	1021	0
31	1071	0	921	124	844	118	979	0	826	138	1079	0	962	0	1019	0	722	330	1003	0	744	243	847	160	916	0	855	150	848	174	853	183	918	129	681	297	968	0	1038	0
32	956	0	863	113	847	149	997	0	827	138	948	0	979	0	991	0	719	318	1000	0	805	239	863	138	998	0	813	173	824	177	789	148	919	115	708	315	1037	0	1013	0
33	1007	0	971	91	843	155	1015	0	878	133	967	0	970	0	999	0	684	292	978	0	760	233	841	157	998	0	816	169	847	173	835	203	924	137	685	292	973	0	989	0
34	1009	0	1041	0	982	0	986	0	1014	0	993	0	954	0	984	0	993	0	1002	0	999	0	1043	0	1004	0	951	0	895	141	988	0	1026	0	986	0	844	104	1047	0
35	1006	0	952	0	801	186	988	0	1002	0	953	0	1030	0	845	209	795	175	690	304	959	0	967	0	988	0	1013	0	980	0	961	0	889	136	963	0	1025	0	990	0
36	994	0	935	124	873	137	950	0	827	136	1002	0	961	0	968	0	694	302	1028	0	773	230	847	148	1042	0	812	187	795	177	823	177	823	136	661	306	1054	0	1007	0
37	749	273	659	402	731	314	773	315	847	156	566	511	840	188	660	338	494	505	513	489	785	218	860	149	781	316	679	282	746	293	701	280	628	383	522	534	688	352	720	269
38	993	0	1004	0	1028	0	1011	0	1011	0	1012	0	971	0	1037	0	981	0	970	0	1032	0	1002	0	995	0	1006	0	937	135	943	0	1041	0	1005	0	856	85	992	0
39	525	483	522	537	515	507	505	502	524	474	510	499	498	527	499	498	544	496	463	464	472	515	491	530	470	543	480	500	495	494	476	519	553	491	464	520	497	496	467	518
40	960	0	977	0	1005	0	990	0	835	186	1009	0	979	0	932	0	960	0	1012	0	763	270	817	185	963	0	802	180	995	0	805	205	905	124	1018	0	846	161	1040	0
41	1019	0	894	133	865	136	1005	0	832	165	988	0	964	0	998	0	688	300	986	0	791	223	849	149	961	0	791	174	827	160	857	215	915	126	710	320	979	0	1007	0
42	1054	0	985	0	939	0	997	0	859	203	1024	0	1009	0	974	0	1047	0	1023	0	722	262	863	188	998	0	778	192	1021	0	765	193	862	145	974	0	880	175	998	0
43	983	0	897	136	690	328	882	131	829	147	997	0	986	0	641	293	496	507	502	515	768	244	834	157	887	142	757	155	822	152	850	195	736	275	662	327	1022	0	850	157
44	454	478	471	499	498	508	510	469	495	523	460	500	527	501	467	500	491	490	480	529	482	483	499	510	515	465	521	478	533	516	489	481	521	467	501	511	513	501	498	523
45	952	0	894	112	817	155	991	0	873	147	995	0	1014	0	955	0	693	314	927	0	791	241	808	146	1004	0	852	165	754	165	756	192	922	109	677	313	1026	0	918	0
46	535	473	440	489	500	498	507	461	470	529	480	502	529	523	524	509	498	522	519	488	515	491	465	545	488	535	437	508	551	496	503	487	507	510	487	524	515	513	509	493
47	982	0	1010	0	994	0	986	0	966	0	998	0	1049	0	940	0	1069	0	997	0	967	0	949	0	964	0	1046	0	888	114	946	0	994	0	973	0	897	96	1006	0
48	1031	0	849	122	846	169	1025	0	839	146	1053	0	996	0	942	0	678	333	992	0	774	215	869	165	1047	0	816	170	823	167	848	199	932	91	697	290	1023	0	1029	0
49	985	0	979	0	818	175	1046	0	1037	0	1030	0	1059	0	834	194	877	185	708	289	995	0	949	0	1017	0	972	0	990	0	999	0	840	160	1025	0	996	0	1000	0
50	854	179	867	117	1039	0	989	0	1050	0	676	352	1018	0	1009	0	981	0	1005	0	1013	0	928	0	942	0	1049	0	1050	0	1056	0	889	121	1025	0	1047	0	1025	0
51	986	0	999	0	793	161	1015	0	1051	0	975	0	1004	0	862	197	839	204	745	320	959	0	997	0	1080	0	942	0	1017	0	945	0	825	126	1014	0	1052	0	983	0
52	540	491	502	486	475	511	514	477	534	467	463	485	489	478	537	473	471	514	464	512	483	488	524	481	489	481	519	505	504	468	485	515	483	467	520	512	482	486	523	521
53	877	117	993	0	1052	0	992	0	999	0	839	194	791	174	1000	0	1017	0	913	0	1051	0	957	0	975	0	990	0	981	0	924	108	1060	0	777	193	928	89	871	109
54	733	306	629	340	686	325	755	301	902	148	492	479	821	140	703	300	526	513	513	507	754	255	822	116	683	303	672	310	690	272	673	324	623	351	500	481	673	341	715	295
55	1024	0	887	134	815	136	1019	0	893	125	955	0	960	0	1056	0	732	292	1000	0	773	226	881	130	972	0	777	165	811	158	797	176	842	117	697	331	953	0	1017	0
56	831	171	833	107	941	0	1006	0	973	0	703	283	976	0	964	0	963	0	1071	0	1000	0	996	0	974	0	1031	0	1007	0	1039	0	883	111	1022	0	983	0	974	0
57	1039	0	1026	0	1020	0	952	0	1025	0	951	0	980	0	990	0	1012	0	966	0	966	0	1004	0	1007	0	995	0	898	97	1027	0	986	0	1016	0	900	133	1035	0
58	952	0	925	116	881	139	988	0	841	130	1016	0	1008	0	1050	0	713	305	1022	0	737	254	848	157	1006	0	804	170	868	169	833	202	907	101	659	314	966	0	1005	0
59	968	0	989	0	830	178	1029	0	1031	0	1052	0	1008	0	760	172	774	198	676	323	977	0	988	0	1005	0	970	0	960	0	1000	0	823	144	987	0	1011	0	922	0
60	1011	0	911	117	848	125	1018	0	811	133	945	0	992	0	1053	0	730	309	938	0	756	228	857	144	955	0	830	148	836	186	842	166	855	96	705	336	1024	0	953	0
61	984	0	847	118	832	140	1051	0	863	125	978	0	1031	0	969	0	691	297	970	0	745	255	863	138	994	0	898	174	809	154	823	180	815	138	695	302	1048	0	1018	0
62	1023	0	1024	0	1047	0	1017	0	1027	0	986	0	929	0	998	0	1020	0	991	0	1030	0	986	0	967	0	973	0	883	128	947	0	966	0	1056	0	971	92	1019	0
63	751	301	668	337	684	332	727	301	819	148	497	489	828	179	705	326	497	514	482	515	797	234	858	128	706	256	687	317	672	345	712	309	640	361	513	497	623	328	720	272
64	1028	0	837	117	813	147	1086	0	850	151	995	0	1013	0	967	0	669	333	980	0	742	227	845	152	1007	0	845	135	878	198	828	184	933	126	715	326	930	0	1000	0
65	969	0	849	115	837	154	1022	0	840	147	1024	0	987	0	944	0	684	359	1032	0	768	222	844	159	954	0	834	153	815	162	852	178	860	135	654	328	954	0	988	0
66	1029	0	928	103	625	313	884	131	864	169	994	0	959	0	687	308	523	507	479	512	769	214	851	121	886	119	869	173	857	168	826	205	747	275	702	299	1022	0	850	170
67	1082	0	834	125	857	136	1003	0	870	164	1014	0	1077	0	957	0	689	298	1025	0	784	265	837	155	1011	0	825	169	832	176	796	177	912	118	704	336	1009	0	1037	0
68	1004	0	896	130	688	336	880	120	850	165	1028	0	1006	0	634	300	470	486	522	493	720	245	843	156	849	132	854	154	779	181	817	196	790	262	704	310	979	0	839	155
69	1010	0	878	111	851	148	985	0	820	137	1006	0	1012	0	980	0	687	320	966	0	769	228	862	139	961	0	826	164	826	176	830	171	869	120	697	309	1003	0	1032	0
70	1024	0	852	126	871	142	1025	0	845	144	1012	0	1002	0	958	0	684	336	999	0	793	233	910	150	1054	0	818	158	818	185	809	180	872	104	642	282	1044	0	1016	0
71	520	499	473	499	500	471	455	470	458	522	513	471	485	486	500	473	502	472	532	524	511	487	498	517	456	480	532	502	453	484	514	503	483	524	486	478	495	474	477	488
72	983	0	960	0	816	170	956	0	1007	0	1029	0	1001	0	803	201	815	179	706	293	981	0	976	0	997	0	993	0	1000	0	1032	0	837	144	1027	0	1053	0	971	0
73	905	105	983	0	1003	0	959	0	1039	0	795	198	892	163	1002	0	974	0	1017	0	968	0	1003	0	1003	0	1022	0	1042	0	928	105	1081	0	783	213	891	82	882	123
74	949	0	1002	0	1001	0	1010	0	876	183	982	0	974	0	994	0	970	0	1035	0	713	273	875	159	970	0	828	187	994	0	831	204	925	139	993	0	844	161	1017	0
75	476	569	496	509	484	519	505	512	493	540	487	499	497	486	488	492	546	520	540	532	509	475	474	514	531	542	523	517	527	497	508	506	479	490	496	489	515	512	501	502
76	1011	0	1002	0	826	181	941	0	964	0	975	0	1003	0	850	191	876	171	715	332	1059	0	979	0	1014	0	985	0	1011	0	1035	0	833	140	980	0	1088	0	1019	0
77	1009	0	991	0	1019	0	962	0	822	172	1018	0	985	0	962	0	1033	0	973	0	710	266	811	199	938	0	802	184	1028	0	813	216	878	130	1035	0	824	195	965	0
78	1048	0	939	123	882	138	962	0	860	153	1021	0	997	0	999	0	685	289	963	0	779	244	867	145	975	0	838	171	838	173	834	179	929	94	699	315	951	0	956	0
79	1007	0	960	0	993	0	990	0	819	177	950	0	1068	0	1004	0	990	0	977	0	751	251	835	163	948	0	806	173	1038	0	745	220	910	111	1023	0	814	188	963	0
80	988	0	869	125	875	149	970	0	776	137	1019	0	1026	0	1002	0	706	313	1004	0	808	243	820	163	1038	0	807	163	841	199	790	153	805	114	703	296	1056	0	968	0
81	1003	0	850	115	872	159	998	0	859	119	1040	0	989	0	999	0	650	311	972	0	765	223	829	141	1003	0	845	154	889	166	782	203	859	117	654	323	1024	0	992	0
82	988	0	876	133	837	148	1002	0	850	157	1028	0	1001	0	999	0	714	272	979	0	721	217	882	137	1024	0	848	162	791	164	833	199	860	111	728	292	980	0	968	0
83	1050	0	1020	0	871	169	1034	0	1022	0	1075	0	1005	0	872	200	826	189	674	270	1003	0	1035	0	1025	0	1058	0	982	0	952	0	891	130	999	0	1012	0	1026	0
84	985	0	854	119	804	132	966	0	866	150	1049	0	1030	0	994	0	671	339	1039	0	733	215	856	148	1083	0	831	148	875	179	840	187	856	105	690	324	971	0	1054	0
85	967	0	1018	0	858	172	1015	0	1004	0	1092	0	968	0	777	182	785	206	736	337	989	0	1017	0	977	0	991	0	1014	0	959	0	888	156	1010	0	975	0	1046	0
86	1041	0	998	0	847	198	996	0	987	0	987	0	1004	0	793	187	778	206	700	306	998	0	992	0	969	0	1016	0	977	0	980	0	886	158	1014	0	1013	0	1044	0
87	806	151	825	111	995	0	1026	0	998	0	702	311	1007	0	980	0	1014	0	1045	0	990	0	949	0	1052	0	1033	0	1021	0	1030	0	861	112	1017	0	1013	0	998	0
88	996	0	830	120	884	164	1011	0	854	138	975	0	1032	0	981	0	701	304	982	0	787	222	846	125	1013	0	835	169	788	149	833	183	959	111	692	260	1021	0	965	0
89	974	0	950	0	861	146	1012	0	1051	0	925	0	955	0	792	181	835	186	670	329	966	0	993	0	993	0	1000	0	1058	0	1027	0	872	141	996	0	1012	0	1024	0
90	949	0	880	123	835	150	1001	0	862	142	1046	0	962	0	1063	0	703	319	970	0	807	220	821	154	1008	0	847	168	841	163	862	165	886	109	711	320	1067	0	1018	0
91	1011	0	916	129	1007	0	977	0	838	154	1055	0	1003	0	996	0	863	142	983	0	771	237	893	144	1006	0	1012	0	880	183	1028	0	966	133	972	0	1063	0	996	0
92	1007	0	894	146	853	152	1026	0	853	150	1005	0	1044	0	985	0	665	332	1052	0	756	216	860	138	987	0	851	159	781	177	847	168	837	102	673	311	1024	0	1001	0
93	1008	0	900	134	835	160	963	0	853	129	1023	0	952	0	967	0	667	283	1049	0	771	226	835	161	1005	0	853	180	783	195	823	183	895	99	661	313	1008	0	988	0
94	499	529	483	450	513	488	499	501	487	518	524	500	489	478	486	488	492	477	501	526	497	549	493	512	501	481	510	501	481	511	474	533	511	481	544	482	498	484	509	529
95	816	169	873	124	991	0	989	0	1005	0	711	322	987	0	1006	0	983	0	994	0	1007	0	964	0	1066	0	1021	0	1021	0	955	0	904	118	1033	0	979	0	1033	0
96	969	0	920	104	782	154	952	0	859	146	961	0	976	0	1074	0	672	303	981	0	724	217	842	140	945	0	866	174	834	185	819	199	903	113	695	285	960	0	994	0
97	1006	0	900	143	908	137	1010	0	843	146	1019	0	1014	0	957	0	706	300	1030	0	768	201	839	172	1028	0	875	167	792	184	794	184	877	100	685	343	970	0	1000	0
98	462	510	517	508	461	482	499	491	551	483	469	475	482	478	534	552	465	535	535	518	478	502	514	498	490	513	490	508	499	530	487	510	481	489	459	491	482	488	499	509
99	465	488	518	472	562	497	501	505	525	485	536	512	549	469	480	497	500	502	524	515	467	469	489	516	477	515	481	518	506	489	528	422	491	504	516	499	500	485	521	481
