#chr	normal	sample0	sample1	sample2	sample3	sample4
0	0	0.0	0.135593220339	0.0	0.0	0.0
1	0	0.15625	0.0	0.0	0.0	0.201923076923
2	0	0.19801980198	0.0	0.0	0.0	0.212121212121
3	0	0.0	0.1	0.0	0.0	0.0
4	0	0.0	0.0	0.0	0.0	0.0
5	0	0.0	0.126582278481	0.0	0.0	0.0
6	0	0.0	0.0	0.0	0.0	0.0
7	0	0.0	0.140186915888	0.0	0.0	0.0
8	0	0.0	0.135135135135	0.270833333333	0.326086956522	0.0
9	0	0.244680851064	0.0	0.0	0.0	0.0918367346939
10	0	0.340206185567	0.0	0.0	0.0	0.126315789474
11	0	0.0	0.134615384615	0.0	0.0	0.0
12	0	0.30303030303	0.240384615385	0.0	0.0967741935484	0.247524752475
13	0	0.194174757282	0.0	0.0	0.0	0.0865384615385
14	0	0.322916666667	0.0	0.0	0.0862068965517	0.157407407407
15	0	0.302083333333	0.0	0.0	0.0	0.207920792079
16	0	0.318584070796	0.0	0.0	0.0	0.271028037383
17	0	0.0	0.125	0.0	0.0	0.0
18	0	0.22	0.0	0.0	0.0	0.147826086957
19	0	0.220779220779	0.0	0.0	0.0	0.255813953488
20	0	0.0	0.0	0.0	0.0	0.0
21	0	0.244186046512	0.0	0.0	0.0	0.186274509804
22	0	0.12	0.0	0.0	0.0	0.131868131868
23	0	0.304761904762	0.233333333333	0.0	0.138613861386	0.205128205128
24	0	0.0	0.0851063829787	0.0	0.0	0.0
25	0	0.0	0.17094017094	0.0	0.0	0.0
26	0	0.0	0.127118644068	0.0	0.0	0.0
27	0	0.21978021978	0.0	0.0	0.0	0.234234234234
28	0	0.0	0.186991869919	0.0	0.0	0.0
29	0	0.0	0.0	0.254901960784	0.0	0.0720720720721
30	0	0.0	0.0673076923077	0.142857142857	0.25	0.0
31	0	0.317647058824	0.0	0.0	0.0869565217391	0.133333333333
32	0	0.162790697674	0.0	0.0	0.0	0.195402298851
33	0	0.107843137255	0.0	0.0	0.0	0.197530864198
34	0	0.326315789474	0.0	0.0	0.0	0.177083333333
35	0	0.0	0.0	0.0	0.0	0.095652173913
36	0	0.241379310345	0.0	0.0	0.0	0.161016949153
37	0	0.313953488372	0.0	0.0	0.0	0.209523809524
38	0	0.352112676056	0.266666666667	0.173076923077	0.346534653465	0.252336448598
39	0	0.284482758621	0.323529411765	0.0	0.139784946237	0.14
40	0	0.0	0.0987654320988	0.0	0.0	0.0
41	0	0.0	0.0892857142857	0.0	0.0	0.0
42	0	0.151515151515	0.0	0.0	0.0	0.178947368421
43	0	0.157894736842	0.0	0.0	0.0	0.147368421053
44	0	0.0	0.0721649484536	0.0	0.0	0.0
45	0	0.0	0.144578313253	0.0	0.0	0.0
46	0	0.185185185185	0.0	0.0	0.0	0.164835164835
47	0	0.0	0.0909090909091	0.0	0.0	0.0
48	0	0.2	0.0	0.0	0.0	0.141025641026
49	0	0.282828282828	0.25641025641	0.14	0.275510204082	0.385245901639
50	0	0.0898876404494	0.0	0.0	0.0	0.0
51	0	0.0	0.185567010309	0.0	0.0	0.0
52	0	0.245098039216	0.0	0.0	0.0	0.148148148148
53	0	0.0	0.152380952381	0.0	0.0	0.0
54	0	0.0	0.11320754717	0.287037037037	0.189473684211	0.0
55	0	0.172839506173	0.0	0.0	0.0	0.128712871287
56	0	0.0	0.0606060606061	0.0	0.0	0.0
57	0	0.340659340659	0.228571428571	0.217821782178	0.333333333333	0.396226415094
58	0	0.337078651685	0.287234042553	0.198347107438	0.356435643564	0.265625
59	0	0.544444444444	0.474747474747	0.546218487395	0.386363636364	0.490384615385
60	0	0.160377358491	0.0	0.0	0.0	0.192660550459
61	0	0.0	0.223300970874	0.0	0.0	0.0
62	0	0.242990654206	0.0	0.0	0.0	0.115384615385
63	0	0.0	0.184466019417	0.0	0.0	0.0
64	0	0.0	0.039603960396	0.0	0.0	0.0
65	0	0.223404255319	0.0	0.0	0.11	0.164948453608
66	0	0.0	0.0	0.0	0.0	0.0
67	0	0.0	0.123711340206	0.0	0.0	0.0
68	0	0.0	0.0	0.0	0.0	0.0
69	0	0.280487804878	0.231578947368	0.147826086957	0.3125	0.364341085271
70	0	0.342105263158	0.0	0.0	0.0	0.154545454545
71	0	0.0824742268041	0.129310344828	0.0	0.0	0.107142857143
72	0	0.0	0.119565217391	0.0	0.0	0.0
73	0	0.178217821782	0.0	0.0	0.0	0.142857142857
74	0	0.212389380531	0.0	0.0	0.0	0.178571428571
75	0	0.122641509434	0.0769230769231	0.0	0.0	0.162162162162
76	0	0.34375	0.333333333333	0.247311827957	0.290322580645	0.435897435897
77	0	0.0	0.147058823529	0.0	0.0	0.0
78	0	0.0	0.0	0.0	0.0	0.0
79	0	0.0	0.0	0.0	0.0	0.0
80	0	0.0	0.0	0.0	0.0	0.0
81	0	0.142857142857	0.0	0.0	0.0	0.111111111111
82	0	0.0	0.12389380531	0.0	0.0	0.0
83	0	0.367346938776	0.0	0.0	0.0	0.168224299065
84	0	0.178571428571	0.0	0.0	0.0	0.1875
85	0	0.25	0.0	0.0	0.0	0.116504854369
86	0	0.0	0.148148148148	0.0	0.0	0.0
87	0	0.302083333333	0.0	0.0	0.107843137255	0.139534883721
88	0	0.0	0.0777777777778	0.290598290598	0.197916666667	0.0
89	0	0.0	0.137931034483	0.321100917431	0.285714285714	0.0
90	0	0.359550561798	0.206896551724	0.0	0.106060606061	0.156862745098
91	0	0.258064516129	0.278350515464	0.0	0.11	0.175824175824
92	0	0.0	0.155555555556	0.329896907216	0.142857142857	0.0
93	0	0.182692307692	0.0	0.0	0.0	0.152173913043
94	0	0.27	0.222222222222	0.26213592233	0.305263157895	0.365853658537
95	0	0.231578947368	0.0	0.0	0.0	0.0947368421053
96	0	0.5	0.508771929825	0.619047619048	0.486486486486	0.480392156863
97	0	0.198113207547	0.0	0.0	0.0	0.154639175258
98	0	0.330188679245	0.210084033613	0.203703703704	0.333333333333	0.275510204082
99	0	0.0	0.211111111111	0.305882352941	0.311111111111	0.0
100	0	0.0	0.158415841584	0.0	0.0	0.0
101	0	0.215053763441	0.0	0.0	0.0	0.101851851852
102	0	0.0	0.0	0.182692307692	0.0	0.152380952381
103	0	0.164948453608	0.0	0.0	0.0	0.152380952381
104	0	0.0	0.138888888889	0.0	0.0	0.0
105	0	0.172043010753	0.0	0.0	0.0	0.111111111111
106	0	0.116504854369	0.0	0.0	0.0	0.176470588235
107	0	0.0	0.0701754385965	0.0	0.0	0.0
108	0	0.0	0.0	0.195652173913	0.0	0.0810810810811
109	0	0.271028037383	0.0	0.0	0.0	0.0860215053763
110	0	0.0	0.2	0.0	0.0	0.0
111	0	0.163265306122	0.0	0.0	0.0	0.122641509434
112	0	0.0	0.211009174312	0.0	0.0	0.0
113	0	0.119047619048	0.0	0.0	0.0	0.0
114	0	0.0	0.0	0.0	0.0	0.0
115	0	0.0	0.127272727273	0.0	0.0	0.0
116	0	0.18085106383	0.0	0.0	0.0	0.164835164835
117	0	0.0	0.0	0.155339805825	0.0	0.0964912280702
118	0	0.219298245614	0.0	0.0	0.0	0.0697674418605
119	0	0.0	0.164705882353	0.0	0.0	0.0
120	0	0.0	0.240963855422	0.0	0.0	0.0
121	0	0.0	0.0	0.0	0.0	0.0
122	0	0.0	0.152380952381	0.0	0.0	0.0
123	0	0.333333333333	0.168421052632	0.174603174603	0.298969072165	0.336734693878
124	0	0.0	0.0	0.0	0.0	0.0
125	0	0.0	0.0	0.0	0.0	0.0
126	0	0.0	0.0	0.0	0.0	0.0
127	0	0.24347826087	0.0	0.0	0.0	0.170454545455
128	0	0.0	0.0	0.0	0.0	0.0
129	0	0.0	0.194174757282	0.0	0.0	0.0
130	0	0.204545454545	0.0	0.0	0.0	0.16049382716
131	0	0.378947368421	0.0	0.0	0.0	0.219512195122
132	0	0.0	0.0736842105263	0.0	0.0	0.0
133	0	0.2	0.0	0.0	0.0	0.19387755102
134	0	0.203883495146	0.0	0.0	0.0	0.157894736842
135	0	0.112244897959	0.0	0.0	0.0	0.188888888889
136	0	0.188118811881	0.0	0.0	0.0	0.166666666667
137	0	0.190476190476	0.0	0.0	0.0	0.166666666667
138	0	0.16814159292	0.0	0.0	0.0	0.125
139	0	0.0	0.131868131868	0.323529411765	0.260162601626	0.0
140	0	0.0	0.17	0.0	0.0	0.0
141	0	0.0	0.146341463415	0.277227722772	0.313725490196	0.0
142	0	0.108695652174	0.0	0.0	0.0	0.127659574468
143	0	0.235294117647	0.0	0.0	0.0	0.157894736842
144	0	0.0	0.168539325843	0.0	0.0	0.0
145	0	0.296	0.0	0.0	0.102803738318	0.173076923077
146	0	0.0	0.142857142857	0.0	0.0	0.0
147	0	0.323529411765	0.0	0.0	0.0	0.152941176471
148	0	0.0	0.19387755102	0.0	0.0	0.0
149	0	0.280701754386	0.0	0.0	0.0	0.121739130435
150	0	0.0	0.0	0.0	0.0	0.0
151	0	0.20652173913	0.104651162791	0.0	0.0	0.134615384615
152	0	0.0	0.108910891089	0.278260869565	0.297297297297	0.0
153	0	0.0	0.0	0.0	0.0	0.0
154	0	0.28	0.219047619048	0.163461538462	0.373913043478	0.254545454545
155	0	0.0	0.121212121212	0.0	0.0	0.0
156	0	0.31067961165	0.0	0.0	0.0	0.140186915888
157	0	0.168224299065	0.0	0.0	0.0	0.12
158	0	0.207547169811	0.0	0.0	0.0	0.12380952381
159	0	0.0	0.0980392156863	0.0	0.0	0.0
160	0	0.275862068966	0.0	0.0	0.0666666666667	0.190476190476
161	0	0.309278350515	0.258064516129	0.0	0.0769230769231	0.168224299065
162	0	0.0	0.0	0.243243243243	0.0	0.0873786407767
163	0	0.0	0.0	0.20652173913	0.0	0.0689655172414
164	0	0.0	0.0947368421053	0.0	0.0	0.0
165	0	0.0	0.16814159292	0.0	0.0	0.0
166	0	0.127272727273	0.0	0.0	0.0	0.197802197802
167	0	0.0	0.168316831683	0.327102803738	0.33734939759	0.0
168	0	0.0	0.0	0.0	0.0	0.0
169	0	0.0	0.0851063829787	0.0	0.0	0.0
170	0	0.127272727273	0.0	0.0	0.0	0.154545454545
171	0	0.0	0.0	0.153846153846	0.0	0.102564102564
172	0	0.182795698925	0.0	0.0	0.0	0.164948453608
173	0	0.151515151515	0.0	0.0	0.0	0.175824175824
174	0	0.173469387755	0.0	0.0	0.0	0.173913043478
175	0	0.28	0.252032520325	0.0	0.107843137255	0.180952380952
176	0	0.0	0.130434782609	0.303370786517	0.0980392156863	0.0
177	0	0.0	0.170212765957	0.0	0.0	0.0
178	0	0.197802197802	0.0	0.0	0.0	0.183486238532
179	0	0.0	0.177419354839	0.0	0.0	0.0
180	0	0.25	0.296296296296	0.130841121495	0.36	0.411764705882
181	0	0.27358490566	0.0	0.0	0.0	0.161016949153
182	0	0.279569892473	0.285714285714	0.0	0.0957446808511	0.141304347826
183	0	0.0	0.155555555556	0.0	0.0	0.0
184	0	0.0	0.273684210526	0.0	0.0	0.0
185	0	0.0	0.145631067961	0.0	0.0	0.0
186	0	0.237704918033	0.0	0.0	0.0	0.14
187	0	0.0	0.150943396226	0.295454545455	0.1875	0.0
188	0	0.171717171717	0.0	0.0	0.0	0.188118811881
189	0	0.178571428571	0.0	0.0	0.0	0.10989010989
190	0	0.0	0.0918367346939	0.0	0.0	0.0
191	0	0.0	0.240384615385	0.0	0.0	0.0
192	0	0.330275229358	0.0	0.0	0.0	0.12380952381
193	0	0.0	0.10989010989	0.0	0.0	0.0
194	0	0.285714285714	0.0	0.0	0.0	0.185185185185
195	0	0.311827956989	0.0	0.0	0.12380952381	0.133333333333
196	0	0.365217391304	0.0	0.0	0.107843137255	0.205128205128
197	0	0.0	0.173076923077	0.0	0.0	0.0
198	0	0.174418604651	0.0461538461538	0.0	0.0	0.177570093458
199	0	0.28125	0.275	0.234234234234	0.366666666667	0.376068376068
