#chr	normal	sample0	sample1	sample2	sample3	sample4	sample5	sample6	sample7	sample8	sample9
0	0	0.169402228977	0.127098558167	0.11848247095	0.0	0.0	0.0	0.25423216445	0.0	0.1227929374	0.190633774569
1	0	0.155778894472	0.224306525644	0.372686343172	0.223417085427	0.256278366112	0.234601177997	0.0	0.246864423651	0.12407960199	0.306970241662
2	0	0.0	0.0	0.0	0.0	0.238085601538	0.0	0.0	0.0	0.130607778773	0.0
3	0	0.0	0.0	0.0	0.0	0.247525752373	0.0	0.0	0.0	0.13548968556	0.0
4	0	0.0	0.0	0.0	0.0	0.256216216216	0.132528908999	0.0	0.0	0.0	0.171871871872
5	0	0.0	0.0	0.0	0.0	0.236478365385	0.0	0.0	0.0	0.122840690979	0.0
6	0	0.171044593769	0.116610993015	0.118545676749	0.0	0.0	0.0	0.250372430231	0.0	0.123897353649	0.194128694277
7	0	0.157671315949	0.110833249975	0.111166105722	0.0	0.0	0.103434302502	0.0	0.0	0.0	0.133617626155
8	0	0.14859197124	0.229970326409	0.368931058847	0.226346212352	0.260660660661	0.235478966042	0.0	0.243902439024	0.12982247347	0.304004734662
9	0	0.0	0.0	0.0	0.0	0.253170928126	0.13240453042	0.0	0.0	0.0	0.174743755598
10	0	0.153362602275	0.230264466097	0.381153305204	0.212187593349	0.251340083383	0.230935110763	0.0	0.244067123424	0.127574485103	0.306493506494
11	0	0.176972909305	0.0	0.0	0.0	0.232494969819	0.119640387275	0.0	0.256614022734	0.129594581134	0.0
12	0	0.157103825137	0.104564649105	0.108719481814	0.0	0.0	0.102730171383	0.0	0.0	0.0	0.136050344621
13	0	0.171765646871	0.0	0.0	0.0	0.23993902439	0.118742368742	0.0	0.252227004304	0.131390491347	0.0
14	0	0.0	0.156341883808	0.0	0.281287970838	0.0	0.151387636509	0.0	0.0	0.0	0.0
15	0	0.341376863023	0.273844892941	0.256382347121	0.500841667492	0.243098932098	0.268105084407	0.248963065376	0.253064885877	0.377279521674	0.18955686706
16	0	0.0	0.0	0.0	0.0	0.242003621002	0.0	0.0	0.0	0.138358590829	0.0
17	0	0.183819213461	0.0	0.0	0.0	0.235635635636	0.116853258697	0.0	0.247198741891	0.134276322343	0.0
18	0	0.0	0.0	0.0	0.0	0.264496745118	0.1294459473	0.0	0.0	0.0	0.179765220852
19	0	0.0	0.151739527335	0.0	0.273927720413	0.0	0.153445512821	0.0	0.0	0.0	0.0
20	0	0.0	0.156425702811	0.0	0.271052110164	0.0	0.14545634332	0.0	0.0	0.0	0.0
21	0	0.0	0.156172533466	0.0	0.272681954138	0.0	0.147241103559	0.0	0.0	0.0	0.0
22	0	0.164741641337	0.115301085884	0.122780769998	0.0	0.0	0.0	0.253029223093	0.0	0.120261956737	0.190787518574
23	0	0.0	0.0	0.0	0.0	0.246199701937	0.0	0.0	0.0	0.135339844529	0.0
24	0	0.0	0.156349206349	0.0	0.270822942643	0.0	0.145864511623	0.0	0.0	0.0	0.0
25	0	0.177445432498	0.0	0.0	0.0	0.236704796307	0.114245698279	0.0	0.251614887727	0.134638675818	0.0
26	0	0.153279515641	0.224428699731	0.373614410135	0.232219278582	0.256074392561	0.234310037616	0.0	0.248242400238	0.127657460759	0.310083698685
27	0	0.167969940083	0.110957824202	0.124057084608	0.0	0.0	0.0	0.250478782381	0.0	0.114457228614	0.1921
28	0	0.0	0.0	0.0	0.0	0.2609437751	0.12849048968	0.0	0.0	0.0	0.170447761194
29	0	0.157724889068	0.224091587855	0.376119696821	0.219338677355	0.262887635924	0.233684210526	0.0	0.245333333333	0.125477963373	0.295538847118
30	0	0.16098945661	0.111991065083	0.127984813668	0.0	0.0	0.0	0.247458296318	0.0	0.119772432378	0.197255574614
31	0	0.17664248287	0.0	0.0	0.0	0.238611278346	0.115930196959	0.0	0.259359359359	0.129670773581	0.0
32	0	0.156520862729	0.236020479871	0.383288463456	0.222501003613	0.258273593244	0.239654295882	0.0	0.251208215868	0.130979386527	0.304743795036
33	0	0.0	0.153047858942	0.0	0.274670719352	0.0	0.143280339686	0.0	0.0	0.0	0.0
34	0	0.152652005175	0.226059343058	0.37060735324	0.222768798313	0.258239589501	0.233182957393	0.0	0.245290621537	0.132854396438	0.303395843893
35	0	0.157942147933	0.230005017561	0.379334465874	0.225061911838	0.254997960016	0.235191993464	0.0	0.251189060642	0.12848094903	0.303425130787
36	0	0.0	0.0	0.0	0.0	0.259137862535	0.128723722228	0.0	0.0	0.0	0.180258377069
37	0	0.155963302752	0.106723692063	0.111937338886	0.0	0.0	0.100488973156	0.0	0.0	0.0	0.134736842105
38	0	0.16364551863	0.11943359375	0.122739401127	0.0	0.0	0.0	0.246086349586	0.0	0.121467227901	0.193870420286
39	0	0.154432887568	0.103549102642	0.110527909559	0.0	0.0	0.0992087042532	0.0	0.0	0.0	0.135967578521
40	0	0.153962645129	0.107250755287	0.112958141398	0.0	0.0	0.106569046166	0.0	0.0	0.0	0.137122736419
41	0	0.154247840932	0.225584594223	0.378	0.223207984676	0.254164217127	0.232426528991	0.0	0.242969293451	0.126715735031	0.317587641117
42	0	0.184301692567	0.0	0.0	0.0	0.235779816514	0.113763483819	0.0	0.249129439857	0.133113640903	0.0
43	0	0.154555589338	0.103006847276	0.11798088411	0.0	0.0	0.102334473737	0.0	0.0	0.0	0.136354679803
44	0	0.0	0.0	0.0	0.0	0.250692246835	0.132212495026	0.0	0.0	0.0	0.175275447286
45	0	0.0	0.0	0.0	0.0	0.257801489833	0.13385206343	0.0	0.0	0.0	0.166970433374
46	0	0.169992979641	0.116467450361	0.119556532161	0.0	0.0	0.0	0.260124924441	0.0	0.121194089061	0.194118227573
47	0	0.182572614108	0.0	0.0	0.0	0.240737091052	0.118171795129	0.0	0.255405673477	0.133685048776	0.0
48	0	0.0	0.0	0.0	0.0	0.253672483486	0.135640413683	0.0	0.0	0.0	0.176035946081
49	0	0.171620807391	0.0	0.0	0.0	0.245070422535	0.117611999603	0.0	0.249564236645	0.133445278546	0.0
50	0	0.151724829523	0.226738934056	0.381985150449	0.223225030084	0.258086991142	0.235534309332	0.0	0.248008068583	0.126660059465	0.30347421558
51	0	0.155394129773	0.108765259155	0.110964600872	0.0	0.0	0.101250625313	0.0	0.0	0.0	0.130408773679
52	0	0.15150596321	0.110399359423	0.116130958304	0.0	0.0	0.100322320709	0.0	0.0	0.0	0.13567890001
53	0	0.165325745683	0.118871180591	0.125214062657	0.0	0.0	0.0	0.246584903779	0.0	0.11511299435	0.190041658401
54	0	0.0	0.158024935682	0.0	0.281134154894	0.0	0.146716996126	0.0	0.0	0.0	0.0
55	0	0.172639729971	0.0	0.0	0.0	0.232722565226	0.115045135406	0.0	0.247409063199	0.131383896842	0.0
56	0	0.168163018259	0.12102738357	0.124346076459	0.0	0.0	0.0	0.246476761619	0.0	0.121458710066	0.192637070578
57	0	0.0	0.0	0.0	0.0	0.0	0.0	0.0	0.0	0.0	0.196528892456
58	0	0.154219012761	0.227209255935	0.375411635565	0.230089364627	0.251315256981	0.237337337337	0.0	0.255384311401	0.129926718162	0.310051958433
59	0	0.0	0.0	0.0	0.0	0.25696969697	0.139250814332	0.0	0.0	0.0	0.171470588235
60	0	0.14946300716	0.110049751244	0.115684093437	0.0	0.0	0.103594936709	0.0	0.0	0.0	0.133412982875
61	0	0.0	0.156316708713	0.0	0.276385421867	0.0	0.147537708521	0.0	0.0	0.0	0.0
62	0	0.0	0.0	0.0	0.0	0.240640640641	0.0	0.0	0.0	0.129703680919	0.0
63	0	0.154772658838	0.109197690623	0.116636708608	0.0	0.0	0.105331469649	0.0	0.0	0.0	0.133769971222
64	0	0.152353177796	0.0986475735879	0.110483870968	0.0	0.0	0.100793327909	0.0	0.0	0.0	0.135228506564
65	0	0.170154128815	0.0	0.0	0.0	0.237216763585	0.120719264572	0.0	0.248430220782	0.138200782269	0.0
66	0	0.0	0.0	0.0	0.0	0.258778020234	0.13160538477	0.0	0.0	0.0	0.165479723046
67	0	0.181881119573	0.0	0.0	0.0	0.239995978283	0.115680207606	0.0	0.25588759153	0.1314816665	0.0
68	0	0.179543856124	0.0	0.0	0.0	0.248019255842	0.114180295174	0.0	0.2556129545	0.134521880065	0.0
69	0	0.0	0.0	0.0	0.0	0.0	0.0	0.0	0.0	0.0	0.190578577013
70	0	0.149970765933	0.22908065653	0.37826478535	0.228848680885	0.256661991585	0.236673986824	0.0	0.248711850971	0.127588980495	0.310250707643
71	0	0.153488372093	0.109294490686	0.112478735115	0.0	0.0	0.106166111616	0.0	0.0	0.0	0.13033033033
72	0	0.0	0.160167966407	0.0	0.275834338561	0.0	0.149312765747	0.0	0.0	0.0	0.0
73	0	0.168275030157	0.115983026874	0.119896692163	0.0	0.0	0.0	0.248022429158	0.0	0.111915146709	0.192850705918
74	0	0.183447863759	0.0	0.0	0.0	0.244283760016	0.120181405896	0.0	0.255880326739	0.135248354279	0.0
75	0	0.153450363196	0.108675982708	0.113679575703	0.0	0.0	0.103156652572	0.0	0.0	0.0	0.134754666939
76	0	0.0	0.0	0.0	0.0	0.252820306205	0.128814902893	0.0	0.0	0.0	0.172779054662
77	0	0.0	0.153954235247	0.0	0.28014254603	0.0	0.146614661466	0.0	0.0	0.0	0.0
78	0	0.0	0.153846153846	0.0	0.280803703339	0.0	0.148659463786	0.0	0.0	0.0	0.0
79	0	0.150483481064	0.108890907256	0.113226553843	0.0	0.0	0.10346907994	0.0	0.0	0.0	0.136027549884
80	0	0.176771219561	0.0	0.0	0.0	0.239875701684	0.114803322991	0.0	0.255098039216	0.142609758582	0.0
81	0	0.176855895197	0.0	0.0	0.0	0.242925468314	0.121598381386	0.0	0.249725192365	0.131340308919	0.0
82	0	0.160296177707	0.226565656566	0.372483221477	0.216729266064	0.268759493671	0.233377055797	0.0	0.248141171805	0.134044715447	0.308467138725
83	0	0.0	0.149556021151	0.0	0.271721958926	0.0	0.148730711797	0.0	0.0	0.0	0.0
84	0	0.182387436637	0.0	0.0	0.0	0.240545691644	0.114516773163	0.0	0.254461135195	0.133239266277	0.0
85	0	0.0	0.0	0.0	0.0	0.259762479871	0.135854341737	0.0	0.0	0.0	0.171746835443
86	0	0.156620504135	0.22513562387	0.375551544324	0.22603359823	0.255111199761	0.24152076038	0.0	0.238844621514	0.128667943935	0.30856511698
87	0	0.147215253387	0.227607795617	0.378058484185	0.2228	0.259773510586	0.239099859353	0.0	0.248138704742	0.135339844529	0.3052
88	0	0.0	0.157628630911	0.0	0.272325464591	0.0	0.147182674955	0.0	0.0	0.0	0.0
89	0	0.170695754717	0.0	0.0	0.0	0.242397048559	0.117623363545	0.0	0.260175739824	0.12850514424	0.0
90	0	0.176962100865	0.0	0.0	0.0	0.24371257485	0.125113601939	0.0	0.261136408632	0.134904066011	0.0
91	0	0.149941543258	0.229030944625	0.374912403644	0.226821520746	0.246647704185	0.233380056067	0.0	0.241062512483	0.134648112924	0.30888030888
92	0	0.0	0.156187021362	0.0	0.273763118441	0.0	0.14966729566	0.0	0.0	0.0	0.0
93	0	0.0	0.158000200381	0.0	0.273340609187	0.0	0.154332764334	0.0	0.0	0.0	0.0
94	0	0.154068319888	0.226124154397	0.380029806259	0.224132789981	0.260135135135	0.229488585385	0.0	0.245847508505	0.126420454545	0.296043521266
95	0	0.152545804231	0.108255766896	0.114237084501	0.0	0.0	0.104971819646	0.0	0.0	0.0	0.134665334665
96	0	0.152224118887	0.110288971103	0.114503816794	0.0	0.0	0.103189873418	0.0	0.0	0.0	0.136707329368
97	0	0.153869377076	0.104838709677	0.115171868827	0.0	0.0	0.101456358127	0.0	0.0	0.0	0.133052800321
98	0	0.0	0.0	0.0	0.0	0.0	0.0	0.250346466046	0.0	0.117506234414	0.0
99	0	0.158684774839	0.229542932096	0.378462778281	0.222420457924	0.259211183225	0.236052789442	0.0	0.243604004449	0.132360342224	0.300442122186
