#chr	position	description	normal	sample0	sample1	sample2	sample3	sample4
1	1	1	0	0.0	0.0	0.0	0.0	0.0854700854701
2	1	1	0	0.0	0.0	0.0	0.0	0.0
3	1	1	0	0.173913043478	0.0	0.160714285714	0.0	0.150537634409
4	1	1	0	0.0	0.0	0.0	0.0	0.0701754385965
5	1	1	0	0.289719626168	0.129310344828	0.327586206897	0.464646464646	0.4
6	1	1	0	0.0	0.106382978723	0.0	0.212598425197	0.0
7	1	1	0	0.216216216216	0.0	0.150537634409	0.0	0.1
8	1	1	0	0.0	0.0	0.0	0.0	0.121951219512
9	1	1	0	0.195402298851	0.0	0.106194690265	0.0	0.132075471698
10	1	1	0	0.149425287356	0.0	0.137254901961	0.0	0.09375
11	1	1	0	0.264150943396	0.175925925926	0.333333333333	0.529914529915	0.329787234043
12	1	1	0	0.0	0.0	0.0	0.0963855421687	0.0
13	1	1	0	0.217821782178	0.219512195122	0.352941176471	0.477272727273	0.343434343434
14	1	1	0	0.217391304348	0.118181818182	0.3125	0.362831858407	0.338983050847
15	1	1	0	0.260869565217	0.0	0.157407407407	0.0	0.0888888888889
16	1	1	0	0.0	0.149425287356	0.0	0.305263157895	0.0
17	1	1	0	0.0	0.0	0.231578947368	0.0	0.165048543689
18	1	1	0	0.0	0.121739130435	0.0	0.0	0.113402061856
19	1	1	0	0.0	0.0	0.0	0.0	0.137254901961
20	1	1	0	0.0	0.203539823009	0.0	0.0	0.158878504673
21	1	1	0	0.0	0.0659340659341	0.0	0.150537634409	0.0
22	1	1	0	0.0	0.0	0.173913043478	0.0	0.0869565217391
23	1	1	0	0.196581196581	0.150537634409	0.329896907216	0.445454545455	0.46
24	1	1	0	0.0	0.125	0.0	0.0	0.148514851485
25	1	1	0	0.390476190476	0.52427184466	0.5	0.470588235294	0.505154639175
26	1	1	0	0.0	0.205128205128	0.0	0.0	0.183908045977
27	1	1	0	0.225490196078	0.144444444444	0.320388349515	0.411214953271	0.339805825243
28	1	1	0	0.0	0.0	0.0	0.0882352941176	0.0
29	1	1	0	0.0	0.0	0.0	0.0	0.0
30	1	1	0	0.0	0.0	0.0	0.0	0.0519480519481
31	1	1	0	0.0	0.0	0.0	0.0	0.0
32	1	1	0	0.204081632653	0.112244897959	0.277227722772	0.510204081633	0.315217391304
33	1	1	0	0.0	0.0	0.0	0.0	0.164948453608
34	1	1	0	0.0	0.0	0.0	0.0	0.0
35	1	1	0	0.0	0.0	0.0	0.0	0.0
36	1	1	0	0.0	0.0	0.0	0.0792079207921	0.0
37	1	1	0	0.0	0.0	0.2	0.0	0.0
38	1	1	0	0.265957446809	0.171428571429	0.309090909091	0.410714285714	0.411764705882
39	1	1	0	0.0	0.0	0.155339805825	0.0	0.145631067961
40	1	1	0	0.145454545455	0.0	0.154639175258	0.0	0.126213592233
41	1	1	0	0.0	0.0	0.210526315789	0.0	0.0
42	1	1	0	0.0	0.0	0.0	0.0	0.0990990990991
43	1	1	0	0.0	0.252631578947	0.0	0.23	0.0
44	1	1	0	0.203539823009	0.0	0.0887096774194	0.0	0.103092783505
45	1	1	0	0.0	0.0	0.228260869565	0.0	0.126213592233
46	1	1	0	0.343137254902	0.14606741573	0.28431372549	0.484210526316	0.262626262626
47	1	1	0	0.178947368421	0.142857142857	0.257142857143	0.355140186916	0.352941176471
48	1	1	0	0.0	0.0	0.125	0.0	0.153153153153
49	1	1	0	0.256637168142	0.0	0.130952380952	0.0	0.130434782609
50	1	1	0	0.0	0.196078431373	0.0	0.0	0.267441860465
51	1	1	0	0.0	0.0	0.183333333333	0.0	0.09375
52	1	1	0	0.261261261261	0.0	0.2	0.0	0.0947368421053
53	1	1	0	0.245283018868	0.160377358491	0.348837209302	0.592920353982	0.333333333333
54	1	1	0	0.0	0.0	0.142857142857	0.0	0.0
55	1	1	0	0.204081632653	0.118181818182	0.349056603774	0.535353535354	0.333333333333
56	1	1	0	0.0	0.166666666667	0.0	0.0	0.178861788618
57	1	1	0	0.0	0.0	0.0	0.0	0.0879120879121
58	1	1	0	0.0	0.0	0.0	0.0	0.0
59	1	1	0	0.229357798165	0.289156626506	0.318681318681	0.534653465347	0.392857142857
60	1	1	0	0.0	0.0	0.0	0.0	0.0
61	1	1	0	0.234693877551	0.176470588235	0.295454545455	0.5	0.319587628866
62	1	1	0	0.247311827957	0.168539325843	0.266666666667	0.546391752577	0.31
63	1	1	0	0.0	0.0	0.0	0.0	0.125
64	1	1	0	0.212121212121	0.0	0.178571428571	0.0	0.0631578947368
65	1	1	0	0.0	0.0	0.0	0.0786516853933	0.0
66	1	1	0	0.0	0.19801980198	0.0	0.0	0.118811881188
67	1	1	0	0.0	0.0	0.0	0.0	0.108108108108
68	1	1	0	0.0	0.0	0.0	0.0	0.07
69	1	1	0	0.0	0.0	0.0	0.0	0.0
70	1	1	0	0.0	0.0	0.0	0.0	0.0
71	1	1	0	0.0	0.0	0.0	0.0	0.111111111111
72	1	1	0	0.0	0.0	0.21186440678	0.0	0.0
73	1	1	0	0.0	0.0	0.225806451613	0.0	0.0
74	1	1	0	0.0	0.0	0.14	0.0	0.163265306122
75	1	1	0	0.0	0.0	0.214953271028	0.0	0.161616161616
76	1	1	0	0.292134831461	0.0	0.134831460674	0.2	0.252525252525
77	1	1	0	0.0	0.0	0.0	0.0892857142857	0.0
78	1	1	0	0.0	0.0	0.0	0.0833333333333	0.0
79	1	1	0	0.0	0.0900900900901	0.0	0.233644859813	0.0
80	1	1	0	0.0	0.0952380952381	0.0	0.211538461538	0.0
81	1	1	0	0.193548387097	0.158415841584	0.30303030303	0.378947368421	0.362831858407
82	1	1	0	0.0	0.0	0.0	0.0	0.0777777777778
83	1	1	0	0.0	0.2	0.0	0.150943396226	0.0
84	1	1	0	0.265957446809	0.125	0.355555555556	0.257425742574	0.280701754386
85	1	1	0	0.0	0.0	0.0	0.0	0.0714285714286
86	1	1	0	0.0	0.0	0.140186915888	0.0	0.14606741573
87	1	1	0	0.0	0.0	0.0	0.0	0.0720720720721
88	1	1	0	0.0	0.0	0.0	0.0	0.130434782609
89	1	1	0	0.237288135593	0.171717171717	0.390804597701	0.427083333333	0.380281690141
90	1	1	0	0.0	0.0	0.0	0.0	0.0792079207921
91	1	1	0	0.0	0.174757281553	0.0	0.0	0.18018018018
92	1	1	0	0.144230769231	0.0	0.147727272727	0.0	0.0625
93	1	1	0	0.177777777778	0.185185185185	0.233333333333	0.505263157895	0.327102803738
94	1	1	0	0.252873563218	0.18691588785	0.296610169492	0.539130434783	0.372727272727
95	1	1	0	0.221052631579	0.0	0.198347107438	0.158415841584	0.145454545455
96	1	1	0	0.0	0.117647058824	0.0	0.111111111111	0.0
97	1	1	0	0.11214953271	0.0	0.127906976744	0.173913043478	0.165137614679
98	1	1	0	0.0	0.0	0.0	0.0	0.116071428571
99	1	1	0	0.0	0.127906976744	0.0	0.147368421053	0.0
100	1	1	0	0.314606741573	0.0	0.21686746988	0.18	0.222222222222
101	1	1	0	0.23	0.108108108108	0.372549019608	0.359223300971	0.278350515464
102	1	1	0	0.0	0.186274509804	0.0	0.0	0.216216216216
103	1	1	0	0.0	0.0	0.102564102564	0.0	0.0
104	1	1	0	0.0	0.0	0.182795698925	0.0	0.0865384615385
105	1	1	0	0.217821782178	0.0	0.159574468085	0.0	0.0917431192661
106	1	1	0	0.221153846154	0.147727272727	0.266055045872	0.529411764706	0.323232323232
107	1	1	0	0.26	0.0	0.163043478261	0.106796116505	0.261682242991
108	1	1	0	0.0	0.0	0.229885057471	0.0	0.19512195122
109	1	1	0	0.0	0.0	0.0	0.0	0.0967741935484
110	1	1	0	0.28431372549	0.148514851485	0.340206185567	0.54	0.340909090909
111	1	1	0	0.0	0.0	0.138211382114	0.0	0.0
112	1	1	0	0.0	0.131868131868	0.0	0.0	0.142857142857
113	1	1	0	0.254716981132	0.16814159292	0.315217391304	0.353535353535	0.393258426966
114	1	1	0	0.0	0.0	0.0	0.0	0.0
115	1	1	0	0.0	0.0	0.154639175258	0.0	0.142857142857
116	1	1	0	0.0	0.0	0.0	0.0	0.10101010101
117	1	1	0	0.0	0.0	0.0	0.0	0.0752688172043
118	1	1	0	0.158415841584	0.0	0.188679245283	0.0	0.126315789474
119	1	1	0	0.0	0.0	0.14606741573	0.0	0.105769230769
120	1	1	0	0.244897959184	0.183673469388	0.357894736842	0.364583333333	0.357798165138
121	1	1	0	0.0	0.0	0.0	0.0947368421053	0.0
122	1	1	0	0.224719101124	0.18085106383	0.330357142857	0.504587155963	0.373831775701
123	1	1	0	0.177083333333	0.222222222222	0.320388349515	0.282828282828	0.347826086957
124	1	1	0	0.0	0.0	0.0	0.0	0.0980392156863
125	1	1	0	0.0	0.0	0.0	0.0	0.0
126	1	1	0	0.333333333333	0.210526315789	0.304347826087	0.327272727273	0.342342342342
127	1	1	0	0.0	0.0	0.134020618557	0.0	0.0
128	1	1	0	0.216981132075	0.0	0.185714285714	0.193548387097	0.266666666667
129	1	1	0	0.0	0.0	0.0	0.0	0.0
130	1	1	0	0.0	0.0	0.0	0.0	0.12
131	1	1	0	0.20618556701	0.185185185185	0.296610169492	0.495726495726	0.416666666667
132	1	1	0	0.0	0.0	0.0	0.0	0.170212765957
133	1	1	0	0.0	0.0	0.0	0.0442477876106	0.0
134	1	1	0	0.0	0.0	0.0	0.0	0.0
135	1	1	0	0.183673469388	0.0	0.151515151515	0.0	0.13
136	1	1	0	0.292452830189	0.0	0.153846153846	0.125	0.252873563218
137	1	1	0	0.0	0.0	0.0	0.0625	0.0
138	1	1	0	0.261261261261	0.16	0.329787234043	0.551020408163	0.314606741573
139	1	1	0	0.0	0.0	0.0	0.0	0.155339805825
140	1	1	0	0.0	0.0	0.0	0.0	0.0
141	1	1	0	0.212962962963	0.172043010753	0.295652173913	0.572727272727	0.394230769231
142	1	1	0	0.0	0.0	0.0	0.0	0.0
143	1	1	0	0.208791208791	0.236559139785	0.349514563107	0.473684210526	0.375
144	1	1	0	0.0	0.0	0.23	0.0	0.0705882352941
145	1	1	0	0.201834862385	0.182608695652	0.290909090909	0.34188034188	0.364583333333
146	1	1	0	0.183908045977	0.126126126126	0.245098039216	0.528846153846	0.397727272727
147	1	1	0	0.297872340426	0.108695652174	0.314049586777	0.5	0.275510204082
148	1	1	0	0.0	0.0	0.0	0.0	0.107142857143
149	1	1	0	0.207207207207	0.262626262626	0.304	0.278350515464	0.326923076923
150	1	1	0	0.0	0.147368421053	0.0	0.209090909091	0.0
151	1	1	0	0.0	0.0	0.0	0.0561797752809	0.0
152	1	1	0	0.0	0.0	0.0	0.0	0.0
153	1	1	0	0.0	0.122448979592	0.0	0.18691588785	0.0
154	1	1	0	0.230088495575	0.203883495146	0.274336283186	0.480392156863	0.265306122449
155	1	1	0	0.0	0.0	0.0	0.0	0.122950819672
156	1	1	0	0.191919191919	0.0	0.2	0.0	0.132653061224
157	1	1	0	0.211111111111	0.159574468085	0.291666666667	0.489583333333	0.333333333333
158	1	1	0	0.0	0.0	0.168224299065	0.0	0.165217391304
159	1	1	0	0.138888888889	0.142857142857	0.25	0.385964912281	0.284403669725
160	1	1	0	0.0	0.0	0.166666666667	0.0	0.0
161	1	1	0	0.218181818182	0.152380952381	0.3	0.518181818182	0.383928571429
162	1	1	0	0.0	0.158415841584	0.0	0.0	0.139784946237
163	1	1	0	0.0	0.0	0.0	0.0	0.0
164	1	1	0	0.0	0.0	0.0	0.0	0.0
165	1	1	0	0.23	0.0	0.18	0.0	0.115789473684
166	1	1	0	0.0	0.0	0.0	0.0	0.07
167	1	1	0	0.269230769231	0.0	0.120879120879	0.0	0.0984848484848
168	1	1	0	0.0	0.0	0.0	0.0	0.106796116505
169	1	1	0	0.0	0.0	0.0	0.0	0.0
170	1	1	0	0.247311827957	0.164835164835	0.288	0.347368421053	0.313131313131
171	1	1	0	0.0	0.0	0.0	0.0	0.144444444444
172	1	1	0	0.0	0.0	0.174311926606	0.0	0.0
173	1	1	0	0.25	0.0	0.168539325843	0.0	0.0731707317073
174	1	1	0	0.0	0.0	0.0	0.0	0.105769230769
175	1	1	0	0.178947368421	0.135922330097	0.2375	0.353448275862	0.294736842105
176	1	1	0	0.0	0.151785714286	0.0	0.0	0.14606741573
177	1	1	0	0.287234042553	0.161616161616	0.244680851064	0.484848484848	0.29702970297
178	1	1	0	0.0	0.145161290323	0.0	0.25	0.0
179	1	1	0	0.0	0.177570093458	0.0	0.0	0.196428571429
180	1	1	0	0.0	0.0	0.0	0.11	0.0
181	1	1	0	0.0	0.0	0.0	0.0	0.0
182	1	1	0	0.0	0.0	0.0	0.0	0.105263157895
183	1	1	0	0.0	0.155339805825	0.0	0.264705882353	0.0
184	1	1	0	0.190909090909	0.112244897959	0.234042553191	0.34693877551	0.377551020408
185	1	1	0	0.231481481481	0.0	0.142857142857	0.0	0.0891089108911
186	1	1	0	0.264	0.185185185185	0.339449541284	0.316831683168	0.337078651685
187	1	1	0	0.0	0.152173913043	0.0	0.211764705882	0.0
188	1	1	0	0.0	0.145833333333	0.0	0.0	0.166666666667
189	1	1	0	0.0	0.126126126126	0.0	0.222222222222	0.0
190	1	1	0	0.23275862069	0.0	0.0980392156863	0.0	0.0816326530612
191	1	1	0	0.255813953488	0.0	0.184210526316	0.0	0.115384615385
192	1	1	0	0.241379310345	0.182926829268	0.285714285714	0.477777777778	0.3
193	1	1	0	0.0	0.0	0.165137614679	0.0	0.0
194	1	1	0	0.0	0.0	0.0	0.0	0.0
195	1	1	0	0.0	0.121495327103	0.0	0.234042553191	0.0
196	1	1	0	0.0	0.147368421053	0.0	0.235294117647	0.0
197	1	1	0	0.21359223301	0.0	0.0776699029126	0.0	0.108695652174
198	1	1	0	0.0	0.0	0.144329896907	0.0	0.0
199	1	1	0	0.0	0.0	0.0	0.0	0.111111111111
200	1	1	0	0.0	0.220930232558	0.0	0.239130434783	0.0
