gene_id	sample0	sample0	sample1	sample1	sample2	sample2	sample3	sample3	sample4	sample4
0	7322	2564	9896	0	8004	2081	10049	0	9841	0
1	9813	0	10070	0	9872	0	8522	1540	9897	0
2	7461	2527	9997	0	7844	2116	10097	0	9980	0
3	7406	2709	9855	0	7822	2267	9935	0	9982	0
4	9881	0	7554	2457	9926	0	8118	1993	9945	0
5	10148	0	7541	2496	7088	2948	8422	1513	7879	2214
6	7355	2615	10026	0	7968	2122	9986	0	9882	0
7	10028	0	7393	2558	9969	0	10002	0	9884	0
8	9989	0	10020	0	8673	1568	10175	0	9954	0
9	9896	0	7383	2480	10028	0	8140	2015	10026	0
10	9872	0	7503	2511	9933	0	8048	1989	9985	0
11	10024	0	7465	2474	9981	0	8026	1954	10127	0
12	7259	2634	10040	0	7943	2117	9972	0	9726	0
13	10187	0	9962	0	10032	0	8313	1555	9777	0
14	10055	0	7449	2556	9965	0	7974	1975	10071	0
15	9899	0	7590	2566	10027	0	8027	1926	9985	0
16	10147	0	9981	0	10165	0	9902	0	7226	2772
17	7298	2558	10033	0	7920	2231	9963	0	10032	0
18	9964	0	10073	0	8607	1574	9860	0	10029	0
19	10104	0	9979	0	10064	0	8489	1529	10146	0
20	10160	0	7546	2491	9856	0	8002	1960	10000	0
21	10095	0	9732	0	8320	1533	9926	0	10050	0
22	9773	0	10000	0	10022	0	8618	1527	10065	0
23	7487	2597	10052	0	7923	2096	10049	0	9969	0
24	9875	0	9907	0	9896	0	8380	1595	10041	0
25	10080	0	7386	2471	9993	0	8159	1941	9996	0
26	10005	0	9900	0	8492	1531	9981	0	9828	0
27	10257	0	10039	0	10134	0	8463	1487	9880	0
28	10095	0	9870	0	8437	1564	9954	0	10212	0
29	7355	2556	9990	0	7879	2073	10078	0	9936	0
30	9888	0	9885	0	9955	0	8250	1494	10009	0
31	9983	0	10002	0	9991	0	8568	1534	10048	0
32	10059	0	10044	0	7167	2918	9849	0	5156	5031
33	9920	0	7546	2475	7194	2845	8427	1458	7660	2187
34	9843	0	9930	0	10057	0	9999	0	7040	2872
35	9992	0	7373	2567	10019	0	7896	1927	10100	0
36	10191	0	9937	0	10123	0	8467	1572	9943	0
37	10132	0	7379	2580	10131	0	8165	1951	10039	0
38	9921	0	7468	2478	10068	0	7888	2028	10188	0
39	7270	2509	9981	0	7889	2109	9866	0	10197	0
40	10086	0	10025	0	10178	0	8331	1525	9907	0
41	10026	0	10036	0	8303	1524	10139	0	10007	0
42	10056	0	10069	0	10110	0	8459	1567	9986	0
43	10111	0	10084	0	10072	0	9969	0	7228	2797
44	10009	0	7536	2448	10036	0	10088	0	10071	0
45	9851	0	7473	2502	9845	0	8142	1998	10130	0
46	9838	0	7465	2512	9887	0	8041	1885	9746	0
47	9896	0	10075	0	9916	0	8598	1596	10072	0
48	10128	0	7538	2535	9925	0	8042	1980	9991	0
49	9853	0	7585	2497	9995	0	8068	1996	9890	0
50	7341	2540	9820	0	7721	2121	10002	0	9908	0
51	9854	0	10002	0	10099	0	8430	1557	9976	0
52	9883	0	7400	2492	10106	0	8057	1980	9954	0
53	10116	0	7353	2479	10042	0	7891	1988	10264	0
54	7588	2421	10046	0	10032	0	10081	0	10023	0
55	10038	0	10061	0	10006	0	9808	0	7146	2673
56	7678	2442	10075	0	10121	0	10049	0	10010	0
57	10143	0	7451	2598	10195	0	8038	2005	9913	0
58	7530	2324	10016	0	10080	0	9960	0	10142	0
59	9851	0	9986	0	10107	0	8469	1519	10124	0
60	7436	2582	9932	0	7822	2178	10069	0	10113	0
61	9935	0	7385	2534	9966	0	8110	1907	10015	0
62	10021	0	7430	2397	9960	0	9970	0	9959	0
63	10106	0	7442	2480	9929	0	10030	0	10059	0
64	9946	0	10011	0	8431	1574	9894	0	10081	0
65	10095	0	7335	2585	9931	0	8037	1939	9889	0
66	10005	0	7403	2490	9958	0	8095	1933	9980	0
67	9908	0	9925	0	10028	0	8471	1536	9967	0
68	10090	0	7380	2541	10105	0	7954	1974	9953	0
69	9982	0	9873	0	8397	1606	10070	0	9900	0
70	9891	0	10082	0	9859	0	8366	1511	9955	0
71	10001	0	7367	2451	9999	0	7979	1973	9857	0
72	10096	0	9992	0	10156	0	8371	1528	9937	0
73	7517	2676	10113	0	7971	2163	10081	0	10006	0
74	9816	0	7584	2559	9800	0	7984	1963	10035	0
75	7548	2713	10033	0	7812	2107	9855	0	9877	0
76	7257	2541	10141	0	7784	2161	10028	0	10023	0
77	10239	0	10012	0	8420	1661	9945	0	9975	0
78	10031	0	7382	2507	9990	0	8216	1922	10050	0
79	7466	2614	9899	0	7893	2142	9902	0	9832	0
80	10145	0	7388	2468	9943	0	9856	0	10023	0
81	9980	0	9968	0	10194	0	8408	1579	10130	0
82	7420	2596	10019	0	7967	2096	10051	0	9774	0
83	9895	0	10150	0	9974	0	8372	1611	9887	0
84	10032	0	10122	0	10018	0	8514	1540	9919	0
85	7445	2573	10001	0	7827	2097	10019	0	10298	0
86	7513	2591	9917	0	7889	2133	10016	0	9946	0
87	10112	0	10036	0	10157	0	8227	1487	9992	0
88	10078	0	7522	2532	9955	0	8023	1994	9932	0
89	10006	0	9948	0	9988	0	8339	1500	9957	0
90	9932	0	7330	2416	9824	0	10053	0	9967	0
91	7366	2629	10014	0	7868	2174	9921	0	9993	0
92	9984	0	10092	0	9946	0	8468	1514	9981	0
93	10105	0	7553	2465	9997	0	8105	2009	9993	0
94	10054	0	7680	2534	10024	0	7986	1950	10143	0
95	7368	2553	10164	0	7874	2102	10094	0	9949	0
96	9908	0	7276	2452	9958	0	8026	1992	9895	0
97	9997	0	10002	0	9922	0	8535	1526	9890	0
98	9962	0	10040	0	9916	0	8455	1590	9985	0
99	7324	2596	9888	0	7764	2121	9966	0	10099	0
