gene_id	sample0	sample0	sample1	sample1	sample2	sample2	sample3	sample3	sample4	sample4
0	9926	0	9984	0	10056	0	8648	1408	10030	0
1	7923	2084	9986	0	10026	0	10021	0	8978	1147
2	9966	0	9974	0	10159	0	9933	0	9011	1012
3	7129	2783	4904	4921	7661	2451	6665	3271	8352	1722
4	7817	2228	9985	0	9947	0	9999	0	8728	1140
5	10048	0	9942	0	9883	0	8210	1695	9976	0
6	7070	2829	7281	2690	10080	0	6620	3326	10003	0
7	7165	2773	4958	5034	7665	2347	6707	3309	8189	1730
8	10105	0	9940	0	9929	0	9748	0	9029	1057
9	7008	2757	4999	5009	7658	2367	6801	3328	10016	0
10	9998	0	9855	0	7396	2669	10016	0	9057	1245
11	7699	2147	9952	0	9916	0	9990	0	8900	1079
12	9834	0	10053	0	10120	0	8464	1457	10048	0
13	10121	0	10047	0	9942	0	8552	1469	10093	0
14	7845	2179	9926	0	9856	0	9883	0	8903	1060
15	10044	0	10115	0	9848	0	9992	0	9127	980
16	10012	0	10127	0	9954	0	10086	0	8941	1043
17	9990	0	10043	0	9803	0	8533	1505	10068	0
18	10025	0	9953	0	10137	0	8506	1443	10036	0
19	10095	0	9899	0	9861	0	10110	0	8918	950
20	9877	0	10179	0	9943	0	9949	0	9092	927
21	10033	0	9895	0	10135	0	9850	0	9023	960
22	9961	0	10083	0	10086	0	8202	1720	10076	0
23	10025	0	9932	0	9861	0	8287	1698	9707	0
24	7164	2764	5038	4996	7561	2443	6707	3243	8408	1724
25	9813	0	10013	0	9774	0	9984	0	9099	972
26	7038	2848	7289	2870	9939	0	6630	3350	9992	0
27	10029	0	9953	0	9975	0	8475	1506	10082	0
28	10188	0	10033	0	9850	0	10104	0	8939	964
29	9878	0	9883	0	9970	0	8471	1693	10151	0
30	10012	0	9984	0	10077	0	9899	0	9148	997
31	7822	2153	9965	0	9900	0	9711	0	9066	1062
32	7221	2778	4996	4923	7496	2401	6610	3291	8277	1768
33	10062	0	9960	0	10112	0	8593	1425	9948	0
34	9876	0	9939	0	10074	0	8487	1539	10147	0
35	9947	0	10019	0	9875	0	9896	0	9069	972
36	10017	0	9988	0	10011	0	10033	0	8893	907
37	10007	0	10156	0	10044	0	8292	1632	9959	0
38	9891	0	10151	0	10077	0	8387	1662	10078	0
39	7876	2087	9797	0	9891	0	9954	0	8806	1112
40	10008	0	10070	0	10095	0	10017	0	9139	935
41	10056	0	10099	0	7405	2612	9963	0	8620	1184
42	9849	0	10058	0	10108	0	10054	0	10057	0
43	10030	0	10061	0	9876	0	8496	1475	9774	0
44	7903	2189	10132	0	10017	0	9978	0	8699	1068
45	9951	0	9917	0	9879	0	8395	1556	10231	0
46	9981	0	10079	0	10112	0	8605	1425	9946	0
47	9984	0	9988	0	9985	0	9965	0	10150	0
48	7911	2206	9726	0	10190	0	10028	0	8854	1125
49	10007	0	10021	0	9975	0	8326	1685	9967	0
50	9934	0	10138	0	10026	0	8401	1713	9980	0
51	7090	2837	4942	4992	7691	2395	6659	3427	8193	1776
52	9966	0	10013	0	7423	2622	9909	0	8746	1197
53	9911	0	9931	0	10067	0	8360	1719	10010	0
54	10168	0	9891	0	10038	0	10141	0	9097	981
55	10022	0	9808	0	10051	0	8398	1684	9978	0
56	7907	2278	10037	0	9982	0	9975	0	8823	1044
57	7756	2180	9922	0	9968	0	9999	0	8985	1104
58	7180	2910	4945	4946	7764	2408	6736	3285	8149	1733
59	9979	0	9918	0	9913	0	8525	1410	10026	0
60	7176	2909	4992	5019	7734	2349	6600	3205	8077	1767
61	9991	0	9892	0	9905	0	8645	1415	10009	0
62	7065	2876	4945	4998	7713	2440	6725	3397	8308	1728
63	7025	2904	5088	5101	7541	2315	6667	3255	8181	1715
64	9927	0	9934	0	9888	0	10128	0	10190	0
65	9883	0	10031	0	10135	0	8321	1648	10009	0
66	10060	0	10122	0	9992	0	8507	1448	9961	0
67	9935	0	9936	0	9885	0	10044	0	8972	978
68	10004	0	9933	0	10085	0	8433	1506	10007	0
69	10156	0	10119	0	10108	0	9927	0	8770	956
70	9980	0	10024	0	10022	0	8646	1509	9947	0
71	9867	0	9993	0	10082	0	10140	0	9991	0
72	10134	0	10015	0	9974	0	8462	1630	10027	0
73	9901	0	9953	0	9976	0	8398	1715	10107	0
74	7070	2815	4923	4999	7647	2424	6579	3250	10165	0
75	7252	2893	5097	4987	7614	2329	6659	3266	8246	1672
76	10162	0	10042	0	10095	0	10094	0	9120	967
77	9862	0	9921	0	10002	0	8431	1451	9994	0
78	7730	2190	10123	0	9945	0	10068	0	8879	1145
79	10185	0	9914	0	9996	0	8397	1720	10100	0
80	10049	0	9994	0	9899	0	9831	0	9186	976
81	10161	0	9937	0	10038	0	8409	1711	10008	0
82	9931	0	10097	0	9922	0	9854	0	8972	947
83	9994	0	10102	0	10202	0	8293	1688	10105	0
84	9950	0	10095	0	9953	0	8238	1572	9979	0
85	10012	0	9971	0	9936	0	8742	1507	9796	0
86	10079	0	9962	0	10011	0	10204	0	8909	969
87	7657	2145	10099	0	10114	0	10022	0	8946	1098
88	10014	0	10006	0	9909	0	8282	1622	9954	0
89	7203	2788	5049	4943	7588	2374	6844	3258	8225	1734
90	9887	0	9964	0	9953	0	8530	1383	9917	0
91	7111	2804	5021	5032	7459	2358	6672	3310	8295	1660
92	10032	0	9929	0	10044	0	9995	0	9881	0
93	10126	0	10071	0	10107	0	8528	1447	9973	0
94	9897	0	9973	0	10241	0	8523	1473	10173	0
95	9992	0	9857	0	9931	0	10004	0	9130	1026
96	10125	0	10123	0	10075	0	9982	0	9022	966
97	9939	0	9946	0	9906	0	8372	1505	9924	0
98	10019	0	9952	0	9960	0	8527	1469	10004	0
99	10094	0	10012	0	10020	0	8371	1666	9957	0
