Chromosome	Position	Change	Gene	sample0	sample1	sample2	sample3	sample4
1	0	T>A	1	2705	0	0	0	1436
1	1	G>A	1	1032	3111	2011	0	1871
1	2	A>T	1	1272	0	0	0	1738
1	3	G>T	1	1100	0	0	0	1445
1	4	C>A	1	3920	5002	5016	5127	4997
1	5	C>A	1	2734	0	0	0	1450
1	6	A>G	1	0	1950	2932	2970	0
1	7	T>G	1	0	1811	0	0	1990
1	8	G>C	1	1032	0	0	0	0
1	9	C>A	1	1170	0	0	0	1458
1	10	A>T	1	1015	0	0	0	0
1	11	A>C	1	1151	0	0	0	1427
1	12	A>C	1	2635	0	0	0	1453
1	13	T>G	1	2641	0	0	0	1475
1	14	C>G	1	987	3164	2019	0	1887
1	15	G>T	1	0	1892	3030	2983	0
1	16	T>G	1	0	0	0	2011	0
1	17	G>T	1	1018	0	0	0	0
1	18	A>G	1	1192	0	0	0	1467
1	19	T>G	1	0	0	0	1961	0
1	20	T>C	1	0	1857	2931	3040	0
1	21	A>G	1	1171	0	0	0	1482
1	22	T>G	1	3903	4961	4979	5066	4947
1	23	G>C	1	0	1906	3047	3040	0
1	24	A>G	1	1038	0	0	0	0
1	25	T>A	1	0	1890	3014	2867	0
1	26	T>C	1	982	3154	1941	0	1954
1	27	A>T	1	0	1815	0	0	1898
1	28	G>T	1	4032	5046	5009	5033	4926
1	29	G>A	1	0	1776	0	0	1970
1	30	C>A	1	1066	3104	2012	0	1794
1	31	G>T	1	1099	2887	1979	0	1944
1	32	G>A	1	0	1723	0	0	1874
1	33	T>C	1	0	1847	0	0	1860
1	34	A>G	1	3971	5002	5122	5066	5068
1	35	C>T	1	2741	0	0	0	1440
1	36	G>T	1	2759	0	0	0	1388
1	37	A>T	1	1078	3097	2033	0	1946
1	38	T>A	1	0	1773	0	0	1975
1	39	G>T	1	1190	0	0	0	1526
1	40	C>G	1	1071	3132	2002	0	1954
1	41	A>T	1	1275	0	0	0	1698
1	42	T>G	1	998	0	0	0	0
1	43	A>C	1	1135	0	0	0	1438
1	44	C>A	1	3903	4960	5164	5062	5183
1	45	T>G	1	1276	0	0	0	1606
1	46	G>C	1	990	0	0	0	0
1	47	C>T	1	2696	0	0	0	1432
1	48	C>G	1	0	1790	0	0	1869
1	49	G>T	1	0	1954	3041	3040	0
1	50	A>T	1	2590	0	0	0	1438
1	51	A>G	1	0	1937	2890	3096	0
1	52	G>C	1	0	1759	0	0	1948
1	53	A>T	1	3932	4908	5008	4966	4969
1	54	C>G	1	0	2006	3005	3017	0
1	55	G>T	1	2686	0	0	0	1491
1	56	A>C	1	0	0	0	2026	0
1	57	A>C	1	0	1877	0	0	1947
1	58	T>C	1	1029	0	0	0	0
1	59	T>C	1	1044	0	0	0	0
1	60	G>C	1	1078	0	0	0	1455
1	61	A>C	1	1088	3129	2013	0	1964
1	62	A>C	1	0	0	0	2015	0
1	63	T>C	1	0	1788	0	0	1974
1	64	A>C	1	1040	0	0	0	0
1	65	A>C	1	0	0	0	1961	0
1	66	G>A	1	0	1793	0	0	1946
1	67	C>T	1	3879	5024	5093	5011	5002
1	68	T>G	1	1064	0	0	0	0
1	69	A>G	1	3903	5079	5102	4892	5108
1	70	G>C	1	1064	0	0	0	0
1	71	T>C	1	1033	0	0	0	0
1	72	T>C	1	1077	3155	1979	0	1897
1	73	C>G	1	2660	0	0	0	1464
1	74	A>T	1	0	1893	2984	2985	0
1	75	G>C	1	0	0	0	1960	0
1	76	C>G	1	1091	0	0	0	0
1	77	C>A	1	2726	0	0	0	1448
1	78	A>T	1	998	0	0	0	0
1	79	C>T	1	2589	0	0	0	1458
1	80	T>G	1	0	2000	2959	3021	0
1	81	T>A	1	3898	4988	5024	4807	5068
1	82	T>A	1	2819	0	0	0	1458
1	83	C>G	1	3959	4959	5066	5011	5065
1	84	T>A	1	1066	3087	1970	0	1894
1	85	C>T	1	0	1947	2952	3003	0
1	86	C>A	1	0	1820	0	0	1908
1	87	C>A	1	1154	0	0	0	1483
1	88	T>G	1	1010	0	0	0	0
1	89	C>G	1	1092	0	0	0	1449
1	90	C>T	1	0	1823	0	0	1858
1	91	A>G	1	1285	0	0	0	1532
1	92	T>C	1	2789	0	0	0	1442
1	93	A>T	1	0	1843	0	0	1870
1	94	A>T	1	2781	0	0	0	1436
1	95	T>A	1	1215	0	0	0	1645
1	96	T>C	1	1105	3070	1980	0	1808
1	97	G>T	1	1053	3129	2010	0	1897
1	98	G>C	1	2736	0	0	0	1529
1	99	T>C	1	2679	0	0	0	1408
