Chromosome	Position	Change	Gene	sample0	sample1	sample2	sample3	sample4
1	0	A>G	1	9964	10230	10002	10059	9990
1	1	T>C	1	10133	10099	9783	9901	10062
1	2	A>C	1	9946	9980	9900	9941	10035
1	3	C>A	1	10021	10211	10049	10192	9918
1	4	A>C	1	9942	9988	10207	10001	10057
1	5	A>C	1	9883	10098	9914	9998	10046
1	6	C>T	1	10030	10043	10221	10135	10004
1	7	A>T	1	10068	9981	9802	9930	10164
1	8	C>G	1	10049	9913	10125	10033	10120
1	9	T>C	1	9877	10051	9835	9991	9893
1	10	C>T	1	9905	10101	10017	10059	9819
1	11	G>T	1	9691	9982	9982	10088	9956
1	12	C>T	1	10222	9851	10010	10038	10019
1	13	G>C	1	9930	10237	10010	10134	10041
1	14	C>T	1	9751	10163	10004	9690	10113
1	15	C>A	1	9975	10190	10063	9942	10143
1	16	T>A	1	10028	10202	10081	10015	9915
1	17	G>T	1	9968	9929	10070	10129	9827
1	18	G>T	1	10021	9984	10111	10024	9777
1	19	G>A	1	10078	10055	10132	10033	10133
1	20	G>C	1	10188	10169	9887	9943	9998
1	21	C>T	1	10073	10118	10146	9914	10198
1	22	C>A	1	9945	10168	9847	10020	10082
1	23	C>G	1	10057	9996	10084	10025	9971
1	24	C>G	1	9919	10050	9996	10084	9941
1	25	G>A	1	10021	10050	10064	10100	9764
1	26	T>C	1	9861	10014	10016	10092	9983
1	27	G>C	1	9955	10048	9966	10199	9953
1	28	G>T	1	9922	10011	10002	10078	9976
1	29	T>A	1	10034	10044	9870	10004	9989
1	30	A>G	1	10048	10059	9899	10115	10105
1	31	T>C	1	9950	9860	10040	9947	9939
1	32	C>G	1	10046	10007	10105	9864	9919
1	33	A>T	1	10125	9953	9898	9917	10100
1	34	G>C	1	10037	9963	10213	9895	9884
1	35	T>G	1	9919	9901	9950	10006	10010
1	36	G>C	1	10178	10031	9951	9961	9943
1	37	A>T	1	10014	10026	9922	10126	9831
1	38	C>G	1	10015	10025	9829	9964	10113
1	39	A>C	1	9950	10043	9814	9931	9971
1	40	T>C	1	10075	10036	9982	9892	9930
1	41	A>T	1	9988	10042	9985	9954	9988
1	42	A>G	1	9953	10020	9933	10058	10240
1	43	C>A	1	10088	10113	10166	10062	10173
1	44	T>G	1	10029	10017	10207	9970	10172
1	45	C>G	1	10012	10010	10258	10101	9749
1	46	T>A	1	9952	9990	9967	9994	10044
1	47	G>C	1	9767	10051	10034	9955	10063
1	48	G>A	1	9998	9943	10003	9918	10059
1	49	G>T	1	10048	9882	9902	9946	9834
1	50	A>G	1	10016	9930	10095	9903	9900
1	51	C>G	1	9991	9915	10156	9781	9990
1	52	C>A	1	9854	10112	10116	10040	9903
1	53	A>T	1	9889	10109	9932	9928	9955
1	54	C>A	1	10081	10128	9812	9988	10078
1	55	A>C	1	10081	9924	9961	10149	9927
1	56	T>G	1	10043	9831	10033	10005	9931
1	57	G>C	1	9907	10035	9977	10022	10023
1	58	G>A	1	9995	9929	10061	9897	9938
1	59	A>G	1	10212	9871	10036	10133	9955
1	60	C>G	1	9857	10014	9884	10045	9942
1	61	T>A	1	9988	10034	9971	9941	10054
1	62	A>G	1	9965	10050	10021	9979	10100
1	63	A>T	1	9908	10029	10149	9951	9982
1	64	G>C	1	9958	9830	10051	9995	10102
1	65	A>C	1	10218	10073	10222	9862	9816
1	66	G>A	1	10052	9946	9998	9990	10035
1	67	G>T	1	10038	9766	9965	9810	10033
1	68	G>T	1	9762	9867	9984	10108	10079
1	69	T>C	1	10150	10015	9868	9992	9893
1	70	G>A	1	10031	10133	10122	10136	10025
1	71	T>A	1	10002	9948	10131	9743	9934
1	72	A>G	1	9997	9932	9924	9980	10145
1	73	C>A	1	9931	9896	9917	9885	10081
1	74	T>G	1	9989	9907	9886	9863	9969
1	75	T>C	1	10024	9937	10052	10200	9975
1	76	C>A	1	9884	10087	10000	10004	10004
1	77	C>T	1	10131	10054	10042	10065	9923
1	78	C>A	1	10113	9940	10070	10084	10138
1	79	G>T	1	9784	10112	9906	10006	9977
1	80	A>C	1	10014	9881	9970	9863	9964
1	81	G>C	1	10026	10016	9856	10122	10010
1	82	G>T	1	9910	9949	9924	10111	9961
1	83	G>C	1	9950	9991	10075	10117	9818
1	84	G>A	1	9861	10062	9944	10033	9935
1	85	C>A	1	10105	9745	9924	9800	9991
1	86	G>T	1	9945	10002	10021	9990	10027
1	87	C>A	1	10104	10064	10103	10140	9981
1	88	C>G	1	10168	9844	10066	10157	10051
1	89	G>T	1	10172	9863	9929	9929	10079
1	90	G>A	1	9946	10052	10122	10078	9970
1	91	T>C	1	10086	10051	9956	9777	9953
1	92	G>T	1	9899	9894	9918	10066	9993
1	93	C>T	1	10031	10126	9837	9904	9957
1	94	T>C	1	9918	9987	9917	10001	10127
1	95	T>G	1	9928	9950	9977	10062	10000
1	96	A>C	1	10047	10037	9927	9969	10018
1	97	T>G	1	9859	9964	9966	9944	9915
1	98	T>C	1	10107	10031	9810	10063	9849
1	99	T>G	1	10028	9999	9982	10050	9912
