Chromosome	Position	Change	Gene	sample0	sample1	sample2	sample3	sample4
1	0	G>C	1	0	0	1021	1006	0
1	1	C>A	1	0	0	1027	1053	0
1	2	C>A	1	1160	0	1042	1988	1467
1	3	T>C	1	0	0	1047	1023	0
1	4	T>G	1	0	0	1021	1047	0
1	5	A>G	1	2570	1966	2385	1370	1767
1	6	T>C	1	1154	0	1091	2008	1549
1	7	G>A	1	1191	0	1002	2053	1598
1	8	C>A	1	0	0	0	0	0
1	9	C>A	1	0	0	0	0	0
1	10	C>G	1	0	0	0	0	0
1	11	T>G	1	2521	1928	2393	1400	1672
1	12	G>A	1	1278	0	2448	1365	1773
1	13	G>A	1	2561	2058	2511	1363	1794
1	14	G>C	1	0	2901	1618	1583	0
1	15	G>A	1	0	0	983	1020	0
1	16	T>G	1	0	0	1047	1013	0
1	17	C>A	1	0	0	990	1019	0
1	18	G>A	1	1269	0	1108	0	1786
1	19	C>T	1	0	0	0	0	0
1	20	A>G	1	5101	2081	3434	3362	5027
1	21	G>C	1	2559	2065	2382	1354	1791
1	22	C>G	1	0	0	1024	1108	0
1	23	T>C	1	0	0	0	0	0
1	24	G>T	1	0	0	1009	1003	0
1	25	C>T	1	2577	1991	2308	1377	1656
1	26	G>A	1	0	0	0	0	0
1	27	C>T	1	2604	2044	2386	1382	1628
1	28	G>C	1	2607	2024	2398	1409	1656
1	29	G>T	1	0	0	1039	1050	0
1	30	G>T	1	2675	2008	2400	1376	1699
1	31	T>G	1	0	0	1019	1052	0
1	32	G>A	1	0	0	1028	1040	0
1	33	G>A	1	2611	2072	2406	1346	1694
1	34	A>T	1	0	0	1074	995	0
1	35	C>G	1	2539	2010	2404	1384	1690
1	36	T>C	1	0	0	1005	1072	0
1	37	G>T	1	4936	2055	3551	3450	4989
1	38	A>G	1	0	0	954	1055	0
1	39	C>G	1	0	0	986	1027	0
1	40	T>A	1	0	0	1095	1014	0
1	41	G>A	1	0	0	1019	1058	0
1	42	C>A	1	0	3135	1602	1594	0
1	43	A>C	1	1238	0	2441	1337	1749
1	44	G>A	1	0	0	1011	1033	0
1	45	A>C	1	0	0	998	1060	0
1	46	C>A	1	0	0	0	0	0
1	47	A>G	1	0	2889	1602	1604	0
1	48	C>T	1	2570	2090	2382	1318	1653
1	49	A>C	1	2636	1955	2434	1354	1705
1	50	G>C	1	0	0	942	1027	0
1	51	T>C	1	1137	0	991	2049	1598
1	52	A>G	1	2627	2091	2431	1359	1723
1	53	T>G	1	2650	1990	2340	1336	1746
1	54	A>C	1	0	0	0	0	0
1	55	G>C	1	1306	0	1042	0	1719
1	56	G>T	1	2578	2012	2510	1390	1651
1	57	G>T	1	0	2913	1569	1559	0
1	58	A>T	1	1170	0	1046	1957	1646
1	59	A>G	1	0	0	1038	1022	0
1	60	C>G	1	0	0	943	1034	0
1	61	G>A	1	1249	0	2395	1371	1818
1	62	G>T	1	1274	0	2421	1344	1733
1	63	C>A	1	2510	1974	2432	1389	1769
1	64	A>G	1	0	0	1019	1049	0
1	65	A>T	1	0	0	0	0	0
1	66	C>T	1	2619	2040	2451	1319	1724
1	67	C>A	1	1189	0	1037	1976	1605
1	68	G>C	1	0	0	0	0	0
1	69	C>T	1	2461	2034	2431	1370	1733
1	70	A>T	1	0	0	1006	1039	0
1	71	G>A	1	0	0	960	966	0
1	72	T>C	1	2561	2028	2462	1399	1729
1	73	G>A	1	0	0	0	0	0
1	74	G>C	1	1306	0	2396	1395	1767
1	75	A>T	1	0	0	0	0	0
1	76	C>A	1	1114	0	1056	2009	1622
1	77	T>C	1	0	0	1038	1024	0
1	78	A>C	1	0	3000	1632	1586	0
1	79	G>T	1	0	0	1017	1017	0
1	80	G>A	1	1273	0	2329	1416	1710
1	81	G>C	1	0	0	1050	1009	0
1	82	T>A	1	5109	2076	3365	3438	4904
1	83	T>G	1	0	0	0	0	0
1	84	T>A	1	2603	2035	2410	1352	1731
1	85	A>G	1	0	0	996	1013	0
1	86	C>G	1	0	0	989	987	0
1	87	G>T	1	0	0	1004	1104	0
1	88	A>C	1	5102	2111	3420	3245	4902
1	89	C>T	1	0	0	940	1020	0
1	90	G>C	1	0	0	1004	1020	0
1	91	G>T	1	0	0	1031	1054	0
1	92	C>A	1	0	3026	1655	1650	0
1	93	G>A	1	0	0	0	0	0
1	94	A>T	1	0	0	0	0	0
1	95	C>A	1	1304	0	2438	1408	1703
1	96	A>C	1	0	3012	1619	1560	0
1	97	C>T	1	2519	2064	2402	1330	1692
1	98	A>G	1	0	0	1042	1019	0
1	99	G>C	1	0	0	0	0	0
