#chr	normal	sample0	sample1	sample2	sample3	sample4
0	0	0.0973451327434	0.0	0.0	0.0	0.0
1	0	0.0512820512821	0.0	0.0	0.0	0.0
2	0	0.0	0.0	0.0	0.0982142857143	0.27358490566
3	0	0.0	0.0	0.0	0.0	0.0
4	0	0.484848484848	0.358490566038	0.539215686275	0.222222222222	0.252173913043
5	0	0.0	0.157303370787	0.0	0.264705882353	0.2
6	0	0.0	0.0	0.0	0.144230769231	0.0
7	0	0.0	0.0	0.0	0.0	0.0
8	0	0.0	0.0	0.0857142857143	0.129032258065	0.0
9	0	0.0	0.0	0.0	0.0	0.0
10	0	0.0	0.0	0.0677966101695	0.13	0.0
11	0	0.0	0.174311926606	0.0	0.267441860465	0.315315315315
12	0	0.0	0.0	0.0	0.0	0.0
13	0	0.0	0.0	0.0	0.189873417722	0.285714285714
14	0	0.0	0.0	0.0	0.0	0.0
15	0	0.0	0.0	0.0	0.0	0.0
16	0	0.0	0.0	0.13	0.137614678899	0.0
17	0	0.0	0.0	0.0	0.0	0.0
18	0	0.307692307692	0.0	0.19512195122	0.126315789474	0.238532110092
19	0	0.0	0.0	0.0	0.0	0.0
20	0	0.362745098039	0.0574712643678	0.252747252747	0.16814159292	0.179487179487
21	0	0.0	0.0	0.0	0.0	0.0
22	0	0.0	0.0	0.0	0.0	0.0
23	0	0.171717171717	0.0	0.0	0.0	0.0
24	0	0.0	0.0	0.0	0.0	0.0
25	0	0.0	0.0	0.0	0.0	0.0
26	0	0.0	0.0	0.0	0.0	0.0
27	0	0.0	0.0	0.0	0.0	0.0
28	0	0.0	0.0	0.0	0.0	0.0
29	0	0.0	0.0	0.0	0.029702970297	0.0
30	0	0.0	0.141414141414	0.0	0.25	0.244444444444
31	0	0.475247524752	0.369047619048	0.287037037037	0.516483516484	0.5
32	0	0.0	0.121495327103	0.0	0.290909090909	0.257142857143
33	0	0.10752688172	0.0	0.0	0.0	0.0
34	0	0.113402061856	0.0	0.0	0.0	0.0
35	0	0.0	0.0	0.0515463917526	0.173076923077	0.0
36	0	0.0	0.0	0.0	0.0	0.0
37	0	0.0	0.0	0.0	0.0	0.0
38	0	0.360824742268	0.0	0.0	0.0	0.0
39	0	0.0	0.0	0.0	0.0	0.0
40	0	0.0	0.0	0.0	0.0	0.0
41	0	0.36	0.127659574468	0.13829787234	0.207920792079	0.304347826087
42	0	0.204301075269	0.0	0.0	0.0	0.0
43	0	0.168224299065	0.0	0.0	0.0	0.0
44	0	0.0	0.0	0.0	0.0	0.0
45	0	0.0	0.0	0.152941176471	0.161290322581	0.0
46	0	0.0	0.0	0.0	0.0	0.0
47	0	0.0	0.0	0.0	0.0	0.0
48	0	0.38679245283	0.0	0.221153846154	0.153846153846	0.242105263158
49	0	0.0	0.0	0.0	0.0	0.0
50	0	0.0	0.208695652174	0.0	0.272727272727	0.242424242424
51	0	0.0	0.0	0.0	0.0	0.0
52	0	0.0	0.0	0.0	0.192771084337	0.0
53	0	0.576923076923	0.32183908046	0.514563106796	0.279661016949	0.264957264957
54	0	0.0	0.0	0.0	0.0	0.0
55	0	0.0	0.150537634409	0.0	0.227722772277	0.308641975309
56	0	0.121495327103	0.0	0.0	0.0	0.0
57	0	0.0	0.176470588235	0.0	0.261682242991	0.322222222222
58	0	0.127906976744	0.275	0.0909090909091	0.28431372549	0.240384615385
59	0	0.0	0.0759493670886	0.0	0.039603960396	0.0
60	0	0.0	0.0	0.0	0.0	0.0
61	0	0.0	0.0	0.0	0.0	0.0
62	0	0.0	0.0	0.0943396226415	0.172043010753	0.0
63	0	0.0	0.0	0.0	0.0	0.0
64	0	0.0	0.126315789474	0.0	0.247619047619	0.27358490566
65	0	0.0	0.0	0.0	0.0	0.0
66	0	0.152173913043	0.0	0.0	0.0	0.0
67	0	0.0	0.0	0.0	0.0	0.0
68	0	0.0	0.0	0.0	0.0	0.0
69	0	0.0	0.0	0.0	0.0	0.0
70	0	0.0	0.0	0.0	0.0	0.0
71	0	0.0	0.0	0.0	0.0	0.0
72	0	0.0	0.0	0.0	0.100917431193	0.0
73	0	0.0	0.0	0.020618556701	0.166666666667	0.0
74	0	0.0	0.0	0.0	0.0	0.0
75	0	0.0	0.0	0.0	0.0	0.0
76	0	0.47572815534	0.32183908046	0.588888888889	0.221052631579	0.357798165138
77	0	0.333333333333	0.0	0.123711340206	0.183673469388	0.210526315789
78	0	0.0	0.0	0.0	0.0	0.0
79	0	0.0	0.0	0.0	0.0	0.0
80	0	0.0865384615385	0.0	0.0	0.0	0.0
81	0	0.0919540229885	0.0	0.0	0.0	0.0
82	0	0.235849056604	0.253012048193	0.16049382716	0.288659793814	0.22641509434
83	0	0.0	0.102564102564	0.0	0.372093023256	0.275229357798
84	0	0.577319587629	0.419642857143	0.344086021505	0.432692307692	0.591397849462
85	0	0.336633663366	0.0967741935484	0.163636363636	0.20618556701	0.202127659574
86	0	0.0	0.0	0.0	0.0	0.0
87	0	0.375	0.108108108108	0.205882352941	0.276595744681	0.214285714286
88	0	0.0	0.13	0.0	0.323232323232	0.27731092437
89	0	0.0	0.159574468085	0.0	0.21875	0.340659340659
90	0	0.0	0.0	0.0	0.0	0.0
91	0	0.0	0.0	0.0	0.0	0.0
92	0	0.0	0.0	0.0	0.0	0.0
93	0	0.190476190476	0.0	0.0	0.0	0.0
94	0	0.0	0.0	0.0	0.0	0.27
95	0	0.0	0.158415841584	0.0	0.266666666667	0.34188034188
96	0	0.320754716981	0.0	0.0	0.0	0.0
97	0	0.0	0.0	0.0	0.12962962963	0.0
98	0	0.0	0.0	0.163043478261	0.109243697479	0.0
99	0	0.0	0.0	0.0	0.0	0.0
100	0	0.114942528736	0.278350515464	0.160714285714	0.252873563218	0.258928571429
101	0	0.0	0.0	0.0	0.0	0.0
102	0	0.0	0.0	0.0	0.214285714286	0.0
103	0	0.0	0.0	0.0	0.120879120879	0.252427184466
104	0	0.0	0.0	0.0	0.0	0.0
105	0	0.0	0.0	0.0	0.0	0.0
106	0	0.118811881188	0.264705882353	0.190476190476	0.266055045872	0.263157894737
107	0	0.171171171171	0.277777777778	0.116504854369	0.324561403509	0.272727272727
108	0	0.480392156863	0.322916666667	0.333333333333	0.52	0.454545454545
109	0	0.318181818182	0.12037037037	0.182692307692	0.273684210526	0.169811320755
110	0	0.0	0.0	0.0	0.0	0.0
111	0	0.0	0.168421052632	0.0	0.266666666667	0.275862068966
112	0	0.166666666667	0.212962962963	0.14606741573	0.25641025641	0.316455696203
113	0	0.37962962963	0.0	0.0	0.0	0.0
114	0	0.0	0.0	0.0	0.0	0.0
115	0	0.0	0.142857142857	0.0	0.274509803922	0.27027027027
116	0	0.0	0.309523809524	0.159292035398	0.261363636364	0.28
117	0	0.0	0.0	0.0	0.123711340206	0.0
118	0	0.398230088496	0.0	0.0	0.0	0.0
119	0	0.0	0.0	0.0	0.0	0.0
120	0	0.339805825243	0.1	0.172727272727	0.293577981651	0.234693877551
121	0	0.0	0.181034482759	0.0	0.263157894737	0.272727272727
122	0	0.0	0.0	0.155963302752	0.115384615385	0.0
123	0	0.0	0.123711340206	0.0	0.228260869565	0.269662921348
124	0	0.0	0.0	0.0	0.0	0.0
125	0	0.0	0.0	0.0	0.0	0.0
126	0	0.235849056604	0.0	0.0	0.0	0.0
127	0	0.0	0.0	0.0	0.0	0.0
128	0	0.177083333333	0.0	0.0	0.0	0.0
129	0	0.0	0.0	0.0	0.0	0.0
130	0	0.131313131313	0.23595505618	0.18085106383	0.244897959184	0.301886792453
131	0	0.0	0.133333333333	0.149425287356	0.206896551724	0.294117647059
132	0	0.0	0.0	0.0	0.0803571428571	0.298076923077
133	0	0.0	0.0	0.0	0.0	0.0
134	0	0.0	0.175824175824	0.0	0.27380952381	0.285714285714
135	0	0.0	0.0989010989011	0.0	0.273504273504	0.243902439024
136	0	0.0	0.0	0.0	0.0	0.0
137	0	0.0	0.0	0.0	0.0860215053763	0.0
138	0	0.0	0.0	0.0	0.0	0.0
139	0	0.369565217391	0.152941176471	0.189655172414	0.201923076923	0.236363636364
140	0	0.0	0.0	0.0	0.0	0.0
141	0	0.355140186916	0.0	0.215053763441	0.138613861386	0.2
142	0	0.0	0.0	0.0	0.142857142857	0.239583333333
143	0	0.24	0.0	0.264367816092	0.111111111111	0.175925925926
144	0	0.489583333333	0.423728813559	0.54	0.228260869565	0.232323232323
145	0	0.27619047619	0.0	0.0	0.0	0.0
146	0	0.0	0.0	0.0	0.0	0.0
147	0	0.0	0.0	0.0	0.0	0.0
148	0	0.40206185567	0.134615384615	0.207920792079	0.212962962963	0.203883495146
149	0	0.525773195876	0.326086956522	0.380530973451	0.494117647059	0.390476190476
150	0	0.0	0.0	0.0	0.0	0.0
151	0	0.0	0.0	0.0	0.0888888888889	0.257142857143
152	0	0.277777777778	0.0	0.186813186813	0.152173913043	0.274336283186
153	0	0.0	0.0	0.0	0.0	0.0
154	0	0.336363636364	0.0818181818182	0.21568627451	0.241758241758	0.336734693878
155	0	0.571428571429	0.367346938776	0.357798165138	0.472527472527	0.427184466019
156	0	0.0	0.0	0.0	0.0	0.0
157	0	0.54128440367	0.327868852459	0.505747126437	0.305263157895	0.277227722772
158	0	0.171717171717	0.0	0.0	0.0	0.0
159	0	0.0	0.0	0.0	0.0	0.0
160	0	0.0	0.0	0.191011235955	0.118181818182	0.0
161	0	0.0	0.13	0.0	0.271739130435	0.289256198347
162	0	0.0	0.0	0.0	0.0	0.0
163	0	0.226804123711	0.0	0.0	0.0	0.0
164	0	0.0	0.128205128205	0.0	0.255319148936	0.278260869565
165	0	0.0	0.0	0.0	0.0	0.0
166	0	0.0	0.0	0.0	0.0	0.340206185567
167	0	0.0	0.0	0.0	0.0	0.0
168	0	0.0	0.0	0.0485436893204	0.166666666667	0.0
169	0	0.33	0.0851063829787	0.203883495146	0.252525252525	0.268292682927
170	0	0.0	0.138888888889	0.0	0.3	0.210526315789
171	0	0.533333333333	0.340659340659	0.357142857143	0.494505494505	0.55
172	0	0.19587628866	0.288659793814	0.188118811881	0.240740740741	0.357142857143
173	0	0.0	0.0	0.0377358490566	0.184466019417	0.0
174	0	0.0	0.0	0.0909090909091	0.186046511628	0.0
175	0	0.0	0.0	0.0	0.169811320755	0.178947368421
176	0	0.0	0.0	0.0	0.12380952381	0.0
177	0	0.257731958763	0.0	0.0	0.0	0.0
178	0	0.0	0.0	0.0808080808081	0.210526315789	0.0
179	0	0.0	0.113636363636	0.158415841584	0.295238095238	0.277777777778
180	0	0.0	0.0	0.0	0.0	0.207207207207
181	0	0.381818181818	0.0	0.0	0.0	0.0
182	0	0.0	0.0	0.0	0.0	0.0
183	0	0.0	0.0	0.0	0.0	0.0
184	0	0.0	0.0	0.0	0.0	0.0
185	0	0.521367521368	0.302083333333	0.366071428571	0.504504504505	0.424242424242
186	0	0.0	0.0	0.0	0.0	0.0
187	0	0.0	0.0	0.0	0.0	0.0
188	0	0.0	0.0	0.0	0.0	0.0
189	0	0.0	0.0	0.0	0.144444444444	0.0
190	0	0.2	0.0	0.0	0.0	0.0
191	0	0.0	0.0	0.0	0.0	0.0
192	0	0.528846153846	0.280373831776	0.327433628319	0.535353535354	0.383177570093
193	0	0.0	0.139534883721	0.0	0.306818181818	0.263157894737
194	0	0.0	0.0	0.118181818182	0.117021276596	0.0
195	0	0.0	0.0	0.0	0.122641509434	0.204301075269
196	0	0.0	0.179487179487	0.0	0.333333333333	0.244897959184
197	0	0.401869158879	0.0689655172414	0.206896551724	0.182608695652	0.203539823009
198	0	0.0	0.0	0.0	0.0	0.0
199	0	0.436893203883	0.357142857143	0.56043956044	0.258064516129	0.224719101124
200	0	0.0	0.0	0.0	0.0	0.0
201	0	0.0	0.0	0.0	0.0	0.0
202	0	0.158878504673	0.0	0.0	0.0	0.0
203	0	0.0	0.0	0.06	0.179775280899	0.0
204	0	0.257731958763	0.0909090909091	0.227272727273	0.22131147541	0.208333333333
205	0	0.302752293578	0.0	0.168539325843	0.19	0.25
206	0	0.0	0.111111111111	0.0	0.307692307692	0.321428571429
207	0	0.140186915888	0.0	0.0	0.0	0.0
208	0	0.0	0.10989010989	0.130434782609	0.27027027027	0.194174757282
209	0	0.151515151515	0.0	0.0	0.0	0.0
210	0	0.125	0.25	0.128712871287	0.318681318681	0.327433628319
211	0	0.0	0.0	0.0	0.159574468085	0.296610169492
212	0	0.123595505618	0.0	0.0	0.0	0.0
213	0	0.0	0.0	0.0	0.0	0.0
214	0	0.28125	0.0	0.0	0.0	0.0
215	0	0.0	0.078431372549	0.0	0.190476190476	0.197916666667
216	0	0.0	0.0	0.0	0.0	0.0
217	0	0.0	0.166666666667	0.0	0.272727272727	0.188679245283
218	0	0.0	0.0	0.0	0.0	0.0
219	0	0.0	0.0	0.0	0.0	0.0
220	0	0.146551724138	0.0	0.0	0.0	0.0
221	0	0.0	0.0	0.0	0.12037037037	0.0
222	0	0.0	0.0	0.0	0.0	0.0
223	0	0.401785714286	0.0	0.244897959184	0.112244897959	0.191011235955
224	0	0.0	0.0	0.0	0.103773584906	0.0
225	0	0.0	0.0	0.0	0.0	0.0
226	0	0.0714285714286	0.0	0.0	0.0	0.0
227	0	0.265060240964	0.0990990990991	0.21359223301	0.290322580645	0.357894736842
228	0	0.0	0.0	0.0	0.0	0.0
229	0	0.546391752577	0.314814814815	0.58064516129	0.276595744681	0.322222222222
230	0	0.116071428571	0.0	0.0	0.0	0.0
231	0	0.0	0.0	0.0	0.0	0.0
232	0	0.15	0.283185840708	0.159090909091	0.240963855422	0.236559139785
233	0	0.0	0.155963302752	0.0818181818182	0.279279279279	0.262626262626
234	0	0.0	0.119047619048	0.0	0.268518518519	0.30487804878
235	0	0.0	0.0	0.0	0.0	0.0
236	0	0.0	0.0	0.0	0.0	0.0
237	0	0.536082474227	0.340425531915	0.364705882353	0.548387096774	0.458333333333
238	0	0.0	0.0	0.101851851852	0.144329896907	0.0
239	0	0.0	0.0	0.0652173913043	0.119658119658	0.0
240	0	0.158415841584	0.0	0.0	0.0	0.0
241	0	0.0	0.145833333333	0.0	0.219047619048	0.228571428571
242	0	0.211764705882	0.0	0.0	0.0	0.0
243	0	0.0	0.0	0.0	0.0	0.0
244	0	0.0	0.0	0.0	0.212121212121	0.0
245	0	0.0	0.0	0.0947368421053	0.19	0.0
246	0	0.0	0.0	0.0	0.0	0.0
247	0	0.263157894737	0.156626506024	0.237623762376	0.2875	0.25
248	0	0.0	0.0	0.0	0.0	0.0
249	0	0.550847457627	0.364485981308	0.51724137931	0.267441860465	0.207547169811
250	0	0.0	0.0	0.0	0.0	0.0
251	0	0.510638297872	0.324324324324	0.584269662921	0.25	0.237623762376
252	0	0.342857142857	0.0	0.0	0.0	0.0
253	0	0.159292035398	0.0	0.0	0.0	0.0
254	0	0.179775280899	0.21	0.148148148148	0.273684210526	0.390476190476
255	0	0.0	0.1625	0.0	0.214285714286	0.231481481481
256	0	0.0	0.0	0.0	0.172043010753	0.19587628866
257	0	0.0	0.0	0.0	0.0	0.0
258	0	0.0	0.0	0.0	0.0	0.0
259	0	0.0	0.0	0.0	0.0	0.0
260	0	0.0	0.0	0.0	0.0	0.0
261	0	0.0	0.137614678899	0.0	0.339285714286	0.179487179487
262	0	0.0	0.0	0.0	0.0	0.0
263	0	0.0	0.0	0.0	0.115789473684	0.0
264	0	0.358974358974	0.0	0.0	0.0	0.0
265	0	0.11214953271	0.193181818182	0.163043478261	0.330357142857	0.313725490196
266	0	0.0	0.0	0.0808080808081	0.0673076923077	0.0
267	0	0.0	0.0	0.0	0.0	0.261682242991
268	0	0.157894736842	0.0	0.0	0.0	0.0
269	0	0.0	0.0	0.0	0.0	0.0
270	0	0.0	0.0	0.0	0.0	0.0
271	0	0.0	0.0	0.148148148148	0.117021276596	0.0
272	0	0.0	0.0	0.0	0.0	0.0
273	0	0.0	0.0	0.0	0.0	0.0
274	0	0.405660377358	0.313725490196	0.448275862069	0.485436893204	0.445544554455
275	0	0.0	0.0	0.0	0.0	0.0
276	0	0.0	0.0980392156863	0.0	0.051724137931	0.0
277	0	0.0	0.0	0.0	0.0	0.0
278	0	0.0	0.0	0.0	0.154639175258	0.245762711864
279	0	0.0	0.0	0.12380952381	0.166666666667	0.0
280	0	0.0	0.152173913043	0.0	0.238636363636	0.365384615385
281	0	0.174418604651	0.0	0.0	0.0	0.0
282	0	0.306930693069	0.07	0.150943396226	0.22	0.247619047619
283	0	0.156862745098	0.0	0.0	0.0	0.0
284	0	0.441176470588	0.425742574257	0.358695652174	0.445544554455	0.450980392157
285	0	0.0	0.0	0.0	0.0	0.0
286	0	0.0	0.0	0.0	0.0	0.0
287	0	0.0	0.0	0.1	0.158415841584	0.0
288	0	0.115384615385	0.229357798165	0.147368421053	0.282828282828	0.391304347826
289	0	0.114285714286	0.0	0.0	0.0	0.0
290	0	0.0	0.0	0.0	0.185840707965	0.0
291	0	0.0	0.176470588235	0.0	0.294642857143	0.254545454545
292	0	0.0	0.0	0.0	0.0	0.0
293	0	0.0	0.0	0.0	0.0	0.0
294	0	0.0	0.163265306122	0.0	0.243902439024	0.238636363636
295	0	0.0	0.114583333333	0.0	0.212765957447	0.263157894737
296	0	0.0	0.0	0.0	0.0	0.0
297	0	0.339285714286	0.0918367346939	0.252525252525	0.287037037037	0.26213592233
298	0	0.0	0.0	0.070796460177	0.108695652174	0.0
299	0	0.0	0.0	0.0	0.0	0.0
