#chr	normal	sample0	sample1	sample2	sample3	sample4	sample5	sample6	sample7	sample8	sample9
0	0	0.136642835565	0.0	0.186986164026	0.183160415004	0.307148546396	0.192201924966	0.0	0.0	0.0	0.153424384408
1	0	0.104379860827	0.0	0.131573724945	0.0	0.0	0.0	0.0	0.0	0.144222065775	0.111188671719
2	0	0.0991943605237	0.0	0.136717969218	0.0	0.0	0.0	0.0	0.0	0.147728402426	0.112263210369
3	0	0.1	0.0	0.129902448736	0.0	0.0	0.0	0.0	0.0	0.145997801539	0.114576068546
4	0	0.102390438247	0.0	0.135653050933	0.0	0.0	0.0	0.0	0.0	0.149127132853	0.115955192249
5	0	0.364878144654	0.0	0.31176235247	0.334232344421	0.303400954654	0.337239583333	0.110745941639	0.0	0.315265486726	0.403791565288
6	0	0.142437304075	0.301848671583	0.183505154639	0.0	0.0	0.0	0.14287136599	0.0	0.196096278317	0.0
7	0	0.0	0.0	0.0	0.165294992563	0.0	0.169818954182	0.123112082671	0.0	0.0	0.0
8	0	0.0	0.0	0.0	0.155391013287	0.0	0.147064777328	0.0	0.0	0.0	0.127327327327
9	0	0.0	0.0	0.0	0.165123767358	0.0	0.163942595176	0.127755905512	0.0	0.0	0.0
10	0	0.0	0.0	0.0	0.150577599196	0.0	0.145850040096	0.0	0.0	0.0	0.129422529484
11	0	0.101079101079	0.0	0.13352641566	0.0	0.0	0.0	0.0	0.0	0.146753900352	0.118155330051
12	0	0.130538446255	0.0	0.183768749379	0.176159600998	0.306293706294	0.179011726972	0.0	0.0	0.0	0.150004983554
13	0	0.097604084839	0.0	0.136779324056	0.0	0.0	0.0	0.0	0.0	0.141414141414	0.115251556786
14	0	0.10499001996	0.0	0.141414141414	0.0	0.0	0.0	0.0	0.0	0.144478137533	0.122471570897
15	0	0.102602452887	0.0	0.137831946096	0.0	0.0	0.0	0.0	0.0	0.145530559427	0.116014878858
16	0	0.0975782754078	0.0	0.140133171913	0.0	0.0	0.0	0.0	0.0	0.145534729879	0.120533441922
17	0	0.1395	0.0	0.179029671211	0.187356893977	0.301433977295	0.176928520878	0.0	0.0	0.0	0.146574932695
18	0	0.136797668107	0.0	0.177656785642	0.180003991219	0.305020837468	0.183749123334	0.0	0.0	0.0	0.165764139591
19	0	0.132708585248	0.304138691252	0.185057922639	0.0	0.0	0.0	0.13698630137	0.0	0.193126342511	0.0
20	0	0.134506472492	0.295747873937	0.184869739479	0.0	0.0	0.0	0.134730833579	0.0	0.191057731126	0.0
21	0	0.133986268174	0.0	0.174167507568	0.180072028812	0.303247658896	0.183020180932	0.112120607029	0.0	0.156558111742	0.152884516856
22	0	0.0969377609863	0.0	0.137276785714	0.0	0.0	0.0	0.0	0.0	0.144212523719	0.119461468904
23	0	0.0	0.0	0.0	0.165982169688	0.0	0.165540540541	0.128951329654	0.0	0.0	0.0
24	0	0.0999695832911	0.0	0.136850699051	0.0	0.0	0.0	0.0	0.0	0.140707000693	0.10990727184
25	0	0.123835287045	0.0	0.176335953826	0.181651001226	0.303745766089	0.181019158602	0.110219636947	0.0	0.159699575057	0.152508293958
26	0	0.0	0.0	0.0	0.165436777024	0.0	0.161348766985	0.122288366462	0.0	0.0	0.0
27	0	0.101792256659	0.0	0.12703777336	0.0	0.0	0.0	0.0	0.0	0.145265245414	0.115782150666
28	0	0.139381195554	0.313272380187	0.190015942607	0.0	0.0	0.0	0.130171543895	0.0	0.201983404169	0.0
29	0	0.132527713972	0.0	0.172854291417	0.177430947736	0.29944695827	0.187475069805	0.0	0.0	0.0	0.156569709127
30	0	0.131898784618	0.0	0.187085760193	0.178727634195	0.300704854562	0.179974275255	0.108410454592	0.0	0.163601838897	0.150090415913
31	0	0.0	0.0	0.0	0.164496439471	0.0	0.169974811083	0.124151696607	0.0	0.0	0.0
32	0	0.0	0.0	0.0	0.152023591621	0.0	0.144912951595	0.0	0.0	0.0	0.124799679487
33	0	0.100825471698	0.0	0.138855421687	0.0	0.0	0.0	0.0	0.0	0.145515739458	0.114971382669
34	0	0.0	0.0	0.0	0.170401354447	0.0	0.164447075072	0.121997789167	0.0	0.0	0.0
35	0	0.140489986785	0.302491103203	0.180870262683	0.0	0.0	0.0	0.132351457682	0.0	0.189285351225	0.0
36	0	0.491951510334	0.49644549763	0.496029751734	0.493714397957	0.500050551006	0.497423461655	0.502728986802	0.500698602794	0.497899579916	0.501966955153
37	0	0.130955978644	0.0	0.183829444891	0.18500555724	0.306519558676	0.176247125862	0.11052683798	0.0	0.15587820125	0.152037461393
38	0	0.0	0.0	0.0	0.151160484031	0.0	0.151077694236	0.0	0.0	0.0	0.13567839196
39	0	0.102969494274	0.0	0.13716366579	0.0	0.0	0.0	0.0	0.0	0.148881409622	0.113839285714
40	0	0.134749650908	0.0	0.176523656776	0.183145725586	0.311992786294	0.175005003002	0.112987535183	0.0	0.158611027719	0.161405598571
41	0	0.0	0.0	0.0	0.154037143708	0.0	0.150160384924	0.0	0.0	0.0	0.129420084866
42	0	0.131248735074	0.0	0.179211832641	0.179083525519	0.305055955236	0.174798387097	0.110497237569	0.0	0.159054805401	0.14870259481
43	0	0.0	0.0	0.0	0.169030969031	0.0	0.167081549338	0.116458229115	0.0	0.0	0.0
44	0	0.0986600496278	0.0	0.136579933178	0.0	0.0	0.0	0.0	0.0	0.149420695166	0.11708195737
45	0	0.36890052356	0.0	0.30678877165	0.336991990507	0.299185684126	0.321667833217	0.23858674077	0.217733107772	0.296374835908	0.397239872915
46	0	0.136676303459	0.306547920251	0.185396634615	0.0	0.0	0.0	0.13283836661	0.0	0.196925550085	0.0
47	0	0.122206563318	0.0	0.186132480767	0.179451090781	0.305190241944	0.178151260504	0.111788211788	0.0	0.159036144578	0.149060916228
48	0	0.0989043824701	0.0	0.128681241889	0.0	0.0	0.0	0.0	0.0	0.138646616541	0.110510805501
49	0	0.0	0.0	0.0	0.167770419426	0.0	0.169657742473	0.127023785729	0.0	0.0	0.0
50	0	0.0939281784535	0.0	0.133712082784	0.0	0.0	0.0	0.0	0.0	0.150050352467	0.114152994663
51	0	0.0	0.0	0.0	0.173344070868	0.0	0.168226200163	0.122743318205	0.0	0.0	0.0
52	0	0.139227744732	0.30214365539	0.184890656064	0.0	0.0	0.0	0.138807031806	0.0	0.197614991482	0.0
53	0	0.101102579248	0.0	0.133858267717	0.0	0.0	0.0	0.0	0.0	0.14325899136	0.112608565439
54	0	0.143113593298	0.304159967846	0.182876643581	0.0	0.0	0.0	0.133086320849	0.0	0.194809039771	0.0
55	0	0.13386853989	0.310249307479	0.188514851485	0.0	0.0	0.0	0.137321822927	0.0	0.192628650904	0.0
56	0	0.092980671414	0.0	0.143096646943	0.0	0.0	0.0	0.0	0.0	0.148582306382	0.122577422577
57	0	0.129038671836	0.0	0.180016346547	0.180246422893	0.310584677419	0.186601922505	0.107892903354	0.0	0.162218474055	0.1516
58	0	0.138990638991	0.309870232009	0.182491987179	0.0	0.0	0.0	0.134984581717	0.0	0.194452818812	0.0
59	0	0.0995328052001	0.0	0.13201911589	0.0	0.0	0.0	0.0	0.0	0.150794434027	0.114126097366
60	0	0.0	0.0	0.0	0.149474310653	0.0	0.15421686747	0.0	0.0	0.0	0.133071816536
61	0	0.0956802583771	0.0	0.13824930528	0.0	0.0	0.0	0.0	0.0	0.148311454054	0.113688862107
62	0	0.0997111266062	0.0	0.136309875813	0.0	0.0	0.0	0.0	0.0	0.153563629144	0.115472979722
63	0	0.0	0.0	0.0	0.161613098848	0.0	0.165716571657	0.12276397833	0.0	0.0	0.0
64	0	0.136881362766	0.308907901359	0.184306749679	0.0	0.0	0.0	0.135171005615	0.0	0.192097686886	0.0
65	0	0.0	0.0	0.0	0.172010228167	0.0	0.17266896892	0.12247968703	0.0	0.0	0.0
66	0	0.133085202696	0.0	0.182420719894	0.176271186441	0.303767428063	0.189691339527	0.114182692308	0.0	0.160146216163	0.156394377273
67	0	0.0985761226725	0.0	0.134323801771	0.0	0.0	0.0	0.0	0.0	0.144174516609	0.112359550562
68	0	0.0	0.0	0.0	0.16629889669	0.0	0.176723706595	0.121371247399	0.0	0.0	0.0
69	0	0.0	0.0	0.0	0.148942567906	0.0	0.148704092865	0.0	0.0	0.0	0.13442989136
70	0	0.131048993087	0.300647642178	0.183449249068	0.0	0.0	0.0	0.137332672286	0.0	0.195943204868	0.0
71	0	0.0	0.0	0.0	0.150578761953	0.0	0.153731045491	0.0	0.0	0.0	0.130434782609
72	0	0.0	0.0	0.0	0.167220376523	0.0	0.163472042904	0.130615135573	0.0	0.0	0.0
73	0	0.0	0.0	0.0	0.169905830495	0.0	0.170387426169	0.121534333698	0.0	0.0	0.0
74	0	0.263989913684	0.0	0.182395644283	0.500501002004	0.491549438316	0.496307536672	0.364730665062	0.351547535034	0.162135344314	0.392481810833
75	0	0.129841460967	0.0	0.178084896347	0.189890981169	0.304009575105	0.180008004803	0.1155648619	0.0	0.15648391665	0.153336628769
76	0	0.0	0.0	0.0	0.16927425053	0.0	0.1702798581	0.11947168301	0.0	0.0	0.0
77	0	0.138192240762	0.0	0.178753117207	0.179931493049	0.299130264829	0.171382376718	0.110654093098	0.0	0.155807649834	0.154182830996
78	0	0.0987791342952	0.0	0.140525477707	0.0	0.0	0.0	0.0	0.0	0.149657119806	0.114066547121
79	0	0.0	0.0	0.0	0.164236834276	0.0	0.167855020796	0.124887511249	0.0	0.0	0.0
80	0	0.0	0.0	0.0	0.165475591344	0.0	0.166616841056	0.124089805825	0.0	0.0	0.0
81	0	0.0	0.0	0.0	0.1674	0.0	0.164553140097	0.129377914476	0.0	0.0	0.0
82	0	0.0	0.0	0.0	0.169330024814	0.0	0.166832768587	0.119805130245	0.0	0.0	0.0
83	0	0.133161851998	0.305649492739	0.174450410293	0.0	0.0	0.0	0.137768412603	0.0	0.199185376515	0.0
84	0	0.0996774843781	0.0	0.135838440671	0.0	0.0	0.0	0.0	0.0	0.146829365873	0.114946008679
85	0	0.0	0.0	0.0	0.163766530775	0.0	0.166403629907	0.123844917638	0.0	0.0	0.0
86	0	0.128350359057	0.0	0.182949214766	0.179513287853	0.298498498498	0.182565130261	0.0	0.0	0.0	0.154819574889
87	0	0.101849105112	0.0	0.131214101802	0.0	0.0	0.0	0.0	0.0	0.140598418893	0.120712201992
88	0	0.130460683082	0.29041558958	0.183201521674	0.0	0.0	0.0	0.136322049405	0.0	0.197799979816	0.0
89	0	0.130760771768	0.0	0.181900634889	0.182527147088	0.301203610832	0.174995002998	0.108372417922	0.0	0.158252230333	0.155989974937
90	0	0.100272369616	0.0	0.129077446468	0.0	0.0	0.0	0.0	0.0	0.146681710945	0.114420377056
91	0	0.101689890305	0.0	0.135701275046	0.0	0.0	0.0	0.0	0.0	0.149587276022	0.120211898941
92	0	0.261640578562	0.0	0.181576092317	0.501297664204	0.488491305659	0.502356074575	0.359575320513	0.362331838565	0.155144855145	0.380323637447
93	0	0.130038099058	0.0	0.182826043136	0.182989183874	0.306276733313	0.179482031721	0.1090119216	0.0	0.160536779324	0.154359026164
94	0	0.10016025641	0.0	0.13261471519	0.0	0.0	0.0	0.0	0.0	0.141244077024	0.118310994659
95	0	0.0938410529489	0.0	0.134642216464	0.0	0.0	0.0	0.0	0.0	0.141826923077	0.114566772655
96	0	0.100948577134	0.0	0.133104076059	0.0	0.0	0.0	0.0	0.0	0.141896568773	0.110026884397
97	0	0.129819667231	0.0	0.181226207173	0.185092295345	0.301249375312	0.180070615928	0.110831993569	0.0	0.157464620291	0.150823576106
98	0	0.0	0.0	0.0	0.16983763323	0.0	0.164688279302	0.128352490421	0.0	0.0	0.0
99	0	0.0	0.0	0.0	0.16855721393	0.0	0.167777777778	0.120875824835	0.0	0.0	0.0
