Chromosome	Position	Change	Gene	sample0	sample1	sample2	sample3	sample4	sample5	sample6	sample7	sample8	sample9
1	0	A>G	1	998	958	960	1018	984	1000	1043	1015	963	1037
1	1	T>C	1	974	986	996	961	990	1019	1001	1005	1006	1015
1	2	C>A	1	1020	1005	990	986	1010	1017	996	1016	1021	992
1	3	A>G	1	1072	1026	952	1021	1036	965	1045	997	935	1019
1	4	T>G	1	1005	963	990	1041	984	999	971	969	1012	1018
1	5	T>G	1	1014	947	1001	1021	1034	1001	1062	1026	1019	1024
1	6	C>T	1	980	1004	1018	997	1053	991	1026	963	986	983
1	7	T>A	1	1007	1028	995	1018	943	1067	987	1016	992	1025
1	8	A>T	1	975	979	1028	1001	990	976	998	968	1002	1012
1	9	A>T	1	1021	991	990	989	1017	990	979	1002	1015	1055
1	10	C>T	1	1005	975	1009	1054	1056	963	1023	948	1022	968
1	11	T>G	1	994	977	984	970	1042	1056	996	972	987	963
1	12	A>C	1	962	986	985	1028	1023	989	951	1002	990	966
1	13	G>A	1	966	973	911	985	988	1021	1001	1036	1057	924
1	14	G>C	1	1055	984	1022	1015	991	1015	1041	1034	987	974
1	15	C>T	1	1020	978	964	1010	975	1030	1056	998	1005	967
1	16	T>A	1	990	990	961	975	1001	973	1008	1018	1001	966
1	17	G>A	1	981	976	1020	953	981	972	956	1005	975	1003
1	18	A>C	1	973	1008	996	1021	984	977	945	1031	1042	932
1	19	T>A	1	960	982	1061	1043	972	1054	1000	1025	956	977
1	20	G>T	1	991	1007	1011	985	995	945	979	1006	979	995
1	21	G>A	1	964	1017	965	991	997	1027	1055	1002	975	972
1	22	T>C	1	1004	995	1012	999	1028	984	1020	1046	970	995
1	23	G>C	1	1026	1043	985	1056	977	995	1030	1014	1017	996
1	24	C>G	1	998	971	1019	978	996	1006	1034	1055	1019	956
1	25	A>C	1	1033	1024	942	942	1043	1013	1021	1021	968	967
1	26	G>A	1	1031	978	964	1016	1013	998	943	999	980	973
1	27	T>G	1	1031	1010	1026	1025	1003	957	1005	984	1077	948
1	28	A>C	1	949	964	1003	993	1038	1000	1016	1022	967	1036
1	29	A>T	1	1024	986	1070	987	1003	945	1009	1014	967	1023
1	30	G>T	1	991	1015	937	974	978	990	971	962	996	978
1	31	T>G	1	1008	1013	946	988	1023	987	1032	1026	987	1054
1	32	C>A	1	994	1022	984	1006	1001	1020	998	1022	981	1019
1	33	C>A	1	1002	1021	990	974	984	1023	967	982	985	1023
1	34	G>T	1	985	1021	970	1037	1014	1001	1011	994	976	1050
1	35	A>C	1	1027	1011	966	987	1009	1038	1023	1001	1005	1036
1	36	G>C	1	979	986	1026	927	1023	982	1010	1011	1024	1026
1	37	C>T	1	991	1003	974	1024	1028	1005	960	1004	1023	1020
1	38	A>C	1	1015	1051	933	976	996	996	930	997	966	994
1	39	G>A	1	1025	996	990	971	1054	981	971	975	1001	987
1	40	C>A	1	1043	991	1042	971	1015	1038	994	992	980	996
1	41	G>T	1	1021	1016	990	1000	1053	1046	985	1037	1005	986
1	42	G>T	1	1035	991	992	982	990	994	1126	1022	1002	1017
1	43	G>A	1	1035	983	1025	1022	926	982	1057	1019	1025	1009
1	44	A>C	1	973	959	1007	999	1028	1037	944	1034	1033	1007
1	45	A>C	1	1006	985	1033	1048	999	980	1004	945	974	1064
1	46	A>G	1	1016	1027	979	915	990	913	981	1039	1018	965
1	47	T>G	1	1021	1023	986	990	1018	1015	976	939	989	981
1	48	G>A	1	1059	980	1019	1011	984	974	1013	1009	964	955
1	49	G>T	1	965	964	1007	969	929	964	1018	1020	972	1065
1	50	G>C	1	1026	952	1005	947	1015	987	1017	1009	1062	1049
1	51	A>C	1	1013	952	936	957	971	977	1029	1004	968	995
1	52	C>T	1	968	1033	949	1026	991	1014	1013	1015	1026	1030
1	53	A>G	1	984	1013	1012	989	1008	1069	1021	1062	1013	987
1	54	A>G	1	943	1014	975	969	1032	1038	1017	1022	1057	958
1	55	C>T	1	1035	975	1015	1037	1011	1038	957	957	1001	910
1	56	A>T	1	1023	984	1014	979	988	1021	954	1004	996	1007
1	57	G>A	1	1009	1054	998	1035	984	1031	984	1001	1046	1035
1	58	A>G	1	1053	1064	1028	978	976	1019	989	946	991	921
1	59	A>C	1	1049	1026	1012	974	954	1035	984	1007	1001	1002
1	60	G>A	1	972	1034	960	966	1018	1025	1038	1017	1056	1011
1	61	C>A	1	969	994	1038	995	1014	980	1010	949	969	1018
1	62	T>C	1	1034	959	1007	995	943	1030	1035	1033	1054	975
1	63	T>G	1	1019	981	1019	964	999	999	1006	974	1063	986
1	64	T>G	1	1067	1036	981	1040	1015	974	977	1042	996	1010
1	65	G>C	1	1019	1022	1010	1013	986	1002	954	1015	1030	995
1	66	T>A	1	976	1004	1013	982	997	1042	988	977	955	988
1	67	G>T	1	1005	1018	992	993	965	1045	1046	983	1005	1014
1	68	G>C	1	969	1027	986	967	970	989	1006	985	1027	968
1	69	G>C	1	1002	1031	1003	980	983	1000	970	1022	1035	1042
1	70	C>G	1	1013	996	947	998	1005	1050	1028	994	990	981
1	71	A>C	1	981	1050	962	973	967	1058	1005	1010	1043	987
1	72	G>A	1	1004	945	1000	970	976	985	1074	987	1023	1027
1	73	A>T	1	1035	1006	1029	992	934	1011	1025	951	1048	1044
1	74	C>G	1	983	966	1054	996	983	1008	1014	1004	1003	968
1	75	T>C	1	985	1012	1020	986	980	954	1038	995	1037	998
1	76	A>T	1	990	971	966	981	993	978	953	1055	1029	962
1	77	A>T	1	950	976	1001	980	940	1021	1008	973	1085	954
1	78	G>T	1	994	1019	1038	976	1010	984	1005	997	997	977
1	79	T>A	1	1000	1024	978	1029	1034	995	1021	985	1014	989
1	80	T>G	1	983	1006	1044	1019	992	995	1036	963	986	959
1	81	A>G	1	975	1015	1025	947	1003	1022	981	966	974	985
1	82	C>G	1	959	989	1006	1000	1010	1041	985	941	1068	992
1	83	C>T	1	992	999	1017	986	1000	1000	983	990	1028	977
1	84	G>A	1	1044	1034	1054	988	1030	1004	954	1031	1032	955
1	85	T>G	1	973	971	1016	1042	961	986	1018	956	1030	990
1	86	C>A	1	985	1011	1006	1011	941	997	944	983	947	1018
1	87	C>T	1	1003	940	1033	1013	978	1058	996	972	996	982
1	88	T>A	1	1036	983	997	1040	974	1064	1017	984	967	987
1	89	A>C	1	967	1026	1014	1057	959	1050	1014	1030	1028	1039
1	90	C>T	1	975	988	942	1027	1017	1004	954	977	1016	993
1	91	C>A	1	1044	994	1006	1044	1015	1037	997	1013	979	998
1	92	G>C	1	1035	985	998	1000	961	1008	988	1090	1005	991
1	93	G>T	1	1003	981	982	1039	976	1041	972	966	1002	1007
1	94	A>T	1	1028	1050	1004	1007	953	1028	990	1033	982	987
1	95	T>C	1	1035	1053	952	997	955	1013	1035	1000	1053	982
1	96	A>C	1	964	965	1024	1085	1010	997	1041	1050	1057	1030
1	97	T>G	1	976	1001	985	1020	959	1014	992	997	1034	991
1	98	G>T	1	977	978	1024	1009	1003	991	1005	1036	987	1031
1	99	G>T	1	974	1010	937	949	1064	1023	1027	981	978	1008
