Chromosome	Position	Change	Gene	sample0	sample1	sample2	sample3	sample4	sample5	sample6	sample7	sample8	sample9
1	0	A>C	1	981	972	959	948	1009	1035	946	1030	977	1031
1	1	A>C	1	989	1009	966	961	1068	996	1003	986	999	1023
1	2	G>T	1	937	989	985	964	995	965	986	946	995	1029
1	3	A>G	1	1037	1045	938	1029	970	1018	1041	976	1019	964
1	4	T>A	1	1000	1008	1022	1032	1012	994	1028	1041	954	1048
1	5	T>A	1	939	1062	998	1011	993	1010	949	994	965	1061
1	6	T>A	1	977	982	1001	995	998	1006	1064	1009	1009	1034
1	7	A>G	1	953	1026	1018	1019	975	1042	1006	1054	1048	1018
1	8	C>T	1	974	1026	932	1025	970	1019	1029	1001	974	980
1	9	T>G	1	1025	981	953	1001	945	943	977	1006	1006	1003
1	10	T>A	1	985	1007	1003	937	966	994	967	1002	971	971
1	11	G>C	1	1054	958	1024	988	1050	966	1001	967	1010	984
1	12	C>T	1	998	976	971	1037	1044	1052	983	954	961	1020
1	13	A>C	1	973	1023	987	1042	1006	1021	1009	983	1007	944
1	14	C>G	1	993	927	1039	982	1049	1021	984	1035	961	1018
1	15	T>A	1	1007	1053	996	1012	1026	1047	979	981	1062	944
1	16	G>T	1	1007	1026	997	986	997	962	997	993	1070	1004
1	17	G>C	1	968	1058	984	986	1027	1008	1031	1015	998	1031
1	18	C>G	1	1011	965	991	959	1079	965	994	1009	948	982
1	19	C>G	1	973	1016	987	988	1032	1011	994	1033	982	996
1	20	C>A	1	968	989	1004	984	991	972	992	1035	1005	945
1	21	C>T	1	988	956	994	1025	1023	976	958	1009	1015	961
1	22	G>A	1	1015	985	952	1017	1043	993	1013	941	1014	975
1	23	C>A	1	1032	948	1005	987	1014	998	976	992	1018	1010
1	24	C>G	1	1032	1027	973	1031	1003	1030	1012	989	1006	1014
1	25	G>T	1	1018	986	1057	996	978	1021	981	1036	1045	976
1	26	G>A	1	1006	971	991	989	1009	940	933	979	995	1003
1	27	T>A	1	1035	1000	1024	976	981	1026	981	1089	1014	996
1	28	C>G	1	1013	1027	979	1033	1022	1027	983	969	949	1013
1	29	G>C	1	995	957	1029	1007	1002	998	969	957	1003	1030
1	30	C>A	1	1017	981	1005	979	1006	1005	974	968	996	998
1	31	C>G	1	984	1015	976	1011	1033	994	1000	988	999	1073
1	32	T>A	1	1029	1006	1007	981	996	1012	1017	972	992	1032
1	33	A>G	1	967	1044	944	984	976	1000	949	961	1008	1032
1	34	A>C	1	1000	963	1012	1011	1022	1033	1047	1015	954	979
1	35	G>A	1	939	989	1001	998	959	1015	949	976	998	979
1	36	G>T	1	1011	959	998	1012	971	1016	1052	970	1015	930
1	37	G>T	1	1050	1012	970	980	1011	980	994	989	955	1008
1	38	T>C	1	1000	1013	986	1041	1017	1034	1033	1007	990	1038
1	39	C>G	1	1000	976	1034	1031	1023	972	1025	1037	1019	1021
1	40	A>C	1	1065	1004	987	984	1010	1014	1009	1028	994	994
1	41	G>C	1	1083	1009	1009	1022	1022	1008	967	1019	996	1023
1	42	T>G	1	993	904	1029	954	1044	983	1010	1022	958	979
1	43	T>G	1	1012	985	986	949	995	968	1013	1026	1022	1042
1	44	C>G	1	1006	997	1006	972	1022	1002	1007	1014	967	990
1	45	C>A	1	1023	1018	967	1038	979	1012	959	1042	975	993
1	46	C>A	1	1015	990	988	971	1041	943	966	1003	1060	935
1	47	G>C	1	1006	972	1017	1037	1019	1002	994	1026	948	1006
1	48	C>A	1	1029	1019	1009	1040	989	995	961	980	1043	1033
1	49	C>G	1	1001	961	1007	990	1027	1003	1027	992	1006	989
1	50	T>G	1	1060	1038	927	1016	1010	981	1017	1036	1023	956
1	51	C>A	1	998	1023	978	1007	934	1016	990	1056	1029	1003
1	52	T>C	1	962	946	1031	977	973	1020	974	1020	1046	1021
1	53	T>A	1	1000	1039	1032	1008	1003	959	1001	980	992	1032
1	54	G>T	1	1019	1028	949	968	993	986	961	1024	1001	1002
1	55	A>G	1	1004	979	996	943	994	1053	1002	1014	983	978
1	56	A>C	1	971	1003	934	920	940	990	1008	963	988	988
1	57	C>T	1	1061	981	1010	959	1043	993	1066	1028	1025	943
1	58	G>C	1	1019	1034	1029	1010	1033	965	1025	959	1044	991
1	59	T>C	1	974	1037	943	988	1043	941	1016	1025	986	961
1	60	A>T	1	1002	1024	984	987	985	1000	983	959	1028	983
1	61	A>C	1	1019	1000	985	1026	985	1036	1013	1014	980	1005
1	62	C>G	1	1030	997	977	1072	1073	990	983	974	978	966
1	63	G>T	1	1014	1017	1025	988	1064	994	977	971	990	918
1	64	C>A	1	1008	1050	997	1023	980	1022	995	1032	983	998
1	65	T>G	1	1029	955	987	979	1007	1002	1022	989	962	962
1	66	T>G	1	1062	1026	986	993	1073	1025	1000	1030	1018	1015
1	67	A>C	1	948	977	1060	1028	1045	985	974	960	993	1001
1	68	C>T	1	979	955	987	1004	991	1025	1000	991	1063	968
1	69	C>G	1	974	1014	1015	1048	1003	994	1066	1046	1025	1013
1	70	A>T	1	1027	999	1044	1024	996	1068	1013	1031	930	1019
1	71	T>C	1	1018	926	959	1021	1025	975	949	997	983	979
1	72	T>A	1	983	1031	1018	1023	1049	1028	950	968	978	974
1	73	A>C	1	1024	1000	995	1057	969	959	1014	971	993	950
1	74	G>A	1	1009	996	965	976	989	1018	938	988	971	981
1	75	C>G	1	998	958	1001	991	970	959	1031	923	1010	994
1	76	C>A	1	959	1001	1033	1031	996	973	967	1005	1043	1041
1	77	T>A	1	1078	986	1021	941	1005	955	961	986	984	964
1	78	C>A	1	959	968	1011	971	980	982	976	1007	998	1021
1	79	T>G	1	1013	1041	978	1029	1020	1066	1009	982	1080	961
1	80	C>G	1	954	989	980	928	957	1031	959	980	1003	987
1	81	C>T	1	1001	1066	995	1044	1031	956	978	934	938	1043
1	82	A>G	1	1028	961	1038	994	997	1004	1066	1021	952	1016
1	83	T>C	1	987	1025	1059	1018	1018	1024	985	939	1024	997
1	84	T>A	1	1044	1038	959	1024	1020	1002	968	970	1005	1028
1	85	T>C	1	1021	1024	986	1062	947	1029	943	995	1000	963
1	86	C>A	1	961	1031	961	971	1029	1006	988	980	955	920
1	87	A>C	1	980	1048	1025	990	1041	1027	1026	986	987	1009
1	88	G>T	1	981	981	939	1019	970	1005	947	1002	979	1013
1	89	C>A	1	979	995	951	934	987	1011	970	967	1041	959
1	90	C>T	1	1034	997	1033	961	972	1037	999	1030	998	983
1	91	A>T	1	1040	986	1014	959	962	1028	970	1003	976	968
1	92	C>T	1	1005	940	969	1018	1008	987	1004	964	994	1007
1	93	G>C	1	1062	989	982	1012	953	1015	938	962	1013	959
1	94	C>A	1	996	953	1045	999	1004	976	956	1029	998	958
1	95	C>G	1	1059	1031	1051	1027	1012	1035	996	1037	1013	991
1	96	T>C	1	964	967	966	1012	973	1005	930	967	1019	1014
1	97	G>T	1	961	995	957	1021	1053	1018	966	1009	1002	1007
1	98	C>A	1	975	1019	998	991	996	997	993	947	958	1026
1	99	G>C	1	1050	1018	1002	1017	1025	974	982	1020	1051	1030
