gene_id	sample0	sample0	sample1	sample1	sample2	sample2	sample3	sample3	sample4	sample4
0	10137	0	10054	0	9876	0	8589	1396	9880	0
1	9985	0	8478	1470	8738	1379	8552	1223	8613	1313
2	9951	0	10007	0	10195	0	8698	1221	9908	0
3	10030	0	10149	0	10163	0	8694	1184	10063	0
4	9850	0	9904	0	8762	1064	10169	0	8759	1244
5	10045	0	8488	1495	9005	1067	9891	0	7499	2522
6	9916	0	8633	1539	9084	1066	9982	0	7350	2542
7	9986	0	9932	0	9996	0	8889	1195	9941	0
8	10006	0	8409	1583	8944	1059	9982	0	7455	2568
9	7364	2627	9818	0	9886	0	8962	1111	8538	1267
10	9998	0	8434	1497	8959	1089	9980	0	7448	2511
11	9935	0	9956	0	9993	0	8844	1209	9926	0
12	9981	0	8549	1529	9118	1090	9849	0	7445	2641
13	10059	0	9934	0	10095	0	8723	1146	9974	0
14	9914	0	8610	1547	8895	1015	9856	0	7456	2602
15	10034	0	8443	1472	8846	1017	10065	0	7502	2517
16	10135	0	8360	1491	8954	1087	10038	0	7423	2511
17	5102	4867	5057	4992	5077	4947	5099	4985	4947	4960
18	10033	0	8684	1560	8705	1319	8646	1307	8734	1300
19	7384	2781	10025	0	10096	0	8700	1081	8659	1320
20	10004	0	9980	0	9811	0	8660	1217	9960	0
21	7403	2717	10049	0	10045	0	8757	1108	8653	1309
22	9939	0	9877	0	10029	0	8641	1184	10064	0
23	7194	2748	10075	0	9946	0	8893	1087	8608	1276
24	7401	2631	4975	5076	6307	3851	6299	3717	6120	3804
25	7388	2726	9997	0	9990	0	8822	1029	8754	1301
26	9998	0	8547	1587	9025	1077	10001	0	7347	2501
27	9962	0	10012	0	9886	0	8895	1139	10068	0
28	7319	2767	5150	4959	6186	3814	6152	3745	6326	3882
29	10058	0	8597	1496	8942	1048	10106	0	7328	2619
30	7282	2775	10012	0	9990	0	8900	1144	8643	1298
31	7095	2669	9900	0	9938	0	8851	1113	8834	1307
32	10155	0	8397	1538	8809	1111	9982	0	7398	2477
33	7372	2648	4986	5062	6165	3745	6232	3837	6069	3842
34	7435	2686	4978	4928	6164	3916	6257	3851	6136	3815
35	7309	2596	5002	4970	6293	3847	6254	3740	6228	3819
36	7334	2712	10143	0	9993	0	8896	1109	8570	1289
37	10016	0	8433	1596	8535	1391	8749	1260	8808	1357
38	10082	0	8555	1527	8919	1032	9957	0	7507	2653
39	9943	0	8502	1529	8577	1354	8552	1346	8689	1356
40	10020	0	8486	1537	8691	1063	10047	0	7424	2602
41	9991	0	8475	1494	8656	1325	8489	1370	8650	1347
42	9994	0	8383	1538	8928	1054	9984	0	7480	2513
43	7285	2686	9990	0	9974	0	8841	1115	8673	1340
44	9964	0	9947	0	10092	0	8736	1084	10112	0
45	10225	0	8511	1525	9064	1110	9897	0	7361	2559
46	7599	2361	6498	3527	7271	2730	7229	2686	9047	1134
47	10019	0	8625	1464	9319	1014	10155	0	7610	2551
48	10026	0	9927	0	10085	0	8643	1189	9870	0
49	9957	0	10122	0	10281	0	8884	1126	9952	0
50	7358	2671	4802	4998	6228	3886	6081	3899	6039	3874
51	10009	0	10115	0	10030	0	8592	1374	10006	0
52	7203	2604	6737	3170	7481	2363	6237	3787	6111	3918
53	7157	2546	10068	0	10027	0	8963	1079	8767	1320
54	7460	2662	10009	0	10064	0	8947	1188	8690	1318
55	9937	0	8499	1563	8826	1087	10006	0	7408	2507
56	9907	0	8373	1551	9335	1080	9981	0	7274	2532
57	10028	0	8379	1454	8912	1157	9821	0	7538	2581
58	9975	0	10168	0	9834	0	8680	1142	10217	0
59	9881	0	8576	1490	8870	1070	9968	0	7438	2483
60	9938	0	8264	1563	8791	1032	10047	0	7424	2688
61	7407	2617	5063	4955	6151	3903	6093	3759	6161	3734
62	7561	2397	6391	3519	7244	2791	7267	2852	8911	1130
63	9803	0	8551	1568	9080	1043	9834	0	7592	2578
64	7439	2656	5009	4963	6184	3785	6257	3721	6185	3935
65	9958	0	8481	1512	8580	1339	8658	1359	8833	1345
66	7437	2636	6761	3146	7566	2458	6098	3798	6210	3799
67	7335	2664	10005	0	9964	0	8777	1086	8638	1373
68	7352	2646	9897	0	10015	0	8736	1111	8816	1382
69	10038	0	8387	1423	9059	1048	10026	0	7447	2605
70	10049	0	8527	1522	9012	1103	10083	0	7354	2607
71	7659	2274	6489	3318	7213	2802	7182	2674	8762	1150
72	9980	0	8476	1531	8822	1046	10003	0	7336	2602
73	10010	0	8280	1564	8833	1069	9997	0	7495	2554
74	7268	2701	9894	0	10000	0	8895	1118	8701	1318
75	7195	2715	10117	0	10192	0	8983	1085	8642	1338
76	9950	0	9944	0	9945	0	8986	1167	10035	0
77	9873	0	8295	1601	8706	1103	9985	0	7350	2581
78	9999	0	9947	0	9904	0	8765	1233	10006	0
79	10132	0	8524	1579	8922	1015	10092	0	7506	2554
80	9891	0	8429	1562	8891	1073	10218	0	7465	2603
81	7357	2608	4934	4944	6084	3826	6173	3846	6203	3784
82	9954	0	9884	0	9979	0	8859	1189	10089	0
83	10041	0	8425	1573	8951	1090	9844	0	7459	2522
84	9899	0	8608	1514	9159	1066	10015	0	7381	2526
85	7304	2640	10171	0	10054	0	8726	1112	8591	1276
86	10001	0	10000	0	10201	0	8650	1160	10247	0
87	10057	0	8590	1566	8987	1040	9982	0	7368	2651
88	9926	0	8389	1557	8644	1322	8765	1307	8670	1350
89	7317	2617	10052	0	9938	0	8881	1089	8735	1385
90	7442	2598	10068	0	10127	0	9015	1103	8805	1322
91	7173	2698	4965	4964	6075	3796	6272	3841	6218	3841
92	10108	0	9928	0	9939	0	8927	1238	9863	0
93	7315	2658	10108	0	10017	0	9051	1088	8549	1286
94	7451	2697	9993	0	9998	0	8798	1077	8675	1293
95	10210	0	8365	1537	8869	1326	8668	1393	8577	1367
96	10070	0	8618	1506	8555	1352	8611	1354	8845	1332
97	9789	0	8443	1499	8767	1055	9932	0	7535	2611
98	7491	2715	5008	4982	6202	3889	6271	3836	6268	3794
99	9822	0	8536	1527	9043	1067	9949	0	7570	2626
