gene_id	sample0	sample0	sample1	sample1	sample2	sample2	sample3	sample3	sample4	sample4
0	9980	0	9938	0	9663	0	9962	0	8760	1320
1	9843	0	10008	0	10070	0	9935	0	9851	0
2	10022	0	10231	0	9850	0	9859	0	10036	0
3	9850	0	6853	3273	10052	0	7244	2578	9985	0
4	9915	0	9889	0	9913	0	10059	0	9939	0
5	10098	0	8247	1755	10010	0	9987	0	8081	2096
6	10083	0	9892	0	10174	0	9859	0	10078	0
7	9919	0	8242	1719	9850	0	10178	0	8022	2062
8	10020	0	10212	0	10006	0	10036	0	8551	1367
9	8110	1939	6802	3222	8002	1825	7309	2697	8615	1353
10	10010	0	10029	0	9957	0	9903	0	8735	1302
11	9894	0	8140	1824	9938	0	9926	0	10032	0
12	8367	1487	9947	0	6832	3103	10137	0	10019	0
13	10080	0	9810	0	9930	0	10027	0	9888	0
14	9969	0	10115	0	10054	0	10121	0	9922	0
15	9932	0	10294	0	10086	0	10012	0	8693	1376
16	9951	0	9907	0	10168	0	9988	0	10038	0
17	6541	3407	6682	3188	6333	3541	7363	2649	8654	1395
18	10025	0	10112	0	10067	0	9992	0	8534	1365
19	8256	1912	6722	3344	8076	1895	7259	2685	8564	1402
20	8370	1543	9874	0	8723	1462	10150	0	10054	0
21	6518	3401	6715	3349	6313	3571	7337	2553	8563	1398
22	9875	0	7901	1782	9897	0	10063	0	9874	0
23	9967	0	10089	0	10007	0	9953	0	8849	1338
24	9884	0	9883	0	9999	0	9983	0	8661	1340
25	10115	0	9758	0	9922	0	9980	0	8545	1367
26	10120	0	10312	0	10042	0	9848	0	8796	1366
27	9783	0	10123	0	9994	0	9912	0	8544	1322
28	8615	1543	10229	0	6793	3147	9989	0	9853	0
29	8586	1543	9891	0	6947	3183	10037	0	10162	0
30	8486	1574	10064	0	6914	3169	9956	0	9975	0
31	9869	0	6777	3103	9934	0	7291	2582	10066	0
32	10090	0	10086	0	10079	0	9893	0	10188	0
33	8470	1546	9956	0	6702	3097	10159	0	10047	0
34	10153	0	10114	0	10012	0	10079	0	9918	0
35	9988	0	9922	0	10076	0	10043	0	8686	1393
36	7983	1931	6758	3297	8102	1900	7364	2714	8547	1391
37	10105	0	10112	0	10190	0	10021	0	8564	1331
38	8003	1973	6763	3163	8102	1858	7337	2670	8610	1368
39	9935	0	6791	3279	9960	0	7493	2630	9899	0
40	8424	1542	9872	0	6794	3117	10017	0	9792	0
41	8432	1495	9944	0	6790	3133	9966	0	10079	0
42	10083	0	6805	3270	10170	0	7327	2577	9933	0
43	8404	1507	10046	0	6936	3190	9957	0	9905	0
44	9948	0	10022	0	10123	0	9904	0	9940	0
45	9942	0	8196	1854	9956	0	10017	0	10162	0
46	9937	0	8126	1768	9863	0	10092	0	10053	0
47	9804	0	6617	3247	10007	0	7224	2630	9908	0
48	10135	0	9960	0	9977	0	9980	0	10086	0
49	8015	1911	6742	3281	8182	1851	7250	2708	8727	1311
50	9932	0	8333	1662	9972	0	10076	0	7935	2041
51	9959	0	6742	3312	9878	0	7315	2621	10021	0
52	9952	0	6701	3325	9891	0	7463	2629	9952	0
53	9972	0	9942	0	9897	0	9962	0	10016	0
54	9892	0	9977	0	10013	0	10101	0	10215	0
55	9947	0	10156	0	10176	0	9988	0	8629	1393
56	10005	0	9935	0	9903	0	9956	0	8592	1381
57	9973	0	9992	0	10127	0	10074	0	8568	1380
58	10013	0	6721	3262	10168	0	7413	2485	9908	0
59	10010	0	6656	3225	10082	0	7599	2600	9926	0
60	10024	0	9791	0	10060	0	10138	0	8642	1397
61	8483	1466	9881	0	6813	3085	10016	0	9953	0
62	10047	0	8017	1835	9984	0	9946	0	10023	0
63	8242	2013	6610	3355	8037	1842	7423	2561	8676	1324
64	10104	0	9866	0	9853	0	10073	0	8601	1364
65	9883	0	8224	1768	10073	0	10051	0	8080	2086
66	9815	0	9990	0	9880	0	10035	0	8673	1375
67	10019	0	10035	0	9901	0	10087	0	8635	1308
68	7845	1954	6688	3235	8277	1863	7499	2617	8615	1347
69	6286	3367	6667	3316	6451	3565	7457	2626	8678	1364
70	8485	1513	10018	0	8476	1386	9947	0	9980	0
71	8200	1930	6909	3293	8139	1866	7382	2643	8658	1389
72	9981	0	10069	0	10204	0	9966	0	8525	1381
73	10047	0	9898	0	9894	0	10106	0	8748	1358
74	8462	1488	10068	0	6721	3213	10090	0	10034	0
75	9871	0	9976	0	10215	0	10081	0	8704	1410
76	10068	0	10100	0	10016	0	10148	0	8523	1327
77	8324	1438	9979	0	6757	3207	9830	0	10014	0
78	8642	1569	10121	0	6839	3160	9969	0	9997	0
79	10129	0	6694	3190	9895	0	7425	2671	10020	0
80	9962	0	8055	1855	10020	0	9825	0	10107	0
81	9962	0	6735	3338	10228	0	7343	2556	9973	0
82	10035	0	9958	0	9949	0	10014	0	10034	0
83	8433	1480	9976	0	6963	3281	10125	0	9867	0
84	10083	0	9954	0	10021	0	9928	0	9938	0
85	10121	0	8348	1827	9902	0	9953	0	10012	0
86	10031	0	10090	0	9957	0	10131	0	9966	0
87	9946	0	10039	0	9976	0	10088	0	8615	1415
88	6487	3533	6834	3226	6534	3594	7416	2593	8672	1346
89	7930	1954	6688	3260	8129	1980	7464	2697	8581	1334
90	10050	0	8347	1654	10093	0	10112	0	7955	2009
91	9868	0	8018	1841	9910	0	10003	0	10030	0
92	7998	1965	6955	3300	8164	1855	7481	2582	8609	1371
93	10020	0	10197	0	9962	0	10099	0	8828	1387
94	10001	0	10066	0	10124	0	9860	0	9998	0
95	4998	4943	6845	3174	5020	5022	4960	4928	7067	2976
96	8225	1909	6698	3274	8043	1863	7185	2609	8881	1418
97	8164	1941	6628	3266	8061	1913	7452	2571	8504	1373
98	9840	0	10019	0	10009	0	10007	0	9905	0
99	8011	1951	6762	3210	8127	1870	7415	2509	8665	1348
