Chromosome	Position	Change	Gene	sample0	sample1	sample2	sample3	sample4
1	0	T>C	1	53	35	27	41	50
1	1	T>A	1	10	0	0	23	0
1	2	A>C	1	0	12	0	0	0
1	3	C>T	1	12	15	23	0	0
1	4	G>A	1	0	19	0	0	0
1	5	T>A	1	36	41	25	54	49
1	6	A>C	1	0	17	0	21	0
1	7	C>G	1	0	16	0	0	27
1	8	G>T	1	29	23	0	45	52
1	9	C>G	1	0	10	0	0	0
1	10	C>T	1	9	0	0	30	0
1	11	G>T	1	0	0	0	0	0
1	12	C>T	1	0	13	0	0	0
1	13	A>T	1	0	17	0	0	0
1	14	A>G	1	0	12	0	0	27
1	15	C>T	1	0	21	0	0	0
1	16	T>A	1	0	12	26	0	0
1	17	T>C	1	18	13	22	0	0
1	18	A>G	1	0	19	0	0	0
1	19	T>A	1	0	15	0	0	25
1	20	G>C	1	0	0	0	0	0
1	21	G>T	1	0	10	24	0	0
1	22	A>T	1	60	27	18	50	53
1	23	C>A	1	13	14	38	0	0
1	24	G>T	1	0	16	0	0	0
1	25	C>T	1	0	12	0	0	0
1	26	A>T	1	0	0	0	0	0
1	27	A>C	1	36	22	0	50	47
1	28	A>C	1	0	0	0	0	0
1	29	T>C	1	0	0	0	0	0
1	30	T>A	1	9	0	0	0	0
1	31	A>G	1	0	0	0	0	0
1	32	A>G	1	23	9	22	0	0
1	33	A>G	1	0	15	0	0	0
1	34	C>T	1	0	12	0	0	19
1	35	C>G	1	64	45	24	43	57
1	36	G>T	1	0	0	0	0	0
1	37	G>C	1	40	36	25	48	58
1	38	T>A	1	0	15	0	0	0
1	39	G>A	1	28	41	24	56	45
1	40	C>A	1	0	15	0	0	22
1	41	C>A	1	37	23	0	54	52
1	42	T>G	1	0	0	0	0	0
1	43	C>G	1	58	29	27	45	54
1	44	G>C	1	16	13	19	0	0
1	45	T>G	1	31	39	0	46	48
1	46	A>C	1	0	12	0	0	25
1	47	T>A	1	0	12	0	0	0
1	48	A>G	1	0	0	0	0	0
1	49	T>G	1	11	10	17	0	0
1	50	T>A	1	0	17	0	0	31
1	51	T>A	1	0	10	0	0	24
1	52	G>A	1	0	0	0	0	0
1	53	A>C	1	18	17	22	0	0
1	54	G>T	1	16	16	30	0	0
1	55	G>T	1	9	0	0	0	0
1	56	A>C	1	0	10	0	0	0
1	57	T>A	1	0	13	0	19	0
1	58	A>T	1	0	0	0	0	19
1	59	T>A	1	17	11	17	0	0
1	60	A>T	1	0	14	0	0	0
1	61	G>C	1	17	14	26	0	0
1	62	A>C	1	20	11	26	0	0
1	63	C>A	1	0	0	0	0	0
1	64	C>A	1	0	14	0	0	0
1	65	A>G	1	10	17	0	0	51
1	66	A>T	1	12	0	0	0	0
1	67	A>C	1	7	0	0	27	0
1	68	G>A	1	0	0	0	0	0
1	69	C>T	1	0	15	0	17	0
1	70	C>A	1	0	15	0	0	0
1	71	A>G	1	30	25	0	35	63
1	72	G>C	1	7	0	0	0	0
1	73	C>T	1	0	10	0	0	0
1	74	C>A	1	0	14	0	0	0
1	75	C>A	1	0	0	0	0	0
1	76	T>C	1	0	0	0	0	0
1	77	T>G	1	6	0	0	0	0
1	78	C>A	1	0	8	0	0	0
1	79	A>G	1	0	21	0	0	22
1	80	T>A	1	21	14	24	0	0
1	81	G>T	1	0	7	0	0	23
1	82	A>T	1	11	12	25	0	0
1	83	A>C	1	0	0	0	0	0
1	84	C>G	1	0	14	0	0	0
1	85	A>C	1	11	0	0	0	0
1	86	A>T	1	0	13	0	0	0
1	87	G>C	1	0	20	0	0	0
1	88	G>A	1	0	9	0	0	27
1	89	C>A	1	0	0	0	0	0
1	90	G>C	1	0	0	0	0	0
1	91	A>C	1	41	30	0	40	45
1	92	A>C	1	0	12	0	0	0
1	93	C>A	1	0	0	0	0	0
1	94	G>A	1	9	0	0	0	0
1	95	A>T	1	11	13	16	0	0
1	96	C>G	1	23	9	30	0	0
1	97	A>G	1	0	8	0	0	22
1	98	G>A	1	0	11	0	0	0
1	99	T>A	1	13	10	22	0	0
1	100	T>G	1	0	16	0	0	20
1	101	G>C	1	11	0	0	30	0
1	102	C>T	1	7	0	0	0	0
1	103	A>T	1	20	15	22	0	0
1	104	C>A	1	0	0	0	0	0
1	105	A>C	1	13	13	15	0	0
1	106	C>A	1	9	0	0	0	0
1	107	A>G	1	0	0	0	0	0
1	108	C>T	1	0	0	0	0	0
1	109	G>A	1	0	0	0	0	0
1	110	T>C	1	18	15	20	0	0
1	111	A>T	1	0	14	0	0	23
1	112	A>C	1	25	13	34	0	0
1	113	A>G	1	7	0	0	0	0
1	114	A>C	1	13	12	28	0	0
1	115	C>A	1	0	9	0	0	0
1	116	C>A	1	32	30	0	59	45
1	117	T>C	1	0	18	0	0	0
1	118	G>C	1	14	7	22	0	0
1	119	A>G	1	0	0	0	0	0
1	120	A>G	1	6	0	0	0	0
1	121	C>A	1	37	46	35	44	46
1	122	A>T	1	49	58	58	69	50
1	123	T>C	1	29	51	36	50	52
1	124	G>C	1	56	41	0	44	52
1	125	A>G	1	20	13	32	0	0
1	126	A>G	1	10	0	0	0	0
1	127	G>T	1	0	10	0	0	27
1	128	A>C	1	0	12	0	0	0
1	129	G>T	1	0	0	0	0	0
1	130	G>C	1	0	24	0	0	0
1	131	C>A	1	8	0	0	0	0
1	132	C>T	1	7	0	0	33	0
1	133	C>A	1	0	0	0	0	0
1	134	A>T	1	12	9	26	0	0
1	135	T>A	1	0	0	0	0	0
1	136	A>C	1	0	13	0	0	0
1	137	G>T	1	35	15	0	50	54
1	138	A>G	1	10	0	0	0	0
1	139	C>T	1	0	14	0	0	0
1	140	T>A	1	0	0	0	0	0
1	141	A>C	1	9	0	0	0	0
1	142	C>A	1	0	20	0	0	0
1	143	G>A	1	37	31	0	47	43
1	144	G>C	1	0	9	0	0	22
1	145	C>A	1	60	28	31	40	52
1	146	A>T	1	0	20	0	0	0
1	147	C>A	1	28	22	0	65	47
1	148	T>G	1	14	17	32	0	0
1	149	C>G	1	0	0	0	0	0
1	150	G>T	1	23	9	20	0	0
1	151	A>C	1	0	10	0	0	0
1	152	G>T	1	13	0	0	0	0
1	153	A>C	1	0	19	0	0	0
1	154	G>A	1	13	0	0	0	0
1	155	T>G	1	9	0	0	32	0
1	156	T>G	1	0	0	0	0	0
1	157	T>G	1	0	13	0	0	0
1	158	G>A	1	19	18	24	0	0
1	159	A>T	1	0	0	0	0	28
1	160	T>G	1	0	12	0	0	25
1	161	C>T	1	0	10	0	0	0
1	162	T>C	1	10	10	21	0	0
1	163	T>A	1	0	12	0	0	0
1	164	C>A	1	61	49	27	52	46
1	165	G>C	1	44	41	24	51	45
1	166	C>A	1	0	0	0	0	0
1	167	C>A	1	0	16	0	0	0
1	168	G>T	1	50	39	26	43	49
1	169	A>C	1	0	0	0	0	0
1	170	T>G	1	0	17	0	0	0
1	171	T>C	1	0	8	0	0	0
1	172	C>T	1	30	16	0	61	36
1	173	A>C	1	0	15	0	0	0
1	174	C>T	1	0	14	21	0	0
1	175	G>C	1	36	31	0	58	53
1	176	A>T	1	36	27	0	47	48
1	177	T>C	1	0	0	0	0	0
1	178	C>G	1	0	0	0	0	0
1	179	C>T	1	0	8	0	0	0
1	180	G>C	1	0	0	0	0	0
1	181	C>T	1	0	11	22	0	0
1	182	C>G	1	10	0	0	0	0
1	183	T>G	1	14	16	21	0	0
1	184	A>T	1	0	0	0	0	0
1	185	G>C	1	11	0	0	0	0
1	186	A>C	1	0	0	0	0	0
1	187	T>A	1	0	0	0	0	0
1	188	T>C	1	0	14	0	0	30
1	189	T>C	1	37	46	27	42	49
1	190	C>T	1	0	19	0	0	23
1	191	T>G	1	14	11	23	0	0
1	192	T>G	1	55	52	26	48	63
1	193	A>G	1	0	0	0	0	0
1	194	T>G	1	0	0	0	0	0
1	195	G>C	1	0	0	0	0	0
1	196	C>A	1	11	0	0	0	0
1	197	A>T	1	0	0	0	0	0
1	198	C>A	1	29	39	0	41	45
1	199	T>A	1	0	10	25	0	0
1	200	T>A	1	0	13	0	0	0
1	201	C>G	1	0	12	0	0	0
1	202	G>T	1	0	0	0	0	0
1	203	G>A	1	7	0	0	0	0
1	204	T>G	1	0	0	0	0	0
1	205	C>T	1	24	13	32	0	0
1	206	C>T	1	0	10	0	27	0
1	207	G>A	1	0	11	0	0	0
1	208	G>T	1	0	11	0	0	28
1	209	C>T	1	0	19	0	0	0
1	210	A>G	1	0	0	0	0	0
1	211	T>G	1	34	33	0	54	45
1	212	A>G	1	0	0	0	0	0
1	213	A>C	1	0	0	0	0	0
1	214	T>A	1	15	0	0	0	0
1	215	A>T	1	0	17	27	0	0
1	216	G>A	1	0	0	0	0	0
1	217	C>T	1	0	14	0	0	0
1	218	T>G	1	40	28	0	49	54
1	219	C>A	1	0	11	0	0	0
1	220	T>A	1	0	16	0	0	20
1	221	A>C	1	56	53	53	66	34
1	222	C>A	1	0	10	0	0	0
1	223	C>A	1	0	22	0	0	0
1	224	G>T	1	9	17	26	0	0
1	225	C>G	1	32	36	0	61	45
1	226	C>A	1	44	21	0	58	75
1	227	C>T	1	7	0	0	20	0
1	228	A>T	1	32	50	27	57	37
1	229	T>G	1	0	19	0	18	0
1	230	A>C	1	18	18	25	0	0
1	231	G>A	1	15	10	20	0	0
1	232	C>G	1	38	20	0	42	46
1	233	C>T	1	43	30	33	50	58
1	234	A>T	1	0	0	0	0	0
1	235	G>C	1	44	23	26	53	50
1	236	T>C	1	8	0	0	30	0
1	237	C>T	1	0	0	0	0	0
1	238	T>G	1	16	12	21	0	0
1	239	A>T	1	48	48	26	49	49
1	240	T>G	1	0	0	0	0	0
1	241	C>T	1	9	0	0	0	0
1	242	G>C	1	0	0	0	0	0
1	243	T>C	1	14	20	22	0	0
1	244	T>A	1	7	0	0	0	0
1	245	A>C	1	0	9	0	0	0
1	246	C>G	1	45	29	0	55	48
1	247	T>G	1	0	15	0	0	0
1	248	T>C	1	0	0	0	0	0
1	249	A>G	1	0	0	0	0	0
1	250	C>A	1	0	17	27	0	0
1	251	G>C	1	0	20	0	0	0
1	252	A>C	1	11	0	0	0	0
1	253	G>A	1	14	0	0	0	0
1	254	G>T	1	30	15	29	0	0
1	255	A>C	1	0	0	0	0	0
1	256	C>G	1	0	0	0	0	0
1	257	G>T	1	44	41	23	54	59
1	258	A>T	1	23	30	0	46	42
1	259	A>C	1	10	0	0	0	0
1	260	A>T	1	0	10	0	0	0
1	261	C>T	1	25	29	0	45	44
1	262	G>A	1	0	0	0	0	0
1	263	G>C	1	0	0	0	0	0
1	264	A>G	1	0	8	0	0	22
1	265	C>G	1	19	10	23	0	0
1	266	C>A	1	0	0	0	0	21
1	267	T>G	1	19	11	21	0	0
1	268	C>T	1	11	12	26	0	0
1	269	C>G	1	0	0	0	0	0
1	270	T>C	1	10	0	0	33	0
1	271	A>T	1	0	0	0	0	0
1	272	G>T	1	0	0	0	0	0
1	273	T>G	1	0	16	0	0	0
1	274	C>G	1	0	0	0	0	0
1	275	A>C	1	36	26	0	50	65
1	276	A>C	1	0	0	0	0	0
1	277	A>T	1	31	31	0	41	53
1	278	A>T	1	0	10	0	0	0
1	279	C>G	1	0	22	0	0	20
1	280	C>G	1	29	27	0	45	57
1	281	C>T	1	0	0	0	0	24
1	282	G>C	1	0	10	0	0	0
1	283	C>A	1	58	36	20	59	46
1	284	A>G	1	0	13	0	0	0
1	285	A>T	1	0	14	26	0	0
1	286	G>A	1	13	0	0	0	0
1	287	A>G	1	0	11	0	0	0
1	288	A>T	1	0	8	0	0	19
1	289	A>T	1	37	35	21	47	51
1	290	G>T	1	15	13	33	0	0
1	291	C>T	1	40	39	0	48	41
1	292	A>G	1	0	0	0	0	0
1	293	T>A	1	18	11	18	0	0
1	294	G>T	1	0	0	0	0	0
1	295	C>A	1	10	0	0	0	0
1	296	G>T	1	0	0	0	0	0
1	297	C>G	1	7	0	0	25	0
1	298	T>G	1	0	9	0	0	0
1	299	C>A	1	30	22	0	45	49
