Chromosome	Position	Change	Gene	sample0	sample1	sample2	sample3	sample4
1	0	A>G	1	16	0	0	0	0
1	1	C>A	1	37	19	20	21	36
1	2	G>A	1	0	0	0	0	0
1	3	G>T	1	13	0	27	0	0
1	4	G>T	1	17	0	0	0	0
1	5	C>G	1	15	0	0	0	0
1	6	G>T	1	0	0	0	0	0
1	7	T>A	1	35	0	25	17	38
1	8	A>G	1	19	0	27	0	0
1	9	G>C	1	16	0	0	0	0
1	10	C>G	1	0	0	0	0	0
1	11	T>A	1	0	0	0	0	0
1	12	G>T	1	0	0	0	0	0
1	13	G>C	1	0	0	0	0	16
1	14	C>T	1	20	0	15	0	0
1	15	C>G	1	19	0	19	26	22
1	16	C>T	1	0	0	0	0	0
1	17	A>G	1	0	0	0	0	0
1	18	G>A	1	0	0	0	0	0
1	19	T>G	1	23	0	0	0	0
1	20	C>G	1	26	20	32	21	0
1	21	T>A	1	0	0	0	0	0
1	22	C>T	1	13	0	27	0	0
1	23	T>G	1	0	0	0	0	0
1	24	A>C	1	0	0	0	0	0
1	25	A>G	1	0	0	0	20	0
1	26	C>A	1	11	0	23	0	0
1	27	A>T	1	0	0	0	0	0
1	28	G>T	1	0	0	0	0	0
1	29	C>G	1	0	0	0	25	0
1	30	G>C	1	17	0	0	0	0
1	31	A>T	1	0	0	0	0	0
1	32	A>T	1	19	32	23	0	0
1	33	C>G	1	9	0	24	0	0
1	34	G>T	1	0	0	0	0	0
1	35	A>G	1	0	0	0	0	0
1	36	A>G	1	15	0	0	0	0
1	37	G>C	1	0	0	0	0	0
1	38	G>T	1	16	0	24	0	0
1	39	C>G	1	0	0	0	28	0
1	40	C>G	1	10	0	25	0	0
1	41	T>G	1	0	0	0	0	0
1	42	C>T	1	18	0	29	0	0
1	43	G>C	1	14	0	21	0	0
1	44	G>T	1	0	0	0	0	0
1	45	G>C	1	0	0	0	0	0
1	46	G>T	1	26	0	21	11	28
1	47	A>T	1	16	0	20	0	0
1	48	A>C	1	0	0	0	0	0
1	49	A>C	1	15	31	25	30	0
1	50	G>A	1	0	0	0	18	0
1	51	T>G	1	12	0	0	0	0
1	52	C>A	1	0	0	0	0	0
1	53	A>G	1	19	0	19	0	0
1	54	A>G	1	16	0	21	0	0
1	55	A>G	1	0	0	0	0	0
1	56	C>A	1	0	0	0	0	0
1	57	C>G	1	0	0	0	0	0
1	58	T>G	1	0	0	0	0	0
1	59	G>C	1	0	0	0	0	0
1	60	T>C	1	22	0	17	0	0
1	61	C>G	1	0	0	0	29	0
1	62	A>C	1	0	0	0	0	0
1	63	A>G	1	0	0	0	0	17
1	64	T>G	1	0	0	0	0	0
1	65	G>A	1	24	0	25	22	31
1	66	A>C	1	22	0	19	0	0
1	67	A>T	1	43	57	46	59	61
1	68	A>C	1	13	0	0	0	0
1	69	T>A	1	14	0	26	0	0
1	70	G>C	1	0	0	23	0	0
1	71	G>C	1	9	0	23	0	0
1	72	T>C	1	0	0	0	24	0
1	73	A>G	1	15	0	18	0	0
1	74	T>G	1	12	0	0	0	0
1	75	A>G	1	0	0	0	0	0
1	76	A>T	1	0	0	0	0	0
1	77	C>T	1	0	0	0	0	0
1	78	T>G	1	0	0	0	0	13
1	79	G>C	1	0	0	0	0	0
1	80	C>G	1	18	0	0	0	0
1	81	C>A	1	14	0	22	0	0
1	82	A>T	1	0	0	0	0	0
1	83	C>A	1	8	0	24	0	0
1	84	A>T	1	15	0	0	0	0
1	85	A>T	1	24	0	0	0	0
1	86	G>T	1	23	0	26	0	0
1	87	G>C	1	0	0	0	0	0
1	88	A>C	1	0	0	0	0	0
1	89	T>A	1	0	0	0	0	0
1	90	A>G	1	0	0	0	24	0
1	91	T>A	1	18	0	20	0	0
1	92	G>C	1	33	12	10	30	33
1	93	C>G	1	0	0	0	0	0
1	94	A>C	1	0	0	0	0	0
1	95	C>T	1	15	0	19	0	0
1	96	G>A	1	0	0	0	0	0
1	97	G>A	1	0	0	0	0	0
1	98	T>C	1	0	0	0	0	15
1	99	T>C	1	35	20	25	32	47
1	100	G>T	1	30	0	31	27	37
1	101	C>G	1	29	0	28	20	31
1	102	A>C	1	0	0	0	0	0
1	103	C>T	1	0	0	0	0	0
1	104	G>C	1	13	0	0	0	0
1	105	A>T	1	0	0	23	0	0
1	106	C>A	1	0	0	0	0	0
1	107	C>T	1	0	0	0	0	0
1	108	G>A	1	19	0	0	0	0
1	109	T>G	1	14	0	0	0	0
1	110	G>C	1	12	0	0	0	0
1	111	T>A	1	12	0	0	0	0
1	112	T>C	1	15	0	0	0	0
1	113	G>T	1	0	0	0	0	0
1	114	A>C	1	0	0	0	0	0
1	115	C>T	1	13	0	23	0	0
1	116	C>G	1	23	0	14	0	0
1	117	T>A	1	17	0	0	0	0
1	118	A>T	1	17	29	19	26	0
1	119	G>A	1	0	0	0	0	0
1	120	G>C	1	16	0	22	0	0
1	121	G>T	1	17	0	26	0	0
1	122	A>T	1	0	0	0	15	0
1	123	T>G	1	15	0	21	0	0
1	124	A>G	1	0	0	0	0	0
1	125	A>T	1	0	0	0	0	0
1	126	C>G	1	21	0	30	0	0
1	127	C>T	1	0	0	0	0	0
1	128	G>C	1	0	0	0	0	0
1	129	G>A	1	14	0	34	0	0
1	130	T>C	1	0	0	0	0	0
1	131	C>G	1	0	0	0	0	0
1	132	T>C	1	0	0	0	0	0
1	133	A>C	1	13	0	21	0	0
1	134	T>A	1	0	0	0	0	0
1	135	G>A	1	22	0	29	0	0
1	136	G>T	1	0	0	0	0	0
1	137	C>T	1	0	0	0	0	0
1	138	G>A	1	0	0	0	0	0
1	139	G>T	1	0	0	0	0	0
1	140	C>G	1	0	0	0	0	0
1	141	G>C	1	0	0	0	0	0
1	142	C>T	1	18	0	0	0	0
1	143	C>A	1	0	0	0	0	0
1	144	T>G	1	20	0	21	0	0
1	145	T>G	1	0	0	0	0	0
1	146	G>T	1	0	0	0	0	32
1	147	G>C	1	18	0	21	0	0
1	148	A>T	1	0	0	0	0	0
1	149	T>C	1	0	0	0	0	0
1	150	A>G	1	30	18	17	18	44
1	151	C>T	1	0	0	0	0	0
1	152	G>A	1	0	0	0	0	0
1	153	C>T	1	0	0	0	0	0
1	154	A>G	1	0	0	0	0	0
1	155	G>C	1	37	17	31	20	51
1	156	C>A	1	18	0	0	0	0
1	157	C>T	1	12	0	23	0	0
1	158	T>G	1	0	0	0	0	0
1	159	A>T	1	0	0	0	0	0
1	160	C>G	1	0	0	0	0	0
1	161	C>G	1	0	0	0	19	0
1	162	T>C	1	13	0	24	0	0
1	163	C>A	1	17	0	0	0	0
1	164	G>C	1	17	0	24	0	0
1	165	G>C	1	0	0	0	19	0
1	166	T>A	1	17	0	26	0	0
1	167	T>A	1	0	0	0	0	0
1	168	A>T	1	10	0	25	0	0
1	169	A>G	1	0	0	0	0	0
1	170	A>G	1	21	0	0	0	0
1	171	C>T	1	14	33	32	0	0
1	172	C>A	1	0	0	0	0	23
1	173	A>C	1	14	0	0	0	0
1	174	T>G	1	19	0	16	0	0
1	175	A>G	1	12	0	12	0	0
1	176	C>A	1	0	0	0	22	0
1	177	T>C	1	22	0	0	0	0
1	178	T>C	1	18	0	0	0	0
1	179	T>C	1	0	0	0	21	0
1	180	T>G	1	14	0	0	0	0
1	181	A>G	1	14	0	16	0	0
1	182	A>C	1	0	0	0	24	0
1	183	C>A	1	10	0	33	0	0
1	184	T>C	1	0	0	0	0	0
1	185	G>C	1	23	20	22	33	56
1	186	G>T	1	0	0	0	0	0
1	187	G>T	1	0	0	0	0	35
1	188	G>T	1	0	0	0	0	0
1	189	T>G	1	0	0	0	0	0
1	190	C>T	1	0	0	0	0	0
1	191	T>C	1	18	26	22	0	0
1	192	G>T	1	0	0	0	0	0
1	193	A>G	1	0	0	0	0	0
1	194	T>C	1	0	0	0	0	0
1	195	A>T	1	15	0	29	0	0
1	196	A>G	1	13	0	27	0	0
1	197	T>C	1	0	0	0	0	0
1	198	C>A	1	0	0	0	0	0
1	199	G>A	1	15	0	21	0	0
1	200	T>A	1	0	0	0	0	0
1	201	G>A	1	0	0	0	0	0
1	202	A>G	1	0	0	0	0	0
1	203	G>C	1	0	0	0	0	0
1	204	G>T	1	0	0	0	19	0
1	205	C>G	1	11	0	24	0	0
1	206	T>C	1	0	0	0	0	0
1	207	A>C	1	11	0	24	0	0
1	208	G>T	1	0	0	0	0	0
1	209	T>A	1	0	0	0	0	0
1	210	A>T	1	0	0	0	0	0
1	211	T>C	1	0	0	0	0	0
1	212	T>G	1	13	0	25	0	0
1	213	C>T	1	0	0	0	0	0
1	214	G>C	1	0	0	0	0	0
1	215	C>A	1	16	0	22	0	0
1	216	G>A	1	18	0	0	0	0
1	217	G>A	1	0	0	0	0	0
1	218	T>A	1	0	0	0	0	0
1	219	G>C	1	0	0	0	0	0
1	220	G>C	1	0	0	0	0	0
1	221	C>G	1	0	0	0	0	0
1	222	G>T	1	0	0	0	0	0
1	223	A>G	1	0	0	0	0	0
1	224	A>G	1	8	0	24	0	0
1	225	C>T	1	0	0	0	0	0
1	226	T>C	1	0	0	0	0	0
1	227	C>G	1	15	0	25	0	0
1	228	A>G	1	23	0	19	0	0
1	229	A>G	1	0	0	0	0	0
1	230	G>C	1	7	0	26	0	0
1	231	C>G	1	10	0	24	0	0
1	232	G>T	1	40	19	27	31	39
1	233	T>A	1	0	0	0	0	0
1	234	C>G	1	12	0	18	0	0
1	235	T>C	1	18	0	26	0	0
1	236	T>C	1	0	0	0	0	0
1	237	G>A	1	0	0	0	0	0
1	238	C>G	1	0	0	0	0	0
1	239	T>A	1	0	0	0	0	0
1	240	A>G	1	0	0	0	0	0
1	241	C>G	1	10	0	0	0	0
1	242	C>G	1	18	0	19	0	0
1	243	T>A	1	0	0	0	0	0
1	244	G>T	1	13	0	27	0	0
1	245	A>T	1	0	0	0	0	0
1	246	C>G	1	11	0	0	0	0
1	247	A>T	1	17	0	29	0	0
1	248	G>T	1	0	0	0	0	0
1	249	T>A	1	13	0	25	0	0
1	250	C>G	1	13	0	21	0	0
1	251	G>T	1	16	0	25	0	0
1	252	T>G	1	0	0	0	0	0
1	253	G>C	1	16	0	0	0	0
1	254	A>T	1	20	0	15	0	0
1	255	C>A	1	0	0	0	0	0
1	256	C>G	1	0	0	0	0	0
1	257	G>C	1	0	0	0	0	0
1	258	T>G	1	8	0	0	0	0
1	259	C>G	1	0	0	0	0	0
1	260	T>G	1	0	0	0	0	0
1	261	T>A	1	19	29	32	22	0
1	262	G>C	1	16	0	19	0	0
1	263	A>T	1	0	0	0	0	0
1	264	G>T	1	11	0	0	0	0
1	265	A>C	1	0	0	0	0	0
1	266	A>T	1	9	0	22	0	0
1	267	T>A	1	12	0	0	0	0
1	268	A>T	1	36	0	23	38	32
1	269	C>G	1	0	0	0	0	19
1	270	T>A	1	0	0	0	0	0
1	271	G>A	1	12	0	0	0	0
1	272	T>C	1	9	0	28	0	0
1	273	T>C	1	0	0	0	0	0
1	274	G>C	1	15	0	28	0	0
1	275	A>G	1	0	0	0	0	0
1	276	G>A	1	0	0	0	0	0
1	277	T>A	1	25	21	32	0	0
1	278	G>A	1	11	0	0	0	0
1	279	A>C	1	0	0	0	0	0
1	280	G>A	1	22	25	25	20	0
1	281	C>G	1	30	17	26	23	63
1	282	A>T	1	25	13	21	31	42
1	283	G>C	1	14	22	15	0	0
1	284	C>T	1	0	0	0	0	0
1	285	A>G	1	0	0	0	0	0
1	286	G>A	1	0	0	0	0	0
1	287	C>A	1	27	17	28	0	0
1	288	T>A	1	16	0	22	0	0
1	289	A>C	1	0	0	0	0	0
1	290	A>G	1	0	0	0	0	0
1	291	A>G	1	0	0	0	0	0
1	292	A>T	1	12	0	22	0	0
1	293	G>C	1	0	0	0	0	0
1	294	A>G	1	0	0	0	25	0
1	295	T>C	1	15	0	34	0	0
1	296	T>G	1	0	0	0	0	0
1	297	A>T	1	12	0	0	0	0
1	298	G>C	1	0	0	0	0	0
1	299	G>T	1	12	0	16	0	0
