#chr	position	description	normal	sample0	sample1	sample2	sample3	sample4
1	1	1	0	0.0	0.168494516451	0.0	0.0	0.0
2	1	1	0	0.0	0.0	0.138351983723	0.146825396825	0.0
3	1	1	0	0.217516843118	0.197507190796	0.140232108317	0.207492795389	0.176470588235
4	1	1	0	0.0	0.182010582011	0.100597609562	0.125888324873	0.115463917526
5	1	1	0	0.0	0.168650793651	0.0	0.0	0.0
6	1	1	0	0.0	0.185258964143	0.0	0.0	0.0
7	1	1	0	0.0	0.0	0.106318956871	0.153696498054	0.0
8	1	1	0	0.0	0.176646706587	0.0	0.0	0.0
9	1	1	0	0.0	0.159769008662	0.0	0.0	0.0
10	1	1	0	0.0	0.184475806452	0.0	0.0	0.0
11	1	1	0	0.120754716981	0.0	0.118407960199	0.17148554337	0.100712105799
12	1	1	0	0.190763052209	0.182634730539	0.158480074143	0.214916584887	0.195357833656
13	1	1	0	0.0	0.190618762475	0.0996055226824	0.121057985758	0.0978372811535
14	1	1	0	0.203125	0.183734939759	0.157232704403	0.178642714571	0.160555004955
15	1	1	0	0.0	0.188968335036	0.0840664711632	0.141199226306	0.100798403194
16	1	1	0	0.22628458498	0.214504596527	0.128352490421	0.188571428571	0.161939615737
17	1	1	0	0.0	0.174869109948	0.0	0.0	0.0
18	1	1	0	0.0	0.0	0.138351983723	0.152462121212	0.0
19	1	1	0	0.105633802817	0.0	0.113052415211	0.173292558614	0.0834160873883
20	1	1	0	0.199395770393	0.178787878788	0.165354330709	0.210420841683	0.179162609542
21	1	1	0	0.0	0.177957532861	0.0	0.0	0.0
22	1	1	0	0.0	0.179899497487	0.0	0.0	0.0
23	1	1	0	0.0	0.0	0.0	0.0	0.0
24	1	1	0	0.210688591984	0.225365853659	0.144542772861	0.197228144989	0.158549222798
25	1	1	0	0.209117938553	0.185909980431	0.129724208376	0.207156308851	0.184158415842
26	1	1	0	0.213582677165	0.199182839632	0.138693467337	0.196118488253	0.163076923077
27	1	1	0	0.241617357002	0.208757637475	0.1585728444	0.205913410771	0.161321671526
28	1	1	0	0.205153617443	0.196116504854	0.149	0.174348697395	0.166507177033
29	1	1	0	0.230616302187	0.188378631678	0.146825396825	0.191658391261	0.165200391007
30	1	1	0	0.0	0.118320610687	0.0	0.0	0.123949579832
31	1	1	0	0.205714285714	0.175991861648	0.154819863681	0.213640922768	0.168214654283
32	1	1	0	0.0	0.0	0.0	0.0	0.0
33	1	1	0	0.183852140078	0.189378757515	0.147087857848	0.192734611504	0.15376984127
34	1	1	0	0.0	0.137373737374	0.0	0.0	0.11619047619
35	1	1	0	0.19341563786	0.150495049505	0.146240988671	0.238143289606	0.174950298211
36	1	1	0	0.0	0.176100628931	0.105113636364	0.126283367556	0.119094488189
37	1	1	0	0.0	0.171656686627	0.0919305413687	0.134969325153	0.0952839268527
38	1	1	0	0.20785440613	0.21664994985	0.167311411992	0.212182741117	0.160312805474
39	1	1	0	0.0	0.179732313576	0.106031128405	0.142288557214	0.108823529412
40	1	1	0	0.0	0.182452642074	0.0	0.0	0.0
41	1	1	0	0.376525821596	0.279	0.268774703557	0.188811188811	0.264907135875
42	1	1	0	0.373072970195	0.309375	0.275862068966	0.2119140625	0.263405456256
43	1	1	0	0.0	0.190428713858	0.0	0.0	0.0
44	1	1	0	0.0	0.172690763052	0.0	0.0	0.0
45	1	1	0	0.209580838323	0.206638115632	0.162276080084	0.217008797654	0.182452642074
46	1	1	0	0.0	0.190706679574	0.109631147541	0.120622568093	0.109902067465
47	1	1	0	0.0	0.206470028544	0.0	0.0	0.0
48	1	1	0	0.203174603175	0.17868338558	0.159021406728	0.197710718002	0.181990521327
49	1	1	0	0.129647283127	0.0	0.124505928854	0.17903066271	0.0913757700205
50	1	1	0	0.0	0.0	0.0	0.0	0.0
51	1	1	0	0.0	0.185714285714	0.115345005149	0.161646586345	0.105825242718
52	1	1	0	0.0	0.17743490839	0.0924796747967	0.12270531401	0.10243902439
53	1	1	0	0.0	0.0	0.0	0.0	0.0
54	1	1	0	0.191425722832	0.180839612487	0.145208131655	0.204453441296	0.172447968285
55	1	1	0	0.212598425197	0.167346938776	0.15014720314	0.213438735178	0.176237623762
56	1	1	0	0.204331450094	0.2	0.153846153846	0.205438066465	0.189243027888
57	1	1	0	0.0	0.189300411523	0.0	0.0	0.0
58	1	1	0	0.0	0.0	0.0	0.0	0.0
59	1	1	0	0.205479452055	0.17819706499	0.146316851665	0.200202224469	0.176352705411
60	1	1	0	0.0	0.209645669291	0.110056925996	0.110435663627	0.0964360587002
61	1	1	0	0.376663254862	0.326262626263	0.281899109792	0.232232232232	0.296829971182
62	1	1	0	0.0	0.182174338883	0.101344364012	0.123975409836	0.111332007952
63	1	1	0	0.223938223938	0.180625630676	0.159434914228	0.177514792899	0.170128585559
64	1	1	0	0.212182741117	0.214081826832	0.143718592965	0.208333333333	0.184600197433
65	1	1	0	0.0	0.0	0.0	0.0	0.0
66	1	1	0	0.0	0.194897959184	0.0949050949051	0.121782178218	0.123629112662
67	1	1	0	0.0	0.0	0.0	0.0	0.0
68	1	1	0	0.0	0.0	0.136778115502	0.158148505304	0.0
69	1	1	0	0.208376963351	0.185294117647	0.155405405405	0.213450292398	0.170511534604
70	1	1	0	0.193482688391	0.184865900383	0.161478599222	0.189602446483	0.156435643564
71	1	1	0	0.0	0.191364082434	0.0972515856237	0.124102564103	0.0986775178026
72	1	1	0	0.0	0.170068027211	0.0	0.0	0.0
73	1	1	0	0.0	0.0	0.0	0.0	0.0
74	1	1	0	0.0	0.161094224924	0.101814516129	0.140859140859	0.103174603175
75	1	1	0	0.196803196803	0.167192429022	0.148893360161	0.205383848455	0.15980861244
76	1	1	0	0.0	0.118421052632	0.0	0.0	0.119047619048
77	1	1	0	0.0	0.0	0.0	0.0	0.0
78	1	1	0	0.0	0.0	0.107948969578	0.175803402647	0.0
79	1	1	0	0.12426035503	0.0	0.126804123711	0.167185877466	0.0928641251222
80	1	1	0	0.205794205794	0.205128205128	0.15181194907	0.211143695015	0.183317167798
81	1	1	0	0.0	0.191148775895	0.0884030418251	0.126937984496	0.102941176471
82	1	1	0	0.233644859813	0.17277992278	0.161060142712	0.21618852459	0.185294117647
83	1	1	0	0.0	0.178677196446	0.0	0.0	0.0
84	1	1	0	0.212935323383	0.20260782347	0.144259077527	0.20703125	0.169363538296
85	1	1	0	0.24055666004	0.179408766565	0.152475247525	0.211440245148	0.174174174174
86	1	1	0	0.103515625	0.0	0.116596638655	0.174846625767	0.106471816284
87	1	1	0	0.0	0.190378710338	0.0	0.0	0.0
88	1	1	0	0.179883945841	0.170476190476	0.152560083595	0.192857142857	0.175
89	1	1	0	0.221778221778	0.178350515464	0.162244897959	0.195536663124	0.161081081081
90	1	1	0	0.213612565445	0.183632734531	0.144016227181	0.207960199005	0.169811320755
91	1	1	0	0.0	0.0	0.129237288136	0.202169625247	0.0
92	1	1	0	0.221032132425	0.210884353741	0.150406504065	0.198224852071	0.172032193159
93	1	1	0	0.205823293173	0.191603875135	0.164989939638	0.220487804878	0.173116089613
94	1	1	0	0.0	0.176829268293	0.0898550724638	0.140845070423	0.103696098563
95	1	1	0	0.122926829268	0.0	0.119312436805	0.162109375	0.0846456692913
96	1	1	0	0.0	0.192651439921	0.0	0.0	0.0
97	1	1	0	0.0	0.0	0.0	0.0	0.0
98	1	1	0	0.220739219713	0.191382765531	0.152492668622	0.213359920239	0.185297079557
99	1	1	0	0.0	0.0	0.133202742409	0.165029469548	0.0
100	1	1	0	0.0	0.0	0.0	0.0	0.0
