Chromosome	Position	Change	Gene	sample0	sample1	sample2	sample3	sample4
1	0	A>T	1	990	1017	1004	1013	1011
1	1	C>T	1	1009	970	990	1005	1023
1	2	C>G	1	946	1057	1002	1038	1024
1	3	G>T	1	991	1000	1024	1006	984
1	4	G>T	1	981	1035	959	995	987
1	5	G>A	1	982	1097	974	1036	1003
1	6	T>A	1	964	1053	994	1080	972
1	7	G>C	1	1000	1045	1021	977	943
1	8	G>A	1	1002	947	999	1027	1025
1	9	G>C	1	1008	952	956	1054	1015
1	10	A>C	1	987	1007	1004	1009	1041
1	11	T>C	1	1008	973	965	1035	1052
1	12	A>G	1	1020	983	994	1040	1049
1	13	C>A	1	1030	1014	1069	999	960
1	14	T>A	1	1019	1007	988	1039	1019
1	15	C>G	1	1075	957	1021	1048	1005
1	16	T>A	1	984	998	994	1013	1023
1	17	A>G	1	1016	1009	991	999	1030
1	18	C>A	1	1027	1032	1010	1037	1051
1	19	A>T	1	1019	1045	1028	1033	983
1	20	C>G	1	992	1067	990	996	1001
1	21	C>G	1	987	1002	1034	911	966
1	22	A>C	1	949	964	1048	943	1027
1	23	G>A	1	1045	971	1050	997	966
1	24	A>G	1	1045	995	1021	1006	986
1	25	C>A	1	984	1033	1049	1009	950
1	26	C>G	1	997	967	981	999	964
1	27	A>T	1	1032	1028	995	1028	1046
1	28	T>C	1	1001	1012	969	1009	1025
1	29	T>G	1	1011	1059	976	969	1001
1	30	A>T	1	1051	962	1027	989	971
1	31	C>T	1	969	943	980	1009	1020
1	32	A>G	1	1026	1003	1011	943	976
1	33	T>A	1	1021	959	990	990	985
1	34	G>A	1	1028	1026	985	1019	987
1	35	G>C	1	989	1011	998	990	992
1	36	C>A	1	1020	1010	1002	989	996
1	37	C>G	1	1028	994	1007	999	955
1	38	T>A	1	968	1017	1012	1009	982
1	39	G>A	1	986	1001	953	1041	979
1	40	A>G	1	1020	985	994	965	1005
1	41	C>A	1	1041	971	958	1020	956
1	42	G>A	1	990	1008	984	1049	1019
1	43	T>C	1	1050	1060	1056	998	1002
1	44	G>C	1	964	977	1023	991	961
1	45	A>T	1	977	1025	1012	985	963
1	46	T>C	1	994	1014	1045	990	950
1	47	C>A	1	1035	1058	1003	1048	920
1	48	C>A	1	999	1033	979	982	962
1	49	G>T	1	996	1022	975	1052	1006
1	50	A>C	1	1007	1056	1007	968	1017
1	51	T>A	1	997	984	1010	1016	959
1	52	G>T	1	991	995	939	993	1017
1	53	G>C	1	993	1028	981	944	981
1	54	G>A	1	958	986	1018	1052	999
1	55	T>C	1	1005	988	971	966	1046
1	56	G>C	1	942	1040	975	968	1014
1	57	A>T	1	975	1039	1011	990	1020
1	58	A>G	1	992	1023	1032	996	1025
1	59	T>G	1	1010	953	1041	1057	1031
1	60	C>G	1	1035	1010	1031	1050	975
1	61	T>C	1	945	971	1023	1026	1010
1	62	A>C	1	956	961	1036	1023	985
1	63	G>A	1	1006	1043	1000	968	977
1	64	C>A	1	1003	1035	1008	1040	1071
1	65	T>C	1	1007	1008	982	1010	1011
1	66	C>G	1	1033	950	1025	999	1010
1	67	T>G	1	1057	962	1032	972	995
1	68	T>G	1	941	930	996	974	1038
1	69	A>G	1	977	968	935	1031	960
1	70	C>G	1	1014	1029	967	968	1008
1	71	G>C	1	980	984	1044	951	1022
1	72	A>G	1	1003	1007	1019	986	991
1	73	A>T	1	1021	1036	989	1063	995
1	74	G>T	1	1014	926	1047	987	998
1	75	C>T	1	1019	967	936	1023	987
1	76	A>C	1	1025	1066	920	1024	1019
1	77	A>G	1	1021	1021	981	969	917
1	78	C>G	1	1023	1038	1033	1064	994
1	79	A>T	1	1000	1091	1000	1004	992
1	80	G>C	1	1019	1045	961	946	995
1	81	T>C	1	961	958	1021	1028	1016
1	82	G>A	1	980	976	1054	1008	1010
1	83	T>A	1	995	960	1020	1008	1012
1	84	A>T	1	1027	955	971	1028	1008
1	85	T>A	1	1012	1010	1015	1016	1060
1	86	C>T	1	977	938	991	977	1043
1	87	C>T	1	986	1088	969	1027	964
1	88	G>T	1	986	958	911	1046	1061
1	89	T>A	1	978	983	1033	993	1038
1	90	T>C	1	1063	1010	959	982	1010
1	91	A>T	1	1010	1013	984	935	1043
1	92	C>A	1	1033	969	996	1026	988
1	93	A>T	1	1001	1030	1034	1008	940
1	94	A>T	1	1016	1053	1022	992	985
1	95	T>C	1	995	975	1001	1022	992
1	96	G>A	1	994	1019	993	980	969
1	97	G>C	1	1006	947	975	994	1045
1	98	C>T	1	1031	1010	1057	1029	979
1	99	C>G	1	954	1076	950	1002	1005
