Chromosome	Position	Change	Gene	sample0	sample1	sample2	sample3	sample4
1	0	G>A	1	9966	10079	10038	9967	10055
1	1	A>T	1	9894	10029	9873	9923	9914
1	2	C>T	1	10123	9908	10055	9986	10056
1	3	G>C	1	10054	9986	9958	10023	9941
1	4	C>G	1	9855	10141	10105	10043	9969
1	5	G>A	1	9951	9824	10047	9966	10118
1	6	A>C	1	10115	10117	9904	10127	10055
1	7	A>C	1	10160	9957	9981	10162	9960
1	8	T>G	1	10068	10016	9945	10228	9935
1	9	G>A	1	9966	9981	10040	10196	10163
1	10	T>G	1	9907	10003	9938	9894	10103
1	11	T>C	1	10011	9893	9955	9924	9980
1	12	T>A	1	9905	10094	10065	10000	9831
1	13	T>G	1	9921	9872	10047	9951	9980
1	14	C>T	1	9837	10156	9938	10073	10067
1	15	G>A	1	10219	10048	9863	9941	9918
1	16	G>C	1	10126	10096	9924	9936	9963
1	17	T>A	1	10012	10112	10146	9884	10184
1	18	T>G	1	10072	10151	10064	10039	9986
1	19	C>T	1	10041	9974	10024	10060	10084
1	20	C>T	1	10052	10024	9944	9942	10059
1	21	A>T	1	10052	9966	10070	10069	10055
1	22	T>A	1	9927	10102	9925	9946	9917
1	23	A>G	1	10081	10107	10081	9941	9996
1	24	A>G	1	10072	10003	10005	10122	9863
1	25	G>T	1	10069	9938	10059	10056	10052
1	26	T>C	1	10068	9990	9967	10060	9910
1	27	A>C	1	10204	10184	10027	9914	10024
1	28	A>C	1	10094	10031	10129	10159	10089
1	29	G>C	1	9855	10045	9997	9961	9946
1	30	T>C	1	9929	10058	10063	10027	10110
1	31	C>A	1	10111	10084	9937	9999	10091
1	32	C>G	1	10214	10159	9942	10058	10027
1	33	C>A	1	10016	10016	9963	9888	9824
1	34	A>G	1	9822	9945	10052	9887	9818
1	35	C>T	1	10054	9867	9949	10032	10029
1	36	C>A	1	10139	10008	10075	9929	10005
1	37	A>T	1	9851	10142	9929	10118	10127
1	38	T>G	1	9938	10105	9855	9994	9866
1	39	T>G	1	9839	9955	10091	10029	10011
1	40	C>G	1	10024	10023	9871	9993	9965
1	41	C>A	1	10028	10143	10040	10123	10081
1	42	A>T	1	10174	9932	10010	10053	10052
1	43	G>A	1	9952	10003	9980	9943	10067
1	44	T>A	1	10006	9936	9838	10026	9956
1	45	G>A	1	9800	10057	9925	10100	9947
1	46	G>C	1	9883	10082	9986	10108	9928
1	47	C>T	1	9971	10000	9917	10112	9960
1	48	A>T	1	10087	10036	10026	10134	9908
1	49	T>A	1	10044	10093	10071	10086	9982
1	50	T>C	1	9878	9914	10016	10046	10090
1	51	A>G	1	10060	9874	9940	9904	9965
1	52	C>T	1	9968	9931	9945	10039	9947
1	53	C>G	1	9872	10013	9911	9931	9987
1	54	A>T	1	9926	10052	9915	9761	10037
1	55	G>T	1	10001	9968	10081	10110	9905
1	56	G>T	1	9931	9922	10075	9813	9905
1	57	A>G	1	9876	10110	9876	10041	10004
1	58	T>G	1	10096	9955	10009	9711	9836
1	59	G>T	1	10036	9895	9983	10038	9888
1	60	C>A	1	9998	10063	10060	9891	10000
1	61	A>G	1	9903	9956	10172	9947	10074
1	62	G>C	1	9930	10181	10091	9993	9986
1	63	A>C	1	10030	9883	9954	10054	10039
1	64	C>G	1	10044	9702	10032	10068	10047
1	65	C>T	1	10112	9982	10118	9953	9894
1	66	G>A	1	9959	10031	10127	9694	9836
1	67	A>T	1	10062	9992	10046	10224	9788
1	68	C>G	1	10019	10103	9940	10041	9909
1	69	C>A	1	9935	9989	9820	10074	10093
1	70	G>T	1	10091	10057	10051	10105	10020
1	71	A>C	1	9914	9796	9997	9999	9938
1	72	A>G	1	9980	10044	10103	9976	9999
1	73	C>A	1	9887	9829	9918	10065	9983
1	74	C>G	1	9960	10162	9979	10025	9865
1	75	G>C	1	9928	9864	9930	10149	10132
1	76	A>G	1	9943	10084	9861	9895	9876
1	77	T>A	1	9939	9946	9934	10099	10046
1	78	G>A	1	9966	10014	9840	9928	9908
1	79	T>A	1	10302	10091	10098	9868	9960
1	80	C>T	1	9832	10007	10064	10007	9814
1	81	A>G	1	10051	10037	9843	9890	10062
1	82	G>T	1	9861	10039	9924	9941	9935
1	83	A>C	1	9952	9966	10001	9747	9906
1	84	G>A	1	10224	10094	10035	9907	9890
1	85	C>T	1	9906	9951	10106	9929	10079
1	86	G>T	1	9932	10014	9988	9937	10024
1	87	C>A	1	10053	10132	9795	10028	10007
1	88	C>A	1	9887	9831	10080	10054	10043
1	89	G>A	1	9956	9877	10252	10223	9850
1	90	T>A	1	9899	10036	10152	9983	9827
1	91	A>T	1	9898	10000	10000	9910	9986
1	92	A>T	1	10003	9860	10086	10184	9977
1	93	C>G	1	10167	9817	9969	10320	9946
1	94	G>C	1	9880	10085	10014	9969	10175
1	95	G>T	1	10014	10020	9780	10008	10086
1	96	T>A	1	9879	10167	9945	10026	9865
1	97	G>A	1	10063	10095	9893	9898	10018
1	98	G>C	1	9969	10114	10032	10008	10068
1	99	G>A	1	9919	10031	9956	9909	10169
