Chromosome	Position	Change	Gene	sample0	sample1	sample2	sample3	sample4
1	0	G>T	1	9994	9986	10023	10011	10092
1	1	C>T	1	10171	10032	10017	9907	10220
1	2	A>T	1	10009	9886	9950	9915	9991
1	3	A>G	1	9983	9934	10048	9909	9912
1	4	T>G	1	9985	9893	10072	10001	10019
1	5	C>T	1	9996	10024	9955	10065	9957
1	6	T>G	1	10050	10163	9969	9891	9915
1	7	C>T	1	10058	10111	9955	9955	9968
1	8	T>A	1	10071	10001	10113	9851	10014
1	9	T>G	1	10150	10062	9973	10056	9993
1	10	C>A	1	9952	10110	9875	9973	9792
1	11	A>G	1	10082	9897	9931	10005	9853
1	12	G>T	1	9980	9813	9967	10013	10014
1	13	C>G	1	9979	10181	10259	9995	9867
1	14	A>C	1	10077	10000	9824	9938	10036
1	15	A>C	1	9802	10074	10022	9999	10244
1	16	G>C	1	9985	9941	9956	10163	10008
1	17	G>T	1	10002	10035	9990	9844	9923
1	18	T>C	1	10069	10084	9945	9916	9846
1	19	C>A	1	10055	9984	10002	9978	9937
1	20	G>A	1	9976	9986	9983	10141	10038
1	21	C>A	1	9929	9796	9748	9807	9895
1	22	T>A	1	10033	10067	9831	10006	10095
1	23	C>T	1	10058	9926	9771	9926	9910
1	24	T>A	1	9996	10020	9966	9927	10131
1	25	T>C	1	10021	9966	9970	10043	9988
1	26	A>C	1	10162	9935	9954	10014	10104
1	27	C>T	1	9858	9877	10024	10101	9902
1	28	T>A	1	9988	9931	9994	9893	9901
1	29	A>T	1	9971	10109	10057	9895	10113
1	30	G>C	1	9903	9990	9942	10030	9984
1	31	T>G	1	9993	9974	9832	10100	10101
1	32	G>C	1	10077	10098	10075	10203	10088
1	33	G>A	1	9795	10020	10049	10037	9955
1	34	G>A	1	10101	9700	10061	10004	9932
1	35	C>T	1	9909	10351	9890	9965	9869
1	36	G>A	1	9809	10095	10240	10082	10093
1	37	T>A	1	10043	10172	10094	9952	10187
1	38	G>T	1	9876	10085	9983	10033	10055
1	39	G>C	1	10285	10063	9886	10097	10100
1	40	T>C	1	9998	10042	10124	10035	10003
1	41	C>A	1	9987	10043	10015	9822	10119
1	42	G>C	1	10048	9971	9999	10085	9920
1	43	A>T	1	9904	10015	9963	9960	9907
1	44	T>G	1	10015	9943	9830	9933	10073
1	45	G>A	1	10100	10117	9977	10073	10234
1	46	G>A	1	9915	10146	9814	10078	10113
1	47	C>A	1	9864	9938	10164	10144	10074
1	48	C>G	1	9925	10137	9958	9956	10031
1	49	A>C	1	10016	9980	9958	10090	10015
1	50	A>G	1	10105	10016	9844	9964	9998
1	51	G>T	1	9980	10051	9893	9804	9988
1	52	T>G	1	10040	9918	9878	9900	9977
1	53	G>T	1	10037	9862	10045	10051	10011
1	54	A>C	1	9974	10171	10030	9975	10044
1	55	C>T	1	9949	10048	10037	9779	9990
1	56	T>A	1	9946	10049	10153	9958	9958
1	57	A>T	1	10033	10019	10050	10120	10201
1	58	G>C	1	9987	10109	10105	10139	9937
1	59	T>A	1	10000	9919	9958	10005	9981
1	60	T>A	1	10009	9994	10145	9925	10214
1	61	C>A	1	9914	10083	10014	10006	10016
1	62	C>A	1	9900	10033	10067	9875	9907
1	63	G>A	1	9993	9854	9912	9915	10112
1	64	A>G	1	10030	10162	10034	9996	9944
1	65	G>T	1	9992	10054	9936	10000	9946
1	66	A>T	1	10119	10113	9975	9940	9847
1	67	T>G	1	10149	10032	10032	10042	9883
1	68	G>C	1	10039	10012	9892	9921	10255
1	69	T>C	1	10043	9972	9790	9980	10014
1	70	G>T	1	9960	10104	10152	10014	9967
1	71	A>C	1	9915	9984	10137	10031	9871
1	72	C>G	1	10131	10077	9953	9948	9999
1	73	C>G	1	9987	10188	10195	10171	10063
1	74	G>C	1	10058	10181	10138	10100	10053
1	75	A>G	1	10077	9993	9908	10013	9958
1	76	C>A	1	10065	9852	10027	9927	9876
1	77	G>T	1	9953	9968	10030	9977	9988
1	78	T>A	1	10029	10098	10070	9910	10082
1	79	A>C	1	10203	10158	10126	9959	10108
1	80	A>G	1	10021	10074	9972	10127	9906
1	81	T>A	1	9970	10088	9926	10049	10034
1	82	C>G	1	9883	9977	10080	9815	9955
1	83	A>C	1	9980	10189	9897	9844	10203
1	84	G>A	1	10037	9961	9936	9974	10071
1	85	A>C	1	9901	10125	9988	10093	10059
1	86	A>C	1	9850	10074	9916	9805	10038
1	87	G>C	1	9934	10174	9977	9966	9804
1	88	T>A	1	9980	10041	10036	9858	9883
1	89	G>A	1	9992	10008	10024	9835	9937
1	90	T>A	1	9995	10028	9897	10140	9940
1	91	C>T	1	9990	10046	9941	9866	9944
1	92	A>T	1	10042	9914	10032	10017	9956
1	93	A>C	1	9798	10138	10025	10151	10047
1	94	C>G	1	9980	9901	9687	9983	10221
1	95	G>C	1	9965	10145	10157	10159	9990
1	96	A>T	1	10061	10003	10039	9964	9959
1	97	T>G	1	9856	10123	9998	9929	10014
1	98	C>G	1	9870	9967	9948	9903	10008
1	99	T>C	1	9948	10166	9966	9942	9841
