Num_mutations: 100
Num_samples: 10
Error_rate: 0.050000

3.217309501411100836e-01 0.000000000000000000e+00 0.000000000000000000e+00 0.000000000000000000e+00 0.000000000000000000e+00 2.879841112214498455e-01 4.816650148662041664e-01 0.000000000000000000e+00 0.000000000000000000e+00 0.000000000000000000e+00
3.140333660451423148e-01 0.000000000000000000e+00 0.000000000000000000e+00 5.142296368989205391e-01 0.000000000000000000e+00 3.091095189355169137e-01 6.879505664263645404e-01 0.000000000000000000e+00 0.000000000000000000e+00 0.000000000000000000e+00
2.448579823702252689e-01 0.000000000000000000e+00 7.244582043343653632e-01 0.000000000000000000e+00 4.514229636898920428e-01 1.921132457027300289e-01 0.000000000000000000e+00 3.300395256916995868e-01 5.943304007820137125e-01 5.014691478942213676e-01
0.000000000000000000e+00 0.000000000000000000e+00 3.541048466864490374e-01 0.000000000000000000e+00 2.151394422310757004e-01 1.717557251908397031e-01 0.000000000000000000e+00 0.000000000000000000e+00 2.576204523107177846e-01 4.114737883283877129e-01
2.837162837162837126e-01 0.000000000000000000e+00 0.000000000000000000e+00 4.826904055390702220e-01 0.000000000000000000e+00 2.972972972972973138e-01 6.646341463414634498e-01 0.000000000000000000e+00 0.000000000000000000e+00 0.000000000000000000e+00
0.000000000000000000e+00 0.000000000000000000e+00 3.269035532994923887e-01 0.000000000000000000e+00 1.794616151545364024e-01 1.744301288404360717e-01 0.000000000000000000e+00 0.000000000000000000e+00 2.676720075400565446e-01 4.968421052631579182e-01
3.242187500000000000e-01 0.000000000000000000e+00 0.000000000000000000e+00 4.649746192893400853e-01 0.000000000000000000e+00 2.905472636815920606e-01 6.893787575150300828e-01 0.000000000000000000e+00 0.000000000000000000e+00 0.000000000000000000e+00
2.642585551330798310e-01 0.000000000000000000e+00 0.000000000000000000e+00 0.000000000000000000e+00 0.000000000000000000e+00 2.610402355250245332e-01 3.843958135109419860e-01 0.000000000000000000e+00 0.000000000000000000e+00 0.000000000000000000e+00
2.220058422590068248e-01 0.000000000000000000e+00 6.687054026503568283e-01 0.000000000000000000e+00 4.607938044530493493e-01 1.798631476050830957e-01 0.000000000000000000e+00 3.306288032454360870e-01 6.046966731898238967e-01 4.921568627450980116e-01
4.116424116424116653e-01 2.839632277834525098e-01 1.004897159647404559e+00 5.226554267650157515e-01 7.455867082035306792e-01 1.811100292112950427e-01 3.687258687258687107e-01 5.948186528497408920e-01 6.382113821138211129e-01 4.533600802407221630e-01
3.142292490118577253e-01 0.000000000000000000e+00 0.000000000000000000e+00 4.806517311608961562e-01 0.000000000000000000e+00 2.658959537572254117e-01 6.563467492260062208e-01 0.000000000000000000e+00 0.000000000000000000e+00 0.000000000000000000e+00
0.000000000000000000e+00 0.000000000000000000e+00 3.060428849902533943e-01 0.000000000000000000e+00 1.944990176817288918e-01 1.791044776119402882e-01 0.000000000000000000e+00 0.000000000000000000e+00 2.805139186295503295e-01 4.995391705069124333e-01
0.000000000000000000e+00 3.407550822846079353e-01 0.000000000000000000e+00 0.000000000000000000e+00 2.524850894632206799e-01 2.515337423312883347e-01 0.000000000000000000e+00 0.000000000000000000e+00 3.711133400200601895e-01 5.228480340063762499e-01
3.230452674897119070e-01 0.000000000000000000e+00 0.000000000000000000e+00 4.339815762538382637e-01 0.000000000000000000e+00 2.889576883384932793e-01 6.527363184079602032e-01 0.000000000000000000e+00 0.000000000000000000e+00 0.000000000000000000e+00
2.421353670162059157e-01 0.000000000000000000e+00 6.573146292585170247e-01 0.000000000000000000e+00 3.987854251012145634e-01 1.448979591836734582e-01 0.000000000000000000e+00 3.664717348927875040e-01 6.045197740112994156e-01 5.416248746238716549e-01
2.217741935483870941e-01 0.000000000000000000e+00 6.800000000000000488e-01 0.000000000000000000e+00 4.301964839710444855e-01 1.799163179916317967e-01 0.000000000000000000e+00 3.190066857688634294e-01 5.896180215475024244e-01 4.552160168598524681e-01
2.396039603960395947e-01 0.000000000000000000e+00 7.072402938090240898e-01 0.000000000000000000e+00 4.568138195777351473e-01 2.139999999999999958e-01 0.000000000000000000e+00 3.463463463463463676e-01 6.401590457256460809e-01 4.727646454265159170e-01
0.000000000000000000e+00 0.000000000000000000e+00 2.746693794506612218e-01 0.000000000000000000e+00 1.965897693079237674e-01 2.033898305084745894e-01 0.000000000000000000e+00 0.000000000000000000e+00 2.816616008105369828e-01 4.655674102812802917e-01
4.316546762589927866e-01 2.917933130699087996e-01 1.005940594059405946e+00 5.211267605633802535e-01 7.138643067846607293e-01 2.233104799216454328e-01 2.965708989805375118e-01 6.037000973709834017e-01 6.222664015904572077e-01 5.058823529411764497e-01
4.336882865440464530e-01 3.012633624878522931e-01 9.925768822905620681e-01 5.374625374625374707e-01 6.988694758478931623e-01 1.856617647058823595e-01 3.200000000000000067e-01 6.250000000000000000e-01 6.195219123505976144e-01 4.671385237613751018e-01
0.000000000000000000e+00 0.000000000000000000e+00 2.994129158512719990e-01 0.000000000000000000e+00 1.821989528795811553e-01 1.976516634050880517e-01 0.000000000000000000e+00 0.000000000000000000e+00 2.932551319648094013e-01 0.000000000000000000e+00
0.000000000000000000e+00 0.000000000000000000e+00 2.926337033299697410e-01 0.000000000000000000e+00 1.923474663908996962e-01 2.246520874751491148e-01 0.000000000000000000e+00 0.000000000000000000e+00 2.942386831275720094e-01 5.221674876847290925e-01
0.000000000000000000e+00 0.000000000000000000e+00 2.988047808764940361e-01 0.000000000000000000e+00 2.361111111111111049e-01 1.851106639839034118e-01 0.000000000000000000e+00 0.000000000000000000e+00 2.848948374760994495e-01 4.709302325581395388e-01
6.035502958579881394e-01 3.012552301255230214e-01 0.000000000000000000e+00 5.129224652087475134e-01 0.000000000000000000e+00 5.827552031714569036e-01 6.521287642782970240e-01 3.691406250000000000e-01 0.000000000000000000e+00 0.000000000000000000e+00
2.006079027355623101e-01 0.000000000000000000e+00 7.408123791102514399e-01 0.000000000000000000e+00 4.474708171206225882e-01 1.842650103519668792e-01 0.000000000000000000e+00 3.349467570183930487e-01 6.143540669856459857e-01 4.762845849802371800e-01
0.000000000000000000e+00 0.000000000000000000e+00 3.180487804878048830e-01 0.000000000000000000e+00 1.739980449657869133e-01 1.838842975206611552e-01 0.000000000000000000e+00 0.000000000000000000e+00 3.125000000000000000e-01 0.000000000000000000e+00
1.843838193791157154e-01 0.000000000000000000e+00 7.247247247247247115e-01 0.000000000000000000e+00 4.754262788365095083e-01 1.974830590513068640e-01 0.000000000000000000e+00 3.310479921645445578e-01 6.679536679536679511e-01 4.778761061946902866e-01
2.827657378740970340e-01 0.000000000000000000e+00 0.000000000000000000e+00 4.901185770750988158e-01 0.000000000000000000e+00 2.954773869346733473e-01 6.491935483870967527e-01 0.000000000000000000e+00 0.000000000000000000e+00 0.000000000000000000e+00
6.056191467221644364e-01 3.326693227091633287e-01 0.000000000000000000e+00 4.613880742913000765e-01 0.000000000000000000e+00 5.610494450050453885e-01 6.857707509881423302e-01 4.025157232704402732e-01 0.000000000000000000e+00 0.000000000000000000e+00
0.000000000000000000e+00 0.000000000000000000e+00 3.165467625899280324e-01 0.000000000000000000e+00 1.789883268482490297e-01 2.038735983690111997e-01 0.000000000000000000e+00 0.000000000000000000e+00 2.922013820335636614e-01 4.839650145772594891e-01
2.372188139059304701e-01 0.000000000000000000e+00 6.686507936507936067e-01 0.000000000000000000e+00 3.699307616221562678e-01 1.941354903943377230e-01 0.000000000000000000e+00 3.482587064676617161e-01 6.359918200408998246e-01 5.037453183520599342e-01
2.805247225025226943e-01 0.000000000000000000e+00 0.000000000000000000e+00 0.000000000000000000e+00 0.000000000000000000e+00 2.440041710114702889e-01 3.966597077244258807e-01 0.000000000000000000e+00 0.000000000000000000e+00 0.000000000000000000e+00
2.655935613682092744e-01 0.000000000000000000e+00 0.000000000000000000e+00 4.793554884189325516e-01 0.000000000000000000e+00 3.200795228628230404e-01 7.284079084287200523e-01 0.000000000000000000e+00 0.000000000000000000e+00 0.000000000000000000e+00
2.571976967370441236e-01 0.000000000000000000e+00 7.120743034055727616e-01 0.000000000000000000e+00 4.522232734153264211e-01 1.852216748768472920e-01 0.000000000000000000e+00 3.290129611166500712e-01 6.428571428571429047e-01 4.969696969696969502e-01
0.000000000000000000e+00 3.604309500489715767e-01 0.000000000000000000e+00 0.000000000000000000e+00 2.766570605187320120e-01 2.050251256281407086e-01 0.000000000000000000e+00 0.000000000000000000e+00 3.419788664745437301e-01 4.880174291938997877e-01
5.760649087221095810e-01 3.621730382293762429e-01 0.000000000000000000e+00 4.679958027282266619e-01 0.000000000000000000e+00 5.374015748031496509e-01 6.647564469914040153e-01 3.613963039014373990e-01 0.000000000000000000e+00 0.000000000000000000e+00
0.000000000000000000e+00 0.000000000000000000e+00 2.865916069600819016e-01 0.000000000000000000e+00 2.050290135396518332e-01 2.198041349292709501e-01 0.000000000000000000e+00 0.000000000000000000e+00 2.906155398587285665e-01 4.786324786324786529e-01
2.348178137651821817e-01 0.000000000000000000e+00 7.089397089397089236e-01 0.000000000000000000e+00 5.084409136047666200e-01 1.904761904761904656e-01 0.000000000000000000e+00 3.297560975609756251e-01 6.853281853281852909e-01 4.111776447105788268e-01
0.000000000000000000e+00 0.000000000000000000e+00 3.119658119658119677e-01 0.000000000000000000e+00 1.922695738354806838e-01 2.336842105263157998e-01 0.000000000000000000e+00 0.000000000000000000e+00 2.992424242424242542e-01 4.722792607802874798e-01
0.000000000000000000e+00 0.000000000000000000e+00 3.157894736842105088e-01 0.000000000000000000e+00 1.745235707121364221e-01 2.023121387283237094e-01 0.000000000000000000e+00 0.000000000000000000e+00 2.682926829268292845e-01 5.064292779426310398e-01
2.876712328767123128e-01 0.000000000000000000e+00 0.000000000000000000e+00 4.424951267056529969e-01 0.000000000000000000e+00 3.099787685774946788e-01 7.130801687763712593e-01 0.000000000000000000e+00 0.000000000000000000e+00 0.000000000000000000e+00
0.000000000000000000e+00 0.000000000000000000e+00 0.000000000000000000e+00 4.865446716899892166e-01 3.316481294236602873e-01 0.000000000000000000e+00 3.127572016460905546e-01 0.000000000000000000e+00 0.000000000000000000e+00 0.000000000000000000e+00
4.770833333333333592e-01 3.095684803001876317e-01 9.768732654949121574e-01 5.167173252279635420e-01 6.942307692307692069e-01 1.911613566289825372e-01 3.156822810590631523e-01 6.319772942289498818e-01 6.307385229540918292e-01 4.961915125136017179e-01
0.000000000000000000e+00 0.000000000000000000e+00 3.026819923371647514e-01 0.000000000000000000e+00 1.922330097087378564e-01 2.056256062075654811e-01 0.000000000000000000e+00 0.000000000000000000e+00 2.578796561604584370e-01 5.054229934924078238e-01
2.845360824742267924e-01 0.000000000000000000e+00 0.000000000000000000e+00 4.674796747967479571e-01 0.000000000000000000e+00 3.102040816326530615e-01 6.501901140684410718e-01 0.000000000000000000e+00 0.000000000000000000e+00 0.000000000000000000e+00
0.000000000000000000e+00 0.000000000000000000e+00 3.244353182751539832e-01 0.000000000000000000e+00 2.036290322580645296e-01 1.617507136060894468e-01 0.000000000000000000e+00 0.000000000000000000e+00 3.045186640471512773e-01 0.000000000000000000e+00
3.134920634920634885e-01 0.000000000000000000e+00 0.000000000000000000e+00 4.811881188118811714e-01 0.000000000000000000e+00 3.136882129277566711e-01 7.155172413793103869e-01 0.000000000000000000e+00 0.000000000000000000e+00 0.000000000000000000e+00
0.000000000000000000e+00 0.000000000000000000e+00 3.040816326530612068e-01 0.000000000000000000e+00 2.371234207968901941e-01 2.088353413654618351e-01 0.000000000000000000e+00 0.000000000000000000e+00 2.765531062124248485e-01 0.000000000000000000e+00
0.000000000000000000e+00 0.000000000000000000e+00 3.514804202483285400e-01 0.000000000000000000e+00 2.318271119842829076e-01 1.714836223506743806e-01 0.000000000000000000e+00 0.000000000000000000e+00 2.941798941798941525e-01 0.000000000000000000e+00
0.000000000000000000e+00 0.000000000000000000e+00 2.722820763956905199e-01 0.000000000000000000e+00 2.399999999999999911e-01 1.928934010152284217e-01 0.000000000000000000e+00 0.000000000000000000e+00 2.614770459081836584e-01 5.048732943469785850e-01
3.121149897330595668e-01 0.000000000000000000e+00 0.000000000000000000e+00 4.602683178534571762e-01 0.000000000000000000e+00 2.929936305732483981e-01 6.498993963782696559e-01 0.000000000000000000e+00 0.000000000000000000e+00 0.000000000000000000e+00
0.000000000000000000e+00 0.000000000000000000e+00 3.036437246963562542e-01 0.000000000000000000e+00 2.049751243781094412e-01 1.875616979269496554e-01 0.000000000000000000e+00 0.000000000000000000e+00 3.012884043607532147e-01 4.495504495504495379e-01
0.000000000000000000e+00 0.000000000000000000e+00 3.291626564003850008e-01 0.000000000000000000e+00 2.031872509960159501e-01 2.119071644803229015e-01 0.000000000000000000e+00 0.000000000000000000e+00 3.128834355828221114e-01 4.610894941634241517e-01
5.711402623612512608e-01 3.659305993690851744e-01 0.000000000000000000e+00 4.969939879759519008e-01 0.000000000000000000e+00 5.256797583081570524e-01 6.556359875904860246e-01 4.181117533718689550e-01 0.000000000000000000e+00 0.000000000000000000e+00
0.000000000000000000e+00 0.000000000000000000e+00 3.250743310208126791e-01 0.000000000000000000e+00 2.183574879227053178e-01 2.031558185404339356e-01 0.000000000000000000e+00 0.000000000000000000e+00 2.998027613412228565e-01 4.409136047666335489e-01
0.000000000000000000e+00 0.000000000000000000e+00 3.181818181818181768e-01 0.000000000000000000e+00 2.274052478134110655e-01 2.189054726368159232e-01 0.000000000000000000e+00 0.000000000000000000e+00 3.057448880233690214e-01 0.000000000000000000e+00
2.345803842264914119e-01 0.000000000000000000e+00 6.972477064220183873e-01 0.000000000000000000e+00 4.460580912863070790e-01 1.765276430649854456e-01 0.000000000000000000e+00 3.461139896373057190e-01 6.503067484662576891e-01 5.158197507190795950e-01
0.000000000000000000e+00 0.000000000000000000e+00 3.022312373225152227e-01 0.000000000000000000e+00 2.125902992776057820e-01 1.918367346938775475e-01 0.000000000000000000e+00 0.000000000000000000e+00 2.766169154228855787e-01 4.370078740157480324e-01
5.587939698492462304e-01 3.520678685047720080e-01 0.000000000000000000e+00 4.371373307543520159e-01 0.000000000000000000e+00 6.022514071294559068e-01 7.261904761904761640e-01 4.250734573947110850e-01 0.000000000000000000e+00 0.000000000000000000e+00
0.000000000000000000e+00 0.000000000000000000e+00 3.137254901960784270e-01 0.000000000000000000e+00 2.011952191235059639e-01 1.901901901901901781e-01 0.000000000000000000e+00 0.000000000000000000e+00 2.639019792648444884e-01 0.000000000000000000e+00
0.000000000000000000e+00 0.000000000000000000e+00 3.283261802575107025e-01 0.000000000000000000e+00 1.986754966887417095e-01 2.209072978303747437e-01 0.000000000000000000e+00 0.000000000000000000e+00 3.333333333333333148e-01 0.000000000000000000e+00
0.000000000000000000e+00 0.000000000000000000e+00 2.879529872673849411e-01 0.000000000000000000e+00 1.973434535104364451e-01 2.102102102102102188e-01 0.000000000000000000e+00 0.000000000000000000e+00 2.759924385633270583e-01 5.019157088122605526e-01
0.000000000000000000e+00 0.000000000000000000e+00 3.013415892672858809e-01 0.000000000000000000e+00 2.194871794871794957e-01 2.107317073170731636e-01 0.000000000000000000e+00 0.000000000000000000e+00 3.178137651821862364e-01 5.120772946859903918e-01
2.589194699286442303e-01 0.000000000000000000e+00 6.660137120470127625e-01 0.000000000000000000e+00 4.437689969604863283e-01 2.342691190706679694e-01 0.000000000000000000e+00 3.627254509018035811e-01 5.956112852664576796e-01 4.995004995004995174e-01
2.582644628099173278e-01 0.000000000000000000e+00 7.198443579766536926e-01 0.000000000000000000e+00 4.575289575289575028e-01 1.829268292682926789e-01 0.000000000000000000e+00 3.562189054726367932e-01 6.242299794661191337e-01 4.364012409513960966e-01
2.647943831494483646e-01 0.000000000000000000e+00 0.000000000000000000e+00 5.108055009823182502e-01 0.000000000000000000e+00 3.227053140096618478e-01 6.854838709677418818e-01 0.000000000000000000e+00 0.000000000000000000e+00 0.000000000000000000e+00
2.213516160626836371e-01 0.000000000000000000e+00 6.926070038910505655e-01 0.000000000000000000e+00 4.498480243161094294e-01 2.077922077922078059e-01 0.000000000000000000e+00 4.179104477611940149e-01 5.781083953241232809e-01 5.117187500000000000e-01
0.000000000000000000e+00 0.000000000000000000e+00 3.023923444976076569e-01 0.000000000000000000e+00 2.385516506922257807e-01 2.000000000000000111e-01 0.000000000000000000e+00 0.000000000000000000e+00 2.619047619047619180e-01 4.755381604696672926e-01
0.000000000000000000e+00 2.972440944881890035e-01 0.000000000000000000e+00 0.000000000000000000e+00 0.000000000000000000e+00 0.000000000000000000e+00 0.000000000000000000e+00 0.000000000000000000e+00 0.000000000000000000e+00 0.000000000000000000e+00
0.000000000000000000e+00 3.525773195876288901e-01 0.000000000000000000e+00 0.000000000000000000e+00 2.666666666666666630e-01 2.183673469387755195e-01 0.000000000000000000e+00 0.000000000000000000e+00 3.715953307392996230e-01 5.063291139240506666e-01
2.456479690522243575e-01 0.000000000000000000e+00 7.188118811881187842e-01 0.000000000000000000e+00 4.387351778656126688e-01 2.059672762271414770e-01 0.000000000000000000e+00 3.016650342801175388e-01 6.022380467955239514e-01 5.406504065040650397e-01
2.408163265306122458e-01 0.000000000000000000e+00 6.979999999999999538e-01 0.000000000000000000e+00 4.431017119838872032e-01 2.068965517241379282e-01 0.000000000000000000e+00 2.960784313725490224e-01 6.380000000000000115e-01 4.795918367346938549e-01
0.000000000000000000e+00 2.653658536585365990e-01 0.000000000000000000e+00 0.000000000000000000e+00 0.000000000000000000e+00 0.000000000000000000e+00 0.000000000000000000e+00 0.000000000000000000e+00 0.000000000000000000e+00 0.000000000000000000e+00
2.914466737064413948e-01 0.000000000000000000e+00 0.000000000000000000e+00 4.706994328922495252e-01 0.000000000000000000e+00 2.987288135593220151e-01 6.225296442687746623e-01 0.000000000000000000e+00 0.000000000000000000e+00 0.000000000000000000e+00
4.500978473581213057e-01 3.065989847715736016e-01 1.013785790031813461e+00 5.211538461538461897e-01 7.582748244734202059e-01 1.818181818181818232e-01 2.954773869346733473e-01 5.852674066599394820e-01 5.611222444889779615e-01 5.089820359281437279e-01
0.000000000000000000e+00 0.000000000000000000e+00 3.087934560327198485e-01 0.000000000000000000e+00 1.881838074398249350e-01 2.133620689655172376e-01 0.000000000000000000e+00 0.000000000000000000e+00 2.774451097804391253e-01 5.234042553191489144e-01
0.000000000000000000e+00 0.000000000000000000e+00 0.000000000000000000e+00 4.834930777422790094e-01 2.450199203187251040e-01 0.000000000000000000e+00 3.400809716599190180e-01 0.000000000000000000e+00 0.000000000000000000e+00 0.000000000000000000e+00
2.671984047856430511e-01 0.000000000000000000e+00 7.203302373581010887e-01 0.000000000000000000e+00 4.453694068678459850e-01 1.812564366632337665e-01 0.000000000000000000e+00 3.483365949119373584e-01 6.112224448897795037e-01 4.752475247524752255e-01
2.366863905325443662e-01 0.000000000000000000e+00 6.800804828973843197e-01 0.000000000000000000e+00 4.439701173959444969e-01 2.066805845511482387e-01 0.000000000000000000e+00 3.682008368200836990e-01 6.378600823045267321e-01 5.386819484240688016e-01
3.111111111111111160e-01 0.000000000000000000e+00 0.000000000000000000e+00 0.000000000000000000e+00 0.000000000000000000e+00 2.945736434108527368e-01 3.681592039800994920e-01 0.000000000000000000e+00 0.000000000000000000e+00 0.000000000000000000e+00
0.000000000000000000e+00 0.000000000000000000e+00 3.346379647749510577e-01 0.000000000000000000e+00 2.028112449799196748e-01 1.779999999999999916e-01 0.000000000000000000e+00 0.000000000000000000e+00 2.912032355915065707e-01 0.000000000000000000e+00
0.000000000000000000e+00 0.000000000000000000e+00 3.163064833005894139e-01 0.000000000000000000e+00 2.273641851106639744e-01 2.041216879293424880e-01 0.000000000000000000e+00 0.000000000000000000e+00 3.090909090909090828e-01 0.000000000000000000e+00
2.906857727737973129e-01 0.000000000000000000e+00 0.000000000000000000e+00 4.700944386149003007e-01 0.000000000000000000e+00 2.604166666666666852e-01 6.394279877425944614e-01 0.000000000000000000e+00 0.000000000000000000e+00 0.000000000000000000e+00
0.000000000000000000e+00 0.000000000000000000e+00 3.260869565217391353e-01 0.000000000000000000e+00 1.921024546424759949e-01 1.853360488798370675e-01 0.000000000000000000e+00 0.000000000000000000e+00 2.730030333670374065e-01 0.000000000000000000e+00
2.471042471042471100e-01 0.000000000000000000e+00 7.814045499505439807e-01 0.000000000000000000e+00 4.525252525252525526e-01 2.108559498956158740e-01 0.000000000000000000e+00 3.356504468718967127e-01 6.101364522417154213e-01 5.134328358208954945e-01
2.280000000000000082e-01 0.000000000000000000e+00 6.974063400576369087e-01 0.000000000000000000e+00 4.023552502453385804e-01 2.169625246548323450e-01 0.000000000000000000e+00 3.281086729362591159e-01 6.483839373163564623e-01 4.622918707149852868e-01
0.000000000000000000e+00 0.000000000000000000e+00 3.249475890985324966e-01 0.000000000000000000e+00 2.051792828685259085e-01 1.884200196270853778e-01 0.000000000000000000e+00 0.000000000000000000e+00 2.868447082096933776e-01 0.000000000000000000e+00
5.380116959064327187e-01 3.463203463203463062e-01 0.000000000000000000e+00 4.740590030518819775e-01 0.000000000000000000e+00 5.631262525050100276e-01 6.482051282051282115e-01 4.064064064064064064e-01 0.000000000000000000e+00 0.000000000000000000e+00
0.000000000000000000e+00 0.000000000000000000e+00 3.256302521008403450e-01 0.000000000000000000e+00 2.282722513089005256e-01 1.866931479642502389e-01 0.000000000000000000e+00 0.000000000000000000e+00 2.976554536187563937e-01 4.862104187946884593e-01
4.504504504504504570e-01 3.359528487229862526e-01 9.970674486803519088e-01 5.667627281460134725e-01 7.272727272727272929e-01 2.038735983690111997e-01 3.572192513368984135e-01 6.074218750000000000e-01 6.424974823766365084e-01 5.674603174603174427e-01
0.000000000000000000e+00 2.655038759689922756e-01 0.000000000000000000e+00 0.000000000000000000e+00 0.000000000000000000e+00 0.000000000000000000e+00 0.000000000000000000e+00 0.000000000000000000e+00 0.000000000000000000e+00 0.000000000000000000e+00
0.000000000000000000e+00 0.000000000000000000e+00 3.466666666666666785e-01 0.000000000000000000e+00 1.777323799795710035e-01 1.952789699570815496e-01 0.000000000000000000e+00 0.000000000000000000e+00 2.892057026476578252e-01 0.000000000000000000e+00
2.268041237113402053e-01 0.000000000000000000e+00 6.945010183299389350e-01 0.000000000000000000e+00 4.153846153846154077e-01 1.976284584980237125e-01 0.000000000000000000e+00 3.708873379860418984e-01 6.045081967213115082e-01 5.049309664694280331e-01
0.000000000000000000e+00 0.000000000000000000e+00 3.279924599434495547e-01 0.000000000000000000e+00 1.861861861861861811e-01 1.809242871189773727e-01 0.000000000000000000e+00 0.000000000000000000e+00 2.693798449612402890e-01 0.000000000000000000e+00
0.000000000000000000e+00 0.000000000000000000e+00 0.000000000000000000e+00 5.157360406091370253e-01 2.341568206229860394e-01 0.000000000000000000e+00 3.156801661474558651e-01 0.000000000000000000e+00 0.000000000000000000e+00 0.000000000000000000e+00
0.000000000000000000e+00 0.000000000000000000e+00 2.991533396048918214e-01 0.000000000000000000e+00 2.188755020080321301e-01 1.994076999012833196e-01 0.000000000000000000e+00 0.000000000000000000e+00 3.001988071570576566e-01 5.086823289070480092e-01
5.447394296951818538e-01 3.508771929824561209e-01 0.000000000000000000e+00 5.095285857572717791e-01 0.000000000000000000e+00 5.722713864306784304e-01 6.834677419354838745e-01 3.751233958538993107e-01 0.000000000000000000e+00 0.000000000000000000e+00
5.849802371541501511e-01 3.276036400404448989e-01 0.000000000000000000e+00 4.661810613943808690e-01 0.000000000000000000e+00 5.571142284569138292e-01 6.432062561094818998e-01 3.542288557213930100e-01 0.000000000000000000e+00 0.000000000000000000e+00
0.000000000000000000e+00 0.000000000000000000e+00 2.876984126984126755e-01 0.000000000000000000e+00 2.071005917159763343e-01 1.888772298006295980e-01 0.000000000000000000e+00 0.000000000000000000e+00 3.041385948026948949e-01 0.000000000000000000e+00
0.000000000000000000e+00 0.000000000000000000e+00 3.092369477911646736e-01 0.000000000000000000e+00 1.951219512195122019e-01 2.067039106145251437e-01 0.000000000000000000e+00 0.000000000000000000e+00 2.502628811777076745e-01 4.658077304261645235e-01
