Num_mutations: 100
Num_samples: 10
Error_rate: 0.050000

0.000000000000000000e+00 0.000000000000000000e+00 0.000000000000000000e+00 0.000000000000000000e+00 0.000000000000000000e+00 0.000000000000000000e+00 0.000000000000000000e+00 0.000000000000000000e+00 2.335907335907335958e-01 0.000000000000000000e+00
0.000000000000000000e+00 0.000000000000000000e+00 0.000000000000000000e+00 0.000000000000000000e+00 0.000000000000000000e+00 0.000000000000000000e+00 0.000000000000000000e+00 0.000000000000000000e+00 0.000000000000000000e+00 0.000000000000000000e+00
0.000000000000000000e+00 0.000000000000000000e+00 0.000000000000000000e+00 0.000000000000000000e+00 0.000000000000000000e+00 0.000000000000000000e+00 0.000000000000000000e+00 0.000000000000000000e+00 2.707070707070707294e-01 0.000000000000000000e+00
9.805128205128205154e-01 0.000000000000000000e+00 5.262135922330096749e-01 2.507583417593528541e-01 4.055944055944055715e-01 2.640776699029126484e-01 0.000000000000000000e+00 1.603128054740957931e-01 8.177434908389585866e-01 5.180000000000000160e-01
0.000000000000000000e+00 0.000000000000000000e+00 0.000000000000000000e+00 0.000000000000000000e+00 0.000000000000000000e+00 0.000000000000000000e+00 0.000000000000000000e+00 0.000000000000000000e+00 2.862706913339824744e-01 0.000000000000000000e+00
1.002938295788442735e+00 0.000000000000000000e+00 4.898354307841238930e-01 2.778904665314401723e-01 4.066147859922178975e-01 2.457627118644067910e-01 0.000000000000000000e+00 2.081712062256809437e-01 8.084252758274824702e-01 4.502512562814070529e-01
3.465346534653465094e-01 0.000000000000000000e+00 4.799999999999999822e-01 2.346041055718475210e-01 0.000000000000000000e+00 0.000000000000000000e+00 0.000000000000000000e+00 0.000000000000000000e+00 2.046138415245737086e-01 0.000000000000000000e+00
0.000000000000000000e+00 1.940755873340143101e-01 4.928716904276985722e-01 0.000000000000000000e+00 5.352697095435684504e-01 0.000000000000000000e+00 4.603174603174602919e-01 2.512171372930866453e-01 0.000000000000000000e+00 0.000000000000000000e+00
3.496932515337423109e-01 0.000000000000000000e+00 4.815920398009950198e-01 3.029087261785355922e-01 0.000000000000000000e+00 0.000000000000000000e+00 0.000000000000000000e+00 0.000000000000000000e+00 2.043010752688172171e-01 0.000000000000000000e+00
0.000000000000000000e+00 0.000000000000000000e+00 0.000000000000000000e+00 0.000000000000000000e+00 0.000000000000000000e+00 0.000000000000000000e+00 0.000000000000000000e+00 0.000000000000000000e+00 2.541871921182266014e-01 0.000000000000000000e+00
4.004065040650406360e-01 0.000000000000000000e+00 4.776444929116684945e-01 2.515337423312883347e-01 0.000000000000000000e+00 0.000000000000000000e+00 0.000000000000000000e+00 0.000000000000000000e+00 2.289935364727608558e-01 0.000000000000000000e+00
3.505572441742654255e-01 0.000000000000000000e+00 0.000000000000000000e+00 0.000000000000000000e+00 0.000000000000000000e+00 3.010101010101010055e-01 0.000000000000000000e+00 0.000000000000000000e+00 2.377622377622377603e-01 0.000000000000000000e+00
3.517110266159695908e-01 0.000000000000000000e+00 4.665391969407265971e-01 2.902621722846441821e-01 0.000000000000000000e+00 0.000000000000000000e+00 0.000000000000000000e+00 0.000000000000000000e+00 2.322322322322322441e-01 0.000000000000000000e+00
0.000000000000000000e+00 1.928640308582449392e-01 4.832487309644670215e-01 0.000000000000000000e+00 5.542406311637081417e-01 0.000000000000000000e+00 3.907815631262525069e-01 2.497482376636455115e-01 0.000000000000000000e+00 0.000000000000000000e+00
3.731778425655976617e-01 0.000000000000000000e+00 4.408163265306122569e-01 2.842942345924453496e-01 0.000000000000000000e+00 0.000000000000000000e+00 0.000000000000000000e+00 0.000000000000000000e+00 2.556097560975609806e-01 0.000000000000000000e+00
3.777777777777777679e-01 0.000000000000000000e+00 5.142857142857142350e-01 2.326530612244897822e-01 0.000000000000000000e+00 0.000000000000000000e+00 0.000000000000000000e+00 0.000000000000000000e+00 2.494887525562372310e-01 0.000000000000000000e+00
1.048289738430583595e+00 2.549407114624506199e-01 4.718162839248434270e-01 2.495201535508637103e-01 3.916083916083916150e-01 6.244897959183673963e-01 0.000000000000000000e+00 4.682139253279515856e-01 7.778855480116392274e-01 9.453125000000000000e-01
3.927492447129909414e-01 0.000000000000000000e+00 5.037353255069370039e-01 3.015384615384615330e-01 0.000000000000000000e+00 0.000000000000000000e+00 0.000000000000000000e+00 0.000000000000000000e+00 2.286302780638516940e-01 0.000000000000000000e+00
1.023883696780893082e+00 0.000000000000000000e+00 4.697247706422018609e-01 2.896117523609653688e-01 3.613030602171767303e-01 2.760617760617760652e-01 0.000000000000000000e+00 1.809338521400778166e-01 7.313585291113381404e-01 5.182926829268292845e-01
3.991596638655462437e-01 0.000000000000000000e+00 0.000000000000000000e+00 0.000000000000000000e+00 0.000000000000000000e+00 2.482051282051282171e-01 0.000000000000000000e+00 0.000000000000000000e+00 1.836327345309381187e-01 0.000000000000000000e+00
0.000000000000000000e+00 0.000000000000000000e+00 0.000000000000000000e+00 0.000000000000000000e+00 0.000000000000000000e+00 0.000000000000000000e+00 0.000000000000000000e+00 0.000000000000000000e+00 0.000000000000000000e+00 0.000000000000000000e+00
3.387096774193548154e-01 0.000000000000000000e+00 4.837310195227765841e-01 2.158979391560353345e-01 0.000000000000000000e+00 0.000000000000000000e+00 0.000000000000000000e+00 0.000000000000000000e+00 2.176470588235294157e-01 0.000000000000000000e+00
3.764940239043824688e-01 0.000000000000000000e+00 4.964824120603015256e-01 2.782969885773624030e-01 0.000000000000000000e+00 0.000000000000000000e+00 0.000000000000000000e+00 0.000000000000000000e+00 2.604373757455268334e-01 0.000000000000000000e+00
0.000000000000000000e+00 0.000000000000000000e+00 0.000000000000000000e+00 0.000000000000000000e+00 0.000000000000000000e+00 0.000000000000000000e+00 0.000000000000000000e+00 0.000000000000000000e+00 2.845528455284552782e-01 0.000000000000000000e+00
0.000000000000000000e+00 3.378519290928049812e-01 0.000000000000000000e+00 3.832221163012392573e-01 0.000000000000000000e+00 3.833167825223435798e-01 5.435466946484784900e-01 0.000000000000000000e+00 0.000000000000000000e+00 0.000000000000000000e+00
0.000000000000000000e+00 0.000000000000000000e+00 0.000000000000000000e+00 0.000000000000000000e+00 0.000000000000000000e+00 0.000000000000000000e+00 0.000000000000000000e+00 0.000000000000000000e+00 0.000000000000000000e+00 0.000000000000000000e+00
1.003167898627243870e+00 0.000000000000000000e+00 4.784394250513346880e-01 2.700661000944287182e-01 4.352126607319485863e-01 2.289628180039138816e-01 0.000000000000000000e+00 1.847930702598652442e-01 7.150259067357512821e-01 5.810162991371045083e-01
0.000000000000000000e+00 0.000000000000000000e+00 0.000000000000000000e+00 0.000000000000000000e+00 0.000000000000000000e+00 0.000000000000000000e+00 0.000000000000000000e+00 0.000000000000000000e+00 2.579403272377285838e-01 0.000000000000000000e+00
0.000000000000000000e+00 0.000000000000000000e+00 0.000000000000000000e+00 0.000000000000000000e+00 0.000000000000000000e+00 0.000000000000000000e+00 0.000000000000000000e+00 0.000000000000000000e+00 2.358674463937621701e-01 0.000000000000000000e+00
0.000000000000000000e+00 0.000000000000000000e+00 0.000000000000000000e+00 0.000000000000000000e+00 0.000000000000000000e+00 0.000000000000000000e+00 0.000000000000000000e+00 0.000000000000000000e+00 0.000000000000000000e+00 0.000000000000000000e+00
3.492063492063491870e-01 0.000000000000000000e+00 4.836065573770491621e-01 2.489878542510121362e-01 0.000000000000000000e+00 0.000000000000000000e+00 0.000000000000000000e+00 0.000000000000000000e+00 2.297435897435897434e-01 0.000000000000000000e+00
0.000000000000000000e+00 0.000000000000000000e+00 0.000000000000000000e+00 0.000000000000000000e+00 0.000000000000000000e+00 0.000000000000000000e+00 0.000000000000000000e+00 0.000000000000000000e+00 2.315175097276264693e-01 0.000000000000000000e+00
3.780991735537190257e-01 0.000000000000000000e+00 4.865424430641822062e-01 2.765957446808510745e-01 0.000000000000000000e+00 0.000000000000000000e+00 0.000000000000000000e+00 0.000000000000000000e+00 1.851851851851851749e-01 0.000000000000000000e+00
3.871635610766045454e-01 0.000000000000000000e+00 5.199610516066212051e-01 2.715809893307468692e-01 0.000000000000000000e+00 0.000000000000000000e+00 0.000000000000000000e+00 0.000000000000000000e+00 2.320000000000000118e-01 0.000000000000000000e+00
0.000000000000000000e+00 0.000000000000000000e+00 0.000000000000000000e+00 0.000000000000000000e+00 0.000000000000000000e+00 0.000000000000000000e+00 0.000000000000000000e+00 0.000000000000000000e+00 2.169625246548323450e-01 0.000000000000000000e+00
3.933787731256085940e-01 0.000000000000000000e+00 5.000000000000000000e-01 2.961460446247464739e-01 0.000000000000000000e+00 0.000000000000000000e+00 0.000000000000000000e+00 0.000000000000000000e+00 2.394504416094209998e-01 0.000000000000000000e+00
4.149459193706981353e-01 0.000000000000000000e+00 4.820512820512820595e-01 2.805343511450381633e-01 0.000000000000000000e+00 0.000000000000000000e+00 0.000000000000000000e+00 0.000000000000000000e+00 2.662406815761448331e-01 0.000000000000000000e+00
1.053742802303262893e+00 0.000000000000000000e+00 5.005045408678102659e-01 2.473222979552093526e-01 4.188911704312114903e-01 2.533748701973000950e-01 0.000000000000000000e+00 1.457943925233644855e-01 7.679837892603850191e-01 5.805785123966942241e-01
0.000000000000000000e+00 0.000000000000000000e+00 0.000000000000000000e+00 0.000000000000000000e+00 0.000000000000000000e+00 0.000000000000000000e+00 0.000000000000000000e+00 0.000000000000000000e+00 2.679127725856697562e-01 0.000000000000000000e+00
3.815028901734103806e-01 0.000000000000000000e+00 5.289421157684630614e-01 2.365145228215767559e-01 0.000000000000000000e+00 0.000000000000000000e+00 0.000000000000000000e+00 0.000000000000000000e+00 2.226804123711340344e-01 0.000000000000000000e+00
3.824701195219123440e-01 0.000000000000000000e+00 4.596774193548386900e-01 2.698412698412698263e-01 0.000000000000000000e+00 0.000000000000000000e+00 0.000000000000000000e+00 0.000000000000000000e+00 2.107396149949341546e-01 0.000000000000000000e+00
0.000000000000000000e+00 0.000000000000000000e+00 0.000000000000000000e+00 0.000000000000000000e+00 0.000000000000000000e+00 0.000000000000000000e+00 0.000000000000000000e+00 0.000000000000000000e+00 3.484536082474226637e-01 4.819999999999999840e-01
3.545816733067729265e-01 0.000000000000000000e+00 4.930417495029821295e-01 3.035714285714285476e-01 0.000000000000000000e+00 0.000000000000000000e+00 0.000000000000000000e+00 0.000000000000000000e+00 2.472361809045226233e-01 0.000000000000000000e+00
0.000000000000000000e+00 2.054380664652568078e-01 5.142314990512334427e-01 0.000000000000000000e+00 5.525210084033613800e-01 0.000000000000000000e+00 4.551148225469728859e-01 2.270381836945304377e-01 0.000000000000000000e+00 0.000000000000000000e+00
0.000000000000000000e+00 0.000000000000000000e+00 0.000000000000000000e+00 0.000000000000000000e+00 0.000000000000000000e+00 0.000000000000000000e+00 0.000000000000000000e+00 0.000000000000000000e+00 0.000000000000000000e+00 0.000000000000000000e+00
0.000000000000000000e+00 4.332344213649851894e-01 4.950495049504950451e-01 3.653663177925784988e-01 5.676767676767676685e-01 0.000000000000000000e+00 4.449244060475162077e-01 5.032119914346895317e-01 2.451361867704280051e-01 0.000000000000000000e+00
3.272727272727272707e-01 0.000000000000000000e+00 4.872340425531914709e-01 2.605128205128204866e-01 0.000000000000000000e+00 0.000000000000000000e+00 0.000000000000000000e+00 0.000000000000000000e+00 1.875000000000000000e-01 0.000000000000000000e+00
0.000000000000000000e+00 2.073170731707316972e-01 5.061475409836065920e-01 0.000000000000000000e+00 6.384692849949648030e-01 0.000000000000000000e+00 4.007858546168958647e-01 2.193927522037218414e-01 0.000000000000000000e+00 0.000000000000000000e+00
9.971181556195964912e-01 0.000000000000000000e+00 4.829659318637274379e-01 2.594059405940594143e-01 4.514285714285714013e-01 2.365805168986083451e-01 0.000000000000000000e+00 1.929321872015281880e-01 7.441386340468909566e-01 5.620300751879698797e-01
0.000000000000000000e+00 0.000000000000000000e+00 0.000000000000000000e+00 0.000000000000000000e+00 0.000000000000000000e+00 0.000000000000000000e+00 0.000000000000000000e+00 0.000000000000000000e+00 3.592330978809283315e-01 5.208545269582909309e-01
0.000000000000000000e+00 0.000000000000000000e+00 0.000000000000000000e+00 0.000000000000000000e+00 0.000000000000000000e+00 0.000000000000000000e+00 0.000000000000000000e+00 0.000000000000000000e+00 0.000000000000000000e+00 0.000000000000000000e+00
0.000000000000000000e+00 0.000000000000000000e+00 0.000000000000000000e+00 0.000000000000000000e+00 0.000000000000000000e+00 0.000000000000000000e+00 0.000000000000000000e+00 0.000000000000000000e+00 0.000000000000000000e+00 0.000000000000000000e+00
3.521126760563380031e-01 0.000000000000000000e+00 4.508670520231213841e-01 2.627291242362525536e-01 0.000000000000000000e+00 0.000000000000000000e+00 0.000000000000000000e+00 0.000000000000000000e+00 2.117882117882117776e-01 0.000000000000000000e+00
0.000000000000000000e+00 0.000000000000000000e+00 0.000000000000000000e+00 0.000000000000000000e+00 0.000000000000000000e+00 0.000000000000000000e+00 0.000000000000000000e+00 0.000000000000000000e+00 0.000000000000000000e+00 0.000000000000000000e+00
3.566362715298885266e-01 0.000000000000000000e+00 4.762886597938144062e-01 2.502606882168926239e-01 0.000000000000000000e+00 0.000000000000000000e+00 0.000000000000000000e+00 0.000000000000000000e+00 2.262262262262262347e-01 0.000000000000000000e+00
3.782117163412127558e-01 0.000000000000000000e+00 4.434968017057569489e-01 2.757916241062308704e-01 0.000000000000000000e+00 0.000000000000000000e+00 0.000000000000000000e+00 0.000000000000000000e+00 1.837121212121212155e-01 0.000000000000000000e+00
0.000000000000000000e+00 0.000000000000000000e+00 0.000000000000000000e+00 0.000000000000000000e+00 0.000000000000000000e+00 0.000000000000000000e+00 0.000000000000000000e+00 0.000000000000000000e+00 3.710751665080875283e-01 5.127201565557729657e-01
1.004115226337448652e+00 2.523659305993690705e-01 4.877571008814887144e-01 2.531160115052732418e-01 4.415055951169888360e-01 5.998033431661750070e-01 0.000000000000000000e+00 4.663316582914572850e-01 7.418738049713192728e-01 9.652173913043478048e-01
0.000000000000000000e+00 0.000000000000000000e+00 0.000000000000000000e+00 0.000000000000000000e+00 0.000000000000000000e+00 0.000000000000000000e+00 0.000000000000000000e+00 0.000000000000000000e+00 3.300970873786407966e-01 4.878048780487804770e-01
0.000000000000000000e+00 0.000000000000000000e+00 0.000000000000000000e+00 0.000000000000000000e+00 0.000000000000000000e+00 0.000000000000000000e+00 0.000000000000000000e+00 0.000000000000000000e+00 0.000000000000000000e+00 0.000000000000000000e+00
1.023060796645702375e+00 2.588686481303931197e-01 4.700193423597678888e-01 3.103103103103103111e-01 4.468718967229394212e-01 5.885826771653542844e-01 0.000000000000000000e+00 4.856046065259116973e-01 7.605932203389830226e-01 1.012552301255230214e+00
3.489531405782652085e-01 0.000000000000000000e+00 4.603481624758220536e-01 2.415841584158415767e-01 0.000000000000000000e+00 0.000000000000000000e+00 0.000000000000000000e+00 0.000000000000000000e+00 2.174757281553398036e-01 0.000000000000000000e+00
0.000000000000000000e+00 0.000000000000000000e+00 0.000000000000000000e+00 0.000000000000000000e+00 0.000000000000000000e+00 0.000000000000000000e+00 0.000000000000000000e+00 0.000000000000000000e+00 2.612085769980506678e-01 0.000000000000000000e+00
0.000000000000000000e+00 0.000000000000000000e+00 0.000000000000000000e+00 0.000000000000000000e+00 0.000000000000000000e+00 0.000000000000000000e+00 0.000000000000000000e+00 0.000000000000000000e+00 2.375851996105160790e-01 0.000000000000000000e+00
0.000000000000000000e+00 4.535679374389051666e-01 5.310621242484969695e-01 3.250478011472275330e-01 5.386875612144955694e-01 0.000000000000000000e+00 4.094165813715455737e-01 5.364485981308411144e-01 2.555663117134559514e-01 0.000000000000000000e+00
0.000000000000000000e+00 0.000000000000000000e+00 0.000000000000000000e+00 0.000000000000000000e+00 0.000000000000000000e+00 0.000000000000000000e+00 0.000000000000000000e+00 0.000000000000000000e+00 0.000000000000000000e+00 0.000000000000000000e+00
3.413654618473895841e-01 0.000000000000000000e+00 4.850361197110423239e-01 2.281368821292775739e-01 0.000000000000000000e+00 0.000000000000000000e+00 0.000000000000000000e+00 0.000000000000000000e+00 2.107355864811133184e-01 0.000000000000000000e+00
0.000000000000000000e+00 0.000000000000000000e+00 0.000000000000000000e+00 0.000000000000000000e+00 0.000000000000000000e+00 0.000000000000000000e+00 0.000000000000000000e+00 0.000000000000000000e+00 0.000000000000000000e+00 0.000000000000000000e+00
3.904555314533622590e-01 0.000000000000000000e+00 4.915422885572139355e-01 2.725490196078431127e-01 0.000000000000000000e+00 0.000000000000000000e+00 0.000000000000000000e+00 0.000000000000000000e+00 2.554067971163748729e-01 0.000000000000000000e+00
1.041709053916581862e+00 2.484342379958246472e-01 5.039215686274509665e-01 2.509803921568627416e-01 4.180904522613065333e-01 5.915768854064642479e-01 0.000000000000000000e+00 4.242424242424242542e-01 7.611650485436892710e-01 1.008866995073891548e+00
3.861003861003861060e-01 0.000000000000000000e+00 4.790652385589094231e-01 2.598425196850393526e-01 0.000000000000000000e+00 0.000000000000000000e+00 0.000000000000000000e+00 0.000000000000000000e+00 2.466281310211946021e-01 0.000000000000000000e+00
0.000000000000000000e+00 0.000000000000000000e+00 0.000000000000000000e+00 0.000000000000000000e+00 0.000000000000000000e+00 0.000000000000000000e+00 0.000000000000000000e+00 0.000000000000000000e+00 0.000000000000000000e+00 0.000000000000000000e+00
0.000000000000000000e+00 0.000000000000000000e+00 0.000000000000000000e+00 0.000000000000000000e+00 0.000000000000000000e+00 0.000000000000000000e+00 0.000000000000000000e+00 0.000000000000000000e+00 3.411306042884990064e-01 4.683937823834196656e-01
0.000000000000000000e+00 2.219979818365287461e-01 5.481927710843373935e-01 0.000000000000000000e+00 5.224327018943170087e-01 0.000000000000000000e+00 4.503582395087000756e-01 2.333000997008972954e-01 0.000000000000000000e+00 0.000000000000000000e+00
0.000000000000000000e+00 0.000000000000000000e+00 0.000000000000000000e+00 0.000000000000000000e+00 0.000000000000000000e+00 0.000000000000000000e+00 0.000000000000000000e+00 0.000000000000000000e+00 2.112537018756169838e-01 0.000000000000000000e+00
4.113060428849902306e-01 0.000000000000000000e+00 4.269889224572003816e-01 2.315175097276264693e-01 0.000000000000000000e+00 0.000000000000000000e+00 0.000000000000000000e+00 0.000000000000000000e+00 2.062868369351670006e-01 0.000000000000000000e+00
3.987915407854984995e-01 0.000000000000000000e+00 5.201612903225806273e-01 2.648870636550307855e-01 0.000000000000000000e+00 0.000000000000000000e+00 0.000000000000000000e+00 0.000000000000000000e+00 2.321428571428571508e-01 0.000000000000000000e+00
0.000000000000000000e+00 0.000000000000000000e+00 0.000000000000000000e+00 0.000000000000000000e+00 0.000000000000000000e+00 0.000000000000000000e+00 0.000000000000000000e+00 0.000000000000000000e+00 2.439516129032258118e-01 0.000000000000000000e+00
0.000000000000000000e+00 0.000000000000000000e+00 0.000000000000000000e+00 0.000000000000000000e+00 0.000000000000000000e+00 0.000000000000000000e+00 0.000000000000000000e+00 0.000000000000000000e+00 3.089430894308943243e-01 5.529953917050691725e-01
0.000000000000000000e+00 0.000000000000000000e+00 0.000000000000000000e+00 0.000000000000000000e+00 0.000000000000000000e+00 0.000000000000000000e+00 0.000000000000000000e+00 0.000000000000000000e+00 2.882882882882882858e-01 4.918032786885245811e-01
4.076923076923076872e-01 0.000000000000000000e+00 4.959999999999999964e-01 2.639296187683284334e-01 0.000000000000000000e+00 0.000000000000000000e+00 0.000000000000000000e+00 0.000000000000000000e+00 2.343594836146971339e-01 0.000000000000000000e+00
0.000000000000000000e+00 0.000000000000000000e+00 0.000000000000000000e+00 0.000000000000000000e+00 0.000000000000000000e+00 0.000000000000000000e+00 0.000000000000000000e+00 0.000000000000000000e+00 3.040473840078973256e-01 5.215562565720294197e-01
0.000000000000000000e+00 0.000000000000000000e+00 0.000000000000000000e+00 0.000000000000000000e+00 0.000000000000000000e+00 0.000000000000000000e+00 0.000000000000000000e+00 0.000000000000000000e+00 3.010309278350515316e-01 0.000000000000000000e+00
0.000000000000000000e+00 4.579055441478439570e-01 5.083743842364532028e-01 3.833992094861660149e-01 5.815738963531670302e-01 0.000000000000000000e+00 4.804804804804804763e-01 5.159474671669793677e-01 2.521489971346704828e-01 0.000000000000000000e+00
0.000000000000000000e+00 0.000000000000000000e+00 0.000000000000000000e+00 0.000000000000000000e+00 0.000000000000000000e+00 0.000000000000000000e+00 0.000000000000000000e+00 0.000000000000000000e+00 2.109617373319545020e-01 0.000000000000000000e+00
0.000000000000000000e+00 0.000000000000000000e+00 0.000000000000000000e+00 0.000000000000000000e+00 0.000000000000000000e+00 0.000000000000000000e+00 0.000000000000000000e+00 0.000000000000000000e+00 2.252693437806072563e-01 0.000000000000000000e+00
0.000000000000000000e+00 0.000000000000000000e+00 0.000000000000000000e+00 0.000000000000000000e+00 0.000000000000000000e+00 0.000000000000000000e+00 0.000000000000000000e+00 0.000000000000000000e+00 2.275449101796407081e-01 0.000000000000000000e+00
1.060939060939060985e+00 0.000000000000000000e+00 4.963655244029075986e-01 2.955465587044534548e-01 4.156862745098039436e-01 2.442307692307692235e-01 0.000000000000000000e+00 1.788143828960155612e-01 7.636003956478734089e-01 5.102040816326530726e-01
3.498483316481294514e-01 0.000000000000000000e+00 4.791464597478176657e-01 2.879999999999999782e-01 0.000000000000000000e+00 0.000000000000000000e+00 0.000000000000000000e+00 0.000000000000000000e+00 2.064128256513026172e-01 0.000000000000000000e+00
0.000000000000000000e+00 5.393258426966291985e-01 5.687303252885624882e-01 3.719512195121951192e-01 5.630676084762865630e-01 0.000000000000000000e+00 4.602272727272727071e-01 5.504950495049505399e-01 2.278481012658227778e-01 0.000000000000000000e+00
3.497942386831275896e-01 0.000000000000000000e+00 4.964539007092198530e-01 2.848780487804877803e-01 0.000000000000000000e+00 0.000000000000000000e+00 0.000000000000000000e+00 0.000000000000000000e+00 2.395437262357414387e-01 0.000000000000000000e+00
1.017681728880157177e+00 0.000000000000000000e+00 5.025536261491317935e-01 2.526934378060724518e-01 3.992094861660079319e-01 2.582582582582582664e-01 0.000000000000000000e+00 1.760491299897645745e-01 8.067061143984221028e-01 5.583250249252242892e-01
0.000000000000000000e+00 0.000000000000000000e+00 0.000000000000000000e+00 0.000000000000000000e+00 0.000000000000000000e+00 0.000000000000000000e+00 0.000000000000000000e+00 0.000000000000000000e+00 2.500000000000000000e-01 0.000000000000000000e+00
3.349753694581280583e-01 0.000000000000000000e+00 0.000000000000000000e+00 0.000000000000000000e+00 0.000000000000000000e+00 2.627599243856332811e-01 0.000000000000000000e+00 0.000000000000000000e+00 2.003929273084479323e-01 0.000000000000000000e+00
0.000000000000000000e+00 0.000000000000000000e+00 0.000000000000000000e+00 0.000000000000000000e+00 0.000000000000000000e+00 0.000000000000000000e+00 0.000000000000000000e+00 0.000000000000000000e+00 2.443792766373411585e-01 0.000000000000000000e+00
3.921993499458288346e-01 0.000000000000000000e+00 4.693281402142161496e-01 2.463465553235908156e-01 0.000000000000000000e+00 0.000000000000000000e+00 0.000000000000000000e+00 0.000000000000000000e+00 2.402464065708418972e-01 0.000000000000000000e+00
1.037037037037036979e+00 0.000000000000000000e+00 5.436507936507936067e-01 2.660465116279069897e-01 3.865030674846625658e-01 2.993197278911564618e-01 0.000000000000000000e+00 1.528662420382165543e-01 7.669902912621359148e-01 4.646878198567042095e-01
3.709825528007346107e-01 0.000000000000000000e+00 5.140640155189136751e-01 2.669362992922143518e-01 0.000000000000000000e+00 0.000000000000000000e+00 0.000000000000000000e+00 0.000000000000000000e+00 2.193675889328063344e-01 0.000000000000000000e+00
3.181818181818181768e-01 0.000000000000000000e+00 0.000000000000000000e+00 0.000000000000000000e+00 0.000000000000000000e+00 2.768304914744232903e-01 0.000000000000000000e+00 0.000000000000000000e+00 1.740812379110251440e-01 0.000000000000000000e+00
3.871614844533600719e-01 0.000000000000000000e+00 5.112474437627811952e-01 2.615062761506276034e-01 0.000000000000000000e+00 0.000000000000000000e+00 0.000000000000000000e+00 0.000000000000000000e+00 2.157497303128371180e-01 0.000000000000000000e+00
