#chr	normal	sample0	sample1	sample2	sample3	sample4	sample5	sample6	sample7	sample8	sample9	sample10	sample11	sample12	sample13	sample14	sample15	sample16	sample17	sample18	sample19
0	0	0.0	0.0	0.0	0.0	0.0	0.0	0.0	0.0	0.0	0.0	0.0	0.0	0.196243848549	0.0	0.1568883969	0.0	0.165577988915	0.0	0.0	0.0
1	0	0.171130366286	0.0	0.0	0.256012881151	0.0	0.0	0.0	0.143719806763	0.136403984614	0.170319726523	0.0	0.0	0.155784998482	0.164569602556	0.0	0.0	0.0	0.0	0.0	0.0
2	0	0.0	0.296042844392	0.306282455962	0.250551212668	0.0	0.30595358224	0.126199189002	0.0	0.13707442597	0.167347752417	0.0	0.0	0.152515090543	0.161000706143	0.122819191118	0.0	0.0	0.157158667874	0.118627157538	0.0
3	0	0.0	0.0	0.0	0.0	0.0	0.0	0.0	0.0	0.0	0.0	0.0	0.0	0.186060606061	0.0	0.152378097522	0.0	0.149013806706	0.0	0.0	0.0
4	0	0.0	0.0	0.0	0.0	0.0	0.0	0.143000905706	0.166243783619	0.0	0.0	0.0	0.0	0.0	0.180561122244	0.0	0.0	0.0	0.1627036325	0.144802723813	0.0
5	0	0.178625188159	0.0	0.0	0.24498997996	0.0	0.0	0.0	0.143201446074	0.137526331628	0.173197103462	0.0	0.0	0.1556951925	0.162110552764	0.0	0.0	0.0	0.0	0.0	0.0
6	0	0.0	0.29335347432	0.296787148594	0.249899355878	0.0	0.305418719212	0.129781007165	0.0	0.136977949395	0.157596822244	0.0	0.0	0.151921182266	0.157064887811	0.124125012324	0.0	0.0	0.150537634409	0.115057528764	0.0
7	0	0.0	0.0	0.0	0.0	0.0	0.0	0.0	0.0	0.0	0.0	0.0	0.0	0.180798878767	0.0	0.15286369986	0.0	0.156876790831	0.0	0.0	0.0
8	0	0.0	0.0	0.0	0.0	0.0	0.0	0.0	0.0	0.0	0.0	0.0	0.0	0.19002186444	0.0	0.153876898481	0.0	0.155634158666	0.0	0.0	0.0
9	0	0.0	0.0	0.0	0.0	0.260962566845	0.0	0.146985050667	0.0	0.0	0.0	0.0	0.0	0.0	0.0	0.0	0.0	0.0	0.173489666137	0.0	0.0
10	0	0.167765493458	0.0	0.0	0.247290041536	0.0	0.0	0.0	0.146360759494	0.134758088454	0.17343984024	0.0	0.0	0.155345599204	0.163704581359	0.0	0.0	0.0	0.0	0.0	0.0
11	0	0.0	0.0	0.0	0.0	0.0	0.0	0.0877418081326	0.0971115537849	0.0902708124373	0.0	0.0	0.0	0.0	0.0	0.0929783558581	0.211703091953	0.0908178625188	0.0	0.0	0.250521713207
12	0	0.0	0.305922061982	0.29953778135	0.246886299719	0.0	0.309119777712	0.132148298629	0.0	0.143722084367	0.174129353234	0.0	0.0	0.150956626265	0.160179640719	0.127595242895	0.0	0.0	0.15654016956	0.117209210004	0.0
13	0	0.0	0.0	0.0	0.0	0.0	0.0	0.145181970609	0.168502530515	0.0	0.0	0.0	0.0	0.0	0.1782061369	0.0	0.0	0.0	0.17364356838	0.137544625149	0.0
14	0	0.179850293344	0.0	0.0	0.249949889757	0.0	0.0	0.0	0.14995400184	0.138526826311	0.177052524222	0.0	0.0	0.157815480373	0.165093871064	0.0	0.0	0.0	0.0	0.0	0.0
15	0	0.0	0.0	0.0	0.0	0.0	0.0	0.0	0.0	0.0	0.0	0.0	0.0	0.187606196902	0.0	0.155411471322	0.0	0.152484751525	0.0	0.0	0.0
16	0	0.163937699681	0.0	0.0	0.0	0.235918286394	0.0	0.140154169587	0.169430569431	0.0	0.0	0.0	0.0	0.0	0.181041335453	0.0	0.0	0.127776117917	0.173534474031	0.258589692369	0.0
17	0	0.0	0.0	0.0	0.0	0.274572542746	0.0	0.14917951268	0.0	0.0	0.0	0.0	0.0	0.0	0.0	0.0	0.0	0.0	0.176294223466	0.0	0.0
18	0	0.0	0.301603206413	0.296093353628	0.24982378411	0.0	0.309316013802	0.126447016919	0.0	0.135712845332	0.17104871515	0.0	0.0	0.157680063669	0.156275060144	0.128531635495	0.0	0.0	0.153314640497	0.119038195132	0.0
19	0	0.164675428116	0.0	0.0	0.249623758403	0.0	0.0	0.0	0.147192716237	0.136886735312	0.176181891026	0.0	0.0	0.15778401122	0.168347478782	0.0	0.0	0.0	0.0	0.0	0.0
20	0	0.0	0.0	0.0	0.0	0.0	0.0	0.0	0.0	0.0	0.0	0.0	0.0	0.1915	0.0	0.157121288374	0.0	0.153427419355	0.0	0.0	0.0
21	0	0.0	0.0	0.0	0.0	0.0	0.0	0.0	0.0	0.0	0.0	0.0	0.0	0.195000497958	0.0	0.160204388338	0.0	0.152200120555	0.0	0.0	0.0
22	0	0.172688364686	0.0	0.0	0.247226463104	0.0	0.0	0.0	0.148473358611	0.14165398275	0.1768371081	0.0	0.0	0.157472516589	0.158556366586	0.0	0.0	0.0	0.0	0.0	0.0
23	0	0.0	0.306280875088	0.0	0.252860871311	0.0	0.303746339493	0.132649032767	0.0	0.139476837061	0.0	0.0	0.0	0.0	0.0	0.0	0.0	0.0	0.15065913371	0.0	0.0
24	0	0.0	0.0	0.0	0.0	0.0	0.0	0.141151255358	0.162693682956	0.0	0.0	0.0	0.0	0.0	0.187248592116	0.0	0.0	0.0	0.172022103971	0.141380694361	0.0
25	0	0.0	0.0	0.0	0.0	0.0	0.0	0.135657370518	0.16467611336	0.0	0.0	0.0	0.0	0.0	0.180504700643	0.0	0.0	0.0	0.172445071558	0.139491691105	0.0
26	0	0.0	0.0	0.0	0.0	0.0	0.0	0.0	0.0	0.0	0.0	0.0	0.0	0.189706465688	0.0	0.150998294371	0.0	0.154052177363	0.0	0.0	0.0
27	0	0.0	0.0	0.0	0.0	0.0	0.0	0.141194179629	0.162025064651	0.0	0.0	0.0	0.0	0.0	0.18742478941	0.0	0.0	0.0	0.171005206247	0.140056022409	0.0
28	0	0.0	0.0	0.0	0.0	0.0	0.0	0.0	0.0	0.0	0.0	0.0	0.0	0.18543845535	0.0	0.159697683549	0.0	0.15547101812	0.0	0.0	0.0
29	0	0.0	0.0	0.0	0.0	0.0	0.0	0.0	0.0	0.0	0.0	0.0	0.0	0.192779565567	0.0	0.160914967678	0.0	0.151906334434	0.0	0.0	0.0
30	0	0.0	0.314791028554	0.289476279712	0.24526986656	0.0	0.301376646529	0.131228565665	0.0	0.13435815532	0.16291230893	0.0	0.0	0.147937269004	0.155137944822	0.124147474548	0.0	0.0	0.152077001013	0.119565217391	0.0
31	0	0.0	0.0	0.0	0.0	0.0	0.0	0.13836098542	0.165022877478	0.0	0.0	0.0	0.0	0.0	0.182121549196	0.0	0.0	0.0	0.167877400736	0.1344	0.0
32	0	0.0	0.0	0.0	0.0	0.0	0.0	0.136942031913	0.165878208354	0.0	0.0	0.0	0.0	0.0	0.187975334018	0.0	0.0	0.0	0.175392670157	0.132993095167	0.0
33	0	0.0	0.0	0.0	0.0	0.0	0.0	0.146563036237	0.161036372696	0.0	0.0	0.0	0.0	0.0	0.17880794702	0.0	0.0	0.0	0.172358052132	0.137090246864	0.0
34	0	0.167466027178	0.0	0.0	0.248572553652	0.0	0.0	0.0	0.152956426364	0.135931174089	0.180863591757	0.0	0.0	0.162153908795	0.160987308884	0.0	0.0	0.0	0.0	0.0	0.0
35	0	0.0	0.0	0.0	0.0	0.0	0.0	0.145904687347	0.157430858069	0.0	0.0	0.0	0.0	0.0	0.183	0.0	0.0	0.0	0.171107576059	0.142900332561	0.0
36	0	0.0	0.0	0.0	0.0	0.0	0.0	0.0	0.0	0.0	0.0	0.0	0.0	0.186835650041	0.0	0.149597695441	0.0	0.152415987274	0.0	0.0	0.0
37	0	0.0	0.0	0.0	0.0	0.0	0.0	0.0	0.0	0.0	0.0	0.0	0.0	0.189826796735	0.0	0.157192982456	0.0	0.149436746087	0.0	0.0	0.0
38	0	0.0	0.0	0.0	0.0	0.0	0.0	0.0	0.0	0.0	0.0	0.0	0.0	0.188015717092	0.0	0.149505642665	0.0	0.15307364577	0.0	0.0	0.0
39	0	0.0	0.0	0.0	0.0	0.0	0.0	0.0	0.0	0.0	0.0	0.0	0.0	0.180538801769	0.0	0.155822088956	0.0	0.157336297494	0.0	0.0	0.0
40	0	0.0	0.310114407209	0.299636506533	0.2491014377	0.0	0.309207237829	0.128636134877	0.0	0.143333333333	0.174340810704	0.0	0.0	0.157857857858	0.157261701914	0.132833583208	0.0	0.0	0.157071213641	0.119900990099	0.0
41	0	0.0	0.305729370356	0.29913585209	0.25407879029	0.0	0.30841777867	0.12855721393	0.0	0.140823894958	0.16466142985	0.0	0.0	0.147143566816	0.148823234852	0.122367101304	0.0	0.0	0.153511874684	0.120064790443	0.0
42	0	0.0	0.0	0.0	0.0	0.263227513228	0.0	0.144338039293	0.0	0.0	0.0	0.0	0.0	0.0	0.0	0.0	0.0	0.0	0.170567194686	0.0	0.0
43	0	0.0	0.194449950446	0.198422868408	0.0	0.0	0.192107371795	0.0	0.0904033379694	0.0	0.0	0.199189002077	0.19265776699	0.0	0.0	0.0	0.0	0.0	0.0	0.0	0.24450101833
44	0	0.0	0.30397047087	0.289541832669	0.254723582925	0.0	0.312649164678	0.124036440084	0.0	0.137808489635	0.166281986954	0.0	0.0	0.156962540717	0.153861386139	0.128911262462	0.0	0.0	0.155434673114	0.118679775281	0.0
45	0	0.0	0.0	0.0	0.0	0.0	0.0	0.140227341314	0.160385982732	0.0	0.0	0.0	0.0	0.0	0.175880405338	0.0	0.0	0.0	0.170770931752	0.139827965593	0.0
46	0	0.0	0.305776792015	0.0	0.253074499441	0.0	0.314847942755	0.132088799193	0.0	0.140148883375	0.0	0.0	0.0	0.0	0.0	0.0	0.0	0.0	0.150928408301	0.0	0.0
47	0	0.0	0.190136660725	0.201130055511	0.0	0.0	0.187412865963	0.0	0.0910869777908	0.0	0.0	0.204359673025	0.204077451081	0.0	0.0	0.0	0.0	0.0	0.0	0.0	0.239877844547
48	0	0.167130642275	0.0	0.0	0.248647585325	0.0	0.0	0.0	0.151247870101	0.14013994284	0.172703622173	0.0	0.0	0.163972055888	0.157541787609	0.0	0.0	0.0	0.0	0.0	0.0
49	0	0.0	0.0	0.0	0.0	0.0	0.0	0.144882675986	0.165573444643	0.0	0.0	0.0	0.0	0.0	0.178022413964	0.0	0.0	0.0	0.165833166633	0.138771498771	0.0
50	0	0.0	0.0	0.0	0.0	0.0	0.0	0.0	0.0	0.0	0.0	0.0	0.0	0.184124142047	0.0	0.152215032354	0.0	0.156359627142	0.0	0.0	0.0
51	0	0.0	0.0	0.0	0.0	0.0	0.0	0.0	0.0	0.0	0.0	0.0	0.0	0.189412238325	0.0	0.15762195122	0.0	0.14736735929	0.0	0.0	0.0
52	0	0.164356238157	0.0	0.0	0.24684418146	0.0	0.0	0.0	0.146506462036	0.137391650892	0.171893608575	0.0	0.0	0.160271782574	0.16752782194	0.0	0.0	0.0	0.0	0.0	0.0
53	0	0.0	0.0	0.0	0.0	0.0	0.0	0.0845056370348	0.0980839868957	0.094347133758	0.0	0.0	0.0	0.0	0.0	0.0942182001006	0.201046488227	0.0847234859974	0.0	0.0	0.244836875187
54	0	0.0	0.0	0.0	0.0	0.0	0.0	0.0	0.0	0.0	0.0	0.0	0.0	0.181531487139	0.0	0.149211484027	0.0	0.153869529984	0.0	0.0	0.0
55	0	0.0	0.0	0.0	0.0	0.0	0.0	0.0	0.0	0.0	0.0	0.0	0.0	0.1872909699	0.0	0.149935071421	0.0	0.151488095238	0.0	0.0	0.0
56	0	0.0	0.298596595999	0.300502314587	0.252301841473	0.0	0.302290687206	0.124455445545	0.0	0.14164305949	0.167743217728	0.0	0.0	0.153081914031	0.151646359883	0.126906099518	0.0	0.0	0.152497027348	0.125074745864	0.0
57	0	0.50650253152	0.187614399024	0.203282319774	0.242022084895	0.236831643808	0.189944695827	0.131011774097	0.39638091387	0.269443050677	0.334816462736	0.502577580107	0.500202306292	0.350231341782	0.34796520348	0.283074126439	0.305025477071	0.408107561666	0.170193740686	0.380880730264	0.239117352056
58	0	0.0	0.194505494505	0.196252266774	0.0	0.0	0.196285942492	0.0	0.0943078143594	0.0	0.0	0.20071153276	0.20548744892	0.0	0.0	0.0	0.0	0.0	0.0	0.0	0.238312655087
59	0	0.0	0.0	0.0	0.0	0.0	0.0	0.0	0.0	0.0	0.0	0.0	0.0	0.182485421275	0.0	0.156309226933	0.0	0.151718688266	0.0	0.0	0.0
60	0	0.0	0.198634812287	0.193977591036	0.0	0.0	0.186950074147	0.0	0.0919102923508	0.0	0.0	0.192936427851	0.200758710193	0.0	0.0	0.0	0.0	0.0	0.0	0.0	0.245805122167
61	0	0.0	0.0	0.0	0.0	0.0	0.0	0.14024749558	0.160670978173	0.0	0.0	0.0	0.0	0.0	0.184103811841	0.0	0.0	0.0	0.170996317309	0.143141350841	0.0
62	0	0.492729083665	0.191964732993	0.197006228652	0.247775222478	0.231102600282	0.193797681561	0.140571885623	0.404821950973	0.2613040467	0.338714440398	0.504960621868	0.507605520298	0.335124176381	0.348054043154	0.27846842367	0.288564621799	0.417013682332	0.1690970835	0.391060352466	0.241948470209
63	0	0.0	0.309636017247	0.0	0.245695432519	0.0	0.306480738363	0.132807035075	0.0	0.147223892564	0.0	0.0	0.0	0.0	0.0	0.0	0.0	0.0	0.152171752311	0.0	0.0
64	0	0.0	0.0	0.0	0.0	0.0	0.0	0.0	0.0	0.0	0.0	0.0	0.0	0.188650617034	0.0	0.151816174995	0.0	0.152628943415	0.0	0.0	0.0
65	0	0.0	0.0	0.0	0.0	0.0	0.0	0.137113924051	0.165689446017	0.0	0.0	0.0	0.0	0.0	0.175991032304	0.0	0.0	0.0	0.172873929496	0.144242303079	0.0
66	0	0.169610231425	0.0	0.0	0.250922141362	0.0	0.0	0.0	0.144963634552	0.134788704186	0.176105041596	0.0	0.0	0.164795867687	0.165348101266	0.0	0.0	0.0	0.0	0.0	0.0
67	0	0.0	0.0	0.0	0.0	0.0	0.0	0.0	0.0	0.0	0.0	0.0	0.0	0.183888443018	0.0	0.157026416577	0.0	0.152610441767	0.0	0.0	0.0
68	0	0.0	0.0	0.0	0.0	0.0	0.0	0.0	0.0	0.0	0.0	0.0	0.0	0.188579940417	0.0	0.153536167641	0.0	0.15373679935	0.0	0.0	0.0
69	0	0.0	0.0	0.0	0.0	0.0	0.0	0.0	0.0	0.0	0.0	0.0	0.0	0.183180183779	0.0	0.155895461912	0.0	0.154630926185	0.0	0.0	0.0
70	0	0.0	0.0	0.0	0.0	0.0	0.0	0.0	0.0	0.0	0.0	0.0	0.0	0.188618861886	0.0	0.155037200885	0.0	0.150378938971	0.0	0.0	0.0
71	0	0.0	0.0	0.0	0.0	0.0	0.0	0.0	0.0	0.0	0.0	0.0	0.0	0.187862427514	0.0	0.155393963542	0.0	0.154292457469	0.0	0.0	0.0
72	0	0.172558838257	0.0	0.0	0.254123396457	0.0	0.0	0.0	0.150593919871	0.136240872262	0.170072774399	0.0	0.0	0.161358384407	0.16978446523	0.0	0.0	0.0	0.0	0.0	0.0
73	0	0.165285916347	0.0	0.0	0.243127915054	0.0	0.0	0.0	0.142900090189	0.1363	0.180628272251	0.0	0.0	0.16577377944	0.149901574803	0.0	0.0	0.0	0.0	0.0	0.0
74	0	0.0	0.0	0.0	0.0	0.0	0.0	0.0	0.0	0.0	0.0	0.0	0.0	0.189371405909	0.0	0.156723862729	0.0	0.153723138431	0.0	0.0	0.0
75	0	0.0	0.0	0.0	0.0	0.0	0.0	0.0	0.0	0.0	0.0	0.0	0.0	0.178617732123	0.0	0.163978763899	0.0	0.152606072594	0.0	0.0	0.0
76	0	0.0	0.0	0.0	0.0	0.0	0.0	0.0	0.0	0.0	0.0	0.0	0.0	0.185817856788	0.0	0.152292306169	0.0	0.157451923077	0.0	0.0	0.0
77	0	0.0	0.0	0.0	0.0	0.0	0.0	0.138055946871	0.163573200993	0.0	0.0	0.0	0.0	0.0	0.183917277382	0.0	0.0	0.0	0.178802026423	0.139733172836	0.0
78	0	0.0	0.304343534057	0.296333101461	0.249674642106	0.0	0.31147873744	0.123692859277	0.0	0.141053060393	0.16421471173	0.0	0.0	0.153374233129	0.155294594047	0.12815920398	0.0	0.0	0.146597381833	0.119271562938	0.0
79	0	0.167457962413	0.0	0.0	0.246855345912	0.0	0.0	0.0	0.145652173913	0.135736272465	0.171729445119	0.0	0.0	0.160055396182	0.167920047497	0.0	0.0	0.0	0.0	0.0	0.0
80	0	0.0	0.0	0.0	0.0	0.0	0.0	0.0	0.0	0.0	0.0	0.0	0.0	0.184317718941	0.0	0.157497517378	0.0	0.155676547691	0.0	0.0	0.0
81	0	0.168230901201	0.0	0.0	0.241216415707	0.0	0.0	0.0	0.146582733813	0.136686390533	0.171608896013	0.0	0.0	0.158716136631	0.162568442011	0.0	0.0	0.0	0.0	0.0	0.0
82	0	0.0	0.0	0.0	0.0	0.0	0.0	0.142371525695	0.167020953538	0.0	0.0	0.0	0.0	0.0	0.176132930514	0.0	0.0	0.0	0.168550666128	0.133326645265	0.0
83	0	0.0	0.305490713488	0.0	0.247037914692	0.0	0.307485298515	0.129731349246	0.0	0.138708407167	0.0	0.0	0.0	0.0	0.0	0.0	0.0	0.0	0.155955874911	0.0	0.0
84	0	0.0	0.30514817437	0.29790449325	0.253681193794	0.0	0.304851267718	0.12646883091	0.0	0.13818471021	0.162983985404	0.0	0.0	0.148073836276	0.155950479233	0.128457711443	0.0	0.0	0.152341020266	0.11631435218	0.0
85	0	0.0	0.0	0.0	0.0	0.0	0.0	0.0	0.0	0.0	0.0	0.0	0.0	0.18395894133	0.0	0.155875541235	0.0	0.153938665063	0.0	0.0	0.0
86	0	0.0	0.304832713755	0.0	0.260527625684	0.0	0.307512927101	0.127616948813	0.0	0.137845358776	0.0	0.0	0.0	0.0	0.0	0.0	0.0	0.0	0.158949063821	0.0	0.0
87	0	0.0	0.0	0.0	0.0	0.0	0.0	0.0	0.0	0.0	0.0	0.0	0.0	0.190816326531	0.0	0.153196622437	0.0	0.148997995992	0.0	0.0	0.0
88	0	0.0	0.0	0.0	0.0	0.265372829418	0.0	0.142518518519	0.0	0.0	0.0	0.0	0.0	0.0	0.0	0.0	0.0	0.0	0.171371371371	0.0	0.0
89	0	0.0	0.0	0.0	0.0	0.264465313541	0.0	0.139216470118	0.0	0.0	0.0	0.0	0.0	0.0	0.0	0.0	0.0	0.0	0.169029443839	0.0	0.0
90	0	0.0	0.194207498512	0.202079207921	0.0	0.0	0.195529030953	0.0	0.0908726981585	0.0	0.0	0.201881693524	0.200917797287	0.0	0.0	0.0	0.0	0.0	0.0	0.0	0.242384506758
91	0	0.0	0.0	0.0	0.0	0.269571272257	0.0	0.142475776152	0.0	0.0	0.0	0.0	0.0	0.0	0.0	0.0	0.0	0.0	0.167784552846	0.0	0.0
92	0	0.0	0.0	0.0	0.0	0.0	0.0	0.0	0.0	0.0	0.0	0.0	0.0	0.184192165853	0.0	0.146626384693	0.0	0.15620960525	0.0	0.0	0.0
93	0	0.500305997552	0.199121668829	0.197187283351	0.247647647648	0.233350025038	0.187858414079	0.144172399838	0.400321543408	0.268605817452	0.338279830406	0.49746546069	0.500100280786	0.345265245414	0.346708337534	0.285217564077	0.291016406563	0.411871592974	0.178987932258	0.387986361813	0.24517433047
94	0	0.0	0.304722751429	0.0	0.260550643087	0.0	0.30873464613	0.134376905875	0.0	0.138825172036	0.0	0.0	0.0	0.0	0.0	0.0	0.0	0.0	0.150099206349	0.0	0.0
95	0	0.0	0.307676869042	0.293296365977	0.252165256346	0.0	0.311450839329	0.124053224156	0.0	0.138836021236	0.169773501704	0.0	0.0	0.159106769016	0.149907654422	0.127352941176	0.0	0.0	0.154127895466	0.119624626173	0.0
96	0	0.0	0.0	0.0	0.0	0.269854215516	0.0	0.144831013917	0.0	0.0	0.0	0.0	0.0	0.0	0.0	0.0	0.0	0.0	0.170997817893	0.0	0.0
97	0	0.0	0.302510296136	0.0	0.25	0.0	0.298206505218	0.127799343087	0.0	0.132841701182	0.0	0.0	0.0	0.0	0.0	0.0	0.0	0.0	0.155278252994	0.0	0.0
98	0	0.0	0.308645647432	0.297914401502	0.253407070907	0.0	0.304097628733	0.134195714427	0.0	0.141835398408	0.166582380904	0.0	0.0	0.152198079838	0.154902554781	0.122477947886	0.0	0.0	0.147739913035	0.116253388214	0.0
99	0	0.170183259039	0.0	0.0	0.257054541829	0.0	0.0	0.0	0.142758074103	0.136240329549	0.176232342191	0.0	0.0	0.160147307654	0.157995757147	0.0	0.0	0.0	0.0	0.0	0.0
