#chr	normal	sample0	sample1	sample2	sample3	sample4	sample5	sample6	sample7	sample8	sample9	sample10	sample11	sample12	sample13	sample14
0	0	0.0	0.182608695652	0.117117117117	0.227272727273	0.0	0.0	0.0	0.154639175258	0.0	0.0588235294118	0.0	0.0	0.0	0.0	0.125
1	0	0.0	0.150537634409	0.243243243243	0.282828282828	0.0	0.0	0.0	0.188118811881	0.0	0.192771084337	0.0	0.0	0.0	0.0	0.134831460674
2	0	0.0	0.144444444444	0.0	0.263636363636	0.25	0.161290322581	0.0	0.0	0.27358490566	0.0	0.218181818182	0.365591397849	0.0	0.0	0.0
3	0	0.0	0.0	0.342342342342	0.0	0.345454545455	0.322580645161	0.303921568627	0.202380952381	0.20618556701	0.225806451613	0.252631578947	0.196261682243	0.23595505618	0.247524752475	0.112068965517
4	0	0.0	0.0	0.0	0.0	0.0	0.0	0.0	0.0	0.0	0.0	0.0	0.0	0.0	0.0	0.0
5	0	0.0	0.0	0.165217391304	0.0	0.363636363636	0.388235294118	0.325581395349	0.13	0.0	0.126315789474	0.25	0.225	0.0	0.215053763441	0.168539325843
6	0	0.0	0.0975609756098	0.194915254237	0.264957264957	0.0	0.0	0.0	0.117647058824	0.0	0.0733944954128	0.0	0.0	0.0	0.0	0.06
7	0	0.0	0.0	0.182692307692	0.0	0.298701298701	0.340206185567	0.32	0.21	0.0	0.0833333333333	0.266666666667	0.242105263158	0.0	0.17	0.125
8	0	0.0	0.0	0.0	0.0	0.207317073171	0.135922330097	0.180952380952	0.162393162393	0.0	0.0	0.269230769231	0.0	0.0	0.2265625	0.0659340659341
9	0	0.0	0.0	0.0	0.174418604651	0.148514851485	0.177215189873	0.0	0.0	0.326315789474	0.0	0.0	0.0	0.0	0.0	0.0
10	0	0.0	0.0	0.0	0.0	0.145299145299	0.180722891566	0.222222222222	0.19387755102	0.0	0.0	0.27027027027	0.0	0.0	0.22641509434	0.140350877193
11	0	0.0	0.1	0.17	0.289156626506	0.0	0.0	0.0	0.127906976744	0.0	0.1171875	0.0	0.0	0.0	0.0	0.134020618557
12	0	0.0	0.0	0.0	0.0	0.130081300813	0.193548387097	0.129032258065	0.165137614679	0.0	0.0	0.236363636364	0.0	0.0	0.162790697674	0.119565217391
13	0	0.0	0.115702479339	0.223214285714	0.239130434783	0.0	0.0	0.0	0.0810810810811	0.0	0.141509433962	0.0	0.0	0.0	0.0	0.110169491525
14	0	0.236363636364	0.333333333333	0.0	0.258426966292	0.180952380952	0.193181818182	0.0	0.0	0.26213592233	0.0	0.204081632653	0.245098039216	0.0	0.0	0.0
15	0	0.0	0.125	0.2	0.231481481481	0.0	0.0	0.0	0.160377358491	0.0	0.0978260869565	0.0	0.0	0.0	0.0	0.166666666667
16	0	0.0	0.0	0.141414141414	0.0	0.368421052632	0.279569892473	0.257731958763	0.180952380952	0.0	0.0631578947368	0.165137614679	0.263736263736	0.0	0.205882352941	0.121739130435
17	0	0.0	0.141592920354	0.166666666667	0.184782608696	0.0	0.0	0.0	0.15625	0.0	0.164948453608	0.0	0.0	0.0	0.0	0.0808080808081
18	0	0.0	0.212121212121	0.0	0.20618556701	0.161904761905	0.19801980198	0.0	0.0	0.298076923077	0.0	0.252100840336	0.394736842105	0.0	0.0	0.0
19	0	0.0	0.178217821782	0.126213592233	0.272727272727	0.0	0.0	0.0	0.145454545455	0.0	0.0980392156863	0.0	0.0	0.0	0.0	0.150537634409
20	0	0.0	0.135416666667	0.16	0.247058823529	0.0	0.0	0.0	0.145454545455	0.0	0.126582278481	0.0	0.0	0.0	0.0	0.0888888888889
21	0	0.0	0.0	0.0	0.269565217391	0.121951219512	0.118811881188	0.0	0.0	0.29	0.0	0.0	0.0	0.0	0.0	0.0
22	0	0.0	0.0	0.0	0.0	0.0	0.0	0.0	0.0	0.0	0.0	0.0	0.0	0.0	0.0	0.0
23	0	0.0	0.0	0.0	0.0	0.182608695652	0.0989010989011	0.228260869565	0.165137614679	0.0	0.0	0.25	0.0	0.0	0.238938053097	0.171717171717
24	0	0.0	0.217391304348	0.129411764706	0.201754385965	0.0	0.0	0.0	0.0891089108911	0.0	0.137931034483	0.0	0.0	0.0	0.0	0.112244897959
25	0	0.0	0.0	0.0	0.0	0.0	0.0	0.0	0.0	0.0	0.0	0.0	0.0	0.0	0.0	0.0
26	0	0.0	0.16091954023	0.193181818182	0.301886792453	0.0	0.0	0.0	0.194174757282	0.0	0.155963302752	0.0	0.0	0.0	0.0	0.131578947368
27	0	0.0	0.0	0.0	0.237113402062	0.154761904762	0.25	0.0	0.0	0.165137614679	0.0	0.0	0.0	0.0	0.0	0.0
28	0	0.0	0.0	0.0	0.258823529412	0.196078431373	0.2	0.0	0.0	0.348314606742	0.0	0.0	0.0	0.0	0.0	0.0
29	0	0.0	0.0	0.0	0.0	0.0	0.0	0.0	0.0	0.0	0.0	0.0	0.0	0.0	0.0	0.0
30	0	0.0	0.0	0.0	0.303921568627	0.207920792079	0.212765957447	0.0	0.0	0.28813559322	0.0	0.0	0.0	0.0	0.0	0.0
31	0	0.0	0.0	0.0	0.0	0.158878504673	0.172043010753	0.126582278481	0.186813186813	0.0	0.0	0.289156626506	0.0	0.0	0.292682926829	0.141414141414
32	0	0.448275862069	0.572916666667	0.413461538462	0.471698113208	0.508771929825	0.479166666667	0.474747474747	0.456310679612	0.448598130841	0.480392156863	0.561904761905	0.537634408602	0.458333333333	0.561797752809	0.5
33	0	0.0	0.0	0.295918367347	0.0	0.239583333333	0.290322580645	0.245454545455	0.18018018018	0.230769230769	0.261261261261	0.188888888889	0.245283018868	0.194690265487	0.215909090909	0.0384615384615
34	0	0.0	0.0	0.268041237113	0.0	0.317307692308	0.340659340659	0.32	0.231578947368	0.226804123711	0.207792207792	0.259615384615	0.234042553191	0.211111111111	0.229166666667	0.163636363636
35	0	0.0	0.176991150442	0.132075471698	0.279661016949	0.0	0.0	0.0	0.173913043478	0.0	0.12	0.0	0.0	0.0	0.0	0.114583333333
36	0	0.0	0.157894736842	0.0	0.354838709677	0.211538461538	0.203703703704	0.0	0.0	0.267326732673	0.0	0.313725490196	0.189473684211	0.0	0.0	0.0
37	0	0.0	0.18085106383	0.183673469388	0.2875	0.0	0.0	0.0	0.175824175824	0.0	0.161290322581	0.0	0.0	0.0	0.0	0.119047619048
38	0	0.223404255319	0.386666666667	0.0	0.316326530612	0.209302325581	0.163636363636	0.0	0.0	0.297872340426	0.0	0.201834862385	0.223300970874	0.0	0.0	0.0
39	0	0.0	0.0	0.0	0.0	0.0	0.0	0.0	0.0	0.0	0.0	0.0	0.0	0.0	0.0	0.0
40	0	0.0	0.0	0.17	0.0	0.357894736842	0.316831683168	0.309734513274	0.215053763441	0.0	0.11	0.276595744681	0.268817204301	0.0	0.272727272727	0.11214953271
41	0	0.0	0.0	0.0	0.0	0.108910891089	0.126436781609	0.152941176471	0.121495327103	0.0	0.0	0.241379310345	0.0	0.0	0.189473684211	0.102040816327
42	0	0.0	0.151515151515	0.156862745098	0.224489795918	0.0	0.0	0.0	0.152173913043	0.0	0.164835164835	0.0	0.0	0.0	0.0	0.09
43	0	0.0	0.13829787234	0.102564102564	0.211009174312	0.0	0.0	0.0	0.188118811881	0.0	0.142857142857	0.0	0.0	0.0	0.0	0.138613861386
44	0	0.0	0.0	0.0	0.0	0.0	0.0	0.0	0.0	0.0	0.0	0.0	0.0	0.0	0.0	0.0
45	0	0.0	0.0	0.0	0.0	0.142857142857	0.157407407407	0.125	0.204081632653	0.0	0.0	0.264957264957	0.0	0.0	0.216216216216	0.1875
46	0	0.0	0.131868131868	0.1875	0.294736842105	0.0	0.0	0.0	0.142857142857	0.0	0.153846153846	0.0	0.0	0.0	0.0	0.141176470588
47	0	0.0	0.151515151515	0.15625	0.196261682243	0.0	0.0	0.0	0.142857142857	0.0	0.144230769231	0.0	0.0	0.0	0.0	0.104347826087
48	0	0.0	0.117647058824	0.12389380531	0.274193548387	0.0	0.0	0.0	0.166666666667	0.0	0.175925925926	0.0	0.0	0.0	0.0	0.0909090909091
49	0	0.0	0.0	0.0	0.0	0.0	0.0	0.0	0.0	0.0	0.0	0.0	0.0	0.0	0.0	0.0
50	0	0.0	0.0	0.0	0.265957446809	0.20202020202	0.164705882353	0.0	0.0	0.34375	0.0	0.0	0.0	0.0	0.0	0.0
51	0	0.0	0.0	0.0	0.0	0.0	0.0	0.0	0.0	0.0	0.0	0.0	0.0	0.0	0.0	0.0
52	0	0.0	0.127659574468	0.161616161616	0.272727272727	0.0	0.0	0.0	0.195652173913	0.0	0.0792079207921	0.0	0.0	0.0	0.0	0.111111111111
53	0	0.0	0.0	0.0	0.303370786517	0.147058823529	0.163265306122	0.0	0.0	0.192771084337	0.0	0.0	0.0	0.0	0.0	0.0
54	0	0.0	0.0	0.0	0.259615384615	0.218181818182	0.197674418605	0.0	0.0	0.258620689655	0.0	0.0	0.0	0.0	0.0	0.0
55	0	0.0	0.0	0.0	0.0	0.0	0.0	0.0	0.0	0.0	0.0	0.0	0.0	0.0	0.0	0.0
56	0	0.175438596491	0.274725274725	0.0	0.287037037037	0.145161290323	0.239130434783	0.0	0.0	0.270588235294	0.0	0.236363636364	0.300884955752	0.0	0.0	0.0
57	0	0.0	0.0	0.0	0.0	0.0	0.0	0.0	0.0	0.0	0.0	0.0	0.0	0.0	0.0	0.0
58	0	0.0	0.0	0.386138613861	0.0	0.357798165138	0.340425531915	0.282258064516	0.1	0.227272727273	0.166666666667	0.241379310345	0.163265306122	0.202127659574	0.242105263158	0.179245283019
59	0	0.0	0.0	0.0	0.196428571429	0.148514851485	0.150943396226	0.0	0.0	0.247422680412	0.0	0.0	0.0	0.0	0.0	0.0
60	0	0.0	0.0	0.0	0.0	0.0	0.0	0.0	0.0	0.0	0.0	0.0	0.0	0.0	0.0	0.0
61	0	0.0	0.0	0.0	0.0	0.233009708738	0.176991150442	0.223404255319	0.181818181818	0.0	0.0	0.223404255319	0.0	0.0	0.171717171717	0.126315789474
62	0	0.0	0.0	0.0	0.0	0.0	0.0	0.0	0.0	0.0	0.0	0.0	0.0	0.0	0.0	0.0
63	0	0.0	0.21875	0.197802197802	0.178947368421	0.0	0.0	0.0	0.231481481481	0.0	0.0952380952381	0.0	0.0	0.0	0.0	0.0900900900901
64	0	0.0	0.0	0.0	0.237113402062	0.19	0.19	0.0	0.0	0.259615384615	0.0	0.0	0.0	0.0	0.0	0.0
65	0	0.0	0.105769230769	0.210526315789	0.292452830189	0.0	0.0	0.0	0.163265306122	0.0	0.0869565217391	0.0	0.0	0.0	0.0	0.114942528736
66	0	0.0	0.0	0.0	0.0	0.188679245283	0.208333333333	0.174418604651	0.191011235955	0.0	0.0	0.177083333333	0.0	0.0	0.20202020202	0.117117117117
67	0	0.0	0.0	0.0	0.238532110092	0.178217821782	0.125	0.0	0.0	0.303370786517	0.0	0.0	0.0	0.0	0.0	0.0
68	0	0.0	0.0	0.0	0.0	0.0	0.0	0.0	0.0	0.0	0.0	0.0	0.0	0.0	0.0	0.0
69	0	0.0	0.0	0.0	0.351063829787	0.181818181818	0.133333333333	0.0	0.0	0.192307692308	0.0	0.0	0.0	0.0	0.0	0.0
70	0	0.0	0.155339805825	0.240740740741	0.241758241758	0.0	0.0	0.0	0.155339805825	0.0	0.142857142857	0.0	0.0	0.0	0.0	0.101851851852
71	0	0.210526315789	0.288659793814	0.0	0.19801980198	0.132653061224	0.142857142857	0.0	0.0	0.288659793814	0.0	0.211111111111	0.207207207207	0.0	0.0	0.0
72	0	0.252173913043	0.377551020408	0.0	0.236559139785	0.196428571429	0.118421052632	0.0	0.0	0.267326732673	0.0	0.196078431373	0.373493975904	0.0	0.0	0.0
73	0	0.0	0.0	0.0	0.21359223301	0.173469387755	0.13829787234	0.0	0.0	0.254901960784	0.0	0.0	0.0	0.0	0.0	0.0
74	0	0.0	0.133333333333	0.0	0.3	0.241379310345	0.211009174312	0.0	0.0	0.194690265487	0.0	0.189473684211	0.208333333333	0.0	0.0	0.0
75	0	0.0	0.135135135135	0.175925925926	0.265957446809	0.0	0.0	0.0	0.0777777777778	0.0	0.135416666667	0.0	0.0	0.0	0.0	0.0879120879121
76	0	0.0	0.0	0.0	0.0	0.0	0.0	0.0	0.0	0.0	0.0	0.0	0.0	0.0	0.0	0.0
77	0	0.0	0.0	0.0	0.0	0.0	0.0	0.0	0.0	0.0	0.0	0.0	0.0	0.0	0.0	0.0
78	0	0.0	0.176470588235	0.0	0.221153846154	0.152941176471	0.203539823009	0.0	0.0	0.228260869565	0.0	0.316831683168	0.252873563218	0.0	0.0	0.0
79	0	0.0	0.0	0.0	0.0	0.0	0.0	0.0	0.0	0.0	0.0	0.0	0.0	0.0	0.0	0.0
80	0	0.19801980198	0.344086021505	0.0	0.25	0.171428571429	0.117021276596	0.0	0.0	0.255555555556	0.0	0.329411764706	0.286956521739	0.0	0.0	0.0
81	0	0.0	0.177777777778	0.173913043478	0.19512195122	0.0	0.0	0.0	0.173076923077	0.0	0.180952380952	0.0	0.0	0.0	0.0	0.172727272727
82	0	0.0	0.201923076923	0.0	0.234042553191	0.164948453608	0.115789473684	0.0	0.0	0.25	0.0	0.193181818182	0.21875	0.0	0.0	0.0
83	0	0.0	0.190082644628	0.12380952381	0.3	0.0	0.0	0.0	0.118181818182	0.0	0.118279569892	0.0	0.0	0.0	0.0	0.0744680851064
84	0	0.0	0.17	0.0	0.239583333333	0.18085106383	0.188118811881	0.0	0.0	0.272727272727	0.0	0.275862068966	0.28431372549	0.0	0.0	0.0
85	0	0.0	0.0	0.0	0.0	0.28125	0.172413793103	0.148514851485	0.169642857143	0.0	0.0	0.302325581395	0.0	0.0	0.257142857143	0.0857142857143
86	0	0.0	0.0	0.0	0.0	0.0	0.0	0.0	0.0	0.0	0.0	0.0	0.0	0.0	0.0	0.0
87	0	0.0	0.0	0.132653061224	0.0	0.288659793814	0.325842696629	0.296703296703	0.132075471698	0.0	0.138613861386	0.27	0.226086956522	0.0	0.15306122449	0.180952380952
88	0	0.0	0.130841121495	0.18	0.180952380952	0.0	0.0	0.0	0.118811881188	0.0	0.1	0.0	0.0	0.0	0.0	0.172413793103
89	0	0.0	0.0	0.0	0.0	0.168421052632	0.144144144144	0.212765957447	0.150943396226	0.0	0.0	0.3	0.0	0.0	0.188888888889	0.0967741935484
90	0	0.0	0.0	0.0	0.0	0.0	0.0	0.0	0.0	0.0	0.0	0.0	0.0	0.0	0.0	0.0
91	0	0.0	0.0	0.0	0.0	0.0	0.0	0.0	0.0	0.0	0.0	0.0	0.0	0.0	0.0	0.0
92	0	0.0	0.142857142857	0.103092783505	0.268817204301	0.0	0.0	0.0	0.137931034483	0.0	0.0697674418605	0.0	0.0	0.0	0.0	0.125
93	0	0.0	0.19801980198	0.0967741935484	0.135416666667	0.0	0.0	0.0	0.21186440678	0.0	0.150943396226	0.0	0.0	0.0	0.0	0.0645161290323
94	0	0.0	0.0	0.0	0.2	0.270833333333	0.198198198198	0.0	0.0	0.269662921348	0.0	0.0	0.0	0.0	0.0	0.0
95	0	0.0	0.0	0.255555555556	0.0	0.32183908046	0.259615384615	0.356435643564	0.198198198198	0.352941176471	0.133333333333	0.185567010309	0.206896551724	0.19587628866	0.283185840708	0.0841121495327
96	0	0.0	0.230088495575	0.0	0.185567010309	0.218390804598	0.244680851064	0.0	0.0	0.242718446602	0.0	0.296296296296	0.298969072165	0.0	0.0	0.0
97	0	0.0	0.150943396226	0.0	0.345794392523	0.166666666667	0.151898734177	0.0	0.0	0.339805825243	0.0	0.255555555556	0.207547169811	0.0	0.0	0.0
98	0	0.585858585859	0.340206185567	0.0	0.213675213675	0.188679245283	0.150943396226	0.0	0.101123595506	0.244186046512	0.130434782609	0.301075268817	0.241666666667	0.0	0.0	0.11
99	0	0.0	0.0	0.0	0.0	0.0	0.0	0.0	0.0	0.0	0.0	0.0	0.0	0.0	0.0	0.0
