#chr	position	description	normal	sample0	sample1	sample2	sample3	sample4	sample5	sample6	sample7	sample8	sample9	sample10	sample11	sample12	sample13	sample14
1	1	1	0	0.334707005729	0.307623585468	0.209756097561	0.322593718338	0.167747004518	0.503047581597	0.228846732912	0.509925055702	0.211901159859	0.25651563753	0.261978905073	0.241311604163	0.113539769277	0.155833750626	0.138880422635
2	1	1	0	0.171059326346	0.0	0.0	0.0	0.0	0.0	0.276294498382	0.0	0.0	0.252485089463	0.103744071047	0.128228138399	0.114531281231	0.14989145451	0.11212369445
3	1	1	0	0.169623280845	0.189759036145	0.292633498835	0.173995037221	0.198731501057	0.0	0.270142180095	0.0	0.280847237486	0.24215696101	0.240927111924	0.25127845182	0.279216235129	0.348686212844	0.257609352953
4	1	1	0	0.175118939164	0.0	0.0	0.0	0.0	0.0	0.276018994856	0.0	0.0	0.24759711654	0.10385075818	0.128837443382	0.115006455457	0.154569086183	0.105833250522
5	1	1	0	0.16859487788	0.0	0.0	0.0	0.0	0.0	0.271639690359	0.0	0.0	0.250405022276	0.110409145608	0.121946315472	0.118309859155	0.143139190523	0.103741496599
6	1	1	0	0.0	0.0	0.0	0.0	0.0	0.0	0.0	0.0	0.0	0.24785728523	0.108823236845	0.0	0.119123189843	0.14240191197	0.109165912064
7	1	1	0	0.0	0.192116729152	0.285472299721	0.0	0.0	0.0	0.0	0.0	0.291645822911	0.0	0.0	0.0	0.161704260652	0.0	0.151290774465
8	1	1	0	0.0	0.0	0.0	0.0	0.145077720207	0.0	0.0	0.0	0.0	0.0	0.0	0.0	0.103832752613	0.0	0.102843315185
9	1	1	0	0.0	0.0	0.0	0.14709809964	0.17031105636	0.260461902882	0.0	0.161261261261	0.0	0.0	0.118997493734	0.0	0.0	0.0	0.0
10	1	1	0	0.17016721044	0.0	0.0	0.0	0.0	0.0	0.272442694133	0.0	0.0	0.248583569405	0.110053660018	0.117364310034	0.114337385713	0.153369945082	0.109429453351
11	1	1	0	0.166600476569	0.0	0.0	0.0	0.0	0.0	0.277060967202	0.0	0.0	0.24300486618	0.109209864117	0.126596279537	0.115038945476	0.156028368794	0.105943152455
12	1	1	0	0.0	0.180260930186	0.0	0.142927843215	0.164607019278	0.255451090218	0.0	0.158748893479	0.0	0.0	0.263273893007	0.0	0.0	0.0	0.130972739161
13	1	1	0	0.168032786885	0.195621751299	0.285951057814	0.172613601708	0.195954741164	0.0	0.267837206942	0.0	0.282729805014	0.246550508611	0.254570747218	0.255524021893	0.271305552806	0.351902037539	0.262204881953
14	1	1	0	0.188988830681	0.165379283026	0.0	0.329558094853	0.16149858163	0.25591949487	0.0	0.351151072028	0.0	0.0	0.261443055419	0.137272455983	0.0	0.0	0.140847860539
15	1	1	0	0.171221471251	0.0	0.0	0.0	0.0	0.0	0.271693174955	0.0	0.0	0.245210349595	0.115553817577	0.118966553174	0.11493083808	0.149640861931	0.108804653028
16	1	1	0	0.165274463007	0.0	0.0	0.0	0.0	0.0	0.268789938128	0.0	0.0	0.248589278517	0.103676249624	0.125777956234	0.117155643958	0.148214821482	0.1077
17	1	1	0	0.162993388099	0.0	0.0	0.0	0.0	0.0	0.279904067153	0.0	0.0	0.247870954814	0.107749522565	0.126247200163	0.119357770373	0.152308472856	0.113854458217
18	1	1	0	0.190007108764	0.166971173366	0.0	0.330618730758	0.166650212262	0.260908193485	0.0	0.355069582505	0.0	0.0	0.256252521178	0.138292610545	0.0	0.0	0.137670957361
19	1	1	0	0.171890596926	0.0	0.0	0.0	0.0	0.0	0.266149607103	0.0	0.0	0.253231786752	0.106985588471	0.127498001599	0.120233155503	0.148170365927	0.104501607717
20	1	1	0	0.0	0.0	0.0	0.150015370427	0.163977147439	0.260169070114	0.0	0.154784521548	0.0	0.0	0.11850665599	0.0	0.0	0.0	0.0
21	1	1	0	0.164607843137	0.0	0.0	0.0	0.0	0.0	0.268572579022	0.0	0.0	0.247725682295	0.0978293791015	0.121809401794	0.112757861005	0.146847565842	0.109916852565
22	1	1	0	0.166683381807	0.0	0.0	0.0	0.0	0.0	0.2677803341	0.0	0.0	0.248396793587	0.102522375915	0.131963332326	0.113695090439	0.146788990826	0.110326303223
23	1	1	0	0.168524523713	0.189156505089	0.296770938446	0.173467356688	0.194151341574	0.0	0.274525554775	0.0	0.29507035125	0.244039270687	0.253138922641	0.254556625026	0.283258448916	0.335795174791	0.258730939498
24	1	1	0	0.0	0.0	0.0	0.0	0.139264602745	0.0	0.0	0.0	0.0	0.0	0.0	0.0	0.102430729219	0.0	0.102858856457
25	1	1	0	0.187157243992	0.165208747515	0.0	0.336006336006	0.166998011928	0.259532105525	0.0	0.353975308642	0.0	0.0	0.252317814774	0.139720558882	0.0	0.0	0.140238405289
26	1	1	0	0.171814092954	0.0	0.0	0.0	0.0	0.0	0.279086222582	0.0	0.0	0.24225883287	0.10499156495	0.131011947309	0.120193255768	0.151539384246	0.114383355111
27	1	1	0	0.0	0.0	0.0	0.0	0.135606820461	0.0	0.0	0.0	0.0	0.0	0.0	0.0	0.109563511525	0.0	0.101099788114
28	1	1	0	0.164327659998	0.0	0.0	0.0	0.0	0.0	0.270736158994	0.0	0.0	0.244220090863	0.104558176729	0.126277811185	0.114007821117	0.150034684372	0.114860805127
29	1	1	0	0.337117816951	0.315413268902	0.20365902694	0.321092655593	0.166732791113	0.498852180856	0.229073131797	0.500550715931	0.210957808438	0.247235069375	0.258356885294	0.249169435216	0.119668364799	0.158554645078	0.135521546516
30	1	1	0	0.0	0.172514033681	0.0	0.1461645469	0.167704358305	0.26325229175	0.0	0.155519579075	0.0	0.0	0.253267645285	0.0	0.0	0.0	0.132482924869
31	1	1	0	0.0	0.191912061315	0.296388419063	0.0	0.0	0.0	0.0	0.0	0.285517241379	0.0	0.0	0.0	0.161648957104	0.0	0.154446810668
32	1	1	0	0.0	0.0	0.0	0.0	0.131445603577	0.0	0.0	0.0	0.0	0.0	0.0	0.0	0.100353713997	0.0	0.10315893386
33	1	1	0	0.171619103658	0.187617260788	0.283326621023	0.169917257683	0.188130803391	0.0	0.273245921329	0.0	0.28821955811	0.249315346384	0.243327312864	0.247693681182	0.271092808357	0.34540942928	0.263484439107
34	1	1	0	0.186742765595	0.138256245611	0.0	0.185752396008	0.0	0.242154707176	0.0	0.348605377102	0.218221822182	0.25037631711	0.0	0.246270897988	0.0	0.150774731824	0.0
35	1	1	0	0.166882793017	0.0	0.0	0.0	0.0	0.0	0.273109664497	0.0	0.0	0.242081904378	0.110991061782	0.130128720837	0.113115407614	0.148999701403	0.106662712535
36	1	1	0	0.167623762376	0.0	0.0	0.0	0.0	0.0	0.272925547735	0.0	0.0	0.242475247525	0.1058	0.125997605746	0.114145658263	0.141103079513	0.111211482485
37	1	1	0	0.0	0.0	0.0	0.0	0.14033181908	0.0	0.0	0.0	0.0	0.0	0.0	0.0	0.101494333567	0.0	0.104612601749
38	1	1	0	0.0	0.0	0.0	0.0	0.139463525685	0.0	0.0	0.0	0.0	0.0	0.0	0.0	0.105553881691	0.0	0.099288648432
39	1	1	0	0.172770700637	0.18483976585	0.294493216281	0.169130046622	0.19513916902	0.0	0.272790191813	0.0	0.285770986307	0.240473584718	0.250327918474	0.258598473585	0.280031742883	0.3480027753	0.265382716049
40	1	1	0	0.167129813418	0.0	0.0	0.0	0.0	0.0	0.264759036145	0.0	0.0	0.248216409037	0.108266932271	0.128545564273	0.120087991201	0.152335137302	0.108957622012
41	1	1	0	0.193654042989	0.167586552935	0.0	0.328385155466	0.163620107292	0.251494578985	0.0	0.344834443671	0.0	0.0	0.253150519206	0.138897168405	0.0	0.0	0.134955752212
42	1	1	0	0.0	0.175098854304	0.0	0.145982498011	0.167746436759	0.255445544554	0.0	0.161215658649	0.0	0.0	0.250074397381	0.0	0.0	0.0	0.133072210505
43	1	1	0	0.169186759297	0.0	0.0	0.0	0.0	0.0	0.277599679423	0.0	0.0	0.24111597597	0.107579219231	0.123713420787	0.11313537997	0.149656477148	0.107274723082
44	1	1	0	0.168254611798	0.0	0.0	0.0	0.0	0.0	0.274134338724	0.0	0.0	0.241488833747	0.11680999181	0.1256405203	0.114778619864	0.153923541247	0.114339361597
45	1	1	0	0.0	0.173335974643	0.0	0.143056385734	0.168302945302	0.258578179577	0.0	0.146396617835	0.0	0.0	0.25161868712	0.0	0.0	0.0	0.136087722734
46	1	1	0	0.166733266733	0.0	0.0	0.0	0.0	0.0	0.277503774534	0.0	0.0	0.237946966653	0.109440523678	0.124863955674	0.122504264071	0.151998424887	0.104185762298
47	1	1	0	0.0	0.0	0.0	0.0	0.0	0.0	0.0	0.0	0.0	0.24277283185	0.111639195065	0.0	0.117988782051	0.157061240854	0.114408045405
48	1	1	0	0.169157675938	0.0	0.0	0.0	0.0	0.0	0.270805946001	0.0	0.0	0.251414953828	0.106146360838	0.128072445019	0.113041741562	0.153075535965	0.10621401628
49	1	1	0	0.329309120422	0.317683413078	0.209466263847	0.332962588473	0.167265827841	0.496091767333	0.22128125934	0.489676973229	0.212543903663	0.25219709687	0.25129585327	0.249449008215	0.116641065028	0.154271059381	0.134463162168
50	1	1	0	0.161934383465	0.0	0.0	0.0	0.0	0.0	0.272982175045	0.0	0.0	0.237920063631	0.108016709767	0.128744296767	0.117482237566	0.148617853958	0.109408087123
51	1	1	0	0.164297953835	0.0	0.0	0.0	0.0	0.0	0.269017632242	0.0	0.0	0.248110580748	0.110178914384	0.126224265441	0.118900617407	0.150595774507	0.104148015518
52	1	1	0	0.0	0.192124105012	0.290990542558	0.0	0.0	0.0	0.0	0.0	0.28830426643	0.0	0.0	0.0	0.165504879506	0.0	0.153398836976
53	1	1	0	0.170210641909	0.0	0.0	0.0	0.0	0.0	0.268270676692	0.0	0.0	0.253331987076	0.111269469612	0.123676323676	0.117005453644	0.153244408785	0.11183550652
54	1	1	0	0.174549437419	0.0	0.0	0.0	0.0	0.0	0.274848575117	0.0	0.0	0.255048465267	0.112856716715	0.123666733749	0.111462450593	0.149855332735	0.11078140455
55	1	1	0	0.170633725018	0.0	0.0	0.0	0.0	0.0	0.279832935561	0.0	0.0	0.249445899657	0.110054208858	0.126296706617	0.114622548048	0.154948316447	0.102328863797
56	1	1	0	0.0	0.194969178763	0.291337005508	0.0	0.0	0.0	0.0	0.0	0.290550070522	0.0	0.0	0.0	0.161567686463	0.0	0.154236781838
57	1	1	0	0.0	0.185433731373	0.279253985762	0.0	0.0	0.0	0.0	0.0	0.288097660224	0.0	0.0	0.0	0.162340866476	0.0	0.150536556012
58	1	1	0	0.0	0.0	0.0	0.0	0.140179381236	0.0	0.0	0.0	0.0	0.0	0.0	0.0	0.108307257495	0.0	0.101291162046
59	1	1	0	0.18751244772	0.160554606651	0.0	0.338860921923	0.167121901872	0.258793715155	0.0	0.347236080623	0.0	0.0	0.252242375922	0.139879759519	0.0	0.0	0.139618495955
60	1	1	0	0.186403508772	0.166548904815	0.0	0.323342415985	0.164674237896	0.260995024876	0.0	0.34971796938	0.0	0.0	0.253969839209	0.14200137484	0.0	0.0	0.135261288686
61	1	1	0	0.172274296991	0.0	0.0	0.0	0.0	0.0	0.278436495177	0.0	0.0	0.240605173255	0.108981325956	0.120914058619	0.11754282339	0.145638945233	0.111949305975
62	1	1	0	0.17098187612	0.0	0.0	0.0	0.0	0.0	0.26456071076	0.0	0.0	0.245778045838	0.106023143111	0.125796178344	0.110416046073	0.14472361809	0.112114824852
63	1	1	0	0.192608957622	0.172549415087	0.0	0.335041189472	0.16130952381	0.258495145631	0.0	0.35350286461	0.0	0.0	0.246560427596	0.145313757039	0.0	0.0	0.138549964707
64	1	1	0	0.172809667674	0.0	0.0	0.0	0.0	0.0	0.277800080289	0.0	0.0	0.24624924985	0.105640921957	0.130152060824	0.11638530288	0.152361604876	0.110350981559
65	1	1	0	0.170521091811	0.190661091199	0.288334335538	0.174809006836	0.199859465971	0.0	0.270696843359	0.0	0.280080482897	0.245094112936	0.241631697082	0.255075111652	0.273475458602	0.346292947559	0.264728986646
66	1	1	0	0.0	0.0	0.0	0.0	0.140956918801	0.0	0.0	0.0	0.0	0.0	0.0	0.0	0.107507507508	0.0	0.0975269246111
67	1	1	0	0.167371601208	0.0	0.0	0.0	0.0	0.0	0.267524311183	0.0	0.0	0.248092737541	0.108859993952	0.124696110211	0.117198474814	0.151660185462	0.112328767123
68	1	1	0	0.195243419047	0.169229213029	0.0	0.319180231418	0.1659	0.258598215181	0.0	0.355380942908	0.0	0.0	0.253553324719	0.143631980715	0.0	0.0	0.134815419131
69	1	1	0	0.191545042778	0.178156928876	0.0	0.326366079427	0.167171411266	0.257096839138	0.0	0.357702608868	0.0	0.0	0.245514917237	0.135	0.0	0.0	0.144091639871
70	1	1	0	0.167151017136	0.0	0.0	0.0	0.0	0.0	0.278106508876	0.0	0.0	0.241821616784	0.10797743755	0.126930693069	0.1151043718	0.152375320323	0.10953815261
71	1	1	0	0.173082661892	0.0	0.0	0.0	0.0	0.0	0.27653546494	0.0	0.0	0.248216409037	0.108384661236	0.119204636291	0.114737584366	0.142885532591	0.11028904015
72	1	1	0	0.16933522497	0.0	0.0	0.0	0.0	0.0	0.276757503949	0.0	0.0	0.252548939641	0.102006018054	0.125656035527	0.11400322841	0.152260111023	0.11320754717
73	1	1	0	0.1868747499	0.165295887663	0.0	0.33422992628	0.161079798279	0.258496395469	0.0	0.357171434287	0.0	0.0	0.252366863905	0.139527935465	0.0	0.0	0.131147540984
74	1	1	0	0.188626630814	0.174104023161	0.0	0.326731697704	0.170746268657	0.2605	0.0	0.3486	0.0	0.0	0.249667042311	0.139657052235	0.0	0.0	0.131400868599
75	1	1	0	0.192299878098	0.173496859109	0.0	0.326850189507	0.165653949597	0.260205609342	0.0	0.343893166975	0.0	0.0	0.245713152939	0.136019388064	0.0	0.0	0.137876853579
76	1	1	0	0.0	0.172238299571	0.0	0.150034344029	0.172403227454	0.255384311401	0.0	0.156284044766	0.0	0.0	0.253838484546	0.0	0.0	0.0	0.139349232013
77	1	1	0	0.174082982562	0.0	0.0	0.0	0.0	0.0	0.273453891498	0.0	0.0	0.244294082004	0.105263157895	0.122510561255	0.116494120012	0.151390422648	0.109816634586
78	1	1	0	0.0	0.191897868918	0.288790501107	0.0	0.0	0.0	0.0	0.0	0.278312655087	0.0	0.0	0.0	0.16575922565	0.0	0.15183761947
79	1	1	0	0.172310458496	0.186498058349	0.296259351621	0.174192273491	0.192345533255	0.0	0.269261880688	0.0	0.289502542119	0.246492188277	0.245127287192	0.255304172951	0.276002029427	0.345709984947	0.264765168313
80	1	1	0	0.168938705443	0.0	0.0	0.0	0.0	0.0	0.271262309758	0.0	0.0	0.248825352394	0.11043724934	0.128341708543	0.114701130856	0.147284504235	0.108680451503
81	1	1	0	0.185656970913	0.170445505171	0.0	0.324175273238	0.162267158083	0.257943736086	0.0	0.357043235704	0.0	0.0	0.25250501002	0.132259687972	0.0	0.0	0.136951159349
82	1	1	0	0.189586248251	0.164391871398	0.0	0.331853496115	0.166021633423	0.259792977471	0.0	0.343409316155	0.0	0.0	0.250454270139	0.129402374539	0.0	0.0	0.135738489137
83	1	1	0	0.0	0.191310441486	0.289277297722	0.0	0.0	0.0	0.0	0.0	0.289142171566	0.0	0.0	0.0	0.165116511651	0.0	0.150232880785
84	1	1	0	0.198732139263	0.168169656129	0.0	0.331640780566	0.163612696505	0.255146476643	0.0	0.347796478257	0.0	0.0	0.252149286942	0.133993795657	0.0	0.0	0.136232173133
85	1	1	0	0.172194777699	0.0	0.0	0.0	0.0	0.0	0.272029505582	0.0	0.0	0.251723104585	0.104317269076	0.120498614958	0.114788732394	0.146683021568	0.1029664878
86	1	1	0	0.0	0.193658097429	0.285614594756	0.0	0.0	0.0	0.0	0.0	0.28887127143	0.0	0.0	0.0	0.161264664943	0.0	0.152210969618
87	1	1	0	0.187438857366	0.162993845543	0.0	0.330302727545	0.165614667869	0.262617195292	0.0	0.355686314294	0.0	0.0	0.252840909091	0.13706948039	0.0	0.0	0.134484459793
88	1	1	0	0.0	0.0	0.0	0.0	0.143386402323	0.0	0.0	0.0	0.0	0.0	0.0	0.0	0.105331729806	0.0	0.0984026819168
89	1	1	0	0.168894168894	0.0	0.0	0.0	0.0	0.0	0.274574245593	0.0	0.0	0.239863508631	0.113184828417	0.122463191405	0.113232323232	0.147901533495	0.106997921409
90	1	1	0	0.191850594228	0.170816733068	0.0	0.336000790358	0.160546282246	0.254787181268	0.0	0.351102204409	0.0	0.0	0.259945338597	0.142702062568	0.0	0.0	0.137614678899
91	1	1	0	0.0	0.0	0.0	0.0	0.135676379293	0.0	0.0	0.0	0.0	0.0	0.0	0.0	0.100630189057	0.0	0.103372360652
92	1	1	0	0.188547486034	0.170938446014	0.0	0.335852058063	0.166044776119	0.261823304488	0.0	0.347198210109	0.0	0.0	0.263173652695	0.138500251636	0.0	0.0	0.139207663906
93	1	1	0	0.170231907237	0.0	0.0	0.0	0.0	0.0	0.273989136995	0.0	0.0	0.244073221967	0.103884462151	0.127758186398	0.117577314495	0.155073325406	0.107950547794
94	1	1	0	0.177213949843	0.192973775359	0.297202446606	0.175334909377	0.191725119447	0.0	0.272773382025	0.0	0.278635583813	0.24671314741	0.249227395075	0.25175035007	0.280315117671	0.347704030479	0.266024676497
95	1	1	0	0.0	0.191279185791	0.290506709393	0.0	0.0	0.0	0.0	0.0	0.283733171374	0.0	0.0	0.0	0.160607271274	0.0	0.152409638554
96	1	1	0	0.192219679634	0.176482331803	0.0	0.330976095618	0.164229583209	0.254539951574	0.0	0.350735073507	0.0	0.0	0.248795664392	0.139089450461	0.0	0.0	0.133786621338
97	1	1	0	0.186988625025	0.171411447408	0.0	0.332464407459	0.162186742118	0.265213898373	0.0	0.346308995563	0.0	0.0	0.256632804024	0.141035856574	0.0	0.0	0.13639088729
98	1	1	0	0.172810380419	0.0	0.0	0.0	0.0	0.0	0.271427122426	0.0	0.0	0.245018524081	0.107653826913	0.119404456715	0.119699515667	0.147244716571	0.108039434902
99	1	1	0	0.0	0.193599681972	0.282691155919	0.0	0.0	0.0	0.0	0.0	0.292601007606	0.0	0.0	0.0	0.157889477366	0.0	0.152291237366
100	1	1	0	0.172740888667	0.0	0.0	0.0	0.0	0.0	0.269408639181	0.0	0.0	0.245697994094	0.110065097646	0.124362181091	0.113057485151	0.152040412044	0.110989230156
