#chr	position	description	normal	sample0	sample1	sample2	sample3	sample4	sample5	sample6	sample7	sample8	sample9	sample10	sample11	sample12	sample13	sample14
1	1	1	0	0.0	0.0896790123457	0.0	0.0	0.0	0.0	0.0	0.0	0.0	0.0	0.0	0.117947709849	0.0	0.0	0.0
2	1	1	0	0.205383147534	0.0825203252033	0.0	0.0	0.0	0.0	0.203801373271	0.161516034985	0.0	0.0	0.0	0.114994934144	0.0978812294837	0.0	0.0
3	1	1	0	0.293544577839	0.154804625199	0.0	0.126409017713	0.0	0.0	0.0	0.0	0.157496012759	0.0	0.0	0.0	0.1432696137	0.0	0.0
4	1	1	0	0.292199425116	0.148574833648	0.0	0.135657370518	0.0	0.0	0.0	0.0	0.16074653823	0.0	0.0	0.0	0.139769884942	0.0	0.0
5	1	1	0	0.0	0.0	0.0	0.0	0.202377384877	0.146211205159	0.0	0.156011258544	0.0	0.0	0.0	0.0	0.0	0.239756754062	0.0
6	1	1	0	0.0	0.0920723782865	0.0	0.0	0.0	0.0	0.0	0.0	0.0	0.0	0.0	0.116382725832	0.0	0.0	0.0
7	1	1	0	0.0	0.0868721927317	0.0	0.0	0.0	0.0	0.0	0.0	0.0	0.0	0.0	0.113679959616	0.0	0.0	0.0
8	1	1	0	0.0	0.085498489426	0.0	0.0	0.0	0.0	0.0	0.0	0.0	0.0	0.0	0.113342476489	0.0	0.0	0.0
9	1	1	0	0.0	0.0822987585102	0.0	0.0	0.0	0.0	0.0	0.0	0.0	0.0	0.0	0.117531831538	0.0	0.0	0.0
10	1	1	0	0.197502725201	0.0846320773328	0.0	0.0	0.0	0.0	0.202769635096	0.172372372372	0.0	0.0	0.0	0.115878979632	0.104011288047	0.0	0.0
11	1	1	0	0.0	0.084766214178	0.0	0.0	0.0	0.0	0.0	0.0	0.0	0.0	0.0	0.117842741935	0.0	0.0	0.0
12	1	1	0	0.0	0.0820523058495	0.0	0.0	0.0	0.0	0.0	0.0	0.0	0.0	0.0	0.114553242355	0.0	0.0	0.0
13	1	1	0	0.297060288989	0.151594936709	0.0	0.135270541082	0.0	0.0	0.0	0.0	0.158377738307	0.0	0.0	0.0	0.138635247914	0.0	0.0
14	1	1	0	0.0	0.0	0.0	0.0	0.195173882186	0.153046953047	0.0	0.155883238038	0.0	0.0	0.0	0.0	0.0	0.232537577365	0.0
15	1	1	0	0.2947231661	0.147780832679	0.0	0.225221635621	0.0	0.0	0.0	0.0	0.282647407994	0.0	0.221860831855	0.0	0.249261184143	0.268711172468	0.0
16	1	1	0	0.0	0.0	0.0	0.127357533969	0.299388593766	0.0	0.0	0.0	0.0	0.145907826778	0.0	0.198364416077	0.0	0.0	0.0
17	1	1	0	0.0	0.0	0.138000200582	0.0	0.0	0.147883064516	0.0	0.0	0.108188291139	0.105064325097	0.0	0.0	0.0	0.0	0.206504389465
18	1	1	0	0.0	0.151227396707	0.218771772668	0.136728677442	0.0	0.0	0.304387291982	0.0	0.0	0.0	0.0	0.0	0.146176089341	0.0	0.0
19	1	1	0	0.0	0.0879762493815	0.0	0.0	0.0	0.0	0.0	0.0	0.0	0.0	0.0	0.111487496264	0.0	0.0	0.0
20	1	1	0	0.207668681264	0.0826610895329	0.0	0.0	0.0	0.0	0.197937727457	0.16582265912	0.0	0.0	0.0	0.113069604407	0.0979275120322	0.0	0.0
21	1	1	0	0.0	0.0	0.135968944734	0.0	0.0	0.152645095018	0.0	0.0	0.10596157655	0.0996331912362	0.0	0.0	0.0	0.0	0.210294412177
22	1	1	0	0.198614318707	0.0862568715642	0.0	0.0	0.0	0.0	0.197872128865	0.162633203864	0.0	0.0	0.0	0.113852944127	0.1	0.0	0.0
23	1	1	0	0.0	0.0	0.0	0.125641283573	0.299280429715	0.0	0.0	0.0	0.0	0.150222222222	0.0	0.197511199602	0.0	0.0	0.0
24	1	1	0	0.0	0.0860959920831	0.0	0.0	0.0	0.0	0.0	0.0	0.0	0.0	0.0	0.111310234966	0.0	0.0	0.0
25	1	1	0	0.0	0.0908087497491	0.0	0.0	0.0	0.0	0.0	0.0	0.0	0.0	0.0	0.115630219078	0.0	0.0	0.0
26	1	1	0	0.0	0.0841989612465	0.0	0.0	0.0	0.0	0.0	0.0	0.0	0.0	0.0	0.120032196398	0.0	0.0	0.0
27	1	1	0	0.0	0.0894092076665	0.0	0.0	0.0	0.0	0.0	0.0	0.0	0.0	0.0	0.119799498747	0.0	0.0	0.0
28	1	1	0	0.0	0.0	0.0	0.129692832765	0.30616807235	0.0	0.0	0.0	0.0	0.149017632242	0.0	0.192157256043	0.0	0.0	0.0
29	1	1	0	0.0	0.0	0.0	0.0	0.194974175606	0.14200283803	0.0	0.154925312878	0.0	0.0	0.0	0.0	0.0	0.234134567032	0.0
30	1	1	0	0.0	0.0869695158398	0.0	0.0	0.0	0.0	0.0	0.0	0.0	0.0	0.0	0.116260162602	0.0	0.0	0.0
31	1	1	0	0.0	0.0797279984232	0.0	0.0	0.0	0.0	0.0	0.0	0.0	0.0	0.0	0.113853111788	0.0	0.0	0.0
32	1	1	0	0.0	0.0	0.0	0.130321546629	0.300229106485	0.0	0.0	0.0	0.0	0.150873318611	0.0	0.194361127774	0.0	0.0	0.0
33	1	1	0	0.0	0.0	0.0	0.126819126819	0.29928621695	0.0	0.0	0.0	0.0	0.146825794805	0.0	0.196041563582	0.0	0.0	0.0
34	1	1	0	0.0	0.0	0.0	0.123691626409	0.299340791051	0.0	0.0	0.0	0.0	0.149179014818	0.0	0.191242180518	0.0	0.0	0.0
35	1	1	0	0.299580587178	0.1521345147	0.0	0.228295185478	0.0	0.0	0.0	0.0	0.28315124787	0.0	0.222087009431	0.0	0.250673316708	0.269152817187	0.0
36	1	1	0	0.0	0.0841967608892	0.0	0.0	0.0	0.0	0.0	0.0	0.0	0.0	0.0	0.119633774161	0.0	0.0	0.0
37	1	1	0	0.0	0.0	0.0	0.131429728635	0.30493814744	0.0	0.0	0.0	0.0	0.151713051341	0.0	0.200577344217	0.0	0.0	0.0
38	1	1	0	0.0	0.0859540904035	0.0	0.0	0.0	0.0	0.0	0.0	0.0	0.0	0.0	0.11530292303	0.0	0.0	0.0
39	1	1	0	0.0	0.0	0.136120467605	0.0	0.0	0.146002201541	0.0	0.0	0.104514966463	0.0992130690308	0.0	0.0	0.0	0.0	0.209978573615
40	1	1	0	0.0	0.0862414761332	0.0	0.0	0.0	0.0	0.0	0.0	0.0	0.0	0.0	0.111122018259	0.0	0.0	0.0
41	1	1	0	0.0	0.114529393847	0.145987623009	0.130972568579	0.296750398724	0.0	0.0	0.17415562419	0.114831593461	0.259709968563	0.0	0.195608380338	0.0	0.0	0.0
42	1	1	0	0.0	0.164141414141	0.20745105873	0.135494102488	0.0	0.0	0.296824104235	0.0	0.0	0.0	0.0	0.0	0.144099130609	0.0	0.0
43	1	1	0	0.0	0.084978454755	0.0	0.0	0.0	0.0	0.0	0.0	0.0	0.0	0.0	0.112461400538	0.0	0.0	0.0
44	1	1	0	0.0	0.0811547390734	0.0	0.0	0.0	0.0	0.0	0.0	0.0	0.0	0.0	0.119116618367	0.0	0.0	0.0
45	1	1	0	0.293602362205	0.151460038395	0.0	0.13535660091	0.0	0.0	0.0	0.0	0.163271450075	0.0	0.0	0.0	0.143920345972	0.0	0.0
46	1	1	0	0.0	0.0867768595041	0.0	0.0	0.0	0.0	0.0	0.0	0.0	0.0	0.0	0.116863758323	0.0	0.0	0.0
47	1	1	0	0.303354111012	0.152834008097	0.0	0.136695686981	0.0	0.0	0.0	0.0	0.154966355328	0.0	0.0	0.0	0.142129953089	0.0	0.0
48	1	1	0	0.0	0.161612130886	0.214010853478	0.136904167083	0.0	0.0	0.298791361205	0.0	0.0	0.0	0.0	0.0	0.150937658388	0.0	0.0
49	1	1	0	0.0	0.0	0.0	0.133612941881	0.299219598933	0.0	0.0	0.0	0.0	0.145690084704	0.0	0.196688409433	0.0	0.0	0.0
50	1	1	0	0.0	0.0	0.137099236641	0.0	0.0	0.147023571714	0.0	0.0	0.111055175191	0.101713488743	0.0	0.0	0.0	0.0	0.210244192972
51	1	1	0	0.0	0.0914383217906	0.0	0.0	0.0	0.0	0.0	0.0	0.0	0.0	0.0	0.115856109325	0.0	0.0	0.0
52	1	1	0	0.0	0.0922498267841	0.0	0.0	0.0	0.0	0.0	0.0	0.0	0.0	0.0	0.117848164907	0.0	0.0	0.0
53	1	1	0	0.0	0.0834495120494	0.0	0.0	0.0	0.0	0.0	0.0	0.0	0.0	0.0	0.114231838031	0.0	0.0	0.0
54	1	1	0	0.0	0.0	0.0	0.131481295758	0.306864600976	0.0	0.0	0.0	0.0	0.144087313508	0.0	0.199237942445	0.0	0.0	0.0
55	1	1	0	0.292053973013	0.154354232293	0.0	0.134406438632	0.0	0.0	0.0	0.0	0.161662581699	0.0	0.0	0.0	0.142135058633	0.0	0.0
56	1	1	0	0.295621890547	0.152360731979	0.0	0.238341443633	0.0	0.0	0.0	0.0	0.285757392879	0.0	0.222612359551	0.0	0.244938865504	0.272589601212	0.0
57	1	1	0	0.0	0.0878364905284	0.0	0.0	0.0	0.0	0.0	0.0	0.0	0.0	0.0	0.11081820947	0.0	0.0	0.0
58	1	1	0	0.2919	0.154930986197	0.0	0.134071464519	0.0	0.0	0.0	0.0	0.158289947938	0.0	0.0	0.0	0.138441661697	0.0	0.0
59	1	1	0	0.295172275641	0.150176144942	0.0	0.136801928485	0.0	0.0	0.0	0.0	0.163038075355	0.0	0.0	0.0	0.136603161735	0.0	0.0
60	1	1	0	0.0	0.0	0.0	0.131416017575	0.29556898288	0.0	0.0	0.0	0.0	0.147196962127	0.0	0.200400801603	0.0	0.0	0.0
61	1	1	0	0.0	0.0876036360004	0.0	0.0	0.0	0.0	0.0	0.0	0.0	0.0	0.0	0.113435564131	0.0	0.0	0.0
62	1	1	0	0.0	0.0	0.0	0.13366436968	0.29787450422	0.0	0.0	0.0	0.0	0.144628509076	0.0	0.201723113488	0.0	0.0	0.0
63	1	1	0	0.0	0.0	0.0	0.132190819804	0.306642584788	0.0	0.0	0.0	0.0	0.143027888446	0.0	0.200543095645	0.0	0.0	0.0
64	1	1	0	0.0	0.0	0.0	0.121860930465	0.297876622723	0.0	0.0	0.0	0.0	0.145980323959	0.0	0.198459355362	0.0	0.0	0.0
65	1	1	0	0.0	0.0	0.0	0.126170576981	0.289115993868	0.0	0.0	0.0	0.0	0.142575623214	0.0	0.193153043654	0.0	0.0	0.0
66	1	1	0	0.0	0.0	0.133661377787	0.0	0.0	0.156137903547	0.0	0.0	0.103548808686	0.101524359868	0.0	0.0	0.0	0.0	0.208646998983
67	1	1	0	0.301746637221	0.147632869583	0.0	0.134243346754	0.0	0.0	0.0	0.0	0.166985020609	0.0	0.0	0.0	0.14603960396	0.0	0.0
68	1	1	0	0.296300060988	0.159850926672	0.0	0.131597609158	0.0	0.0	0.0	0.0	0.158054711246	0.0	0.0	0.0	0.141826200261	0.0	0.0
69	1	1	0	0.29382420433	0.151433423234	0.0	0.241189427313	0.0	0.0	0.0	0.0	0.279995997198	0.0	0.221914556962	0.0	0.248452784987	0.269801483858	0.0
70	1	1	0	0.0	0.0838478390759	0.0	0.0	0.0	0.0	0.0	0.0	0.0	0.0	0.0	0.117745921898	0.0	0.0	0.0
71	1	1	0	0.0	0.0	0.0	0.0	0.20272163298	0.140221764302	0.0	0.155601659751	0.0	0.0	0.0	0.0	0.0	0.226605412963	0.0
72	1	1	0	0.292183077974	0.151863041289	0.0	0.133613938919	0.0	0.0	0.0	0.0	0.154940711462	0.0	0.0	0.0	0.148494711147	0.0	0.0
73	1	1	0	0.0	0.0887639321217	0.0	0.0	0.0	0.0	0.0	0.0	0.0	0.0	0.0	0.119002493766	0.0	0.0	0.0
74	1	1	0	0.0	0.0846267918932	0.0	0.0	0.0	0.0	0.0	0.0	0.0	0.0	0.0	0.112221213039	0.0	0.0	0.0
75	1	1	0	0.0	0.0825316455696	0.0	0.0	0.0	0.0	0.0	0.0	0.0	0.0	0.0	0.116856883143	0.0	0.0	0.0
76	1	1	0	0.0	0.0	0.0	0.130062075081	0.300945483806	0.0	0.0	0.0	0.0	0.154234269885	0.0	0.196896313136	0.0	0.0	0.0
77	1	1	0	0.0	0.0	0.133360315694	0.0	0.0	0.151885028054	0.0	0.0	0.109076272892	0.0943872400565	0.0	0.0	0.0	0.0	0.209587955626
78	1	1	0	0.0	0.0836621941594	0.0	0.0	0.0	0.0	0.0	0.0	0.0	0.0	0.0	0.118140474987	0.0	0.0	0.0
79	1	1	0	0.210987666904	0.0869871279163	0.0	0.0	0.0	0.0	0.199438765284	0.169483051695	0.0	0.0	0.0	0.11801180118	0.103534594973	0.0	0.0
80	1	1	0	0.0	0.0	0.0	0.0	0.0	0.205196866012	0.0	0.0	0.0	0.140259218326	0.281246857717	0.190069513406	0.0	0.0	0.284285714286
81	1	1	0	0.0	0.0	0.0	0.0	0.198422996307	0.145841703495	0.0	0.15728444004	0.0	0.0	0.0	0.0	0.0	0.234854523715	0.0
82	1	1	0	0.298381491411	0.159379407616	0.0	0.130877123667	0.0	0.0	0.0	0.0	0.155951433121	0.0	0.0	0.0	0.143930288462	0.0	0.0
83	1	1	0	0.0	0.15819039021	0.214457108578	0.135069898421	0.0	0.0	0.290573566085	0.0	0.0	0.0	0.0	0.0	0.148914790997	0.0	0.0
84	1	1	0	0.0	0.0	0.0	0.13014049841	0.297604669887	0.0	0.0	0.0	0.0	0.145045045045	0.0	0.194700923324	0.0	0.0	0.0
85	1	1	0	0.0	0.0879465641129	0.0	0.0	0.0	0.0	0.0	0.0	0.0	0.0	0.0	0.113859910581	0.0	0.0	0.0
86	1	1	0	0.0	0.0	0.138372775279	0.0	0.0	0.145112630732	0.0	0.0	0.103383458647	0.0975708502024	0.0	0.0	0.0	0.0	0.208540712721
87	1	1	0	0.299749121927	0.146603697749	0.0	0.138399189463	0.0	0.0	0.0	0.0	0.15852442672	0.0	0.0	0.0	0.146930260282	0.0	0.0
88	1	1	0	0.299980476376	0.149712472734	0.0	0.133553421369	0.0	0.0	0.0	0.0	0.152383856867	0.0	0.0	0.0	0.149826474963	0.0	0.0
89	1	1	0	0.289247955316	0.159630865894	0.0	0.141454618313	0.0	0.0	0.0	0.0	0.160794941283	0.0	0.0	0.0	0.136679230311	0.0	0.0
90	1	1	0	0.0	0.0880772292994	0.0	0.0	0.0	0.0	0.0	0.0	0.0	0.0	0.0	0.119625415366	0.0	0.0	0.0
91	1	1	0	0.0	0.087850090671	0.0	0.0	0.0	0.0	0.0	0.0	0.0	0.0	0.0	0.121535393819	0.0	0.0	0.0
92	1	1	0	0.0	0.0881321982974	0.0	0.0	0.0	0.0	0.0	0.0	0.0	0.0	0.0	0.109731475873	0.0	0.0	0.0
93	1	1	0	0.20523623232	0.0821173392372	0.0	0.0	0.0	0.0	0.200504032258	0.161500652021	0.0	0.0	0.0	0.109473684211	0.102347134079	0.0	0.0
94	1	1	0	0.0	0.0903302825308	0.0	0.0	0.0	0.0	0.0	0.0	0.0	0.0	0.0	0.119668246445	0.0	0.0	0.0
95	1	1	0	0.0	0.0	0.0	0.13060978064	0.307731177362	0.0	0.0	0.0	0.0	0.148363782373	0.0	0.197223316266	0.0	0.0	0.0
96	1	1	0	0.0	0.0855662914633	0.0	0.0	0.0	0.0	0.0	0.0	0.0	0.0	0.0	0.11675837919	0.0	0.0	0.0
97	1	1	0	0.301006036217	0.154530016981	0.0	0.132211538462	0.0	0.0	0.0	0.0	0.162427975363	0.0	0.0	0.0	0.15046896827	0.0	0.0
98	1	1	0	0.0	0.0819319515057	0.0	0.0	0.0	0.0	0.0	0.0	0.0	0.0	0.0	0.116305009126	0.0	0.0	0.0
99	1	1	0	0.0	0.150624755955	0.213021868787	0.13785947228	0.0	0.0	0.295344469704	0.0	0.0	0.0	0.0	0.0	0.151860744298	0.0	0.0
100	1	1	0	0.0	0.082460991507	0.0	0.0	0.0	0.0	0.0	0.0	0.0	0.0	0.0	0.113729405891	0.0	0.0	0.0
