#chr	position	description	normal	sample0	sample1	sample2	sample3	sample4
1	1	1	0	0.0	0.0	0.0	0.0	0.0
2	1	1	0	0.276595744681	0.358490566038	0.141414141414	0.233333333333	0.191919191919
3	1	1	0	0.48	0.518518518519	0.425742574257	0.483516483516	0.431578947368
4	1	1	0	0.0	0.0	0.0	0.0	0.0
5	1	1	0	0.31914893617	0.197674418605	0.0	0.0	0.0
6	1	1	0	0.0	0.0	0.0	0.0	0.0
7	1	1	0	0.0	0.0	0.0	0.0	0.0
8	1	1	0	0.494949494949	0.561224489796	0.385416666667	0.482352941176	0.494623655914
9	1	1	0	0.43956043956	0.504672897196	0.278846153846	0.570247933884	0.297872340426
10	1	1	0	0.2875	0.19	0.0	0.0	0.0
11	1	1	0	0.0	0.0	0.0	0.0	0.0
12	1	1	0	0.0	0.0	0.0	0.0	0.0
13	1	1	0	0.0	0.0	0.0	0.0	0.0
14	1	1	0	0.0	0.0	0.0	0.0	0.0
15	1	1	0	0.0	0.121495327103	0.102040816327	0.24347826087	0.0
16	1	1	0	0.0	0.108910891089	0.0545454545455	0.263736263736	0.0
17	1	1	0	0.0	0.0	0.0	0.0	0.0
18	1	1	0	0.0	0.239583333333	0.0714285714286	0.165217391304	0.0
19	1	1	0	0.30612244898	0.369369369369	0.0736842105263	0.157303370787	0.241758241758
20	1	1	0	0.0	0.0	0.0	0.0	0.0
21	1	1	0	0.0	0.111111111111	0.0652173913043	0.23595505618	0.0
22	1	1	0	0.0	0.135922330097	0.0618556701031	0.215189873418	0.0
23	1	1	0	0.0	0.0	0.0	0.0	0.0
24	1	1	0	0.558823529412	0.47	0.372549019608	0.520833333333	0.530612244898
25	1	1	0	0.0	0.0	0.0	0.0	0.166666666667
26	1	1	0	0.227722772277	0.326315789474	0.0978260869565	0.173469387755	0.242718446602
27	1	1	0	0.516853932584	0.571428571429	0.271844660194	0.489795918367	0.234234234234
28	1	1	0	0.0	0.0777777777778	0.0927835051546	0.285714285714	0.0
29	1	1	0	0.494382022472	0.51724137931	0.373626373626	0.524752475248	0.518181818182
30	1	1	0	0.0	0.0	0.0	0.0	0.351648351648
31	1	1	0	0.268817204301	0.197802197802	0.0	0.0	0.0
32	1	1	0	0.265306122449	0.333333333333	0.0990099009901	0.242105263158	0.19
33	1	1	0	0.0	0.0	0.0	0.0	0.0
34	1	1	0	0.37037037037	0.43137254902	0.0625	0.277777777778	0.201834862385
35	1	1	0	0.0	0.0	0.184210526316	0.0	0.0
36	1	1	0	0.0	0.0	0.0	0.0	0.0
37	1	1	0	0.490740740741	0.473684210526	0.447368421053	0.470085470085	0.490384615385
38	1	1	0	0.0	0.0	0.0	0.0	0.0
39	1	1	0	0.0	0.0	0.0	0.0	0.357142857143
40	1	1	0	0.5	0.50495049505	0.420168067227	0.48275862069	0.464646464646
41	1	1	0	0.473684210526	0.463917525773	0.386138613861	0.480392156863	0.5
42	1	1	0	0.420454545455	0.4875	0.444444444444	0.559139784946	0.448979591837
43	1	1	0	0.0	0.0	0.0	0.0	0.0
44	1	1	0	0.606741573034	0.454545454545	0.35632183908	0.477064220183	0.5
45	1	1	0	0.480519480519	0.56043956044	0.35632183908	0.479166666667	0.398058252427
46	1	1	0	0.0	0.0	0.0	0.0	0.0
47	1	1	0	0.0	0.0	0.0	0.0	0.247524752475
48	1	1	0	0.527472527473	0.48	0.455555555556	0.565656565657	0.510204081633
49	1	1	0	0.0	0.0	0.0	0.0	0.0
50	1	1	0	0.0	0.0	0.0	0.0	0.0
51	1	1	0	0.474747474747	0.513513513514	0.513043478261	0.505263157895	0.510204081633
52	1	1	0	0.515151515152	0.5	0.466019417476	0.412371134021	0.459183673469
53	1	1	0	0.531531531532	0.591836734694	0.495327102804	0.54347826087	0.504504504505
54	1	1	0	0.0	0.201834862385	0.0810810810811	0.222222222222	0.0
55	1	1	0	0.336956521739	0.333333333333	0.121739130435	0.1875	0.226804123711
56	1	1	0	0.0	0.0	0.135922330097	0.0	0.0
57	1	1	0	0.564356435644	0.545454545455	0.424242424242	0.478723404255	0.491071428571
58	1	1	0	0.547368421053	0.552631578947	0.418181818182	0.447058823529	0.422680412371
59	1	1	0	0.0	0.0	0.0	0.0	0.0
60	1	1	0	0.0	0.0	0.0	0.0	0.0
61	1	1	0	0.0	0.220338983051	0.0666666666667	0.242424242424	0.0
62	1	1	0	0.264957264957	0.302083333333	0.238532110092	0.213483146067	0.158415841584
63	1	1	0	0.0	0.19	0.0598290598291	0.196078431373	0.0
64	1	1	0	0.0	0.0	0.0	0.0	0.0
65	1	1	0	0.441860465116	0.532710280374	0.490384615385	0.552083333333	0.489795918367
66	1	1	0	0.526315789474	0.505494505495	0.428571428571	0.475247524752	0.381443298969
67	1	1	0	0.0	0.101851851852	0.0957446808511	0.218181818182	0.0
68	1	1	0	0.292134831461	0.279069767442	0.0	0.0	0.0
69	1	1	0	0.53125	0.568965517241	0.530120481928	0.59793814433	0.504854368932
70	1	1	0	0.28	0.35	0.0588235294118	0.25	0.192307692308
71	1	1	0	0.275510204082	0.25	0.0588235294118	0.260869565217	0.214953271028
72	1	1	0	0.0	0.0813953488372	0.0963855421687	0.213483146067	0.0
73	1	1	0	0.0	0.0	0.0	0.0	0.0
74	1	1	0	0.0	0.0	0.0	0.0	0.0
75	1	1	0	0.30612244898	0.171717171717	0.0	0.0	0.0
76	1	1	0	0.0	0.0	0.0	0.0	0.0
77	1	1	0	0.0	0.0	0.0	0.0	0.0
78	1	1	0	0.0	0.119565217391	0.0481927710843	0.132530120482	0.0
79	1	1	0	0.0	0.0	0.0	0.0	0.0
80	1	1	0	0.0	0.0	0.0	0.0	0.0
81	1	1	0	0.344827586207	0.3125	0.078431372549	0.279661016949	0.276595744681
82	1	1	0	0.351851851852	0.377551020408	0.101851851852	0.214285714286	0.215909090909
83	1	1	0	0.483146067416	0.5	0.471153846154	0.5	0.524752475248
84	1	1	0	0.0	0.0	0.0	0.0	0.0
85	1	1	0	0.468085106383	0.495145631068	0.367816091954	0.565656565657	0.575221238938
86	1	1	0	0.281818181818	0.131868131868	0.0	0.0	0.0
87	1	1	0	0.528301886792	0.432989690722	0.38	0.567307692308	0.518518518519
88	1	1	0	0.368932038835	0.435643564356	0.477876106195	0.476744186047	0.525773195876
89	1	1	0	0.284090909091	0.37	0.078431372549	0.214876033058	0.238095238095
90	1	1	0	0.0	0.0	0.0	0.0	0.0
91	1	1	0	0.514018691589	0.666666666667	0.586538461538	0.395604395604	0.567010309278
92	1	1	0	0.490740740741	0.521739130435	0.326732673267	0.443396226415	0.477777777778
93	1	1	0	0.378640776699	0.530612244898	0.394230769231	0.472222222222	0.470588235294
94	1	1	0	0.5	0.560344827586	0.395348837209	0.520408163265	0.455445544554
95	1	1	0	0.0	0.0	0.0	0.0	0.263157894737
96	1	1	0	0.568421052632	0.611650485437	0.427184466019	0.51	0.49504950495
97	1	1	0	0.0	0.0	0.0	0.0	0.0
98	1	1	0	0.0	0.0	0.0	0.0	0.0
99	1	1	0	0.0	0.0	0.0	0.0	0.0
100	1	1	0	0.0	0.0	0.0	0.0	0.0
