#chr	normal	sample0	sample1	sample2	sample3	sample4	sample5	sample6	sample7	sample8	sample9	sample10	sample11	sample12	sample13	sample14
0	0	0.0858895705521	0.122388059701	0.0	0.0	0.0	0.0	0.0	0.0	0.0820668693009	0.0	0.0	0.182156133829	0.0	0.0	0.0
1	0	0.0	0.0	0.0	0.0	0.0	0.0	0.168562564633	0.149298597194	0.173096976017	0.178606476938	0.127254509018	0.321503131524	0.143549951503	0.0	0.281853281853
2	0	0.297297297297	0.20297029703	0.373031496063	0.205736894164	0.0	0.257608695652	0.35063559322	0.278836509529	0.396019900498	0.344410876133	0.261691542289	0.331313131313	0.374245472837	0.313170731707	0.297642436149
3	0	0.0890346766635	0.117982873454	0.0	0.0	0.0	0.0	0.0	0.0	0.0835095137421	0.0	0.0	0.157213930348	0.0	0.0	0.0
4	0	0.0	0.0	0.0	0.0	0.191467221644	0.0	0.0	0.151950718686	0.0	0.159722222222	0.135	0.0	0.129196337742	0.0	0.0
5	0	0.0	0.0	0.0	0.0	0.123173277662	0.0907335907336	0.0	0.0	0.0	0.0	0.0	0.0	0.0	0.0	0.0
6	0	0.0	0.0	0.0	0.0	0.0	0.0	0.197049525817	0.133709981168	0.162743091095	0.172277227723	0.140771637122	0.324675324675	0.183266932271	0.0	0.289395441031
7	0	0.0	0.0	0.166828322017	0.0	0.0	0.122222222222	0.0	0.134	0.0	0.0	0.0	0.0	0.0	0.182347235694	0.0
8	0	0.0961538461538	0.125373134328	0.0	0.273760330579	0.341176470588	0.113974231913	0.150047483381	0.146942800789	0.091641490433	0.146974063401	0.235173824131	0.151673640167	0.165818921668	0.180840664712	0.0
9	0	0.0918163672655	0.125665601704	0.0	0.0	0.0	0.0	0.0	0.0	0.077457795432	0.0	0.0	0.1728515625	0.0	0.0	0.0
10	0	0.0	0.0	0.0	0.0	0.0	0.0	0.195380173244	0.160528800755	0.165714285714	0.184261036468	0.137688442211	0.328125	0.155466399198	0.0	0.302579365079
11	0	0.49950347567	0.499502487562	0.50152284264	0.497512437811	0.481844946026	0.499497487437	0.482482482482	0.491739552964	0.491542288557	0.478534031414	0.517669531996	0.47216890595	0.487411883182	0.481262327416	0.512096774194
12	0	0.0	0.0	0.0	0.0	0.0	0.0	0.181117533719	0.142147117296	0.15987460815	0.173520561685	0.133611691023	0.309236947791	0.13567839196	0.0	0.301868239921
13	0	0.0844793713163	0.114613180516	0.0	0.0	0.0	0.0	0.0	0.0	0.0717896865521	0.0	0.0	0.159176029963	0.0	0.0	0.0
14	0	0.0	0.0	0.0	0.0	0.204975124378	0.0	0.0	0.167798254122	0.0	0.146942800789	0.127789046653	0.0	0.139901477833	0.0	0.0
15	0	0.29900990099	0.0	0.345728643216	0.216484607746	0.0	0.118343195266	0.175769612711	0.222903885481	0.406043437205	0.169216061185	0.146414342629	0.349159248269	0.268943436499	0.31139944393	0.282435129741
16	0	0.312684365782	0.198623402163	0.358786610879	0.202783300199	0.0	0.256637168142	0.353293413174	0.236920039487	0.423764458465	0.35119047619	0.249233912155	0.335005015045	0.390485629336	0.287287287287	0.304957904584
17	0	0.0	0.0	0.170606372045	0.0	0.0	0.121387283237	0.0	0.131474103586	0.0	0.0	0.0	0.0	0.0	0.185807656396	0.0
18	0	0.0	0.0	0.0	0.0	0.212240868707	0.0	0.0	0.12039800995	0.0	0.178010471204	0.141434262948	0.0	0.146459747818	0.0	0.0
19	0	0.512795275591	0.496350364964	0.471486761711	0.492078285182	0.496544916091	0.484879032258	0.515887850467	0.4794921875	0.504306220096	0.499053030303	0.503073770492	0.50700280112	0.506986027944	0.493123772102	0.5
20	0	0.102463054187	0.110119047619	0.0	0.282025819265	0.335015136226	0.104063429138	0.144153225806	0.12036108325	0.0740375123396	0.172482552343	0.2509765625	0.166503428012	0.148367952522	0.201476793249	0.0
21	0	0.28115942029	0.207859358842	0.358252427184	0.187743190661	0.0	0.26570545829	0.354969574037	0.255424063116	0.400194741967	0.354965585054	0.235525024534	0.331243469175	0.34842519685	0.319526627219	0.289795918367
22	0	0.119119119119	0.0	0.165680473373	0.208025343189	0.0	0.135575942915	0.0	0.103556485356	0.107581967213	0.0	0.0	0.0	0.0864699898271	0.301825993555	0.0
23	0	0.0954724409449	0.0	0.171634121274	0.232106339468	0.0	0.136726546906	0.0	0.120229007634	0.0950920245399	0.0	0.0	0.0	0.0959332638165	0.306436119116	0.0
24	0	0.0	0.0	0.0	0.0	0.195436507937	0.0	0.0	0.139344262295	0.0	0.170854271357	0.137659783677	0.0	0.15368852459	0.0	0.0
25	0	0.0	0.0	0.0	0.0	0.0	0.0	0.183513248283	0.15897939156	0.169607843137	0.172790466733	0.140039447732	0.325203252033	0.158585858586	0.0	0.265542676502
26	0	0.0939060939061	0.0	0.161421319797	0.198451113262	0.0	0.149581589958	0.0	0.120798319328	0.0965092402464	0.0	0.0	0.0	0.0690355329949	0.334685598377	0.0
27	0	0.516096579477	0.503560528993	0.490816326531	0.484300666032	0.518552875696	0.488821138211	0.513567839196	0.517874396135	0.490093847758	0.524557956778	0.495283018868	0.506507592191	0.518907563025	0.483549351944	0.476331360947
28	0	0.275574112735	0.0	0.334661354582	0.204843592331	0.0	0.131655372701	0.209939148073	0.274224806202	0.427536231884	0.169696969697	0.151898734177	0.328671328671	0.238445378151	0.311178247734	0.267384916748
29	0	0.0	0.0	0.0	0.0	0.214285714286	0.0	0.0	0.135245901639	0.0	0.152977412731	0.134951456311	0.0	0.137823834197	0.0	0.0
30	0	0.0	0.0	0.0	0.0	0.0	0.0	0.16330451489	0.13587487781	0.163471241171	0.164989939638	0.143131604227	0.340060544904	0.143414634146	0.0	0.270491803279
31	0	0.0	0.0	0.0	0.0	0.144660194175	0.11186770428	0.0	0.0	0.0	0.0	0.0	0.0	0.0	0.0	0.0
32	0	0.101395348837	0.125358851675	0.0	0.0	0.0	0.0	0.0	0.0	0.0780780780781	0.0	0.0	0.170254403131	0.0	0.0	0.0
33	0	0.0804710500491	0.0927152317881	0.0	0.305810397554	0.3385518591	0.103553299492	0.169425511198	0.135025380711	0.0893743793446	0.160518444666	0.238095238095	0.169042769857	0.13179916318	0.177842565598	0.0
34	0	0.0	0.0	0.0	0.0	0.0	0.0	0.177215189873	0.135527589545	0.150442477876	0.185375901133	0.140816326531	0.336099585062	0.126447876448	0.0	0.281096963761
35	0	0.0	0.0	0.0	0.0	0.0	0.0	0.184262948207	0.127840909091	0.164149043303	0.19395711501	0.134462151394	0.325910931174	0.140946502058	0.0	0.277238403452
36	0	0.0823653643083	0.119318181818	0.0	0.293359762141	0.319258496395	0.0901803607214	0.161386138614	0.129724208376	0.0851887705712	0.173195876289	0.232032854209	0.189710610932	0.142292490119	0.208121827411	0.0
37	0	0.0	0.0	0.0	0.0	0.222546161322	0.0	0.0	0.141762452107	0.0	0.174698795181	0.136054421769	0.0	0.122167487685	0.0	0.0
38	0	0.287184284378	0.20310880829	0.34623655914	0.217821782178	0.0	0.272635814889	0.346	0.242334322453	0.420388349515	0.327788649706	0.251791197544	0.324715615305	0.356589147287	0.344861660079	0.301648884578
39	0	0.0	0.0	0.171828171828	0.0	0.0	0.133534136546	0.0	0.116552399608	0.0	0.0	0.0	0.0	0.0	0.177072671443	0.0
40	0	0.0	0.0	0.0	0.0	0.208121827411	0.0	0.0	0.144359464627	0.0	0.186252771619	0.139190523198	0.0	0.134134134134	0.0	0.0
41	0	0.0	0.0	0.0	0.0	0.197381671702	0.0	0.0	0.138429752066	0.0	0.18147086915	0.12577962578	0.0	0.151543498597	0.0	0.0
42	0	0.0979797979798	0.12462006079	0.0	0.292089249493	0.339916839917	0.0887755102041	0.126448893572	0.13188976378	0.0910020449898	0.180819180819	0.245714285714	0.173728813559	0.155241935484	0.189134808853	0.0
43	0	0.105365853659	0.104956268222	0.0	0.289693593315	0.313387423935	0.130813953488	0.151196172249	0.132751937984	0.0865384615385	0.156218905473	0.262461851475	0.16906820365	0.130608175474	0.188583078491	0.0
44	0	0.0	0.0	0.176817288802	0.0	0.0	0.163286004057	0.0	0.12118226601	0.0	0.0	0.0	0.0	0.0	0.179060665362	0.0
45	0	0.0	0.0	0.165338645418	0.0	0.0	0.142857142857	0.0	0.12108559499	0.0	0.0	0.0	0.0	0.0	0.205291005291	0.0
46	0	0.0	0.0	0.0	0.0	0.204331450094	0.0	0.0	0.139175257732	0.0	0.157480314961	0.155227032735	0.0	0.158906882591	0.0	0.0
47	0	0.503913894325	0.519308943089	0.498956158664	0.530549898167	0.499485066941	0.512007684918	0.477900552486	0.493914807302	0.493454179255	0.49297188755	0.516683518706	0.487025948104	0.501024590164	0.516549648947	0.471865745311
48	0	0.0	0.0	0.168898043254	0.0	0.0	0.11359223301	0.0	0.110337972167	0.0	0.0	0.0	0.0	0.0	0.19898989899	0.0
49	0	0.0786749482402	0.116895874263	0.0	0.0	0.0	0.0	0.0	0.0	0.10197710718	0.0	0.0	0.176056338028	0.0	0.0	0.0
50	0	0.0990291262136	0.125984251969	0.0	0.0	0.0	0.0	0.0	0.0	0.0752797558494	0.0	0.0	0.187238493724	0.0	0.0	0.0
51	0	0.0	0.0	0.0	0.0	0.0	0.0	0.194583751254	0.147058823529	0.147605083089	0.165858389913	0.119023397762	0.336057201226	0.148524923703	0.0	0.282717282717
52	0	0.0	0.0	0.164328657315	0.0	0.0	0.145208131655	0.0	0.100704934542	0.0	0.0	0.0	0.0	0.0	0.190291262136	0.0
53	0	0.0	0.0	0.0	0.0	0.0	0.0	0.21421319797	0.132321041215	0.168560606061	0.164251207729	0.135625596944	0.310412573674	0.147524752475	0.0	0.283076923077
54	0	0.507492507493	0.51554663992	0.475890985325	0.478691774034	0.512770137525	0.527156549521	0.505472636816	0.516096579477	0.490054249548	0.509341199607	0.507246376812	0.52697495183	0.513319672131	0.523421588595	0.481977342945
55	0	0.0	0.0	0.0	0.0	0.0	0.0	0.17277992278	0.12474012474	0.132149901381	0.186960690316	0.127725856698	0.346525096525	0.134524929445	0.0	0.275423728814
56	0	0.0	0.0	0.0	0.0	0.0	0.0	0.183550651956	0.132994923858	0.172801635992	0.193103448276	0.142284569138	0.318181818182	0.154432793136	0.0	0.268449197861
57	0	0.109452736318	0.141199226306	0.0	0.0	0.0	0.0	0.0	0.0	0.0907317073171	0.0	0.0	0.148335015136	0.0	0.0	0.0
58	0	0.0	0.0	0.175542406312	0.0	0.0	0.136040609137	0.0	0.112130479103	0.0	0.0	0.0	0.0	0.0	0.181262729124	0.0
59	0	0.522299306244	0.536443148688	0.482859941234	0.493914807302	0.505641025641	0.517412935323	0.476381909548	0.515060240964	0.480810234542	0.466463414634	0.511511511512	0.498039215686	0.523300970874	0.506653019447	0.487700534759
60	0	0.487945998071	0.487875848691	0.506172839506	0.49648241206	0.515086206897	0.497035573123	0.497950819672	0.505112474438	0.489614243323	0.5	0.508771929825	0.481655691439	0.49141221374	0.516923076923	0.487562189055
61	0	0.0805639476334	0.12130479103	0.0	0.0	0.0	0.0	0.0	0.0	0.0751802265705	0.0	0.0	0.17373319545	0.0	0.0	0.0
62	0	0.0	0.0	0.0	0.0	0.215557638238	0.0	0.0	0.0998062015504	0.0	0.169960474308	0.143434343434	0.0	0.125244618395	0.0	0.0
63	0	0.0	0.0	0.0	0.0	0.0	0.0	0.178638941399	0.148399612027	0.160081053698	0.157534246575	0.127093596059	0.329076620825	0.156822810591	0.0	0.289029535865
64	0	0.0	0.0	0.0	0.0	0.228626320845	0.0	0.0	0.13021363174	0.0	0.204901960784	0.143315508021	0.0	0.136639676113	0.0	0.0
65	0	0.508687258687	0.512922465209	0.518877057115	0.49950347567	0.527131782946	0.504381694255	0.515515515516	0.492217898833	0.486631016043	0.520161290323	0.496565260059	0.508858267717	0.500504540868	0.50580270793	0.481086323957
66	0	0.0	0.0	0.0	0.0	0.0	0.0	0.201395812562	0.161052631579	0.153306613226	0.163371488033	0.131198347107	0.362035225049	0.139807897545	0.0	0.26244813278
67	0	0.0	0.0	0.0	0.0	0.128378378378	0.102589641434	0.0	0.0	0.0	0.0	0.0	0.0	0.0	0.0	0.0
68	0	0.0	0.0	0.164888457808	0.0	0.0	0.136973180077	0.0	0.155857740586	0.0	0.0	0.0	0.0	0.0	0.192307692308	0.0
69	0	0.0	0.0	0.14887063655	0.0	0.0	0.112576064909	0.0	0.118660287081	0.0	0.0	0.0	0.0	0.0	0.177551020408	0.0
70	0	0.0874751491054	0.105263157895	0.0	0.0	0.0	0.0	0.0	0.0	0.0788954635108	0.0	0.0	0.16148445336	0.0	0.0	0.0
71	0	0.0	0.0	0.0	0.0	0.20197044335	0.0	0.0	0.128909952607	0.0	0.16	0.13228035538	0.0	0.142716535433	0.0	0.0
72	0	0.114519427403	0.0	0.16430020284	0.195652173913	0.0	0.144697720515	0.0	0.122232916266	0.101825168108	0.0	0.0	0.0	0.0949119373777	0.315533980583	0.0
73	0	0.277890466531	0.0	0.322772277228	0.202729044834	0.0	0.126135216953	0.212028542304	0.273891625616	0.432673267327	0.159544159544	0.123408423115	0.328267477204	0.236205227493	0.332991803279	0.280318091451
74	0	0.0	0.0	0.161749745677	0.0	0.0	0.136182902584	0.0	0.114967462039	0.0	0.0	0.0	0.0	0.0	0.186778593914	0.0
75	0	0.0796731358529	0.130030959752	0.0	0.0	0.0	0.0	0.0	0.0	0.0838383838384	0.0	0.0	0.163950143816	0.0	0.0	0.0
76	0	0.0	0.0	0.141	0.0	0.0	0.128871128871	0.0	0.140960163432	0.0	0.0	0.0	0.0	0.0	0.172619047619	0.0
77	0	0.0	0.0	0.0	0.0	0.198974358974	0.0	0.0	0.141199226306	0.0	0.167326732673	0.154223968566	0.0	0.142557651992	0.0	0.0
78	0	0.268717948718	0.203629032258	0.355711422846	0.204395604396	0.0	0.271186440678	0.340101522843	0.280966767372	0.425944841675	0.354251012146	0.266985645933	0.334932821497	0.401734104046	0.3	0.294230769231
79	0	0.274509803922	0.21138996139	0.320588235294	0.21164021164	0.0	0.266355140187	0.351295336788	0.24055666004	0.410256410256	0.356783919598	0.245	0.335265700483	0.371732817038	0.310380267215	0.28667953668
80	0	0.0	0.0	0.0	0.0	0.20206185567	0.0	0.0	0.150103519669	0.0	0.179775280899	0.130782918149	0.0	0.122593718338	0.0	0.0
81	0	0.280040733198	0.213	0.360856269113	0.229847494553	0.0	0.264705882353	0.357502517623	0.273760330579	0.440305635148	0.330628803245	0.25843780135	0.329268292683	0.379379379379	0.319457889642	0.271825396825
82	0	0.0	0.0	0.0	0.0	0.0	0.0	0.187812187812	0.127766599598	0.151804670913	0.176884422111	0.132382892057	0.327122153209	0.142857142857	0.0	0.283716283716
83	0	0.262944162437	0.0	0.333333333333	0.210152284264	0.0	0.139626352016	0.167326732673	0.247422680412	0.395569620253	0.177125506073	0.157127991675	0.323047251688	0.194214876033	0.33400605449	0.267857142857
84	0	0.0872274143302	0.111322549952	0.0	0.273291925466	0.332323232323	0.0892156862745	0.15732546706	0.148111332008	0.091649694501	0.167473378509	0.240890688259	0.167497507478	0.154285714286	0.199427480916	0.0
85	0	0.0988258317025	0.120207253886	0.0	0.0	0.0	0.0	0.0	0.0	0.0975369458128	0.0	0.0	0.178362573099	0.0	0.0	0.0
86	0	0.0	0.0	0.0	0.0	0.0	0.0	0.19644723093	0.146974063401	0.17296222664	0.175278622087	0.152866242038	0.339717741935	0.155925155925	0.0	0.282375851996
87	0	0.265388496468	0.199416342412	0.369649805447	0.195652173913	0.0	0.274779195289	0.310994764398	0.253875968992	0.442452830189	0.324210526316	0.2822265625	0.334622823985	0.370149253731	0.326959847036	0.294117647059
88	0	0.0	0.0	0.157998037291	0.0	0.0	0.148330058939	0.0	0.109327983952	0.0	0.0	0.0	0.0	0.0	0.203647416413	0.0
89	0	0.0	0.0	0.178109452736	0.0	0.0	0.124007936508	0.0	0.115834218916	0.0	0.0	0.0	0.0	0.0	0.184262948207	0.0
90	0	0.0939663699308	0.1189296333	0.0	0.0	0.0	0.0	0.0	0.0	0.0772238514174	0.0	0.0	0.179282868526	0.0	0.0	0.0
91	0	0.0	0.0	0.167818361303	0.0	0.0	0.121951219512	0.0	0.111553784861	0.0	0.0	0.0	0.0	0.0	0.169322709163	0.0
92	0	0.0	0.0	0.193	0.0	0.0	0.147028154327	0.0	0.122023809524	0.0	0.0	0.0	0.0	0.0	0.189214758751	0.0
93	0	0.0	0.0	0.0	0.0	0.204660587639	0.0	0.0	0.146639511202	0.0	0.171325518485	0.110337972167	0.0	0.138476755687	0.0	0.0
94	0	0.0	0.0	0.151422764228	0.0	0.0	0.128834355828	0.0	0.137055837563	0.0	0.0	0.0	0.0	0.0	0.18431372549	0.0
95	0	0.0	0.0	0.0	0.0	0.198544698545	0.0	0.0	0.132258064516	0.0	0.158774373259	0.146100691017	0.0	0.125725338491	0.0	0.0
96	0	0.0	0.0	0.169456066946	0.0	0.0	0.134110787172	0.0	0.102983638114	0.0	0.0	0.0	0.0	0.0	0.194994786236	0.0
97	0	0.0881488736533	0.114669421488	0.0	0.0	0.0	0.0	0.0	0.0	0.0808383233533	0.0	0.0	0.177311725453	0.0	0.0	0.0
98	0	0.485537190083	0.486266531027	0.515968063872	0.506276150628	0.4765625	0.522177419355	0.47960199005	0.531062124248	0.50243902439	0.513833992095	0.5	0.526	0.505030181087	0.514889529299	0.506849315068
99	0	0.0	0.0	0.0	0.0	0.0	0.0	0.183943089431	0.150414937759	0.151702786378	0.150406504065	0.136411332634	0.341085271318	0.138203356367	0.0	0.29520295203
