Chromosome	Position	Change	Gene	sample0	sample1	sample2	sample3	sample4
1	0	A>C	1	81	206	0	185	359
1	1	G>A	1	0	0	162	0	0
1	2	A>G	1	77	0	0	0	148
1	3	C>A	1	83	0	0	0	114
1	4	A>C	1	92	0	0	0	163
1	5	T>A	1	84	0	0	0	136
1	6	T>A	1	119	0	0	0	0
1	7	A>G	1	93	0	0	0	130
1	8	A>C	1	81	0	0	0	120
1	9	T>C	1	88	185	0	170	366
1	10	C>A	1	146	0	0	0	0
1	11	C>G	1	67	0	0	0	147
1	12	G>T	1	78	0	0	0	131
1	13	A>C	1	134	195	128	193	0
1	14	G>A	1	130	196	158	166	0
1	15	A>C	1	132	171	185	174	0
1	16	T>A	1	85	0	0	0	160
1	17	A>C	1	121	184	144	191	0
1	18	A>T	1	76	0	0	0	135
1	19	C>G	1	76	0	0	0	138
1	20	C>T	1	158	0	0	0	0
1	21	A>G	1	82	0	0	0	155
1	22	G>C	1	142	165	131	187	0
1	23	C>T	1	77	222	0	216	364
1	24	C>G	1	0	0	0	0	227
1	25	G>C	1	144	0	0	0	0
1	26	T>A	1	129	209	145	165	0
1	27	A>C	1	87	0	0	0	142
1	28	G>A	1	139	0	0	0	0
1	29	C>A	1	122	180	120	182	0
1	30	G>T	1	0	0	160	0	0
1	31	A>T	1	0	0	97	0	0
1	32	G>T	1	149	158	146	169	0
1	33	C>A	1	130	0	0	0	0
1	34	T>G	1	119	182	143	193	0
1	35	G>C	1	77	0	0	0	140
1	36	G>C	1	153	0	0	0	0
1	37	G>C	1	76	198	0	200	388
1	38	G>C	1	125	169	150	189	0
1	39	C>A	1	80	0	0	0	124
1	40	C>A	1	104	0	0	0	123
1	41	A>G	1	81	0	0	0	140
1	42	T>C	1	76	0	0	0	125
1	43	C>G	1	117	179	127	190	0
1	44	T>G	1	77	219	0	211	365
1	45	G>C	1	122	185	149	169	0
1	46	T>A	1	142	205	138	171	0
1	47	C>G	1	128	179	151	174	0
1	48	C>A	1	102	0	0	0	146
1	49	A>T	1	79	0	0	0	164
1	50	A>C	1	148	186	136	165	0
1	51	G>A	1	94	0	0	0	114
1	52	C>G	1	80	0	0	0	115
1	53	A>C	1	127	176	141	172	0
1	54	C>A	1	0	0	170	0	0
1	55	C>A	1	144	183	138	201	0
1	56	T>G	1	0	0	155	0	0
1	57	G>A	1	78	204	0	233	334
1	58	A>G	1	112	0	0	0	0
1	59	A>G	1	126	0	0	0	0
1	60	C>G	1	83	0	0	0	141
1	61	C>A	1	136	206	123	190	0
1	62	G>A	1	93	0	0	0	141
1	63	G>C	1	61	0	0	0	106
1	64	C>T	1	82	0	0	0	127
1	65	C>G	1	143	0	0	0	0
1	66	T>C	1	87	0	0	0	126
1	67	A>G	1	86	0	0	0	121
1	68	C>G	1	119	186	153	171	0
1	69	T>G	1	125	0	0	0	0
1	70	A>G	1	70	0	0	0	134
1	71	C>G	1	88	0	0	0	115
1	72	G>C	1	0	0	150	0	0
1	73	C>A	1	0	128	85	113	123
1	74	A>C	1	0	0	155	0	0
1	75	G>A	1	0	0	0	0	235
1	76	A>G	1	145	175	118	177	0
1	77	C>G	1	76	0	0	0	135
1	78	A>C	1	82	202	0	238	374
1	79	C>A	1	66	0	0	0	132
1	80	T>A	1	70	192	0	212	373
1	81	C>G	1	0	0	168	0	0
1	82	T>A	1	141	151	156	192	0
1	83	T>C	1	73	0	0	0	121
1	84	C>A	1	145	173	138	168	0
1	85	A>C	1	77	0	0	0	141
1	86	C>T	1	74	0	0	0	126
1	87	G>T	1	137	169	156	185	0
1	88	C>G	1	0	0	150	0	0
1	89	C>T	1	147	189	160	183	0
1	90	A>G	1	143	0	0	0	0
1	91	C>A	1	143	0	0	0	0
1	92	G>C	1	0	0	176	0	0
1	93	G>T	1	131	181	149	184	0
1	94	T>A	1	135	0	0	0	0
1	95	T>A	1	89	0	0	0	147
1	96	A>G	1	91	207	0	233	405
1	97	C>G	1	147	175	137	182	0
1	98	G>C	1	142	191	148	169	0
1	99	A>G	1	131	201	148	186	0
