#chr	normal	sample0	sample1	sample2	sample3	sample4
0	0	0.0	0.0	0.135416666667	0.269565217391	0.0
1	0	0.194174757282	0.0	0.0	0.0	0.0
2	0	0.0	0.146551724138	0.0	0.0	0.0
3	0	0.0	0.0	0.10101010101	0.267326732673	0.0
4	0	0.0	0.0	0.0	0.0	0.159663865546
5	0	0.0	0.238095238095	0.120689655172	0.21359223301	0.28
6	0	0.0	0.0	0.122222222222	0.33	0.0
7	0	0.0	0.0	0.0	0.0	0.0825688073394
8	0	0.0	0.0	0.0697674418605	0.293333333333	0.0
9	0	0.173469387755	0.122807017544	0.0	0.0	0.104761904762
10	0	0.142857142857	0.189473684211	0.063829787234	0.233644859813	0.0743801652893
11	0	0.0	0.0	0.0	0.0	0.12380952381
12	0	0.140350877193	0.144230769231	0.0	0.0	0.197530864198
13	0	0.140186915888	0.155172413793	0.0	0.0	0.142857142857
14	0	0.159292035398	0.0	0.0	0.0	0.0
15	0	0.0	0.120689655172	0.0	0.0	0.0
16	0	0.544117647059	0.514563106796	0.164948453608	0.224299065421	0.552083333333
17	0	0.144230769231	0.25	0.108108108108	0.223300970874	0.141509433962
18	0	0.0	0.254716981132	0.0	0.0	0.0
19	0	0.173076923077	0.0	0.0	0.0	0.0
20	0	0.0	0.0	0.0	0.0	0.103448275862
21	0	0.159663865546	0.142857142857	0.0	0.0	0.11
22	0	0.0	0.0	0.0752688172043	0.315789473684	0.0
23	0	0.0	0.25	0.151515151515	0.283018867925	0.174311926606
24	0	0.0	0.0	0.0	0.0	0.0752688172043
25	0	0.16814159292	0.0	0.0	0.0	0.0
26	0	0.0	0.0	0.121739130435	0.0	0.0
27	0	0.0	0.233644859813	0.0673076923077	0.195652173913	0.146341463415
28	0	0.158878504673	0.175257731959	0.0	0.0	0.117021276596
29	0	0.0729166666667	0.0	0.0	0.0	0.0
30	0	0.0	0.0	0.0851063829787	0.26213592233	0.0
31	0	0.488888888889	0.522222222222	0.281553398058	0.19587628866	0.514563106796
32	0	0.0	0.0	0.0	0.0	0.120879120879
33	0	0.0	0.0	0.118811881188	0.27397260274	0.0
34	0	0.168674698795	0.0	0.0	0.0	0.0
35	0	0.0	0.0	0.145631067961	0.224489795918	0.0
36	0	0.0	0.127450980392	0.135416666667	0.223300970874	0.132530120482
37	0	0.15625	0.0679611650485	0.0	0.0	0.173469387755
38	0	0.153846153846	0.0	0.0	0.0	0.0
39	0	0.123595505618	0.0	0.0	0.0	0.0
40	0	0.540816326531	0.544444444444	0.194444444444	0.272727272727	0.511363636364
41	0	0.0	0.230769230769	0.0631578947368	0.220779220779	0.223300970874
42	0	0.152380952381	0.21359223301	0.0756302521008	0.230769230769	0.15
43	0	0.0	0.0	0.120689655172	0.294736842105	0.0
44	0	0.133333333333	0.241758241758	0.0481927710843	0.238095238095	0.0769230769231
45	0	0.0	0.0	0.0	0.0	0.1
46	0	0.183673469388	0.0	0.0	0.0	0.0
47	0	0.533980582524	0.525252525253	0.263157894737	0.255102040816	0.532110091743
48	0	0.0	0.197802197802	0.0	0.0	0.0
49	0	0.142857142857	0.0	0.0	0.0	0.0
50	0	0.157407407407	0.125	0.0	0.0	0.128
51	0	0.0	0.0	0.119266055046	0.31067961165	0.0
52	0	0.0	0.0	0.0	0.0	0.0652173913043
53	0	0.182608695652	0.0	0.0	0.0	0.0
54	0	0.0	0.144329896907	0.0	0.0	0.0
55	0	0.197802197802	0.2	0.0	0.0	0.198113207547
56	0	0.0	0.0	0.0	0.0	0.0612244897959
57	0	0.131313131313	0.0	0.0	0.0	0.0
58	0	0.0	0.0	0.0693069306931	0.269662921348	0.0
59	0	0.566265060241	0.522935779817	0.228260869565	0.19	0.494505494505
60	0	0.521739130435	0.487804878049	0.181818181818	0.271844660194	0.522522522523
61	0	0.555555555556	0.604395604396	0.120689655172	0.222222222222	0.326086956522
62	0	0.0	0.0	0.131868131868	0.0	0.0
63	0	0.0	0.0	0.0	0.0	0.0679611650485
64	0	0.182795698925	0.0	0.0	0.0	0.0
65	0	0.0	0.0	0.148514851485	0.295454545455	0.0
66	0	0.0	0.171717171717	0.0731707317073	0.2	0.218181818182
67	0	0.47191011236	0.451612903226	0.277777777778	0.247524752475	0.548672566372
68	0	0.446428571429	0.529411764706	0.147727272727	0.31	0.486725663717
69	0	0.0795454545455	0.244186046512	0.105691056911	0.190909090909	0.128205128205
70	0	0.0	0.0	0.0	0.0	0.0550458715596
71	0	0.0	0.0	0.0	0.0	0.0940170940171
72	0	0.0	0.0	0.140186915888	0.301075268817	0.0
73	0	0.490566037736	0.515789473684	0.219298245614	0.25	0.495238095238
74	0	0.164948453608	0.259259259259	0.0842105263158	0.207207207207	0.138613861386
75	0	0.119047619048	0.228260869565	0.0964912280702	0.221153846154	0.130434782609
76	0	0.47	0.491228070175	0.209302325581	0.237623762376	0.444444444444
77	0	0.0	0.225225225225	0.0	0.0	0.0
78	0	0.0	0.0	0.119565217391	0.239130434783	0.0
79	0	0.0	0.0	0.190476190476	0.0	0.0
80	0	0.513513513514	0.465346534653	0.13829787234	0.247863247863	0.531531531532
81	0	0.0	0.0	0.0	0.0	0.113402061856
82	0	0.178947368421	0.0	0.0	0.0	0.0
83	0	0.0	0.0	0.0	0.0	0.100917431193
84	0	0.144329896907	0.21	0.103773584906	0.257142857143	0.10989010989
85	0	0.0	0.0	0.120879120879	0.247524752475	0.0
86	0	0.0	0.215053763441	0.104166666667	0.207920792079	0.151515151515
87	0	0.551401869159	0.413461538462	0.188118811881	0.29347826087	0.525773195876
88	0	0.0	0.0	0.0934579439252	0.314814814815	0.0
89	0	0.0	0.0	0.0	0.0	0.0560747663551
90	0	0.471153846154	0.525252525253	0.2	0.22	0.467889908257
91	0	0.0	0.2	0.0421052631579	0.210526315789	0.25
92	0	0.0	0.0	0.122448979592	0.257142857143	0.0
93	0	0.168539325843	0.114583333333	0.0	0.0	0.136363636364
94	0	0.136842105263	0.155339805825	0.157894736842	0.276595744681	0.09375
95	0	0.0	0.0	0.0854700854701	0.242105263158	0.0
96	0	0.0	0.0	0.144230769231	0.252631578947	0.0
97	0	0.207317073171	0.27	0.122448979592	0.275510204082	0.117117117117
98	0	0.516853932584	0.537634408602	0.16091954023	0.219512195122	0.440860215054
99	0	0.0	0.0	0.0	0.0	0.10843373494
