#chr	normal	sample0	sample1	sample2	sample3	sample4
0	0	0.0792079207921	0.0	0.336448598131	0.127450980392	0.270588235294
1	0	0.122807017544	0.253012048193	0.0	0.0	0.152380952381
2	0	0.0810810810811	0.0	0.327433628319	0.155339805825	0.182692307692
3	0	0.0	0.323529411765	0.197802197802	0.0	0.0
4	0	0.357894736842	0.565656565657	0.181818181818	0.0	0.168316831683
5	0	0.105769230769	0.131313131313	0.0	0.0	0.0
6	0	0.152173913043	0.170212765957	0.0	0.0	0.0
7	0	0.129032258065	0.0	0.317757009346	0.180952380952	0.215053763441
8	0	0.0	0.329113924051	0.177083333333	0.0	0.0
9	0	0.163265306122	0.0	0.156626506024	0.0	0.137614678899
10	0	0.0	0.471428571429	0.188679245283	0.0	0.0
11	0	0.156862745098	0.0	0.384615384615	0.2	0.184782608696
12	0	0.0	0.0	0.0	0.0	0.0
13	0	0.0810810810811	0.18018018018	0.0	0.0	0.0
14	0	0.38679245283	0.614035087719	0.255319148936	0.0	0.0927835051546
15	0	0.137614678899	0.176470588235	0.0	0.0	0.0
16	0	0.553398058252	0.454545454545	0.405405405405	0.524590163934	0.607142857143
17	0	0.111111111111	0.0	0.268041237113	0.180722891566	0.20652173913
18	0	0.173469387755	0.0	0.204545454545	0.0	0.142857142857
19	0	0.101123595506	0.0	0.446601941748	0.173469387755	0.166666666667
20	0	0.0	0.0	0.161904761905	0.0	0.0
21	0	0.103448275862	0.252873563218	0.0	0.0	0.0
22	0	0.471428571429	0.449438202247	0.453703703704	0.546391752577	0.478260869565
23	0	0.527777777778	0.521739130435	0.56043956044	0.545454545455	0.364583333333
24	0	0.0740740740741	0.19	0.0	0.0	0.0
25	0	0.514018691589	0.588888888889	0.483870967742	0.494623655914	0.546296296296
26	0	0.421568627451	0.432989690722	0.504761904762	0.55652173913	0.538461538462
27	0	0.0	0.273684210526	0.172413793103	0.0	0.0
28	0	0.175824175824	0.0	0.37962962963	0.12962962963	0.173076923077
29	0	0.123711340206	0.155339805825	0.0	0.0	0.0
30	0	0.491071428571	0.539130434783	0.522522522523	0.495575221239	0.534090909091
31	0	0.268041237113	0.227848101266	0.0	0.0	0.106796116505
32	0	0.159292035398	0.0	0.27731092437	0.160714285714	0.174757281553
33	0	0.12380952381	0.25	0.0	0.0	0.0
34	0	0.107142857143	0.163461538462	0.0	0.0	0.152380952381
35	0	0.391304347826	0.5	0.168539325843	0.0	0.183673469388
36	0	0.0	0.329896907216	0.222222222222	0.0	0.0
37	0	0.0549450549451	0.232142857143	0.0	0.0	0.137614678899
38	0	0.481132075472	0.563636363636	0.495652173913	0.53982300885	0.467289719626
39	0	0.0	0.0	0.0	0.0	0.0
40	0	0.0775862068966	0.207920792079	0.0	0.0	0.0
41	0	0.117647058824	0.202127659574	0.0	0.0	0.0
42	0	0.116504854369	0.178217821782	0.0	0.0	0.0
43	0	0.0925925925926	0.235849056604	0.0	0.0	0.0
44	0	0.210526315789	0.0	0.362745098039	0.188118811881	0.212121212121
45	0	0.133333333333	0.0	0.287234042553	0.101123595506	0.1875
46	0	0.163265306122	0.0	0.195652173913	0.239583333333	0.192307692308
47	0	0.1	0.179245283019	0.0	0.0	0.0
48	0	0.122448979592	0.106796116505	0.0	0.0	0.0
49	0	0.157303370787	0.0	0.260869565217	0.204819277108	0.244444444444
50	0	0.0	0.329787234043	0.101851851852	0.0	0.0
51	0	0.155339805825	0.0	0.301075268817	0.191304347826	0.247524752475
52	0	0.34693877551	0.517647058824	0.168539325843	0.0	0.115384615385
53	0	0.130841121495	0.0	0.326315789474	0.25	0.247058823529
54	0	0.104761904762	0.0	0.34	0.2	0.18
55	0	0.103092783505	0.0	0.38	0.183486238532	0.220183486239
56	0	0.163265306122	0.0	0.282608695652	0.180952380952	0.194444444444
57	0	0.0841121495327	0.2	0.0	0.0	0.0
58	0	0.509803921569	0.580357142857	0.383720930233	0.472727272727	0.552631578947
59	0	0.101851851852	0.216981132075	0.0	0.0	0.0
60	0	0.0875	0.227272727273	0.0	0.0	0.0
61	0	0.510638297872	0.406593406593	0.479591836735	0.452631578947	0.417475728155
62	0	0.392156862745	0.480392156863	0.139784946237	0.0	0.186813186813
63	0	0.155737704918	0.0	0.315789473684	0.19587628866	0.19387755102
64	0	0.11811023622	0.0	0.365591397849	0.16	0.171717171717
65	0	0.0833333333333	0.16091954023	0.0	0.0	0.0
66	0	0.542372881356	0.487179487179	0.535087719298	0.520408163265	0.473684210526
67	0	0.579439252336	0.561904761905	0.461538461538	0.555555555556	0.576086956522
68	0	0.0729166666667	0.21978021978	0.0	0.0	0.0
69	0	0.1375	0.0	0.343434343434	0.141025641026	0.16
70	0	0.141414141414	0.0	0.278481012658	0.114285714286	0.284403669725
71	0	0.386138613861	0.544444444444	0.264150943396	0.0	0.0970873786408
72	0	0.0810810810811	0.141666666667	0.0	0.0	0.0
73	0	0.157407407407	0.0	0.261261261261	0.12962962963	0.242424242424
74	0	0.16	0.0	0.324561403509	0.211009174312	0.185185185185
75	0	0.0	0.0	0.0	0.0	0.0
76	0	0.565656565657	0.464646464646	0.521367521368	0.448979591837	0.52808988764
77	0	0.369565217391	0.453608247423	0.469387755102	0.548780487805	0.490196078431
78	0	0.359550561798	0.422413793103	0.11214953271	0.0	0.202127659574
79	0	0.0947368421053	0.168421052632	0.0	0.0	0.0
80	0	0.0927835051546	0.138888888889	0.0	0.0	0.0
81	0	0.15	0.0	0.410256410256	0.217391304348	0.212962962963
82	0	0.105769230769	0.173076923077	0.0	0.0	0.0
83	0	0.422680412371	0.432989690722	0.482352941176	0.54128440367	0.528301886792
84	0	0.0	0.0	0.0	0.0	0.0
85	0	0.118811881188	0.0	0.309278350515	0.158415841584	0.181818181818
86	0	0.198113207547	0.0	0.382978723404	0.188034188034	0.193181818182
87	0	0.138888888889	0.0	0.128712871287	0.0	0.106796116505
88	0	0.159292035398	0.0	0.354838709677	0.166666666667	0.139784946237
89	0	0.0957446808511	0.233009708738	0.0	0.0	0.0
90	0	0.0588235294118	0.113402061856	0.0	0.0	0.0964912280702
91	0	0.479591836735	0.480392156863	0.416666666667	0.430107526882	0.527272727273
92	0	0.0769230769231	0.2	0.0	0.0	0.0
93	0	0.54954954955	0.52	0.457142857143	0.52380952381	0.479452054795
94	0	0.522222222222	0.5	0.5	0.540540540541	0.584905660377
95	0	0.461538461538	0.398058252427	0.525773195876	0.584905660377	0.5
96	0	0.0769230769231	0.156862745098	0.0	0.0	0.108910891089
97	0	0.131868131868	0.212121212121	0.0	0.0	0.0
98	0	0.151785714286	0.0	0.323232323232	0.2	0.245098039216
99	0	0.0	0.266666666667	0.186440677966	0.0	0.0
