#chr	normal	sample0	sample1	sample2	sample3	sample4	sample5	sample6	sample7	sample8	sample9
0	0	0.0	0.278260869565	0.0	0.0	0.0	0.0	0.281976451645	0.237483826018	0.180656030126	0.117783843898
1	0	0.0	0.0	0.0	0.0	0.0	0.0	0.288487938812	0.126484975542	0.0	0.117029782131
2	0	0.0	0.0	0.0	0.0	0.0	0.0	0.285643466191	0.128649725959	0.0	0.117941029485
3	0	0.0	0.0	0.0	0.0	0.0	0.0	0.285888324873	0.132686404595	0.0	0.118267902939
4	0	0.0	0.223983459683	0.0	0.0	0.250897487036	0.0	0.0	0.0	0.0	0.0
5	0	0.0	0.0	0.0	0.0	0.0	0.0	0.0	0.115112219451	0.17507980846	0.0
6	0	0.0	0.226261636453	0.0	0.0	0.252695214106	0.0	0.0	0.0	0.0	0.0
7	0	0.0	0.226094817196	0.0	0.0	0.257647652701	0.0	0.0	0.0	0.0	0.0
8	0	0.0	0.27894101067	0.0	0.0	0.0	0.0	0.286184210526	0.243146246635	0.175476947536	0.120758483034
9	0	0.0	0.22137100786	0.0	0.0	0.249746501724	0.0	0.0	0.0	0.0	0.0
10	0	0.0	0.269055572426	0.0	0.0	0.0	0.0	0.290108803165	0.247499257205	0.178216828804	0.118952017667
11	0	0.191230207065	0.0	0.0	0.0	0.239840311188	0.0	0.0	0.0	0.143147414406	0.0
12	0	0.0	0.223963041077	0.0	0.0	0.250176964304	0.0	0.0	0.0	0.0	0.0
13	0	0.0	0.276280983639	0.0	0.0	0.0	0.0	0.295229522952	0.239987864078	0.178510744628	0.107695419153
14	0	0.0	0.0	0.0	0.0	0.0	0.0	0.0	0.110866959648	0.176541595413	0.0
15	0	0.196030284428	0.227232187097	0.0	0.0	0.509768740032	0.0	0.0	0.0	0.143156633723	0.0
16	0	0.0	0.0	0.0	0.0	0.0	0.0	0.218484029238	0.0	0.0	0.0
17	0	0.0	0.0	0.0	0.0	0.0	0.0	0.282337557835	0.122230092077	0.0	0.121209047571
18	0	0.0	0.0	0.0	0.0	0.0	0.0	0.0	0.114186507937	0.176458892534	0.0
19	0	0.0	0.0	0.0	0.0	0.0	0.0	0.214743589744	0.0	0.0	0.0
20	0	0.0	0.0	0.0	0.0	0.0	0.0	0.288298082625	0.131274900398	0.0	0.119505631416
21	0	0.0	0.0	0.0	0.0	0.0	0.0	0.280602073365	0.128687946833	0.0	0.113723126381
22	0	0.186139007656	0.0	0.0	0.0	0.24855260531	0.0	0.0	0.0	0.140583554377	0.0
23	0	0.0	0.0	0.0	0.0	0.0	0.0	0.288561698718	0.126250123775	0.0	0.123160493827
24	0	0.306124508122	0.0	0.263568215892	0.257284932869	0.0	0.0	0.0	0.139371422834	0.0	0.135390741663
25	0	0.305386229639	0.0	0.259711653985	0.253927222112	0.0	0.0	0.0	0.145765802269	0.0	0.131009248907
26	0	0.0	0.281766861444	0.0	0.0	0.0	0.0	0.284212654134	0.240048009602	0.183094354758	0.117428427926
27	0	0.0	0.225706581444	0.0	0.0	0.24954954955	0.0	0.0	0.0	0.0	0.0
28	0	0.0	0.238733628957	0.0	0.0	0.248602530156	0.0	0.0	0.0	0.0	0.0
29	0	0.0	0.0	0.0	0.0	0.0	0.0	0.285530864198	0.123251571052	0.0	0.114280075002
30	0	0.0	0.0	0.0	0.0	0.0	0.267587180004	0.0	0.0	0.0	0.133333333333
31	0	0.0	0.0	0.0	0.0	0.0	0.0	0.292692814432	0.131137603556	0.0	0.12020383693
32	0	0.0	0.0	0.0	0.0	0.0	0.0	0.0	0.113092865684	0.177722027095	0.0
33	0	0.0	0.272325464591	0.0	0.0	0.0	0.0	0.284982935154	0.237703292344	0.179138775102	0.112133640092
34	0	0.0	0.221030682157	0.0	0.0	0.252293125555	0.0	0.0	0.0	0.0	0.0
35	0	0.0	0.0	0.0	0.0	0.0	0.0	0.0	0.117134461445	0.173956262425	0.0
36	0	0.0	0.0	0.0	0.0	0.0	0.0	0.281432896065	0.126256093921	0.0	0.116154468257
37	0	0.0	0.0	0.0	0.0	0.0	0.271026156942	0.0	0.0	0.0	0.12967806841
38	0	0.0	0.0	0.0	0.0	0.0	0.0	0.278878878879	0.13242611963	0.0	0.11865083325
39	0	0.0	0.0	0.0	0.0	0.0	0.0	0.212574850299	0.0	0.0	0.0
40	0	0.0	0.0	0.0	0.0	0.0	0.0	0.0	0.11892387649	0.179564997471	0.0
41	0	0.0	0.272647829886	0.0	0.0	0.0	0.0	0.286390651758	0.241168344188	0.178178884743	0.113265407063
42	0	0.0	0.272913816689	0.0	0.0	0.0	0.0	0.283663018375	0.24402814947	0.184183568941	0.118770516264
43	0	0.0	0.0	0.0	0.0	0.0	0.0	0.226177491324	0.0	0.0	0.0
44	0	0.0	0.226779727864	0.0	0.0	0.258303677343	0.0	0.0	0.0	0.0	0.0
45	0	0.0	0.0	0.0	0.0	0.0	0.0	0.0	0.108369956053	0.175992063492	0.0
46	0	0.0	0.0	0.0	0.0	0.0	0.257435303206	0.0	0.0	0.0	0.126108178105
47	0	0.0	0.0	0.235187788713	0.226302729529	0.0	0.500919681177	0.0	0.0	0.0	0.251103088648
48	0	0.0	0.0	0.0	0.0	0.0	0.0	0.283807019318	0.126537961388	0.0	0.116171749599
49	0	0.0	0.0	0.0	0.0	0.0	0.0	0.285969084423	0.130207810461	0.0	0.11556675063
50	0	0.197864697665	0.222628820097	0.0	0.0	0.498677896386	0.0	0.0	0.0	0.138598803609	0.0
51	0	0.0	0.0	0.244722755277	0.23208910295	0.0	0.497514960949	0.0	0.0	0.0	0.250331531164
52	0	0.0	0.0	0.0	0.0	0.0	0.0	0.283477747145	0.126277155044	0.0	0.118845843422
53	0	0.0	0.0	0.0	0.0	0.0	0.0	0.220777932129	0.0	0.0	0.0
54	0	0.0	0.0	0.0	0.0	0.0	0.0	0.0	0.117724733367	0.174291938998	0.0
55	0	0.0	0.220386784851	0.0	0.0	0.252074278941	0.0	0.0	0.0	0.0	0.0
56	0	0.0	0.0	0.0	0.0	0.0	0.0	0.0	0.112769153731	0.182880543348	0.0
57	0	0.0	0.0	0.0	0.0	0.0	0.0	0.0	0.115688431157	0.180521153275	0.0
58	0	0.0	0.0	0.0	0.0	0.0	0.0	0.282828282828	0.134152432324	0.0	0.11418925628
59	0	0.0	0.0	0.0	0.0	0.0	0.26519558676	0.0	0.0	0.0	0.129038731688
60	0	0.0	0.0	0.237627729914	0.236685794825	0.0	0.501379038613	0.0	0.0	0.0	0.25072915619
61	0	0.0	0.0	0.0	0.0	0.0	0.0	0.293285155074	0.128708980153	0.0	0.114900895462
62	0	0.0	0.0	0.0	0.0	0.0	0.0	0.0	0.114796425025	0.179061443627	0.0
63	0	0.0	0.274007038713	0.0	0.0	0.0	0.0	0.285065590313	0.245017112945	0.178528225806	0.112831410646
64	0	0.0	0.0	0.0	0.0	0.0	0.0	0.0	0.10858786196	0.175513022889	0.0
65	0	0.0	0.0	0.0	0.0	0.0	0.0	0.291982610454	0.127177871838	0.0	0.116467876115
66	0	0.0	0.227513227513	0.0	0.0	0.243530591775	0.0	0.0	0.0	0.0	0.0
67	0	0.0	0.0	0.0	0.0	0.0	0.0	0.0	0.119874435943	0.176817288802	0.0
68	0	0.0	0.0	0.0	0.0	0.0	0.0	0.0	0.114785405568	0.183739998024	0.0
69	0	0.0	0.0	0.0	0.0	0.0	0.0	0.286002420331	0.129342276504	0.0	0.117505514337
70	0	0.0	0.277627220717	0.0	0.0	0.0	0.0	0.275770404647	0.236283540248	0.176082097135	0.114673366834
71	0	0.0	0.0	0.233463035019	0.234480031633	0.0	0.489424787507	0.0	0.0	0.0	0.252057819715
72	0	0.0	0.0	0.0	0.0	0.0	0.0	0.212250996016	0.0	0.0	0.0
73	0	0.0	0.0	0.0	0.0	0.0	0.0	0.285145756641	0.128205128205	0.0	0.113417419803
74	0	0.0	0.0	0.0	0.0	0.0	0.0	0.207770101131	0.0	0.0	0.0
75	0	0.0	0.282645282645	0.0	0.0	0.0	0.0	0.271116480419	0.242457002457	0.17643534698	0.124261520284
76	0	0.0	0.274552902388	0.0	0.0	0.0	0.0	0.289515806323	0.23661776368	0.179110444778	0.111469461802
77	0	0.0	0.0	0.0	0.0	0.0	0.0	0.0	0.110792646768	0.180849994976	0.0
78	0	0.310094700786	0.0	0.269748154142	0.263110667996	0.0	0.0	0.0	0.139645089736	0.0	0.131252501
79	0	0.0	0.219795492902	0.0	0.0	0.250598802395	0.0	0.0	0.0	0.0	0.0
80	0	0.0	0.0	0.0	0.0	0.0	0.0	0.292292292292	0.130502684236	0.0	0.116324921136
81	0	0.0	0.0	0.0	0.0	0.0	0.0	0.292534635702	0.125970922127	0.0	0.116224964596
82	0	0.0	0.0	0.0	0.0	0.0	0.0	0.0	0.115812009379	0.170588235294	0.0
83	0	0.0	0.233467228373	0.0	0.0	0.255540166205	0.0	0.0	0.0	0.0	0.0
84	0	0.313794138241	0.0	0.258831865573	0.261126112611	0.0	0.0	0.0	0.145348261171	0.0	0.136806182877
85	0	0.0	0.0	0.0	0.0	0.0	0.0	0.28575715143	0.131077795786	0.0	0.120156939676
86	0	0.0	0.228107559614	0.0	0.0	0.255078322385	0.0	0.0	0.0	0.0	0.0
87	0	0.0	0.275055011002	0.0	0.0	0.0	0.0	0.289937294715	0.245294536575	0.179221813116	0.114359586317
88	0	0.0	0.277998806445	0.0	0.0	0.0	0.0	0.283543291342	0.248075192481	0.175072405872	0.115992794235
89	0	0.0	0.0	0.0	0.0	0.0	0.0	0.281470292044	0.125722983257	0.0	0.116925837321
90	0	0.308861259128	0.0	0.25206855792	0.26515763945	0.0	0.0	0.0	0.13906218555	0.0	0.133360112472
91	0	0.0	0.0	0.0	0.0	0.0	0.256667993631	0.0	0.0	0.0	0.125514806825
92	0	0.0	0.0	0.0	0.0	0.0	0.0	0.279540047581	0.124745417515	0.0	0.111444577831
93	0	0.0	0.0	0.0	0.0	0.0	0.0	0.284748840024	0.128561289668	0.0	0.111943279409
94	0	0.0	0.225658876181	0.0	0.0	0.25360432519	0.0	0.0	0.0	0.0	0.0
95	0	0.0	0.0	0.0	0.0	0.0	0.0	0.0	0.11571813017	0.171973892405	0.0
96	0	0.0	0.220064724919	0.0	0.0	0.247476261869	0.0	0.0	0.0	0.0	0.0
97	0	0.0	0.0	0.0	0.0	0.0	0.0	0.0	0.120705289673	0.181557052298	0.0
98	0	0.0	0.0	0.0	0.0	0.0	0.0	0.2834841404	0.128831273239	0.0	0.1214813336
99	0	0.203531142717	0.0	0.0	0.0	0.252642073779	0.0	0.0	0.0	0.141605257917	0.0
