Chromosome	Position	Change	Gene	sample0	sample1	sample2	sample3	sample4	sample5	sample6	sample7	sample8	sample9
1	0	A>G	1	0	0	290	307	0	0	284	0	0	0
1	1	G>C	1	170	0	237	0	298	322	0	256	210	0
1	2	G>A	1	216	0	0	0	0	0	0	0	276	296
1	3	A>T	1	181	0	236	0	304	297	0	241	225	0
1	4	T>C	1	0	0	242	319	0	0	225	0	0	0
1	5	T>A	1	0	133	256	267	0	0	256	0	0	0
1	6	A>T	1	0	114	0	0	0	0	223	258	0	0
1	7	A>C	1	179	0	225	0	262	278	0	259	240	0
1	8	A>C	1	173	0	213	0	276	315	0	241	198	0
1	9	T>A	1	164	0	228	0	300	313	0	255	225	0
1	10	G>A	1	0	139	0	0	0	0	0	0	0	0
1	11	T>G	1	212	0	0	0	0	0	0	0	313	293
1	12	A>T	1	0	0	0	0	239	0	0	0	0	200
1	13	C>T	1	133	265	257	523	0	232	268	0	0	0
1	14	G>C	1	0	0	241	304	0	0	278	0	0	0
1	15	G>A	1	171	0	0	0	256	0	0	0	0	0
1	16	A>G	1	216	0	0	0	0	0	0	0	278	295
1	17	A>T	1	0	0	0	0	257	0	0	0	0	178
1	18	C>T	1	0	0	0	0	255	0	0	0	0	196
1	19	T>A	1	121	0	0	182	0	195	0	0	0	0
1	20	A>T	1	153	0	0	0	269	0	0	0	0	0
1	21	T>G	1	0	131	308	315	0	0	280	0	0	0
1	22	G>A	1	204	0	0	0	0	0	0	0	325	315
1	23	A>G	1	160	0	0	0	258	0	0	0	0	0
1	24	G>T	1	115	0	0	209	0	225	0	0	0	0
1	25	A>G	1	0	137	0	0	0	0	0	0	0	0
1	26	A>C	1	168	0	218	0	262	283	0	239	238	0
1	27	T>G	1	0	0	263	312	0	0	249	0	0	0
1	28	A>G	1	0	151	251	332	0	0	276	0	0	0
1	29	T>C	1	0	131	0	0	0	0	0	0	0	0
1	30	T>C	1	0	96	0	0	0	0	235	266	0	0
1	31	T>C	1	0	131	0	0	0	0	265	248	0	0
1	32	C>A	1	0	102	0	0	0	0	243	259	0	0
1	33	T>A	1	0	0	250	316	0	0	270	0	0	0
1	34	G>A	1	115	0	0	184	0	225	0	0	0	0
1	35	G>C	1	0	104	0	0	0	0	207	262	0	0
1	36	G>C	1	214	0	0	0	0	0	0	0	270	289
1	37	G>A	1	210	0	0	0	0	0	0	0	311	285
1	38	T>A	1	115	0	0	195	0	219	0	0	0	0
1	39	A>C	1	0	139	274	319	0	0	240	0	0	0
1	40	A>T	1	0	129	0	0	0	0	250	222	0	0
1	41	T>A	1	0	0	266	265	0	0	259	0	0	0
1	42	G>A	1	134	0	0	183	0	196	0	0	0	0
1	43	A>C	1	115	0	0	189	0	196	0	0	0	0
1	44	T>A	1	142	0	0	0	290	0	0	0	0	0
1	45	A>G	1	177	0	238	0	278	289	0	237	225	0
1	46	A>C	1	129	262	258	484	0	200	261	0	0	0
1	47	A>C	1	107	0	0	189	0	197	0	0	0	0
1	48	A>C	1	218	0	0	0	0	0	0	0	256	292
1	49	G>C	1	165	0	226	0	263	324	0	240	241	0
1	50	G>T	1	138	0	0	224	0	209	0	0	0	0
1	51	T>G	1	0	0	277	310	0	0	254	0	0	0
1	52	G>T	1	0	144	0	0	0	0	0	0	0	0
1	53	G>A	1	0	0	273	308	0	0	275	0	0	0
1	54	T>C	1	132	220	267	491	0	215	260	0	0	0
1	55	T>G	1	227	0	0	0	0	0	0	0	295	308
1	56	T>A	1	0	0	0	0	217	0	0	0	0	215
1	57	G>C	1	0	0	262	301	0	0	264	0	0	0
1	58	C>T	1	0	110	0	0	0	0	241	286	0	0
1	59	T>A	1	0	0	259	343	0	0	251	0	0	0
1	60	G>C	1	203	0	0	0	0	0	0	0	286	340
1	61	A>T	1	0	0	0	0	275	0	0	0	0	194
1	62	T>C	1	142	0	250	0	288	281	0	237	229	0
1	63	C>T	1	161	0	213	0	279	304	0	252	229	0
1	64	G>T	1	223	0	0	0	0	0	0	0	298	291
1	65	C>A	1	133	0	0	168	0	203	0	0	0	0
1	66	A>T	1	134	240	272	514	0	213	245	0	0	0
1	67	A>T	1	153	0	219	0	249	297	0	245	226	0
1	68	C>A	1	135	0	0	183	0	229	0	0	0	0
1	69	A>T	1	168	0	0	0	254	0	0	0	0	0
1	70	G>A	1	167	0	227	0	263	286	0	237	220	0
1	71	A>G	1	173	0	227	0	280	291	0	275	214	0
1	72	C>G	1	125	191	282	513	0	187	279	0	0	0
1	73	G>T	1	0	122	0	0	0	0	233	258	0	0
1	74	T>G	1	193	0	0	0	0	0	0	0	286	275
1	75	T>G	1	113	0	0	178	0	207	0	0	0	0
1	76	C>A	1	0	121	0	0	0	0	254	227	0	0
1	77	C>T	1	0	0	0	0	245	0	0	0	0	220
1	78	A>C	1	161	0	233	0	247	287	0	232	224	0
1	79	C>A	1	160	0	204	0	286	275	0	250	233	0
1	80	T>C	1	112	237	268	497	0	202	279	0	0	0
1	81	T>C	1	143	0	238	0	274	290	0	240	232	0
1	82	G>C	1	161	0	199	0	273	265	0	224	220	0
1	83	T>G	1	182	0	244	0	291	299	0	249	245	0
1	84	T>G	1	0	126	0	0	0	0	0	0	0	0
1	85	T>G	1	0	130	0	0	0	0	246	274	0	0
1	86	T>A	1	140	229	273	455	0	213	276	0	0	0
1	87	A>T	1	108	250	257	491	0	212	278	0	0	0
1	88	G>T	1	213	0	0	0	0	0	0	0	272	266
1	89	C>A	1	0	137	0	0	0	0	0	0	0	0
1	90	G>T	1	132	219	253	506	0	230	278	0	0	0
1	91	T>C	1	170	0	258	0	308	267	0	264	240	0
1	92	C>A	1	0	0	0	0	235	0	0	0	0	187
1	93	A>G	1	160	0	224	0	252	270	0	235	237	0
1	94	A>T	1	0	0	255	266	0	0	254	0	0	0
1	95	T>G	1	123	227	267	506	0	210	267	0	0	0
1	96	G>A	1	172	0	215	0	284	301	0	241	221	0
1	97	T>C	1	0	101	0	0	0	0	232	259	0	0
1	98	A>T	1	123	225	279	489	0	213	281	0	0	0
1	99	A>C	1	0	0	285	301	0	0	254	0	0	0
