#chr	normal	sample0	sample1	sample2	sample3	sample4	sample5	sample6	sample7	sample8	sample9
0	0	0.293160259611	0.108301811666	0.104215576197	0.26230339929	0.0	0.211754104926	0.205030564185	0.356186288227	0.0	0.159696202532
1	0	0.0	0.0	0.153447071735	0.0	0.0	0.0	0.165939730373	0.0	0.0	0.139068242773
2	0	0.215848905766	0.140693069307	0.12605879422	0.0	0.11482381531	0.0	0.0	0.0	0.0	0.105289521138
3	0	0.276202706707	0.10880207813	0.102929292929	0.258570714643	0.0	0.205359831376	0.210238215915	0.364661654135	0.0	0.157086574401
4	0	0.27893644361	0.112044817927	0.103145795523	0.255911666992	0.0	0.21605062274	0.205390889198	0.352054656887	0.0	0.161238601062
5	0	0.0	0.0	0.152505229605	0.0	0.0	0.0	0.167054538096	0.0	0.0	0.126993741167
6	0	0.275007435313	0.112184542587	0.106735958425	0.260965794769	0.0	0.212651144199	0.206636500754	0.346982758621	0.0	0.162378616478
7	0	0.0	0.121065862242	0.114305750351	0.0	0.0	0.143523110494	0.0	0.0	0.0	0.0944527736132
8	0	0.281977891828	0.10945223444	0.0969321474968	0.248205741627	0.0	0.209734423912	0.204429301533	0.347957639939	0.0	0.165845000986
9	0	0.280731561063	0.11468349359	0.104019607843	0.257382686084	0.0	0.215729218517	0.204527402701	0.349010639356	0.0	0.162059294872
10	0	0.27985186668	0.1132	0.100834422439	0.257774706289	0.0	0.200842696629	0.201945754717	0.348052468209	0.0	0.159868026395
11	0	0.289365452409	0.111779201577	0.104951082123	0.258131900925	0.0	0.21781083526	0.203061325912	0.358398242461	0.0	0.158322464132
12	0	0.219531639263	0.135432283858	0.131848284166	0.0	0.116341829085	0.0	0.0	0.0	0.0	0.115068493151
13	0	0.0	0.119267841495	0.113343328336	0.0	0.0	0.137468155987	0.0	0.0	0.0	0.0991941100388
14	0	0.28764498235	0.108559919436	0.103036336486	0.257775590551	0.0	0.207997582595	0.209965466206	0.357164164264	0.0	0.163153708491
15	0	0.0	0.0	0.0	0.0	0.151116427432	0.0	0.0	0.0	0.0	0.0
16	0	0.289808917197	0.113764044944	0.0978164213022	0.260736499161	0.0	0.210709318498	0.207497995188	0.355643173977	0.0	0.158181268273
17	0	0.2757046447	0.10758093706	0.105531659498	0.265169424744	0.0	0.216559246406	0.199818621524	0.354321982672	0.0	0.163139592648
18	0	0.21308411215	0.137195121951	0.135639097744	0.0	0.109686888454	0.0	0.0	0.0	0.0	0.110508338356
19	0	0.212825371497	0.140499235863	0.131126608388	0.0	0.112437123977	0.0	0.0	0.0	0.0	0.114993454838
20	0	0.0	0.0	0.0	0.0	0.147165733373	0.0	0.0	0.0	0.0	0.0
21	0	0.213180229656	0.137580886013	0.131918350767	0.0	0.112814895947	0.0	0.0	0.0	0.0	0.113758189398
22	0	0.285657686212	0.110722144429	0.103853100542	0.24896183508	0.0	0.207628824477	0.204432518386	0.35550024888	0.0	0.158458458458
23	0	0.0	0.0	0.150140505821	0.0	0.0	0.0	0.164701179292	0.0	0.0	0.133814999491
24	0	0.293349407273	0.110347615198	0.0991383579281	0.250297500992	0.0	0.21866586898	0.204839673372	0.348275519332	0.0	0.162551440329
25	0	0.217109849617	0.141762060507	0.129631449631	0.0	0.111965206837	0.0	0.0	0.0	0.0	0.106393410473
26	0	0.214026236125	0.136152554095	0.12583176085	0.0	0.113053964426	0.0	0.0	0.0	0.0	0.110898853811
27	0	0.292591496498	0.10627056126	0.102152137261	0.257165764682	0.0	0.205331195511	0.199980297508	0.345112252089	0.0	0.159503722084
28	0	0.0	0.115753698521	0.112639029323	0.0	0.0	0.135067533767	0.0	0.0	0.0	0.093006993007
29	0	0.0	0.11999218292	0.114141713608	0.0	0.0	0.141297756216	0.0	0.0	0.0	0.0930682976555
30	0	0.278969957082	0.111428571429	0.101164990541	0.270978672513	0.0	0.207400685622	0.200379014562	0.359420001986	0.0	0.163995564963
31	0	0.0	0.0	0.0	0.0	0.14835443038	0.0	0.0	0.0	0.0	0.0
32	0	0.28702870287	0.106991837939	0.105284147557	0.252709409501	0.0	0.208991250126	0.198458954855	0.349913538806	0.0	0.160852713178
33	0	0.21699711069	0.263801222322	0.129978824241	0.0	0.217750771989	0.14653164557	0.133055074824	0.147472482674	0.215715715716	0.112181693049
34	0	0.204766288227	0.13750246597	0.128838049368	0.0	0.119127346525	0.0	0.0	0.0	0.0	0.106312625251
35	0	0.0	0.120973442391	0.114420851364	0.0	0.0	0.135766858962	0.0	0.0	0.0	0.0917642349645
36	0	0.223016512284	0.140087300782	0.12458820006	0.0	0.108457003456	0.0	0.0	0.0	0.0	0.110191208358
37	0	0.0	0.0	0.0	0.0	0.151211278793	0.0	0.0	0.0	0.0	0.0
38	0	0.0	0.0	0.0	0.0	0.148374987652	0.0	0.0	0.0	0.0	0.0
39	0	0.285197103781	0.110922523962	0.105019149365	0.256153692215	0.0	0.211250382146	0.200461291617	0.355322338831	0.0	0.157920694417
40	0	0.277744087326	0.110514274346	0.102812126047	0.255004526708	0.0	0.205630107961	0.206602448324	0.348382020262	0.0	0.163352132186
41	0	0.0	0.0	0.144417718982	0.0	0.0	0.0	0.161013527155	0.0	0.0	0.131413769054
42	0	0.0	0.0	0.0	0.0	0.143169833847	0.0	0.0	0.0	0.0	0.0
43	0	0.21639475528	0.26571803411	0.126604956703	0.0	0.213369412708	0.147917711992	0.12730571515	0.149284862932	0.214364975285	0.114589604656
44	0	0.0	0.0	0.0	0.0	0.142601253856	0.0	0.0	0.0	0.0	0.0
45	0	0.218105347486	0.137408361403	0.125260752955	0.0	0.112588116818	0.0	0.0	0.0	0.0	0.111923847695
46	0	0.283274091627	0.110330496735	0.0987505038291	0.25852965069	0.0	0.208572013093	0.198146117811	0.356327543424	0.0	0.164685908319
47	0	0.0	0.0	0.155242941235	0.24012308914	0.141141732283	0.0	0.168087817309	0.0	0.279138974308	0.137161889382
48	0	0.211831490887	0.142347666599	0.130140396296	0.0	0.10736318408	0.0	0.0	0.0	0.0	0.109318273497
49	0	0.0	0.119831393015	0.112538591774	0.0	0.0	0.150159426066	0.0	0.0	0.0	0.0972346119536
50	0	0.215207464761	0.135717834078	0.133299543842	0.0	0.110876345709	0.0	0.0	0.0	0.0	0.11355642649
51	0	0.28309292513	0.111375346809	0.100615601978	0.252140236445	0.0	0.209444555845	0.201456795051	0.357022332506	0.0	0.165359733386
52	0	0.0	0.0	0.149538338017	0.0	0.0	0.0	0.166600555335	0.0	0.0	0.134311740891
53	0	0.0	0.0	0.148683946152	0.0	0.0	0.0	0.166150773839	0.0	0.0	0.136238441865
54	0	0.27579265224	0.111122315216	0.0993064629611	0.257035275466	0.0	0.211782178218	0.206879160783	0.347303634232	0.0	0.15571485464
55	0	0.216661517866	0.373696466538	0.240887639321	0.0	0.21232807951	0.148092065415	0.129256498086	0.274137068534	0.220242197499	0.111000695618
56	0	0.0	0.12308622079	0.115247170935	0.0	0.0	0.140075501689	0.0	0.0	0.0	0.0962940765158
57	0	0.0	0.124110988681	0.110327455919	0.0	0.0	0.137858642407	0.0	0.0	0.0	0.0989459029435
58	0	0.220603116778	0.136578973894	0.12323838081	0.0	0.113177041229	0.0	0.0	0.0	0.0	0.110705835962
59	0	0.292980671414	0.109008476247	0.107404802572	0.245326173429	0.0	0.213227250124	0.202562597809	0.354394776494	0.0	0.160568701531
60	0	0.21644848606	0.138715522448	0.128109951846	0.0	0.109929430474	0.0	0.0	0.0	0.0	0.111676646707
61	0	0.28896530798	0.10843373494	0.1102145247	0.253358356381	0.0	0.213663085344	0.206093189964	0.354085603113	0.0	0.161499352009
62	0	0.288196524865	0.109705911874	0.102382875606	0.249243799153	0.0	0.212436774769	0.212510024058	0.348758689176	0.0	0.158077648694
63	0	0.0	0.0	0.1441191067	0.0	0.0	0.0	0.1724	0.0	0.0	0.129872732739
64	0	0.0	0.0	0.0	0.0	0.139514041028	0.0	0.0	0.0	0.0	0.0
65	0	0.278923766816	0.105496453901	0.103510351035	0.256931795183	0.0	0.220948461689	0.209986938611	0.357214128916	0.0	0.161971830986
66	0	0.210261062393	0.144074514467	0.133597621407	0.0	0.116055500496	0.0	0.0	0.0	0.0	0.111343283582
67	0	0.217186700767	0.269777688764	0.129598245439	0.0	0.216325703869	0.147562061122	0.126534278016	0.145006433733	0.214752475248	0.11445663011
68	0	0.223461421474	0.265563909774	0.130231633363	0.0	0.214653465347	0.143876218226	0.136582430806	0.140034277649	0.207162148645	0.109871501146
69	0	0.0	0.126732867958	0.115541820357	0.0	0.0	0.141116035455	0.0	0.0	0.0	0.0966449674512
70	0	0.280221409509	0.110654916884	0.0955294582059	0.258937588366	0.0	0.205997392438	0.195501222494	0.350174216028	0.0	0.163437405883
71	0	0.221650504651	0.138650429227	0.126276787503	0.0	0.105982386881	0.0	0.0	0.0	0.0	0.1034
72	0	0.281113481662	0.107591153616	0.102171520064	0.253076617705	0.0	0.213338495789	0.203492480065	0.355912061794	0.0	0.163629080713
73	0	0.283978124367	0.110032038446	0.102342664284	0.249646821393	0.0	0.213369412708	0.201494023904	0.357171514544	0.0	0.161862969981
74	0	0.0	0.118167202572	0.11568704541	0.0	0.0	0.146577529435	0.0	0.0	0.0	0.097331084433
75	0	0.220997796033	0.267248295227	0.127455869153	0.0	0.20908632004	0.144106999195	0.12860040568	0.142684401451	0.2143	0.10925539318
76	0	0.292699590084	0.109076272892	0.0994531091756	0.251403249631	0.0	0.208850620745	0.201414855988	0.348220586753	0.0	0.165072974333
77	0	0.288201352965	0.111840143155	0.10558637084	0.256623171214	0.0	0.213118062563	0.204293559661	0.350196513151	0.0	0.162083207414
78	0	0.0	0.123983739837	0.115627822945	0.0	0.0	0.133439712776	0.0	0.0	0.0	0.0999700986744
79	0	0.0	0.123471637603	0.108920748706	0.0	0.0	0.143473462426	0.0	0.0	0.0	0.0997569374114
80	0	0.0	0.0	0.149836163241	0.0	0.0	0.0	0.170544183724	0.0	0.0	0.132198050989
81	0	0.0	0.0	0.160203877673	0.237213492143	0.138210568455	0.0	0.16989612465	0.0	0.287068449411	0.126158445441
82	0	0.287049001093	0.107831203084	0.105967595854	0.253444084279	0.0	0.205304616612	0.200788197251	0.363102349661	0.0	0.157314629259
83	0	0.287845192502	0.107596211969	0.105782652044	0.261344285285	0.0	0.207870837538	0.201842210653	0.359934687213	0.0	0.163759593342
84	0	0.28611416575	0.114882506527	0.103235440518	0.262362775708	0.0	0.211415433826	0.206008156769	0.353926386521	0.0	0.166949575637
85	0	0.0	0.0	0.152182782538	0.0	0.0	0.0	0.173965447971	0.0	0.0	0.128872120731
86	0	0.28726833199	0.105937591705	0.100554156171	0.262426828058	0.0	0.21064791562	0.20263024785	0.354208822339	0.0	0.159941089838
87	0	0.0	0.0	0.0	0.0	0.149222488038	0.0	0.0	0.0	0.0	0.0
88	0	0.22052815147	0.145590012082	0.133963592477	0.0	0.107737021447	0.0	0.0	0.0	0.0	0.112026195674
89	0	0.0	0.121977912646	0.10975367501	0.0	0.0	0.136855825145	0.0	0.0	0.0	0.0995859004141
90	0	0.215409277627	0.265883290181	0.122885572139	0.0	0.213158413888	0.14443011606	0.130182255157	0.148011561846	0.211725730348	0.108396178984
91	0	0.214881073389	0.375049544193	0.232259380098	0.0	0.215894304874	0.145776428933	0.132249648806	0.272031793343	0.217014925373	0.108815565139
92	0	0.496017743724	0.37911497509	0.230978534717	0.255823415726	0.360168640835	0.358917835671	0.136665017318	0.271184748977	0.210195530726	0.108215635568
93	0	0.0	0.0	0.153128760529	0.0	0.0	0.0	0.166413604616	0.0	0.0	0.137426609613
94	0	0.204728370221	0.133426406063	0.130280619998	0.0	0.110277944411	0.0	0.0	0.0	0.0	0.11576746964
95	0	0.0	0.119207286558	0.112533492111	0.0	0.0	0.134496510469	0.0	0.0	0.0	0.0968923198733
96	0	0.0	0.126532226176	0.115238665868	0.0	0.0	0.142090086507	0.0	0.0	0.0	0.101904477017
97	0	0.2120215311	0.266880064019	0.127506014435	0.0	0.211174526885	0.141026914291	0.13010620915	0.14391885106	0.21531051445	0.112371744278
98	0	0.214944834504	0.136622390892	0.127606505038	0.0	0.107517220725	0.0	0.0	0.0	0.0	0.115423084617
99	0	0.220005924756	0.375025257628	0.240337315531	0.0	0.211717576365	0.147930790246	0.133522172299	0.271335440537	0.212459415584	0.113500597372
