Chromosome	Position	Change	Gene	sample0	sample1	sample2	sample3	sample4	sample5	sample6	sample7	sample8	sample9
1	0	G>T	1	0	0	0	0	1813	0	2335	2678	0	0
1	1	T>C	1	1440	0	2000	1899	0	2401	2700	0	0	1684
1	2	A>G	1	1230	1751	1762	1708	1809	2587	0	2317	2684	1538
1	3	A>G	1	1522	0	1967	1919	0	2367	2598	0	0	1582
1	4	A>C	1	1231	1780	1675	1808	1775	2529	0	2321	2746	1562
1	5	T>A	1	5003	3834	3735	3719	4968	4930	5075	4922	5057	5021
1	6	G>T	1	1235	1741	1687	1757	1795	2502	0	2308	2711	1511
1	7	A>C	1	1333	1785	1751	1753	1792	2581	0	2328	2639	1578
1	8	G>C	1	1463	0	1987	0	0	2477	0	0	0	1585
1	9	G>C	1	0	0	0	0	0	2474	0	0	0	1630
1	10	T>A	1	1283	1688	1681	1750	1782	2644	0	2288	2669	1531
1	11	G>A	1	1480	0	2058	1941	0	2328	2706	0	0	1612
1	12	T>C	1	1284	1723	1683	1697	1805	2560	0	2362	2684	1481
1	13	G>C	1	1307	1719	1712	1722	1791	2569	0	2309	2713	1496
1	14	C>T	1	1308	1741	1709	1726	1860	2637	0	2252	2711	1542
1	15	T>C	1	1288	1762	1788	1766	1829	2649	0	2375	2702	1519
1	16	T>A	1	1485	0	1964	0	0	2374	0	0	0	1552
1	17	T>A	1	1212	1746	1651	1739	1818	2542	0	2310	2751	1543
1	18	A>T	1	0	0	0	0	1817	0	2417	2666	0	0
1	19	G>T	1	0	0	0	0	1771	0	2360	2619	0	0
1	20	C>G	1	1284	1672	1675	1684	1779	2589	0	2249	2674	1494
1	21	A>T	1	5110	3629	3770	3741	4911	5104	4933	5007	4940	4967
1	22	C>T	1	0	0	0	0	0	0	0	0	0	0
1	23	T>A	1	1479	0	1979	1988	0	2443	2557	0	0	1592
1	24	T>G	1	1236	1719	1700	1798	1810	2629	0	2303	2698	1457
1	25	T>G	1	1220	1726	1649	1741	1776	2615	0	2411	2774	1506
1	26	C>G	1	1205	1717	1712	1748	1756	2595	0	2331	2696	1506
1	27	G>A	1	1273	1790	1736	1742	1884	2536	0	2392	2728	1515
1	28	A>T	1	1276	1765	1603	1722	1801	2615	0	2351	2597	1496
1	29	T>C	1	1468	0	1964	1914	0	2357	2653	0	0	1615
1	30	C>T	1	1287	1787	1686	1771	1835	2614	0	2324	2804	1418
1	31	T>A	1	1245	1805	1675	1785	1856	2617	0	2388	2797	1495
1	32	A>G	1	1494	0	2004	1966	0	2351	2598	0	0	1599
1	33	T>A	1	1289	1737	1709	1760	1740	2610	0	0	0	0
1	34	G>T	1	1214	1759	1805	1712	1781	2573	0	2298	2732	1445
1	35	G>C	1	1436	0	2001	1967	0	2456	2558	0	0	1559
1	36	T>A	1	1492	0	1988	0	0	2426	0	0	0	1571
1	37	A>T	1	1222	1708	1741	1670	1757	2610	0	0	0	0
1	38	T>G	1	1281	1742	1681	1695	1837	2572	0	2319	2694	1532
1	39	G>A	1	1448	0	1972	0	0	2450	0	0	0	1600
1	40	T>G	1	0	0	0	0	0	2374	0	0	0	1590
1	41	G>T	1	1210	1747	1631	1692	1787	2506	0	2152	2740	1416
1	42	T>G	1	5044	3655	3666	3604	5080	4912	4904	4958	5092	4900
1	43	C>G	1	1200	1723	1822	1710	1724	2626	0	2373	2677	1477
1	44	C>T	1	2116	1768	1759	1730	3230	2622	0	2245	5056	1492
1	45	A>T	1	2188	1811	1736	1719	3153	2528	0	2275	5044	1403
1	46	C>A	1	1494	0	2004	1952	0	2461	2624	0	0	1544
1	47	C>A	1	0	0	0	0	0	0	0	0	0	0
1	48	G>C	1	0	1369	1263	1283	0	0	0	0	0	0
1	49	A>C	1	0	1292	1304	1340	0	0	0	0	0	0
1	50	C>A	1	1262	1704	1682	1744	1806	2605	0	0	0	0
1	51	C>T	1	1263	1737	1734	1685	1759	2668	0	2292	2792	1481
1	52	A>T	1	0	0	0	0	1786	0	2361	2639	0	0
1	53	C>T	1	0	0	0	0	0	2492	0	0	0	1592
1	54	C>A	1	1417	0	1952	1942	0	2410	2683	0	0	1610
1	55	A>C	1	4948	3806	3726	3660	4966	4957	5035	4940	4959	5073
1	56	C>T	1	1194	1744	1714	1740	1818	2545	0	2340	2666	1476
1	57	A>T	1	1240	1651	1687	1757	1846	2644	0	2292	2649	1505
1	58	A>G	1	1221	1734	1678	1722	1810	2694	0	0	0	0
1	59	T>G	1	1282	1747	1701	1705	1817	2521	0	2337	2722	1497
1	60	C>T	1	1272	1668	1776	1699	1839	2610	0	2284	2733	1546
1	61	T>G	1	2145	1719	1656	1701	3091	2591	0	2342	5080	1501
1	62	A>C	1	4878	3758	3754	3784	5070	5037	4909	4901	5093	5134
1	63	G>C	1	5004	3704	3682	3668	5009	4948	4887	5106	4983	5070
1	64	G>A	1	1254	1744	1776	1791	1839	2552	0	2348	2726	1605
1	65	A>G	1	1293	1763	1763	1748	1788	2559	0	2361	2699	1436
1	66	G>C	1	1459	0	2055	1994	0	2440	2549	0	0	1609
1	67	G>T	1	0	0	0	0	0	2352	0	0	0	1524
1	68	A>C	1	1235	1771	1669	1760	1774	2569	0	2261	2694	1498
1	69	G>C	1	1203	1710	1697	1715	1889	2549	0	2411	2681	1453
1	70	A>T	1	1450	0	1975	1965	0	2432	2649	0	0	1605
1	71	A>G	1	2189	1749	1718	1741	3072	2516	0	2233	5061	1518
1	72	G>C	1	0	0	0	0	1852	0	2343	2736	0	0
1	73	C>G	1	1210	1686	1716	1723	1812	2511	0	2370	2728	1464
1	74	T>A	1	0	0	0	0	0	0	0	0	0	0
1	75	C>T	1	5135	3670	3838	3760	5006	5061	5028	4974	4822	4839
1	76	T>G	1	1267	1728	1716	1760	1744	2546	0	2357	2683	1477
1	77	T>A	1	0	1271	1271	1275	0	0	0	0	0	0
1	78	T>G	1	0	1294	1304	1224	0	0	0	0	0	0
1	79	G>C	1	0	0	0	0	0	0	0	0	0	0
1	80	C>A	1	1224	1719	1656	1759	1819	2649	0	2224	2691	1517
1	81	T>G	1	2078	1773	1669	1725	3162	2595	0	2347	4892	1514
1	82	C>T	1	1303	1753	1752	1743	1729	2536	0	0	0	0
1	83	A>C	1	2140	1696	1748	1745	3003	2544	0	2339	4992	1493
1	84	A>C	1	1219	1760	1758	1704	1890	2446	0	2248	2638	1476
1	85	T>C	1	1240	1784	1670	1710	1863	2599	0	2366	2714	1495
1	86	T>C	1	1295	1717	1796	1743	1793	2636	0	2359	2702	1566
1	87	C>A	1	1461	0	2083	1920	0	2424	2625	0	0	1614
1	88	C>T	1	0	0	0	0	0	2413	0	0	0	1560
1	89	C>A	1	1257	1752	1755	1719	1883	2556	0	2299	2677	1500
1	90	C>G	1	4998	3666	3689	3714	5005	4935	4961	4976	4998	5006
1	91	G>C	1	1197	1779	1680	1752	1819	2645	0	0	0	0
1	92	G>T	1	2217	1795	1778	1718	3220	2575	0	2291	5053	1547
1	93	G>T	1	1212	1706	1629	1705	1747	2614	0	2240	2724	1485
1	94	C>G	1	1385	0	2032	0	0	2301	0	0	0	1592
1	95	G>T	1	1235	1813	1736	1722	1817	2704	0	0	0	0
1	96	C>A	1	1235	1766	1676	1730	1847	2608	0	2425	2713	1498
1	97	G>C	1	1285	1725	1775	1696	1811	2620	0	2262	2684	1457
1	98	G>T	1	2160	1729	1590	1756	3196	2522	0	2338	4950	1570
1	99	T>C	1	2196	1772	1747	1794	3230	2600	0	2273	4962	1429
