Chromosome	Position	Change	Gene	sample0	sample1	sample2	sample3	sample4	sample5	sample6	sample7	sample8	sample9
1	0	A>T	1	0	0	0	0	1150	1263	0	0	0	0
1	1	G>T	1	4814	3626	2375	0	1448	1555	2337	4997	2686	4849
1	2	C>A	1	0	0	0	2923	1176	0	0	0	0	0
1	3	T>G	1	0	0	0	0	1223	1295	0	0	0	0
1	4	A>C	1	0	1279	0	0	1235	1259	0	0	0	0
1	5	T>A	1	0	1531	0	0	0	0	0	2113	0	2208
1	6	T>A	1	5102	3764	2346	0	1478	1630	2307	4963	2725	4909
1	7	C>G	1	0	0	0	0	1153	1286	0	0	0	0
1	8	A>T	1	0	0	0	0	1234	1273	0	0	0	0
1	9	T>A	1	5042	3745	2280	0	1480	1573	2261	5017	2753	4851
1	10	C>G	1	2077	1500	0	0	0	0	2386	2117	2698	2067
1	11	G>A	1	0	0	0	2860	1244	0	0	0	0	0
1	12	C>T	1	5025	3713	2385	0	1430	1645	2333	4968	2764	5151
1	13	T>G	1	0	0	0	0	1476	1562	0	2942	0	2982
1	14	T>A	1	2116	1548	0	0	0	0	2387	2149	2792	2055
1	15	G>T	1	0	0	0	0	1211	1277	0	0	0	0
1	16	G>T	1	0	0	0	2944	1182	0	0	0	0	0
1	17	C>G	1	4956	3531	2393	0	1548	1674	2380	5016	2680	5169
1	18	T>C	1	0	1537	0	0	0	0	0	2126	0	2090
1	19	A>G	1	2183	1584	0	0	0	0	2365	2054	2741	2113
1	20	C>A	1	0	0	0	0	1218	1283	0	0	0	0
1	21	G>A	1	4908	3610	2204	0	1496	1577	2311	5061	2656	5012
1	22	G>C	1	0	0	0	0	1166	1307	0	0	0	0
1	23	T>A	1	0	0	0	2936	1166	0	0	0	0	0
1	24	T>G	1	0	1347	1342	2127	1221	2118	0	0	2284	0
1	25	T>C	1	0	0	0	0	1267	1304	0	0	0	0
1	26	C>A	1	0	1584	0	0	0	0	0	2163	0	2068
1	27	T>C	1	4996	3710	2306	0	1504	1580	2345	4927	2737	5026
1	28	A>G	1	2027	1538	0	0	0	0	2373	2163	2687	2069
1	29	C>G	1	0	0	0	0	1195	1327	0	0	0	0
1	30	C>T	1	0	1358	1367	2020	1218	2172	0	0	2306	0
1	31	C>A	1	0	0	0	0	1232	1262	0	0	0	0
1	32	C>G	1	0	1534	0	0	0	0	0	2121	0	2154
1	33	C>T	1	0	0	0	2865	1189	0	0	0	0	0
1	34	G>T	1	0	1325	1353	2084	1196	2100	0	0	2285	0
1	35	C>G	1	4868	3661	2282	0	1402	1526	2376	4884	2821	4919
1	36	G>A	1	0	0	0	2976	1165	0	0	0	0	0
1	37	A>G	1	4974	3534	2330	0	1431	1550	2370	4966	2637	4972
1	38	T>G	1	0	0	0	0	1187	1303	0	0	0	0
1	39	C>T	1	5030	5087	5067	4947	4993	5025	5032	5094	4972	5088
1	40	T>C	1	5039	5088	5153	5061	4906	5159	4972	5030	5041	4990
1	41	T>A	1	5162	3650	2282	0	1485	1628	2342	5006	2691	4961
1	42	A>T	1	0	1498	0	0	0	0	0	2174	0	2128
1	43	A>T	1	5016	3567	2341	0	1462	1619	2354	5161	2792	4919
1	44	A>G	1	0	0	0	0	1207	1298	0	0	0	0
1	45	A>C	1	2007	1633	0	0	0	0	2359	2105	2736	2081
1	46	C>G	1	0	1586	0	0	0	0	0	2053	0	2086
1	47	A>C	1	0	1382	1411	2073	1124	2229	0	0	2223	0
1	48	A>G	1	0	1338	1363	2083	1230	2198	0	0	2306	0
1	49	A>C	1	0	1578	0	0	0	0	0	1993	0	2131
1	50	T>G	1	0	1594	0	0	0	0	0	2113	0	2113
1	51	G>T	1	0	1354	1363	2095	1175	2229	0	0	2293	0
1	52	G>T	1	0	0	0	0	1190	1284	0	0	0	0
1	53	C>T	1	4936	3648	2390	0	2574	2802	5023	4943	2737	4980
1	54	C>T	1	4992	5011	5040	5062	4981	4996	5034	5107	5049	4984
1	55	G>T	1	0	0	0	2906	1168	0	0	0	0	0
1	56	G>T	1	2036	1608	0	0	0	0	2262	2110	2675	2013
1	57	T>C	1	0	1403	1340	2190	1148	2258	0	0	2354	0
1	58	A>T	1	0	0	0	0	1162	1303	0	0	0	0
1	59	T>A	1	4986	3678	2415	0	1487	1578	2277	4969	2805	4862
1	60	G>T	1	0	0	0	0	1181	1257	0	0	0	0
1	61	A>G	1	4972	4948	5048	4985	5021	5070	4981	4966	5020	5107
1	62	A>T	1	0	0	0	0	1164	1238	0	0	0	0
1	63	G>A	1	5051	3636	2360	0	2605	2733	4969	5015	2694	4994
1	64	C>A	1	0	1324	1430	2057	1108	2209	0	0	2285	0
1	65	G>C	1	5090	3622	2334	0	1465	1606	2309	4921	2745	5041
1	66	A>G	1	0	1373	0	0	1162	1256	0	0	0	0
1	67	A>C	1	0	0	0	0	1139	1305	0	0	0	0
1	68	G>A	1	0	0	0	2856	1153	0	0	0	0	0
1	69	G>T	1	2021	1553	0	0	0	0	2304	2088	2633	2137
1	70	A>G	1	0	1407	1362	2064	1237	2220	0	0	2283	0
1	71	T>A	1	0	0	0	0	1157	1279	0	0	0	0
1	72	A>T	1	0	0	0	2895	1232	0	0	0	0	0
1	73	T>G	1	0	1604	0	0	0	0	0	2114	0	2145
1	74	A>C	1	0	0	0	0	1196	1258	0	0	0	0
1	75	G>A	1	4943	3701	2326	0	1496	1596	2314	4878	2710	5001
1	76	C>T	1	0	1556	0	0	0	0	0	2094	0	2128
1	77	T>G	1	0	0	0	0	1244	1287	0	0	0	0
1	78	T>A	1	0	1398	1296	2105	1162	2172	0	0	2325	0
1	79	T>A	1	0	0	0	0	1168	1289	0	0	0	0
1	80	G>T	1	0	0	0	0	1206	1257	0	0	0	0
1	81	A>G	1	0	0	0	0	1531	1583	0	2898	0	2990
1	82	A>C	1	0	1603	0	0	0	0	0	2134	0	2119
1	83	C>T	1	2079	1564	0	0	0	0	2383	2097	2668	2132
1	84	A>C	1	5084	3640	2326	0	1500	1620	2373	4897	2765	4898
1	85	G>T	1	0	0	0	0	1254	1291	0	0	0	0
1	86	A>C	1	5018	4959	5014	4909	4886	4984	5030	4876	4992	4869
1	87	C>G	1	5079	3677	2367	0	1486	1560	2323	4905	2657	4871
1	88	G>A	1	0	1344	1310	2033	1177	2151	0	0	2252	0
1	89	G>C	1	4904	3599	2318	0	2570	2749	4926	5005	2735	4930
1	90	C>A	1	0	0	0	0	1174	1305	0	0	0	0
1	91	T>C	1	0	1408	1352	2140	1208	2132	0	0	2322	0
1	92	T>A	1	0	1279	1340	2085	1183	2221	0	0	2280	0
1	93	T>A	1	0	1507	0	0	0	0	0	2146	0	2093
1	94	T>C	1	0	1337	1353	2159	1234	2227	0	0	2264	0
1	95	G>A	1	0	1324	1384	2116	1123	2166	0	0	2346	0
1	96	C>A	1	0	1355	1350	2070	1193	2250	0	0	2252	0
1	97	G>T	1	0	1397	1348	2228	1237	2161	0	0	2294	0
1	98	C>G	1	0	0	0	0	1247	1260	0	0	0	0
1	99	A>C	1	4988	5024	4967	4894	4866	4989	5073	5050	4931	5076
