Chromosome	Position	Change	Gene	sample0	sample1	sample2	sample3	sample4
1	0	C>A	1	107	93	98	114	105
1	1	G>A	1	97	97	91	103	113
1	2	G>A	1	77	109	93	106	101
1	3	A>G	1	103	94	103	97	101
1	4	G>A	1	102	99	95	105	106
1	5	C>A	1	113	116	127	99	97
1	6	G>T	1	89	126	96	114	106
1	7	C>T	1	81	87	98	100	90
1	8	T>A	1	93	102	106	99	98
1	9	G>A	1	100	80	100	96	97
1	10	T>G	1	97	103	111	101	81
1	11	A>G	1	101	86	93	100	96
1	12	T>A	1	92	93	99	99	103
1	13	C>G	1	117	101	108	105	96
1	14	T>G	1	112	105	96	97	129
1	15	C>A	1	104	85	80	110	77
1	16	T>G	1	93	96	105	122	105
1	17	T>C	1	99	117	78	97	91
1	18	T>C	1	115	100	96	106	93
1	19	G>C	1	110	105	104	89	88
1	20	T>G	1	93	106	104	105	108
1	21	A>G	1	85	106	94	98	103
1	22	A>G	1	111	90	101	113	127
1	23	A>T	1	120	103	116	90	98
1	24	T>A	1	93	109	102	111	116
1	25	T>C	1	103	122	103	106	95
1	26	A>G	1	106	108	104	120	105
1	27	T>A	1	91	105	106	113	105
1	28	A>G	1	108	125	98	101	107
1	29	T>C	1	99	108	92	115	100
1	30	A>C	1	111	96	95	122	103
1	31	G>C	1	105	90	108	104	101
1	32	G>A	1	99	111	92	108	104
1	33	A>C	1	97	99	91	109	102
1	34	G>C	1	103	103	114	91	92
1	35	A>G	1	102	92	105	111	93
1	36	G>C	1	116	94	107	103	98
1	37	G>A	1	98	106	101	98	117
1	38	C>G	1	122	104	104	99	87
1	39	T>C	1	101	111	98	91	105
1	40	A>C	1	85	100	105	85	113
1	41	G>T	1	70	94	91	89	96
1	42	T>G	1	105	92	103	95	101
1	43	C>T	1	105	98	108	111	99
1	44	T>G	1	105	92	96	103	110
1	45	G>T	1	111	97	102	92	112
1	46	T>C	1	99	102	104	106	101
1	47	A>C	1	118	107	83	109	98
1	48	T>G	1	110	98	95	96	92
1	49	G>A	1	123	109	91	100	97
1	50	T>A	1	105	87	106	105	109
1	51	A>T	1	110	113	108	87	86
1	52	T>A	1	96	115	108	105	90
1	53	C>A	1	83	105	101	124	120
1	54	T>A	1	106	105	121	86	95
1	55	T>G	1	106	90	95	98	106
1	56	G>C	1	89	98	101	119	107
1	57	T>C	1	86	94	105	102	109
1	58	T>C	1	102	101	93	107	119
1	59	T>A	1	99	109	94	113	97
1	60	C>A	1	92	94	91	90	103
1	61	A>G	1	105	84	120	95	114
1	62	A>C	1	105	116	90	96	95
1	63	T>G	1	92	109	90	92	97
1	64	C>G	1	85	96	105	101	105
1	65	G>C	1	83	101	101	98	109
1	66	A>C	1	101	114	118	92	102
1	67	A>T	1	95	99	95	88	105
1	68	G>C	1	99	107	79	110	78
1	69	A>G	1	120	117	114	95	108
1	70	C>G	1	101	102	90	99	103
1	71	T>G	1	110	75	93	101	91
1	72	C>G	1	109	107	95	102	112
1	73	C>G	1	109	95	90	90	116
1	74	C>A	1	98	91	84	114	100
1	75	T>C	1	80	92	106	111	77
1	76	A>G	1	108	107	99	107	109
1	77	C>T	1	104	94	96	105	97
1	78	G>C	1	97	118	101	93	110
1	79	A>G	1	98	100	102	96	103
1	80	G>C	1	79	107	87	110	105
1	81	A>C	1	99	103	101	118	98
1	82	A>C	1	92	113	90	93	111
1	83	T>G	1	95	101	81	95	93
1	84	A>G	1	117	93	97	97	95
1	85	G>A	1	103	114	92	116	116
1	86	C>A	1	116	99	100	106	93
1	87	A>G	1	102	86	96	101	114
1	88	G>A	1	97	113	98	94	98
1	89	T>A	1	96	100	114	97	96
1	90	C>A	1	105	98	97	92	92
1	91	C>G	1	78	95	113	104	103
1	92	C>T	1	99	106	92	96	122
1	93	A>G	1	109	116	96	113	109
1	94	T>C	1	107	110	107	91	96
1	95	A>C	1	86	104	83	92	110
1	96	A>G	1	110	105	98	113	115
1	97	G>T	1	87	94	95	103	122
1	98	T>G	1	97	85	91	101	109
1	99	G>C	1	97	97	92	85	101
1	100	C>A	1	100	102	85	106	116
1	101	A>C	1	100	103	90	110	93
1	102	A>G	1	105	106	106	103	104
1	103	A>T	1	100	98	83	107	92
1	104	T>C	1	98	94	100	108	105
1	105	T>A	1	103	100	99	89	84
1	106	A>G	1	92	89	85	99	97
1	107	T>G	1	110	71	102	105	88
1	108	T>C	1	84	85	111	109	92
1	109	A>G	1	92	78	114	101	114
1	110	G>T	1	88	101	93	112	83
1	111	A>G	1	112	81	112	114	97
1	112	C>T	1	111	99	96	106	110
1	113	C>G	1	104	98	96	94	93
1	114	C>G	1	91	105	102	99	99
1	115	C>T	1	101	102	107	93	105
1	116	C>G	1	108	80	106	94	102
1	117	C>G	1	100	103	84	122	96
1	118	C>T	1	98	99	124	116	82
1	119	A>C	1	108	100	106	112	95
1	120	G>T	1	90	114	90	105	111
1	121	A>C	1	109	99	111	108	111
1	122	A>T	1	76	96	93	93	109
1	123	G>T	1	99	110	105	108	106
1	124	C>G	1	92	113	115	85	96
1	125	G>T	1	100	96	96	103	109
1	126	A>T	1	102	106	100	90	90
1	127	C>A	1	109	85	107	95	108
1	128	T>G	1	101	97	108	105	98
1	129	G>T	1	87	103	121	121	100
1	130	T>G	1	100	88	111	91	100
1	131	A>G	1	108	98	98	93	99
1	132	A>C	1	103	90	88	122	92
1	133	A>G	1	103	110	91	98	98
1	134	G>A	1	97	88	94	103	105
1	135	G>C	1	108	87	72	92	93
1	136	C>G	1	95	97	111	104	94
1	137	G>C	1	117	98	95	116	105
1	138	C>T	1	113	110	102	103	103
1	139	A>G	1	86	114	90	94	107
1	140	T>A	1	110	121	112	104	97
1	141	A>G	1	87	95	113	112	91
1	142	T>A	1	103	96	97	107	102
1	143	T>G	1	96	99	100	97	100
1	144	A>G	1	116	85	100	102	101
1	145	G>A	1	99	103	113	106	106
1	146	A>G	1	93	86	90	99	90
1	147	G>C	1	89	84	101	98	106
1	148	C>A	1	107	87	92	103	103
1	149	A>T	1	109	99	105	102	94
1	150	A>C	1	85	91	100	98	107
1	151	G>T	1	110	92	85	112	98
1	152	T>G	1	99	105	92	111	112
1	153	A>C	1	123	102	111	84	113
1	154	A>G	1	123	99	94	98	102
1	155	G>A	1	102	99	102	89	108
1	156	T>A	1	104	105	108	79	103
1	157	T>A	1	100	112	108	90	84
1	158	T>C	1	116	101	111	103	98
1	159	C>G	1	99	107	92	98	87
1	160	C>A	1	98	99	95	107	103
1	161	C>G	1	117	89	90	108	114
1	162	A>G	1	108	96	94	91	96
1	163	C>G	1	94	92	108	93	81
1	164	T>A	1	107	93	98	94	102
1	165	A>G	1	111	100	112	91	103
1	166	T>G	1	100	91	96	90	102
1	167	T>A	1	88	101	93	87	101
1	168	G>T	1	96	102	105	102	111
1	169	G>A	1	100	94	102	99	93
1	170	A>C	1	122	113	90	105	102
1	171	A>C	1	111	112	105	105	88
1	172	G>T	1	107	104	94	107	99
1	173	A>T	1	88	101	103	94	105
1	174	T>A	1	99	94	119	83	85
1	175	T>G	1	108	110	113	89	95
1	176	G>C	1	112	103	114	108	106
1	177	C>G	1	95	85	115	97	123
1	178	A>C	1	98	105	96	123	92
1	179	T>G	1	100	97	120	110	105
1	180	G>T	1	99	110	112	116	100
1	181	A>G	1	93	85	116	103	94
1	182	G>C	1	94	105	98	88	89
1	183	G>T	1	105	96	108	116	93
1	184	C>A	1	102	90	81	111	98
1	185	C>T	1	105	112	88	96	98
1	186	A>T	1	96	88	113	110	95
1	187	C>T	1	80	106	102	116	103
1	188	T>G	1	94	95	106	101	92
1	189	A>T	1	103	92	110	101	93
1	190	G>C	1	85	90	110	89	100
1	191	C>A	1	90	110	87	115	107
1	192	C>A	1	93	112	96	103	97
1	193	A>C	1	107	115	86	99	98
1	194	C>T	1	117	101	100	94	121
1	195	T>C	1	96	104	97	103	91
1	196	G>C	1	101	101	94	106	84
1	197	T>C	1	114	95	97	135	90
1	198	G>C	1	105	108	117	86	101
1	199	G>T	1	89	71	108	100	102
