Chromosome	Position	Change	Gene	sample0	sample1	sample2	sample3	sample4
1	0	A>G	1	0	0	0	0	0
1	1	G>C	1	0	0	0	0	0
1	2	C>A	1	56	43	44	33	47
1	3	A>G	1	28	21	17	24	18
1	4	G>A	1	0	14	0	24	0
1	5	T>C	1	0	0	0	0	0
1	6	T>A	1	34	23	0	21	12
1	7	G>T	1	0	0	0	14	0
1	8	A>T	1	0	0	0	0	0
1	9	C>A	1	0	10	0	24	8
1	10	A>C	1	0	0	0	0	0
1	11	C>A	1	0	11	0	20	16
1	12	C>A	1	0	0	0	0	0
1	13	A>C	1	0	0	0	0	0
1	14	G>T	1	0	0	0	0	0
1	15	T>G	1	31	18	11	12	6
1	16	G>A	1	0	0	0	10	0
1	17	A>G	1	30	24	13	19	19
1	18	A>T	1	0	0	0	0	0
1	19	A>T	1	0	13	20	0	0
1	20	C>T	1	0	12	0	16	22
1	21	G>C	1	0	10	0	27	15
1	22	T>A	1	0	16	0	16	0
1	23	T>G	1	0	0	0	0	0
1	24	G>A	1	0	0	0	0	0
1	25	A>C	1	0	0	0	13	0
1	26	T>A	1	0	10	6	0	0
1	27	A>C	1	0	0	0	8	0
1	28	G>C	1	0	10	0	13	0
1	29	A>C	1	32	30	0	23	16
1	30	T>G	1	0	0	0	0	0
1	31	T>C	1	0	0	0	0	0
1	32	C>A	1	0	16	0	24	13
1	33	C>A	1	0	17	10	0	0
1	34	A>C	1	0	0	0	0	0
1	35	C>T	1	0	0	0	0	0
1	36	G>C	1	0	0	0	11	0
1	37	A>C	1	0	0	0	0	0
1	38	C>G	1	36	34	13	23	11
1	39	G>C	1	0	8	0	25	14
1	40	T>G	1	0	12	20	0	0
1	41	A>G	1	0	0	0	0	0
1	42	T>G	1	0	0	0	0	0
1	43	T>G	1	0	0	0	0	0
1	44	T>G	1	0	15	0	5	17
1	45	C>G	1	0	0	0	0	0
1	46	A>T	1	47	31	56	49	35
1	47	C>A	1	31	18	14	23	11
1	48	A>C	1	0	10	12	0	0
1	49	C>A	1	31	29	20	19	8
1	50	T>G	1	0	0	0	0	0
1	51	C>A	1	35	15	0	24	12
1	52	A>C	1	21	20	14	25	11
1	53	G>A	1	0	18	0	13	0
1	54	G>A	1	0	0	0	0	0
1	55	T>A	1	0	0	0	0	0
1	56	G>C	1	0	0	0	0	0
1	57	T>C	1	0	15	0	15	0
1	58	A>G	1	0	14	0	14	0
1	59	C>G	1	0	0	0	0	0
1	60	C>G	1	25	20	31	14	13
1	61	C>G	1	23	22	0	32	15
1	62	C>A	1	0	0	0	0	0
1	63	A>C	1	38	26	18	33	16
1	64	C>A	1	0	0	0	0	0
1	65	A>T	1	0	17	0	20	14
1	66	T>C	1	0	7	0	22	17
1	67	A>C	1	30	20	13	28	7
1	68	A>T	1	0	12	0	24	9
1	69	A>G	1	0	19	0	23	14
1	70	T>G	1	0	22	0	8	0
1	71	C>A	1	0	0	0	0	0
1	72	G>T	1	0	18	0	13	0
1	73	T>C	1	0	16	0	20	8
1	74	A>G	1	0	0	0	0	0
1	75	C>T	1	0	12	0	24	6
1	76	A>G	1	0	23	0	8	0
1	77	C>G	1	0	0	0	23	0
1	78	G>C	1	0	27	0	9	0
1	79	C>A	1	0	0	0	0	0
1	80	T>A	1	18	20	16	21	18
1	81	C>G	1	17	25	11	24	16
1	82	C>G	1	0	0	0	0	0
1	83	G>A	1	0	0	0	0	0
1	84	A>G	1	0	0	0	0	0
1	85	T>A	1	0	0	0	0	0
1	86	C>G	1	31	19	20	11	9
1	87	C>A	1	0	8	6	0	0
1	88	T>G	1	0	0	0	0	0
1	89	C>A	1	18	23	17	19	20
1	90	A>G	1	0	0	30	16	12
1	91	T>A	1	0	0	0	0	0
1	92	G>C	1	0	0	0	0	0
1	93	T>C	1	0	0	0	0	0
1	94	G>T	1	22	27	16	29	19
1	95	A>C	1	0	14	15	0	0
1	96	T>G	1	0	0	0	12	0
1	97	C>G	1	0	0	0	0	0
1	98	A>G	1	0	8	0	25	11
1	99	A>C	1	35	29	19	19	12
1	100	G>A	1	0	12	0	32	15
1	101	G>C	1	0	0	0	0	0
1	102	G>C	1	24	20	12	18	11
1	103	A>C	1	28	21	12	34	13
1	104	C>G	1	0	0	0	0	0
1	105	T>C	1	0	8	0	17	0
1	106	G>T	1	0	0	0	0	0
1	107	C>T	1	0	11	0	21	17
1	108	A>C	1	38	19	16	22	16
1	109	T>C	1	0	0	0	0	0
1	110	A>G	1	0	0	0	0	0
1	111	A>T	1	23	19	30	19	39
1	112	G>A	1	0	17	0	12	0
1	113	C>G	1	0	0	0	0	0
1	114	T>C	1	0	0	0	0	0
1	115	T>G	1	0	14	0	18	14
1	116	C>G	1	0	0	0	0	0
1	117	C>T	1	22	19	18	16	12
1	118	G>A	1	0	0	0	0	0
1	119	T>G	1	24	20	12	11	7
1	120	G>T	1	0	16	0	17	0
1	121	A>T	1	0	0	0	0	0
1	122	C>A	1	0	0	0	0	0
1	123	C>A	1	27	22	12	28	16
1	124	T>G	1	0	0	0	0	0
1	125	A>C	1	0	8	0	18	13
1	126	T>G	1	0	16	0	9	13
1	127	C>G	1	0	0	0	0	0
1	128	A>C	1	0	10	0	25	10
1	129	C>T	1	0	10	0	27	19
1	130	C>G	1	37	9	13	26	17
1	131	A>C	1	0	11	11	0	0
1	132	A>G	1	0	0	0	13	0
1	133	C>G	1	22	29	19	10	15
1	134	G>T	1	19	31	11	24	11
1	135	C>G	1	0	0	0	8	0
1	136	G>A	1	0	24	0	16	0
1	137	G>C	1	23	25	22	23	14
1	138	G>C	1	29	19	23	15	16
1	139	A>G	1	0	0	0	0	0
1	140	T>C	1	0	0	24	13	20
1	141	G>T	1	0	0	0	0	0
1	142	G>C	1	0	0	0	0	0
1	143	A>C	1	34	23	13	13	10
1	144	G>C	1	0	0	0	0	0
1	145	C>T	1	0	15	0	26	13
1	146	G>T	1	0	12	0	25	11
1	147	A>G	1	0	15	0	22	13
1	148	A>C	1	0	0	0	0	0
1	149	C>G	1	0	0	0	0	0
1	150	A>C	1	27	21	10	16	13
1	151	G>A	1	0	10	14	0	0
1	152	A>G	1	0	0	15	22	22
1	153	T>C	1	0	10	0	20	13
1	154	A>T	1	0	0	0	0	0
1	155	A>T	1	28	25	18	12	15
1	156	A>T	1	22	23	9	11	16
1	157	T>C	1	0	0	0	0	0
1	158	C>T	1	24	22	10	12	14
1	159	G>T	1	0	0	0	0	0
1	160	G>C	1	0	0	0	0	0
1	161	G>C	1	34	25	15	13	11
1	162	T>C	1	0	0	0	0	0
1	163	A>T	1	22	14	17	24	13
1	164	T>C	1	0	0	0	0	0
1	165	A>T	1	0	0	0	0	0
1	166	T>A	1	23	17	15	25	9
1	167	G>C	1	57	28	47	34	56
1	168	T>A	1	0	0	0	8	0
1	169	A>T	1	0	0	0	10	0
1	170	A>C	1	0	11	13	0	0
1	171	T>G	1	19	24	15	28	16
1	172	C>G	1	0	8	0	26	15
1	173	G>A	1	24	20	19	21	17
1	174	A>C	1	0	15	0	28	0
1	175	A>T	1	0	0	0	0	0
1	176	A>T	1	0	0	0	0	0
1	177	A>C	1	0	0	0	0	0
1	178	C>G	1	34	29	17	23	13
1	179	A>G	1	0	0	0	12	0
1	180	A>C	1	0	0	0	0	0
1	181	G>C	1	0	13	0	25	18
1	182	G>A	1	0	0	0	0	0
1	183	A>T	1	0	6	0	27	13
1	184	C>A	1	0	0	0	0	0
1	185	C>G	1	0	0	0	0	0
1	186	C>A	1	0	0	0	9	0
1	187	T>G	1	33	27	14	20	17
1	188	C>G	1	0	0	0	0	0
1	189	A>C	1	19	26	14	9	15
1	190	T>C	1	36	20	19	28	13
1	191	G>T	1	22	12	33	21	32
1	192	A>T	1	0	0	0	0	0
1	193	A>C	1	0	0	0	0	0
1	194	T>A	1	0	0	0	0	0
1	195	A>T	1	0	15	0	18	21
1	196	A>T	1	34	23	15	7	9
1	197	C>G	1	0	0	0	8	0
1	198	A>T	1	28	16	10	15	19
1	199	C>A	1	0	0	0	0	0
