#chr	normal	sample0	sample1	sample2	sample3	sample4
0	0	0.0	0.136236236236	0.249775381851	0.276918441141	0.2353231864
1	0	0.0	0.0	0.0	0.0	0.0
2	0	0.496812749004	0.507129133381	0.502627143849	0.507576517812	0.49914409425
3	0	0.0	0.0	0.0	0.0	0.0
4	0	0.498036055998	0.492025989368	0.496250506688	0.508345978756	0.503245780485
5	0	0.501097585312	0.49592760181	0.497203355973	0.495152423788	0.507488019169
6	0	0.0	0.132197891322	0.2458673571	0.285054702399	0.245529917091
7	0	0.0	0.0	0.0	0.0	0.0
8	0	0.0	0.133742209912	0.243063263041	0.270664825409	0.239001903998
9	0	0.0	0.0	0.0	0.281911735603	0.0
10	0	0.506831554802	0.497747071193	0.494348304491	0.503608660786	0.503695565322
11	0	0.0	0.0	0.0	0.277388343681	0.0
12	0	0.501041150223	0.490941847663	0.492225859247	0.499116607774	0.50228821316
13	0	0.0	0.239470517449	0.241728031419	0.502831142568	0.501789620203
14	0	0.0	0.0	0.0	0.0	0.0
15	0	0.0	0.0	0.0	0.0	0.0
16	0	0.499408866995	0.499752597724	0.499499499499	0.501537545878	0.503925270794
17	0	0.0	0.0	0.0	0.222511777087	0.252031714569
18	0	0.512180390578	0.502726171244	0.486285770868	0.495344315973	0.497220015886
19	0	0.0	0.0	0.0	0.0	0.0
20	0	0.0	0.0	0.0	0.0	0.0
21	0	0.493370551291	0.506162942179	0.502971094773	0.503464660463	0.492973079968
22	0	0.495018928073	0.498790078645	0.498160119344	0.510490196078	0.508801931395
23	0	0.0	0.236479744562	0.244329688133	0.508522727273	0.500149805253
24	0	0.0	0.0	0.0	0.0	0.0
25	0	0.0	0.0	0.0	0.0	0.0
26	0	0.495939086294	0.498491856023	0.492688749627	0.504534461911	0.495970991136
27	0	0.0	0.0	0.0	0.0	0.0
28	0	0.0	0.0	0.0	0.0	0.0
29	0	0.505145458144	0.505548463125	0.502332043267	0.497835061927	0.50928917609
30	0	0.0	0.0	0.0	0.0	0.0
31	0	0.0	0.247069342341	0.240998072827	0.499363306886	0.501199280432
32	0	0.502911062036	0.503953558202	0.499901322281	0.498651213907	0.494563028594
33	0	0.0	0.0	0.0	0.28250985147	0.0
34	0	0.232350312779	0.332794177113	0.500149925037	0.497915839619	0.500754299507
35	0	0.0	0.134644176065	0.24287019182	0.274602535721	0.242620299232
36	0	0.0	0.240793780687	0.23595505618	0.500050408307	0.495292092741
37	0	0.0	0.0	0.0	0.0	0.0
38	0	0.0	0.0	0.0	0.277555511102	0.0
39	0	0.228217426059	0.0	0.25621242485	0.0	0.0
40	0	0.0	0.0	0.0	0.0	0.0
41	0	0.0	0.0	0.0	0.0	0.0
42	0	0.0	0.140352634743	0.241317185467	0.275902784611	0.243701646499
43	0	0.0	0.0	0.0	0.0	0.0
44	0	0.0	0.0	0.0	0.0	0.0
45	0	0.505899851264	0.50905595467	0.499699157641	0.499103585657	0.501306532663
46	0	0.501436192039	0.49568495189	0.50650136075	0.49117938553	0.504700940188
47	0	0.0	0.229401125402	0.24780369585	0.491388860912	0.501856125213
48	0	0.0	0.0	0.0	0.0	0.0
49	0	0.502929202661	0.505576578371	0.491592876331	0.495382782246	0.506074074074
50	0	0.495756365452	0.508666466286	0.490945472736	0.493360160966	0.509189514914
51	0	0.496825556787	0.507213212616	0.498841543266	0.500099502488	0.4980474617
52	0	0.230700976043	0.336993411859	0.502411091019	0.49935483871	0.497759633576
53	0	0.0	0.0	0.0	0.0	0.0
54	0	0.0	0.0	0.0	0.0	0.0
55	0	0.499353812506	0.500302114804	0.505482564457	0.497933259401	0.492771329668
56	0	0.498258186523	0.498264405435	0.494861253854	0.499107674004	0.492168674699
57	0	0.0	0.23640167364	0.248333333333	0.490558497352	0.496523639253
58	0	0.497319301033	0.501632531909	0.494722166899	0.506598680264	0.490035870865
59	0	0.495209580838	0.497110998479	0.489474209319	0.499749121927	0.494910564285
60	0	0.0	0.0	0.0	0.0	0.0
61	0	0.0	0.248872406535	0.24262654444	0.494396769308	0.500801603206
62	0	0.0	0.139172650956	0.244136566056	0.290201641504	0.246245648931
63	0	0.233089398734	0.0	0.256697757492	0.0	0.0
64	0	0.0	0.0	0.0	0.287931897847	0.0
65	0	0.0	0.0	0.0	0.0	0.0
66	0	0.489771479892	0.50009938382	0.504751425428	0.494442238984	0.498032092038
67	0	0.0	0.0	0.0	0.0	0.0
68	0	0.0	0.23752134177	0.251736985198	0.506246281975	0.501090188305
69	0	0.492571772736	0.500446916278	0.49384322755	0.4932	0.503090727817
70	0	0.503109882516	0.507858150312	0.489338161336	0.508195052428	0.50189103547
71	0	0.513341298288	0.501700680272	0.499749624437	0.504031465093	0.50623814752
72	0	0.0	0.24922536666	0.239247311828	0.496903096903	0.501153113406
73	0	0.50075263422	0.504691358025	0.492730210016	0.505533951541	0.501450725363
74	0	0.501092787602	0.502577319588	0.506112712454	0.494255170347	0.499297188755
75	0	0.500965741588	0.504012036108	0.496460265231	0.508708708709	0.501921521036
76	0	0.0	0.0	0.0	0.0	0.0
77	0	0.504778972521	0.501300260052	0.500150045014	0.502294747578	0.504598160736
78	0	0.0	0.248127151245	0.252916331456	0.504031445273	0.505005005005
79	0	0.51412027631	0.494875111951	0.501455092825	0.493147883003	0.502869801631
80	0	0.50205559906	0.501890547264	0.49830879427	0.492521050025	0.507077352472
81	0	0.5024482862	0.506227758007	0.508828901969	0.493129171574	0.501221060858
82	0	0.496846388606	0.505616860523	0.509056339438	0.503583515827	0.496700659868
83	0	0.0	0.0	0.0	0.0	0.0
84	0	0.0	0.0	0.0	0.0	0.0
85	0	0.0	0.135113268608	0.243833685694	0.27807753797	0.24209367494
86	0	0.0	0.0	0.0	0.0	0.0
87	0	0.0	0.0	0.0	0.0	0.0
88	0	0.0	0.0	0.0	0.0	0.0
89	0	0.0	0.239419829128	0.243290131646	0.498204667864	0.489160979526
90	0	0.0	0.243840358379	0.246001214821	0.497978164173	0.50826487182
91	0	0.0	0.0	0.0	0.221988374424	0.247736543627
92	0	0.0	0.133979813972	0.246660730187	0.27844459875	0.244504940512
93	0	0.0	0.137143991267	0.244974749975	0.272829074621	0.237509912768
94	0	0.0	0.0	0.0	0.0	0.0
95	0	0.234227919087	0.337821663674	0.495026390581	0.50119379228	0.513854404608
96	0	0.0	0.237201365188	0.243768144959	0.507647993643	0.505092265806
97	0	0.48952155002	0.501754034279	0.499899959984	0.504719823258	0.50321177982
98	0	0.0	0.2433	0.245963348192	0.495871929118	0.499160659623
99	0	0.0	0.235737672388	0.23662836767	0.496386768448	0.497227543099
