Chromosome	Position	Change	Gene	sample0	sample1	sample2	sample3	sample4	sample5	sample6	sample7	sample8	sample9
1	0	G>T	1	22	29	39	52	0	23	42	33	53	15
1	1	A>T	1	0	30	0	0	0	20	31	0	24	0
1	2	C>G	1	24	24	0	15	0	31	31	0	24	0
1	3	G>T	1	24	31	37	60	0	23	48	36	41	22
1	4	T>C	1	16	29	30	38	0	21	47	32	48	11
1	5	T>C	1	42	36	56	56	20	16	55	42	51	48
1	6	C>G	1	56	42	55	60	53	52	49	51	49	46
1	7	T>C	1	19	26	39	55	0	25	39	25	64	20
1	8	G>C	1	56	54	52	49	49	40	51	50	43	48
1	9	C>A	1	0	21	0	0	0	26	36	0	20	0
1	10	A>C	1	20	32	31	51	0	34	56	38	58	14
1	11	G>C	1	0	24	0	0	0	26	37	0	26	0
1	12	C>T	1	22	22	39	43	0	22	62	31	41	14
1	13	T>G	1	20	26	0	18	0	36	24	0	31	0
1	14	C>G	1	34	49	38	56	22	19	47	32	49	17
1	15	G>C	1	17	23	38	43	0	18	50	17	49	14
1	16	A>T	1	0	34	0	0	0	27	29	0	29	0
1	17	C>T	1	0	0	0	0	0	0	0	0	0	12
1	18	A>T	1	0	22	0	0	0	23	32	0	29	0
1	19	A>T	1	0	17	0	0	0	24	38	0	32	0
1	20	T>C	1	0	21	0	0	0	25	35	0	32	0
1	21	C>A	1	0	32	0	0	0	23	22	0	27	0
1	22	C>T	1	17	29	46	49	0	22	43	34	43	13
1	23	G>A	1	47	62	38	44	21	17	53	40	56	21
1	24	G>T	1	20	28	37	50	0	31	43	36	63	15
1	25	A>T	1	20	26	0	9	0	21	31	0	29	0
1	26	C>T	1	13	28	25	39	0	34	54	44	54	16
1	27	T>G	1	13	20	0	19	0	26	40	0	24	0
1	28	T>G	1	22	24	43	50	0	26	40	27	62	6
1	29	T>C	1	0	24	0	0	0	18	32	0	27	0
1	30	G>T	1	16	16	43	49	0	22	54	28	60	22
1	31	C>T	1	0	9	0	0	0	23	31	0	24	0
1	32	G>A	1	41	45	53	47	48	46	57	58	56	49
1	33	C>T	1	0	27	0	0	0	23	31	0	31	0
1	34	G>T	1	51	47	53	49	21	24	48	53	38	47
1	35	T>C	1	0	0	0	0	18	0	0	15	0	10
1	36	A>C	1	16	27	39	48	0	22	48	29	64	15
1	37	A>C	1	0	20	0	0	0	21	27	0	35	0
1	38	T>C	1	21	24	31	57	0	25	55	29	60	23
1	39	G>A	1	52	52	45	45	52	47	55	51	40	59
1	40	T>G	1	16	28	47	62	0	25	53	30	59	12
1	41	T>C	1	0	19	0	0	0	21	37	0	20	0
1	42	G>T	1	0	0	0	0	10	0	0	12	0	10
1	43	T>A	1	0	22	0	0	0	24	26	0	27	0
1	44	A>T	1	47	36	60	58	48	52	55	56	63	44
1	45	C>G	1	21	29	0	7	0	16	32	0	30	0
1	46	T>C	1	54	52	47	48	48	39	46	39	60	58
1	47	C>G	1	0	25	0	0	0	25	30	0	26	0
1	48	C>T	1	45	54	49	47	36	51	51	45	52	54
1	49	C>G	1	18	22	26	34	0	16	27	21	51	15
1	50	C>T	1	0	30	0	0	0	22	18	0	21	0
1	51	T>G	1	0	26	0	0	0	27	32	0	26	0
1	52	T>C	1	18	28	40	47	0	14	44	26	48	15
1	53	C>A	1	0	22	0	0	0	23	25	0	25	0
1	54	G>T	1	16	19	40	51	0	16	57	33	55	15
1	55	G>T	1	0	0	0	0	0	0	0	0	0	13
1	56	G>C	1	49	54	51	41	50	54	50	59	50	49
1	57	G>T	1	22	23	29	61	0	24	53	38	40	28
1	58	G>A	1	13	27	30	54	0	20	62	26	47	10
1	59	T>G	1	18	25	34	38	0	30	58	26	60	11
1	60	G>A	1	45	37	55	38	44	67	57	58	48	43
1	61	T>G	1	52	61	58	46	51	47	39	57	56	38
1	62	A>T	1	0	18	0	0	0	22	22	0	25	0
1	63	C>T	1	25	17	29	62	0	27	56	28	52	17
1	64	T>A	1	18	17	31	42	0	21	44	25	41	12
1	65	A>C	1	32	0	0	0	0	0	0	0	0	0
1	66	C>A	1	13	28	37	53	0	25	41	31	45	11
1	67	T>C	1	15	24	38	47	0	21	59	30	54	14
1	68	G>A	1	27	28	19	29	0	34	50	16	55	12
1	69	C>G	1	13	22	46	44	0	23	65	33	59	14
1	70	G>A	1	20	32	40	58	0	12	60	30	49	22
1	71	T>C	1	48	49	55	59	44	51	48	53	48	40
1	72	A>G	1	25	29	30	59	0	20	56	35	58	22
1	73	A>T	1	12	32	25	37	0	32	31	18	61	13
1	74	G>A	1	43	63	44	52	57	47	38	48	53	50
1	75	G>A	1	20	22	33	50	0	22	58	29	46	10
1	76	T>A	1	17	22	38	52	0	26	47	26	42	13
1	77	C>T	1	22	23	33	46	0	22	61	18	46	21
1	78	G>T	1	0	22	0	0	0	34	35	0	28	0
1	79	C>A	1	0	23	0	0	0	20	30	0	21	0
1	80	A>T	1	24	19	36	62	0	32	51	15	49	9
1	81	T>G	1	22	29	35	56	0	25	46	23	53	16
1	82	A>C	1	0	23	0	0	0	24	43	0	31	0
1	83	A>G	1	16	25	34	43	0	25	44	29	50	17
1	84	T>A	1	27	26	34	49	0	23	48	28	46	13
1	85	A>G	1	51	50	57	61	46	41	49	45	40	50
1	86	A>G	1	22	27	36	57	0	29	40	31	52	14
1	87	T>G	1	17	26	42	60	0	20	48	34	45	13
1	88	C>T	1	26	26	32	42	0	20	40	37	67	19
1	89	C>G	1	44	53	36	62	14	16	44	52	44	29
1	90	C>A	1	0	20	0	0	0	24	26	0	27	0
1	91	G>A	1	58	63	38	51	23	21	56	39	41	21
1	92	A>T	1	13	30	45	59	0	23	51	17	50	20
1	93	A>T	1	0	28	0	0	0	34	24	0	23	0
1	94	G>T	1	25	33	17	46	0	22	55	21	61	15
1	95	A>G	1	12	16	36	46	0	24	47	26	44	11
1	96	G>T	1	16	27	47	54	0	27	44	24	52	14
1	97	C>A	1	44	48	51	42	46	47	50	50	54	41
1	98	A>G	1	0	25	0	0	0	23	38	0	26	0
1	99	G>C	1	17	27	46	52	0	27	51	33	51	19
