#chr	position	description	normal	sample0	sample1	sample2	sample3	sample4
1	1	1	0	0.111448834853	0.134122287968	0.0	0.0	0.0
2	1	1	0	0.0	0.0	0.0	0.0	0.0
3	1	1	0	0.111685625646	0.117472852912	0.0	0.0	0.487031700288
4	1	1	0	0.124352331606	0.120315581854	0.0	0.0	0.0
5	1	1	0	0.123061013444	0.123314065511	0.0	0.0	0.0
6	1	1	0	0.0	0.0	0.0	0.0	0.324242424242
7	1	1	0	0.108292682927	0.129343629344	0.0	0.16015625	0.0
8	1	1	0	0.0	0.0	0.0	0.0	0.0
9	1	1	0	0.0952380952381	0.115115115115	0.0	0.0	0.491457286432
10	1	1	0	0.111221449851	0.0982776089159	0.0	0.0	0.503921568627
11	1	1	0	0.0	0.0	0.223175965665	0.169028340081	0.0
12	1	1	0	0.0	0.0	0.0	0.197305101059	0.0
13	1	1	0	0.131293188549	0.125388601036	0.0	0.144329896907	0.0
14	1	1	0	0.124242424242	0.107692307692	0.0	0.0	0.0
15	1	1	0	0.121212121212	0.122244488978	0.0	0.135188866799	0.0
16	1	1	0	0.0	0.0	0.0	0.0	0.324715615305
17	1	1	0	0.12955465587	0.115492957746	0.0	0.0	0.0
18	1	1	0	0.143849206349	0.138643067847	0.0	0.153547133139	0.0
19	1	1	0	0.0	0.0	0.0	0.0	0.0
20	1	1	0	0.11221449851	0.108632395732	0.0	0.155972359329	0.0
21	1	1	0	0.259960159363	0.257751937984	0.256206554121	0.177215189873	0.496388028896
22	1	1	0	0.0	0.0	0.0	0.0	0.345565749235
23	1	1	0	0.0	0.0	0.0	0.0	0.284722222222
24	1	1	0	0.0	0.0	0.0	0.20260782347	0.0
25	1	1	0	0.275691699605	0.272471910112	0.263759086189	0.0	0.0
26	1	1	0	0.0	0.0	0.0	0.0	0.0
27	1	1	0	0.128458498024	0.113360323887	0.0	0.145612343298	0.0
28	1	1	0	0.122244488978	0.0960232783705	0.0	0.161417322835	0.0
29	1	1	0	0.261785356068	0.269005847953	0.252225519288	0.186206896552	0.47614213198
30	1	1	0	0.268582755203	0.258785942492	0.248282630029	0.0	0.0
31	1	1	0	0.0	0.0	0.0	0.0	0.335892514395
32	1	1	0	0.10824742268	0.114197530864	0.0	0.0	0.49641025641
33	1	1	0	0.110042735043	0.11554192229	0.0	0.0	0.0
34	1	1	0	0.122489959839	0.127016129032	0.0	0.0	0.0
35	1	1	0	0.107283464567	0.1036889332	0.0	0.0	0.504140786749
36	1	1	0	0.114583333333	0.120080726539	0.0	0.0	0.508364312268
37	1	1	0	0.0	0.0	0.0	0.0	0.307543520309
38	1	1	0	0.0	0.0	0.0	0.0	0.0
39	1	1	0	0.102466793169	0.109359605911	0.0	0.0	0.516256157635
40	1	1	0	0.272373540856	0.269573835481	0.247332686712	0.16555661275	0.492431886983
41	1	1	0	0.260098522167	0.271281571562	0.276759884282	0.204819277108	0.518877057115
42	1	1	0	0.275286757039	0.264587525151	0.281581485053	0.209445585216	0.486301369863
43	1	1	0	0.116632860041	0.107429718876	0.0	0.0	0.0
44	1	1	0	0.113170731707	0.122051282051	0.0	0.0	0.0
45	1	1	0	0.118355065196	0.109278350515	0.0	0.0	0.0
46	1	1	0	0.125853658537	0.11832460733	0.0	0.0	0.0
47	1	1	0	0.0	0.0	0.0	0.0	0.0
48	1	1	0	0.264077669903	0.242273180459	0.257315842583	0.211340206186	0.493545183714
49	1	1	0	0.124643196955	0.10649627263	0.0	0.0	0.0
50	1	1	0	0.257085020243	0.246700507614	0.247743229689	0.173416407061	0.495951417004
51	1	1	0	0.123343527013	0.113519091847	0.0	0.144240077444	0.0
52	1	1	0	0.0	0.0	0.0	0.0	0.0
53	1	1	0	0.248983739837	0.266454352442	0.249224405377	0.0	0.0
54	1	1	0	0.281573498965	0.261952191235	0.260138476756	0.171171171171	0.521739130435
55	1	1	0	0.130905511811	0.125385405961	0.0	0.0	0.0
56	1	1	0	0.109832635983	0.117125984252	0.0	0.0	0.0
57	1	1	0	0.0	0.0	0.0	0.192307692308	0.0
58	1	1	0	0.0	0.0	0.0	0.197044334975	0.0
59	1	1	0	0.129648241206	0.120041753653	0.0	0.144411473788	0.0
60	1	1	0	0.0	0.0	0.0	0.0	0.0
61	1	1	0	0.119301648885	0.11921182266	0.0	0.0	0.0
62	1	1	0	0.249506903353	0.232580961727	0.250260688217	0.182095625636	0.500961538462
63	1	1	0	0.117472852912	0.123329907503	0.0	0.0	0.0
64	1	1	0	0.270637408568	0.251776649746	0.248953974895	0.205103042198	0.522233712513
65	1	1	0	0.235867446394	0.236442516269	0.242518059856	0.191616766467	0.472306143001
66	1	1	0	0.123721881391	0.133919843597	0.0	0.155665024631	0.0
67	1	1	0	0.117824773414	0.111566018424	0.0	0.0	0.0
68	1	1	0	0.251004016064	0.24375	0.256852791878	0.206445115811	0.49
69	1	1	0	0.253745318352	0.247167868177	0.248459958932	0.17695473251	0.508735868448
70	1	1	0	0.110562685094	0.100492610837	0.0	0.0	0.516632016632
71	1	1	0	0.0	0.0	0.0	0.0	0.331584470094
72	1	1	0	0.243975903614	0.26034308779	0.269424823411	0.220602526725	0.506572295248
73	1	1	0	0.0	0.0	0.0	0.0	0.0
74	1	1	0	0.122330097087	0.110567514677	0.0	0.0	0.0
75	1	1	0	0.12909632572	0.122824974411	0.0	0.0	0.0
76	1	1	0	0.118446601942	0.123076923077	0.0	0.0	0.0
77	1	1	0	0.132880698351	0.127329192547	0.0	0.134403209629	0.0
78	1	1	0	0.129	0.108863198459	0.0	0.0	0.502569373073
79	1	1	0	0.261006289308	0.236734693878	0.243713733075	0.169338677355	0.500517063082
80	1	1	0	0.0	0.0	0.0	0.194444444444	0.0
81	1	1	0	0.246153846154	0.270243902439	0.251241310824	0.197616683217	0.507374631268
82	1	1	0	0.135162601626	0.135275754422	0.0	0.162656400385	0.0
83	1	1	0	0.241747572816	0.251552795031	0.264187866928	0.0	0.0
84	1	1	0	0.10987791343	0.107177033493	0.0	0.0	0.0
85	1	1	0	0.126984126984	0.114604462475	0.0	0.0	0.0
86	1	1	0	0.115897435897	0.106118546845	0.0	0.0	0.522613065327
87	1	1	0	0.0	0.0	0.0	0.0	0.0
88	1	1	0	0.115384615385	0.131212723658	0.0	0.153611393693	0.0
89	1	1	0	0.118246687054	0.143269230769	0.0	0.0	0.0
90	1	1	0	0.0977366255144	0.111650485437	0.0	0.0	0.0
91	1	1	0	0.10251450677	0.134715025907	0.0	0.0	0.0
92	1	1	0	0.112224448898	0.120380147835	0.0	0.0	0.0
93	1	1	0	0.135542168675	0.121442125237	0.0	0.0	0.495327102804
94	1	1	0	0.10685483871	0.121608040201	0.0	0.0	0.0
95	1	1	0	0.112487100103	0.136054421769	0.0	0.0	0.0
96	1	1	0	0.236994219653	0.234126984127	0.22091886608	0.202030456853	0.483903420523
97	1	1	0	0.11808809747	0.122942884802	0.0	0.0	0.0
98	1	1	0	0.276530612245	0.27254509018	0.240506329114	0.0	0.0
99	1	1	0	0.265640038499	0.235294117647	0.267578125	0.17578125	0.505365853659
100	1	1	0	0.0	0.0	0.0	0.0	0.0
