#chr	position	description	normal	sample0	sample1	sample2	sample3	sample4
1	1	1	0	0.0	0.184523809524	0.0	0.0	0.128258602711
2	1	1	0	0.146971201589	0.0	0.0	0.18006103764	0.114906832298
3	1	1	0	0.128702757916	0.0	0.0	0.186925434116	0.1108033241
4	1	1	0	0.10412371134	0.157894736842	0.0	0.0	0.0
5	1	1	0	0.119023397762	0.0	0.0	0.178500986193	0.122159090909
6	1	1	0	0.13478691774	0.0	0.0	0.181017612524	0.14315569488
7	1	1	0	0.137688442211	0.171785028791	0.0	0.0	0.0
8	1	1	0	0.113034623218	0.0	0.173869346734	0.0	0.0
9	1	1	0	0.251439539347	0.138969873664	0.342886386899	0.523290386521	0.240384615385
10	1	1	0	0.123370110331	0.0	0.0	0.172	0.135662898253
11	1	1	0	0.107766990291	0.0	0.170606372045	0.0	0.0
12	1	1	0	0.135593220339	0.152284263959	0.135764944276	0.320696721311	0.112414467253
13	1	1	0	0.13872255489	0.0	0.0	0.187370600414	0.124045801527
14	1	1	0	0.126951092612	0.0	0.0	0.187242798354	0.111940298507
15	1	1	0	0.136226034309	0.0	0.0	0.171287128713	0.114528101803
16	1	1	0	0.123552123552	0.0	0.0	0.185699039488	0.135054617676
17	1	1	0	0.0	0.0	0.0	0.0	0.106957424714
18	1	1	0	0.0	0.190847127556	0.0	0.0	0.126185958254
19	1	1	0	0.109327983952	0.0	0.166346153846	0.0	0.0
20	1	1	0	0.109756097561	0.0	0.0	0.165029469548	0.120197044335
21	1	1	0	0.0	0.0	0.0	0.0	0.0982658959538
22	1	1	0	0.130869130869	0.0	0.0	0.19696969697	0.12130479103
23	1	1	0	0.135044642857	0.0	0.0	0.165482233503	0.117248062016
24	1	1	0	0.104712041885	0.162932790224	0.0	0.0	0.0
25	1	1	0	0.0	0.0	0.0	0.0	0.0959595959596
26	1	1	0	0.117227319062	0.0	0.0	0.185767097967	0.123432979749
27	1	1	0	0.142716535433	0.0	0.0	0.173868312757	0.125773195876
28	1	1	0	0.131552917903	0.0	0.158714703019	0.0	0.0
29	1	1	0	0.367717287488	0.368720379147	0.355263157895	0.19274611399	0.389462809917
30	1	1	0	0.0	0.1901336074	0.0	0.0	0.14453125
31	1	1	0	0.0	0.0	0.0	0.0	0.123370110331
32	1	1	0	0.140875133404	0.0	0.0	0.185255198488	0.113070539419
33	1	1	0	0.369024856597	0.352030947776	0.357715430862	0.190809190809	0.39378757515
34	1	1	0	0.129707112971	0.155223880597	0.0	0.0	0.0
35	1	1	0	0.117073170732	0.0	0.160037878788	0.0	0.0
36	1	1	0	0.0	0.187246963563	0.0	0.0	0.11801242236
37	1	1	0	0.117469879518	0.0	0.158906882591	0.0	0.0
38	1	1	0	0.0	0.0	0.121703853955	0.118226600985	0.0
39	1	1	0	0.0	0.181144067797	0.0	0.0	0.138401559454
40	1	1	0	0.116648992577	0.167818361303	0.0	0.0	0.0
41	1	1	0	0.126633165829	0.0	0.0	0.182828282828	0.125125125125
42	1	1	0	0.0	0.19033530572	0.0	0.0	0.124631992149
43	1	1	0	0.0	0.202854230377	0.0	0.0	0.128865979381
44	1	1	0	0.125	0.155069582505	0.139215686275	0.327235772358	0.118951612903
45	1	1	0	0.0	0.189105858171	0.0	0.0	0.139603960396
46	1	1	0	0.139603960396	0.0	0.150406504065	0.0	0.0
47	1	1	0	0.118118118118	0.142721217888	0.129436325678	0.328343313373	0.114488348531
48	1	1	0	0.130879345603	0.0	0.0	0.18621399177	0.131
49	1	1	0	0.117705242334	0.0	0.168388429752	0.0	0.0
50	1	1	0	0.131979695431	0.0	0.0	0.161904761905	0.141260162602
51	1	1	0	0.0	0.0	0.0	0.0	0.118822292324
52	1	1	0	0.136580706781	0.125874125874	0.143689320388	0.313725490196	0.125748502994
53	1	1	0	0.0	0.0	0.0	0.0	0.116396761134
54	1	1	0	0.0	0.0	0.0	0.0	0.113186813187
55	1	1	0	0.138	0.0	0.0	0.192148760331	0.140214216164
56	1	1	0	0.0	0.179587831207	0.0	0.0	0.129593810445
57	1	1	0	0.127254509018	0.0	0.173829990449	0.0	0.0
58	1	1	0	0.1318359375	0.144883485309	0.121457489879	0.318452380952	0.129909365559
59	1	1	0	0.0	0.0	0.0	0.0	0.123958333333
60	1	1	0	0.102284011917	0.158475426279	0.0	0.0	0.0
61	1	1	0	0.125	0.129098360656	0.130391173521	0.3242147923	0.135864135864
62	1	1	0	0.251762336354	0.139278557114	0.319721115538	0.47018572825	0.277120315582
63	1	1	0	0.290766208251	0.130524152107	0.312757201646	0.484546360917	0.235051546392
64	1	1	0	0.125	0.0	0.164086687307	0.0	0.0
65	1	1	0	0.131274131274	0.0	0.0	0.179303278689	0.133850630456
66	1	1	0	0.114087301587	0.0	0.168	0.0	0.0
67	1	1	0	0.137823834197	0.134134134134	0.127783155857	0.30409914204	0.129558541267
68	1	1	0	0.124868835257	0.0	0.0	0.178861788618	0.109311740891
69	1	1	0	0.128810226155	0.0	0.0	0.190909090909	0.135
70	1	1	0	0.0	0.0	0.0	0.0	0.111902339776
71	1	1	0	0.127308066084	0.0	0.147317073171	0.0	0.0
72	1	1	0	0.127127127127	0.0	0.0	0.202572347267	0.10989010989
73	1	1	0	0.138860103627	0.0	0.0	0.186372745491	0.129092609916
74	1	1	0	0.0	0.0	0.0	0.0	0.117395944504
75	1	1	0	0.126390293225	0.0	0.147843942505	0.0	0.0
76	1	1	0	0.126923076923	0.14447592068	0.145896656535	0.32296890672	0.115384615385
77	1	1	0	0.0	0.0	0.0	0.0	0.118048780488
78	1	1	0	0.122942884802	0.0	0.171648987464	0.0	0.0
79	1	1	0	0.124493927126	0.0	0.187210379981	0.0	0.0
80	1	1	0	0.112077294686	0.178236397749	0.0	0.0	0.0
81	1	1	0	0.119071644803	0.0	0.0	0.18	0.112774451098
82	1	1	0	0.121089808274	0.0	0.173745173745	0.0	0.0
83	1	1	0	0.132989690722	0.0	0.0	0.199395770393	0.132470119522
84	1	1	0	0.0	0.0	0.0	0.0	0.100198412698
85	1	1	0	0.12	0.0	0.158106747231	0.0	0.0
86	1	1	0	0.0	0.0	0.0	0.0	0.106815869786
87	1	1	0	0.136659436009	0.0	0.157527417747	0.0	0.0
88	1	1	0	0.143828960155	0.142288557214	0.122933884298	0.331034482759	0.127179487179
89	1	1	0	0.0	0.0	0.0	0.0	0.116845180136
90	1	1	0	0.0	0.162570888469	0.0	0.0	0.146013448607
91	1	1	0	0.116545265349	0.0	0.179640718563	0.0	0.0
92	1	1	0	0.12915851272	0.0	0.0	0.169404517454	0.114451988361
93	1	1	0	0.123493975904	0.0	0.188698284561	0.0	0.0
94	1	1	0	0.121387283237	0.171265461465	0.0	0.0	0.0
95	1	1	0	0.154875717017	0.0	0.0	0.187376725838	0.121121121121
96	1	1	0	0.0	0.0	0.0	0.0	0.122051282051
97	1	1	0	0.119257086999	0.0	0.172557172557	0.0	0.0
98	1	1	0	0.136216216216	0.0	0.0	0.16091954023	0.123505976096
99	1	1	0	0.129411764706	0.0	0.0	0.171889838557	0.115987460815
100	1	1	0	0.102284011917	0.158203125	0.0	0.0	0.0
