#chr	position	description	normal	sample0	sample1	sample2	sample3	sample4
1	1	1	0	0.0	0.154648956357	0.188025210084	0.0	0.0
2	1	1	0	0.0	0.0	0.0	0.184049079755	0.124876114965
3	1	1	0	0.27479338843	0.184600197433	0.124387855044	0.328699106256	0.0
4	1	1	0	0.2995215311	0.131605184447	0.114688128773	0.315733896515	0.0
5	1	1	0	0.279233870968	0.159491193738	0.116396761134	0.317395727365	0.0
6	1	1	0	0.0	0.13627254509	0.17555771096	0.0	0.0
7	1	1	0	0.28966223132	0.137512639029	0.120246659815	0.300921187308	0.0
8	1	1	0	0.284729064039	0.161779575329	0.0	0.33462657614	0.0
9	1	1	0	0.211614173228	0.361875637105	0.503703703704	0.20099009901	0.472251308901
10	1	1	0	0.266129032258	0.116161616162	0.109110169492	0.322865554465	0.0
11	1	1	0	0.0	0.0	0.0	0.165460186143	0.131958762887
12	1	1	0	0.285019455253	0.13082259663	0.116256157635	0.332659251769	0.0
13	1	1	0	0.279260780287	0.157998037291	0.106776180698	0.330029732408	0.0
14	1	1	0	0.0	0.172	0.1689453125	0.0	0.0
15	1	1	0	0.501547987616	0.269717624148	0.339468302658	0.515515515516	0.331288343558
16	1	1	0	0.289989680083	0.141666666667	0.120470127326	0.345812807882	0.0
17	1	1	0	0.275862068966	0.147368421053	0.102538071066	0.310237849018	0.0
18	1	1	0	0.0	0.161562829989	0.177072671443	0.0	0.0
19	1	1	0	0.282732447818	0.159595959596	0.116988809766	0.320041972718	0.0
20	1	1	0	0.262575452716	0.142711518858	0.101178781925	0.293172690763	0.0
21	1	1	0	0.0	0.186974789916	0.174496644295	0.0	0.0
22	1	1	0	0.0	0.0	0.0	0.173955296404	0.146088595664
23	1	1	0	0.28275862069	0.152016546019	0.113146551724	0.335922330097	0.0
24	1	1	0	0.0	0.155778894472	0.188405797101	0.0	0.0
25	1	1	0	0.0	0.152129817444	0.174041297935	0.0	0.0
26	1	1	0	0.0	0.0865800865801	0.0	0.0	0.163528245788
27	1	1	0	0.0	0.155722326454	0.183531746032	0.0	0.0
28	1	1	0	0.498958333333	0.252040816327	0.316568047337	0.52039800995	0.301449275362
29	1	1	0	0.300303336704	0.150905432596	0.0997038499506	0.303822937626	0.0
30	1	1	0	0.0	0.153770812929	0.176595744681	0.0	0.0
31	1	1	0	0.0	0.155206286837	0.153470185728	0.0	0.0
32	1	1	0	0.0	0.0	0.0	0.184426229508	0.156218905473
33	1	1	0	0.0	0.15815324165	0.183	0.0	0.0
34	1	1	0	0.287425149701	0.159707724426	0.115107913669	0.315789473684	0.0
35	1	1	0	0.0	0.145194274029	0.177551020408	0.0	0.0
36	1	1	0	0.2909632572	0.151911468813	0.108021390374	0.312	0.0
37	1	1	0	0.502420135528	0.255933952528	0.333333333333	0.535044422507	0.307053941909
38	1	1	0	0.316518298714	0.14201183432	0.0	0.297782470961	0.0
39	1	1	0	0.0	0.0933202357564	0.0	0.0	0.0
40	1	1	0	0.292079207921	0.13453815261	0.0	0.325426944972	0.0
41	1	1	0	0.0	0.163965681602	0.186138613861	0.0	0.0
42	1	1	0	0.0	0.174509803922	0.163054695562	0.0	0.0
43	1	1	0	0.0	0.0743801652893	0.0	0.0	0.18137254902
44	1	1	0	0.0	0.166503428012	0.177024482109	0.0	0.0
45	1	1	0	0.0	0.162768942937	0.180473372781	0.0	0.0
46	1	1	0	0.0	0.0	0.0	0.181280788177	0.118908382066
47	1	1	0	0.0	0.156345177665	0.166666666667	0.0	0.0
48	1	1	0	0.0	0.0	0.0	0.186304128902	0.143139190523
49	1	1	0	0.285294117647	0.132382892057	0.11495422177	0.306680161943	0.0
50	1	1	0	0.278925619835	0.145610278373	0.123015873016	0.316929133858	0.0
51	1	1	0	0.271559633028	0.147144240077	0.110880829016	0.345417925478	0.0
52	1	1	0	0.0	0.150485436893	0.203285420945	0.0	0.0
53	1	1	0	0.282467532468	0.117404737384	0.105919003115	0.336257309942	0.0
54	1	1	0	0.288235294118	0.142711518858	0.108082706767	0.315028901734	0.0
55	1	1	0	0.306060606061	0.126903553299	0.188811188811	0.319371727749	0.0
56	1	1	0	0.305283757339	0.142147117296	0.113886113886	0.32505399568	0.0
57	1	1	0	0.261078998073	0.147557328016	0.0963488843813	0.352820512821	0.0
58	1	1	0	0.294117647059	0.119607843137	0.108653846154	0.323762376238	0.0
59	1	1	0	0.0	0.145418326693	0.178646934461	0.0	0.0
60	1	1	0	0.481865284974	0.24867162593	0.315684315684	0.497064579256	0.324726911619
61	1	1	0	0.298210735586	0.149853085211	0.110882956879	0.315	0.0
62	1	1	0	0.0	0.0793950850662	0.0	0.0	0.0
63	1	1	0	0.219306466729	0.321897073663	0.519431279621	0.15438247012	0.505081300813
64	1	1	0	0.0	0.167318982387	0.175542406312	0.0	0.0
65	1	1	0	0.0	0.0	0.0	0.176278563656	0.111675126904
66	1	1	0	0.282273603083	0.142284569138	0.0950920245399	0.333998005982	0.0
67	1	1	0	0.0	0.141592920354	0.169322709163	0.0	0.0
68	1	1	0	0.0	0.168539325843	0.17864476386	0.0	0.0
69	1	1	0	0.0	0.169291338583	0.181058495822	0.0	0.0
70	1	1	0	0.0	0.170661553212	0.153617443013	0.0	0.0
71	1	1	0	0.0	0.0	0.0	0.175991861648	0.144680851064
72	1	1	0	0.0	0.138663967611	0.186304128902	0.0	0.0
73	1	1	0	0.0	0.0	0.0	0.178384050367	0.132352941176
74	1	1	0	0.0	0.0	0.0	0.189949748744	0.140578265204
75	1	1	0	0.301925025329	0.14173998045	0.123732251521	0.320975609756	0.0
76	1	1	0	0.270707070707	0.133903133903	0.121756487026	0.338085539715	0.0
77	1	1	0	0.260103626943	0.147198480532	0.0977068793619	0.321862348178	0.0
78	1	1	0	0.0	0.0921187308086	0.0	0.0	0.187946884576
79	1	1	0	0.0	0.153326904532	0.163636363636	0.0	0.0
80	1	1	0	0.273704789834	0.167161226508	0.108606557377	0.326219512195	0.0
81	1	1	0	0.0	0.153547133139	0.181730769231	0.0	0.0
82	1	1	0	0.0	0.155870445344	0.180873180873	0.0	0.0
83	1	1	0	0.0	0.103616813294	0.0	0.0	0.0
84	1	1	0	0.287425149701	0.141640042599	0.120418848168	0.318503538928	0.0
85	1	1	0	0.304761904762	0.153179190751	0.0	0.316715542522	0.0
86	1	1	0	0.269709543568	0.131552917903	0.111570247934	0.300303336704	0.0
87	1	1	0	0.282872928177	0.13985278654	0.100316789863	0.333333333333	0.0
88	1	1	0	0.282738095238	0.130223517979	0.113846153846	0.295857988166	0.0
89	1	1	0	0.0	0.155206286837	0.174927113703	0.0	0.0
90	1	1	0	0.294175715696	0.120379146919	0.0	0.302443991853	0.0
91	1	1	0	0.28078817734	0.162694300518	0.110091743119	0.301263362488	0.0
92	1	1	0	0.0	0.150253807107	0.176638176638	0.0	0.0
93	1	1	0	0.250507099391	0.152614727855	0.11892450879	0.320037986705	0.0
94	1	1	0	0.275	0.137896825397	0.123560209424	0.323790720632	0.0
95	1	1	0	0.271065989848	0.139215686275	0.104288499025	0.313645621181	0.0
96	1	1	0	0.219712525667	0.350357507661	0.502502502503	0.172827172827	0.485572139303
97	1	1	0	0.228865979381	0.354228855721	0.469109947644	0.188318227593	0.5
98	1	1	0	0.209726443769	0.371833839919	0.502507522568	0.190569744597	0.500963391137
99	1	1	0	0.28045325779	0.14121037464	0.103305785124	0.349553128103	0.0
100	1	1	0	0.298714144411	0.143269230769	0.103921568627	0.314285714286	0.0
