#chr	position	description	normal	sample0	sample1	sample2	sample3	sample4	sample5	sample6	sample7	sample8	sample9	sample10	sample11	sample12	sample13	sample14
1	1	1	0	0.0	0.153690596562	0.0	0.0	0.164926931106	0.212322274882	0.0	0.225179119754	0.136088709677	0.150738916256	0.11356466877	0.20151371807	0.242194891202	0.0	0.0
2	1	1	0	0.0	0.0	0.108267716535	0.0	0.0	0.0	0.108921161826	0.0	0.0	0.0	0.0	0.0	0.0	0.107212475634	0.0
3	1	1	0	0.0	0.0	0.1484375	0.285167464115	0.0	0.0	0.143559488692	0.122950819672	0.0	0.0	0.0	0.0	0.0	0.156882591093	0.0
4	1	1	0	0.0	0.0	0.0970873786408	0.0	0.0	0.0	0.101377952756	0.0	0.0	0.0	0.0	0.0	0.0	0.118860510806	0.0
5	1	1	0	0.0	0.0	0.0	0.0	0.0	0.0	0.0	0.0	0.135375494071	0.0	0.0	0.284544524053	0.0	0.0	0.0
6	1	1	0	0.0	0.0	0.174869109948	0.277665995976	0.0	0.0	0.148979591837	0.118460019743	0.0	0.0	0.0	0.0	0.0	0.18609406953	0.0
7	1	1	0	0.30545112782	0.302697302697	0.408333333333	0.302512562814	0.520812182741	0.51539225422	0.154219204656	0.343313373253	0.262795275591	0.521653543307	0.384615384615	0.212398373984	0.250495049505	0.265486725664	0.523665659617
8	1	1	0	0.0	0.0	0.156469408225	0.30737704918	0.0	0.0	0.15547024952	0.140790742527	0.0	0.0	0.0	0.0	0.0	0.179640718563	0.0
9	1	1	0	0.0	0.0	0.165330661323	0.318318318318	0.0	0.0	0.132518796992	0.127045235804	0.0	0.0	0.0	0.0	0.0	0.183550651956	0.0
10	1	1	0	0.0	0.0	0.112774451098	0.0	0.0	0.0	0.0860534124629	0.0	0.0	0.0	0.0	0.0	0.0	0.0980198019802	0.0
11	1	1	0	0.0	0.0	0.0	0.0	0.191191191191	0.0	0.0	0.0	0.11407249467	0.113131313131	0.158512720157	0.0	0.0	0.0	0.0
12	1	1	0	0.0	0.0	0.155	0.295585412668	0.0	0.0	0.159757330637	0.120959332638	0.0	0.0	0.0	0.0	0.0	0.180124223602	0.0
13	1	1	0	0.0	0.0	0.0	0.0	0.0	0.0	0.0	0.0	0.147317073171	0.0	0.0	0.277179236043	0.0	0.0	0.0
14	1	1	0	0.0	0.0	0.159390862944	0.31256181998	0.0	0.0	0.157472417252	0.139846743295	0.0	0.0	0.0	0.0	0.0	0.163693599161	0.0
15	1	1	0	0.0	0.0	0.0	0.0	0.0	0.0	0.0	0.0	0.143418467583	0.0	0.0	0.290697674419	0.0	0.0	0.0
16	1	1	0	0.0	0.0	0.0	0.209505334627	0.0	0.0	0.101765316719	0.0	0.257	0.0	0.110009910803	0.272816486752	0.108341323106	0.123316062176	0.0
17	1	1	0	0.0	0.0	0.101659751037	0.0	0.0	0.0	0.0943204868154	0.0	0.0	0.0	0.0	0.0	0.0	0.0995169082126	0.0
18	1	1	0	0.0	0.0	0.0	0.0	0.182	0.0	0.0	0.0	0.136811023622	0.169696969697	0.129595588235	0.0	0.0	0.0	0.0
19	1	1	0	0.0	0.0	0.099593495935	0.0	0.0	0.0	0.0809426229508	0.0	0.0	0.0	0.0	0.0	0.0	0.125	0.0
20	1	1	0	0.0	0.0	0.15223880597	0.303733602422	0.0	0.0	0.143842364532	0.112449799197	0.0	0.0	0.0	0.0	0.0	0.161352657005	0.0
21	1	1	0	0.0	0.0	0.0	0.0	0.0	0.0	0.0	0.114572864322	0.133611691023	0.125748502994	0.15725047081	0.0	0.117827868852	0.0	0.0
22	1	1	0	0.0	0.0	0.105846774194	0.0	0.0	0.0	0.0850840336134	0.0	0.0	0.0	0.0	0.0	0.0	0.10307234886	0.0
23	1	1	0	0.0	0.0	0.106995884774	0.0	0.0	0.0	0.105263157895	0.0	0.0	0.0	0.0	0.0	0.0	0.0972918756269	0.0
24	1	1	0	0.0	0.150460593654	0.0	0.0	0.161515453639	0.257338551859	0.0	0.237704918033	0.112487100103	0.138195777351	0.130171543895	0.230692076229	0.261880687563	0.0	0.0
25	1	1	0	0.0	0.0	0.0	0.201417004049	0.0	0.0	0.11408016444	0.0	0.236212278876	0.0	0.0888030888031	0.281808622503	0.112716763006	0.121504339441	0.0
26	1	1	0	0.0	0.0	0.115087040619	0.0	0.0	0.0	0.0756811301715	0.0	0.0	0.0	0.0	0.0	0.0	0.117886178862	0.0
27	1	1	0	0.0	0.0	0.15844402277	0.284323271665	0.0	0.0	0.165975103734	0.129538763494	0.0	0.0	0.0	0.0	0.0	0.175858480749	0.0
28	1	1	0	0.0	0.0	0.0	0.207670720299	0.0	0.0	0.094246031746	0.0	0.256206554121	0.0	0.119920713578	0.292368681863	0.10303030303	0.124613800206	0.0
29	1	1	0	0.0	0.155378486056	0.0	0.0	0.130218687873	0.239961759082	0.0	0.230769230769	0.1328125	0.14985014985	0.124007936508	0.226957383548	0.236055776892	0.0	0.0
30	1	1	0	0.0	0.0	0.0	0.211967545639	0.0	0.0	0.124626121635	0.0	0.210472279261	0.0	0.0991902834008	0.264583333333	0.100917431193	0.113778705637	0.0
31	1	1	0	0.0	0.0	0.0	0.0	0.0	0.0	0.0	0.0	0.155487804878	0.0	0.0	0.263969171484	0.0	0.0	0.0
32	1	1	0	0.0	0.0	0.0	0.0	0.17063081696	0.0	0.0	0.0	0.14501510574	0.13	0.171548117155	0.0	0.0	0.0	0.0
33	1	1	0	0.0	0.0	0.179358717435	0.294005708849	0.0	0.0	0.147173489279	0.149068322981	0.0	0.0	0.0	0.0	0.0	0.185909980431	0.0
34	1	1	0	0.0	0.0	0.0	0.0	0.20893970894	0.0	0.0	0.0	0.133966244726	0.12864321608	0.144411473788	0.0	0.0	0.0	0.0
35	1	1	0	0.0	0.146389713155	0.0	0.0	0.157794676806	0.243512974052	0.0	0.225198412698	0.132132132132	0.121713729309	0.136778115502	0.212	0.261171797418	0.0	0.0
36	1	1	0	0.0	0.0	0.0	0.197604790419	0.0	0.0	0.0892514395393	0.0	0.222567287785	0.0	0.106906338694	0.284158415842	0.09918200409	0.124505928854	0.0
37	1	1	0	0.0	0.0	0.167832167832	0.300507614213	0.0	0.0	0.140578265204	0.119257086999	0.0	0.0	0.0	0.0	0.0	0.183220829315	0.0
38	1	1	0	0.0	0.0	0.1552734375	0.324457593688	0.0	0.0	0.163471241171	0.122404371585	0.0	0.0	0.0	0.0	0.0	0.156007751938	0.0
39	1	1	0	0.0	0.0	0.0	0.0	0.190571715145	0.0	0.0	0.0	0.114800759013	0.140206185567	0.142581888247	0.0	0.0	0.0	0.0
40	1	1	0	0.0	0.0	0.0908183632735	0.0	0.0	0.0	0.106893106893	0.0	0.0	0.0	0.0	0.0	0.0	0.103448275862	0.0
41	1	1	0	0.0	0.0	0.106150793651	0.0	0.0	0.0	0.0931134820563	0.0	0.0	0.0	0.0	0.0	0.0	0.0874635568513	0.0
42	1	1	0	0.0	0.0	0.0	0.181061394381	0.0	0.0	0.107429718876	0.0	0.242424242424	0.0	0.120901639344	0.305	0.0849740932642	0.11342351717	0.0
43	1	1	0	0.141575274177	0.0	0.104944500505	0.0	0.0	0.0	0.0	0.0	0.0	0.0957446808511	0.0971370143149	0.0	0.0	0.0947265625	0.212180746562
44	1	1	0	0.0	0.0	0.0	0.0	0.195481335953	0.0	0.0	0.0	0.116781157998	0.142156862745	0.148977604674	0.0	0.0	0.0	0.0
45	1	1	0	0.0	0.0	0.158475426279	0.283568075117	0.0	0.0	0.139896373057	0.130560928433	0.0	0.0	0.0	0.0	0.0	0.175609756098	0.0
46	1	1	0	0.0	0.0	0.199004975124	0.306306306306	0.0	0.0	0.165680473373	0.128440366972	0.0	0.0	0.0	0.0	0.0	0.16983016983	0.0
47	1	1	0	0.126024590164	0.0	0.091649694501	0.0	0.0	0.0	0.0	0.0	0.0	0.0970677451972	0.102249488753	0.0	0.0	0.105731225296	0.216403162055
48	1	1	0	0.0	0.145833333333	0.0	0.0	0.157270029674	0.22427184466	0.0	0.246231155779	0.152542372881	0.152525252525	0.153386454183	0.219537815126	0.247687564234	0.0	0.0
49	1	1	0	0.0	0.0	0.0933333333333	0.0	0.0	0.0	0.0839231547017	0.0	0.0	0.0	0.0	0.0	0.0	0.107708553326	0.0
50	1	1	0	0.0	0.0	0.0943755958055	0.0	0.0	0.0	0.109390125847	0.0	0.0	0.0	0.0	0.0	0.0	0.104081632653	0.0
51	1	1	0	0.0	0.0	0.0	0.179389312977	0.0	0.0	0.0823170731707	0.0	0.235177865613	0.0	0.118947368421	0.29702970297	0.115226337449	0.113402061856	0.0
52	1	1	0	0.0	0.0	0.158777120316	0.298174442191	0.0	0.0	0.171597633136	0.151546391753	0.0	0.0	0.0	0.0	0.0	0.181430096051	0.0
53	1	1	0	0.0	0.0	0.10119047619	0.0	0.0	0.0	0.10396039604	0.0	0.0	0.0	0.0	0.0	0.0	0.107766990291	0.0
54	1	1	0	0.0	0.0	0.0	0.194949494949	0.0	0.0	0.0980198019802	0.0	0.23143683703	0.0	0.112264150943	0.293388429752	0.0925373134328	0.119834710744	0.0
55	1	1	0	0.0	0.0	0.0	0.18137254902	0.0	0.0	0.103984450923	0.0	0.256689791873	0.0	0.0887755102041	0.290581162325	0.101923076923	0.12342079689	0.0
56	1	1	0	0.0	0.0	0.0	0.0	0.0	0.0	0.0	0.119703389831	0.139795918367	0.129224652087	0.159478435306	0.0	0.126673532441	0.0	0.0
57	1	1	0	0.0	0.0	0.0970772442589	0.0	0.0	0.0	0.0849342770475	0.0	0.0	0.0	0.0	0.0	0.0	0.100405679513	0.0
58	1	1	0	0.0	0.0	0.103547459252	0.0	0.0	0.0	0.0835850956697	0.0	0.0	0.0	0.0	0.0	0.0	0.0910891089109	0.0
59	1	1	0	0.133202742409	0.0	0.113636363636	0.0	0.0	0.0	0.0	0.0	0.0	0.0972088546679	0.105577689243	0.0	0.0	0.0992907801418	0.208494208494
60	1	1	0	0.0	0.0	0.0	0.0	0.189555125725	0.0	0.0	0.0	0.126719056974	0.121465968586	0.142296368989	0.0	0.0	0.0	0.0
61	1	1	0	0.0	0.0	0.0	0.213658536585	0.0	0.0	0.108349900596	0.0	0.217085427136	0.0	0.105769230769	0.280346820809	0.0931677018634	0.11301715439	0.0
62	1	1	0	0.0	0.0	0.0	0.0	0.163829787234	0.0	0.0	0.0	0.125248508946	0.134110787172	0.160268714012	0.0	0.0	0.0	0.0
63	1	1	0	0.0	0.0	0.159113796576	0.272357723577	0.0	0.0	0.168918918919	0.116182572614	0.0	0.0	0.0	0.0	0.0	0.16380182002	0.0
64	1	1	0	0.0	0.0	0.0	0.0	0.171198388721	0.0	0.0	0.0	0.11673553719	0.135245901639	0.146666666667	0.0	0.0	0.0	0.0
65	1	1	0	0.0	0.0	0.0	0.218929254302	0.0	0.0	0.096421471173	0.0	0.255213505462	0.0	0.117063492063	0.262948207171	0.0989226248776	0.114942528736	0.0
66	1	1	0	0.30658436214	0.322404371585	0.408333333333	0.30601659751	0.49203187251	0.516966067864	0.162633107454	0.36717062635	0.23	0.491508491508	0.392315470172	0.240579710145	0.24739039666	0.276923076923	0.508506616257
67	1	1	0	0.0	0.0	0.106532663317	0.0	0.0	0.0	0.0840664711632	0.0	0.0	0.0	0.0	0.0	0.0	0.0883280757098	0.0
68	1	1	0	0.0	0.0	0.177514792899	0.306900102987	0.0	0.0	0.143835616438	0.135764944276	0.0	0.0	0.0	0.0	0.0	0.19028741328	0.0
69	1	1	0	0.0	0.0	0.0954773869347	0.0	0.0	0.0	0.0913654618474	0.0	0.0	0.0	0.0	0.0	0.0	0.109218436874	0.0
70	1	1	0	0.203574975174	0.214579055441	0.131132075472	0.0	0.0	0.0	0.238195173137	0.126390293225	0.0	0.0	0.0	0.0	0.125806451613	0.111330049261	0.0
71	1	1	0	0.0	0.0	0.0	0.0	0.17042115573	0.0	0.0	0.0	0.121513944223	0.125633232016	0.156188605108	0.0	0.0	0.0	0.0
72	1	1	0	0.11495422177	0.0	0.115779645191	0.0	0.0	0.0	0.0	0.0	0.0	0.100497512438	0.1	0.0	0.0	0.0922787193974	0.239644970414
73	1	1	0	0.0	0.0	0.152626362735	0.28743718593	0.0	0.0	0.135991820041	0.134773662551	0.0	0.0	0.0	0.0	0.0	0.161778618732	0.0
74	1	1	0	0.0	0.0	0.141213389121	0.298245614035	0.0	0.0	0.146666666667	0.110286320255	0.0	0.0	0.0	0.0	0.0	0.177227722772	0.0
75	1	1	0	0.0	0.0	0.112085769981	0.0	0.0	0.0	0.0894472361809	0.0	0.0	0.0	0.0	0.0	0.0	0.0954198473282	0.0
76	1	1	0	0.111788617886	0.0	0.0997008973081	0.0	0.0	0.0	0.0	0.0	0.0	0.0925531914894	0.0999020568071	0.0	0.0	0.124341412013	0.228571428571
77	1	1	0	0.305977710233	0.326450344149	0.392344497608	0.313043478261	0.49793814433	0.489593657086	0.151873767258	0.357360406091	0.240404040404	0.505928853755	0.388945752303	0.218200620476	0.245853658537	0.244329896907	0.528147389969
78	1	1	0	0.309887869521	0.31762295082	0.39518555667	0.29003021148	0.517034068136	0.506892895016	0.145812807882	0.344199424736	0.264646464646	0.487	0.403905447071	0.2340862423	0.27027027027	0.269192422732	0.497700091996
79	1	1	0	0.198388721047	0.182092555332	0.118279569892	0.0	0.0	0.0	0.245720040282	0.138317757009	0.0	0.0	0.0	0.0	0.143147208122	0.1076011846	0.0
80	1	1	0	0.0	0.141012909633	0.0	0.0	0.163163163163	0.219814241486	0.0	0.226586102719	0.123195380173	0.13228035538	0.14859437751	0.21639656816	0.260233918129	0.0	0.0
81	1	1	0	0.0	0.0	0.0	0.0	0.0	0.0	0.0	0.0	0.152217741935	0.0	0.0	0.269794721408	0.0	0.0	0.0
82	1	1	0	0.0	0.0	0.0	0.0	0.0	0.0	0.0	0.0	0.128024193548	0.0	0.0	0.291870714985	0.0	0.0	0.0
83	1	1	0	0.0	0.0	0.0	0.0	0.193269230769	0.0	0.0	0.0	0.124623115578	0.13192346425	0.134207870838	0.0	0.0	0.0	0.0
84	1	1	0	0.0	0.0	0.0	0.0	0.0	0.0	0.0	0.0	0.149176954733	0.0	0.0	0.269696969697	0.0	0.0	0.0
85	1	1	0	0.0	0.0	0.152196118488	0.31619047619	0.0	0.0	0.152606635071	0.132893496701	0.0	0.0	0.0	0.0	0.0	0.183098591549	0.0
86	1	1	0	0.0	0.0	0.163601161665	0.331606217617	0.0	0.0	0.149193548387	0.121089808274	0.0	0.0	0.0	0.0	0.0	0.17123935667	0.0
87	1	1	0	0.0	0.0	0.0	0.0	0.0	0.0	0.0	0.116027531957	0.140368852459	0.156686626747	0.160531697342	0.0	0.126016260163	0.0	0.0
88	1	1	0	0.0	0.0	0.143422354105	0.311871227364	0.0	0.0	0.150495049505	0.154314720812	0.0	0.0	0.0	0.0	0.0	0.171634121274	0.0
89	1	1	0	0.0	0.0	0.178026449644	0.293885601578	0.0	0.0	0.146560319043	0.137566137566	0.0	0.0	0.0	0.0	0.0	0.168186423506	0.0
90	1	1	0	0.182186234818	0.179863147605	0.125	0.0	0.0	0.0	0.282316442606	0.159021406728	0.0	0.0	0.0	0.0	0.149344096872	0.116632860041	0.0
91	1	1	0	0.0	0.0	0.0	0.0	0.0	0.0	0.0	0.113936927772	0.134403209629	0.141547861507	0.129032258065	0.0	0.133196721311	0.0	0.0
92	1	1	0	0.0	0.159672466735	0.0	0.0	0.146341463415	0.217606330366	0.0	0.235014272122	0.12890625	0.159420289855	0.145113524186	0.24557956778	0.250996015936	0.0	0.0
93	1	1	0	0.0	0.0	0.108187134503	0.0	0.0	0.0	0.0897571277719	0.0	0.0	0.0	0.0	0.0	0.0	0.10060362173	0.0
94	1	1	0	0.0	0.0	0.177949709865	0.304389312977	0.0	0.0	0.155577299413	0.128514056225	0.0	0.0	0.0	0.0	0.0	0.166347992352	0.0
95	1	1	0	0.0	0.0	0.0	0.0	0.0	0.0	0.0	0.0	0.166998011928	0.0	0.0	0.256565656566	0.0	0.0	0.0
96	1	1	0	0.0	0.0	0.10162601626	0.0	0.0	0.0	0.0868292682927	0.0	0.0	0.0	0.0	0.0	0.0	0.095009596929	0.0
97	1	1	0	0.0	0.172032193159	0.0	0.0	0.153225806452	0.2416918429	0.0	0.235662148071	0.138972809668	0.148445336008	0.145688800793	0.227934044617	0.25993883792	0.0	0.0
98	1	1	0	0.0	0.0	0.12968591692	0.298674821611	0.0	0.0	0.152444870566	0.139961389961	0.0	0.0	0.0	0.0	0.0	0.180746561886	0.0
99	1	1	0	0.0	0.0	0.0	0.0	0.163306451613	0.0	0.0	0.0	0.111111111111	0.132443531828	0.138095238095	0.0	0.0	0.0	0.0
100	1	1	0	0.0	0.0	0.0	0.0	0.0	0.0	0.0	0.125523012552	0.125	0.132231404959	0.150614754098	0.0	0.111557788945	0.0	0.0
