Chromosome	Position	Change	Gene	sample0	sample1	sample2	sample3	sample4	sample5	sample6	sample7	sample8	sample9
1	0	G>C	1	1046	1079	969	986	1028	1033	993	990	975	992
1	1	G>C	1	1042	1046	997	1010	1022	1031	1016	1040	1009	1084
1	2	G>A	1	982	1013	961	1014	971	961	994	941	982	1001
1	3	T>A	1	995	987	975	989	1025	1059	1010	1006	974	1000
1	4	A>C	1	988	995	976	1010	1068	1022	956	986	1039	947
1	5	T>G	1	985	1064	981	969	1016	978	988	996	1012	1022
1	6	G>T	1	998	1059	993	1000	963	1009	970	1051	1023	1010
1	7	G>C	1	1032	995	1007	1003	1057	980	1059	927	974	1061
1	8	C>A	1	994	965	1016	979	1033	975	1017	960	1061	1016
1	9	T>G	1	1023	1056	940	1005	1027	1076	966	961	968	1031
1	10	C>T	1	1041	957	980	969	1016	1025	970	1021	1010	997
1	11	T>A	1	1033	1012	991	1037	947	969	1034	989	1016	965
1	12	A>G	1	1012	998	946	984	1005	1030	1032	986	952	1035
1	13	A>G	1	1064	991	991	967	959	957	971	1003	958	977
1	14	C>G	1	1096	982	1005	973	986	990	1016	999	1045	974
1	15	C>A	1	989	991	1004	953	978	1038	1007	968	982	996
1	16	A>T	1	976	973	997	990	996	1031	1041	979	1034	1009
1	17	A>C	1	1035	1057	975	1038	1010	1016	979	996	1005	990
1	18	A>C	1	939	1017	979	954	986	1020	1012	1027	1003	1029
1	19	A>C	1	1048	1003	1044	990	1049	1012	1020	974	998	1018
1	20	G>A	1	937	1002	1059	958	1015	1055	990	955	947	1006
1	21	C>A	1	971	978	1046	978	992	996	985	1043	956	974
1	22	G>T	1	980	944	1002	989	947	1031	1020	969	1073	1015
1	23	C>A	1	973	1047	1027	1030	1005	974	1009	1039	994	970
1	24	G>T	1	1017	1010	992	1009	1001	1081	969	1004	987	989
1	25	A>T	1	984	1041	962	981	1006	1054	1015	1003	1062	990
1	26	C>A	1	999	969	1025	1006	1028	972	1029	1068	1070	983
1	27	A>G	1	977	1033	994	1013	978	999	990	1002	1026	1003
1	28	G>A	1	1013	954	997	1010	983	1019	993	965	1047	1017
1	29	G>C	1	989	1030	1037	985	1023	1026	1001	1038	1018	937
1	30	C>T	1	1018	977	1047	1018	1023	1042	1000	1026	1048	991
1	31	G>C	1	996	1050	983	1014	1026	1006	1008	1030	974	946
1	32	T>G	1	1070	1015	1012	946	941	966	990	1035	1039	954
1	33	T>A	1	1009	1048	1010	1007	952	944	987	1032	1005	996
1	34	C>A	1	997	1038	1022	1018	967	1073	969	1000	1007	1065
1	35	C>G	1	1018	1022	1030	1032	992	1013	1024	1015	983	1038
1	36	T>C	1	968	965	1023	982	938	1031	967	998	961	1006
1	37	C>A	1	1027	987	1025	1005	1010	1020	1011	1018	966	990
1	38	C>T	1	997	981	993	991	987	1048	959	1041	1021	997
1	39	T>A	1	1029	1005	964	998	1088	985	977	971	1052	993
1	40	G>T	1	1003	974	1006	1027	1024	1016	926	901	985	970
1	41	C>G	1	1002	974	988	957	973	1003	997	976	983	962
1	42	C>A	1	1051	955	995	1105	1024	936	1039	996	1030	982
1	43	A>T	1	991	967	982	1017	972	944	1010	1025	967	1039
1	44	A>C	1	983	993	1002	968	985	1055	1003	981	990	1001
1	45	A>G	1	968	962	1011	981	1017	973	1016	982	1054	989
1	46	T>A	1	1027	962	1019	969	1017	1008	1046	1002	1041	1005
1	47	A>C	1	1032	1016	966	1016	985	1006	965	988	992	1043
1	48	C>A	1	1024	998	1000	1016	978	1031	972	992	998	953
1	49	C>A	1	982	1020	1040	1013	1082	976	966	1045	1030	991
1	50	C>T	1	950	965	998	992	991	1008	973	1027	1029	987
1	51	G>C	1	1013	987	991	966	1039	999	975	1061	1005	970
1	52	G>C	1	986	993	1002	1039	952	1032	1009	948	979	967
1	53	C>G	1	980	974	885	1013	1041	1035	1046	989	1006	1051
1	54	T>G	1	1007	1005	970	1005	1059	1059	1042	1004	1008	1020
1	55	A>T	1	1024	1039	1002	992	979	1006	991	990	1059	1007
1	56	G>C	1	977	1026	934	1023	971	974	1018	992	1015	1003
1	57	G>A	1	1018	988	1000	1002	944	1014	1007	995	986	987
1	58	C>G	1	1005	1003	1007	1068	1038	965	950	996	1023	1000
1	59	C>G	1	1022	989	993	986	961	1011	960	1001	987	976
1	60	A>G	1	1000	1018	1006	977	1015	1003	914	1048	999	1025
1	61	T>C	1	964	955	1003	1045	1021	957	1042	954	994	1024
1	62	C>A	1	987	971	1038	1043	1001	1066	956	1033	997	1012
1	63	T>G	1	1053	1023	1037	985	999	1024	1012	1030	979	1042
1	64	G>A	1	1028	1003	987	1009	976	978	1025	1022	963	996
1	65	A>C	1	1025	969	1015	984	993	1024	991	989	1013	974
1	66	G>T	1	993	1070	1064	989	977	1032	990	978	983	1020
1	67	C>T	1	993	964	981	955	992	1013	948	1010	1029	939
1	68	G>T	1	1039	957	963	1011	1001	981	1013	947	966	980
1	69	T>A	1	1020	989	982	1016	1025	1030	1032	1017	1026	1013
1	70	C>A	1	1010	1013	1012	1020	965	1005	1002	1013	971	967
1	71	A>C	1	944	985	1011	933	1015	953	943	949	993	948
1	72	G>C	1	1017	1004	1002	1005	1038	974	1037	961	1024	1000
1	73	A>G	1	1010	971	997	989	996	986	971	994	1013	998
1	74	G>A	1	933	958	978	1052	992	1002	1011	986	1047	1009
1	75	C>A	1	985	986	1020	1018	1016	1022	1049	1008	1019	988
1	76	T>A	1	1025	995	980	949	989	1006	1018	988	1033	1026
1	77	A>T	1	993	982	1026	1053	943	1012	1008	962	956	1012
1	78	T>C	1	1021	1005	1018	1027	1077	1034	1008	976	969	1012
1	79	T>A	1	981	966	968	955	1016	969	994	996	1026	995
1	80	T>C	1	1031	954	1036	1022	981	971	949	934	975	1002
1	81	G>A	1	988	1031	1018	925	1005	1003	1025	956	970	1008
1	82	T>A	1	946	1023	972	1065	1000	951	991	962	1025	994
1	83	G>A	1	1000	1044	1009	971	994	1003	951	1034	1003	1031
1	84	A>C	1	1015	955	1073	976	1015	1002	974	991	1014	1042
1	85	C>G	1	965	974	977	966	1017	1015	1027	989	973	1024
1	86	C>T	1	949	1019	955	1008	974	980	976	1021	1016	1003
1	87	T>A	1	919	955	1002	1045	1017	1011	1025	1041	975	1036
1	88	T>G	1	938	1039	985	937	1028	976	956	978	1017	1019
1	89	C>A	1	1020	981	1004	975	1017	993	988	1022	951	984
1	90	T>C	1	1013	959	983	1003	968	987	1052	982	980	1005
1	91	A>T	1	1014	1013	1009	976	921	1017	996	986	982	1019
1	92	A>G	1	919	1002	1036	1019	989	974	1013	1047	980	973
1	93	C>T	1	1010	1002	993	1008	1002	1012	986	946	1049	1033
1	94	C>G	1	983	977	992	1018	969	1006	994	979	936	989
1	95	A>C	1	1013	968	978	1023	952	1024	1039	983	1011	980
1	96	C>G	1	993	991	1019	1048	989	997	939	1010	1030	1004
1	97	C>T	1	1040	1032	1050	998	1007	1000	1000	989	944	989
1	98	G>T	1	1026	1044	991	1058	1011	954	1005	959	1024	935
1	99	G>A	1	1044	1021	973	1044	987	985	1040	1031	999	971
