Chromosome	Position	Change	Gene	sample0	sample1	sample2	sample3	sample4	sample5	sample6	sample7	sample8	sample9
1	0	A>G	1	323	222	128	0	307	220	345	199	197	326
1	1	C>G	1	179	117	384	240	92	146	136	0	161	0
1	2	C>A	1	163	102	368	250	88	141	141	0	161	0
1	3	G>A	1	180	120	343	267	104	122	146	0	154	0
1	4	T>C	1	205	0	0	0	131	0	0	0	0	0
1	5	G>C	1	324	200	155	0	309	218	379	194	211	331
1	6	T>C	1	208	0	0	0	164	0	0	0	0	0
1	7	C>G	1	0	169	0	258	0	139	0	299	0	0
1	8	A>G	1	171	121	342	237	88	140	143	0	159	0
1	9	A>T	1	0	0	175	259	0	132	0	0	0	0
1	10	C>A	1	194	0	195	0	0	0	143	0	152	0
1	11	C>G	1	192	139	390	226	105	154	141	0	173	0
1	12	G>C	1	176	118	385	226	88	154	155	0	175	0
1	13	A>T	1	217	0	142	0	164	120	110	218	105	0
1	14	G>A	1	204	0	0	0	169	0	0	0	0	0
1	15	G>T	1	179	113	356	262	91	143	141	0	143	0
1	16	C>G	1	166	0	182	0	0	0	158	0	161	0
1	17	C>T	1	181	126	353	204	101	147	120	0	165	0
1	18	G>A	1	230	0	0	0	158	0	0	0	0	0
1	19	G>C	1	341	204	142	0	285	207	336	212	216	312
1	20	G>A	1	0	0	153	230	0	154	0	0	0	0
1	21	A>T	1	0	0	162	248	0	138	0	0	0	0
1	22	C>G	1	201	0	0	0	146	0	0	0	0	0
1	23	T>C	1	196	0	139	0	169	113	114	204	106	0
1	24	A>T	1	0	0	174	224	0	145	0	0	0	0
1	25	G>C	1	0	0	175	240	0	121	0	0	0	0
1	26	C>G	1	313	232	162	0	383	233	340	202	233	493
1	27	T>G	1	214	0	0	0	186	0	0	0	0	0
1	28	T>C	1	333	201	144	0	316	207	338	216	216	361
1	29	C>T	1	169	0	230	0	0	0	152	0	154	0
1	30	T>A	1	0	192	0	280	0	148	0	281	0	0
1	31	C>A	1	161	0	198	0	0	0	149	0	154	0
1	32	T>C	1	210	0	0	0	166	0	0	0	0	0
1	33	T>A	1	218	0	0	0	165	0	0	0	0	0
1	34	G>C	1	216	0	0	0	164	0	0	0	0	0
1	35	T>A	1	319	203	128	0	430	212	372	233	343	500
1	36	T>A	1	169	0	166	0	0	0	151	0	170	0
1	37	A>T	1	224	0	0	0	180	0	0	0	0	0
1	38	A>C	1	0	181	0	280	0	142	0	275	0	0
1	39	T>C	1	329	222	151	0	311	212	379	218	216	366
1	40	C>T	1	200	0	0	0	187	0	0	0	0	0
1	41	A>C	1	0	189	0	287	0	143	0	293	0	0
1	42	G>A	1	233	0	0	0	167	0	0	0	0	0
1	43	G>T	1	0	235	0	0	149	0	160	0	0	307
1	44	T>C	1	0	169	0	274	0	149	0	288	0	0
1	45	A>T	1	346	206	138	0	342	229	310	221	207	312
1	46	A>C	1	0	0	169	225	0	120	0	0	0	0
1	47	A>G	1	0	168	0	254	0	141	0	261	0	0
1	48	A>C	1	0	172	0	251	0	143	0	316	0	0
1	49	G>T	1	0	211	0	0	158	0	149	0	0	355
1	50	T>G	1	0	157	0	231	0	163	0	288	0	0
1	51	C>T	1	227	0	0	0	174	0	0	0	0	0
1	52	G>T	1	0	0	154	262	0	147	0	0	0	0
1	53	A>C	1	310	223	132	0	304	196	387	194	220	331
1	54	T>C	1	203	0	0	0	178	0	0	0	0	0
1	55	T>G	1	205	0	0	0	178	0	0	0	0	0
1	56	C>T	1	0	0	164	240	0	137	0	0	0	0
1	57	A>T	1	180	122	338	260	87	134	121	0	163	0
1	58	G>T	1	0	181	0	261	0	163	0	267	0	0
1	59	T>G	1	201	116	366	266	91	128	152	0	141	0
1	60	T>G	1	166	0	165	0	0	0	145	0	176	0
1	61	C>T	1	326	229	136	0	425	207	370	192	220	513
1	62	G>A	1	215	0	0	0	187	0	0	0	0	0
1	63	G>A	1	178	0	202	0	0	0	135	0	140	0
1	64	G>C	1	305	188	124	0	407	188	324	214	219	496
1	65	A>T	1	182	118	360	231	95	137	130	0	167	0
1	66	A>C	1	0	176	0	266	0	138	0	296	0	0
1	67	C>A	1	220	0	0	0	164	0	0	0	0	0
1	68	C>T	1	210	0	0	0	166	0	0	0	0	0
1	69	C>G	1	157	123	354	242	71	134	133	0	167	0
1	70	T>A	1	317	198	140	0	349	221	336	212	215	349
1	71	T>C	1	331	217	157	0	383	210	355	253	209	505
1	72	T>C	1	319	205	117	0	388	209	375	206	198	466
1	73	A>T	1	194	0	0	0	156	0	0	0	0	0
1	74	G>A	1	238	0	0	0	132	0	0	0	0	0
1	75	A>C	1	176	0	218	0	0	0	144	0	184	0
1	76	G>T	1	0	0	166	231	0	130	0	0	0	0
1	77	A>G	1	0	150	0	250	0	154	0	303	0	0
1	78	A>T	1	0	176	0	232	0	150	0	264	0	0
1	79	G>T	1	179	0	188	0	0	0	157	0	180	0
1	80	G>C	1	300	217	130	0	338	181	369	205	200	320
1	81	A>C	1	223	0	0	0	179	0	0	0	0	0
1	82	A>T	1	210	0	0	0	184	0	0	0	0	0
1	83	C>A	1	298	191	157	0	315	228	320	213	187	330
1	84	C>T	1	0	179	0	263	0	142	0	261	0	0
1	85	A>T	1	203	0	0	0	166	0	0	0	0	0
1	86	T>A	1	0	161	0	258	0	157	0	308	0	0
1	87	T>A	1	0	181	0	264	0	144	0	295	0	0
1	88	T>G	1	219	0	124	0	153	110	105	224	105	0
1	89	C>G	1	0	171	0	276	0	135	0	285	0	0
1	90	C>G	1	0	170	0	284	0	142	0	264	0	0
1	91	C>A	1	0	0	172	240	0	148	0	0	0	0
1	92	G>T	1	191	0	172	0	0	0	143	0	152	0
1	93	A>T	1	0	172	0	249	0	160	0	289	0	0
1	94	A>T	1	306	222	135	0	321	213	357	234	201	343
1	95	G>A	1	234	0	0	0	163	0	0	0	0	0
1	96	C>T	1	320	192	142	0	398	212	396	222	192	478
1	97	A>C	1	283	228	142	0	330	220	351	202	222	340
1	98	C>A	1	344	224	156	0	362	239	355	219	226	343
1	99	T>G	1	0	168	0	233	0	144	0	270	0	0
