#chr	position	description	normal	sample0	sample1	sample2	sample3	sample4
1	1	1	0	0.0	0.0612244897959	0.0	0.0	0.117021276596
2	1	1	0	0.0	0.0	0.0	0.0	0.0
3	1	1	0	0.0	0.186274509804	0.268518518519	0.0	0.0
4	1	1	0	0.152941176471	0.130434782609	0.0	0.0	0.168674698795
5	1	1	0	0.0	0.0	0.0	0.0	0.0
6	1	1	0	0.0	0.0	0.0	0.0	0.0
7	1	1	0	0.0	0.104761904762	0.0	0.0	0.0879120879121
8	1	1	0	0.0	0.154471544715	0.366336633663	0.0	0.0
9	1	1	0	0.0	0.0	0.0	0.0	0.0
10	1	1	0	0.0	0.0	0.0	0.0	0.0
11	1	1	0	0.0	0.0	0.153846153846	0.0	0.0
12	1	1	0	0.0	0.0	0.0	0.0	0.0
13	1	1	0	0.132653061224	0.111111111111	0.0	0.0	0.173913043478
14	1	1	0	0.0	0.131313131313	0.0	0.0	0.0
15	1	1	0	0.0	0.0851063829787	0.0	0.0	0.0693069306931
16	1	1	0	0.0	0.0	0.0	0.0	0.0
17	1	1	0	0.0	0.102040816327	0.0	0.0	0.0940170940171
18	1	1	0	0.0	0.0	0.0	0.0	0.0
19	1	1	0	0.0	0.0	0.0989010989011	0.0	0.0
20	1	1	0	0.0	0.0	0.0	0.0	0.0
21	1	1	0	0.0	0.161290322581	0.219512195122	0.0	0.0
22	1	1	0	0.0	0.164948453608	0.113402061856	0.0	0.0
23	1	1	0	0.0	0.0	0.0	0.0	0.0
24	1	1	0	0.0875	0.110169491525	0.0	0.0	0.10101010101
25	1	1	0	0.0	0.0	0.0	0.0	0.0
26	1	1	0	0.0	0.131313131313	0.101694915254	0.0	0.0
27	1	1	0	0.0	0.0	0.0693069306931	0.0	0.0
28	1	1	0	0.09	0.102803738318	0.0	0.0	0.078431372549
29	1	1	0	0.0	0.120879120879	0.484210526316	0.0	0.0
30	1	1	0	0.0	0.063829787234	0.0	0.0	0.117021276596
31	1	1	0	0.150537634409	0.105263157895	0.0	0.0	0.141304347826
32	1	1	0	0.283018867925	0.4375	0.0	0.174311926606	0.265060240964
33	1	1	0	0.0	0.0	0.0	0.0	0.0
34	1	1	0	0.0	0.0	0.0	0.0	0.0
35	1	1	0	0.314606741573	0.304347826087	0.0	0.263736263736	0.204301075269
36	1	1	0	0.0884955752212	0.10101010101	0.0	0.0	0.131147540984
37	1	1	0	0.0	0.0	0.0	0.0	0.0
38	1	1	0	0.0	0.0	0.0	0.0	0.0
39	1	1	0	0.0	0.0	0.0	0.0	0.0
40	1	1	0	0.0686274509804	0.125	0.0	0.0	0.168831168831
41	1	1	0	0.0	0.0	0.0	0.0	0.0
42	1	1	0	0.0	0.0	0.0	0.0	0.0
43	1	1	0	0.0	0.0	0.0	0.0	0.0
44	1	1	0	0.0	0.164948453608	0.0	0.0	0.0
45	1	1	0	0.0490196078431	0.0	0.0	0.26213592233	0.0
46	1	1	0	0.0	0.153846153846	0.0	0.0	0.118279569892
47	1	1	0	0.0	0.132743362832	0.265306122449	0.0	0.0
48	1	1	0	0.0	0.0	0.0	0.0	0.0
49	1	1	0	0.0	0.0	0.0	0.0	0.0
50	1	1	0	0.37962962963	0.37	0.0	0.244897959184	0.3
51	1	1	0	0.10101010101	0.148936170213	0.0	0.0	0.118811881188
52	1	1	0	0.0	0.161290322581	0.08	0.0	0.0
53	1	1	0	0.195402298851	0.192307692308	0.0	0.277227722772	0.0769230769231
54	1	1	0	0.0	0.0	0.0	0.0	0.0
55	1	1	0	0.0	0.0	0.0	0.0	0.0
56	1	1	0	0.0	0.0	0.0	0.0	0.0
57	1	1	0	0.0	0.0	0.0	0.0	0.0
58	1	1	0	0.0	0.127659574468	0.0	0.0	0.135593220339
59	1	1	0	0.0	0.0	0.0	0.0	0.0
60	1	1	0	0.0	0.0	0.0	0.0	0.0
61	1	1	0	0.0845070422535	0.0721649484536	0.0	0.0	0.0982142857143
62	1	1	0	0.0	0.164835164835	0.0	0.0	0.127659574468
63	1	1	0	0.130434782609	0.168224299065	0.0	0.0	0.132075471698
64	1	1	0	0.0	0.0760869565217	0.0	0.0	0.117021276596
65	1	1	0	0.0	0.0	0.0	0.0	0.0
66	1	1	0	0.0	0.158878504673	0.0	0.0	0.0
67	1	1	0	0.0	0.0	0.0	0.0	0.0
68	1	1	0	0.0	0.127272727273	0.0	0.0	0.0
69	1	1	0	0.0	0.0	0.144144144144	0.0	0.0
70	1	1	0	0.0	0.0	0.0	0.0	0.0
71	1	1	0	0.0	0.173469387755	0.0983606557377	0.0	0.0
72	1	1	0	0.0	0.0	0.0	0.0	0.0
73	1	1	0	0.0	0.0919540229885	0.428571428571	0.0	0.0
74	1	1	0	0.0	0.0	0.0	0.0	0.0
75	1	1	0	0.0	0.0	0.0	0.0	0.0
76	1	1	0	0.336734693878	0.361904761905	0.0	0.274725274725	0.269230769231
77	1	1	0	0.123595505618	0.175824175824	0.0	0.0	0.0681818181818
78	1	1	0	0.0	0.127906976744	0.389473684211	0.0	0.0
79	1	1	0	0.0	0.165048543689	0.271844660194	0.0	0.0
80	1	1	0	0.0	0.0	0.0	0.0	0.0
81	1	1	0	0.0	0.0	0.0	0.0	0.0
82	1	1	0	0.0	0.0	0.0	0.0	0.0
83	1	1	0	0.0	0.122448979592	0.0	0.0	0.148936170213
84	1	1	0	0.0	0.0	0.0	0.0	0.0
85	1	1	0	0.0	0.0	0.0	0.0	0.0
86	1	1	0	0.0	0.0	0.0	0.0	0.0
87	1	1	0	0.0	0.0	0.0	0.0	0.0
88	1	1	0	0.0	0.0	0.0	0.0	0.0
89	1	1	0	0.362745098039	0.362745098039	0.0	0.241935483871	0.31914893617
90	1	1	0	0.0	0.0	0.0	0.0	0.0
91	1	1	0	0.0	0.14953271028	0.142857142857	0.0	0.0
92	1	1	0	0.0	0.189189189189	0.419047619048	0.0	0.0
93	1	1	0	0.0	0.147058823529	0.423913043478	0.0	0.0
94	1	1	0	0.0	0.0	0.0	0.0	0.0
95	1	1	0	0.368932038835	0.368421052632	0.0	0.175925925926	0.284403669725
96	1	1	0	0.315217391304	0.442307692308	0.123711340206	0.243243243243	0.39
97	1	1	0	0.0674157303371	0.0729166666667	0.0	0.0	0.209302325581
98	1	1	0	0.121212121212	0.0	0.0	0.0	0.0
99	1	1	0	0.0	0.0	0.0	0.0	0.0
100	1	1	0	0.287037037037	0.298850574713	0.0	0.256880733945	0.346534653465
101	1	1	0	0.118279569892	0.0808080808081	0.0	0.0	0.104166666667
102	1	1	0	0.0	0.0	0.0	0.0	0.0
103	1	1	0	0.0	0.0	0.0	0.0	0.0
104	1	1	0	0.0	0.0	0.0	0.0	0.0
105	1	1	0	0.0	0.0	0.0	0.0	0.0
106	1	1	0	0.172043010753	0.0	0.0	0.0	0.0
107	1	1	0	0.442307692308	0.516129032258	0.451923076923	0.455445544554	0.538461538462
108	1	1	0	0.16	0.103773584906	0.0	0.0	0.150943396226
109	1	1	0	0.0681818181818	0.0865384615385	0.0	0.0	0.131313131313
110	1	1	0	0.0	0.177215189873	0.415094339623	0.0	0.0
111	1	1	0	0.0	0.145454545455	0.431578947368	0.0	0.0
112	1	1	0	0.0	0.0	0.0	0.0	0.0
113	1	1	0	0.0	0.111111111111	0.0	0.0	0.0
114	1	1	0	0.106796116505	0.0	0.0	0.229166666667	0.0
115	1	1	0	0.0	0.112244897959	0.2	0.0	0.0
116	1	1	0	0.0	0.0	0.0	0.0	0.0
117	1	1	0	0.0	0.0	0.0	0.0	0.0
118	1	1	0	0.0	0.117021276596	0.0	0.0	0.157303370787
119	1	1	0	0.0	0.145833333333	0.111111111111	0.0	0.0
120	1	1	0	0.0	0.0	0.0	0.0	0.0
121	1	1	0	0.288888888889	0.338842975207	0.0	0.288288288288	0.266666666667
122	1	1	0	0.0	0.0	0.0	0.0	0.0
123	1	1	0	0.0	0.0	0.220338983051	0.0	0.0
124	1	1	0	0.0	0.151785714286	0.333333333333	0.0	0.0
125	1	1	0	0.133333333333	0.0	0.0	0.0	0.0
126	1	1	0	0.0	0.0	0.0	0.0	0.0
127	1	1	0	0.106382978723	0.0736842105263	0.0	0.0	0.139130434783
128	1	1	0	0.0679611650485	0.114942528736	0.0	0.0	0.0674157303371
129	1	1	0	0.0	0.0	0.0	0.0	0.0
130	1	1	0	0.0	0.146341463415	0.481481481481	0.0	0.0
131	1	1	0	0.0	0.0	0.169811320755	0.0	0.0
132	1	1	0	0.175438596491	0.0582524271845	0.0	0.0	0.137931034483
133	1	1	0	0.0	0.132075471698	0.391304347826	0.0	0.0
134	1	1	0	0.0	0.0	0.0	0.0	0.0
135	1	1	0	0.0	0.157894736842	0.157894736842	0.0	0.0
136	1	1	0	0.226804123711	0.303370786517	0.0	0.278350515464	0.316831683168
137	1	1	0	0.0	0.0693069306931	0.25	0.0	0.0
138	1	1	0	0.0	0.0	0.162162162162	0.0	0.0
139	1	1	0	0.0	0.0	0.0	0.0	0.0
140	1	1	0	0.0	0.0	0.0	0.0	0.0
141	1	1	0	0.148148148148	0.0	0.0	0.0	0.0
142	1	1	0	0.0	0.0	0.0	0.0	0.0
143	1	1	0	0.265957446809	0.4	0.0588235294118	0.311926605505	0.292929292929
144	1	1	0	0.0	0.164835164835	0.230769230769	0.0	0.0
145	1	1	0	0.0	0.106796116505	0.0	0.0	0.0
146	1	1	0	0.0	0.0	0.0	0.0	0.0
147	1	1	0	0.0	0.0	0.0	0.0	0.0
148	1	1	0	0.0	0.0	0.0	0.0	0.0
149	1	1	0	0.0	0.137931034483	0.126984126984	0.0	0.0
150	1	1	0	0.0	0.0	0.0	0.0	0.0
151	1	1	0	0.0	0.2	0.0	0.0	0.0
152	1	1	0	0.0	0.0	0.0	0.0	0.0
153	1	1	0	0.0	0.0	0.0	0.0	0.0
154	1	1	0	0.0	0.0	0.0	0.0	0.0
155	1	1	0	0.0	0.0	0.0	0.0	0.0
156	1	1	0	0.0	0.0	0.0	0.0	0.0
157	1	1	0	0.247058823529	0.0	0.0	0.0	0.0
158	1	1	0	0.117647058824	0.104761904762	0.0	0.0	0.0892857142857
159	1	1	0	0.0	0.0	0.0	0.0	0.0
160	1	1	0	0.0	0.21	0.292929292929	0.0	0.0
161	1	1	0	0.0	0.0	0.0	0.0	0.0
162	1	1	0	0.0729166666667	0.15306122449	0.0	0.0	0.147058823529
163	1	1	0	0.0	0.093023255814	0.0	0.0	0.157303370787
164	1	1	0	0.0	0.0	0.0	0.0	0.0
165	1	1	0	0.0	0.0821917808219	0.0	0.0	0.0
166	1	1	0	0.0	0.0	0.0	0.0	0.0
167	1	1	0	0.0	0.0	0.0	0.0	0.0
168	1	1	0	0.0	0.0	0.0	0.0	0.0
169	1	1	0	0.234693877551	0.0	0.0	0.0	0.0
170	1	1	0	0.0	0.135135135135	0.10989010989	0.0	0.0
171	1	1	0	0.104166666667	0.147368421053	0.0	0.0	0.105769230769
172	1	1	0	0.411214953271	0.380434782609	0.0	0.242424242424	0.216216216216
173	1	1	0	0.0	0.145833333333	0.0	0.0	0.0
174	1	1	0	0.0	0.0	0.0	0.0	0.0
175	1	1	0	0.0	0.0	0.0	0.0	0.0
176	1	1	0	0.0	0.145454545455	0.0	0.0	0.0
177	1	1	0	0.0	0.0	0.0	0.0	0.0
178	1	1	0	0.0	0.155339805825	0.1375	0.0	0.0
179	1	1	0	0.0	0.0	0.0	0.0	0.0
180	1	1	0	0.181818181818	0.15625	0.0	0.0	0.129411764706
181	1	1	0	0.41	0.34375	0.0	0.302631578947	0.367924528302
182	1	1	0	0.0	0.0	0.0	0.0	0.0
183	1	1	0	0.0	0.0	0.0	0.0	0.0
184	1	1	0	0.0	0.0	0.142857142857	0.0	0.0
185	1	1	0	0.0	0.0	0.0	0.0	0.0
186	1	1	0	0.0	0.172839506173	0.190476190476	0.0	0.0
187	1	1	0	0.0	0.0	0.0	0.0	0.0
188	1	1	0	0.0	0.0	0.0	0.0	0.0
189	1	1	0	0.0	0.0	0.0	0.0	0.0
190	1	1	0	0.0	0.0754716981132	0.244680851064	0.0	0.0
191	1	1	0	0.136363636364	0.15625	0.0	0.0	0.142857142857
192	1	1	0	0.0	0.0	0.0	0.0	0.0
193	1	1	0	0.0	0.0	0.0	0.0	0.0
194	1	1	0	0.0	0.0	0.0	0.0	0.0
195	1	1	0	0.0	0.0	0.0	0.0	0.0
196	1	1	0	0.0	0.0	0.0	0.0	0.0
197	1	1	0	0.0	0.0	0.0	0.0	0.0
198	1	1	0	0.0	0.0	0.0	0.0	0.0
199	1	1	0	0.482142857143	0.45	0.432692307692	0.548076923077	0.474226804124
200	1	1	0	0.119266055046	0.121212121212	0.0	0.0	0.15652173913
201	1	1	0	0.0	0.0	0.0	0.0	0.172413793103
202	1	1	0	0.0	0.0	0.0	0.0	0.0
203	1	1	0	0.0	0.0	0.0736842105263	0.0	0.0
204	1	1	0	0.0	0.0900900900901	0.0	0.0	0.0
205	1	1	0	0.0	0.09	0.343137254902	0.0	0.0
206	1	1	0	0.0	0.119565217391	0.407766990291	0.0	0.0
207	1	1	0	0.0	0.0	0.147368421053	0.0	0.0
208	1	1	0	0.0	0.0	0.0	0.0	0.0
209	1	1	0	0.138613861386	0.0	0.0	0.255102040816	0.0
210	1	1	0	0.0	0.126126126126	0.0	0.0	0.0
211	1	1	0	0.0	0.112244897959	0.0	0.0	0.140350877193
212	1	1	0	0.0	0.0	0.0	0.0	0.162393162393
213	1	1	0	0.0	0.14	0.0	0.0	0.16
214	1	1	0	0.0967741935484	0.107843137255	0.0	0.0	0.130434782609
215	1	1	0	0.0	0.0	0.0	0.0	0.0
216	1	1	0	0.0	0.0	0.0	0.0	0.0
217	1	1	0	0.0	0.184466019417	0.126213592233	0.0	0.0
218	1	1	0	0.0	0.0882352941176	0.119266055046	0.0	0.0
219	1	1	0	0.0	0.0	0.0	0.0	0.0
220	1	1	0	0.0	0.0	0.0	0.0	0.0
221	1	1	0	0.192660550459	0.0	0.0	0.0	0.0
222	1	1	0	0.0	0.108108108108	0.217821782178	0.0	0.0
223	1	1	0	0.387755102041	0.265060240964	0.0	0.137254901961	0.254545454545
224	1	1	0	0.0	0.0	0.0	0.0	0.0
225	1	1	0	0.343137254902	0.356435643564	0.0	0.230158730159	0.242990654206
226	1	1	0	0.31	0.310344827586	0.0	0.228571428571	0.197916666667
227	1	1	0	0.070796460177	0.109090909091	0.0	0.0	0.159292035398
228	1	1	0	0.0	0.0595238095238	0.0	0.0	0.0
229	1	1	0	0.0	0.1875	0.0	0.0	0.196078431373
230	1	1	0	0.0	0.0	0.0	0.0	0.0
231	1	1	0	0.0	0.137931034483	0.114285714286	0.0	0.0
232	1	1	0	0.133333333333	0.0	0.0	0.0	0.0
233	1	1	0	0.0940170940171	0.127272727273	0.0	0.0	0.145454545455
234	1	1	0	0.0	0.0612244897959	0.0	0.0	0.0
235	1	1	0	0.0	0.0	0.0	0.0	0.0
236	1	1	0	0.0	0.0	0.0	0.0	0.0
237	1	1	0	0.0	0.0	0.0	0.0	0.0
238	1	1	0	0.0	0.104761904762	0.275510204082	0.0	0.0
239	1	1	0	0.0	0.0	0.0	0.0	0.0
240	1	1	0	0.121495327103	0.116504854369	0.0	0.0	0.157407407407
241	1	1	0	0.494949494949	0.495575221239	0.511904761905	0.472222222222	0.479166666667
242	1	1	0	0.0	0.0917431192661	0.102272727273	0.0	0.0
243	1	1	0	0.0	0.0	0.0	0.0	0.0
244	1	1	0	0.0	0.0	0.0	0.0	0.0
245	1	1	0	0.0	0.0	0.0	0.0	0.0
246	1	1	0	0.0	0.0	0.0	0.0	0.0
247	1	1	0	0.0	0.0	0.0	0.0	0.0
248	1	1	0	0.0	0.15625	0.112244897959	0.0	0.0
249	1	1	0	0.0	0.0	0.0	0.0	0.0
250	1	1	0	0.0	0.0612244897959	0.0	0.0	0.0
251	1	1	0	0.0	0.115789473684	0.0	0.0	0.0
252	1	1	0	0.0	0.0	0.0	0.0	0.0
253	1	1	0	0.0	0.177570093458	0.134020618557	0.0	0.0
254	1	1	0	0.0	0.0	0.0	0.0	0.0
255	1	1	0	0.0	0.0	0.0	0.0	0.0
256	1	1	0	0.0	0.135922330097	0.0	0.0	0.126213592233
257	1	1	0	0.0	0.0927835051546	0.0	0.0	0.0
258	1	1	0	0.0	0.0869565217391	0.0	0.0	0.0
259	1	1	0	0.0	0.0	0.0	0.0	0.0
260	1	1	0	0.0	0.0	0.0	0.0	0.0
261	1	1	0	0.0	0.0813953488372	0.351851851852	0.0	0.0
262	1	1	0	0.0	0.0869565217391	0.340425531915	0.0	0.0
263	1	1	0	0.0	0.154761904762	0.421052631579	0.0	0.0
264	1	1	0	0.113402061856	0.0	0.0	0.0	0.0
265	1	1	0	0.0	0.0865384615385	0.0	0.0	0.112244897959
266	1	1	0	0.0792079207921	0.0693069306931	0.0	0.0	0.117117117117
267	1	1	0	0.155555555556	0.101694915254	0.0	0.0	0.171717171717
268	1	1	0	0.0	0.190909090909	0.2125	0.0	0.0
269	1	1	0	0.378640776699	0.354166666667	0.0	0.272727272727	0.31914893617
270	1	1	0	0.0	0.0	0.0	0.0	0.0
271	1	1	0	0.0	0.113402061856	0.0	0.0	0.0
272	1	1	0	0.0	0.12037037037	0.0	0.0	0.0
273	1	1	0	0.0	0.0	0.151785714286	0.0	0.0
274	1	1	0	0.133333333333	0.115789473684	0.0	0.0	0.133333333333
275	1	1	0	0.0	0.0	0.0	0.0	0.0
276	1	1	0	0.0	0.127659574468	0.0	0.0	0.115384615385
277	1	1	0	0.0	0.12389380531	0.337837837838	0.0	0.0
278	1	1	0	0.0	0.127659574468	0.125	0.0	0.0
279	1	1	0	0.0	0.17	0.29347826087	0.0	0.0
280	1	1	0	0.0	0.0	0.0	0.0	0.0
281	1	1	0	0.0	0.0	0.0	0.0	0.0
282	1	1	0	0.0	0.0	0.0	0.0	0.0
283	1	1	0	0.10101010101	0.0744680851064	0.0	0.0	0.21359223301
284	1	1	0	0.148514851485	0.147826086957	0.0	0.0	0.122448979592
285	1	1	0	0.0	0.0	0.0	0.0	0.0
286	1	1	0	0.345454545455	0.303370786517	0.0	0.26	0.284210526316
287	1	1	0	0.0	0.0	0.0	0.0	0.0
288	1	1	0	0.458333333333	0.5	0.49504950495	0.515151515152	0.489795918367
289	1	1	0	0.078431372549	0.116504854369	0.0	0.0	0.114942528736
290	1	1	0	0.0	0.15625	0.336633663366	0.0	0.0
291	1	1	0	0.275862068966	0.282051282051	0.0	0.220183486239	0.333333333333
292	1	1	0	0.0	0.128712871287	0.0	0.0	0.0
293	1	1	0	0.0	0.0	0.0	0.0	0.0
294	1	1	0	0.0	0.131868131868	0.411111111111	0.0	0.0
295	1	1	0	0.0	0.112	0.295238095238	0.0	0.0
296	1	1	0	0.0	0.0	0.0	0.0	0.0
297	1	1	0	0.0652173913043	0.17	0.0	0.0	0.155339805825
298	1	1	0	0.139130434783	0.0	0.0	0.0	0.0
299	1	1	0	0.0	0.0	0.0	0.0	0.0
300	1	1	0	0.0	0.0	0.161904761905	0.0	0.0
