gene_id	sample0	sample0	sample1	sample1	sample2	sample2	sample3	sample3	sample4	sample4	sample5	sample5	sample6	sample6	sample7	sample7	sample8	sample8	sample9	sample9
0	87	0	101	0	115	0	72	15	99	0	58	31	80	20	106	0	82	22	81	21
1	120	0	107	0	105	0	65	32	97	0	76	36	70	30	99	0	82	34	72	23
2	113	0	65	23	101	0	75	10	81	12	83	0	86	0	101	0	83	10	78	8
3	50	43	36	50	71	25	96	10	59	25	73	17	77	28	53	46	84	21	72	30
4	87	0	102	0	103	0	96	0	96	0	102	24	77	15	70	19	95	7	116	0
5	71	12	105	0	96	0	87	0	95	0	93	0	114	0	91	0	103	0	91	0
6	92	0	82	0	119	0	96	0	128	0	90	21	83	17	80	12	79	15	110	0
7	98	0	69	27	94	0	94	11	84	17	86	0	101	0	106	0	78	9	88	14
8	82	0	95	0	102	0	102	0	109	0	92	22	101	12	67	19	99	15	106	0
9	76	12	85	0	89	0	101	0	111	0	89	0	103	0	97	0	112	0	100	0
10	91	0	100	0	99	0	54	34	84	0	70	18	74	18	101	0	66	33	71	27
11	82	21	36	47	59	50	74	8	54	37	86	25	63	30	40	49	87	12	67	26
12	79	11	79	0	110	0	96	0	95	0	88	0	110	0	93	0	92	0	104	0
13	85	16	108	0	95	0	108	0	97	0	92	0	102	0	100	0	88	0	110	0
14	91	0	93	0	89	0	72	23	98	0	65	27	80	21	93	0	101	16	65	24
15	95	0	60	25	115	0	89	11	83	13	93	0	90	0	96	0	87	3	98	10
16	95	9	111	0	103	0	92	0	89	0	92	0	110	0	85	0	98	0	97	0
17	97	0	87	0	85	0	68	28	88	0	73	25	74	26	102	0	57	26	69	25
18	99	0	115	0	96	0	74	11	94	0	81	32	78	13	92	0	87	11	81	20
19	105	0	102	0	99	0	90	0	104	0	89	21	76	15	84	20	99	13	96	0
20	54	56	48	41	68	27	81	8	89	32	77	14	73	44	43	52	75	24	80	34
21	90	0	94	0	71	28	95	0	94	0	89	0	97	0	89	28	103	0	88	0
22	107	0	107	0	85	0	111	0	118	0	83	18	100	11	77	23	85	11	92	0
23	102	0	106	0	83	0	95	0	96	0	75	13	83	14	73	20	113	8	108	0
24	88	0	112	0	64	17	95	0	93	24	97	0	104	0	108	0	89	0	102	0
25	104	0	106	0	98	0	98	0	85	0	79	19	78	20	66	18	98	3	99	0
26	113	0	89	0	89	0	64	42	81	0	63	25	81	28	88	0	59	25	82	27
27	107	0	72	0	84	0	79	15	107	0	64	27	59	24	82	0	85	11	90	22
28	97	17	86	0	106	0	93	0	113	0	98	0	94	0	111	0	104	0	87	0
29	91	7	88	0	103	0	96	0	111	0	108	0	118	0	104	0	112	0	91	0
30	91	0	96	0	70	24	90	0	118	0	82	0	111	0	70	33	108	0	98	0
31	91	0	74	27	85	0	99	12	80	20	96	0	100	0	115	0	110	7	83	13
32	97	0	104	0	78	26	94	0	93	0	107	0	84	0	77	33	89	0	104	0
33	106	0	80	0	94	0	88	28	108	0	71	32	68	19	91	0	87	20	65	29
34	79	13	107	0	84	0	107	0	97	0	101	0	103	0	103	0	111	0	109	0
35	72	0	103	0	86	0	61	29	96	0	74	30	77	28	95	0	58	27	83	24
36	84	0	110	0	83	20	100	0	103	0	110	0	90	0	75	33	90	0	94	0
37	101	0	99	0	99	0	98	0	104	0	94	15	66	21	80	25	86	7	98	0
38	108	0	83	0	74	38	97	0	89	0	111	0	93	0	59	28	96	0	112	0
39	112	0	91	0	119	0	100	0	105	0	71	17	94	11	72	15	81	5	107	0
40	96	0	97	0	78	0	69	29	110	0	65	32	85	28	121	0	77	30	69	29
41	103	0	106	0	67	17	99	0	101	0	85	0	105	0	68	22	86	0	102	0
42	103	0	67	19	95	0	67	14	75	12	97	0	98	0	102	0	92	9	78	16
43	100	0	91	0	102	0	77	20	116	0	80	25	72	22	100	0	64	21	77	21
44	116	0	80	0	70	15	94	0	87	0	106	0	104	0	54	37	108	0	102	0
45	94	0	92	0	95	0	84	17	98	0	76	25	82	26	95	0	88	18	73	19
46	83	10	95	0	105	0	95	0	85	0	113	0	95	0	89	0	104	0	80	0
47	97	18	106	0	105	0	110	0	92	0	101	0	107	0	111	0	105	0	98	0
48	97	0	124	0	81	0	68	41	98	0	67	33	71	24	86	0	70	34	77	26
49	102	0	103	0	81	21	108	0	96	0	110	0	85	0	64	24	106	0	91	0
50	111	0	107	0	69	22	89	0	107	0	120	0	89	0	74	20	93	0	90	0
51	113	0	70	28	99	0	98	10	77	15	111	0	106	0	81	0	97	9	77	13
52	73	18	95	0	100	0	89	0	97	0	113	0	92	0	103	0	95	0	92	0
53	104	0	119	0	114	0	64	44	95	0	60	38	70	14	105	0	70	32	71	23
54	108	0	101	0	81	30	76	0	98	0	106	0	98	0	77	41	96	0	126	0
55	109	0	91	0	80	20	88	0	107	0	103	0	111	0	89	32	103	0	89	0
56	76	12	97	0	97	0	85	0	107	0	93	0	105	0	91	0	96	0	101	0
57	97	0	107	0	112	0	84	22	96	0	69	22	82	27	73	0	83	16	75	23
58	110	0	81	0	76	24	102	0	99	0	108	0	113	0	57	25	92	0	123	0
59	89	12	106	0	100	0	92	0	102	0	101	0	105	0	123	0	85	0	94	0
60	99	0	93	0	113	0	57	44	105	0	80	30	70	22	99	0	78	32	74	26
61	90	0	92	0	80	20	97	0	98	0	121	0	116	0	65	37	109	0	79	0
62	90	19	89	0	108	0	92	0	97	0	96	0	92	0	95	0	119	0	127	0
63	109	10	95	0	106	0	86	0	106	0	110	0	88	0	104	0	99	0	125	0
64	80	22	65	56	45	53	96	8	49	65	87	26	69	29	45	38	99	23	71	28
65	103	0	99	0	106	0	76	21	87	0	72	31	70	24	114	0	91	11	82	32
66	100	0	121	0	104	0	78	17	98	0	59	30	76	21	101	0	92	12	84	31
67	103	0	99	0	89	0	55	39	88	0	75	27	71	23	105	0	55	34	70	27
68	89	0	91	0	96	0	96	0	111	0	83	26	76	17	88	19	98	4	105	0
69	101	0	76	0	118	0	107	0	107	0	75	26	68	10	73	20	102	8	99	0
70	86	0	103	0	102	0	73	41	123	0	59	28	77	19	102	0	61	37	81	30
71	115	10	93	0	99	0	82	0	109	0	101	0	94	0	103	0	90	0	104	0
72	92	0	99	0	116	0	68	13	101	0	94	0	71	19	116	0	95	12	68	21
73	85	0	108	0	108	0	72	30	96	0	69	29	76	29	96	0	67	36	73	26
74	89	11	89	0	81	0	93	0	84	0	88	0	110	0	97	0	99	0	99	0
75	91	0	115	0	111	0	80	24	103	0	82	22	73	16	110	0	73	13	82	21
76	82	17	113	0	100	0	98	0	123	0	95	0	96	0	103	0	96	0	100	0
77	95	0	87	0	75	21	94	0	80	0	109	0	87	0	66	30	96	0	98	0
78	87	19	86	0	98	0	112	0	103	0	91	0	100	0	78	0	94	0	90	0
79	106	0	97	0	98	0	62	38	93	0	81	33	80	20	98	0	72	28	73	30
80	113	0	97	0	105	0	72	33	125	0	71	25	64	22	97	0	68	25	82	23
81	52	50	44	46	74	25	90	17	84	29	79	21	69	25	47	50	85	15	89	26
82	97	0	110	0	80	0	86	0	103	0	77	15	90	11	83	24	83	9	86	0
83	135	0	94	0	94	0	67	23	90	0	53	29	64	24	104	0	80	15	74	28
84	114	0	84	0	101	0	71	35	118	0	64	31	79	15	106	0	71	21	68	21
85	99	13	101	0	97	0	115	0	102	0	117	0	80	0	93	0	106	0	104	0
86	100	0	103	0	65	34	97	0	93	0	103	0	111	0	81	34	105	0	101	0
87	66	25	45	45	39	40	94	8	66	31	89	27	99	28	57	48	82	17	82	24
88	77	31	55	58	48	53	93	10	45	56	88	20	62	18	41	47	82	9	60	26
89	91	0	80	28	101	0	89	11	68	14	113	0	108	0	87	0	95	8	82	10
90	101	0	113	0	95	0	77	17	111	0	67	30	80	16	110	0	85	18	85	24
91	85	0	97	0	92	0	59	44	109	0	80	32	76	21	115	0	69	36	93	29
92	108	0	93	0	101	0	88	19	99	0	92	18	75	25	99	0	71	15	65	20
93	49	54	49	48	68	28	100	7	56	27	66	26	58	37	32	51	85	18	71	25
94	119	0	89	0	125	0	83	0	106	0	85	22	87	11	77	21	88	11	89	0
95	106	0	97	0	103	0	78	21	84	0	58	17	71	21	87	0	92	15	72	25
96	86	0	83	0	69	29	102	0	106	0	103	0	86	0	60	23	103	0	85	0
97	96	0	106	0	82	0	69	42	101	0	73	17	78	21	87	0	74	32	79	28
98	97	0	101	0	109	0	55	45	87	0	66	22	73	26	106	0	65	34	82	34
99	124	0	107	0	82	21	99	0	94	0	116	0	100	0	100	27	97	0	98	0
