Chromosome	Position	Change	Gene	sample0	sample1	sample2	sample3	sample4
1	0	T>G	1	44	61	46	47	44
1	1	C>G	1	23	17	32	31	26
1	2	G>A	1	46	12	33	31	53
1	3	G>A	1	54	47	35	49	48
1	4	T>G	1	0	17	0	0	0
1	5	C>T	1	39	50	45	60	53
1	6	C>G	1	0	11	0	0	0
1	7	G>A	1	48	52	58	45	40
1	8	A>T	1	59	52	30	30	51
1	9	C>T	1	48	47	51	59	55
1	10	G>A	1	48	22	41	23	42
1	11	G>C	1	0	0	0	24	0
1	12	A>C	1	18	11	31	27	24
1	13	T>A	1	53	35	29	22	56
1	14	T>G	1	0	0	0	23	0
1	15	T>G	1	0	11	0	0	0
1	16	T>A	1	0	16	0	0	0
1	17	G>A	1	0	10	0	0	0
1	18	T>G	1	0	21	0	0	0
1	19	C>G	1	0	14	0	0	0
1	20	T>G	1	0	20	0	0	0
1	21	C>T	1	0	20	0	0	0
1	22	T>G	1	0	16	0	0	0
1	23	G>T	1	0	16	0	0	0
1	24	C>T	1	0	13	0	0	0
1	25	C>G	1	53	52	42	46	49
1	26	G>C	1	0	15	0	0	0
1	27	C>G	1	51	33	41	24	56
1	28	G>C	1	55	49	48	48	52
1	29	T>C	1	57	46	57	53	42
1	30	G>C	1	0	11	0	0	0
1	31	A>T	1	40	44	63	52	59
1	32	G>T	1	51	46	50	65	47
1	33	G>T	1	65	48	45	49	38
1	34	C>G	1	51	50	39	27	60
1	35	A>T	1	64	21	42	19	41
1	36	A>T	1	0	21	0	0	0
1	37	G>T	1	0	15	0	0	0
1	38	C>T	1	0	13	0	0	0
1	39	G>T	1	55	18	35	31	47
1	40	C>A	1	0	11	0	0	0
1	41	G>A	1	0	12	0	0	0
1	42	G>T	1	52	26	38	20	37
1	43	G>A	1	54	22	20	26	37
1	44	C>T	1	0	15	0	0	0
1	45	C>A	1	0	20	0	0	0
1	46	G>A	1	45	48	57	47	45
1	47	C>T	1	0	16	0	0	0
1	48	A>C	1	38	20	37	26	42
1	49	T>G	1	0	14	0	0	0
1	50	G>T	1	55	40	44	51	53
1	51	G>T	1	0	14	0	0	0
1	52	C>T	1	53	49	50	51	36
1	53	C>A	1	47	21	32	24	40
1	54	G>T	1	56	52	53	42	45
1	55	T>G	1	47	42	39	43	46
1	56	G>A	1	0	13	0	0	0
1	57	G>C	1	0	14	0	0	0
1	58	G>T	1	0	18	0	0	0
1	59	T>G	1	54	17	33	19	46
1	60	G>A	1	0	13	0	0	0
1	61	G>C	1	49	59	36	55	48
1	62	T>C	1	51	61	51	66	41
1	63	A>T	1	55	47	48	48	44
1	64	A>G	1	53	45	30	27	35
1	65	C>G	1	0	18	0	0	0
1	66	G>C	1	0	17	0	0	0
1	67	G>C	1	0	10	0	0	0
1	68	G>T	1	54	65	53	42	42
1	69	A>G	1	54	57	41	55	49
1	70	A>C	1	47	41	54	47	49
1	71	C>G	1	51	52	59	47	38
1	72	T>G	1	0	12	0	0	0
1	73	C>T	1	46	21	28	18	55
1	74	A>T	1	45	45	52	35	47
1	75	G>A	1	0	20	0	0	0
1	76	C>T	1	0	9	0	0	0
1	77	T>G	1	58	47	46	53	38
1	78	C>G	1	0	0	0	24	0
1	79	G>C	1	41	52	27	31	66
1	80	G>C	1	51	57	51	53	61
1	81	T>C	1	0	18	0	0	0
1	82	G>T	1	0	11	0	0	0
1	83	A>T	1	0	14	0	0	0
1	84	A>G	1	0	9	0	0	0
1	85	C>G	1	0	0	0	21	0
1	86	T>C	1	27	8	35	31	33
1	87	A>T	1	54	57	48	52	42
1	88	G>A	1	0	20	0	0	0
1	89	T>C	1	15	10	44	26	23
1	90	T>A	1	55	53	28	34	55
1	91	G>T	1	0	13	0	0	0
1	92	C>A	1	0	12	0	0	0
1	93	T>C	1	24	12	41	31	18
1	94	G>C	1	22	8	15	21	0
1	95	C>T	1	32	0	0	0	0
1	96	C>A	1	0	15	0	0	0
1	97	T>C	1	0	0	0	31	0
1	98	C>T	1	53	35	38	20	56
1	99	G>C	1	0	15	0	0	0
