#chr	position	description	normal	sample0	sample1	sample2	sample3	sample4
1	1	1	0	0.0	0.0	0.0	0.190476190476	0.0
2	1	1	0	0.318965517241	0.303571428571	0.258928571429	0.237113402062	0.330357142857
3	1	1	0	0.343434343434	0.390804597701	0.247311827957	0.141414141414	0.325842696629
4	1	1	0	0.438202247191	0.376344086022	0.193181818182	0.0	0.231578947368
5	1	1	0	0.488636363636	0.522522522523	0.561797752809	0.588235294118	0.62037037037
6	1	1	0	0.357798165138	0.297619047619	0.318181818182	0.264	0.32
7	1	1	0	0.358974358974	0.494736842105	0.353535353535	0.533333333333	0.49
8	1	1	0	0.0	0.105263157895	0.172413793103	0.0	0.142857142857
9	1	1	0	0.0	0.0	0.13	0.0	0.0
10	1	1	0	0.333333333333	0.415841584158	0.337078651685	0.176470588235	0.372340425532
11	1	1	0	0.0	0.0	0.0	0.0	0.0
12	1	1	0	0.0	0.0	0.0	0.0	0.0
13	1	1	0	0.0	0.0	0.0	0.0	0.0
14	1	1	0	0.314285714286	0.423076923077	0.318681318681	0.122807017544	0.495238095238
15	1	1	0	0.0	0.126213592233	0.0	0.0	0.269230769231
16	1	1	0	0.0	0.0722891566265	0.0	0.0	0.16
17	1	1	0	0.0	0.0	0.0	0.0	0.0
18	1	1	0	0.0	0.0	0.0	0.0	0.126315789474
19	1	1	0	0.130841121495	0.213483146067	0.20202020202	0.0	0.284210526316
20	1	1	0	0.0	0.139240506329	0.0	0.0	0.238095238095
21	1	1	0	0.0	0.0	0.104166666667	0.0	0.0
22	1	1	0	0.0	0.0	0.0	0.0	0.0
23	1	1	0	0.0	0.0	0.0	0.0	0.0990990990991
24	1	1	0	0.0	0.0	0.0	0.0	0.0
25	1	1	0	0.417475728155	0.46875	0.261261261261	0.137254901961	0.466666666667
26	1	1	0	0.0	0.0	0.0	0.0	0.0
27	1	1	0	0.0	0.132653061224	0.13	0.0	0.126315789474
28	1	1	0	0.564356435644	0.495412844037	0.508620689655	0.582417582418	0.447916666667
29	1	1	0	0.170454545455	0.0	0.0	0.0	0.0
30	1	1	0	0.0	0.0	0.0	0.175925925926	0.0
31	1	1	0	0.0	0.0	0.0	0.0	0.0
32	1	1	0	0.26213592233	0.464646464646	0.392156862745	0.450980392157	0.472222222222
33	1	1	0	0.0	0.0	0.0	0.0	0.0
34	1	1	0	0.522522522523	0.504854368932	0.39175257732	0.539215686275	0.514851485149
35	1	1	0	0.370078740157	0.343434343434	0.258426966292	0.0	0.311320754717
36	1	1	0	0.336842105263	0.440366972477	0.279569892473	0.145833333333	0.342857142857
37	1	1	0	0.452631578947	0.444444444444	0.472527472527	0.533980582524	0.438095238095
38	1	1	0	0.202127659574	0.0	0.0	0.0	0.0
39	1	1	0	0.44578313253	0.317307692308	0.329268292683	0.0	0.362745098039
40	1	1	0	0.0	0.141509433962	0.116666666667	0.0	0.155963302752
41	1	1	0	0.172413793103	0.0	0.0	0.0	0.0
42	1	1	0	0.0	0.0	0.0	0.0	0.0
43	1	1	0	0.0	0.0	0.0	0.157407407407	0.0
44	1	1	0	0.0	0.0	0.0	0.230769230769	0.0
45	1	1	0	0.564356435644	0.552631578947	0.349056603774	0.441176470588	0.457446808511
46	1	1	0	0.164948453608	0.233009708738	0.338028169014	0.0	0.320512820513
47	1	1	0	0.09	0.0	0.0	0.0	0.0
48	1	1	0	0.0	0.0869565217391	0.0	0.0	0.112244897959
49	1	1	0	0.0	0.0731707317073	0.144329896907	0.0	0.171428571429
50	1	1	0	0.0	0.0	0.0	0.0	0.105882352941
51	1	1	0	0.0	0.0	0.0	0.233644859813	0.0
52	1	1	0	0.0	0.115384615385	0.0	0.0	0.205882352941
53	1	1	0	0.344444444444	0.566037735849	0.275510204082	0.201754385965	0.52
54	1	1	0	0.0	0.265060240964	0.34693877551	0.0	0.373626373626
55	1	1	0	0.0	0.0	0.0	0.0	0.0
56	1	1	0	0.0	0.0	0.0	0.0	0.104166666667
57	1	1	0	0.0	0.0	0.0	0.0	0.0
58	1	1	0	0.0	0.0875	0.0	0.0	0.155963302752
59	1	1	0	0.0	0.0	0.0	0.0	0.0
60	1	1	0	0.0	0.0	0.0	0.0	0.0
61	1	1	0	0.0	0.0	0.0	0.0	0.164948453608
62	1	1	0	0.193548387097	0.15625	0.275590551181	0.0	0.240384615385
63	1	1	0	0.0	0.215909090909	0.305263157895	0.0	0.281553398058
64	1	1	0	0.0	0.0	0.0	0.0	0.151515151515
65	1	1	0	0.0	0.0	0.0	0.0	0.0
66	1	1	0	0.0	0.0	0.0	0.0	0.0
67	1	1	0	0.173913043478	0.198113207547	0.285714285714	0.0	0.341463414634
68	1	1	0	0.0	0.0	0.0	0.0	0.0
69	1	1	0	0.0	0.0	0.0	0.0	0.0
70	1	1	0	0.0	0.0	0.0	0.0	0.0
71	1	1	0	0.0	0.0	0.0	0.0	0.0
72	1	1	0	0.0	0.0	0.126213592233	0.0	0.0
73	1	1	0	0.1875	0.333333333333	0.33	0.0	0.271739130435
74	1	1	0	0.0	0.0	0.0	0.170212765957	0.0
75	1	1	0	0.0	0.0	0.0	0.0	0.0
76	1	1	0	0.0	0.08	0.122448979592	0.0	0.175257731959
77	1	1	0	0.34693877551	0.5	0.234042553191	0.163793103448	0.529411764706
78	1	1	0	0.144578313253	0.0	0.0	0.0	0.0
79	1	1	0	0.0	0.0	0.0	0.140186915888	0.0
80	1	1	0	0.0	0.0	0.0	0.0	0.0
81	1	1	0	0.397959183673	0.443298969072	0.247619047619	0.212962962963	0.31914893617
82	1	1	0	0.0	0.0	0.0	0.0	0.0
83	1	1	0	0.516853932584	0.5	0.463157894737	0.43137254902	0.492063492063
84	1	1	0	0.0	0.0	0.0	0.0	0.0
85	1	1	0	0.145833333333	0.0	0.0	0.0	0.0
86	1	1	0	0.372549019608	0.433628318584	0.277777777778	0.0	0.232323232323
87	1	1	0	0.0	0.0	0.0	0.0	0.0
88	1	1	0	0.0	0.0888888888889	0.09375	0.0	0.147368421053
89	1	1	0	0.336633663366	0.396226415094	0.30612244898	0.255813953488	0.30303030303
90	1	1	0	0.0	0.0	0.0	0.0	0.19587628866
91	1	1	0	0.0	0.0	0.0	0.0	0.0
92	1	1	0	0.0	0.0	0.0	0.0	0.0
93	1	1	0	0.0	0.0	0.0	0.0	0.03
94	1	1	0	0.0	0.0505050505051	0.144144144144	0.0	0.182795698925
95	1	1	0	0.44	0.432692307692	0.338983050847	0.58024691358	0.472222222222
96	1	1	0	0.0	0.0	0.0	0.0	0.0
97	1	1	0	0.428571428571	0.592920353982	0.50495049505	0.526315789474	0.495495495495
98	1	1	0	0.329113924051	0.322580645161	0.273684210526	0.175925925926	0.346153846154
99	1	1	0	0.0	0.0	0.0	0.0	0.189473684211
100	1	1	0	0.436893203883	0.393939393939	0.258928571429	0.194690265487	0.265306122449
101	1	1	0	0.0	0.0	0.0	0.0	0.153846153846
102	1	1	0	0.0	0.0283018867925	0.0740740740741	0.0	0.111111111111
103	1	1	0	0.0	0.0989010989011	0.156862745098	0.0	0.134020618557
104	1	1	0	0.0	0.192660550459	0.252631578947	0.0	0.285714285714
105	1	1	0	0.19387755102	0.285714285714	0.322033898305	0.0	0.36036036036
106	1	1	0	0.0	0.0	0.0	0.0	0.0
107	1	1	0	0.0	0.0	0.0	0.0	0.157407407407
108	1	1	0	0.0	0.0	0.0	0.0	0.0
109	1	1	0	0.29702970297	0.441860465116	0.295918367347	0.198275862069	0.291262135922
110	1	1	0	0.0	0.0	0.0	0.0	0.0
111	1	1	0	0.0	0.0	0.0	0.0	0.0
112	1	1	0	0.0	0.0	0.186813186813	0.0	0.0
113	1	1	0	0.0	0.0	0.0	0.0	0.0
114	1	1	0	0.439252336449	0.535353535354	0.392523364486	0.516853932584	0.559139784946
115	1	1	0	0.0	0.0	0.0	0.0	0.0
116	1	1	0	0.0	0.0	0.0	0.0	0.0
117	1	1	0	0.558139534884	0.45	0.353535353535	0.45	0.540816326531
118	1	1	0	0.0	0.0625	0.114942528736	0.0	0.12380952381
119	1	1	0	0.0	0.136363636364	0.0	0.0	0.188888888889
120	1	1	0	0.0	0.0	0.0	0.0	0.0
121	1	1	0	0.0	0.0	0.0	0.0	0.0
122	1	1	0	0.0	0.0	0.0	0.0	0.0
123	1	1	0	0.0	0.0	0.112244897959	0.0	0.0
124	1	1	0	0.0	0.0	0.0	0.0	0.0
125	1	1	0	0.368421052632	0.529914529915	0.304347826087	0.478991596639	0.53982300885
126	1	1	0	0.0	0.0	0.0	0.0	0.0
127	1	1	0	0.0	0.113402061856	0.0873786407767	0.0	0.171428571429
128	1	1	0	0.0	0.0606060606061	0.189473684211	0.0	0.11
129	1	1	0	0.0	0.0	0.0	0.0	0.0
130	1	1	0	0.34693877551	0.55	0.282608695652	0.478723404255	0.539215686275
131	1	1	0	0.0	0.0	0.0	0.0	0.0
132	1	1	0	0.0	0.0	0.191919191919	0.0	0.1640625
133	1	1	0	0.0	0.0	0.0	0.0	0.0
134	1	1	0	0.0	0.0	0.0943396226415	0.0	0.0
135	1	1	0	0.0	0.159090909091	0.25	0.0	0.411764705882
136	1	1	0	0.406976744186	0.333333333333	0.271739130435	0.0	0.405940594059
137	1	1	0	0.0	0.0	0.0	0.0	0.0
138	1	1	0	0.0	0.0	0.0	0.0	0.0
139	1	1	0	0.0	0.0708661417323	0.09375	0.0	0.123711340206
140	1	1	0	0.0	0.0	0.0	0.0	0.0
141	1	1	0	0.0	0.0	0.112359550562	0.0	0.175925925926
142	1	1	0	0.0	0.0	0.0	0.117647058824	0.0
143	1	1	0	0.0	0.0	0.0	0.0	0.0795454545455
144	1	1	0	0.0	0.0	0.137931034483	0.0	0.0
145	1	1	0	0.0	0.0	0.13	0.0	0.196261682243
146	1	1	0	0.0	0.0	0.100917431193	0.0	0.196428571429
147	1	1	0	0.0	0.0	0.0	0.0	0.0
148	1	1	0	0.0	0.0	0.152380952381	0.0	0.0
149	1	1	0	0.46	0.371428571429	0.27358490566	0.0	0.215053763441
150	1	1	0	0.315315315315	0.270833333333	0.297872340426	0.154639175258	0.291262135922
151	1	1	0	0.0	0.247191011236	0.240963855422	0.0	0.353658536585
152	1	1	0	0.0	0.0	0.0990099009901	0.0	0.0
153	1	1	0	0.0	0.0	0.0833333333333	0.0	0.0
154	1	1	0	0.0	0.0	0.0	0.0	0.0
155	1	1	0	0.0	0.0860215053763	0.0888888888889	0.0	0.183908045977
156	1	1	0	0.443396226415	0.403669724771	0.288659793814	0.175257731959	0.354838709677
157	1	1	0	0.0	0.0	0.0	0.0	0.0
158	1	1	0	0.0	0.0	0.0	0.0	0.0549450549451
159	1	1	0	0.0	0.0	0.0	0.0	0.0
160	1	1	0	0.0	0.0	0.111111111111	0.0	0.153846153846
161	1	1	0	0.0	0.0	0.0851063829787	0.0	0.0
162	1	1	0	0.0	0.0879120879121	0.216981132075	0.0	0.106796116505
163	1	1	0	0.0	0.0	0.114285714286	0.0	0.0
164	1	1	0	0.322580645161	0.340909090909	0.277777777778	0.227722772277	0.370786516854
165	1	1	0	0.0	0.0	0.0	0.224137931034	0.0
166	1	1	0	0.358333333333	0.385321100917	0.27358490566	0.0	0.290322580645
167	1	1	0	0.0	0.0	0.0891089108911	0.0	0.0
168	1	1	0	0.0	0.0	0.0	0.0	0.0
169	1	1	0	0.0	0.0	0.0	0.0	0.194444444444
170	1	1	0	0.0	0.0	0.0	0.285714285714	0.0
171	1	1	0	0.0	0.0	0.0	0.0	0.0
172	1	1	0	0.0	0.0	0.17	0.0	0.0
173	1	1	0	0.0	0.0	0.0	0.0	0.0752688172043
174	1	1	0	0.0	0.0	0.0	0.0	0.0
175	1	1	0	0.446808510638	0.377551020408	0.295918367347	0.25	0.269565217391
176	1	1	0	0.0	0.0	0.0	0.0	0.133928571429
177	1	1	0	0.0	0.0	0.0	0.136842105263	0.0
178	1	1	0	0.0	0.0	0.0	0.0	0.0
179	1	1	0	0.277227722772	0.324074074074	0.309523809524	0.127659574468	0.284403669725
180	1	1	0	0.0	0.0	0.0	0.0	0.0
181	1	1	0	0.388888888889	0.339622641509	0.361904761905	0.139130434783	0.267326732673
182	1	1	0	0.0	0.0	0.0	0.0	0.0
183	1	1	0	0.0	0.0	0.0	0.0	0.0
184	1	1	0	0.209523809524	0.207920792079	0.263636363636	0.0	0.416
185	1	1	0	0.157894736842	0.235849056604	0.306930693069	0.0	0.304347826087
186	1	1	0	0.0	0.0	0.0	0.0	0.0
187	1	1	0	0.0	0.0	0.14953271028	0.0	0.130952380952
188	1	1	0	0.425531914894	0.456790123457	0.489583333333	0.530612244898	0.592592592593
189	1	1	0	0.0	0.0	0.0862068965517	0.0	0.0
190	1	1	0	0.0	0.0	0.0	0.0	0.0
191	1	1	0	0.0	0.0	0.0	0.0	0.0
192	1	1	0	0.0	0.0	0.0	0.0	0.0
193	1	1	0	0.0	0.0	0.0	0.0	0.0
194	1	1	0	0.0	0.0	0.11	0.0	0.170731707317
195	1	1	0	0.0	0.0	0.0	0.0	0.0
196	1	1	0	0.489130434783	0.471153846154	0.339449541284	0.596330275229	0.417582417582
197	1	1	0	0.0	0.0	0.0	0.0	0.0
198	1	1	0	0.0	0.0	0.0	0.0	0.163043478261
199	1	1	0	0.0	0.168831168831	0.0	0.0	0.213333333333
200	1	1	0	0.17	0.241379310345	0.229885057471	0.0	0.319587628866
201	1	1	0	0.325842696629	0.377358490566	0.278846153846	0.0	0.30303030303
202	1	1	0	0.0	0.188679245283	0.0	0.0	0.12037037037
203	1	1	0	0.41935483871	0.495575221239	0.413461538462	0.454545454545	0.554545454545
204	1	1	0	0.0	0.0	0.0	0.258426966292	0.0
205	1	1	0	0.189473684211	0.0	0.0	0.0	0.0
206	1	1	0	0.0	0.0	0.0	0.0	0.0
207	1	1	0	0.0	0.0	0.0	0.0	0.157894736842
208	1	1	0	0.405172413793	0.370078740157	0.214285714286	0.0	0.271844660194
209	1	1	0	0.0	0.0	0.0	0.0	0.0
210	1	1	0	0.0	0.203007518797	0.327272727273	0.0	0.333333333333
211	1	1	0	0.0	0.0	0.0	0.0	0.0
212	1	1	0	0.405660377358	0.325581395349	0.264705882353	0.196428571429	0.268041237113
213	1	1	0	0.0	0.0	0.0	0.0	0.0
214	1	1	0	0.0	0.0	0.0661157024793	0.0	0.0
215	1	1	0	0.0	0.0	0.0	0.0	0.0779220779221
216	1	1	0	0.0	0.0	0.0	0.0	0.0
217	1	1	0	0.0	0.0	0.161616161616	0.0	0.0
218	1	1	0	0.314814814815	0.269662921348	0.309278350515	0.247422680412	0.375
219	1	1	0	0.0	0.0	0.0	0.0	0.0
220	1	1	0	0.0	0.0	0.0	0.0	0.0
221	1	1	0	0.0	0.0	0.0	0.0	0.0
222	1	1	0	0.0	0.0	0.0	0.0	0.0
223	1	1	0	0.0	0.130952380952	0.127659574468	0.0	0.222222222222
224	1	1	0	0.0	0.1875	0.0	0.0	0.125
225	1	1	0	0.0	0.0	0.0	0.0	0.0
226	1	1	0	0.0	0.0	0.0	0.0	0.0
227	1	1	0	0.0	0.0	0.0	0.0	0.0
228	1	1	0	0.0	0.0449438202247	0.11	0.0	0.151515151515
229	1	1	0	0.294117647059	0.525773195876	0.409523809524	0.527472527473	0.538461538462
230	1	1	0	0.0	0.0	0.14606741573	0.0	0.0964912280702
231	1	1	0	0.0	0.0	0.0	0.0	0.151162790698
232	1	1	0	0.0	0.088	0.219512195122	0.0	0.179245283019
233	1	1	0	0.115384615385	0.277227722772	0.255102040816	0.0	0.401785714286
234	1	1	0	0.0	0.0	0.0	0.0	0.0
235	1	1	0	0.0	0.262626262626	0.262626262626	0.0	0.325842696629
236	1	1	0	0.0	0.0	0.0	0.0	0.0
237	1	1	0	0.255555555556	0.295238095238	0.233644859813	0.0	0.329545454545
238	1	1	0	0.0	0.0	0.0	0.0	0.0
239	1	1	0	0.0	0.0	0.0	0.0	0.0
240	1	1	0	0.0	0.0	0.0	0.0	0.0
241	1	1	0	0.36	0.404255319149	0.267326732673	0.191304347826	0.392156862745
242	1	1	0	0.0	0.0943396226415	0.11214953271	0.0	0.173469387755
243	1	1	0	0.0	0.0	0.0	0.0	0.0
244	1	1	0	0.0	0.0	0.0	0.212121212121	0.0
245	1	1	0	0.0	0.0	0.114285714286	0.0	0.0
246	1	1	0	0.0	0.108527131783	0.0	0.0	0.196261682243
247	1	1	0	0.0	0.0	0.0	0.0	0.0
248	1	1	0	0.388349514563	0.479166666667	0.409090909091	0.476744186047	0.563636363636
249	1	1	0	0.0	0.222222222222	0.303370786517	0.0	0.310344827586
250	1	1	0	0.0	0.0	0.0	0.0	0.134020618557
251	1	1	0	0.0	0.0	0.0	0.0	0.0
252	1	1	0	0.0	0.0	0.0	0.0	0.0
253	1	1	0	0.425925925926	0.60396039604	0.340909090909	0.573913043478	0.608695652174
254	1	1	0	0.0	0.0756302521008	0.176470588235	0.0	0.145299145299
255	1	1	0	0.0	0.141025641026	0.0	0.0	0.178217821782
256	1	1	0	0.0	0.0	0.0	0.0	0.0
257	1	1	0	0.0	0.0	0.118811881188	0.0	0.0
258	1	1	0	0.39837398374	0.352941176471	0.290697674419	0.261261261261	0.322222222222
259	1	1	0	0.0	0.0	0.0	0.0	0.0
260	1	1	0	0.0686274509804	0.0	0.0	0.0	0.0
261	1	1	0	0.26	0.472222222222	0.263736263736	0.141592920354	0.40625
262	1	1	0	0.609756097561	0.43119266055	0.491379310345	0.449541284404	0.479166666667
263	1	1	0	0.0	0.0	0.10752688172	0.0	0.0
264	1	1	0	0.0	0.0	0.0	0.0	0.0
265	1	1	0	0.0	0.0	0.0	0.0	0.0
266	1	1	0	0.0	0.0	0.0	0.0	0.0
267	1	1	0	0.0	0.0666666666667	0.1	0.0	0.142857142857
268	1	1	0	0.34375	0.445652173913	0.281553398058	0.0	0.318181818182
269	1	1	0	0.379310344828	0.5	0.286956521739	0.176470588235	0.52380952381
270	1	1	0	0.0	0.0	0.0	0.0	0.0
271	1	1	0	0.0	0.0	0.195402298851	0.0	0.0
272	1	1	0	0.0	0.0707070707071	0.0759493670886	0.0	0.132653061224
273	1	1	0	0.0	0.0	0.0	0.0	0.0
274	1	1	0	0.111111111111	0.0	0.0	0.0	0.0
275	1	1	0	0.0	0.0	0.0	0.23	0.0
276	1	1	0	0.0	0.0	0.0	0.0	0.0
277	1	1	0	0.0	0.0	0.0	0.0	0.0
278	1	1	0	0.48275862069	0.540540540541	0.40404040404	0.452631578947	0.414893617021
279	1	1	0	0.0	0.0	0.0	0.150442477876	0.0
280	1	1	0	0.0	0.0	0.127272727273	0.0	0.0
281	1	1	0	0.290322580645	0.323529411765	0.268518518519	0.168316831683	0.373737373737
282	1	1	0	0.127659574468	0.0	0.0	0.0	0.0
283	1	1	0	0.339805825243	0.545454545455	0.451219512195	0.452830188679	0.474747474747
284	1	1	0	0.0	0.0	0.0	0.20202020202	0.0
285	1	1	0	0.0	0.0	0.0	0.0	0.0
286	1	1	0	0.308510638298	0.4375	0.254901960784	0.191919191919	0.27
287	1	1	0	0.0	0.0	0.0	0.0	0.0
288	1	1	0	0.0	0.0927835051546	0.174757281553	0.0	0.157303370787
289	1	1	0	0.223404255319	0.235849056604	0.27619047619	0.0	0.3125
290	1	1	0	0.492307692308	0.480392156863	0.339622641509	0.446428571429	0.549019607843
291	1	1	0	0.350515463918	0.589473684211	0.357142857143	0.454545454545	0.559633027523
292	1	1	0	0.330188679245	0.274725274725	0.234693877551	0.15	0.339805825243
293	1	1	0	0.0	0.0	0.0990099009901	0.0	0.144329896907
294	1	1	0	0.0	0.0	0.0	0.0	0.0
295	1	1	0	0.0	0.0	0.0	0.0	0.0
296	1	1	0	0.35652173913	0.388888888889	0.226804123711	0.216981132075	0.311926605505
297	1	1	0	0.0	0.0	0.0	0.0	0.0
298	1	1	0	0.0	0.0	0.125	0.0	0.0
299	1	1	0	0.0	0.0	0.0	0.0	0.0
300	1	1	0	0.0	0.0	0.0	0.214285714286	0.0
