#chr	normal	sample0	sample1	sample2	sample3	sample4
0	0	0.0	0.0	0.0	0.0	0.219298245614
1	0	0.0	0.0	0.125	0.119565217391	0.0
2	0	0.0	0.0	0.0884955752212	0.191666666667	0.0
3	0	0.0980392156863	0.0	0.339130434783	0.144230769231	0.0
4	0	0.0	0.0961538461538	0.0	0.0	0.0
5	0	0.0	0.0	0.0	0.0	0.234693877551
6	0	0.0	0.0	0.0	0.0	0.0
7	0	0.448717948718	0.574468085106	0.564356435644	0.515463917526	0.470085470085
8	0	0.0	0.0	0.0	0.0	0.0
9	0	0.0	0.165048543689	0.0	0.0	0.0
10	0	0.0	0.0	0.387755102041	0.1875	0.0
11	0	0.0	0.0	0.135593220339	0.162601626016	0.0
12	0	0.0	0.0	0.352941176471	0.16814159292	0.0
13	0	0.0	0.168316831683	0.0	0.0	0.0
14	0	0.0	0.0	0.395833333333	0.202127659574	0.0
15	0	0.0	0.0	0.390243902439	0.222222222222	0.0
16	0	0.0	0.0	0.0	0.0	0.0
17	0	0.127906976744	0.0	0.41935483871	0.117647058824	0.0
18	0	0.0	0.0	0.174418604651	0.0	0.0
19	0	0.19801980198	0.0	0.428571428571	0.450980392157	0.132743362832
20	0	0.0	0.0	0.0860215053763	0.169491525424	0.150943396226
21	0	0.0	0.0	0.126213592233	0.0	0.0
22	0	0.0	0.117647058824	0.0	0.0	0.0
23	0	0.0	0.0	0.0	0.0	0.108108108108
24	0	0.0	0.178947368421	0.0	0.0	0.0
25	0	0.481818181818	0.070796460177	0.13829787234	0.27	0.530612244898
26	0	0.0	0.0	0.0	0.0	0.166666666667
27	0	0.0	0.0	0.0	0.0	0.0
28	0	0.0	0.0	0.0	0.0	0.0909090909091
29	0	0.0	0.282608695652	0.0	0.0	0.0
30	0	0.0	0.0	0.298850574713	0.126050420168	0.0
31	0	0.354166666667	0.163265306122	0.45871559633	0.511627906977	0.555555555556
32	0	0.0	0.0	0.0	0.0	0.247524752475
33	0	0.0	0.113636363636	0.0	0.0	0.0
34	0	0.345132743363	0.0873786407767	0.551401869159	0.355555555556	0.485714285714
35	0	0.41592920354	0.108910891089	0.493975903614	0.4375	0.452830188679
36	0	0.3125	0.0792079207921	0.559633027523	0.5	0.5625
37	0	0.127450980392	0.0	0.0	0.0	0.212765957447
38	0	0.0	0.0	0.0	0.0	0.0
39	0	0.0	0.0	0.0	0.0	0.105769230769
40	0	0.0	0.305882352941	0.0	0.0	0.0
41	0	0.118811881188	0.0	0.372340425532	0.133333333333	0.0
42	0	0.0661157024793	0.0	0.326530612245	0.133333333333	0.0
43	0	0.12	0.0	0.0	0.0	0.148148148148
44	0	0.0	0.263736263736	0.0	0.0	0.0
45	0	0.0	0.0	0.418367346939	0.185567010309	0.0
46	0	0.107843137255	0.0	0.38202247191	0.180952380952	0.0
47	0	0.113636363636	0.0	0.393939393939	0.220183486239	0.0
48	0	0.0	0.0	0.0	0.0	0.0
49	0	0.0909090909091	0.0	0.269662921348	0.16091954023	0.0
50	0	0.0	0.0	0.0	0.0	0.0
51	0	0.0	0.130434782609	0.0	0.0	0.0
52	0	0.0	0.0	0.0	0.0	0.0941176470588
53	0	0.0	0.0	0.0	0.0	0.277777777778
54	0	0.0	0.0	0.153846153846	0.205882352941	0.0
55	0	0.17094017094	0.0	0.367816091954	0.184210526316	0.0
56	0	0.136363636364	0.0	0.0	0.0	0.168316831683
57	0	0.153846153846	0.0	0.342592592593	0.219047619048	0.0
58	0	0.0	0.0	0.114583333333	0.193181818182	0.0
59	0	0.0	0.0	0.0	0.0	0.0
60	0	0.0449438202247	0.0	0.336842105263	0.176470588235	0.0
61	0	0.0	0.134020618557	0.0	0.0	0.0
62	0	0.0	0.20618556701	0.0	0.0	0.0
63	0	0.529411764706	0.244680851064	0.566371681416	0.542857142857	0.427083333333
64	0	0.27358490566	0.0	0.375	0.382113821138	0.108910891089
65	0	0.0	0.0	0.0	0.0	0.179775280899
66	0	0.0	0.0	0.11214953271	0.230769230769	0.0
67	0	0.103773584906	0.0	0.0	0.0	0.0
68	0	0.28431372549	0.0	0.401960784314	0.329545454545	0.0618556701031
69	0	0.0	0.139784946237	0.0	0.0	0.0
70	0	0.215909090909	0.0720720720721	0.336448598131	0.301075268817	0.0943396226415
71	0	0.0645161290323	0.0	0.336734693878	0.231578947368	0.0
72	0	0.0	0.0	0.404255319149	0.16	0.0
73	0	0.0	0.0	0.0	0.0	0.191304347826
74	0	0.0	0.232558139535	0.0	0.0	0.0
75	0	0.0	0.0	0.0	0.0	0.285714285714
76	0	0.0	0.0	0.0	0.0	0.0
77	0	0.0	0.128440366972	0.0	0.0	0.0
78	0	0.424242424242	0.0619469026549	0.48	0.475247524752	0.575471698113
79	0	0.0	0.0	0.10752688172	0.274509803922	0.0
80	0	0.0	0.166666666667	0.0	0.0	0.0
81	0	0.125	0.0	0.0	0.0	0.210526315789
82	0	0.540816326531	0.311926605505	0.521276595745	0.572727272727	0.485714285714
83	0	0.0	0.0	0.0	0.0	0.0
84	0	0.327586206897	0.106382978723	0.520833333333	0.627906976744	0.436893203883
85	0	0.0	0.0	0.0	0.0	0.267857142857
86	0	0.0	0.115942028986	0.0	0.0	0.0
87	0	0.0	0.296703296703	0.0	0.0	0.0
88	0	0.489583333333	0.479591836735	0.505747126437	0.527272727273	0.489583333333
89	0	0.0	0.0	0.0	0.0	0.126213592233
90	0	0.0	0.0	0.0	0.0	0.0
91	0	0.120689655172	0.0	0.0	0.0	0.0
92	0	0.348314606742	0.156862745098	0.52688172043	0.554545454545	0.566037735849
93	0	0.0	0.0	0.342342342342	0.142857142857	0.0
94	0	0.0	0.0	0.142857142857	0.21978021978	0.0
95	0	0.0	0.0	0.130841121495	0.192307692308	0.0
96	0	0.505154639175	0.410526315789	0.483870967742	0.44347826087	0.572727272727
97	0	0.0	0.0	0.0	0.0	0.204724409449
98	0	0.0485436893204	0.0	0.371428571429	0.231481481481	0.0
99	0	0.0	0.0	0.0	0.0	0.104347826087
100	0	0.0	0.0	0.19	0.0	0.0
101	0	0.0	0.0	0.163265306122	0.134146341463	0.0
102	0	0.0	0.0	0.176991150442	0.320754716981	0.0
103	0	0.471153846154	0.510204081633	0.428571428571	0.594339622642	0.466666666667
104	0	0.0	0.0	0.163265306122	0.185185185185	0.0
105	0	0.0	0.151515151515	0.0	0.0	0.0
106	0	0.0	0.0	0.177083333333	0.2	0.123595505618
107	0	0.0	0.160714285714	0.0	0.0	0.0
108	0	0.07	0.0	0.4	0.113636363636	0.0
109	0	0.0	0.0	0.0	0.0	0.15
110	0	0.0	0.0	0.109243697479	0.17	0.0
111	0	0.390804597701	0.113402061856	0.508928571429	0.418367346939	0.489361702128
112	0	0.0	0.0	0.480392156863	0.242424242424	0.0
113	0	0.0	0.0	0.34375	0.171717171717	0.0
114	0	0.0	0.0	0.382608695652	0.239316239316	0.0
115	0	0.0	0.0	0.0	0.0	0.209523809524
116	0	0.0	0.0	0.070796460177	0.197530864198	0.0
117	0	0.36	0.0777777777778	0.459459459459	0.601941747573	0.505747126437
118	0	0.0	0.234693877551	0.0	0.0	0.0
119	0	0.0	0.2	0.0	0.0	0.0
120	0	0.387755102041	0.12962962963	0.467391304348	0.529411764706	0.541666666667
121	0	0.589285714286	0.19801980198	0.451923076923	0.43137254902	0.584158415842
122	0	0.0	0.0	0.0	0.0	0.192307692308
123	0	0.0	0.173913043478	0.0	0.0	0.0
124	0	0.41592920354	0.0545454545455	0.472222222222	0.526315789474	0.53488372093
125	0	0.0	0.0	0.258426966292	0.191919191919	0.0
126	0	0.131868131868	0.0	0.333333333333	0.258426966292	0.0
127	0	0.171171171171	0.0	0.412371134021	0.0947368421053	0.0
128	0	0.0	0.0	0.152380952381	0.0	0.191919191919
129	0	0.0	0.0	0.407079646018	0.226804123711	0.0
130	0	0.0	0.0	0.396551724138	0.19587628866	0.0
131	0	0.0	0.0	0.109090909091	0.0	0.150537634409
132	0	0.0	0.166666666667	0.0	0.0	0.0
133	0	0.0	0.114285714286	0.0	0.0	0.0
134	0	0.428571428571	0.19387755102	0.467391304348	0.636363636364	0.522522522523
135	0	0.0	0.0	0.148514851485	0.161290322581	0.0
136	0	0.0	0.0	0.0	0.0	0.176470588235
137	0	0.0	0.0	0.0	0.0	0.0
138	0	0.0	0.152173913043	0.0	0.0	0.0
139	0	0.0	0.0	0.0	0.0	0.0
140	0	0.0	0.134615384615	0.0	0.0	0.0
141	0	0.0	0.151515151515	0.0	0.0	0.0
142	0	0.0	0.0	0.141414141414	0.159292035398	0.0
143	0	0.0	0.0	0.0	0.0	0.0
144	0	0.471698113208	0.552631578947	0.467532467532	0.509615384615	0.552380952381
145	0	0.0	0.0	0.0	0.0	0.138613861386
146	0	0.0	0.0	0.0	0.0	0.0
147	0	0.0	0.0	0.0	0.0	0.0
148	0	0.0	0.107142857143	0.0	0.0	0.0
149	0	0.14	0.0	0.0	0.0	0.240963855422
150	0	0.0980392156863	0.0	0.0	0.0	0.0
151	0	0.0	0.270588235294	0.0	0.0	0.0
152	0	0.0	0.0	0.0	0.0	0.0
153	0	0.0	0.0	0.123595505618	0.14606741573	0.151515151515
154	0	0.0	0.0	0.0	0.0	0.13829787234
155	0	0.0	0.147368421053	0.0	0.0	0.0
156	0	0.0	0.0	0.0	0.0	0.194174757282
157	0	0.0	0.0	0.410526315789	0.166666666667	0.0
158	0	0.0652173913043	0.0	0.352	0.155555555556	0.0
159	0	0.0	0.0	0.298245614035	0.148148148148	0.0
160	0	0.0	0.217391304348	0.0	0.0	0.0
161	0	0.111111111111	0.0	0.413793103448	0.113636363636	0.0
162	0	0.125	0.0	0.394736842105	0.17	0.0
163	0	0.11320754717	0.0	0.0	0.0	0.0
164	0	0.0	0.0	0.411764705882	0.236559139785	0.0
165	0	0.0	0.0	0.113636363636	0.139784946237	0.0
166	0	0.0	0.181818181818	0.0	0.0	0.0
167	0	0.159574468085	0.0	0.0	0.0	0.222222222222
168	0	0.0	0.0	0.0	0.0	0.266666666667
169	0	0.0	0.221052631579	0.0	0.0	0.0
170	0	0.0	0.0	0.320754716981	0.208333333333	0.0
171	0	0.0	0.131313131313	0.0	0.0	0.0
172	0	0.0	0.0	0.0	0.0	0.19801980198
173	0	0.0	0.0	0.0987654320988	0.209302325581	0.0
174	0	0.232323232323	0.0	0.351851851852	0.348314606742	0.197916666667
175	0	0.0	0.0	0.0	0.0	0.0
176	0	0.523255813953	0.09	0.15625	0.301075268817	0.489130434783
177	0	0.0	0.179775280899	0.0	0.0	0.0
178	0	0.0	0.0	0.183673469388	0.139534883721	0.0
179	0	0.0	0.25	0.0	0.0	0.0
180	0	0.0	0.0	0.0	0.0	0.192307692308
181	0	0.489130434783	0.0660377358491	0.477777777778	0.59793814433	0.481818181818
182	0	0.14953271028	0.0	0.367924528302	0.133333333333	0.0
183	0	0.0	0.0	0.385321100917	0.170212765957	0.0
184	0	0.148936170213	0.0	0.0	0.0	0.194690265487
185	0	0.0	0.148936170213	0.0	0.0	0.0
186	0	0.129032258065	0.0	0.294117647059	0.0823529411765	0.0
187	0	0.0	0.0	0.0	0.0	0.0
188	0	0.298245614035	0.0947368421053	0.530612244898	0.513274336283	0.396226415094
189	0	0.0	0.0	0.177570093458	0.218181818182	0.0
190	0	0.0	0.0	0.0843373493976	0.0	0.20202020202
191	0	0.0	0.0	0.0	0.0	0.15
192	0	0.49504950495	0.549019607843	0.495495495495	0.463157894737	0.455357142857
193	0	0.12380952381	0.0	0.0	0.0	0.230769230769
194	0	0.0	0.0	0.0	0.0	0.0
195	0	0.0	0.0	0.0	0.0	0.0
196	0	0.0	0.0	0.0	0.0	0.0
197	0	0.0	0.0	0.15652173913	0.0	0.119047619048
198	0	0.128440366972	0.0	0.394495412844	0.110091743119	0.0
199	0	0.179245283019	0.0	0.0	0.0	0.0
200	0	0.58	0.160714285714	0.504587155963	0.546391752577	0.577777777778
201	0	0.0	0.0	0.127906976744	0.192307692308	0.0957446808511
202	0	0.119658119658	0.0	0.371134020619	0.19512195122	0.0
203	0	0.075	0.0	0.0	0.0	0.0
204	0	0.280701754386	0.0776699029126	0.516129032258	0.5625	0.495238095238
205	0	0.144329896907	0.0	0.372727272727	0.316831683168	0.139784946237
206	0	0.0	0.0	0.0	0.0	0.168674698795
207	0	0.0	0.0	0.0	0.0	0.217948717949
208	0	0.0	0.0	0.0	0.0	0.241758241758
209	0	0.25	0.0	0.387755102041	0.298969072165	0.160377358491
210	0	0.0	0.130952380952	0.0	0.0	0.0
211	0	0.0	0.0	0.0	0.0	0.216981132075
212	0	0.0	0.0	0.0	0.0	0.22641509434
213	0	0.576086956522	0.045871559633	0.142857142857	0.339622641509	0.447916666667
214	0	0.0	0.176470588235	0.0	0.0	0.0
215	0	0.368421052632	0.0980392156863	0.43	0.45652173913	0.456310679612
216	0	0.0	0.0	0.0	0.0	0.194690265487
217	0	0.0	0.178947368421	0.0	0.0	0.0
218	0	0.0	0.0	0.0	0.0	0.142857142857
219	0	0.0	0.260869565217	0.0	0.0	0.0
220	0	0.0	0.0	0.351351351351	0.10843373494	0.0
221	0	0.0	0.163461538462	0.0	0.0	0.0
222	0	0.0	0.175257731959	0.0	0.0	0.0
223	0	0.0	0.0	0.340909090909	0.229166666667	0.0
224	0	0.490909090909	0.102803738318	0.172043010753	0.351063829787	0.566265060241
225	0	0.0	0.0	0.0	0.0	0.0
226	0	0.0	0.19801980198	0.0	0.0	0.0
227	0	0.378947368421	0.0618556701031	0.533333333333	0.598039215686	0.508771929825
228	0	0.0948275862069	0.0	0.0	0.0	0.0
229	0	0.0	0.0	0.194444444444	0.179775280899	0.0
230	0	0.110169491525	0.0	0.315789473684	0.190476190476	0.0
231	0	0.0	0.0	0.104761904762	0.0	0.139534883721
232	0	0.268817204301	0.0707070707071	0.378640776699	0.32	0.138613861386
233	0	0.0	0.0	0.0	0.0	0.245762711864
234	0	0.0	0.0	0.0	0.0	0.255102040816
235	0	0.0	0.0	0.458823529412	0.15306122449	0.0
236	0	0.0	0.0	0.39	0.19	0.0
237	0	0.183486238532	0.0	0.0	0.0	0.168421052632
238	0	0.144578313253	0.0	0.0	0.0	0.193181818182
239	0	0.0	0.0	0.0	0.0	0.227722772277
240	0	0.0	0.0	0.0	0.0	0.177570093458
241	0	0.0	0.30303030303	0.0	0.0	0.0
242	0	0.154639175258	0.0	0.0	0.0	0.190909090909
243	0	0.0	0.0	0.357798165138	0.212121212121	0.0
244	0	0.0	0.0	0.0	0.0	0.247422680412
245	0	0.0	0.0	0.0	0.0	0.0
246	0	0.0	0.0	0.0	0.0	0.224489795918
247	0	0.0776699029126	0.0	0.412844036697	0.188118811881	0.0
248	0	0.0	0.0	0.0	0.0	0.0
249	0	0.0	0.0	0.123595505618	0.141304347826	0.0
250	0	0.0	0.0	0.0898876404494	0.174757281553	0.0
251	0	0.0	0.274509803922	0.0	0.0	0.0
252	0	0.0	0.0	0.0	0.0	0.0
253	0	0.0	0.0	0.0777777777778	0.147058823529	0.0
254	0	0.136842105263	0.0	0.0	0.0	0.192660550459
255	0	0.0	0.197916666667	0.0	0.0	0.0
256	0	0.394495412844	0.09375	0.181818181818	0.330097087379	0.522727272727
257	0	0.0	0.0	0.162790697674	0.158878504673	0.17
258	0	0.0	0.121495327103	0.0	0.0	0.0
259	0	0.0	0.0	0.0	0.0	0.0
260	0	0.0	0.0	0.409090909091	0.227272727273	0.0
261	0	0.23	0.0	0.315789473684	0.333333333333	0.125
262	0	0.383928571429	0.106796116505	0.538461538462	0.490384615385	0.514563106796
263	0	0.0	0.0	0.0	0.0	0.0
264	0	0.0816326530612	0.0	0.0	0.0	0.25
265	0	0.0	0.0	0.0	0.0	0.205607476636
266	0	0.0	0.0	0.0	0.0	0.182795698925
267	0	0.0	0.164948453608	0.0	0.0	0.0
268	0	0.0722891566265	0.0	0.0	0.0	0.0
269	0	0.0	0.0	0.135135135135	0.230769230769	0.0
270	0	0.240384615385	0.0	0.0	0.0	0.161290322581
271	0	0.0	0.213483146067	0.0	0.0	0.0
272	0	0.0666666666667	0.0	0.326732673267	0.230769230769	0.0
273	0	0.175925925926	0.0	0.0	0.0	0.0
274	0	0.0823529411765	0.0	0.37962962963	0.181818181818	0.0
275	0	0.0	0.264150943396	0.0	0.0	0.0
276	0	0.0	0.0	0.386554621849	0.2	0.0
277	0	0.0	0.0	0.150537634409	0.0	0.0
278	0	0.0	0.172043010753	0.0	0.0	0.0
279	0	0.47	0.51724137931	0.455555555556	0.5	0.531914893617
280	0	0.0	0.0	0.0	0.0	0.173076923077
281	0	0.0	0.0	0.0	0.0	0.0
282	0	0.0	0.0	0.429824561404	0.171428571429	0.0
283	0	0.0	0.0	0.0	0.0	0.186813186813
284	0	0.0	0.0	0.366666666667	0.252525252525	0.0
285	0	0.0683760683761	0.0	0.0	0.0	0.0
286	0	0.0	0.194174757282	0.0	0.0	0.0
287	0	0.0	0.121212121212	0.0	0.0	0.0
288	0	0.0	0.240384615385	0.0	0.0	0.0
289	0	0.0	0.0	0.0	0.0	0.0
290	0	0.0	0.0	0.0	0.0	0.0
291	0	0.177966101695	0.0	0.0	0.0	0.120689655172
292	0	0.0	0.0	0.155339805825	0.141304347826	0.179775280899
293	0	0.0	0.0	0.283018867925	0.191011235955	0.0
294	0	0.0	0.0	0.116279069767	0.144578313253	0.0
295	0	0.0	0.170212765957	0.0	0.0	0.0
296	0	0.0	0.0	0.0	0.0	0.0
297	0	0.0	0.0	0.444444444444	0.168539325843	0.0
298	0	0.0	0.0	0.407079646018	0.213675213675	0.0
299	0	0.491228070175	0.552941176471	0.518987341772	0.541666666667	0.438095238095
