#chr	normal	sample0	sample1	sample2	sample3	sample4
0	0	0.0	0.0	0.09375	0.0	0.0
1	0	0.0	0.0	0.0	0.0	0.0
2	0	0.0	0.152173913043	0.0	0.0	0.29
3	0	0.0	0.0	0.0	0.0	0.106194690265
4	0	0.0	0.108695652174	0.10752688172	0.131578947368	0.0
5	0	0.0	0.0	0.105769230769	0.0	0.0
6	0	0.0	0.0888888888889	0.0	0.0	0.318181818182
7	0	0.155172413793	0.424242424242	0.309734513274	0.538461538462	0.510204081633
8	0	0.0	0.0825688073394	0.15	0.12962962963	0.0
9	0	0.0	0.1125	0.0	0.0	0.0
10	0	0.0	0.0833333333333	0.0	0.0	0.296296296296
11	0	0.0	0.0	0.0721649484536	0.0	0.0
12	0	0.0	0.214953271028	0.0	0.0	0.278846153846
13	0	0.0	0.0973451327434	0.166666666667	0.19387755102	0.0
14	0	0.0	0.0	0.0	0.0	0.0
15	0	0.366972477064	0.5	0.266666666667	0.532608695652	0.361111111111
16	0	0.0	0.0	0.0	0.0	0.15
17	0	0.0	0.0	0.0	0.0	0.0
18	0	0.1	0.0	0.0	0.0	0.0
19	0	0.0	0.0	0.0	0.0	0.0
20	0	0.0	0.121212121212	0.0	0.0	0.0
21	0	0.160377358491	0.0	0.230088495575	0.0	0.0
22	0	0.0	0.0	0.0	0.0	0.0
23	0	0.0	0.0	0.0	0.0	0.0
24	0	0.0898876404494	0.440366972477	0.287128712871	0.535714285714	0.426666666667
25	0	0.0	0.0918367346939	0.0	0.0	0.0
26	0	0.0	0.0	0.0	0.0	0.1875
27	0	0.0	0.0833333333333	0.0	0.0	0.0
28	0	0.0	0.105769230769	0.0	0.172413793103	0.0
29	0	0.0	0.234693877551	0.160377358491	0.08	0.28
30	0	0.0	0.0	0.0	0.0	0.0
31	0	0.0	0.0	0.197530864198	0.15652173913	0.0
32	0	0.177083333333	0.393258426966	0.242105263158	0.442857142857	0.465517241379
33	0	0.0	0.145299145299	0.0	0.0	0.0
34	0	0.111111111111	0.0	0.183486238532	0.0	0.0
35	0	0.0	0.0	0.0	0.0	0.0
36	0	0.0	0.0	0.0	0.0	0.114035087719
37	0	0.0	0.166666666667	0.139534883721	0.129032258065	0.30701754386
38	0	0.0	0.136842105263	0.154545454545	0.179245283019	0.0
39	0	0.203703703704	0.442477876106	0.319587628866	0.563106796117	0.538461538462
40	0	0.0	0.135135135135	0.21978021978	0.161016949153	0.0
41	0	0.0	0.0	0.0	0.0	0.0
42	0	0.0	0.0	0.0810810810811	0.0	0.0
43	0	0.0	0.0	0.131313131313	0.0	0.0
44	0	0.0	0.0	0.20652173913	0.139344262295	0.0
45	0	0.0	0.0	0.063829787234	0.0	0.0
46	0	0.0	0.0	0.0	0.0	0.0
47	0	0.0	0.40350877193	0.134020618557	0.185567010309	0.170454545455
48	0	0.0	0.367346938776	0.217391304348	0.1875	0.157303370787
49	0	0.0	0.233644859813	0.186274509804	0.203883495146	0.281818181818
50	0	0.0943396226415	0.0	0.196428571429	0.0	0.0
51	0	0.130841121495	0.0	0.201923076923	0.0	0.0
52	0	0.0	0.0	0.0	0.0	0.0
53	0	0.0	0.0	0.0	0.0	0.0
54	0	0.0	0.153846153846	0.105263157895	0.165048543689	0.0
55	0	0.0	0.0	0.0	0.0	0.0
56	0	0.0	0.0	0.0	0.0	0.0
57	0	0.0	0.0	0.0	0.0	0.0
58	0	0.145833333333	0.0	0.198198198198	0.0	0.0
59	0	0.267441860465	0.477876106195	0.237113402062	0.571428571429	0.247422680412
60	0	0.0	0.290322580645	0.176470588235	0.141509433962	0.144230769231
61	0	0.0	0.0	0.123711340206	0.0	0.0
62	0	0.0	0.11	0.0	0.15	0.0
63	0	0.0	0.0	0.0	0.0	0.0
64	0	0.0	0.0	0.0	0.0	0.0
65	0	0.0	0.4	0.195652173913	0.2	0.166666666667
66	0	0.0	0.0	0.0	0.0	0.0
67	0	0.261261261261	0.520833333333	0.207207207207	0.512195121951	0.369369369369
68	0	0.0	0.0	0.0	0.0	0.0
69	0	0.281553398058	0.52	0.2	0.403669724771	0.197916666667
70	0	0.0	0.0810810810811	0.0	0.0	0.0
71	0	0.0	0.107843137255	0.113402061856	0.205128205128	0.0
72	0	0.0	0.0	0.0	0.0	0.0
73	0	0.135922330097	0.0	0.175257731959	0.0	0.0
74	0	0.0	0.0	0.121495327103	0.191011235955	0.0
75	0	0.0	0.232323232323	0.08	0.20618556701	0.252873563218
76	0	0.0	0.0	0.0	0.0	0.0
77	0	0.295238095238	0.52380952381	0.288288288288	0.467289719626	0.27868852459
78	0	0.0	0.130434782609	0.204301075269	0.1625	0.0
79	0	0.14953271028	0.0	0.170731707317	0.0	0.0
80	0	0.0	0.0	0.0294117647059	0.0	0.0
81	0	0.0	0.0	0.0	0.0	0.0
82	0	0.0	0.115789473684	0.0	0.0	0.28431372549
83	0	0.0	0.413043478261	0.209302325581	0.227272727273	0.147540983607
84	0	0.154761904762	0.0	0.252427184466	0.0	0.0
85	0	0.0	0.0978260869565	0.0	0.0	0.0
86	0	0.173469387755	0.0	0.0	0.0	0.0
87	0	0.0	0.0	0.0	0.0	0.0
88	0	0.0	0.0	0.0882352941176	0.0	0.0
89	0	0.0	0.0851063829787	0.112244897959	0.145299145299	0.0
90	0	0.0	0.111111111111	0.0	0.0	0.0
91	0	0.0	0.0	0.0	0.0	0.181818181818
92	0	0.0	0.142857142857	0.178571428571	0.22	0.0
93	0	0.257142857143	0.569105691057	0.253164556962	0.544303797468	0.277777777778
94	0	0.0	0.0	0.0	0.0	0.161904761905
95	0	0.0	0.0	0.0	0.0	0.0
96	0	0.0	0.10752688172	0.0	0.0	0.0
97	0	0.0	0.0	0.103092783505	0.0	0.0
98	0	0.0	0.10989010989	0.0	0.0	0.19
99	0	0.0	0.0	0.0	0.0	0.0
100	0	0.0	0.0	0.0	0.0	0.144230769231
101	0	0.0	0.138888888889	0.0	0.0	0.0
102	0	0.0	0.0	0.0714285714286	0.0	0.0
103	0	0.184466019417	0.457446808511	0.278846153846	0.446601941748	0.459183673469
104	0	0.3	0.445454545455	0.277227722772	0.641509433962	0.319587628866
105	0	0.0	0.2	0.160714285714	0.133928571429	0.351648351648
106	0	0.161616161616	0.0	0.0	0.0	0.0
107	0	0.0	0.0	0.112244897959	0.0	0.0
108	0	0.0	0.0	0.0	0.0	0.0
109	0	0.0	0.0	0.144329896907	0.0	0.0
110	0	0.14606741573	0.0	0.222222222222	0.0	0.0
111	0	0.3	0.586538461538	0.224489795918	0.442105263158	0.302083333333
112	0	0.0	0.0934579439252	0.131868131868	0.221153846154	0.0
113	0	0.0	0.282608695652	0.145454545455	0.168539325843	0.302083333333
114	0	0.0	0.0	0.0549450549451	0.0	0.0
115	0	0.0	0.0	0.0	0.0	0.0
116	0	0.0	0.0	0.0	0.0	0.0
117	0	0.0	0.0631578947368	0.140186915888	0.222222222222	0.0
118	0	0.0	0.0	0.0	0.0	0.0
119	0	0.0	0.0	0.0	0.0	0.0
120	0	0.0	0.0909090909091	0.0	0.0	0.104166666667
121	0	0.0	0.0	0.0	0.0	0.0
122	0	0.0	0.0	0.0	0.0	0.153846153846
123	0	0.163461538462	0.0	0.16814159292	0.0	0.0
124	0	0.196428571429	0.0	0.0	0.0	0.0
125	0	0.0	0.0823529411765	0.0	0.0	0.302083333333
126	0	0.27027027027	0.510204081633	0.278846153846	0.59	0.188888888889
127	0	0.0	0.0612244897959	0.163461538462	0.145833333333	0.0
128	0	0.0	0.229357798165	0.0957446808511	0.148514851485	0.333333333333
129	0	0.0	0.0	0.119266055046	0.0	0.0
130	0	0.0	0.0	0.0	0.0	0.0
131	0	0.0	0.127906976744	0.119565217391	0.153846153846	0.0
132	0	0.0	0.0	0.0	0.0	0.0
133	0	0.0	0.145299145299	0.0	0.0	0.32967032967
134	0	0.0	0.0	0.0980392156863	0.0	0.0
135	0	0.0	0.118181818182	0.0	0.0	0.0
136	0	0.0	0.0813953488372	0.0	0.0	0.0
137	0	0.337078651685	0.516129032258	0.280373831776	0.438202247191	0.404255319149
138	0	0.0	0.134615384615	0.0	0.0	0.0
139	0	0.28	0.54	0.254716981132	0.509259259259	0.241379310345
140	0	0.131868131868	0.380952380952	0.32	0.428571428571	0.47311827957
141	0	0.0	0.0	0.0	0.0	0.0
142	0	0.0	0.0526315789474	0.0	0.0	0.0
143	0	0.0	0.0	0.0	0.0	0.0
144	0	0.247619047619	0.409090909091	0.204081632653	0.467532467532	0.291666666667
145	0	0.0	0.192307692308	0.0	0.0	0.277227722772
146	0	0.128712871287	0.326923076923	0.272727272727	0.44	0.442105263158
147	0	0.216981132075	0.0	0.0	0.0	0.0
148	0	0.0	0.0	0.10989010989	0.0	0.0
149	0	0.0	0.108910891089	0.12962962963	0.164705882353	0.0
150	0	0.0	0.0	0.0	0.0	0.0
151	0	0.0	0.130841121495	0.0	0.0	0.354545454545
152	0	0.0	0.0	0.0703125	0.0	0.0
153	0	0.0	0.0865384615385	0.0	0.141304347826	0.0
154	0	0.127659574468	0.0	0.217821782178	0.0	0.0
155	0	0.0	0.0	0.0505050505051	0.0	0.0
156	0	0.0	0.0	0.0909090909091	0.0	0.0
157	0	0.0	0.0	0.0	0.0	0.153846153846
158	0	0.0	0.12380952381	0.0	0.0	0.0
159	0	0.0	0.139784946237	0.152380952381	0.171428571429	0.0
160	0	0.0	0.0	0.0	0.0	0.185567010309
161	0	0.12037037037	0.301204819277	0.255555555556	0.475247524752	0.478260869565
162	0	0.0	0.0	0.0	0.0	0.0
163	0	0.152173913043	0.369369369369	0.245283018868	0.443181818182	0.525773195876
164	0	0.0	0.172727272727	0.0	0.0	0.0
165	0	0.0	0.0	0.215053763441	0.0	0.0
166	0	0.0	0.102564102564	0.0	0.0	0.0
167	0	0.0	0.0	0.0571428571429	0.0	0.0
168	0	0.0	0.179487179487	0.0	0.0	0.0
169	0	0.16	0.0	0.290322580645	0.0	0.0
170	0	0.0	0.0869565217391	0.0	0.0	0.288288288288
171	0	0.0	0.0	0.0	0.0	0.0
172	0	0.0	0.0	0.0	0.0	0.0
173	0	0.0	0.0	0.0	0.0	0.0762711864407
174	0	0.0	0.0	0.131578947368	0.0	0.0
175	0	0.11	0.0	0.221238938053	0.0	0.0
176	0	0.0	0.225806451613	0.122448979592	0.242424242424	0.282828282828
177	0	0.0	0.0	0.0	0.0	0.0
178	0	0.226086956522	0.0	0.0	0.0	0.0
179	0	0.0	0.0	0.0	0.0	0.191489361702
180	0	0.0	0.0980392156863	0.0	0.0	0.25
181	0	0.0	0.0	0.0	0.0	0.0
182	0	0.0	0.131868131868	0.0	0.0	0.0
183	0	0.0	0.0	0.0919540229885	0.0	0.0
184	0	0.0	0.136363636364	0.0	0.0	0.119266055046
185	0	0.0	0.0	0.0	0.0	0.0
186	0	0.0	0.0	0.0	0.0	0.0
187	0	0.0	0.0	0.0	0.0	0.171428571429
188	0	0.0	0.0	0.0	0.0	0.149122807018
189	0	0.0	0.0	0.0	0.0	0.0
190	0	0.0	0.0934579439252	0.160714285714	0.172043010753	0.0
191	0	0.126315789474	0.494382022472	0.255555555556	0.538461538462	0.505376344086
192	0	0.0	0.0	0.0	0.0	0.0
193	0	0.0	0.242990654206	0.178861788618	0.115789473684	0.275
194	0	0.0	0.0	0.0686274509804	0.0	0.0
195	0	0.0	0.0	0.0654205607477	0.0	0.0
196	0	0.0	0.0	0.0	0.0	0.197916666667
197	0	0.0	0.0714285714286	0.105263157895	0.130841121495	0.0
198	0	0.0	0.0983606557377	0.0	0.136842105263	0.0
199	0	0.0	0.0769230769231	0.0	0.0	0.0
200	0	0.0	0.0	0.0	0.0	0.0606060606061
201	0	0.0	0.104347826087	0.180952380952	0.176470588235	0.0
202	0	0.104761904762	0.0	0.188679245283	0.0	0.0
203	0	0.0	0.0	0.0	0.0	0.134615384615
204	0	0.0	0.188888888889	0.15	0.17	0.252525252525
205	0	0.0	0.0	0.11320754717	0.0	0.0
206	0	0.0	0.103773584906	0.0	0.113924050633	0.0
207	0	0.0	0.0	0.178217821782	0.0	0.0
208	0	0.0	0.112359550562	0.0	0.0	0.0
209	0	0.0	0.1	0.0	0.110091743119	0.0
210	0	0.0	0.0	0.2	0.2	0.0
211	0	0.0	0.0	0.117021276596	0.0	0.0
212	0	0.0	0.0438596491228	0.177777777778	0.164948453608	0.0
213	0	0.0	0.138613861386	0.0	0.0	0.306818181818
214	0	0.0	0.0	0.0	0.0	0.144329896907
215	0	0.153846153846	0.0	0.171171171171	0.0	0.0
216	0	0.0	0.0	0.0	0.0	0.0
217	0	0.0	0.0	0.0	0.0	0.164835164835
218	0	0.0	0.133333333333	0.0	0.0	0.0
219	0	0.0	0.0	0.0	0.0	0.0
220	0	0.0	0.0	0.112359550562	0.0	0.0
221	0	0.0	0.0679611650485	0.179245283019	0.155339805825	0.0
222	0	0.0	0.122222222222	0.0	0.0	0.0
223	0	0.0	0.0	0.177083333333	0.0	0.0
224	0	0.0	0.158878504673	0.0	0.0	0.0
225	0	0.0	0.0	0.0	0.0	0.0
226	0	0.0	0.0	0.0	0.0	0.0
227	0	0.0	0.0	0.0	0.0	0.0
228	0	0.193548387097	0.0	0.0	0.0	0.0
229	0	0.0	0.0	0.0	0.0	0.0
230	0	0.138613861386	0.0	0.130434782609	0.0	0.0
231	0	0.0	0.105769230769	0.0	0.0	0.0
232	0	0.117117117117	0.0	0.172727272727	0.0	0.0
233	0	0.0	0.106796116505	0.178571428571	0.161616161616	0.0
234	0	0.165289256198	0.0	0.214285714286	0.0	0.0
235	0	0.0	0.0943396226415	0.229166666667	0.154545454545	0.0
236	0	0.0	0.0	0.0	0.0	0.0
237	0	0.0	0.106796116505	0.0	0.0	0.0
238	0	0.146788990826	0.0	0.225225225225	0.0	0.0
239	0	0.0	0.404761904762	0.188118811881	0.22	0.185185185185
240	0	0.0	0.178217821782	0.0	0.0	0.0
241	0	0.0	0.0752688172043	0.0	0.0	0.0
242	0	0.0	0.130434782609	0.0	0.0	0.0
243	0	0.0	0.122807017544	0.0	0.0	0.275862068966
244	0	0.0	0.0810810810811	0.0	0.0	0.0
245	0	0.0	0.0	0.0	0.0	0.0
246	0	0.0	0.0	0.0	0.0	0.0
247	0	0.0	0.0	0.0560747663551	0.0	0.0
248	0	0.181818181818	0.0	0.244897959184	0.0	0.0
249	0	0.133928571429	0.0	0.225225225225	0.0	0.0
250	0	0.0	0.0	0.0	0.0	0.0
251	0	0.0	0.0	0.0642201834862	0.0	0.0
252	0	0.0	0.414893617021	0.163793103448	0.0760869565217	0.170454545455
253	0	0.175824175824	0.0	0.0	0.0	0.0
254	0	0.0	0.0	0.0	0.0	0.0
255	0	0.0	0.0	0.0	0.0	0.102272727273
256	0	0.0	0.0	0.151162790698	0.15625	0.0
257	0	0.0	0.223214285714	0.157894736842	0.170212765957	0.336734693878
258	0	0.0	0.117021276596	0.0	0.0	0.0
259	0	0.0	0.0	0.0	0.0	0.116504854369
260	0	0.0	0.203883495146	0.18691588785	0.166666666667	0.319587628866
261	0	0.0	0.0	0.156862745098	0.115789473684	0.0
262	0	0.0	0.0	0.0	0.0	0.0982142857143
263	0	0.0	0.0	0.0	0.0	0.0
264	0	0.0	0.0	0.0	0.0	0.0
265	0	0.0	0.112359550562	0.0	0.0	0.278260869565
266	0	0.0	0.0	0.0	0.0	0.0
267	0	0.0	0.145631067961	0.0	0.0	0.0
268	0	0.0	0.0	0.0980392156863	0.146551724138	0.0
269	0	0.0	0.0	0.0	0.0	0.0
270	0	0.0	0.130434782609	0.0	0.0	0.0
271	0	0.277777777778	0.479591836735	0.254237288136	0.570093457944	0.257142857143
272	0	0.0	0.454545454545	0.171428571429	0.149122807018	0.2109375
273	0	0.0	0.112068965517	0.0	0.129310344828	0.0
274	0	0.0	0.0	0.0	0.0	0.126315789474
275	0	0.0	0.163461538462	0.0	0.0	0.288659793814
276	0	0.0	0.0	0.101694915254	0.0	0.0
277	0	0.0	0.43137254902	0.273504273504	0.221238938053	0.132653061224
278	0	0.0	0.0	0.0	0.0	0.181818181818
279	0	0.0	0.0	0.0	0.0	0.201834862385
280	0	0.0	0.0957446808511	0.0	0.0	0.0
281	0	0.0	0.047619047619	0.153846153846	0.152173913043	0.0
282	0	0.0	0.112244897959	0.0	0.0	0.0
283	0	0.300970873786	0.505050505051	0.255319148936	0.494623655914	0.35
284	0	0.176470588235	0.0	0.214953271028	0.0	0.0
285	0	0.0	0.0	0.029702970297	0.0	0.0
286	0	0.0	0.0	0.0	0.0	0.13829787234
287	0	0.0	0.0	0.103092783505	0.0	0.0
288	0	0.0	0.0	0.0	0.0	0.0
289	0	0.0	0.13829787234	0.0	0.0	0.233009708738
290	0	0.0	0.30303030303	0.223300970874	0.147058823529	0.147727272727
291	0	0.103092783505	0.5	0.28	0.468468468468	0.519230769231
292	0	0.0	0.0	0.0	0.0	0.0
293	0	0.13829787234	0.0	0.186274509804	0.0	0.0
294	0	0.142857142857	0.0	0.210526315789	0.0	0.0
295	0	0.172727272727	0.0	0.205128205128	0.0	0.0
296	0	0.125	0.0	0.223300970874	0.0	0.0
297	0	0.101694915254	0.0	0.161616161616	0.0	0.0
298	0	0.0	0.20618556701	0.166666666667	0.215053763441	0.290322580645
299	0	0.0	0.0	0.0	0.0	0.0
