Num_mutations: 100
Num_samples: 10
Error_rate: 0.050000

4.032921810699588439e-01 0.000000000000000000e+00 0.000000000000000000e+00 3.196078431372548767e-01 2.763772175536881592e-01 4.099616858237548067e-01 3.380566801619433459e-01 1.866931479642502389e-01 2.798353909465020606e-01 0.000000000000000000e+00
2.851108764519535432e-01 0.000000000000000000e+00 0.000000000000000000e+00 0.000000000000000000e+00 4.857423795476892847e-01 0.000000000000000000e+00 0.000000000000000000e+00 2.517343904856293446e-01 0.000000000000000000e+00 0.000000000000000000e+00
3.386243386243386055e-01 0.000000000000000000e+00 0.000000000000000000e+00 3.070624360286591803e-01 2.782782782782782793e-01 4.156378600823045222e-01 3.652343750000000000e-01 2.357642357642357744e-01 3.582677165354330451e-01 0.000000000000000000e+00
3.357070193285859872e-01 0.000000000000000000e+00 0.000000000000000000e+00 3.372781065088757413e-01 2.566735112936344709e-01 4.583333333333333148e-01 3.497487437185929915e-01 2.419354838709677491e-01 2.912423625254582649e-01 0.000000000000000000e+00
2.495088408644400846e-01 0.000000000000000000e+00 0.000000000000000000e+00 0.000000000000000000e+00 1.885656970912738262e-01 0.000000000000000000e+00 0.000000000000000000e+00 0.000000000000000000e+00 0.000000000000000000e+00 0.000000000000000000e+00
2.490118577075098871e-01 0.000000000000000000e+00 0.000000000000000000e+00 0.000000000000000000e+00 4.400396432111001177e-01 0.000000000000000000e+00 0.000000000000000000e+00 2.628918099089989635e-01 3.227783452502553385e-01 2.788365095285857409e-01
3.709844559585492307e-01 0.000000000000000000e+00 0.000000000000000000e+00 3.115079365079365115e-01 3.003875968992247847e-01 4.451097804391217494e-01 3.425742574257426010e-01 2.516940948693126567e-01 3.221476510067113885e-01 0.000000000000000000e+00
0.000000000000000000e+00 3.911735205616850286e-01 0.000000000000000000e+00 0.000000000000000000e+00 0.000000000000000000e+00 0.000000000000000000e+00 0.000000000000000000e+00 2.839756592292089210e-01 3.896103896103896291e-01 0.000000000000000000e+00
2.348008385744234927e-01 0.000000000000000000e+00 0.000000000000000000e+00 0.000000000000000000e+00 1.664953751284686534e-01 0.000000000000000000e+00 0.000000000000000000e+00 0.000000000000000000e+00 0.000000000000000000e+00 0.000000000000000000e+00
2.742742742742742545e-01 0.000000000000000000e+00 0.000000000000000000e+00 0.000000000000000000e+00 1.808510638297872453e-01 0.000000000000000000e+00 0.000000000000000000e+00 0.000000000000000000e+00 0.000000000000000000e+00 0.000000000000000000e+00
3.024875621890547039e-01 0.000000000000000000e+00 0.000000000000000000e+00 3.540372670807453437e-01 2.230769230769230893e-01 4.640776699029126040e-01 3.478260869565217295e-01 2.330677290836653259e-01 2.726347914547304074e-01 0.000000000000000000e+00
2.707182320441988699e-01 0.000000000000000000e+00 0.000000000000000000e+00 0.000000000000000000e+00 1.990521327014218023e-01 0.000000000000000000e+00 0.000000000000000000e+00 0.000000000000000000e+00 0.000000000000000000e+00 0.000000000000000000e+00
0.000000000000000000e+00 4.076690211907164629e-01 0.000000000000000000e+00 0.000000000000000000e+00 0.000000000000000000e+00 0.000000000000000000e+00 0.000000000000000000e+00 2.905620360551431358e-01 3.292102759276879231e-01 0.000000000000000000e+00
3.028515240904621209e-01 0.000000000000000000e+00 0.000000000000000000e+00 0.000000000000000000e+00 1.979067554709800225e-01 0.000000000000000000e+00 0.000000000000000000e+00 0.000000000000000000e+00 0.000000000000000000e+00 0.000000000000000000e+00
2.601156069364161660e-01 0.000000000000000000e+00 0.000000000000000000e+00 0.000000000000000000e+00 4.323770491803278770e-01 0.000000000000000000e+00 0.000000000000000000e+00 2.505050505050505083e-01 0.000000000000000000e+00 0.000000000000000000e+00
0.000000000000000000e+00 3.717826501429933317e-01 0.000000000000000000e+00 0.000000000000000000e+00 0.000000000000000000e+00 0.000000000000000000e+00 0.000000000000000000e+00 2.704339051463168775e-01 3.855165069222576957e-01 0.000000000000000000e+00
2.804642166344293863e-01 0.000000000000000000e+00 0.000000000000000000e+00 0.000000000000000000e+00 1.874396135265700425e-01 0.000000000000000000e+00 0.000000000000000000e+00 0.000000000000000000e+00 0.000000000000000000e+00 0.000000000000000000e+00
2.631578947368420907e-01 0.000000000000000000e+00 0.000000000000000000e+00 0.000000000000000000e+00 2.155085599194360435e-01 0.000000000000000000e+00 0.000000000000000000e+00 0.000000000000000000e+00 0.000000000000000000e+00 0.000000000000000000e+00
0.000000000000000000e+00 0.000000000000000000e+00 2.808425275827482470e-01 0.000000000000000000e+00 0.000000000000000000e+00 0.000000000000000000e+00 2.769230769230769384e-01 0.000000000000000000e+00 0.000000000000000000e+00 0.000000000000000000e+00
0.000000000000000000e+00 0.000000000000000000e+00 2.656250000000000000e-01 0.000000000000000000e+00 0.000000000000000000e+00 0.000000000000000000e+00 3.289473684210526550e-01 0.000000000000000000e+00 0.000000000000000000e+00 0.000000000000000000e+00
0.000000000000000000e+00 3.623336745138178161e-01 0.000000000000000000e+00 0.000000000000000000e+00 0.000000000000000000e+00 0.000000000000000000e+00 0.000000000000000000e+00 2.897102897102897257e-01 3.539999999999999813e-01 0.000000000000000000e+00
2.373581011351909298e-01 0.000000000000000000e+00 0.000000000000000000e+00 0.000000000000000000e+00 1.891348088531187022e-01 0.000000000000000000e+00 0.000000000000000000e+00 0.000000000000000000e+00 0.000000000000000000e+00 0.000000000000000000e+00
0.000000000000000000e+00 4.354018311291963372e-01 0.000000000000000000e+00 0.000000000000000000e+00 0.000000000000000000e+00 0.000000000000000000e+00 0.000000000000000000e+00 3.155818540433925068e-01 3.527013251783894243e-01 0.000000000000000000e+00
3.414634146341463672e-01 0.000000000000000000e+00 0.000000000000000000e+00 3.457031250000000000e-01 2.720450281425891292e-01 4.237461617195496522e-01 3.472356935014548895e-01 2.211445198836081427e-01 3.522388059701492269e-01 0.000000000000000000e+00
0.000000000000000000e+00 0.000000000000000000e+00 2.639593908629441765e-01 0.000000000000000000e+00 0.000000000000000000e+00 0.000000000000000000e+00 2.967359050445103619e-01 0.000000000000000000e+00 0.000000000000000000e+00 0.000000000000000000e+00
0.000000000000000000e+00 3.465045592705167099e-01 0.000000000000000000e+00 0.000000000000000000e+00 0.000000000000000000e+00 0.000000000000000000e+00 0.000000000000000000e+00 3.079999999999999960e-01 3.954214360041623522e-01 0.000000000000000000e+00
3.584905660377358250e-01 0.000000000000000000e+00 0.000000000000000000e+00 3.226433430515063261e-01 2.535787321063394661e-01 4.478216818642350439e-01 2.837162837162837126e-01 2.266949152542372947e-01 2.825278810408922148e-01 0.000000000000000000e+00
0.000000000000000000e+00 3.806763285024154508e-01 0.000000000000000000e+00 0.000000000000000000e+00 0.000000000000000000e+00 0.000000000000000000e+00 0.000000000000000000e+00 3.156801661474558651e-01 4.011799410029498469e-01 0.000000000000000000e+00
2.303149606299212671e-01 0.000000000000000000e+00 0.000000000000000000e+00 0.000000000000000000e+00 2.089249492900608629e-01 0.000000000000000000e+00 0.000000000000000000e+00 0.000000000000000000e+00 0.000000000000000000e+00 0.000000000000000000e+00
2.741617357001972510e-01 0.000000000000000000e+00 0.000000000000000000e+00 0.000000000000000000e+00 4.686192468619246876e-01 0.000000000000000000e+00 0.000000000000000000e+00 2.409867172675521918e-01 0.000000000000000000e+00 0.000000000000000000e+00
0.000000000000000000e+00 3.842159916926272123e-01 0.000000000000000000e+00 0.000000000000000000e+00 0.000000000000000000e+00 0.000000000000000000e+00 0.000000000000000000e+00 3.013972055888223811e-01 3.717328170377541263e-01 0.000000000000000000e+00
2.562562562562562540e-01 0.000000000000000000e+00 0.000000000000000000e+00 0.000000000000000000e+00 4.494602551521099110e-01 0.000000000000000000e+00 0.000000000000000000e+00 2.316213494461228650e-01 0.000000000000000000e+00 0.000000000000000000e+00
0.000000000000000000e+00 3.788187372708757827e-01 0.000000000000000000e+00 0.000000000000000000e+00 0.000000000000000000e+00 0.000000000000000000e+00 0.000000000000000000e+00 3.127659574468085180e-01 3.864836325237592241e-01 0.000000000000000000e+00
2.608695652173912971e-01 0.000000000000000000e+00 0.000000000000000000e+00 0.000000000000000000e+00 4.970645792563600507e-01 0.000000000000000000e+00 0.000000000000000000e+00 2.497502497502497587e-01 3.164426059979317252e-01 2.428991185112634732e-01
3.010101010101010055e-01 0.000000000000000000e+00 0.000000000000000000e+00 0.000000000000000000e+00 4.181818181818181546e-01 0.000000000000000000e+00 0.000000000000000000e+00 2.732919254658385255e-01 0.000000000000000000e+00 0.000000000000000000e+00
2.805970149253731449e-01 0.000000000000000000e+00 0.000000000000000000e+00 0.000000000000000000e+00 2.113659022931206333e-01 0.000000000000000000e+00 0.000000000000000000e+00 0.000000000000000000e+00 0.000000000000000000e+00 0.000000000000000000e+00
0.000000000000000000e+00 0.000000000000000000e+00 4.225641025641025394e-01 0.000000000000000000e+00 0.000000000000000000e+00 5.072604065827686082e-01 0.000000000000000000e+00 0.000000000000000000e+00 0.000000000000000000e+00 3.252190847127556239e-01
3.723296032553408130e-01 0.000000000000000000e+00 0.000000000000000000e+00 3.096903096903096952e-01 3.091603053435114656e-01 4.306122448979591844e-01 3.181818181818181768e-01 2.682215743440233280e-01 3.301158301158301223e-01 0.000000000000000000e+00
2.698744769874477090e-01 0.000000000000000000e+00 0.000000000000000000e+00 0.000000000000000000e+00 2.027833001988071648e-01 0.000000000000000000e+00 0.000000000000000000e+00 0.000000000000000000e+00 0.000000000000000000e+00 0.000000000000000000e+00
2.235179786200194307e-01 0.000000000000000000e+00 0.000000000000000000e+00 0.000000000000000000e+00 4.477317554240631270e-01 0.000000000000000000e+00 0.000000000000000000e+00 2.337662337662337608e-01 0.000000000000000000e+00 0.000000000000000000e+00
2.515592515592515732e-01 0.000000000000000000e+00 0.000000000000000000e+00 0.000000000000000000e+00 4.607938044530493493e-01 0.000000000000000000e+00 0.000000000000000000e+00 2.520161290322580627e-01 3.164300202839756548e-01 2.383419689119170848e-01
2.455445544554455406e-01 7.027027027027027417e-01 0.000000000000000000e+00 0.000000000000000000e+00 4.161358811040339889e-01 0.000000000000000000e+00 3.433734939759036098e-01 5.180840664711632293e-01 6.790243902439024870e-01 4.980237154150197743e-01
2.659898477157360275e-01 0.000000000000000000e+00 0.000000000000000000e+00 0.000000000000000000e+00 4.824824824824824887e-01 0.000000000000000000e+00 0.000000000000000000e+00 2.312925170068027281e-01 0.000000000000000000e+00 0.000000000000000000e+00
0.000000000000000000e+00 0.000000000000000000e+00 2.837022132796780949e-01 0.000000000000000000e+00 0.000000000000000000e+00 0.000000000000000000e+00 3.247687564234326696e-01 0.000000000000000000e+00 0.000000000000000000e+00 0.000000000000000000e+00
0.000000000000000000e+00 3.455284552845528379e-01 0.000000000000000000e+00 0.000000000000000000e+00 0.000000000000000000e+00 0.000000000000000000e+00 0.000000000000000000e+00 2.893617021276595480e-01 3.258426966292135019e-01 0.000000000000000000e+00
0.000000000000000000e+00 3.816046966731898027e-01 0.000000000000000000e+00 0.000000000000000000e+00 0.000000000000000000e+00 0.000000000000000000e+00 0.000000000000000000e+00 3.531786074672048636e-01 2.961538461538461564e-01 0.000000000000000000e+00
2.265306122448979553e-01 0.000000000000000000e+00 0.000000000000000000e+00 0.000000000000000000e+00 4.785156250000000000e-01 0.000000000000000000e+00 0.000000000000000000e+00 2.537165510406342861e-01 3.219315895372233394e-01 2.666666666666666630e-01
2.644628099173553792e-01 0.000000000000000000e+00 0.000000000000000000e+00 0.000000000000000000e+00 4.615384615384615641e-01 0.000000000000000000e+00 0.000000000000000000e+00 2.556701030927834850e-01 3.422354104846686562e-01 2.475049900199600694e-01
0.000000000000000000e+00 3.868312757201646246e-01 0.000000000000000000e+00 0.000000000000000000e+00 0.000000000000000000e+00 0.000000000000000000e+00 0.000000000000000000e+00 3.105835806132541954e-01 3.591756624141315135e-01 0.000000000000000000e+00
0.000000000000000000e+00 3.268858800773694617e-01 2.660098522167487767e-01 3.415597235932872899e-01 0.000000000000000000e+00 0.000000000000000000e+00 0.000000000000000000e+00 2.215384615384615452e-01 0.000000000000000000e+00 1.738241308793455897e-01
0.000000000000000000e+00 3.874139626352015586e-01 0.000000000000000000e+00 0.000000000000000000e+00 0.000000000000000000e+00 0.000000000000000000e+00 0.000000000000000000e+00 2.871189773844641246e-01 3.236514522821576922e-01 0.000000000000000000e+00
2.551799345692475351e-01 0.000000000000000000e+00 0.000000000000000000e+00 0.000000000000000000e+00 4.356846473029045708e-01 0.000000000000000000e+00 0.000000000000000000e+00 2.556701030927834850e-01 0.000000000000000000e+00 0.000000000000000000e+00
2.545824847250509060e-01 0.000000000000000000e+00 0.000000000000000000e+00 0.000000000000000000e+00 4.008307372793354362e-01 0.000000000000000000e+00 0.000000000000000000e+00 2.532928064842958626e-01 0.000000000000000000e+00 0.000000000000000000e+00
0.000000000000000000e+00 3.505572441742654255e-01 0.000000000000000000e+00 0.000000000000000000e+00 0.000000000000000000e+00 0.000000000000000000e+00 0.000000000000000000e+00 2.972195589645253988e-01 3.565891472868217282e-01 0.000000000000000000e+00
0.000000000000000000e+00 4.112512124151309623e-01 0.000000000000000000e+00 0.000000000000000000e+00 0.000000000000000000e+00 0.000000000000000000e+00 0.000000000000000000e+00 2.798774259448416624e-01 3.874045801526717625e-01 0.000000000000000000e+00
3.552123552123552241e-01 0.000000000000000000e+00 0.000000000000000000e+00 3.403826787512588270e-01 3.117408906882591091e-01 4.581124072110286383e-01 3.656792645556690702e-01 2.762096774193548154e-01 3.319919517102615791e-01 0.000000000000000000e+00
0.000000000000000000e+00 3.912213740458015399e-01 0.000000000000000000e+00 0.000000000000000000e+00 0.000000000000000000e+00 0.000000000000000000e+00 0.000000000000000000e+00 2.790202342917997846e-01 3.822660098522167593e-01 0.000000000000000000e+00
2.935420743639921559e-01 6.914893617021277139e-01 0.000000000000000000e+00 0.000000000000000000e+00 5.025329280648429542e-01 0.000000000000000000e+00 4.203187250996016089e-01 5.625000000000000000e-01 7.317073170731707155e-01 4.633663366336633893e-01
2.532928064842958626e-01 0.000000000000000000e+00 0.000000000000000000e+00 0.000000000000000000e+00 4.285714285714285476e-01 0.000000000000000000e+00 0.000000000000000000e+00 2.677651905252317333e-01 0.000000000000000000e+00 0.000000000000000000e+00
0.000000000000000000e+00 3.732534930139720375e-01 0.000000000000000000e+00 0.000000000000000000e+00 0.000000000000000000e+00 0.000000000000000000e+00 0.000000000000000000e+00 2.946954813359528580e-01 4.099009900990098765e-01 0.000000000000000000e+00
3.643192488262910755e-01 0.000000000000000000e+00 0.000000000000000000e+00 3.336492890995260696e-01 2.646464646464646298e-01 4.373056994818652621e-01 3.596153846153846145e-01 2.439537329127234588e-01 3.097773475314617442e-01 0.000000000000000000e+00
0.000000000000000000e+00 3.703703703703703498e-01 0.000000000000000000e+00 0.000000000000000000e+00 0.000000000000000000e+00 0.000000000000000000e+00 0.000000000000000000e+00 3.010309278350515316e-01 4.039603960396039861e-01 0.000000000000000000e+00
2.366863905325443662e-01 0.000000000000000000e+00 0.000000000000000000e+00 0.000000000000000000e+00 4.459861248761149422e-01 0.000000000000000000e+00 0.000000000000000000e+00 2.528957528957528900e-01 0.000000000000000000e+00 0.000000000000000000e+00
0.000000000000000000e+00 0.000000000000000000e+00 3.081452404317958638e-01 0.000000000000000000e+00 0.000000000000000000e+00 0.000000000000000000e+00 2.909836065573770392e-01 0.000000000000000000e+00 0.000000000000000000e+00 0.000000000000000000e+00
2.492697176241480128e-01 0.000000000000000000e+00 0.000000000000000000e+00 0.000000000000000000e+00 4.144329896907216759e-01 0.000000000000000000e+00 0.000000000000000000e+00 2.329713721618953681e-01 0.000000000000000000e+00 0.000000000000000000e+00
2.726281352235550570e-01 0.000000000000000000e+00 0.000000000000000000e+00 0.000000000000000000e+00 2.083739045764362308e-01 0.000000000000000000e+00 0.000000000000000000e+00 0.000000000000000000e+00 0.000000000000000000e+00 0.000000000000000000e+00
0.000000000000000000e+00 3.106598984771573591e-01 3.056410256410256321e-01 3.098290598290598385e-01 0.000000000000000000e+00 0.000000000000000000e+00 0.000000000000000000e+00 2.153539381854436552e-01 0.000000000000000000e+00 2.081268582755203267e-01
2.939424031777557178e-01 0.000000000000000000e+00 0.000000000000000000e+00 0.000000000000000000e+00 1.918081918081918080e-01 0.000000000000000000e+00 0.000000000000000000e+00 0.000000000000000000e+00 0.000000000000000000e+00 0.000000000000000000e+00
0.000000000000000000e+00 2.816616008105369828e-01 3.172690763052208873e-01 3.070787637088733812e-01 0.000000000000000000e+00 0.000000000000000000e+00 0.000000000000000000e+00 2.575024201355275988e-01 0.000000000000000000e+00 2.258064516129032195e-01
2.879377431906614548e-01 0.000000000000000000e+00 0.000000000000000000e+00 0.000000000000000000e+00 1.899897854954034626e-01 0.000000000000000000e+00 0.000000000000000000e+00 0.000000000000000000e+00 0.000000000000000000e+00 0.000000000000000000e+00
3.137651821862348367e-01 0.000000000000000000e+00 0.000000000000000000e+00 2.857142857142856984e-01 2.416502946954813269e-01 3.687804878048780433e-01 3.386138613861386371e-01 2.497670083876980529e-01 3.377686796315250706e-01 0.000000000000000000e+00
0.000000000000000000e+00 0.000000000000000000e+00 2.558375634517766617e-01 0.000000000000000000e+00 0.000000000000000000e+00 0.000000000000000000e+00 2.747035573122529883e-01 0.000000000000000000e+00 0.000000000000000000e+00 0.000000000000000000e+00
3.427495291902071806e-01 2.843601895734597096e-01 3.003128258602711376e-01 6.741116751269035090e-01 3.241706161137440922e-01 0.000000000000000000e+00 0.000000000000000000e+00 2.382445141065830663e-01 0.000000000000000000e+00 2.205323193916349789e-01
2.997987927565392563e-01 0.000000000000000000e+00 0.000000000000000000e+00 0.000000000000000000e+00 4.356243949661181003e-01 0.000000000000000000e+00 0.000000000000000000e+00 2.657613967022308676e-01 0.000000000000000000e+00 0.000000000000000000e+00
0.000000000000000000e+00 0.000000000000000000e+00 2.470355731225296336e-01 0.000000000000000000e+00 0.000000000000000000e+00 0.000000000000000000e+00 2.953156822810590887e-01 0.000000000000000000e+00 0.000000000000000000e+00 0.000000000000000000e+00
2.926829268292682751e-01 0.000000000000000000e+00 0.000000000000000000e+00 0.000000000000000000e+00 4.639830508474576121e-01 0.000000000000000000e+00 0.000000000000000000e+00 2.581300813008129968e-01 3.464419475655430847e-01 2.494929006085192802e-01
2.905138339920948498e-01 0.000000000000000000e+00 0.000000000000000000e+00 0.000000000000000000e+00 4.684159378036928945e-01 0.000000000000000000e+00 0.000000000000000000e+00 2.560296846011131944e-01 3.512690355329949332e-01 2.577610536218249981e-01
0.000000000000000000e+00 3.323500491642084609e-01 0.000000000000000000e+00 0.000000000000000000e+00 0.000000000000000000e+00 0.000000000000000000e+00 0.000000000000000000e+00 2.531894013738959504e-01 4.043179587831207122e-01 0.000000000000000000e+00
2.823758519961051539e-01 0.000000000000000000e+00 0.000000000000000000e+00 0.000000000000000000e+00 4.643216080402010060e-01 0.000000000000000000e+00 0.000000000000000000e+00 2.555331991951710346e-01 0.000000000000000000e+00 0.000000000000000000e+00
2.991803278688524581e-01 0.000000000000000000e+00 0.000000000000000000e+00 0.000000000000000000e+00 1.948310139165009836e-01 0.000000000000000000e+00 0.000000000000000000e+00 0.000000000000000000e+00 0.000000000000000000e+00 0.000000000000000000e+00
0.000000000000000000e+00 3.923923923923923751e-01 0.000000000000000000e+00 0.000000000000000000e+00 0.000000000000000000e+00 0.000000000000000000e+00 0.000000000000000000e+00 2.950819672131147486e-01 3.980295566502463078e-01 0.000000000000000000e+00
0.000000000000000000e+00 3.598409542743538636e-01 0.000000000000000000e+00 0.000000000000000000e+00 0.000000000000000000e+00 0.000000000000000000e+00 0.000000000000000000e+00 2.807692307692307709e-01 3.426294820717131207e-01 0.000000000000000000e+00
0.000000000000000000e+00 3.946557040082219747e-01 0.000000000000000000e+00 0.000000000000000000e+00 0.000000000000000000e+00 0.000000000000000000e+00 0.000000000000000000e+00 3.411764705882353033e-01 4.024896265560166109e-01 0.000000000000000000e+00
2.585858585858585856e-01 0.000000000000000000e+00 0.000000000000000000e+00 0.000000000000000000e+00 1.816347124117053402e-01 0.000000000000000000e+00 0.000000000000000000e+00 0.000000000000000000e+00 0.000000000000000000e+00 0.000000000000000000e+00
2.720306513409961879e-01 0.000000000000000000e+00 0.000000000000000000e+00 0.000000000000000000e+00 4.976167778836987354e-01 0.000000000000000000e+00 0.000000000000000000e+00 2.494802494802494941e-01 0.000000000000000000e+00 0.000000000000000000e+00
0.000000000000000000e+00 0.000000000000000000e+00 2.813455657492354711e-01 0.000000000000000000e+00 0.000000000000000000e+00 0.000000000000000000e+00 2.771317829457364268e-01 0.000000000000000000e+00 0.000000000000000000e+00 0.000000000000000000e+00
3.216080402010050299e-01 0.000000000000000000e+00 0.000000000000000000e+00 0.000000000000000000e+00 1.771144278606965050e-01 0.000000000000000000e+00 0.000000000000000000e+00 0.000000000000000000e+00 0.000000000000000000e+00 0.000000000000000000e+00
2.340000000000000135e-01 0.000000000000000000e+00 0.000000000000000000e+00 0.000000000000000000e+00 4.488935721812434276e-01 0.000000000000000000e+00 0.000000000000000000e+00 2.518363064008394270e-01 0.000000000000000000e+00 0.000000000000000000e+00
2.140077821011673043e-01 0.000000000000000000e+00 0.000000000000000000e+00 0.000000000000000000e+00 4.921875000000000000e-01 0.000000000000000000e+00 0.000000000000000000e+00 2.544731610337971905e-01 0.000000000000000000e+00 0.000000000000000000e+00
0.000000000000000000e+00 0.000000000000000000e+00 2.862823061630218602e-01 0.000000000000000000e+00 0.000000000000000000e+00 0.000000000000000000e+00 2.598187311178247749e-01 0.000000000000000000e+00 0.000000000000000000e+00 0.000000000000000000e+00
2.560620756547041799e-01 0.000000000000000000e+00 0.000000000000000000e+00 0.000000000000000000e+00 4.711538461538461453e-01 0.000000000000000000e+00 0.000000000000000000e+00 2.554517133956386021e-01 0.000000000000000000e+00 0.000000000000000000e+00
0.000000000000000000e+00 3.945312500000000000e-01 0.000000000000000000e+00 0.000000000000000000e+00 0.000000000000000000e+00 0.000000000000000000e+00 0.000000000000000000e+00 2.761265580057526425e-01 3.671399594320486903e-01 0.000000000000000000e+00
0.000000000000000000e+00 0.000000000000000000e+00 2.534653465346534684e-01 0.000000000000000000e+00 0.000000000000000000e+00 0.000000000000000000e+00 2.982456140350877027e-01 0.000000000000000000e+00 0.000000000000000000e+00 0.000000000000000000e+00
0.000000000000000000e+00 3.920000000000000151e-01 0.000000000000000000e+00 0.000000000000000000e+00 0.000000000000000000e+00 0.000000000000000000e+00 0.000000000000000000e+00 3.017329255861365689e-01 3.600823045267489975e-01 0.000000000000000000e+00
0.000000000000000000e+00 4.049331963001027712e-01 0.000000000000000000e+00 0.000000000000000000e+00 0.000000000000000000e+00 0.000000000000000000e+00 0.000000000000000000e+00 2.768635043562439613e-01 3.823227132579650744e-01 0.000000000000000000e+00
2.650602409638554424e-01 0.000000000000000000e+00 0.000000000000000000e+00 0.000000000000000000e+00 4.730538922155688719e-01 0.000000000000000000e+00 0.000000000000000000e+00 2.291021671826625472e-01 3.612417685794920286e-01 2.507583417593528541e-01
2.539370078740157410e-01 0.000000000000000000e+00 0.000000000000000000e+00 0.000000000000000000e+00 4.483775811209439466e-01 0.000000000000000000e+00 0.000000000000000000e+00 2.805247225025226943e-01 0.000000000000000000e+00 0.000000000000000000e+00
1.917255297679112125e-01 0.000000000000000000e+00 0.000000000000000000e+00 0.000000000000000000e+00 1.848906560636182916e-01 0.000000000000000000e+00 0.000000000000000000e+00 0.000000000000000000e+00 0.000000000000000000e+00 0.000000000000000000e+00
0.000000000000000000e+00 0.000000000000000000e+00 2.895752895752895517e-01 0.000000000000000000e+00 0.000000000000000000e+00 0.000000000000000000e+00 2.531400966183575130e-01 0.000000000000000000e+00 0.000000000000000000e+00 0.000000000000000000e+00
0.000000000000000000e+00 3.957219251336898669e-01 0.000000000000000000e+00 0.000000000000000000e+00 0.000000000000000000e+00 0.000000000000000000e+00 0.000000000000000000e+00 3.056943056943056680e-01 3.083164300202839714e-01 0.000000000000000000e+00
