#chr	position	description	normal	sample0	sample1	sample2	sample3	sample4	sample5	sample6	sample7	sample8	sample9
1	1	1	0	0.0	0.0	0.0	0.0	0.0	0.0	0.0	0.0	0.0	0.0
2	1	1	0	0.103984450923	0.0	0.225026288118	0.0	0.140688259109	0.0	0.134254689042	0.0	0.164812942366	0.230166503428
3	1	1	0	0.521653543307	0.0	0.491304347826	0.374389051808	0.496926229508	0.489495798319	0.515577889447	0.521097046414	0.332694151486	0.503414634146
4	1	1	0	0.0	0.0	0.0	0.147233201581	0.218218218218	0.0	0.0	0.0	0.0	0.0
5	1	1	0	0.0	0.0	0.0	0.0	0.0	0.0	0.0	0.0	0.0	0.0
6	1	1	0	0.0	0.0	0.0	0.0	0.0	0.0	0.0	0.0	0.0	0.0
7	1	1	0	0.0	0.0	0.0	0.0	0.0	0.0	0.0	0.0	0.0	0.0
8	1	1	0	0.485380116959	0.0	0.486460348162	0.35798816568	0.523109243697	0.487704918033	0.495029821074	0.477064220183	0.320162107396	0.512320328542
9	1	1	0	0.0	0.0	0.0	0.135025380711	0.222442899702	0.0	0.0	0.0	0.0	0.0
10	1	1	0	0.51511991658	0.512320328542	0.534813319879	0.515311510032	0.518097207859	0.50572519084	0.479411764706	0.480506822612	0.492063492063	0.483572895277
11	1	1	0	0.0	0.275	0.0	0.121693121693	0.0	0.0	0.0	0.0	0.0	0.0
12	1	1	0	0.503138075314	0.502923976608	0.533533533534	0.513888888889	0.505303760849	0.514	0.499029126214	0.531185031185	0.512295081967	0.493890020367
13	1	1	0	0.0	0.0	0.0	0.0	0.0	0.0	0.0	0.0	0.0	0.0
14	1	1	0	0.0	0.0	0.0	0.0	0.0	0.0	0.0	0.0	0.0	0.0
15	1	1	0	0.479253112033	0.0	0.497148288973	0.346038114343	0.497556207234	0.49427480916	0.5	0.498975409836	0.317867719645	0.503118503119
16	1	1	0	0.11620795107	0.0	0.21484375	0.0	0.160349854227	0.0	0.125984251969	0.0	0.156153050672	0.224783861671
17	1	1	0	0.0	0.0	0.0	0.0	0.0	0.0	0.0	0.0	0.0	0.0
18	1	1	0	0.497017892644	0.0	0.508806262231	0.377754459601	0.498942917548	0.50840751731	0.497522299306	0.498039215686	0.314067611778	0.496907216495
19	1	1	0	0.473628691983	0.481075697211	0.487378640777	0.462068965517	0.524725274725	0.456611570248	0.476673427992	0.496199782845	0.519061583578	0.495859213251
20	1	1	0	0.0	0.0	0.0	0.0	0.0	0.0	0.0	0.0	0.0	0.0
21	1	1	0	0.0	0.3037109375	0.0	0.135108481262	0.0	0.0	0.0	0.0	0.0	0.0
22	1	1	0	0.0	0.0	0.0	0.151804670913	0.239508700102	0.0	0.0	0.0	0.0	0.0
23	1	1	0	0.511764705882	0.0	0.518633540373	0.374497991968	0.497959183673	0.503144654088	0.493383742911	0.498015873016	0.299898682877	0.522796352584
24	1	1	0	0.503125	0.0	0.518442622951	0.349386213409	0.531090723751	0.491428571429	0.492693110647	0.530592734226	0.333	0.494117647059
25	1	1	0	0.0	0.0	0.0	0.0	0.0	0.0	0.0	0.0	0.0	0.0
26	1	1	0	0.490343347639	0.0	0.512219959267	0.361370716511	0.478391959799	0.49109947644	0.478435305918	0.497963340122	0.340314136126	0.474196689387
27	1	1	0	0.212424849699	0.0	0.0	0.390396659708	0.332655137335	0.249494949495	0.0	0.299812030075	0.0	0.249514563107
28	1	1	0	0.531568228106	0.527924130664	0.499515033948	0.503	0.521084337349	0.498486377397	0.50824742268	0.560319042871	0.498141263941	0.535894843276
29	1	1	0	0.0	0.0	0.0	0.0	0.0	0.0	0.0	0.0	0.0	0.0
30	1	1	0	0.131034482759	0.0	0.201171875	0.0	0.156345177665	0.253521126761	0.285849056604	0.0	0.332650972364	0.227836034318
31	1	1	0	0.213552361396	0.0	0.0	0.380254154448	0.359390862944	0.247925311203	0.0	0.293279022403	0.0	0.281096963761
32	1	1	0	0.50790513834	0.0	0.5291113381	0.381094527363	0.498513379584	0.521516393443	0.510060362173	0.504587155963	0.308838133069	0.517102615694
33	1	1	0	0.0	0.0	0.0	0.0	0.0	0.0	0.0	0.0	0.0	0.0
34	1	1	0	0.220338983051	0.0	0.0	0.354508196721	0.370177267987	0.238095238095	0.0	0.298568507157	0.0	0.287211740042
35	1	1	0	0.481268011527	0.0	0.502574665294	0.37618147448	0.5	0.475951903808	0.515274949084	0.506666666667	0.335410176532	0.490310077519
36	1	1	0	0.116079923882	0.0	0.189743589744	0.0	0.12277019937	0.0	0.179057591623	0.0	0.158620689655	0.241758241758
37	1	1	0	0.0	0.0	0.0	0.0	0.0	0.0	0.0	0.0	0.0	0.0
38	1	1	0	0.0	0.281592039801	0.0	0.144927536232	0.0	0.0	0.0	0.0	0.0	0.0
39	1	1	0	0.0	0.0	0.0	0.274	0.19801980198	0.0	0.0	0.128254580521	0.0	0.295128939828
40	1	1	0	0.512742099898	0.0	0.515240904621	0.35516888434	0.48111332008	0.498625114574	0.510858324716	0.48985801217	0.327766179541	0.46963562753
41	1	1	0	0.108080808081	0.0	0.0	0.0688622754491	0.0	0.239263803681	0.0	0.0	0.0	0.0
42	1	1	0	0.513705583756	0.0	0.475073313783	0.332038834951	0.508016032064	0.505112474438	0.483706720978	0.498467824311	0.318869828456	0.498095238095
43	1	1	0	0.230925737538	0.0	0.0	0.363728470111	0.368314833502	0.245206861756	0.0	0.30701754386	0.0	0.270127118644
44	1	1	0	0.0	0.0	0.0	0.0	0.0	0.0	0.0	0.0	0.0	0.0
45	1	1	0	0.0	0.0	0.0	0.0	0.0	0.0	0.0	0.0	0.0	0.0
46	1	1	0	0.125860373648	0.0	0.205882352941	0.0	0.131790744467	0.0	0.147492625369	0.0	0.151696606786	0.231621349446
47	1	1	0	0.214355948869	0.0	0.0	0.344455348381	0.369863013699	0.255698711596	0.0	0.313503305005	0.0	0.271653543307
48	1	1	0	0.112936344969	0.0	0.0	0.0915492957746	0.0	0.238045738046	0.0	0.0	0.0	0.0
49	1	1	0	0.518518518519	0.0	0.494549058474	0.369433198381	0.473409801877	0.493041749503	0.519114688129	0.489919354839	0.352941176471	0.535960591133
50	1	1	0	0.215177713737	0.0	0.0	0.352822580645	0.371062992126	0.243852459016	0.0	0.30383480826	0.0	0.271580989331
51	1	1	0	0.507186858316	0.52772073922	0.527483124397	0.462143559489	0.48016276704	0.501006036217	0.515942028986	0.509547738693	0.503054989817	0.493150684932
52	1	1	0	0.477948717949	0.0	0.489151873767	0.35324407827	0.476663356504	0.49500998004	0.491353001017	0.498452012384	0.311377245509	0.513565891473
53	1	1	0	0.519193857965	0.501026694045	0.505154639175	0.495238095238	0.468063872255	0.498043052838	0.49801980198	0.50404040404	0.511363636364	0.533914728682
54	1	1	0	0.0	0.0	0.0	0.0	0.0	0.0	0.0	0.0	0.0	0.0
55	1	1	0	0.494505494505	0.0	0.484119345525	0.361616161616	0.489361702128	0.470588235294	0.537678207739	0.522157996146	0.318042813456	0.487781036168
56	1	1	0	0.0	0.0	0.0	0.292134831461	0.2265625	0.0	0.0	0.170020120724	0.0	0.248995983936
57	1	1	0	0.481800766284	0.493987975952	0.514314928425	0.460500963391	0.507430997877	0.510703363914	0.525172754195	0.510681586979	0.4892578125	0.494570582428
58	1	1	0	0.0	0.0	0.0	0.0	0.0	0.0	0.0	0.0	0.0	0.0
59	1	1	0	0.535889872173	0.491024287223	0.491853360489	0.517378351539	0.504217432052	0.507462686567	0.481781376518	0.483606557377	0.47384305835	0.476489028213
60	1	1	0	0.120921305182	0.0	0.205911330049	0.0	0.127555988315	0.0	0.145067698259	0.0	0.161554192229	0.22517207473
61	1	1	0	0.0	0.0	0.0	0.151515151515	0.2170781893	0.0	0.0	0.0	0.0	0.0
62	1	1	0	0.204356846473	0.0	0.0	0.337782340862	0.36157635468	0.213265306122	0.0	0.300099700897	0.0	0.286002014099
63	1	1	0	0.0	0.0	0.0	0.0	0.0	0.0	0.0	0.0	0.0	0.0
64	1	1	0	0.490296220633	0.481865284974	0.510101010101	0.462177121771	0.486540378863	0.501474926254	0.505882352941	0.476673427992	0.495468277946	0.488888888889
65	1	1	0	0.0	0.0	0.0	0.162932790224	0.227969348659	0.0	0.0	0.0	0.0	0.0
66	1	1	0	0.495852534562	0.51185770751	0.524722502523	0.502522704339	0.49387755102	0.502100840336	0.498058252427	0.525896414343	0.512124151309	0.517534537726
67	1	1	0	0.0	0.0	0.0	0.0	0.0	0.0	0.0	0.0	0.0	0.0
68	1	1	0	0.0	0.0	0.0	0.0	0.0	0.0	0.0	0.0	0.0	0.0
69	1	1	0	0.0	0.0	0.0	0.0	0.0	0.0	0.0	0.0	0.0	0.0
70	1	1	0	0.190521327014	0.0	0.0	0.366634335597	0.359879032258	0.233779608651	0.0	0.308308308308	0.0	0.268806419258
71	1	1	0	0.0	0.0	0.0	0.273917421954	0.229783037475	0.0	0.0	0.159183673469	0.0	0.263052208835
72	1	1	0	0.514946962392	0.501984126984	0.524319066148	0.500476644423	0.515655577299	0.514478764479	0.490740740741	0.492871690428	0.52366255144	0.502517623364
73	1	1	0	0.229613733906	0.0	0.0	0.351097178683	0.362903225806	0.262745098039	0.0	0.289094650206	0.0	0.261977573904
74	1	1	0	0.468146718147	0.509906152242	0.504115226337	0.500481231954	0.480789200415	0.511904761905	0.500972762646	0.498489425982	0.489795918367	0.493865030675
75	1	1	0	0.09918200409	0.0	0.223014256619	0.0	0.133068520357	0.270408163265	0.280499519693	0.0	0.314371257485	0.217481789802
76	1	1	0	0.213779128673	0.0	0.0	0.376052385407	0.372946859903	0.217948717949	0.0	0.296636085627	0.0	0.291113381001
77	1	1	0	0.0	0.0	0.0	0.280720338983	0.22621564482	0.0	0.0	0.182	0.0	0.277663934426
78	1	1	0	0.0	0.0	0.0	0.0	0.0	0.0	0.0	0.0	0.0	0.0
79	1	1	0	0.0	0.0	0.0	0.0	0.0	0.0	0.0	0.0	0.0	0.0
80	1	1	0	0.0	0.0	0.0	0.0	0.0	0.0	0.0	0.0	0.0	0.0
81	1	1	0	0.463725490196	0.0	0.5	0.377901578459	0.478053435115	0.505629477994	0.49619047619	0.521823472357	0.296257796258	0.509566968781
82	1	1	0	0.0	0.284905660377	0.0	0.135864135864	0.0	0.0	0.0	0.0	0.0	0.0
83	1	1	0	0.0	0.0	0.0	0.0	0.0	0.0	0.0	0.0	0.0	0.0
84	1	1	0	0.0	0.0	0.0	0.153010858835	0.21694214876	0.0	0.0	0.0	0.0	0.0
85	1	1	0	0.204660587639	0.0	0.0	0.372763419483	0.354018311292	0.251491053678	0.0	0.284536082474	0.0	0.257849666984
86	1	1	0	0.505780346821	0.0	0.514229636899	0.364603481625	0.503634475597	0.528046421663	0.481218274112	0.489648033126	0.313929313929	0.512104283054
87	1	1	0	0.0	0.0	0.0	0.0	0.0	0.0	0.0	0.0	0.0	0.0
88	1	1	0	0.0	0.0	0.0	0.0	0.0	0.0	0.0	0.0	0.0	0.0
89	1	1	0	0.474279835391	0.0	0.495274102079	0.356415478615	0.478346456693	0.522211253702	0.508350730689	0.505928853755	0.314257028112	0.521611001965
90	1	1	0	0.523061825319	0.0	0.516966067864	0.33862959285	0.505087881591	0.514871794872	0.522044088176	0.485119047619	0.301477832512	0.505664263646
91	1	1	0	0.230612244898	0.0	0.0	0.371754932503	0.365517241379	0.250507099391	0.0	0.267182962246	0.0	0.247011952191
92	1	1	0	0.0	0.0	0.0	0.0	0.0	0.0	0.0	0.0	0.0	0.0
93	1	1	0	0.521912350598	0.0	0.522727272727	0.356628982528	0.510460251046	0.49847715736	0.500507614213	0.506097560976	0.325558794947	0.513265306122
94	1	1	0	0.0979797979798	0.0	0.0	0.103621730382	0.0	0.247454175153	0.0	0.0	0.0	0.0
95	1	1	0	0.489593657086	0.0	0.493360572012	0.340447154472	0.520080321285	0.500963391137	0.499003984064	0.492063492063	0.283185840708	0.514229636899
96	1	1	0	0.0	0.0	0.0	0.0	0.0	0.0	0.0	0.0	0.0	0.0
97	1	1	0	0.523908523909	0.0	0.473786407767	0.3716433942	0.502868068834	0.51376146789	0.50243902439	0.504193849021	0.3388671875	0.474611398964
98	1	1	0	0.50146627566	0.490138067061	0.491136600626	0.487279843444	0.486734693878	0.498983739837	0.506353861193	0.481268011527	0.495609756098	0.513989637306
99	1	1	0	0.213505461768	0.0	0.0	0.341796875	0.393360160966	0.295478443743	0.0	0.290452261307	0.0	0.256120527307
100	1	1	0	0.503611971104	0.0	0.509490509491	0.397959183673	0.518480492813	0.519535374868	0.485858585859	0.466067864271	0.318367346939	0.482412060302
