#chr	position	description	normal	sample0	sample1	sample2	sample3	sample4
1	1	1	0	0.113381001021	0.170886075949	0.190677966102	0.288278775079	0.317097415507
2	1	1	0	0.097510373444	0.0	0.0	0.204259438529	0.0
3	1	1	0	0.125235404896	0.180512820513	0.194386694387	0.294234592445	0.293296089385
4	1	1	0	0.117463617464	0.176587301587	0.173658536585	0.300487804878	0.280193236715
5	1	1	0	0.121730382294	0.0	0.0	0.0	0.0
6	1	1	0	0.0954274353877	0.195024875622	0.179018286814	0.312565997888	0.292899408284
7	1	1	0	0.108190091001	0.1865234375	0.186878727634	0.310069790628	0.272262026612
8	1	1	0	0.118460019743	0.193997856377	0.20103626943	0.302685950413	0.303969022265
9	1	1	0	0.0	0.123629112662	0.0	0.0	0.0
10	1	1	0	0.0	0.164739884393	0.0	0.0	0.0
11	1	1	0	0.11332633788	0.187308085977	0.18253968254	0.266731328807	0.273958333333
12	1	1	0	0.10595358224	0.0	0.0	0.198009950249	0.0
13	1	1	0	0.112852664577	0.178500986193	0.194556451613	0.302521008403	0.283783783784
14	1	1	0	0.261044176707	0.188911704312	0.368472906404	0.310447761194	0.277723258096
15	1	1	0	0.107039537126	0.173281703775	0.191530317613	0.319915254237	0.283417085427
16	1	1	0	0.135426889107	0.179274611399	0.193449334698	0.29900990099	0.306718597858
17	1	1	0	0.121151936445	0.195866141732	0.206300813008	0.281746031746	0.296799224054
18	1	1	0	0.118611378978	0.175675675676	0.206091370558	0.29793814433	0.322478991597
19	1	1	0	0.120603015075	0.201201201201	0.165280665281	0.333669354839	0.295525494277
20	1	1	0	0.0	0.0	0.0	0.0	0.0
21	1	1	0	0.1204238921	0.164750957854	0.181544633902	0.305103148751	0.317775571003
22	1	1	0	0.122408687068	0.212215320911	0.176041666667	0.29702970297	0.280037842952
23	1	1	0	0.121951219512	0.0	0.126066350711	0.0	0.0
24	1	1	0	0.107948969578	0.0	0.0	0.0	0.0
25	1	1	0	0.122469635628	0.0	0.0	0.0	0.0
26	1	1	0	0.264621284756	0.187683284457	0.359026369168	0.30859375	0.293388429752
27	1	1	0	0.111226611227	0.194184839045	0.217708333333	0.30306122449	0.282901554404
28	1	1	0	0.0	0.138067061144	0.0	0.0	0.0
29	1	1	0	0.121504339441	0.176	0.211282051282	0.288324873096	0.292806484296
30	1	1	0	0.11342351717	0.175898931001	0.147410358566	0.0	0.198616600791
31	1	1	0	0.0	0.0	0.0	0.0	0.0
32	1	1	0	0.284872298625	0.189620758483	0.377049180328	0.298633017876	0.297769156159
33	1	1	0	0.0	0.0	0.0	0.0	0.0
34	1	1	0	0.124109867752	0.0	0.110009910803	0.0	0.0
35	1	1	0	0.0	0.152351738241	0.0	0.0	0.0
36	1	1	0	0.10157790927	0.0	0.14387755102	0.0	0.0
37	1	1	0	0.0	0.150398406375	0.0	0.0	0.0
38	1	1	0	0.286749482402	0.180473372781	0.357005758157	0.285714285714	0.266073194857
39	1	1	0	0.118661257606	0.193034825871	0.202180376611	0.303092783505	0.342077649528
40	1	1	0	0.121052631579	0.177869700103	0.185039370079	0.298792756539	0.286270691334
41	1	1	0	0.126582278481	0.200823892894	0.18138651472	0.325242718447	0.297245963913
42	1	1	0	0.10442144873	0.197507190796	0.196019900498	0.300098716683	0.281563126253
43	1	1	0	0.11820083682	0.188548864758	0.168662674651	0.315186246418	0.288404360753
44	1	1	0	0.129154795821	0.174242424242	0.211111111111	0.273170731707	0.30099009901
45	1	1	0	0.129032258065	0.0	0.0	0.213622291022	0.0
46	1	1	0	0.103703703704	0.0	0.0	0.20198019802	0.0
47	1	1	0	0.275479313824	0.195979899497	0.372116349047	0.289345063539	0.29003021148
48	1	1	0	0.110042735043	0.185185185185	0.192807192807	0.325697211155	0.281312127237
49	1	1	0	0.26272066459	0.160824742268	0.347155255545	0.266735324408	0.289959016393
50	1	1	0	0.129318854886	0.0	0.0	0.0	0.0
51	1	1	0	0.125502008032	0.19298245614	0.180099502488	0.281496062992	0.298262548263
52	1	1	0	0.125120307988	0.0	0.0	0.0	0.0
53	1	1	0	0.121393034826	0.0	0.0	0.0	0.0
54	1	1	0	0.108504398827	0.0	0.0	0.20867768595	0.0
55	1	1	0	0.115799803729	0.165863066538	0.186304128902	0.301301301301	0.284708249497
56	1	1	0	0.0	0.0	0.0	0.0	0.204218600192
57	1	1	0	0.267591674926	0.17471042471	0.36344314559	0.305954825462	0.285578747628
58	1	1	0	0.116615067079	0.179133858268	0.208456243854	0.299029126214	0.298155737705
59	1	1	0	0.119388729704	0.170731707317	0.213265306122	0.303534303534	0.301732925586
60	1	1	0	0.105160662123	0.203259827421	0.200394866732	0.311776061776	0.283464566929
61	1	1	0	0.128282828283	0.171736997056	0.124072110286	0.0	0.207163601162
62	1	1	0	0.0	0.154210028382	0.0	0.0	0.0
63	1	1	0	0.0	0.165680473373	0.0	0.0	0.0
64	1	1	0	0.11848825332	0.150670794634	0.184959349593	0.28992878942	0.324509803922
65	1	1	0	0.115230460922	0.172978505629	0.206282722513	0.28855721393	0.282178217822
66	1	1	0	0.126082771896	0.167539267016	0.187939698492	0.324947589099	0.310583580613
67	1	1	0	0.0	0.140575079872	0.0	0.0	0.0
68	1	1	0	0.0	0.0	0.0	0.0	0.0
69	1	1	0	0.0	0.0	0.0	0.0	0.201225740552
70	1	1	0	0.128846153846	0.0	0.0	0.0	0.0
71	1	1	0	0.0943396226415	0.15479876161	0.135396518375	0.0	0.191011235955
72	1	1	0	0.118626430801	0.173359451518	0.189054726368	0.297270955166	0.285132382892
73	1	1	0	0.0	0.0	0.0	0.0	0.219512195122
74	1	1	0	0.0	0.148393194707	0.0	0.0	0.0
75	1	1	0	0.120343839542	0.0	0.0	0.0	0.0
76	1	1	0	0.0	0.0	0.0	0.0	0.204121687929
77	1	1	0	0.0	0.1591796875	0.0	0.0	0.0
78	1	1	0	0.108190091001	0.191808191808	0.19028340081	0.289885297185	0.281603288798
79	1	1	0	0.0	0.0	0.0	0.0	0.0
80	1	1	0	0.102926337033	0.0	0.13222331048	0.0	0.0
81	1	1	0	0.126213592233	0.0	0.0	0.0	0.0
82	1	1	0	0.0	0.0	0.0	0.0	0.221875
83	1	1	0	0.0925196850394	0.0	0.135426889107	0.0	0.0
84	1	1	0	0.110889110889	0.0	0.0	0.2	0.0
85	1	1	0	0.102167182663	0.0	0.0	0.0	0.0
86	1	1	0	0.109958506224	0.0	0.13741223671	0.0	0.0
87	1	1	0	0.118	0.0	0.0	0.213097713098	0.0
88	1	1	0	0.283126787417	0.193301435407	0.365602471679	0.300200803213	0.284136546185
89	1	1	0	0.110792741165	0.181818181818	0.191889218595	0.290388548057	0.290966386555
90	1	1	0	0.11100292113	0.0	0.0	0.0	0.0
91	1	1	0	0.116213683224	0.0	0.143129770992	0.0	0.0
92	1	1	0	0.132397191575	0.192502532928	0.180592991914	0.292537313433	0.29175257732
93	1	1	0	0.104743083004	0.0	0.0	0.0	0.0
94	1	1	0	0.118380062305	0.198303287381	0.182182182182	0.328094302554	0.302670623145
95	1	1	0	0.0	0.118	0.0	0.0	0.0
96	1	1	0	0.111670020121	0.0	0.0	0.0	0.0
97	1	1	0	0.276530612245	0.169438669439	0.343656343656	0.295228628231	0.28134254689
98	1	1	0	0.116817724068	0.0	0.0	0.0	0.0
99	1	1	0	0.119883040936	0.0	0.150961538462	0.0	0.0
100	1	1	0	0.0	0.0	0.0	0.0	0.0
