Num_mutations: 100
Num_samples: 5
Error_rate: 0.080000

3.047619047619047894e-01 0.000000000000000000e+00 5.656565656565656353e-01 3.486238532110091937e-01 0.000000000000000000e+00
0.000000000000000000e+00 0.000000000000000000e+00 1.250000000000000000e-01 0.000000000000000000e+00 0.000000000000000000e+00
9.909909909909909720e-01 1.041666666666666741e+00 9.719626168224299034e-01 9.090909090909090606e-01 9.807692307692307265e-01
3.050847457627118842e-01 3.770491803278688270e-01 0.000000000000000000e+00 4.742268041237113207e-01 0.000000000000000000e+00
3.960396039603960583e-01 0.000000000000000000e+00 3.478260869565217295e-01 2.916666666666666852e-01 0.000000000000000000e+00
2.391304347826087029e-01 0.000000000000000000e+00 5.227272727272727071e-01 4.719101123595505487e-01 0.000000000000000000e+00
1.061728395061728447e+00 9.111111111111110938e-01 1.115789473684210442e+00 8.988764044943819975e-01 9.514563106796116720e-01
3.428571428571428603e-01 0.000000000000000000e+00 4.444444444444444198e-01 2.857142857142856984e-01 0.000000000000000000e+00
0.000000000000000000e+00 0.000000000000000000e+00 0.000000000000000000e+00 0.000000000000000000e+00 0.000000000000000000e+00
3.090909090909090828e-01 0.000000000000000000e+00 3.750000000000000000e-01 2.549019607843137081e-01 0.000000000000000000e+00
2.549019607843137081e-01 0.000000000000000000e+00 6.391752577319587125e-01 3.529411764705882582e-01 0.000000000000000000e+00
3.030303030303030387e-01 2.916666666666666852e-01 0.000000000000000000e+00 2.795698924731182533e-01 0.000000000000000000e+00
2.833333333333333259e-01 0.000000000000000000e+00 5.490196078431373028e-01 3.362831858407079877e-01 0.000000000000000000e+00
0.000000000000000000e+00 0.000000000000000000e+00 1.747572815533980639e-01 0.000000000000000000e+00 0.000000000000000000e+00
0.000000000000000000e+00 0.000000000000000000e+00 3.358778625954198516e-01 0.000000000000000000e+00 0.000000000000000000e+00
0.000000000000000000e+00 0.000000000000000000e+00 0.000000000000000000e+00 0.000000000000000000e+00 0.000000000000000000e+00
3.925233644859812965e-01 0.000000000000000000e+00 5.360824742268041065e-01 3.571428571428571508e-01 0.000000000000000000e+00
3.232323232323232598e-01 0.000000000000000000e+00 5.208333333333333703e-01 2.340425531914893664e-01 0.000000000000000000e+00
0.000000000000000000e+00 0.000000000000000000e+00 0.000000000000000000e+00 0.000000000000000000e+00 0.000000000000000000e+00
2.247191011235954994e-01 0.000000000000000000e+00 0.000000000000000000e+00 0.000000000000000000e+00 0.000000000000000000e+00
0.000000000000000000e+00 0.000000000000000000e+00 2.857142857142856984e-01 0.000000000000000000e+00 0.000000000000000000e+00
4.102564102564102422e-01 0.000000000000000000e+00 4.190476190476190577e-01 3.883495145631067902e-01 0.000000000000000000e+00
0.000000000000000000e+00 0.000000000000000000e+00 2.197802197802197766e-01 0.000000000000000000e+00 0.000000000000000000e+00
4.411764705882352811e-01 4.672897196261682207e-01 2.075471698113207641e-01 3.695652173913043237e-01 4.615384615384615641e-01
0.000000000000000000e+00 0.000000000000000000e+00 0.000000000000000000e+00 0.000000000000000000e+00 0.000000000000000000e+00
0.000000000000000000e+00 0.000000000000000000e+00 1.960784313725490169e-01 0.000000000000000000e+00 0.000000000000000000e+00
3.736263736263736313e-01 0.000000000000000000e+00 3.793103448275861878e-01 3.829787234042553168e-01 0.000000000000000000e+00
0.000000000000000000e+00 0.000000000000000000e+00 3.428571428571428603e-01 0.000000000000000000e+00 0.000000000000000000e+00
3.762376237623762387e-01 0.000000000000000000e+00 5.500000000000000444e-01 3.177570093457943723e-01 0.000000000000000000e+00
0.000000000000000000e+00 0.000000000000000000e+00 1.075268817204301092e-01 0.000000000000000000e+00 0.000000000000000000e+00
3.168316831683168355e-01 0.000000000000000000e+00 2.990654205607476412e-01 3.089430894308943243e-01 0.000000000000000000e+00
1.964285714285714246e-01 0.000000000000000000e+00 0.000000000000000000e+00 0.000000000000000000e+00 0.000000000000000000e+00
3.965517241379310498e-01 0.000000000000000000e+00 6.601941747572815933e-01 3.956043956043955867e-01 0.000000000000000000e+00
2.708333333333333148e-01 0.000000000000000000e+00 5.200000000000000178e-01 4.356435643564356419e-01 0.000000000000000000e+00
2.391304347826087029e-01 0.000000000000000000e+00 4.950495049504950451e-01 2.978723404255319007e-01 0.000000000000000000e+00
1.686746987951807109e-01 0.000000000000000000e+00 0.000000000000000000e+00 0.000000000000000000e+00 0.000000000000000000e+00
0.000000000000000000e+00 0.000000000000000000e+00 2.637362637362637430e-01 0.000000000000000000e+00 0.000000000000000000e+00
0.000000000000000000e+00 0.000000000000000000e+00 0.000000000000000000e+00 0.000000000000000000e+00 0.000000000000000000e+00
0.000000000000000000e+00 0.000000000000000000e+00 1.636363636363636354e-01 0.000000000000000000e+00 0.000000000000000000e+00
3.960396039603960583e-01 0.000000000000000000e+00 5.227272727272727071e-01 4.112149532710280275e-01 0.000000000000000000e+00
4.042553191489361430e-01 0.000000000000000000e+00 0.000000000000000000e+00 0.000000000000000000e+00 0.000000000000000000e+00
2.857142857142856984e-01 0.000000000000000000e+00 4.799999999999999822e-01 2.857142857142856984e-01 0.000000000000000000e+00
0.000000000000000000e+00 0.000000000000000000e+00 0.000000000000000000e+00 0.000000000000000000e+00 0.000000000000000000e+00
2.399999999999999911e-01 0.000000000000000000e+00 0.000000000000000000e+00 0.000000000000000000e+00 0.000000000000000000e+00
3.090909090909090828e-01 0.000000000000000000e+00 3.855421686746988152e-01 3.653846153846153633e-01 0.000000000000000000e+00
4.842105263157894801e-01 0.000000000000000000e+00 5.736434108527131981e-01 3.302752293577981835e-01 0.000000000000000000e+00
0.000000000000000000e+00 0.000000000000000000e+00 0.000000000000000000e+00 0.000000000000000000e+00 0.000000000000000000e+00
0.000000000000000000e+00 0.000000000000000000e+00 3.095238095238095344e-01 0.000000000000000000e+00 0.000000000000000000e+00
0.000000000000000000e+00 0.000000000000000000e+00 0.000000000000000000e+00 0.000000000000000000e+00 0.000000000000000000e+00
3.423423423423423428e-01 0.000000000000000000e+00 4.444444444444444198e-01 1.705426356589147263e-01 0.000000000000000000e+00
0.000000000000000000e+00 0.000000000000000000e+00 0.000000000000000000e+00 0.000000000000000000e+00 0.000000000000000000e+00
3.423423423423423428e-01 0.000000000000000000e+00 4.631578947368421018e-01 3.225806451612903136e-01 0.000000000000000000e+00
1.148936170212766061e+00 8.817204301075268758e-01 8.599999999999999867e-01 1.070707070707070718e+00 1.148936170212766061e+00
3.678160919540229834e-01 0.000000000000000000e+00 5.882352941176470784e-01 2.954545454545454697e-01 0.000000000000000000e+00
0.000000000000000000e+00 0.000000000000000000e+00 0.000000000000000000e+00 0.000000000000000000e+00 0.000000000000000000e+00
2.727272727272727071e-01 0.000000000000000000e+00 6.595744680851063357e-01 2.653061224489796088e-01 0.000000000000000000e+00
3.157894736842105088e-01 0.000000000000000000e+00 5.168539325842697041e-01 3.146067415730336991e-01 0.000000000000000000e+00
2.268041237113402053e-01 0.000000000000000000e+00 4.468085106382978511e-01 3.829787234042553168e-01 0.000000000000000000e+00
3.846153846153846367e-01 0.000000000000000000e+00 0.000000000000000000e+00 0.000000000000000000e+00 0.000000000000000000e+00
1.000000000000000000e+00 1.122807017543859587e+00 1.171717171717171713e+00 1.000000000000000000e+00 9.072164948453608213e-01
1.076923076923076872e+00 8.965517241379310498e-01 9.894736842105262831e-01 1.133333333333333304e+00 9.487179487179486781e-01
0.000000000000000000e+00 0.000000000000000000e+00 0.000000000000000000e+00 0.000000000000000000e+00 0.000000000000000000e+00
0.000000000000000000e+00 0.000000000000000000e+00 0.000000000000000000e+00 0.000000000000000000e+00 0.000000000000000000e+00
9.534883720930232842e-01 1.049504950495049549e+00 9.200000000000000400e-01 9.747899159663865332e-01 9.180327868852459217e-01
1.978021978021977934e-01 0.000000000000000000e+00 5.272727272727272263e-01 4.112149532710280275e-01 0.000000000000000000e+00
4.242424242424242542e-01 0.000000000000000000e+00 5.263157894736841813e-01 3.409090909090908839e-01 0.000000000000000000e+00
3.516483516483516758e-01 0.000000000000000000e+00 5.631067961165048263e-01 2.452830188679245293e-01 0.000000000000000000e+00
3.488372093023255904e-01 0.000000000000000000e+00 0.000000000000000000e+00 0.000000000000000000e+00 0.000000000000000000e+00
2.884615384615384359e-01 0.000000000000000000e+00 0.000000000000000000e+00 0.000000000000000000e+00 0.000000000000000000e+00
0.000000000000000000e+00 0.000000000000000000e+00 0.000000000000000000e+00 0.000000000000000000e+00 0.000000000000000000e+00
2.399999999999999911e-01 0.000000000000000000e+00 4.470588235294117863e-01 3.170731707317073211e-01 0.000000000000000000e+00
0.000000000000000000e+00 0.000000000000000000e+00 1.284403669724770714e-01 0.000000000000000000e+00 0.000000000000000000e+00
0.000000000000000000e+00 0.000000000000000000e+00 0.000000000000000000e+00 0.000000000000000000e+00 0.000000000000000000e+00
3.232323232323232598e-01 0.000000000000000000e+00 4.799999999999999822e-01 2.833333333333333259e-01 0.000000000000000000e+00
0.000000000000000000e+00 0.000000000000000000e+00 1.489361702127659504e-01 0.000000000000000000e+00 0.000000000000000000e+00
0.000000000000000000e+00 0.000000000000000000e+00 0.000000000000000000e+00 0.000000000000000000e+00 0.000000000000000000e+00
3.225806451612903136e-01 0.000000000000000000e+00 6.238532110091743466e-01 2.018348623853211121e-01 0.000000000000000000e+00
4.742268041237113207e-01 4.842105263157894801e-01 0.000000000000000000e+00 3.469387755102040782e-01 0.000000000000000000e+00
4.181818181818181546e-01 0.000000000000000000e+00 0.000000000000000000e+00 0.000000000000000000e+00 0.000000000000000000e+00
1.030303030303030276e+00 7.659574468085106336e-01 9.499999999999999556e-01 1.010989010989010950e+00 9.019607843137255054e-01
2.962962962962962798e-01 0.000000000000000000e+00 4.339622641509434109e-01 3.333333333333333148e-01 0.000000000000000000e+00
3.023255813953488191e-01 4.468085106382978511e-01 0.000000000000000000e+00 2.736842105263158076e-01 0.000000000000000000e+00
3.697478991596638842e-01 4.375000000000000000e-01 0.000000000000000000e+00 3.551401869158878344e-01 0.000000000000000000e+00
3.370786516853932491e-01 0.000000000000000000e+00 5.714285714285713969e-01 2.696629213483145993e-01 0.000000000000000000e+00
0.000000000000000000e+00 0.000000000000000000e+00 1.904761904761904656e-01 0.000000000000000000e+00 0.000000000000000000e+00
3.800000000000000044e-01 0.000000000000000000e+00 5.842696629213482984e-01 3.636363636363636465e-01 0.000000000000000000e+00
0.000000000000000000e+00 0.000000000000000000e+00 1.647058823529411742e-01 0.000000000000000000e+00 0.000000000000000000e+00
2.528735632183908288e-01 0.000000000000000000e+00 5.344827586206896131e-01 3.157894736842105088e-01 0.000000000000000000e+00
3.200000000000000067e-01 0.000000000000000000e+00 0.000000000000000000e+00 0.000000000000000000e+00 0.000000000000000000e+00
2.912621359223300788e-01 0.000000000000000000e+00 4.893617021276595591e-01 2.653061224489796088e-01 0.000000000000000000e+00
4.835164835164835195e-01 0.000000000000000000e+00 5.783132530120481674e-01 3.963963963963963999e-01 0.000000000000000000e+00
3.947368421052631637e-01 0.000000000000000000e+00 6.250000000000000000e-01 3.571428571428571508e-01 0.000000000000000000e+00
0.000000000000000000e+00 0.000000000000000000e+00 2.476190476190476275e-01 0.000000000000000000e+00 0.000000000000000000e+00
2.000000000000000111e-01 0.000000000000000000e+00 5.263157894736841813e-01 3.106796116504854099e-01 0.000000000000000000e+00
2.117647058823529382e-01 0.000000000000000000e+00 4.848484848484848619e-01 3.818181818181818343e-01 0.000000000000000000e+00
4.146341463414633943e-01 0.000000000000000000e+00 5.098039215686274161e-01 3.917525773195876249e-01 0.000000000000000000e+00
0.000000000000000000e+00 0.000000000000000000e+00 0.000000000000000000e+00 0.000000000000000000e+00 0.000000000000000000e+00
0.000000000000000000e+00 0.000000000000000000e+00 0.000000000000000000e+00 0.000000000000000000e+00 0.000000000000000000e+00
5.684210526315789380e-01 6.407766990291262621e-01 0.000000000000000000e+00 2.970297029702970160e-01 0.000000000000000000e+00
0.000000000000000000e+00 0.000000000000000000e+00 1.346153846153846090e-01 0.000000000000000000e+00 0.000000000000000000e+00
