Chromosome	Position	Change	Gene	sample0	sample1	sample2	sample3	sample4
1	0	C>G	1	0	0	8	27	0
1	1	C>G	1	0	0	9	24	0
1	2	C>A	1	61	47	40	14	47
1	3	G>T	1	68	0	21	0	27
1	4	A>T	1	52	0	25	0	38
1	5	G>A	1	41	53	56	34	46
1	6	A>T	1	0	0	7	41	0
1	7	T>A	1	57	57	32	19	46
1	8	C>A	1	0	27	0	0	14
1	9	T>A	1	46	50	30	15	57
1	10	C>A	1	46	0	22	0	35
1	11	A>T	1	51	0	22	0	36
1	12	A>T	1	0	25	0	0	23
1	13	C>T	1	0	0	8	33	0
1	14	T>G	1	0	22	0	0	19
1	15	A>G	1	0	0	7	30	0
1	16	T>A	1	16	0	6	0	0
1	17	C>A	1	22	0	7	0	0
1	18	C>G	1	0	0	11	22	0
1	19	A>G	1	53	0	22	0	30
1	20	A>G	1	51	0	29	0	28
1	21	A>T	1	35	0	23	0	38
1	22	G>C	1	0	21	0	0	16
1	23	C>G	1	0	22	0	0	21
1	24	A>C	1	30	0	26	0	27
1	25	A>T	1	0	0	7	27	0
1	26	C>T	1	0	0	9	28	0
1	27	T>C	1	39	0	20	0	28
1	28	C>A	1	36	0	28	0	18
1	29	C>T	1	64	0	20	0	21
1	30	T>G	1	40	0	24	0	35
1	31	A>G	1	51	0	26	0	48
1	32	A>C	1	40	0	21	0	20
1	33	A>T	1	0	19	0	0	24
1	34	A>T	1	0	19	0	0	20
1	35	G>A	1	50	48	48	17	65
1	36	T>C	1	0	0	13	33	0
1	37	T>A	1	46	42	38	27	36
1	38	T>A	1	0	29	0	0	16
1	39	A>T	1	42	0	23	0	33
1	40	T>C	1	45	44	34	24	49
1	41	A>C	1	0	0	6	25	0
1	42	A>G	1	51	41	29	34	39
1	43	C>T	1	55	0	27	0	39
1	44	C>G	1	0	0	11	32	0
1	45	A>C	1	61	0	19	0	29
1	46	T>C	1	44	45	59	44	54
1	47	G>A	1	0	23	0	0	13
1	48	T>C	1	0	22	0	0	22
1	49	C>A	1	36	0	35	0	13
1	50	G>A	1	45	0	23	0	35
1	51	C>A	1	13	0	0	0	0
1	52	T>G	1	0	0	8	31	0
1	53	C>T	1	46	53	43	22	53
1	54	A>G	1	29	0	9	0	0
1	55	T>C	1	23	0	6	0	0
1	56	G>C	1	44	47	43	24	40
1	57	A>T	1	25	0	12	0	0
1	58	T>A	1	22	0	5	0	0
1	59	T>A	1	0	0	9	39	0
1	60	G>C	1	55	0	26	0	33
1	61	G>C	1	0	27	0	0	11
1	62	T>G	1	49	53	64	35	50
1	63	G>T	1	0	22	0	0	18
1	64	G>T	1	32	0	10	0	0
1	65	T>A	1	0	30	0	0	24
1	66	G>C	1	0	21	0	0	19
1	67	G>A	1	0	0	22	29	0
1	68	C>T	1	37	0	22	0	18
1	69	C>T	1	0	0	11	18	0
1	70	G>C	1	0	0	6	29	0
1	71	A>T	1	46	0	24	0	30
1	72	G>C	1	45	39	47	45	47
1	73	G>C	1	53	0	18	0	30
1	74	T>G	1	48	54	39	36	53
1	75	G>T	1	67	0	26	0	32
1	76	A>G	1	0	22	0	0	20
1	77	C>T	1	0	0	15	27	0
1	78	G>T	1	0	0	8	25	0
1	79	G>T	1	0	24	0	0	13
1	80	C>A	1	51	0	21	0	36
1	81	T>A	1	0	0	11	31	0
1	82	T>G	1	0	30	0	0	17
1	83	G>T	1	0	0	9	33	0
1	84	T>G	1	0	0	18	29	0
1	85	G>A	1	51	0	25	0	25
1	86	A>G	1	0	36	0	0	15
1	87	T>C	1	52	0	28	0	33
1	88	T>G	1	39	0	23	0	16
1	89	C>A	1	47	67	54	19	50
1	90	T>C	1	0	28	0	0	20
1	91	C>A	1	0	0	0	0	0
1	92	A>C	1	0	0	0	0	0
1	93	G>T	1	0	0	5	29	0
1	94	G>C	1	0	25	0	0	17
1	95	C>G	1	0	0	9	41	0
1	96	C>G	1	0	27	0	0	20
1	97	G>T	1	0	0	5	27	0
1	98	G>C	1	40	39	47	34	44
1	99	G>A	1	0	0	9	40	0
