Chromosome	Position	Change	Gene	sample0	sample1	sample2	sample3	sample4	sample5	sample6	sample7	sample8	sample9
1	0	T>C	1	0	0	0	13	0	9	10	0	30	12
1	1	A>G	1	0	11	0	0	0	0	10	0	28	0
1	2	T>C	1	13	0	0	0	0	0	13	0	0	10
1	3	G>C	1	46	41	53	49	46	45	53	49	49	49
1	4	A>C	1	0	0	0	0	0	0	0	0	0	18
1	5	C>T	1	53	60	62	61	54	37	43	41	51	49
1	6	C>T	1	23	23	9	31	47	23	16	12	24	0
1	7	C>A	1	9	0	0	0	0	0	11	0	0	11
1	8	A>C	1	0	0	0	20	13	11	35	0	29	22
1	9	T>G	1	0	0	0	18	9	14	22	0	22	19
1	10	A>T	1	0	0	11	0	14	0	0	0	0	0
1	11	G>T	1	0	0	0	0	0	0	0	0	0	18
1	12	G>C	1	0	0	0	15	16	11	31	0	24	21
1	13	A>G	1	0	0	21	0	5	0	0	0	0	0
1	14	C>A	1	0	0	0	19	8	11	32	0	21	20
1	15	G>C	1	0	11	0	0	0	0	19	0	23	0
1	16	C>A	1	0	20	21	0	0	14	0	23	0	0
1	17	T>A	1	0	0	21	0	17	0	0	0	0	0
1	18	C>A	1	0	0	0	21	12	10	23	0	23	16
1	19	T>A	1	0	12	0	0	0	0	15	0	28	0
1	20	G>T	1	0	16	0	0	0	0	15	0	27	0
1	21	C>A	1	26	36	15	29	37	20	12	20	26	0
1	22	C>T	1	0	8	17	41	22	12	11	0	26	0
1	23	A>G	1	0	0	0	23	9	8	19	0	24	32
1	24	G>C	1	0	14	0	0	0	0	18	0	21	0
1	25	C>A	1	0	0	0	19	13	6	25	0	23	18
1	26	T>G	1	0	0	0	31	8	12	18	0	33	19
1	27	A>C	1	0	0	18	0	10	0	0	0	0	0
1	28	G>A	1	0	0	0	0	0	0	0	0	0	18
1	29	A>C	1	0	10	0	0	0	0	13	0	27	0
1	30	C>G	1	0	14	0	0	0	0	12	0	27	0
1	31	A>C	1	0	0	0	0	0	0	0	0	0	17
1	32	T>G	1	12	0	0	0	0	0	12	0	0	13
1	33	C>T	1	0	0	0	0	0	0	0	0	0	17
1	34	A>C	1	0	17	15	25	28	8	11	0	20	0
1	35	G>T	1	0	13	0	0	0	0	10	0	23	0
1	36	A>G	1	0	16	0	0	0	0	10	0	31	0
1	37	T>C	1	0	0	0	0	0	0	0	0	0	13
1	38	C>G	1	12	0	0	0	0	0	11	0	0	19
1	39	A>G	1	0	0	0	26	8	7	22	0	38	17
1	40	A>T	1	0	0	0	0	0	0	0	0	0	14
1	41	A>G	1	0	26	0	0	0	0	13	0	30	0
1	42	T>A	1	0	7	10	21	20	12	11	0	17	0
1	43	G>T	1	14	0	0	0	0	0	7	0	0	15
1	44	G>C	1	0	11	0	0	0	0	9	0	19	0
1	45	C>G	1	21	39	18	29	36	34	20	21	19	0
1	46	A>T	1	0	0	0	0	0	0	0	0	0	15
1	47	C>G	1	0	12	0	0	0	0	9	0	26	0
1	48	G>C	1	0	17	16	21	27	14	4	0	18	0
1	49	C>T	1	0	16	9	40	17	10	14	0	23	0
1	50	T>C	1	0	0	0	22	9	10	33	0	27	15
1	51	G>T	1	17	0	0	0	0	0	13	0	0	12
1	52	A>C	1	0	13	0	0	0	0	14	0	19	0
1	53	C>G	1	11	0	0	0	0	0	16	0	0	13
1	54	C>G	1	14	0	0	0	0	0	11	0	0	15
1	55	A>G	1	0	15	0	0	0	0	12	0	20	0
1	56	T>A	1	0	0	0	16	14	8	27	0	31	13
1	57	G>C	1	0	12	0	0	0	0	14	0	27	0
1	58	A>G	1	0	0	0	0	0	0	0	0	0	14
1	59	T>G	1	0	8	14	28	33	12	15	0	25	0
1	60	A>C	1	0	5	0	0	0	0	15	0	23	0
1	61	A>T	1	0	17	0	0	0	0	14	0	18	0
1	62	A>G	1	0	0	0	27	8	12	30	0	23	16
1	63	G>A	1	0	0	0	25	0	8	16	0	20	17
1	64	T>C	1	0	0	0	22	0	8	18	0	27	16
1	65	T>C	1	0	0	0	24	9	9	27	0	22	21
1	66	G>T	1	0	0	0	0	0	0	0	0	0	22
1	67	A>G	1	0	0	17	0	12	0	0	0	0	0
1	68	T>C	1	24	32	21	28	42	23	12	15	23	0
1	69	C>T	1	12	0	0	0	0	0	11	0	0	19
1	70	C>G	1	0	0	13	0	8	0	0	0	0	0
1	71	C>A	1	0	0	0	25	0	12	21	0	32	24
1	72	T>G	1	0	14	0	0	0	0	9	0	24	0
1	73	C>G	1	0	10	0	0	0	0	8	0	14	0
1	74	C>T	1	11	0	0	0	0	0	13	0	0	14
1	75	G>A	1	0	0	0	0	0	0	0	0	0	16
1	76	G>C	1	0	21	15	23	30	11	13	0	20	0
1	77	C>G	1	0	0	0	12	10	10	25	0	33	17
1	78	T>G	1	0	12	0	0	0	0	19	0	23	0
1	79	C>A	1	0	0	0	0	0	0	0	0	0	19
1	80	G>A	1	0	18	20	23	29	17	17	0	26	0
1	81	A>G	1	0	0	0	17	0	10	15	0	23	15
1	82	C>G	1	14	0	0	0	0	0	9	0	0	11
1	83	A>T	1	0	0	0	15	6	6	27	0	30	12
1	84	A>G	1	18	0	0	0	0	0	8	0	0	11
1	85	T>A	1	18	0	0	0	0	0	11	0	0	13
1	86	A>C	1	11	0	0	0	0	0	10	0	0	17
1	87	C>A	1	22	36	9	35	40	29	4	24	33	0
1	88	A>T	1	15	0	0	0	0	0	15	0	0	17
1	89	C>A	1	0	14	0	0	0	0	15	0	15	0
1	90	G>A	1	0	8	21	27	12	14	11	0	17	0
1	91	T>G	1	0	18	0	0	0	0	10	0	27	0
1	92	A>G	1	0	19	0	0	0	0	11	0	28	0
1	93	C>T	1	19	0	0	0	0	0	14	0	0	16
1	94	C>T	1	12	0	0	0	0	0	9	0	0	16
1	95	T>C	1	0	15	0	0	0	0	8	0	26	0
1	96	A>C	1	0	9	21	30	18	17	14	0	22	0
1	97	T>G	1	13	0	0	0	0	0	6	0	0	9
1	98	G>A	1	0	0	17	0	10	0	0	0	0	0
1	99	A>G	1	0	14	0	0	0	0	15	0	23	0
