#chr	position	description	normal	sample0	sample1	sample2	sample3	sample4	sample5	sample6	sample7	sample8	sample9	sample10	sample11	sample12	sample13	sample14
1	1	1	0	0.0	0.0	0.0515463917526	0.0941176470588	0.0	0.0	0.0	0.0	0.0	0.0	0.0	0.0	0.239583333333	0.0888888888889	0.0
2	1	1	0	0.321100917431	0.0	0.0	0.153846153846	0.0	0.32	0.186666666667	0.0	0.0	0.0	0.252525252525	0.271028037383	0.315315315315	0.127450980392	0.0
3	1	1	0	0.0	0.0	0.0	0.0	0.0	0.0	0.160377358491	0.0	0.0	0.0	0.1875	0.0	0.0	0.0	0.0
4	1	1	0	0.0	0.0	0.115044247788	0.0769230769231	0.0	0.0	0.0	0.0	0.0	0.0	0.0	0.0	0.260416666667	0.09	0.0
5	1	1	0	0.27619047619	0.0	0.0	0.204545454545	0.0	0.282608695652	0.264	0.0	0.0	0.0	0.309278350515	0.212121212121	0.226804123711	0.093023255814	0.0
6	1	1	0	0.0	0.0	0.122641509434	0.111111111111	0.0	0.0	0.0	0.0	0.0	0.0	0.0	0.0	0.3125	0.0804597701149	0.0
7	1	1	0	0.230769230769	0.18691588785	0.147368421053	0.147368421053	0.0	0.53125	0.481132075472	0.0	0.202380952381	0.0	0.447058823529	0.290322580645	0.238938053097	0.28431372549	0.0
8	1	1	0	0.0	0.0	0.146788990826	0.131578947368	0.0	0.0	0.0	0.0	0.0	0.0	0.0	0.0	0.172043010753	0.0560747663551	0.0
9	1	1	0	0.0	0.0	0.0833333333333	0.173076923077	0.0	0.0	0.0	0.0	0.0	0.0	0.0	0.0	0.150943396226	0.0666666666667	0.0
10	1	1	0	0.0	0.0	0.0	0.0	0.0	0.0	0.141732283465	0.0	0.0	0.0	0.263157894737	0.0	0.0	0.0	0.0
11	1	1	0	0.0	0.0	0.0	0.0	0.0	0.0	0.164948453608	0.0	0.0	0.0	0.205128205128	0.0	0.0	0.0	0.0
12	1	1	0	0.285714285714	0.165048543689	0.132075471698	0.206896551724	0.0	0.29347826087	0.340425531915	0.0	0.196078431373	0.0	0.236363636364	0.25	0.362637362637	0.252427184466	0.0
13	1	1	0	0.565656565657	0.339805825243	0.190476190476	0.178217821782	0.27731092437	0.535714285714	0.544642857143	0.0	0.19387755102	0.572916666667	0.446808510638	0.25	0.316831683168	0.218181818182	0.0
14	1	1	0	0.0	0.0	0.0	0.0	0.0	0.0	0.173469387755	0.0	0.0	0.0	0.163265306122	0.0	0.0	0.0	0.0
15	1	1	0	0.0	0.0	0.0614035087719	0.0697674418605	0.0	0.0	0.0	0.0	0.0	0.0	0.0	0.0	0.159574468085	0.134831460674	0.0
16	1	1	0	0.0	0.0	0.10101010101	0.101123595506	0.0	0.0	0.0	0.0	0.0	0.0	0.0	0.0	0.168	0.0927835051546	0.0
17	1	1	0	0.0	0.0	0.0	0.0	0.0	0.0	0.157894736842	0.0	0.0	0.0	0.311111111111	0.0	0.0	0.0	0.0
18	1	1	0	0.0	0.0	0.0754716981132	0.122448979592	0.0	0.0	0.0	0.0	0.0	0.0	0.0	0.0	0.178217821782	0.0210526315789	0.0
19	1	1	0	0.0	0.0	0.0	0.0	0.0	0.0	0.15	0.0	0.0	0.0	0.209090909091	0.0	0.0	0.0	0.0
20	1	1	0	0.0	0.0	0.0	0.0	0.0	0.0	0.156862745098	0.0	0.0	0.0	0.295454545455	0.0	0.0	0.0	0.0
21	1	1	0	0.277227722772	0.0	0.0	0.227722772277	0.0	0.384615384615	0.107843137255	0.0	0.0	0.0	0.326732673267	0.234693877551	0.271028037383	0.114942528736	0.0
22	1	1	0	0.31	0.0	0.0	0.291139240506	0.0	0.420454545455	0.129310344828	0.0	0.0	0.0	0.320754716981	0.263157894737	0.318681318681	0.126315789474	0.0
23	1	1	0	0.0	0.0	0.0	0.0	0.0	0.0	0.184466019417	0.0	0.0	0.0	0.252525252525	0.0	0.0	0.0	0.0
24	1	1	0	0.216216216216	0.182692307692	0.222222222222	0.212121212121	0.0	0.590476190476	0.522222222222	0.0	0.163265306122	0.0	0.596330275229	0.264957264957	0.292134831461	0.204918032787	0.0
25	1	1	0	0.556701030928	0.298850574713	0.265306122449	0.205882352941	0.21875	0.475247524752	0.483516483516	0.0	0.12	0.476635514019	0.50495049505	0.298850574713	0.349514563107	0.278350515464	0.0
26	1	1	0	0.0	0.0	0.0	0.0	0.0	0.0	0.0	0.203883495146	0.0733944954128	0.0	0.0	0.0	0.0	0.0	0.0
27	1	1	0	0.0	0.0	0.0	0.0	0.0	0.0	0.0824742268041	0.0	0.0	0.0	0.211009174312	0.0	0.0	0.0	0.0
28	1	1	0	0.0	0.20202020202	0.0	0.0	0.28125	0.0	0.0	0.0	0.172043010753	0.0	0.0	0.0	0.0	0.0	0.247619047619
29	1	1	0	0.0	0.0	0.153846153846	0.0	0.0	0.0	0.0	0.0	0.0	0.223529411765	0.0	0.0	0.0	0.0	0.0
30	1	1	0	0.0	0.0	0.0	0.0	0.0	0.0	0.14953271028	0.0	0.0	0.0	0.285714285714	0.0	0.0	0.0	0.0
31	1	1	0	0.0	0.0	0.0	0.0	0.0	0.0	0.162393162393	0.0	0.0	0.0	0.280701754386	0.0	0.0	0.0	0.0
32	1	1	0	0.0	0.0	0.12389380531	0.114035087719	0.0	0.0	0.0	0.0	0.0	0.0	0.0	0.0	0.194444444444	0.0845070422535	0.0
33	1	1	0	0.204081632653	0.0	0.0	0.131868131868	0.0	0.247524752475	0.224719101124	0.0	0.0	0.0	0.242105263158	0.264150943396	0.375	0.164948453608	0.0
34	1	1	0	0.0	0.0	0.142857142857	0.0900900900901	0.0	0.0	0.0	0.0	0.0	0.0	0.0	0.0	0.161904761905	0.0947368421053	0.0
35	1	1	0	0.0	0.0	0.0	0.0	0.0	0.0	0.109090909091	0.0	0.0	0.0	0.243902439024	0.0	0.0	0.0	0.0
36	1	1	0	0.241666666667	0.171717171717	0.222222222222	0.188679245283	0.0	0.326315789474	0.324074074074	0.0	0.177083333333	0.0	0.198275862069	0.242718446602	0.349593495935	0.175824175824	0.0
37	1	1	0	0.0	0.0	0.0	0.0	0.0	0.0	0.0	0.168674698795	0.117021276596	0.0	0.0	0.0	0.0	0.0	0.0
38	1	1	0	0.298850574713	0.105263157895	0.138888888889	0.160714285714	0.0	0.435643564356	0.509433962264	0.0	0.194174757282	0.0	0.478632478632	0.267326732673	0.290322580645	0.280898876404	0.0
39	1	1	0	0.0	0.0	0.0	0.0	0.0	0.0	0.176470588235	0.0	0.0	0.0	0.287037037037	0.0	0.0	0.0	0.0
40	1	1	0	0.0	0.0	0.126126126126	0.15	0.0	0.0	0.0	0.0	0.0	0.0	0.0	0.0	0.219047619048	0.0824742268041	0.0
41	1	1	0	0.340425531915	0.147727272727	0.15	0.173913043478	0.0	0.505494505495	0.448275862069	0.0	0.245454545455	0.0	0.479166666667	0.234234234234	0.317307692308	0.276595744681	0.0
42	1	1	0	0.0	0.0	0.123711340206	0.145631067961	0.0	0.0	0.0	0.0	0.0	0.0	0.0	0.0	0.125	0.0843373493976	0.0
43	1	1	0	0.277108433735	0.15652173913	0.19801980198	0.267857142857	0.0	0.257425742574	0.287128712871	0.0	0.205882352941	0.0	0.281818181818	0.255555555556	0.276422764228	0.275229357798	0.0
44	1	1	0	0.0	0.0	0.0761904761905	0.136363636364	0.0	0.0	0.0	0.0	0.0	0.0	0.0	0.0	0.159574468085	0.0833333333333	0.0
45	1	1	0	0.313131313131	0.179245283019	0.153846153846	0.182795698925	0.0	0.271844660194	0.326315789474	0.0	0.172413793103	0.0	0.25	0.229357798165	0.287128712871	0.252336448598	0.0
46	1	1	0	0.0	0.0	0.0560747663551	0.0795454545455	0.0	0.0	0.0	0.0	0.0	0.0	0.0	0.0	0.196428571429	0.0490196078431	0.0
47	1	1	0	0.0	0.0	0.139534883721	0.136363636364	0.0	0.0	0.0	0.0	0.0	0.0	0.0	0.0	0.165048543689	0.0775862068966	0.0
48	1	1	0	0.240384615385	0.25641025641	0.179245283019	0.18691588785	0.0	0.6	0.521276595745	0.0	0.221238938053	0.0	0.519607843137	0.27	0.208791208791	0.307692307692	0.0
49	1	1	0	0.0	0.0	0.103092783505	0.119565217391	0.0	0.0	0.0	0.0	0.0	0.0	0.0	0.0	0.145454545455	0.063829787234	0.0
50	1	1	0	0.0	0.221052631579	0.0	0.0	0.2	0.0	0.0	0.0	0.178217821782	0.0	0.0	0.0	0.0	0.0	0.349514563107
51	1	1	0	0.0	0.0	0.0612244897959	0.0	0.0	0.0	0.0	0.0	0.0	0.171717171717	0.0	0.0	0.0	0.0	0.0
52	1	1	0	0.0	0.0	0.15652173913	0.0	0.0	0.0	0.0	0.0	0.0	0.216494845361	0.0	0.0	0.0	0.0	0.0
53	1	1	0	0.0	0.0	0.0	0.0	0.0	0.0	0.139240506329	0.0	0.0	0.0	0.26	0.0	0.0	0.0	0.0
54	1	1	0	0.0	0.0	0.0	0.0	0.0	0.0	0.118421052632	0.0	0.0	0.0	0.268518518519	0.0	0.0	0.0	0.0
55	1	1	0	0.0	0.0	0.0	0.0	0.0	0.0	0.0	0.252427184466	0.155339805825	0.0	0.0	0.0	0.0	0.0	0.0
56	1	1	0	0.0	0.0	0.0	0.0	0.0	0.0	0.177570093458	0.0	0.0	0.0	0.236842105263	0.0	0.0	0.0	0.0
57	1	1	0	0.0	0.0	0.141304347826	0.105769230769	0.0	0.0	0.0	0.0	0.0	0.0	0.0	0.0	0.172043010753	0.116504854369	0.0
58	1	1	0	0.0	0.204081632653	0.0	0.0	0.222222222222	0.0	0.0	0.0	0.137254901961	0.0	0.0	0.0	0.0	0.0	0.277227722772
59	1	1	0	0.0	0.0	0.135593220339	0.119658119658	0.0	0.0	0.0	0.0	0.0	0.0	0.0	0.0	0.22	0.0980392156863	0.0
60	1	1	0	0.0	0.0	0.0804597701149	0.0978260869565	0.0	0.0	0.0	0.0	0.0	0.0	0.0	0.0	0.162162162162	0.0795454545455	0.0
61	1	1	0	0.0	0.0	0.0	0.0	0.0	0.0	0.0	0.241758241758	0.115789473684	0.0	0.0	0.0	0.0	0.0	0.0
62	1	1	0	0.306818181818	0.178571428571	0.150442477876	0.239583333333	0.0	0.453608247423	0.426966292135	0.0	0.239583333333	0.0	0.423076923077	0.357894736842	0.224719101124	0.4375	0.0
63	1	1	0	0.0	0.0	0.174757281553	0.3	0.0	0.0	0.0	0.366666666667	0.0	0.0	0.0	0.254901960784	0.261682242991	0.274509803922	0.261904761905
64	1	1	0	0.0	0.0	0.0	0.0	0.0	0.0	0.224137931034	0.0	0.0	0.0	0.304761904762	0.0	0.0	0.0	0.0
65	1	1	0	0.0	0.0	0.107142857143	0.0582524271845	0.0	0.0	0.0	0.0	0.0	0.0	0.0	0.0	0.19387755102	0.0471698113208	0.0
66	1	1	0	0.257731958763	0.154761904762	0.152542372881	0.152380952381	0.0	0.517543859649	0.574712643678	0.0	0.142857142857	0.0	0.434343434343	0.282828282828	0.24	0.321100917431	0.0
67	1	1	0	0.0	0.0	0.0	0.0	0.0	0.0	0.180327868852	0.0	0.0	0.0	0.326530612245	0.0	0.0	0.0	0.0
68	1	1	0	0.0	0.0	0.1	0.125	0.0	0.0	0.0	0.0	0.0	0.0	0.0	0.0	0.19	0.115044247788	0.0
69	1	1	0	0.231404958678	0.245283018868	0.153846153846	0.214876033058	0.0	0.5	0.545454545455	0.0	0.174757281553	0.0	0.410256410256	0.3125	0.308510638298	0.292134831461	0.0
70	1	1	0	0.0	0.0	0.132653061224	0.135135135135	0.0	0.0	0.0	0.0	0.0	0.0	0.0	0.0	0.188888888889	0.121495327103	0.0
71	1	1	0	0.0	0.0	0.0666666666667	0.14953271028	0.0	0.0	0.0	0.0	0.0	0.0	0.0	0.0	0.1875	0.140186915888	0.0
72	1	1	0	0.239130434783	0.132530120482	0.134615384615	0.145833333333	0.0	0.52	0.484536082474	0.0	0.204301075269	0.0	0.539215686275	0.266666666667	0.356435643564	0.259259259259	0.0
73	1	1	0	0.142857142857	0.0	0.0	0.195652173913	0.0	0.25	0.197802197802	0.0	0.0	0.0	0.238532110092	0.287128712871	0.279569892473	0.155963302752	0.0
74	1	1	0	0.0	0.0	0.136363636364	0.0769230769231	0.0	0.0	0.0	0.0	0.0	0.0	0.0	0.0	0.223404255319	0.0555555555556	0.0
75	1	1	0	0.0	0.0	0.0652173913043	0.0	0.0	0.0	0.0	0.0	0.0	0.230088495575	0.0	0.0	0.0	0.0	0.0
76	1	1	0	0.283185840708	0.165217391304	0.141509433962	0.102272727273	0.0	0.219047619048	0.405660377358	0.0	0.170212765957	0.0	0.242105263158	0.287128712871	0.274336283186	0.288659793814	0.0
77	1	1	0	0.0	0.0	0.152173913043	0.140186915888	0.0	0.0	0.0	0.0	0.0	0.0	0.0	0.0	0.183673469388	0.07	0.0
78	1	1	0	0.263157894737	0.196261682243	0.102040816327	0.162162162162	0.0	0.282608695652	0.31914893617	0.0	0.189189189189	0.0	0.287128712871	0.15	0.228571428571	0.238938053097	0.0
79	1	1	0	0.0	0.0	0.0792079207921	0.0782608695652	0.0	0.0	0.0	0.0	0.0	0.0	0.0	0.0	0.186274509804	0.0642201834862	0.0
80	1	1	0	0.25	0.196581196581	0.182926829268	0.1625	0.0	0.287037037037	0.406593406593	0.0	0.220930232558	0.0	0.211764705882	0.333333333333	0.337209302326	0.292452830189	0.0
81	1	1	0	0.0	0.0	0.146666666667	0.0	0.0	0.0	0.0	0.0	0.0	0.216494845361	0.0	0.0	0.0	0.0	0.0
82	1	1	0	0.0	0.0	0.0	0.0	0.0	0.0	0.115384615385	0.0	0.0	0.0	0.29702970297	0.0	0.0	0.0	0.0
83	1	1	0	0.489795918367	0.350515463918	0.333333333333	0.185567010309	0.237288135593	0.43956043956	0.51724137931	0.0	0.20618556701	0.418604651163	0.5	0.260869565217	0.380952380952	0.268817204301	0.0
84	1	1	0	0.267857142857	0.175	0.245098039216	0.224489795918	0.0	0.237113402062	0.236842105263	0.0	0.211111111111	0.0	0.260416666667	0.3	0.267326732673	0.27619047619	0.0
85	1	1	0	0.298245614035	0.0	0.0	0.21978021978	0.0	0.31914893617	0.2	0.0	0.0	0.0	0.247524752475	0.277777777778	0.254545454545	0.122448979592	0.0
86	1	1	0	0.198113207547	0.0	0.0	0.205882352941	0.0	0.277777777778	0.201923076923	0.0	0.0	0.0	0.228571428571	0.278350515464	0.295238095238	0.135922330097	0.0
87	1	1	0	0.263157894737	0.142857142857	0.113402061856	0.237623762376	0.0	0.32967032967	0.35	0.0	0.191919191919	0.0	0.296610169492	0.181818181818	0.324324324324	0.260416666667	0.0
88	1	1	0	0.0	0.0	0.0	0.0	0.0	0.0	0.0857142857143	0.0	0.0	0.0	0.21686746988	0.0	0.0	0.0	0.0
89	1	1	0	0.0	0.0	0.10101010101	0.203883495146	0.0	0.0	0.0	0.0	0.0	0.0	0.0	0.0	0.168674698795	0.118421052632	0.0
90	1	1	0	0.267326732673	0.0	0.0	0.255555555556	0.0	0.292452830189	0.19801980198	0.0	0.0	0.0	0.242424242424	0.277777777778	0.257731958763	0.18	0.0
91	1	1	0	0.293577981651	0.14953271028	0.10101010101	0.139130434783	0.0	0.326530612245	0.359223300971	0.0	0.173913043478	0.0	0.182795698925	0.204301075269	0.384615384615	0.236559139785	0.0
92	1	1	0	0.0	0.218487394958	0.0	0.0	0.236363636364	0.0	0.0	0.0	0.183673469388	0.0	0.0	0.0	0.0	0.0	0.292134831461
93	1	1	0	0.267326732673	0.183486238532	0.224489795918	0.145454545455	0.0	0.611111111111	0.415094339623	0.0	0.197674418605	0.0	0.448275862069	0.239669421488	0.261363636364	0.271844660194	0.0
94	1	1	0	0.0	0.0	0.08	0.151785714286	0.0	0.0	0.0	0.0	0.0	0.0	0.0	0.0	0.158415841584	0.123595505618	0.0
95	1	1	0	0.0	0.0	0.0	0.0	0.0	0.0	0.183908045977	0.0	0.0	0.0	0.211764705882	0.0	0.0	0.0	0.0
96	1	1	0	0.266666666667	0.0	0.0	0.123711340206	0.0	0.433628318584	0.228260869565	0.0	0.0	0.0	0.242718446602	0.235294117647	0.339449541284	0.163043478261	0.0
97	1	1	0	0.244680851064	0.174757281553	0.171428571429	0.164948453608	0.0	0.494382022472	0.477876106195	0.0	0.125	0.0	0.480769230769	0.3	0.260869565217	0.303921568627	0.0
98	1	1	0	0.275510204082	0.148936170213	0.158878504673	0.147058823529	0.0	0.297297297297	0.382716049383	0.0	0.183673469388	0.0	0.329787234043	0.230769230769	0.30612244898	0.232558139535	0.0
99	1	1	0	0.219512195122	0.104761904762	0.23595505618	0.230769230769	0.0	0.336363636364	0.337209302326	0.0	0.216494845361	0.0	0.262626262626	0.171717171717	0.425531914894	0.306451612903	0.0
100	1	1	0	0.274725274725	0.0	0.0	0.225490196078	0.0	0.256880733945	0.214953271028	0.0	0.0	0.0	0.268518518519	0.302325581395	0.247191011236	0.168421052632	0.0
