#chr	position	description	normal	sample0	sample1	sample2	sample3	sample4	sample5	sample6	sample7	sample8	sample9	sample10	sample11	sample12	sample13	sample14
1	1	1	0	0.0	0.0	0.0	0.117021276596	0.0	0.0	0.0	0.0	0.0	0.155339805825	0.0	0.0	0.0	0.0	0.0
2	1	1	0	0.155555555556	0.0	0.0970873786408	0.151162790698	0.225	0.135922330097	0.148514851485	0.20202020202	0.117647058824	0.0879120879121	0.240740740741	0.259615384615	0.0	0.176470588235	0.0
3	1	1	0	0.0	0.173076923077	0.321428571429	0.0	0.0	0.19387755102	0.362637362637	0.0	0.267857142857	0.18691588785	0.126315789474	0.0	0.131868131868	0.350515463918	0.126436781609
4	1	1	0	0.333333333333	0.272727272727	0.394495412844	0.117647058824	0.345132743363	0.3375	0.40243902439	0.0816326530612	0.325842696629	0.133333333333	0.346534653465	0.284210526316	0.288288288288	0.25	0.13
5	1	1	0	0.271739130435	0.5	0.410714285714	0.315315315315	0.271739130435	0.311475409836	0.3	0.364583333333	0.36170212766	0.377551020408	0.349056603774	0.305555555556	0.443298969072	0.272727272727	0.53125
6	1	1	0	0.117647058824	0.0	0.106796116505	0.103773584906	0.2	0.134615384615	0.1	0.226086956522	0.121739130435	0.0674157303371	0.212121212121	0.223214285714	0.0	0.323232323232	0.0
7	1	1	0	0.0	0.0	0.133333333333	0.0	0.0	0.0	0.09	0.0	0.0	0.110091743119	0.147058823529	0.0	0.0	0.0	0.136752136752
8	1	1	0	0.21978021978	0.0	0.0967741935484	0.0594059405941	0.202127659574	0.171717171717	0.157303370787	0.234234234234	0.15625	0.11214953271	0.21	0.209090909091	0.0	0.235294117647	0.0
9	1	1	0	0.385416666667	0.487603305785	0.474137931034	0.264957264957	0.337078651685	0.272727272727	0.382978723404	0.263157894737	0.43137254902	0.276595744681	0.336633663366	0.303370786517	0.56043956044	0.212389380531	0.525252525253
10	1	1	0	0.231578947368	0.0	0.0537634408602	0.0934579439252	0.194174757282	0.127450980392	0.127659574468	0.2	0.181818181818	0.105882352941	0.194174757282	0.238636363636	0.0	0.253164556962	0.0
11	1	1	0	0.313253012048	0.517857142857	0.368932038835	0.329411764706	0.214285714286	0.329787234043	0.361344537815	0.317307692308	0.365384615385	0.255102040816	0.347368421053	0.253164556962	0.518867924528	0.278846153846	0.453608247423
12	1	1	0	0.0	0.15625	0.333333333333	0.0	0.0	0.243243243243	0.385321100917	0.0	0.313953488372	0.0813953488372	0.14406779661	0.0	0.127118644068	0.224719101124	0.118811881188
13	1	1	0	0.128712871287	0.0	0.0660377358491	0.0795454545455	0.130434782609	0.147058823529	0.0	0.0	0.0	0.0	0.0982142857143	0.117021276596	0.0961538461538	0.0	0.0
14	1	1	0	0.444444444444	0.436893203883	0.340425531915	0.235294117647	0.26213592233	0.441860465116	0.428571428571	0.238532110092	0.45	0.310344827586	0.22	0.204545454545	0.445652173913	0.276595744681	0.469565217391
15	1	1	0	0.191011235955	0.0	0.210526315789	0.120879120879	0.186046511628	0.0666666666667	0.155339805825	0.276595744681	0.127272727273	0.142857142857	0.169642857143	0.233644859813	0.0	0.247706422018	0.0
16	1	1	0	0.247311827957	0.0	0.111111111111	0.126213592233	0.247524752475	0.0842105263158	0.150442477876	0.208791208791	0.0582524271845	0.111111111111	0.22	0.227722772277	0.0	0.25	0.0
17	1	1	0	0.148936170213	0.0	0.0818181818182	0.0792079207921	0.125	0.104761904762	0.0	0.0	0.0	0.0	0.150537634409	0.0952380952381	0.159090909091	0.0	0.0
18	1	1	0	0.3	0.55	0.457446808511	0.243243243243	0.285714285714	0.376237623762	0.314606741573	0.33606557377	0.422413793103	0.292929292929	0.404255319149	0.26213592233	0.504587155963	0.320754716981	0.547368421053
19	1	1	0	0.0	0.0	0.113636363636	0.0	0.0	0.0	0.101123595506	0.0	0.0	0.111111111111	0.181102362205	0.0	0.0	0.0	0.111111111111
20	1	1	0	0.0	0.0	0.0	0.0	0.0	0.0	0.0	0.209302325581	0.0	0.147368421053	0.0	0.0	0.0	0.0	0.164948453608
21	1	1	0	0.181818181818	0.0	0.03	0.155339805825	0.145631067961	0.129411764706	0.0	0.0	0.0	0.0	0.0609756097561	0.134615384615	0.0744680851064	0.0	0.0
22	1	1	0	0.0	0.266055045872	0.343434343434	0.0	0.0	0.204545454545	0.39175257732	0.0	0.26213592233	0.153846153846	0.137931034483	0.0	0.240384615385	0.252252252252	0.10989010989
23	1	1	0	0.0	0.0	0.0	0.144230769231	0.0	0.0	0.0	0.0	0.0	0.163043478261	0.0	0.0	0.0	0.0	0.0
24	1	1	0	0.155339805825	0.0	0.180952380952	0.155339805825	0.329411764706	0.112244897959	0.13829787234	0.171428571429	0.115384615385	0.103092783505	0.168224299065	0.154639175258	0.0	0.24	0.0
25	1	1	0	0.148514851485	0.0	0.0555555555556	0.104166666667	0.223214285714	0.158415841584	0.103092783505	0.253012048193	0.153846153846	0.12037037037	0.183908045977	0.254716981132	0.0	0.22619047619	0.0
26	1	1	0	0.183908045977	0.0	0.0918367346939	0.184466019417	0.203389830508	0.138888888889	0.126213592233	0.198113207547	0.180722891566	0.115702479339	0.155339805825	0.316326530612	0.0	0.218487394958	0.0
27	1	1	0	0.0	0.0	0.0	0.0760869565217	0.0	0.0	0.0	0.0	0.0	0.103773584906	0.0	0.0	0.0	0.0	0.0
28	1	1	0	0.138613861386	0.0	0.157407407407	0.144144144144	0.181818181818	0.123711340206	0.129032258065	0.180952380952	0.21686746988	0.0860215053763	0.168316831683	0.171717171717	0.0	0.225	0.0
29	1	1	0	0.0	0.24	0.264705882353	0.0	0.0	0.287128712871	0.342592592593	0.0	0.293103448276	0.158878504673	0.158536585366	0.0	0.222222222222	0.239316239316	0.192660550459
30	1	1	0	0.0	0.0	0.0	0.161616161616	0.196078431373	0.0	0.191780821918	0.237623762376	0.134020618557	0.121495327103	0.205882352941	0.287037037037	0.0	0.226804123711	0.0
31	1	1	0	0.118279569892	0.0	0.130952380952	0.132231404959	0.126315789474	0.11214953271	0.0	0.0	0.0	0.0	0.193548387097	0.0879120879121	0.115789473684	0.0	0.0
32	1	1	0	0.193181818182	0.0	0.102803738318	0.0940170940171	0.171171171171	0.153846153846	0.192307692308	0.126436781609	0.157303370787	0.0891089108911	0.232323232323	0.164948453608	0.0	0.170454545455	0.0
33	1	1	0	0.0	0.0	0.0	0.119658119658	0.0	0.0	0.0	0.0	0.0	0.155963302752	0.0	0.0	0.0	0.0	0.0
34	1	1	0	0.196078431373	0.0	0.114942528736	0.0796460176991	0.231481481481	0.12037037037	0.152941176471	0.280373831776	0.232876712329	0.12389380531	0.127659574468	0.27619047619	0.0	0.185185185185	0.0
35	1	1	0	0.0	0.238095238095	0.0	0.0	0.0	0.0	0.133333333333	0.0	0.160377358491	0.0	0.0	0.0	0.0	0.0	0.0
36	1	1	0	0.130434782609	0.0	0.117647058824	0.122641509434	0.214285714286	0.206896551724	0.182926829268	0.252173913043	0.0964912280702	0.105263157895	0.144736842105	0.222222222222	0.0	0.145833333333	0.0
37	1	1	0	0.4125	0.459183673469	0.385416666667	0.32967032967	0.315217391304	0.27358490566	0.444444444444	0.186440677966	0.307692307692	0.305084745763	0.376237623762	0.273504273504	0.546296296296	0.260869565217	0.457142857143
38	1	1	0	0.144230769231	0.0	0.0833333333333	0.0941176470588	0.0934579439252	0.111111111111	0.0	0.0	0.0	0.0	0.0618556701031	0.134020618557	0.166666666667	0.0	0.0
39	1	1	0	0.190476190476	0.0	0.0833333333333	0.118181818182	0.178571428571	0.102272727273	0.114285714286	0.210526315789	0.128440366972	0.106796116505	0.175824175824	0.223404255319	0.0	0.3	0.0
40	1	1	0	0.151162790698	0.0	0.138613861386	0.144329896907	0.142857142857	0.21	0.0	0.0	0.0	0.0	0.0568181818182	0.123595505618	0.108910891089	0.0	0.0
41	1	1	0	0.107843137255	0.0	0.14606741573	0.0851063829787	0.239583333333	0.188118811881	0.147368421053	0.302083333333	0.102040816327	0.0833333333333	0.155555555556	0.321428571429	0.0	0.25	0.0
42	1	1	0	0.39603960396	0.55652173913	0.433333333333	0.217821782178	0.308333333333	0.445652173913	0.285714285714	0.268041237113	0.257731958763	0.284403669725	0.284090909091	0.12380952381	0.467289719626	0.303797468354	0.44262295082
43	1	1	0	0.0	0.0	0.0	0.0786516853933	0.0	0.0	0.0	0.0	0.0	0.0537634408602	0.0	0.0	0.0	0.0	0.0
44	1	1	0	0.168316831683	0.0	0.117647058824	0.112244897959	0.0947368421053	0.0941176470588	0.0	0.0	0.0	0.0	0.0927835051546	0.153846153846	0.114285714286	0.0	0.0
45	1	1	0	0.287234042553	0.47191011236	0.4	0.275	0.211009174312	0.381443298969	0.351351351351	0.228571428571	0.296296296296	0.333333333333	0.303797468354	0.318181818182	0.538461538462	0.209090909091	0.505747126437
46	1	1	0	0.121212121212	0.0	0.144230769231	0.0980392156863	0.147727272727	0.101851851852	0.0	0.0	0.0	0.0	0.135416666667	0.0989010989011	0.145833333333	0.0	0.0
47	1	1	0	0.172043010753	0.0	0.109090909091	0.126984126984	0.142857142857	0.0948275862069	0.0	0.0	0.0	0.0	0.159574468085	0.147058823529	0.0947368421053	0.0	0.0
48	1	1	0	0.2	0.0	0.0918367346939	0.118811881188	0.127272727273	0.145833333333	0.0	0.0	0.0	0.0	0.0990990990991	0.103448275862	0.108910891089	0.0	0.0
49	1	1	0	0.155737704918	0.0	0.115384615385	0.12	0.205357142857	0.192307692308	0.169811320755	0.247422680412	0.209302325581	0.112068965517	0.21359223301	0.295652173913	0.0	0.20202020202	0.0
50	1	1	0	0.115702479339	0.0	0.0777777777778	0.0631578947368	0.125	0.0754716981132	0.0	0.0	0.0	0.0	0.107843137255	0.130841121495	0.0970873786408	0.0	0.0
51	1	1	0	0.34328358209	0.31067961165	0.39175257732	0.0980392156863	0.271844660194	0.347107438017	0.356060606061	0.141509433962	0.424242424242	0.127450980392	0.339449541284	0.29347826087	0.329268292683	0.270833333333	0.126213592233
52	1	1	0	0.215909090909	0.0	0.129032258065	0.120879120879	0.232323232323	0.112244897959	0.164835164835	0.106796116505	0.130952380952	0.181818181818	0.142857142857	0.317073170732	0.0	0.27	0.0
53	1	1	0	0.180722891566	0.0	0.128712871287	0.141509433962	0.194690265487	0.144578313253	0.118181818182	0.157407407407	0.161904761905	0.103092783505	0.208791208791	0.119047619048	0.0	0.315789473684	0.0
54	1	1	0	0.0	0.0	0.0	0.116279069767	0.0	0.0	0.0	0.0	0.0	0.0510204081633	0.0	0.0	0.0	0.0	0.0
55	1	1	0	0.339622641509	0.2125	0.5	0.120481927711	0.372340425532	0.340206185567	0.352459016393	0.159090909091	0.376237623762	0.114583333333	0.403846153846	0.270833333333	0.308510638298	0.201834862385	0.142857142857
56	1	1	0	0.154639175258	0.0	0.125	0.106382978723	0.132075471698	0.141592920354	0.0	0.0	0.0	0.0	0.0980392156863	0.12	0.136842105263	0.0	0.0
57	1	1	0	0.135135135135	0.0	0.114035087719	0.0537634408602	0.233766233766	0.0568181818182	0.12380952381	0.237113402062	0.148936170213	0.105263157895	0.136752136752	0.292452830189	0.0	0.274725274725	0.0
58	1	1	0	0.134020618557	0.0	0.112359550562	0.0786516853933	0.126213592233	0.0947368421053	0.0	0.0	0.0	0.0	0.168067226891	0.13829787234	0.137254901961	0.0	0.0
59	1	1	0	0.202127659574	0.0	0.0769230769231	0.0967741935484	0.223140495868	0.102040816327	0.140495867769	0.298245614035	0.161904761905	0.148936170213	0.147368421053	0.247619047619	0.0	0.227722772277	0.0
60	1	1	0	0.0	0.0	0.0	0.131313131313	0.0	0.0	0.0	0.0	0.0	0.0645161290323	0.0	0.0	0.0	0.0	0.0
61	1	1	0	0.0	0.214285714286	0.362637362637	0.0	0.0	0.209523809524	0.282828282828	0.0	0.279279279279	0.130434782609	0.122448979592	0.0	0.261904761905	0.260416666667	0.130952380952
62	1	1	0	0.22619047619	0.0	0.146551724138	0.12	0.25641025641	0.142857142857	0.135416666667	0.247787610619	0.145833333333	0.168421052632	0.21568627451	0.223404255319	0.0	0.300970873786	0.0
63	1	1	0	0.108910891089	0.0	0.127450980392	0.157407407407	0.107843137255	0.142857142857	0.0	0.0	0.0	0.0	0.0989010989011	0.15625	0.1	0.0	0.0
64	1	1	0	0.0	0.252631578947	0.217821782178	0.0	0.0	0.258064516129	0.30701754386	0.0	0.271844660194	0.0978260869565	0.132231404959	0.0	0.252631578947	0.22	0.108910891089
65	1	1	0	0.168539325843	0.0	0.141414141414	0.125	0.25	0.141176470588	0.118279569892	0.2	0.153153153153	0.106194690265	0.117021276596	0.18085106383	0.0	0.25	0.0
66	1	1	0	0.208333333333	0.0	0.0515463917526	0.174418604651	0.183908045977	0.183908045977	0.106796116505	0.152173913043	0.164835164835	0.120481927711	0.2	0.202247191011	0.0	0.207207207207	0.0
67	1	1	0	0.177570093458	0.0	0.0909090909091	0.12962962963	0.0927835051546	0.148936170213	0.0	0.0	0.0	0.0	0.103448275862	0.0909090909091	0.0918367346939	0.0	0.0
68	1	1	0	0.192307692308	0.0	0.144329896907	0.0612244897959	0.172043010753	0.0990990990991	0.141414141414	0.214285714286	0.169811320755	0.14953271028	0.180952380952	0.196581196581	0.0	0.355769230769	0.0
69	1	1	0	0.0	0.237288135593	0.0	0.0	0.0	0.0	0.0987654320988	0.0	0.111111111111	0.0	0.0	0.0	0.0	0.0	0.0
70	1	1	0	0.178947368421	0.0	0.0545454545455	0.148936170213	0.272727272727	0.175438596491	0.0967741935484	0.208333333333	0.163461538462	0.161616161616	0.165137614679	0.254385964912	0.0	0.308411214953	0.0
71	1	1	0	0.17	0.0	0.0970873786408	0.123456790123	0.104166666667	0.160714285714	0.0	0.0	0.0	0.0	0.11214953271	0.093023255814	0.078431372549	0.0	0.0
72	1	1	0	0.164835164835	0.0	0.0693069306931	0.0882352941176	0.276595744681	0.121212121212	0.139130434783	0.30487804878	0.179487179487	0.128712871287	0.241379310345	0.311111111111	0.0	0.265306122449	0.0
73	1	1	0	0.116071428571	0.0	0.08	0.104761904762	0.191304347826	0.135922330097	0.155963302752	0.16091954023	0.1875	0.1	0.158878504673	0.261682242991	0.0	0.259259259259	0.0
74	1	1	0	0.122807017544	0.0	0.10989010989	0.096	0.0842105263158	0.13829787234	0.0	0.0	0.0	0.0	0.0825688073394	0.078431372549	0.0877192982456	0.0	0.0
75	1	1	0	0.0	0.23	0.271739130435	0.0	0.0	0.212765957447	0.409090909091	0.0	0.236842105263	0.17094017094	0.110236220472	0.0	0.196078431373	0.225225225225	0.136842105263
76	1	1	0	0.114285714286	0.0	0.08	0.113636363636	0.212121212121	0.148514851485	0.202127659574	0.138888888889	0.126315789474	0.119565217391	0.157407407407	0.186274509804	0.0	0.274336283186	0.0
77	1	1	0	0.0	0.0	0.0	0.10752688172	0.209523809524	0.0	0.11	0.229166666667	0.121212121212	0.151515151515	0.154545454545	0.22	0.0	0.19587628866	0.0
78	1	1	0	0.0	0.30612244898	0.34375	0.0	0.0	0.155555555556	0.318181818182	0.0	0.309734513274	0.12962962963	0.0520833333333	0.0	0.148148148148	0.247058823529	0.0744680851064
79	1	1	0	0.159574468085	0.0	0.0625	0.0917431192661	0.0990990990991	0.0593220338983	0.0	0.0	0.0	0.0	0.115044247788	0.125	0.132530120482	0.0	0.0
80	1	1	0	0.132743362832	0.0	0.119565217391	0.129032258065	0.127272727273	0.127272727273	0.0	0.0	0.0	0.0	0.0854700854701	0.11214953271	0.114285714286	0.0	0.0
81	1	1	0	0.0	0.0	0.0	0.0568181818182	0.0	0.0	0.0	0.0	0.0	0.164948453608	0.0	0.0	0.0	0.0	0.0
82	1	1	0	0.0	0.238095238095	0.292452830189	0.0	0.0	0.1875	0.236842105263	0.0	0.188118811881	0.125	0.170454545455	0.0	0.182608695652	0.269230769231	0.156862745098
83	1	1	0	0.182795698925	0.0	0.145631067961	0.0833333333333	0.263157894737	0.103092783505	0.126315789474	0.1875	0.135135135135	0.118811881188	0.155555555556	0.207547169811	0.0	0.245454545455	0.0
84	1	1	0	0.208333333333	0.0	0.145299145299	0.0660377358491	0.0679611650485	0.135922330097	0.0	0.0	0.0	0.0	0.113636363636	0.101123595506	0.122641509434	0.0	0.0
85	1	1	0	0.0	0.0	0.0	0.121739130435	0.0	0.0	0.0	0.0	0.0	0.0978260869565	0.0	0.0	0.0	0.0	0.0
86	1	1	0	0.194174757282	0.0	0.132530120482	0.0810810810811	0.136	0.14953271028	0.0	0.0	0.0	0.0	0.0602409638554	0.2	0.111111111111	0.0	0.0
87	1	1	0	0.104838709677	0.0	0.0891089108911	0.105263157895	0.25	0.118811881188	0.127906976744	0.190476190476	0.122448979592	0.08	0.12	0.209090909091	0.0	0.257142857143	0.0
88	1	1	0	0.208333333333	0.0	0.0980392156863	0.0964912280702	0.237623762376	0.204301075269	0.175824175824	0.229166666667	0.10101010101	0.126126126126	0.178571428571	0.25	0.0	0.229885057471	0.0
89	1	1	0	0.127450980392	0.0	0.0625	0.181818181818	0.21	0.0612244897959	0.126213592233	0.206611570248	0.105263157895	0.103773584906	0.140350877193	0.266666666667	0.0	0.229885057471	0.0
90	1	1	0	0.0869565217391	0.0	0.0673076923077	0.160377358491	0.121212121212	0.164835164835	0.0	0.0	0.0	0.0	0.153846153846	0.144736842105	0.0934579439252	0.0	0.0
91	1	1	0	0.221052631579	0.0	0.0754716981132	0.114583333333	0.0944881889764	0.211764705882	0.0	0.0	0.0	0.0	0.0480769230769	0.112359550562	0.0808080808081	0.0	0.0
92	1	1	0	0.0	0.198113207547	0.368421052632	0.0	0.0	0.279569892473	0.393617021277	0.0	0.257425742574	0.264150943396	0.14	0.0	0.136363636364	0.203703703704	0.12380952381
93	1	1	0	0.0	0.0	0.0	0.0990099009901	0.0	0.0	0.0	0.0	0.0	0.125	0.0	0.0	0.0	0.0	0.0
94	1	1	0	0.0	0.0	0.0	0.0344827586207	0.0	0.0	0.0	0.0	0.0	0.046511627907	0.0	0.0	0.0	0.0	0.0
95	1	1	0	0.116504854369	0.0	0.0652173913043	0.106382978723	0.2375	0.0943396226415	0.172839506173	0.282828282828	0.145833333333	0.1	0.175824175824	0.191919191919	0.0	0.261261261261	0.0
96	1	1	0	0.17	0.0	0.105263157895	0.0564516129032	0.255319148936	0.163636363636	0.214285714286	0.181818181818	0.197674418605	0.14606741573	0.186046511628	0.25641025641	0.0	0.268041237113	0.0
97	1	1	0	0.0	0.0	0.0	0.0	0.0	0.0	0.0	0.171717171717	0.0	0.15306122449	0.0	0.0	0.0	0.0	0.115044247788
98	1	1	0	0.118811881188	0.0	0.0882352941176	0.127659574468	0.176470588235	0.114583333333	0.0	0.0	0.0	0.0	0.0947368421053	0.099173553719	0.093023255814	0.0	0.0
99	1	1	0	0.147368421053	0.0	0.078431372549	0.0816326530612	0.107142857143	0.0824742268041	0.0	0.0	0.0	0.0	0.0769230769231	0.181818181818	0.119565217391	0.0	0.0
100	1	1	0	0.122641509434	0.0	0.109090909091	0.106382978723	0.220930232558	0.0989010989011	0.174757281553	0.191489361702	0.156862745098	0.0786516853933	0.104761904762	0.235849056604	0.0	0.255319148936	0.0
