Num_mutations: 100
Num_samples: 20
Error_rate: 0.080000

0.000000000000000000e+00 0.000000000000000000e+00 0.000000000000000000e+00 0.000000000000000000e+00 3.595505617977527990e-01 4.752475247524752255e-01 0.000000000000000000e+00 0.000000000000000000e+00 0.000000000000000000e+00 3.047619047619047894e-01 0.000000000000000000e+00 1.523809523809523947e-01 3.181818181818181768e-01 0.000000000000000000e+00 0.000000000000000000e+00 0.000000000000000000e+00 0.000000000000000000e+00 0.000000000000000000e+00 0.000000000000000000e+00 0.000000000000000000e+00
0.000000000000000000e+00 0.000000000000000000e+00 0.000000000000000000e+00 0.000000000000000000e+00 0.000000000000000000e+00 5.299145299145299193e-01 0.000000000000000000e+00 0.000000000000000000e+00 0.000000000000000000e+00 0.000000000000000000e+00 0.000000000000000000e+00 0.000000000000000000e+00 0.000000000000000000e+00 0.000000000000000000e+00 0.000000000000000000e+00 1.359223300970873738e-01 0.000000000000000000e+00 0.000000000000000000e+00 0.000000000000000000e+00 0.000000000000000000e+00
0.000000000000000000e+00 0.000000000000000000e+00 0.000000000000000000e+00 2.745098039215686514e-01 6.813186813186813406e-01 6.041666666666666297e-01 0.000000000000000000e+00 0.000000000000000000e+00 0.000000000000000000e+00 5.045045045045044585e-01 0.000000000000000000e+00 1.578947368421052544e-01 4.848484848484848619e-01 0.000000000000000000e+00 3.846153846153846367e-01 0.000000000000000000e+00 0.000000000000000000e+00 0.000000000000000000e+00 3.207547169811320598e-01 0.000000000000000000e+00
0.000000000000000000e+00 0.000000000000000000e+00 0.000000000000000000e+00 5.000000000000000000e-01 9.803921568627450567e-01 4.835164835164835195e-01 0.000000000000000000e+00 0.000000000000000000e+00 0.000000000000000000e+00 2.616822429906541791e-01 3.826086956521739246e-01 1.758241758241758379e-01 5.957446808510638014e-01 2.365591397849462485e-01 3.193277310924369505e-01 0.000000000000000000e+00 0.000000000000000000e+00 2.735042735042735318e-01 4.691358024691357764e-01 0.000000000000000000e+00
0.000000000000000000e+00 0.000000000000000000e+00 0.000000000000000000e+00 0.000000000000000000e+00 3.300970873786407966e-01 6.296296296296296502e-01 0.000000000000000000e+00 0.000000000000000000e+00 0.000000000000000000e+00 4.102564102564102422e-01 0.000000000000000000e+00 2.127659574468085124e-01 2.000000000000000111e-01 0.000000000000000000e+00 0.000000000000000000e+00 0.000000000000000000e+00 0.000000000000000000e+00 0.000000000000000000e+00 0.000000000000000000e+00 0.000000000000000000e+00
4.807692307692307820e-01 0.000000000000000000e+00 0.000000000000000000e+00 2.083333333333333426e-01 0.000000000000000000e+00 0.000000000000000000e+00 0.000000000000000000e+00 3.689320388349514590e-01 0.000000000000000000e+00 0.000000000000000000e+00 0.000000000000000000e+00 0.000000000000000000e+00 0.000000000000000000e+00 0.000000000000000000e+00 3.333333333333333148e-01 0.000000000000000000e+00 0.000000000000000000e+00 0.000000000000000000e+00 0.000000000000000000e+00 5.544554455445545038e-01
0.000000000000000000e+00 0.000000000000000000e+00 0.000000000000000000e+00 0.000000000000000000e+00 0.000000000000000000e+00 4.485981308411214896e-01 0.000000000000000000e+00 0.000000000000000000e+00 0.000000000000000000e+00 0.000000000000000000e+00 0.000000000000000000e+00 0.000000000000000000e+00 0.000000000000000000e+00 0.000000000000000000e+00 0.000000000000000000e+00 2.432432432432432567e-01 0.000000000000000000e+00 0.000000000000000000e+00 0.000000000000000000e+00 0.000000000000000000e+00
0.000000000000000000e+00 0.000000000000000000e+00 0.000000000000000000e+00 2.061855670103092675e-01 7.889908256880734383e-01 5.882352941176470784e-01 0.000000000000000000e+00 0.000000000000000000e+00 0.000000000000000000e+00 3.908045977011494476e-01 0.000000000000000000e+00 2.264150943396226467e-01 6.666666666666666297e-01 0.000000000000000000e+00 3.529411764705882582e-01 0.000000000000000000e+00 0.000000000000000000e+00 0.000000000000000000e+00 2.592592592592592449e-01 0.000000000000000000e+00
0.000000000000000000e+00 0.000000000000000000e+00 0.000000000000000000e+00 2.708333333333333148e-01 7.894736842105263275e-01 4.545454545454545303e-01 0.000000000000000000e+00 0.000000000000000000e+00 0.000000000000000000e+00 2.831858407079645978e-01 0.000000000000000000e+00 2.549019607843137081e-01 3.762376237623762387e-01 0.000000000000000000e+00 3.589743589743589758e-01 0.000000000000000000e+00 0.000000000000000000e+00 0.000000000000000000e+00 3.191489361702127825e-01 0.000000000000000000e+00
0.000000000000000000e+00 0.000000000000000000e+00 0.000000000000000000e+00 0.000000000000000000e+00 0.000000000000000000e+00 3.783783783783783994e-01 0.000000000000000000e+00 0.000000000000000000e+00 0.000000000000000000e+00 0.000000000000000000e+00 0.000000000000000000e+00 0.000000000000000000e+00 0.000000000000000000e+00 0.000000000000000000e+00 0.000000000000000000e+00 2.608695652173912971e-01 0.000000000000000000e+00 0.000000000000000000e+00 0.000000000000000000e+00 0.000000000000000000e+00
0.000000000000000000e+00 0.000000000000000000e+00 0.000000000000000000e+00 0.000000000000000000e+00 5.871559633027523262e-01 4.545454545454545303e-01 0.000000000000000000e+00 0.000000000000000000e+00 0.000000000000000000e+00 2.524271844660194164e-01 0.000000000000000000e+00 1.573033707865168496e-01 1.458333333333333426e-01 0.000000000000000000e+00 0.000000000000000000e+00 0.000000000000000000e+00 0.000000000000000000e+00 0.000000000000000000e+00 0.000000000000000000e+00 0.000000000000000000e+00
0.000000000000000000e+00 0.000000000000000000e+00 0.000000000000000000e+00 0.000000000000000000e+00 0.000000000000000000e+00 5.794392523364485514e-01 0.000000000000000000e+00 0.000000000000000000e+00 0.000000000000000000e+00 0.000000000000000000e+00 0.000000000000000000e+00 0.000000000000000000e+00 0.000000000000000000e+00 0.000000000000000000e+00 0.000000000000000000e+00 3.106796116504854099e-01 0.000000000000000000e+00 0.000000000000000000e+00 0.000000000000000000e+00 0.000000000000000000e+00
4.329896907216495006e-01 1.000000000000000000e+00 6.938775510204081565e-01 1.040000000000000036e+00 9.896907216494845727e-01 1.053763440860215006e+00 9.508196721311474864e-01 1.090909090909090828e+00 1.009009009009008917e+00 6.041666666666666297e-01 1.019607843137254832e+00 9.833333333333332815e-01 7.500000000000000000e-01 1.098039215686274606e+00 1.152173913043478271e+00 6.666666666666666297e-01 1.131313131313131271e+00 5.154639175257731409e-01 7.889908256880734383e-01 4.893617021276595591e-01
0.000000000000000000e+00 0.000000000000000000e+00 0.000000000000000000e+00 0.000000000000000000e+00 2.916666666666666852e-01 6.666666666666666297e-01 0.000000000000000000e+00 0.000000000000000000e+00 0.000000000000000000e+00 1.886792452830188815e-01 0.000000000000000000e+00 3.018867924528301772e-01 2.045454545454545581e-01 0.000000000000000000e+00 0.000000000000000000e+00 0.000000000000000000e+00 0.000000000000000000e+00 0.000000000000000000e+00 0.000000000000000000e+00 0.000000000000000000e+00
0.000000000000000000e+00 0.000000000000000000e+00 0.000000000000000000e+00 1.782178217821782096e-01 1.000000000000000000e+00 3.800000000000000044e-01 0.000000000000000000e+00 0.000000000000000000e+00 0.000000000000000000e+00 2.790697674418604612e-01 0.000000000000000000e+00 2.568807339449541427e-01 4.651162790697674354e-01 0.000000000000000000e+00 3.298969072164948391e-01 0.000000000000000000e+00 0.000000000000000000e+00 0.000000000000000000e+00 3.666666666666666408e-01 0.000000000000000000e+00
0.000000000000000000e+00 0.000000000000000000e+00 0.000000000000000000e+00 0.000000000000000000e+00 2.828282828282828176e-01 5.057471264367816577e-01 0.000000000000000000e+00 0.000000000000000000e+00 0.000000000000000000e+00 4.123711340206185350e-01 0.000000000000000000e+00 3.695652173913043237e-01 1.894736842105263219e-01 0.000000000000000000e+00 0.000000000000000000e+00 0.000000000000000000e+00 0.000000000000000000e+00 0.000000000000000000e+00 0.000000000000000000e+00 0.000000000000000000e+00
0.000000000000000000e+00 0.000000000000000000e+00 0.000000000000000000e+00 0.000000000000000000e+00 3.762376237623762387e-01 4.356435643564356419e-01 0.000000000000000000e+00 0.000000000000000000e+00 0.000000000000000000e+00 2.222222222222222099e-01 0.000000000000000000e+00 1.649484536082474195e-01 2.809917355371900904e-01 0.000000000000000000e+00 0.000000000000000000e+00 0.000000000000000000e+00 0.000000000000000000e+00 0.000000000000000000e+00 0.000000000000000000e+00 0.000000000000000000e+00
0.000000000000000000e+00 0.000000000000000000e+00 0.000000000000000000e+00 0.000000000000000000e+00 3.207547169811320598e-01 3.789473684210526438e-01 0.000000000000000000e+00 0.000000000000000000e+00 0.000000000000000000e+00 2.365591397849462485e-01 0.000000000000000000e+00 2.777777777777777901e-01 1.428571428571428492e-01 0.000000000000000000e+00 0.000000000000000000e+00 0.000000000000000000e+00 0.000000000000000000e+00 0.000000000000000000e+00 0.000000000000000000e+00 0.000000000000000000e+00
3.564356435643564192e-01 0.000000000000000000e+00 0.000000000000000000e+00 2.352941176470588203e-01 0.000000000000000000e+00 0.000000000000000000e+00 0.000000000000000000e+00 4.545454545454545303e-01 0.000000000000000000e+00 0.000000000000000000e+00 0.000000000000000000e+00 0.000000000000000000e+00 0.000000000000000000e+00 0.000000000000000000e+00 3.018867924528301772e-01 0.000000000000000000e+00 0.000000000000000000e+00 0.000000000000000000e+00 0.000000000000000000e+00 5.681818181818182323e-01
0.000000000000000000e+00 0.000000000000000000e+00 0.000000000000000000e+00 0.000000000000000000e+00 3.870967741935483764e-01 7.126436781609195581e-01 0.000000000000000000e+00 0.000000000000000000e+00 0.000000000000000000e+00 2.752293577981651529e-01 0.000000000000000000e+00 2.524271844660194164e-01 1.739130434782608647e-01 0.000000000000000000e+00 0.000000000000000000e+00 0.000000000000000000e+00 0.000000000000000000e+00 0.000000000000000000e+00 0.000000000000000000e+00 0.000000000000000000e+00
0.000000000000000000e+00 0.000000000000000000e+00 0.000000000000000000e+00 0.000000000000000000e+00 0.000000000000000000e+00 6.530612244897958663e-01 0.000000000000000000e+00 0.000000000000000000e+00 0.000000000000000000e+00 0.000000000000000000e+00 0.000000000000000000e+00 0.000000000000000000e+00 0.000000000000000000e+00 0.000000000000000000e+00 0.000000000000000000e+00 1.914893617021276584e-01 0.000000000000000000e+00 0.000000000000000000e+00 0.000000000000000000e+00 0.000000000000000000e+00
0.000000000000000000e+00 0.000000000000000000e+00 0.000000000000000000e+00 3.061224489795918435e-01 6.741573033707864981e-01 5.794392523364485514e-01 0.000000000000000000e+00 0.000000000000000000e+00 0.000000000000000000e+00 2.448979591836734637e-01 0.000000000000000000e+00 3.454545454545454586e-01 4.516129032258064391e-01 0.000000000000000000e+00 5.106382978723403854e-01 0.000000000000000000e+00 0.000000000000000000e+00 0.000000000000000000e+00 3.177570093457943723e-01 0.000000000000000000e+00
0.000000000000000000e+00 0.000000000000000000e+00 0.000000000000000000e+00 0.000000000000000000e+00 4.086021505376344343e-01 4.897959183673469274e-01 0.000000000000000000e+00 0.000000000000000000e+00 0.000000000000000000e+00 1.372549019607843257e-01 0.000000000000000000e+00 2.363636363636363591e-01 3.061224489795918435e-01 0.000000000000000000e+00 0.000000000000000000e+00 0.000000000000000000e+00 0.000000000000000000e+00 0.000000000000000000e+00 0.000000000000000000e+00 0.000000000000000000e+00
6.835443037974683334e-01 0.000000000000000000e+00 2.148760330578512456e-01 0.000000000000000000e+00 0.000000000000000000e+00 0.000000000000000000e+00 0.000000000000000000e+00 0.000000000000000000e+00 0.000000000000000000e+00 3.678160919540229834e-01 0.000000000000000000e+00 0.000000000000000000e+00 3.137254901960784270e-01 0.000000000000000000e+00 0.000000000000000000e+00 2.935779816513761631e-01 0.000000000000000000e+00 4.859813084112149517e-01 3.636363636363636465e-01 5.370370370370370905e-01
0.000000000000000000e+00 0.000000000000000000e+00 0.000000000000000000e+00 0.000000000000000000e+00 3.103448275862069061e-01 4.854368932038835016e-01 0.000000000000000000e+00 0.000000000000000000e+00 0.000000000000000000e+00 3.333333333333333148e-01 0.000000000000000000e+00 2.912621359223300788e-01 3.366336633663366551e-01 0.000000000000000000e+00 0.000000000000000000e+00 0.000000000000000000e+00 0.000000000000000000e+00 0.000000000000000000e+00 0.000000000000000000e+00 0.000000000000000000e+00
0.000000000000000000e+00 0.000000000000000000e+00 0.000000000000000000e+00 4.107142857142856984e-01 7.047619047619048116e-01 6.458333333333333703e-01 0.000000000000000000e+00 0.000000000000000000e+00 0.000000000000000000e+00 2.056074766355140138e-01 0.000000000000000000e+00 1.304347826086956486e-01 5.200000000000000178e-01 0.000000000000000000e+00 4.038461538461538547e-01 0.000000000000000000e+00 0.000000000000000000e+00 0.000000000000000000e+00 3.478260869565217295e-01 0.000000000000000000e+00
0.000000000000000000e+00 0.000000000000000000e+00 0.000000000000000000e+00 0.000000000000000000e+00 3.725490196078431460e-01 7.636363636363636687e-01 0.000000000000000000e+00 0.000000000000000000e+00 0.000000000000000000e+00 3.404255319148936088e-01 0.000000000000000000e+00 1.981981981981981999e-01 2.222222222222222099e-01 0.000000000000000000e+00 0.000000000000000000e+00 0.000000000000000000e+00 0.000000000000000000e+00 0.000000000000000000e+00 0.000000000000000000e+00 0.000000000000000000e+00
0.000000000000000000e+00 0.000000000000000000e+00 0.000000000000000000e+00 0.000000000000000000e+00 0.000000000000000000e+00 3.777777777777777679e-01 0.000000000000000000e+00 0.000000000000000000e+00 0.000000000000000000e+00 0.000000000000000000e+00 0.000000000000000000e+00 0.000000000000000000e+00 0.000000000000000000e+00 0.000000000000000000e+00 0.000000000000000000e+00 2.272727272727272652e-01 0.000000000000000000e+00 0.000000000000000000e+00 0.000000000000000000e+00 0.000000000000000000e+00
0.000000000000000000e+00 0.000000000000000000e+00 0.000000000000000000e+00 0.000000000000000000e+00 0.000000000000000000e+00 5.647058823529411686e-01 0.000000000000000000e+00 0.000000000000000000e+00 0.000000000000000000e+00 0.000000000000000000e+00 0.000000000000000000e+00 0.000000000000000000e+00 0.000000000000000000e+00 0.000000000000000000e+00 0.000000000000000000e+00 2.600000000000000089e-01 0.000000000000000000e+00 0.000000000000000000e+00 0.000000000000000000e+00 0.000000000000000000e+00
5.593220338983050377e-01 0.000000000000000000e+00 0.000000000000000000e+00 2.201834862385321223e-01 0.000000000000000000e+00 0.000000000000000000e+00 0.000000000000000000e+00 5.378151260504201447e-01 0.000000000000000000e+00 0.000000000000000000e+00 0.000000000000000000e+00 0.000000000000000000e+00 0.000000000000000000e+00 0.000000000000000000e+00 4.273504273504273310e-01 0.000000000000000000e+00 0.000000000000000000e+00 0.000000000000000000e+00 0.000000000000000000e+00 5.964912280701754055e-01
5.192307692307692735e-01 0.000000000000000000e+00 2.692307692307692180e-01 0.000000000000000000e+00 0.000000000000000000e+00 0.000000000000000000e+00 0.000000000000000000e+00 0.000000000000000000e+00 0.000000000000000000e+00 2.524271844660194164e-01 0.000000000000000000e+00 0.000000000000000000e+00 2.471910112359550493e-01 0.000000000000000000e+00 0.000000000000000000e+00 2.363636363636363591e-01 0.000000000000000000e+00 2.800000000000000266e-01 2.352941176470588203e-01 4.494382022471909988e-01
5.999999999999999778e-01 0.000000000000000000e+00 2.340425531914893664e-01 0.000000000000000000e+00 0.000000000000000000e+00 0.000000000000000000e+00 0.000000000000000000e+00 0.000000000000000000e+00 0.000000000000000000e+00 4.259259259259259300e-01 0.000000000000000000e+00 0.000000000000000000e+00 2.782608695652173947e-01 0.000000000000000000e+00 0.000000000000000000e+00 2.666666666666666630e-01 0.000000000000000000e+00 4.912280701754385692e-01 2.653061224489796088e-01 5.940594059405940319e-01
0.000000000000000000e+00 4.814814814814814548e-01 2.921348314606741492e-01 0.000000000000000000e+00 0.000000000000000000e+00 0.000000000000000000e+00 5.333333333333333259e-01 0.000000000000000000e+00 3.551401869158878344e-01 0.000000000000000000e+00 0.000000000000000000e+00 2.325581395348837177e-01 2.342342342342342287e-01 3.392857142857143016e-01 0.000000000000000000e+00 0.000000000000000000e+00 2.444444444444444364e-01 0.000000000000000000e+00 0.000000000000000000e+00 0.000000000000000000e+00
0.000000000000000000e+00 0.000000000000000000e+00 0.000000000000000000e+00 1.978021978021977934e-01 7.469879518072288782e-01 5.333333333333333259e-01 0.000000000000000000e+00 0.000000000000000000e+00 0.000000000000000000e+00 3.368421052631578871e-01 0.000000000000000000e+00 2.142857142857142738e-01 4.424778761061947119e-01 0.000000000000000000e+00 3.809523809523809312e-01 0.000000000000000000e+00 0.000000000000000000e+00 0.000000000000000000e+00 3.043478260869565410e-01 0.000000000000000000e+00
4.571428571428571286e-01 1.018181818181818077e+00 7.954545454545454142e-01 8.453608247422680355e-01 1.228915662650602370e+00 7.741935483870967527e-01 9.108910891089109230e-01 1.017857142857142794e+00 1.176470588235294157e+00 4.752475247524752255e-01 1.087719298245614086e+00 7.884615384615384359e-01 7.619047619047618625e-01 1.032258064516129004e+00 1.021276595744680771e+00 7.070707070707070718e-01 1.072164948453608213e+00 5.806451612903226200e-01 8.333333333333333703e-01 3.838383838383838120e-01
0.000000000000000000e+00 0.000000000000000000e+00 0.000000000000000000e+00 2.828282828282828176e-01 8.387096774193548709e-01 2.637362637362637430e-01 0.000000000000000000e+00 0.000000000000000000e+00 0.000000000000000000e+00 2.391304347826087029e-01 0.000000000000000000e+00 1.698113207547169712e-01 4.954128440366972752e-01 0.000000000000000000e+00 4.000000000000000222e-01 0.000000000000000000e+00 0.000000000000000000e+00 0.000000000000000000e+00 1.612903225806451568e-01 0.000000000000000000e+00
0.000000000000000000e+00 2.886597938144329634e-01 3.050847457627118842e-01 0.000000000000000000e+00 0.000000000000000000e+00 0.000000000000000000e+00 0.000000000000000000e+00 0.000000000000000000e+00 5.681818181818182323e-01 0.000000000000000000e+00 0.000000000000000000e+00 1.636363636363636354e-01 0.000000000000000000e+00 2.947368421052631304e-01 3.669724770642202039e-01 0.000000000000000000e+00 0.000000000000000000e+00 3.870967741935483764e-01 3.655913978494623739e-01 0.000000000000000000e+00
4.948453608247422864e-01 9.702970297029702706e-01 6.796116504854369245e-01 9.333333333333333481e-01 9.399999999999999467e-01 1.134020618556700999e+00 9.647058823529411908e-01 1.042553191489361764e+00 8.888888888888888395e-01 6.265060240963855609e-01 1.094736842105263230e+00 9.010989010989011172e-01 8.282828282828282873e-01 1.071428571428571397e+00 1.063492063492063489e+00 7.692307692307692735e-01 1.000000000000000000e+00 7.816091954022988952e-01 6.140350877192982670e-01 4.032258064516128782e-01
4.565217391304347561e-01 0.000000000000000000e+00 1.379310344827586188e-01 0.000000000000000000e+00 0.000000000000000000e+00 0.000000000000000000e+00 0.000000000000000000e+00 0.000000000000000000e+00 0.000000000000000000e+00 2.325581395348837177e-01 0.000000000000000000e+00 0.000000000000000000e+00 3.434343434343434254e-01 0.000000000000000000e+00 0.000000000000000000e+00 2.680412371134020533e-01 0.000000000000000000e+00 3.440860215053763715e-01 2.727272727272727071e-01 5.714285714285713969e-01
4.631578947368421018e-01 0.000000000000000000e+00 0.000000000000000000e+00 1.075268817204301092e-01 0.000000000000000000e+00 0.000000000000000000e+00 0.000000000000000000e+00 4.285714285714285476e-01 0.000000000000000000e+00 0.000000000000000000e+00 0.000000000000000000e+00 0.000000000000000000e+00 0.000000000000000000e+00 0.000000000000000000e+00 2.857142857142856984e-01 0.000000000000000000e+00 0.000000000000000000e+00 0.000000000000000000e+00 0.000000000000000000e+00 4.791666666666666852e-01
0.000000000000000000e+00 0.000000000000000000e+00 0.000000000000000000e+00 0.000000000000000000e+00 0.000000000000000000e+00 5.200000000000000178e-01 0.000000000000000000e+00 0.000000000000000000e+00 0.000000000000000000e+00 0.000000000000000000e+00 0.000000000000000000e+00 0.000000000000000000e+00 0.000000000000000000e+00 0.000000000000000000e+00 0.000000000000000000e+00 1.749999999999999889e-01 0.000000000000000000e+00 0.000000000000000000e+00 0.000000000000000000e+00 0.000000000000000000e+00
4.869565217391304546e-01 0.000000000000000000e+00 2.391304347826087029e-01 0.000000000000000000e+00 0.000000000000000000e+00 0.000000000000000000e+00 0.000000000000000000e+00 0.000000000000000000e+00 0.000000000000000000e+00 4.086021505376344343e-01 0.000000000000000000e+00 0.000000000000000000e+00 2.340425531914893664e-01 0.000000000000000000e+00 0.000000000000000000e+00 2.197802197802197766e-01 0.000000000000000000e+00 4.132231404958677801e-01 1.904761904761904656e-01 4.090909090909091161e-01
4.181818181818181546e-01 1.045871559633027470e+00 6.739130434782608647e-01 1.070422535211267512e+00 1.049180327868852514e+00 9.885057471264367956e-01 9.250000000000000444e-01 9.591836734693877098e-01 1.113207547169811296e+00 5.098039215686274161e-01 1.048543689320388328e+00 1.008547008547008517e+00 7.924528301886792914e-01 9.803921568627450567e-01 8.141592920353982743e-01 6.990291262135922556e-01 1.142857142857142794e+00 6.470588235294117974e-01 5.656565656565656353e-01 4.952380952380952550e-01
4.565217391304347561e-01 0.000000000000000000e+00 3.137254901960784270e-01 0.000000000000000000e+00 0.000000000000000000e+00 0.000000000000000000e+00 0.000000000000000000e+00 0.000000000000000000e+00 0.000000000000000000e+00 3.838383838383838120e-01 0.000000000000000000e+00 0.000000000000000000e+00 1.818181818181818232e-01 0.000000000000000000e+00 0.000000000000000000e+00 2.542372881355932090e-01 0.000000000000000000e+00 3.960396039603960583e-01 2.272727272727272652e-01 6.315789473684210176e-01
5.148514851485148647e-01 7.476635514018691309e-01 4.952380952380952550e-01 9.684210526315789602e-01 9.069767441860464574e-01 1.096774193548387011e+00 4.888888888888888729e-01 9.126213592233010097e-01 1.055555555555555580e+00 6.481481481481481399e-01 1.023809523809523725e+00 1.082352941176470518e+00 7.500000000000000000e-01 1.047619047619047672e+00 1.028571428571428470e+00 4.799999999999999822e-01 8.823529411764705621e-01 8.108108108108108558e-01 6.226415094339622369e-01 4.761904761904761640e-01
4.628099173553719137e-01 0.000000000000000000e+00 0.000000000000000000e+00 1.836734693877551117e-01 0.000000000000000000e+00 0.000000000000000000e+00 0.000000000000000000e+00 4.464285714285714524e-01 0.000000000000000000e+00 0.000000000000000000e+00 0.000000000000000000e+00 0.000000000000000000e+00 0.000000000000000000e+00 0.000000000000000000e+00 4.158415841584158223e-01 0.000000000000000000e+00 0.000000000000000000e+00 0.000000000000000000e+00 0.000000000000000000e+00 6.153846153846154188e-01
0.000000000000000000e+00 0.000000000000000000e+00 0.000000000000000000e+00 0.000000000000000000e+00 0.000000000000000000e+00 4.583333333333333148e-01 0.000000000000000000e+00 0.000000000000000000e+00 0.000000000000000000e+00 0.000000000000000000e+00 0.000000000000000000e+00 0.000000000000000000e+00 0.000000000000000000e+00 0.000000000000000000e+00 0.000000000000000000e+00 2.711864406779661008e-01 0.000000000000000000e+00 0.000000000000000000e+00 0.000000000000000000e+00 0.000000000000000000e+00
3.877551020408163129e-01 1.173076923076923128e+00 7.692307692307692735e-01 9.902912621359223344e-01 1.088888888888888795e+00 9.514563106796116720e-01 9.333333333333333481e-01 1.168316831683168244e+00 1.040816326530612290e+00 5.688073394495413160e-01 8.333333333333333703e-01 1.145833333333333259e+00 8.627450980392157298e-01 9.113924050632911111e-01 1.229357798165137572e+00 5.822784810126582222e-01 1.085106382978723305e+00 6.862745098039215730e-01 6.666666666666666297e-01 5.904761904761904878e-01
0.000000000000000000e+00 0.000000000000000000e+00 0.000000000000000000e+00 0.000000000000000000e+00 3.061224489795918435e-01 4.285714285714285476e-01 0.000000000000000000e+00 0.000000000000000000e+00 0.000000000000000000e+00 2.113821138211382233e-01 0.000000000000000000e+00 2.285714285714285643e-01 7.407407407407406996e-02 0.000000000000000000e+00 0.000000000000000000e+00 0.000000000000000000e+00 0.000000000000000000e+00 0.000000000000000000e+00 0.000000000000000000e+00 0.000000000000000000e+00
0.000000000000000000e+00 0.000000000000000000e+00 0.000000000000000000e+00 0.000000000000000000e+00 0.000000000000000000e+00 4.036697247706422242e-01 0.000000000000000000e+00 0.000000000000000000e+00 0.000000000000000000e+00 0.000000000000000000e+00 0.000000000000000000e+00 0.000000000000000000e+00 0.000000000000000000e+00 0.000000000000000000e+00 0.000000000000000000e+00 1.935483870967741882e-01 0.000000000000000000e+00 0.000000000000000000e+00 0.000000000000000000e+00 0.000000000000000000e+00
5.977011494252874035e-01 0.000000000000000000e+00 2.727272727272727071e-01 0.000000000000000000e+00 0.000000000000000000e+00 0.000000000000000000e+00 0.000000000000000000e+00 0.000000000000000000e+00 0.000000000000000000e+00 3.529411764705882582e-01 0.000000000000000000e+00 0.000000000000000000e+00 3.366336633663366551e-01 0.000000000000000000e+00 0.000000000000000000e+00 2.795698924731182533e-01 0.000000000000000000e+00 5.000000000000000000e-01 2.135922330097087263e-01 4.565217391304347561e-01
2.765957446808510745e-01 8.846153846153845812e-01 7.304347826086956541e-01 9.599999999999999645e-01 1.000000000000000000e+00 1.139999999999999902e+00 1.045045045045045029e+00 9.122807017543859143e-01 9.504950495049504511e-01 5.984251968503937480e-01 1.022222222222222143e+00 9.462365591397849940e-01 6.545454545454545414e-01 9.142857142857142572e-01 9.345794392523364413e-01 5.799999999999999600e-01 8.712871287128712838e-01 6.153846153846154188e-01 7.289719626168223998e-01 4.230769230769230727e-01
0.000000000000000000e+00 0.000000000000000000e+00 0.000000000000000000e+00 0.000000000000000000e+00 3.673469387755102233e-01 3.958333333333333148e-01 0.000000000000000000e+00 0.000000000000000000e+00 0.000000000000000000e+00 3.428571428571428603e-01 0.000000000000000000e+00 1.186440677966101725e-01 2.962962962962962798e-01 0.000000000000000000e+00 0.000000000000000000e+00 0.000000000000000000e+00 0.000000000000000000e+00 0.000000000000000000e+00 0.000000000000000000e+00 0.000000000000000000e+00
0.000000000000000000e+00 0.000000000000000000e+00 0.000000000000000000e+00 0.000000000000000000e+00 3.826086956521739246e-01 4.806201550387597110e-01 0.000000000000000000e+00 0.000000000000000000e+00 0.000000000000000000e+00 4.186046511627907196e-01 0.000000000000000000e+00 2.068965517241379282e-01 2.558139534883721034e-01 0.000000000000000000e+00 0.000000000000000000e+00 0.000000000000000000e+00 0.000000000000000000e+00 0.000000000000000000e+00 0.000000000000000000e+00 0.000000000000000000e+00
0.000000000000000000e+00 0.000000000000000000e+00 0.000000000000000000e+00 0.000000000000000000e+00 0.000000000000000000e+00 5.098039215686274161e-01 0.000000000000000000e+00 0.000000000000000000e+00 0.000000000000000000e+00 0.000000000000000000e+00 0.000000000000000000e+00 0.000000000000000000e+00 0.000000000000000000e+00 0.000000000000000000e+00 0.000000000000000000e+00 2.448979591836734637e-01 0.000000000000000000e+00 0.000000000000000000e+00 0.000000000000000000e+00 0.000000000000000000e+00
0.000000000000000000e+00 0.000000000000000000e+00 0.000000000000000000e+00 0.000000000000000000e+00 0.000000000000000000e+00 6.326530612244898322e-01 0.000000000000000000e+00 0.000000000000000000e+00 0.000000000000000000e+00 0.000000000000000000e+00 0.000000000000000000e+00 0.000000000000000000e+00 0.000000000000000000e+00 0.000000000000000000e+00 0.000000000000000000e+00 1.855670103092783574e-01 0.000000000000000000e+00 0.000000000000000000e+00 0.000000000000000000e+00 0.000000000000000000e+00
0.000000000000000000e+00 3.893805309734513220e-01 2.020202020202020166e-01 0.000000000000000000e+00 0.000000000000000000e+00 0.000000000000000000e+00 8.059701492537313383e-01 0.000000000000000000e+00 4.363636363636363424e-01 0.000000000000000000e+00 0.000000000000000000e+00 1.929824561403508665e-01 2.352941176470588203e-01 4.123711340206185350e-01 0.000000000000000000e+00 0.000000000000000000e+00 3.958333333333333148e-01 0.000000000000000000e+00 0.000000000000000000e+00 0.000000000000000000e+00
0.000000000000000000e+00 0.000000000000000000e+00 0.000000000000000000e+00 2.413793103448275967e-01 6.857142857142857206e-01 5.544554455445545038e-01 0.000000000000000000e+00 0.000000000000000000e+00 0.000000000000000000e+00 2.891566265060240837e-01 0.000000000000000000e+00 2.047244094488188948e-01 5.576923076923077094e-01 0.000000000000000000e+00 3.541666666666666852e-01 0.000000000000000000e+00 0.000000000000000000e+00 0.000000000000000000e+00 2.115384615384615363e-01 0.000000000000000000e+00
3.777777777777777679e-01 0.000000000000000000e+00 0.000000000000000000e+00 1.777777777777777846e-01 0.000000000000000000e+00 0.000000000000000000e+00 0.000000000000000000e+00 4.946236559139784994e-01 0.000000000000000000e+00 0.000000000000000000e+00 0.000000000000000000e+00 0.000000000000000000e+00 0.000000000000000000e+00 0.000000000000000000e+00 3.090909090909090828e-01 0.000000000000000000e+00 0.000000000000000000e+00 0.000000000000000000e+00 0.000000000000000000e+00 5.161290322580645018e-01
5.233644859813083583e-01 0.000000000000000000e+00 0.000000000000000000e+00 3.499999999999999778e-01 0.000000000000000000e+00 0.000000000000000000e+00 0.000000000000000000e+00 4.786324786324786529e-01 0.000000000000000000e+00 0.000000000000000000e+00 0.000000000000000000e+00 0.000000000000000000e+00 0.000000000000000000e+00 0.000000000000000000e+00 3.157894736842105088e-01 0.000000000000000000e+00 0.000000000000000000e+00 0.000000000000000000e+00 0.000000000000000000e+00 4.545454545454545303e-01
0.000000000000000000e+00 0.000000000000000000e+00 0.000000000000000000e+00 0.000000000000000000e+00 0.000000000000000000e+00 5.274725274725274859e-01 0.000000000000000000e+00 0.000000000000000000e+00 0.000000000000000000e+00 0.000000000000000000e+00 0.000000000000000000e+00 0.000000000000000000e+00 0.000000000000000000e+00 0.000000000000000000e+00 0.000000000000000000e+00 2.954545454545454697e-01 0.000000000000000000e+00 0.000000000000000000e+00 0.000000000000000000e+00 0.000000000000000000e+00
0.000000000000000000e+00 0.000000000000000000e+00 0.000000000000000000e+00 0.000000000000000000e+00 3.499999999999999778e-01 4.489795918367346927e-01 0.000000000000000000e+00 0.000000000000000000e+00 0.000000000000000000e+00 3.958333333333333148e-01 0.000000000000000000e+00 1.836734693877551117e-01 1.555555555555555580e-01 0.000000000000000000e+00 0.000000000000000000e+00 0.000000000000000000e+00 0.000000000000000000e+00 0.000000000000000000e+00 0.000000000000000000e+00 0.000000000000000000e+00
0.000000000000000000e+00 0.000000000000000000e+00 0.000000000000000000e+00 0.000000000000000000e+00 0.000000000000000000e+00 5.436893203883494952e-01 0.000000000000000000e+00 0.000000000000000000e+00 0.000000000000000000e+00 0.000000000000000000e+00 0.000000000000000000e+00 0.000000000000000000e+00 0.000000000000000000e+00 0.000000000000000000e+00 0.000000000000000000e+00 1.946902654867256610e-01 0.000000000000000000e+00 0.000000000000000000e+00 0.000000000000000000e+00 0.000000000000000000e+00
5.000000000000000000e-01 0.000000000000000000e+00 0.000000000000000000e+00 2.474226804123711432e-01 0.000000000000000000e+00 0.000000000000000000e+00 0.000000000000000000e+00 4.954128440366972752e-01 0.000000000000000000e+00 0.000000000000000000e+00 0.000000000000000000e+00 0.000000000000000000e+00 0.000000000000000000e+00 0.000000000000000000e+00 3.469387755102040782e-01 0.000000000000000000e+00 0.000000000000000000e+00 0.000000000000000000e+00 0.000000000000000000e+00 5.161290322580645018e-01
0.000000000000000000e+00 0.000000000000000000e+00 0.000000000000000000e+00 0.000000000000000000e+00 0.000000000000000000e+00 5.631067961165048263e-01 0.000000000000000000e+00 0.000000000000000000e+00 0.000000000000000000e+00 0.000000000000000000e+00 0.000000000000000000e+00 0.000000000000000000e+00 0.000000000000000000e+00 0.000000000000000000e+00 0.000000000000000000e+00 2.500000000000000000e-01 0.000000000000000000e+00 0.000000000000000000e+00 0.000000000000000000e+00 0.000000000000000000e+00
0.000000000000000000e+00 0.000000000000000000e+00 0.000000000000000000e+00 0.000000000000000000e+00 0.000000000000000000e+00 5.200000000000000178e-01 0.000000000000000000e+00 0.000000000000000000e+00 0.000000000000000000e+00 0.000000000000000000e+00 0.000000000000000000e+00 0.000000000000000000e+00 0.000000000000000000e+00 0.000000000000000000e+00 0.000000000000000000e+00 2.045454545454545581e-01 0.000000000000000000e+00 0.000000000000000000e+00 0.000000000000000000e+00 0.000000000000000000e+00
0.000000000000000000e+00 0.000000000000000000e+00 0.000000000000000000e+00 0.000000000000000000e+00 0.000000000000000000e+00 3.265306122448979331e-01 0.000000000000000000e+00 0.000000000000000000e+00 0.000000000000000000e+00 0.000000000000000000e+00 0.000000000000000000e+00 0.000000000000000000e+00 0.000000000000000000e+00 0.000000000000000000e+00 0.000000000000000000e+00 2.083333333333333426e-01 0.000000000000000000e+00 0.000000000000000000e+00 0.000000000000000000e+00 0.000000000000000000e+00
3.711340206185567148e-01 0.000000000000000000e+00 0.000000000000000000e+00 2.653061224489796088e-01 0.000000000000000000e+00 0.000000000000000000e+00 0.000000000000000000e+00 4.883720930232557933e-01 0.000000000000000000e+00 0.000000000000000000e+00 0.000000000000000000e+00 0.000000000000000000e+00 0.000000000000000000e+00 0.000000000000000000e+00 2.616822429906541791e-01 0.000000000000000000e+00 0.000000000000000000e+00 0.000000000000000000e+00 0.000000000000000000e+00 6.666666666666666297e-01
0.000000000000000000e+00 0.000000000000000000e+00 0.000000000000000000e+00 3.578947368421052655e-01 8.333333333333333703e-01 3.711340206185567148e-01 0.000000000000000000e+00 0.000000000000000000e+00 0.000000000000000000e+00 3.965517241379310498e-01 0.000000000000000000e+00 2.826086956521738913e-01 4.752475247524752255e-01 0.000000000000000000e+00 2.999999999999999889e-01 0.000000000000000000e+00 0.000000000000000000e+00 0.000000000000000000e+00 2.000000000000000111e-01 0.000000000000000000e+00
0.000000000000000000e+00 0.000000000000000000e+00 0.000000000000000000e+00 2.291666666666666574e-01 7.399999999999999911e-01 5.964912280701754055e-01 0.000000000000000000e+00 0.000000000000000000e+00 0.000000000000000000e+00 2.291666666666666574e-01 0.000000000000000000e+00 1.960784313725490169e-01 5.346534653465346842e-01 0.000000000000000000e+00 3.636363636363636465e-01 0.000000000000000000e+00 0.000000000000000000e+00 0.000000000000000000e+00 1.489361702127659504e-01 0.000000000000000000e+00
5.555555555555555802e-01 0.000000000000000000e+00 0.000000000000000000e+00 3.200000000000000067e-01 0.000000000000000000e+00 0.000000000000000000e+00 0.000000000000000000e+00 4.905660377358490587e-01 0.000000000000000000e+00 0.000000000000000000e+00 0.000000000000000000e+00 0.000000000000000000e+00 0.000000000000000000e+00 0.000000000000000000e+00 3.440860215053763715e-01 0.000000000000000000e+00 0.000000000000000000e+00 0.000000000000000000e+00 0.000000000000000000e+00 4.842105263157894801e-01
0.000000000000000000e+00 3.478260869565217295e-01 2.376237623762376128e-01 0.000000000000000000e+00 0.000000000000000000e+00 0.000000000000000000e+00 0.000000000000000000e+00 0.000000000000000000e+00 7.446808510638297518e-01 0.000000000000000000e+00 0.000000000000000000e+00 3.232323232323232598e-01 0.000000000000000000e+00 4.838709677419354982e-01 2.857142857142856984e-01 0.000000000000000000e+00 0.000000000000000000e+00 2.784810126582278333e-01 3.185840707964601726e-01 0.000000000000000000e+00
0.000000000000000000e+00 0.000000000000000000e+00 0.000000000000000000e+00 0.000000000000000000e+00 3.200000000000000067e-01 5.999999999999999778e-01 0.000000000000000000e+00 0.000000000000000000e+00 0.000000000000000000e+00 1.818181818181818232e-01 0.000000000000000000e+00 2.280701754385964786e-01 1.980198019801980291e-01 0.000000000000000000e+00 0.000000000000000000e+00 0.000000000000000000e+00 0.000000000000000000e+00 0.000000000000000000e+00 0.000000000000000000e+00 0.000000000000000000e+00
0.000000000000000000e+00 0.000000000000000000e+00 0.000000000000000000e+00 2.083333333333333426e-01 6.388888888888888395e-01 6.875000000000000000e-01 0.000000000000000000e+00 0.000000000000000000e+00 0.000000000000000000e+00 3.181818181818181768e-01 0.000000000000000000e+00 1.869158878504672827e-01 5.934065934065934078e-01 0.000000000000000000e+00 2.653061224489796088e-01 0.000000000000000000e+00 0.000000000000000000e+00 0.000000000000000000e+00 2.385321100917431325e-01 0.000000000000000000e+00
5.102040816326530726e-01 0.000000000000000000e+00 0.000000000000000000e+00 3.157894736842105088e-01 0.000000000000000000e+00 0.000000000000000000e+00 0.000000000000000000e+00 5.142857142857142350e-01 0.000000000000000000e+00 0.000000000000000000e+00 0.000000000000000000e+00 0.000000000000000000e+00 0.000000000000000000e+00 0.000000000000000000e+00 3.962264150943396457e-01 0.000000000000000000e+00 0.000000000000000000e+00 0.000000000000000000e+00 0.000000000000000000e+00 5.050505050505050830e-01
5.200000000000000178e-01 0.000000000000000000e+00 2.280701754385964786e-01 0.000000000000000000e+00 0.000000000000000000e+00 0.000000000000000000e+00 0.000000000000000000e+00 0.000000000000000000e+00 0.000000000000000000e+00 3.265306122448979331e-01 0.000000000000000000e+00 0.000000000000000000e+00 2.115384615384615363e-01 0.000000000000000000e+00 0.000000000000000000e+00 1.836734693877551117e-01 0.000000000000000000e+00 4.259259259259259300e-01 1.855670103092783574e-01 4.786324786324786529e-01
0.000000000000000000e+00 0.000000000000000000e+00 0.000000000000000000e+00 0.000000000000000000e+00 2.727272727272727071e-01 4.786324786324786529e-01 0.000000000000000000e+00 0.000000000000000000e+00 0.000000000000000000e+00 3.855421686746988152e-01 0.000000000000000000e+00 1.720430107526881858e-01 2.264150943396226467e-01 0.000000000000000000e+00 0.000000000000000000e+00 0.000000000000000000e+00 0.000000000000000000e+00 0.000000000000000000e+00 0.000000000000000000e+00 0.000000000000000000e+00
0.000000000000000000e+00 0.000000000000000000e+00 0.000000000000000000e+00 0.000000000000000000e+00 4.516129032258064391e-01 5.714285714285713969e-01 0.000000000000000000e+00 0.000000000000000000e+00 0.000000000000000000e+00 2.702702702702702853e-01 0.000000000000000000e+00 2.909090909090908950e-01 3.050847457627118842e-01 0.000000000000000000e+00 0.000000000000000000e+00 0.000000000000000000e+00 0.000000000000000000e+00 0.000000000000000000e+00 0.000000000000000000e+00 0.000000000000000000e+00
3.809523809523809312e-01 0.000000000000000000e+00 1.505376344086021556e-01 0.000000000000000000e+00 0.000000000000000000e+00 0.000000000000000000e+00 0.000000000000000000e+00 0.000000000000000000e+00 0.000000000000000000e+00 3.928571428571428492e-01 0.000000000000000000e+00 0.000000000000000000e+00 2.298850574712643646e-01 0.000000000000000000e+00 0.000000000000000000e+00 2.912621359223300788e-01 0.000000000000000000e+00 2.903225806451613100e-01 2.568807339449541427e-01 5.436893203883494952e-01
4.615384615384615641e-01 9.811320754716981174e-01 7.766990291262135804e-01 8.925619834710744049e-01 9.347826086956522174e-01 1.056603773584905648e+00 1.146341463414634054e+00 1.075471698113207530e+00 1.043478260869565188e+00 6.326530612244898322e-01 1.086956521739130377e+00 1.000000000000000000e+00 6.666666666666666297e-01 1.108695652173913082e+00 8.653846153846154188e-01 8.205128205128204844e-01 9.043478260869565188e-01 5.542168674698795261e-01 8.085106382978722861e-01 4.536082474226804107e-01
3.783783783783783994e-01 0.000000000000000000e+00 0.000000000000000000e+00 2.680412371134020533e-01 0.000000000000000000e+00 0.000000000000000000e+00 0.000000000000000000e+00 5.600000000000000533e-01 0.000000000000000000e+00 0.000000000000000000e+00 0.000000000000000000e+00 0.000000000000000000e+00 0.000000000000000000e+00 0.000000000000000000e+00 4.175824175824175977e-01 0.000000000000000000e+00 0.000000000000000000e+00 0.000000000000000000e+00 0.000000000000000000e+00 4.042553191489361430e-01
0.000000000000000000e+00 0.000000000000000000e+00 0.000000000000000000e+00 0.000000000000000000e+00 0.000000000000000000e+00 5.517241379310344751e-01 0.000000000000000000e+00 0.000000000000000000e+00 0.000000000000000000e+00 0.000000000000000000e+00 0.000000000000000000e+00 0.000000000000000000e+00 0.000000000000000000e+00 0.000000000000000000e+00 0.000000000000000000e+00 1.855670103092783574e-01 0.000000000000000000e+00 0.000000000000000000e+00 0.000000000000000000e+00 0.000000000000000000e+00
0.000000000000000000e+00 0.000000000000000000e+00 0.000000000000000000e+00 0.000000000000000000e+00 3.030303030303030387e-01 5.842696629213482984e-01 0.000000000000000000e+00 0.000000000000000000e+00 0.000000000000000000e+00 2.666666666666666630e-01 0.000000000000000000e+00 2.260869565217391297e-01 2.315789473684210509e-01 0.000000000000000000e+00 0.000000000000000000e+00 0.000000000000000000e+00 0.000000000000000000e+00 0.000000000000000000e+00 0.000000000000000000e+00 0.000000000000000000e+00
0.000000000000000000e+00 0.000000000000000000e+00 0.000000000000000000e+00 0.000000000000000000e+00 3.963963963963963999e-01 7.047619047619048116e-01 0.000000000000000000e+00 0.000000000000000000e+00 0.000000000000000000e+00 3.966942148760330689e-01 0.000000000000000000e+00 2.000000000000000111e-01 2.150537634408602183e-01 0.000000000000000000e+00 0.000000000000000000e+00 0.000000000000000000e+00 0.000000000000000000e+00 0.000000000000000000e+00 0.000000000000000000e+00 0.000000000000000000e+00
0.000000000000000000e+00 0.000000000000000000e+00 0.000000000000000000e+00 0.000000000000000000e+00 0.000000000000000000e+00 5.901639344262294973e-01 0.000000000000000000e+00 0.000000000000000000e+00 0.000000000000000000e+00 0.000000000000000000e+00 0.000000000000000000e+00 0.000000000000000000e+00 0.000000000000000000e+00 0.000000000000000000e+00 0.000000000000000000e+00 2.333333333333333370e-01 0.000000000000000000e+00 0.000000000000000000e+00 0.000000000000000000e+00 0.000000000000000000e+00
0.000000000000000000e+00 3.960396039603960583e-01 2.666666666666666630e-01 0.000000000000000000e+00 0.000000000000000000e+00 0.000000000000000000e+00 5.999999999999999778e-01 0.000000000000000000e+00 4.571428571428571286e-01 0.000000000000000000e+00 0.000000000000000000e+00 2.622950819672131284e-01 2.608695652173912971e-01 2.600000000000000089e-01 0.000000000000000000e+00 0.000000000000000000e+00 2.641509433962264120e-01 0.000000000000000000e+00 0.000000000000000000e+00 0.000000000000000000e+00
0.000000000000000000e+00 0.000000000000000000e+00 0.000000000000000000e+00 3.434343434343434254e-01 6.813186813186813406e-01 6.315789473684210176e-01 0.000000000000000000e+00 0.000000000000000000e+00 0.000000000000000000e+00 4.090909090909091161e-01 0.000000000000000000e+00 2.444444444444444364e-01 6.122448979591836871e-01 0.000000000000000000e+00 2.586206896551724310e-01 0.000000000000000000e+00 0.000000000000000000e+00 0.000000000000000000e+00 3.368421052631578871e-01 0.000000000000000000e+00
5.121951219512195230e-01 0.000000000000000000e+00 2.409638554216867457e-01 0.000000000000000000e+00 0.000000000000000000e+00 0.000000000000000000e+00 0.000000000000000000e+00 0.000000000000000000e+00 0.000000000000000000e+00 2.970297029702970160e-01 0.000000000000000000e+00 0.000000000000000000e+00 3.035714285714285476e-01 0.000000000000000000e+00 0.000000000000000000e+00 2.456140350877192846e-01 0.000000000000000000e+00 2.830188679245282946e-01 4.680851063829787329e-01 4.642857142857143016e-01
5.048543689320388328e-01 0.000000000000000000e+00 2.150537634408602183e-01 0.000000000000000000e+00 0.000000000000000000e+00 0.000000000000000000e+00 0.000000000000000000e+00 0.000000000000000000e+00 0.000000000000000000e+00 3.564356435643564192e-01 0.000000000000000000e+00 0.000000000000000000e+00 1.869158878504672827e-01 0.000000000000000000e+00 0.000000000000000000e+00 1.386138613861386260e-01 0.000000000000000000e+00 4.310344827586206629e-01 2.807017543859648967e-01 5.227272727272727071e-01
0.000000000000000000e+00 2.075471698113207641e-01 1.818181818181818232e-01 0.000000000000000000e+00 0.000000000000000000e+00 0.000000000000000000e+00 3.913043478260869734e-01 0.000000000000000000e+00 3.636363636363636465e-01 0.000000000000000000e+00 0.000000000000000000e+00 2.222222222222222099e-01 9.433962264150944077e-02 3.589743589743589758e-01 0.000000000000000000e+00 0.000000000000000000e+00 3.684210526315789269e-01 0.000000000000000000e+00 0.000000000000000000e+00 0.000000000000000000e+00
5.050505050505050830e-01 1.049504950495049549e+00 6.355140186915887446e-01 1.086956521739130377e+00 1.030927835051546282e+00 8.936170212765957022e-01 8.631578947368421240e-01 1.010101010101010166e+00 1.087378640776698990e+00 5.825242718446601575e-01 1.019230769230769162e+00 1.011235955056179803e+00 9.174311926605505096e-01 1.080000000000000071e+00 1.081632653061224580e+00 7.619047619047618625e-01 1.084112149532710179e+00 5.400000000000000355e-01 7.010309278350514983e-01 5.142857142857142350e-01
6.666666666666666297e-01 0.000000000000000000e+00 2.653061224489796088e-01 0.000000000000000000e+00 0.000000000000000000e+00 0.000000000000000000e+00 0.000000000000000000e+00 0.000000000000000000e+00 0.000000000000000000e+00 3.461538461538461453e-01 0.000000000000000000e+00 0.000000000000000000e+00 2.342342342342342287e-01 0.000000000000000000e+00 0.000000000000000000e+00 4.523809523809523836e-01 0.000000000000000000e+00 2.978723404255319007e-01 3.225806451612903136e-01 6.086956521739130821e-01
4.943820224719100986e-01 0.000000000000000000e+00 0.000000000000000000e+00 3.193277310924369505e-01 0.000000000000000000e+00 0.000000000000000000e+00 0.000000000000000000e+00 5.416666666666666297e-01 0.000000000000000000e+00 0.000000000000000000e+00 0.000000000000000000e+00 0.000000000000000000e+00 0.000000000000000000e+00 0.000000000000000000e+00 2.956521739130434923e-01 0.000000000000000000e+00 0.000000000000000000e+00 0.000000000000000000e+00 0.000000000000000000e+00 4.000000000000000222e-01
0.000000000000000000e+00 0.000000000000000000e+00 0.000000000000000000e+00 2.631578947368420907e-01 6.265060240963855609e-01 6.055045871559633364e-01 0.000000000000000000e+00 0.000000000000000000e+00 0.000000000000000000e+00 2.696629213483145993e-01 0.000000000000000000e+00 1.523809523809523947e-01 5.714285714285713969e-01 0.000000000000000000e+00 2.391304347826087029e-01 0.000000000000000000e+00 0.000000000000000000e+00 0.000000000000000000e+00 3.119266055045871733e-01 0.000000000000000000e+00
0.000000000000000000e+00 0.000000000000000000e+00 0.000000000000000000e+00 0.000000000000000000e+00 3.018867924528301772e-01 6.363636363636363535e-01 0.000000000000000000e+00 0.000000000000000000e+00 0.000000000000000000e+00 3.716814159292035624e-01 0.000000000000000000e+00 2.641509433962264120e-01 2.857142857142856984e-01 0.000000000000000000e+00 0.000000000000000000e+00 0.000000000000000000e+00 0.000000000000000000e+00 0.000000000000000000e+00 0.000000000000000000e+00 0.000000000000000000e+00
5.510204081632652517e-01 0.000000000000000000e+00 0.000000000000000000e+00 2.857142857142856984e-01 0.000000000000000000e+00 0.000000000000000000e+00 0.000000000000000000e+00 5.569620253164556667e-01 0.000000000000000000e+00 0.000000000000000000e+00 0.000000000000000000e+00 0.000000000000000000e+00 0.000000000000000000e+00 0.000000000000000000e+00 2.325581395348837177e-01 0.000000000000000000e+00 0.000000000000000000e+00 0.000000000000000000e+00 0.000000000000000000e+00 4.470588235294117863e-01
0.000000000000000000e+00 4.285714285714285476e-01 3.047619047619047894e-01 0.000000000000000000e+00 0.000000000000000000e+00 0.000000000000000000e+00 0.000000000000000000e+00 0.000000000000000000e+00 4.770642201834862650e-01 0.000000000000000000e+00 0.000000000000000000e+00 2.524271844660194164e-01 0.000000000000000000e+00 4.615384615384615641e-01 3.529411764705882582e-01 0.000000000000000000e+00 0.000000000000000000e+00 4.000000000000000222e-01 2.830188679245282946e-01 0.000000000000000000e+00
6.601941747572815933e-01 0.000000000000000000e+00 2.268041237113402053e-01 0.000000000000000000e+00 0.000000000000000000e+00 0.000000000000000000e+00 0.000000000000000000e+00 0.000000000000000000e+00 0.000000000000000000e+00 4.199999999999999845e-01 0.000000000000000000e+00 0.000000000000000000e+00 2.626262626262626521e-01 0.000000000000000000e+00 0.000000000000000000e+00 2.857142857142856984e-01 0.000000000000000000e+00 4.123711340206185350e-01 2.619047619047619180e-01 5.148514851485148647e-01
0.000000000000000000e+00 0.000000000000000000e+00 0.000000000000000000e+00 0.000000000000000000e+00 0.000000000000000000e+00 4.719101123595505487e-01 0.000000000000000000e+00 0.000000000000000000e+00 0.000000000000000000e+00 0.000000000000000000e+00 0.000000000000000000e+00 0.000000000000000000e+00 0.000000000000000000e+00 0.000000000000000000e+00 0.000000000000000000e+00 8.333333333333332871e-02 0.000000000000000000e+00 0.000000000000000000e+00 0.000000000000000000e+00 0.000000000000000000e+00
0.000000000000000000e+00 0.000000000000000000e+00 0.000000000000000000e+00 0.000000000000000000e+00 0.000000000000000000e+00 4.423076923076922906e-01 0.000000000000000000e+00 0.000000000000000000e+00 0.000000000000000000e+00 0.000000000000000000e+00 0.000000000000000000e+00 0.000000000000000000e+00 0.000000000000000000e+00 0.000000000000000000e+00 0.000000000000000000e+00 9.638554216867470381e-02 0.000000000000000000e+00 0.000000000000000000e+00 0.000000000000000000e+00 0.000000000000000000e+00
