Chromosome	Position	Change	Gene	sample0	sample1	sample2	sample3	sample4	sample5	sample6	sample7	sample8	sample9
1	0	G>A	1	960	1054	932	1038	993	1000	1000	992	1012	1014
1	1	C>G	1	1018	1013	1002	1002	983	979	1020	1010	978	1010
1	2	T>C	1	918	990	1034	998	1033	986	982	976	996	942
1	3	T>A	1	997	1019	908	1025	955	1015	958	1070	996	1049
1	4	A>C	1	1043	1026	995	1008	1016	1003	1027	1000	1077	1011
1	5	T>C	1	966	1046	1020	975	1007	984	1013	1028	1022	1007
1	6	T>G	1	1000	983	1004	1011	1024	1006	1014	998	1018	1002
1	7	T>C	1	1020	1023	962	953	989	977	1047	1005	1028	976
1	8	C>A	1	987	984	981	1044	978	1016	1007	1014	947	990
1	9	A>T	1	1037	970	1003	1047	997	1004	984	991	1013	951
1	10	C>G	1	943	996	950	999	1043	956	970	947	975	1025
1	11	A>T	1	962	969	960	1031	953	1031	1012	987	1036	1011
1	12	G>C	1	1036	985	974	939	915	953	1036	997	1011	1002
1	13	A>T	1	986	930	981	1010	1007	975	989	994	1002	1000
1	14	A>G	1	1013	980	1023	1050	955	998	1062	1054	1006	1003
1	15	G>A	1	1027	1000	983	1029	990	990	944	1029	1024	1004
1	16	G>A	1	995	1035	979	1023	976	953	1035	997	987	988
1	17	T>C	1	1011	1028	1025	986	1012	951	978	991	971	1026
1	18	A>T	1	1051	996	1065	927	1005	1005	1016	1007	1034	1059
1	19	T>C	1	1026	996	941	978	973	964	994	988	976	997
1	20	A>T	1	960	1070	1010	1024	997	1036	968	979	977	1038
1	21	C>T	1	1034	1092	1000	1046	932	1055	990	969	1027	1017
1	22	T>A	1	994	977	1031	1007	955	1016	1038	994	1004	993
1	23	C>T	1	992	992	996	991	1000	1050	1023	1008	936	932
1	24	C>A	1	997	970	993	1012	1037	942	1026	1008	992	977
1	25	T>A	1	1012	952	1032	1016	992	1031	986	948	939	978
1	26	A>T	1	992	963	996	1001	979	986	1009	1013	1026	1028
1	27	A>G	1	1079	1006	1042	985	964	986	997	988	1046	967
1	28	G>T	1	957	1032	987	996	957	1018	1005	983	1026	987
1	29	T>C	1	1017	1035	1043	1025	1000	1011	963	986	1022	1025
1	30	T>G	1	996	963	1060	1020	956	1003	969	997	1026	967
1	31	A>G	1	1003	952	991	995	1008	992	1008	1049	1058	968
1	32	T>A	1	990	1038	1005	1060	1054	998	1012	989	1025	1012
1	33	G>T	1	1000	1000	989	970	1006	979	1022	982	1001	1012
1	34	C>A	1	1017	1051	984	1004	978	1000	1005	966	1041	1007
1	35	A>T	1	1051	1048	992	953	1018	978	1052	1002	1053	1009
1	36	T>C	1	1040	985	988	980	994	1016	1011	968	996	1043
1	37	G>C	1	973	1008	1051	973	1033	971	1015	978	996	960
1	38	C>A	1	994	968	961	998	1023	996	999	1008	981	994
1	39	A>C	1	1019	1048	1025	1053	1011	1015	1001	1028	973	1059
1	40	T>C	1	966	943	993	970	961	968	1032	989	1018	1010
1	41	C>G	1	1034	1022	977	975	971	984	982	977	992	968
1	42	T>C	1	964	988	976	974	1037	953	987	1016	1035	999
1	43	A>C	1	1014	1032	1048	961	1054	1021	941	925	998	969
1	44	C>T	1	1027	966	1004	1041	999	1069	989	1009	987	999
1	45	G>T	1	998	1030	1020	996	953	993	1005	994	995	976
1	46	T>A	1	988	1019	1002	1046	1045	985	988	1047	1028	994
1	47	C>G	1	998	1004	985	1044	972	1075	981	996	1027	951
1	48	T>G	1	1011	998	1042	1005	1027	1009	995	1025	955	1022
1	49	T>A	1	1023	1046	1015	1022	958	999	977	1003	985	1059
1	50	A>T	1	1006	950	1021	1017	1028	977	989	986	1012	964
1	51	G>T	1	1001	1021	956	943	993	985	1059	1013	1027	999
1	52	A>T	1	983	972	1045	1037	994	1032	1033	940	997	1034
1	53	C>G	1	999	988	1019	951	1003	947	924	1031	1017	976
1	54	C>A	1	969	952	1027	975	999	971	987	1040	1019	959
1	55	A>C	1	969	968	989	1010	976	937	969	1002	946	990
1	56	G>A	1	970	1011	1014	987	987	1004	973	1031	1007	966
1	57	C>G	1	1036	1022	1052	992	961	983	985	949	1022	967
1	58	C>G	1	1083	1018	1050	989	1002	954	1009	1028	931	970
1	59	C>T	1	1039	1009	1003	936	1000	995	1015	1032	968	969
1	60	T>C	1	1004	1033	981	1035	987	1034	1034	1042	1021	970
1	61	A>C	1	993	973	988	964	987	982	934	993	987	992
1	62	G>C	1	1024	1055	966	921	968	1044	952	964	957	983
1	63	G>A	1	1005	954	1058	1041	982	942	961	957	1024	1013
1	64	A>C	1	1016	1019	1022	953	967	1029	1035	991	1066	1029
1	65	T>C	1	996	994	984	1002	973	982	995	1049	976	999
1	66	C>A	1	942	989	994	916	999	1025	989	1042	957	979
1	67	T>C	1	1011	978	1018	1029	1005	956	993	1006	974	1005
1	68	G>C	1	1004	1023	1053	991	1043	1032	994	1023	1004	1040
1	69	G>C	1	967	975	990	986	1027	1046	955	1055	1011	1033
1	70	C>T	1	976	1015	1001	1059	1025	996	1054	980	1012	998
1	71	C>G	1	1001	992	905	1006	992	954	1004	969	950	953
1	72	C>G	1	1045	950	1008	1002	1051	978	998	993	971	1018
1	73	A>C	1	990	947	1008	1021	1079	1003	979	944	1007	1000
1	74	T>A	1	988	1000	980	1013	1019	996	1017	1007	1006	956
1	75	T>G	1	947	1022	1016	986	1023	990	1007	969	1001	996
1	76	A>G	1	1011	1015	1012	1017	1061	977	990	999	964	1026
1	77	C>A	1	993	1009	1018	1005	993	1049	987	1014	960	941
1	78	G>A	1	1021	1018	1006	1007	964	1022	977	979	1014	990
1	79	G>T	1	1064	1001	974	1000	1038	981	997	1077	1001	987
1	80	A>T	1	986	1053	997	1023	947	1024	1001	969	1004	1020
1	81	C>G	1	1011	1053	994	1038	987	1018	1045	1025	981	1009
1	82	G>T	1	985	1020	1028	933	1009	1025	972	959	982	1003
1	83	A>G	1	1031	967	972	1015	975	969	1006	930	981	981
1	84	A>C	1	1018	975	1006	1005	1023	1025	1009	966	1024	997
1	85	G>C	1	1039	1002	994	1016	1014	993	988	1024	982	995
1	86	G>C	1	1025	994	974	975	1024	902	1010	1033	1014	1010
1	87	C>A	1	969	986	1012	1040	1007	1005	1035	985	1025	1056
1	88	C>T	1	1024	1008	950	946	985	1027	1028	989	955	951
1	89	A>C	1	970	1016	1031	950	1054	980	1055	966	964	942
1	90	G>C	1	1003	1013	977	994	1006	1021	973	1030	960	1018
1	91	G>A	1	1023	947	1010	963	957	1040	979	1050	1009	1018
1	92	A>C	1	1015	1020	957	985	994	1039	1001	989	955	989
1	93	T>A	1	995	1008	976	993	983	1020	1024	981	1003	1009
1	94	T>A	1	1026	998	1016	965	981	1019	1042	1014	981	1003
1	95	A>G	1	944	945	1031	998	1017	961	1045	1026	1067	984
1	96	A>T	1	998	974	1004	1001	985	1030	1024	1022	1030	930
1	97	G>A	1	973	997	992	952	1050	942	960	1031	981	954
1	98	T>C	1	994	1001	948	1043	979	1048	1014	950	975	1027
1	99	A>C	1	1009	995	977	998	1049	991	982	1006	970	995
