Chromosome	Position	Change	Gene	sample0	sample1	sample2	sample3	sample4	sample5	sample6	sample7	sample8	sample9
1	0	C>A	1	322	481	377	291	261	362	524	512	484	190
1	1	C>G	1	528	477	478	524	478	532	520	481	489	494
1	2	G>T	1	505	494	507	494	503	512	521	482	493	490
1	3	C>T	1	554	517	223	505	392	502	509	499	481	482
1	4	T>G	1	0	247	354	0	134	122	0	325	0	0
1	5	C>A	1	0	0	157	0	0	0	0	0	0	0
1	6	G>T	1	321	471	363	281	245	352	486	513	508	195
1	7	C>A	1	0	277	0	308	141	88	241	0	361	162
1	8	A>T	1	0	251	0	178	144	0	0	0	189	0
1	9	T>A	1	463	530	502	495	534	538	482	512	494	503
1	10	T>C	1	0	239	0	173	106	0	0	0	192	0
1	11	G>C	1	0	258	0	286	135	97	240	0	304	217
1	12	G>A	1	527	495	187	499	407	489	517	512	485	510
1	13	C>A	1	530	475	217	521	441	481	493	489	497	495
1	14	T>G	1	526	498	192	500	371	496	529	509	484	503
1	15	C>A	1	0	0	171	0	0	0	0	0	0	0
1	16	G>C	1	0	222	0	174	121	0	0	0	209	0
1	17	G>C	1	0	0	155	0	0	0	0	0	0	0
1	18	T>G	1	487	519	490	490	522	444	525	446	511	487
1	19	C>T	1	0	0	159	0	0	100	0	140	0	0
1	20	A>G	1	0	232	0	185	98	0	0	0	171	0
1	21	T>A	1	0	264	0	198	144	0	0	0	186	0
1	22	T>G	1	0	0	169	0	0	0	0	0	0	0
1	23	T>G	1	548	494	193	520	425	526	461	495	485	504
1	24	G>C	1	306	513	363	296	232	375	472	493	533	203
1	25	G>T	1	287	498	349	314	230	319	527	481	509	186
1	26	T>C	1	0	276	0	177	117	0	0	0	189	0
1	27	C>A	1	490	497	496	496	492	495	491	496	469	495
1	28	G>C	1	302	555	348	274	242	367	490	519	483	185
1	29	A>C	1	0	0	167	0	0	0	0	0	0	0
1	30	G>C	1	128	510	364	302	222	225	514	307	507	186
1	31	G>A	1	474	521	182	519	388	484	503	480	487	461
1	32	G>A	1	522	522	190	510	441	510	501	503	479	544
1	33	C>A	1	0	0	171	0	0	0	0	0	0	0
1	34	T>G	1	0	0	186	0	0	97	0	150	0	0
1	35	C>A	1	303	476	362	274	234	359	565	504	496	178
1	36	T>G	1	0	0	163	0	0	0	0	0	0	0
1	37	A>C	1	0	274	0	311	124	96	252	0	347	189
1	38	G>C	1	148	506	340	338	243	212	500	316	521	184
1	39	A>G	1	494	490	194	540	413	513	480	499	504	489
1	40	A>C	1	0	265	0	170	117	0	0	0	187	0
1	41	A>G	1	473	484	511	475	485	471	536	502	522	512
1	42	T>C	1	0	274	0	171	123	0	0	0	178	0
1	43	T>G	1	537	478	187	493	402	489	495	453	493	500
1	44	T>A	1	212	0	0	0	149	0	0	0	0	316
1	45	G>A	1	0	269	0	370	114	102	255	0	351	185
1	46	A>C	1	0	0	163	0	0	0	0	0	0	0
1	47	A>C	1	228	0	0	0	152	0	0	0	0	294
1	48	A>C	1	0	0	164	0	0	108	0	142	0	0
1	49	T>C	1	0	263	0	325	93	91	207	0	304	191
1	50	C>A	1	0	244	0	309	154	99	258	0	335	175
1	51	C>G	1	0	0	146	0	0	0	0	0	0	0
1	52	C>T	1	537	474	491	500	472	522	464	511	482	524
1	53	T>A	1	0	258	0	298	124	91	228	0	318	223
1	54	C>G	1	0	0	135	0	0	0	0	0	0	0
1	55	G>T	1	500	463	199	509	384	505	528	481	525	471
1	56	G>T	1	525	483	205	515	399	532	487	499	522	504
1	57	G>C	1	0	247	0	175	120	0	0	0	198	0
1	58	A>C	1	502	492	188	510	414	496	481	500	487	487
1	59	T>G	1	289	508	385	309	218	329	499	513	498	184
1	60	C>T	1	0	249	0	299	113	104	218	0	349	179
1	61	G>C	1	518	525	509	512	483	493	496	499	521	508
1	62	T>G	1	293	508	352	286	257	363	481	452	492	173
1	63	G>A	1	479	522	511	464	537	522	484	489	486	512
1	64	T>G	1	0	261	0	171	148	0	0	0	184	0
1	65	T>G	1	0	0	162	0	0	0	0	0	0	0
1	66	A>T	1	485	494	201	486	408	514	513	496	510	507
1	67	G>T	1	197	0	0	0	136	0	0	0	0	301
1	68	C>A	1	0	264	0	307	122	91	253	0	316	227
1	69	C>A	1	0	237	0	191	116	0	0	0	201	0
1	70	G>A	1	0	268	0	168	146	0	0	0	195	0
1	71	A>G	1	0	0	148	0	0	116	0	153	0	0
1	72	A>C	1	0	249	0	171	135	0	0	0	178	0
1	73	A>T	1	297	466	337	308	256	364	489	519	516	165
1	74	C>G	1	0	0	167	0	0	0	0	0	0	0
1	75	G>C	1	484	479	186	525	422	492	521	540	492	496
1	76	T>C	1	0	259	0	182	142	0	0	0	161	0
1	77	C>T	1	500	473	209	517	407	491	485	503	494	498
1	78	T>G	1	0	0	162	0	0	97	0	144	0	0
1	79	A>T	1	0	219	347	0	150	103	0	307	0	0
1	80	C>G	1	541	479	177	503	369	480	533	543	536	508
1	81	T>A	1	511	454	532	518	453	479	498	489	518	475
1	82	G>A	1	507	480	193	473	400	498	509	505	493	527
1	83	A>C	1	0	277	0	308	140	93	238	0	345	183
1	84	A>C	1	297	523	369	291	227	385	472	501	510	177
1	85	A>C	1	0	238	0	174	125	0	0	0	192	0
1	86	A>C	1	338	494	324	301	253	335	516	486	514	180
1	87	T>G	1	313	527	348	319	242	340	500	496	499	185
1	88	G>C	1	458	494	196	489	408	489	512	500	513	538
1	89	C>G	1	141	501	361	292	254	194	452	340	511	209
1	90	T>A	1	289	509	367	298	236	349	522	480	507	182
1	91	C>T	1	295	536	330	295	225	361	472	526	534	222
1	92	C>A	1	0	256	0	185	128	0	0	0	182	0
1	93	T>G	1	544	489	216	517	413	481	518	471	504	494
1	94	G>A	1	0	244	0	151	132	0	0	0	197	0
1	95	G>A	1	186	0	0	0	157	0	0	0	0	310
1	96	C>G	1	524	514	192	502	399	494	517	506	518	515
1	97	A>C	1	0	273	0	162	102	0	0	0	210	0
1	98	A>G	1	0	0	154	0	0	0	0	0	0	0
1	99	A>G	1	0	0	150	0	0	0	0	0	0	0
