#chr	position	description	normal	sample0	sample1	sample2	sample3	sample4	sample5	sample6	sample7	sample8	sample9
1	1	1	0	0.344827586207	0.145833333333	0.355140186916	0.20618556701	0.322916666667	0.314606741573	0.0989010989011	0.344262295082	0.211111111111	0.261682242991
2	1	1	0	0.0	0.0	0.0	0.0	0.202380952381	0.0	0.0	0.0	0.0	0.0
3	1	1	0	0.32967032967	0.165217391304	0.333333333333	0.22641509434	0.2	0.340909090909	0.165137614679	0.327102803738	0.279279279279	0.163461538462
4	1	1	0	0.0	0.0	0.0	0.0	0.279569892473	0.0	0.0	0.0	0.0	0.0
5	1	1	0	0.0	0.0	0.168224299065	0.0	0.0	0.0	0.169811320755	0.15306122449	0.14	0.0
6	1	1	0	0.0	0.0	0.0	0.0	0.252747252747	0.0	0.0	0.0	0.0	0.0
7	1	1	0	0.0	0.179775280899	0.0	0.221052631579	0.0	0.16091954023	0.150537634409	0.0	0.0	0.0
8	1	1	0	0.0	0.0	0.0	0.0	0.177777777778	0.0	0.0	0.0	0.0	0.0
9	1	1	0	0.0	0.0	0.0	0.0	0.18	0.0	0.0	0.0	0.0	0.0
10	1	1	0	0.0909090909091	0.141509433962	0.366972477064	0.0	0.0	0.0	0.0	0.287128712871	0.10843373494	0.132075471698
11	1	1	0	0.19801980198	0.2	0.316326530612	0.0	0.0	0.0	0.0	0.25	0.11	0.161904761905
12	1	1	0	0.0	0.0	0.0	0.0	0.244897959184	0.0	0.0	0.0	0.0	0.0
13	1	1	0	0.173228346457	0.126315789474	0.0	0.0	0.0	0.0	0.0	0.0	0.0	0.0
14	1	1	0	0.178947368421	0.176470588235	0.0	0.0	0.0	0.0	0.0	0.0	0.0	0.0
15	1	1	0	0.382352941176	0.203883495146	0.280898876404	0.21359223301	0.182926829268	0.305263157895	0.135416666667	0.295238095238	0.2875	0.216216216216
16	1	1	0	0.223300970874	0.190476190476	0.285714285714	0.0	0.0	0.122448979592	0.0	0.292929292929	0.126126126126	0.206896551724
17	1	1	0	0.0	0.120879120879	0.0	0.149425287356	0.0	0.134615384615	0.135593220339	0.0	0.0	0.0
18	1	1	0	0.204301075269	0.137614678899	0.352380952381	0.0	0.0	0.078431372549	0.0	0.313725490196	0.12962962963	0.25
19	1	1	0	0.0	0.119565217391	0.0	0.149425287356	0.0	0.203883495146	0.131313131313	0.0	0.0	0.0
20	1	1	0	0.165217391304	0.101123595506	0.0	0.0	0.0	0.0	0.0	0.0	0.0	0.0
21	1	1	0	0.0	0.0	0.0	0.0	0.24	0.0	0.0	0.0	0.0	0.0
22	1	1	0	0.220183486239	0.108108108108	0.303921568627	0.0	0.0	0.0	0.0	0.29	0.129032258065	0.238532110092
23	1	1	0	0.0	0.0	0.0	0.0	0.208333333333	0.0	0.0	0.0	0.0	0.0
24	1	1	0	0.148936170213	0.220338983051	0.0	0.0	0.0	0.0	0.0	0.0	0.0	0.0
25	1	1	0	0.0	0.0	0.0	0.0	0.203883495146	0.0	0.0	0.0	0.0	0.0
26	1	1	0	0.157894736842	0.205882352941	0.0	0.0	0.0	0.0	0.0	0.0	0.0	0.0
27	1	1	0	0.0	0.0	0.166666666667	0.0	0.0	0.0	0.129032258065	0.22619047619	0.0808080808081	0.0
28	1	1	0	0.0	0.0	0.168674698795	0.0	0.0	0.0	0.0990099009901	0.174311926606	0.131578947368	0.0
29	1	1	0	0.238532110092	0.223404255319	0.0	0.0	0.0	0.0	0.0	0.0	0.0	0.0
30	1	1	0	0.142857142857	0.25	0.289719626168	0.0	0.0	0.15652173913	0.0	0.317073170732	0.214285714286	0.163043478261
31	1	1	0	0.0	0.0	0.0	0.0	0.247524752475	0.0	0.0	0.0	0.0	0.0
32	1	1	0	0.0	0.0	0.0	0.0	0.225806451613	0.0	0.0	0.0	0.0	0.0
33	1	1	0	0.0	0.0	0.0	0.0	0.166666666667	0.0	0.0	0.0	0.0	0.0
34	1	1	0	0.111111111111	0.144329896907	0.255102040816	0.0	0.0	0.154639175258	0.0	0.340425531915	0.138613861386	0.321428571429
35	1	1	0	0.132653061224	0.130434782609	0.0	0.0	0.0	0.0	0.0	0.0	0.0	0.0
36	1	1	0	0.315789473684	0.126126126126	0.270833333333	0.147058823529	0.163265306122	0.266666666667	0.144329896907	0.326923076923	0.32	0.226086956522
37	1	1	0	0.19298245614	0.206896551724	0.384615384615	0.0	0.0	0.0	0.0	0.343137254902	0.126213592233	0.222222222222
38	1	1	0	0.0	0.0	0.0	0.0	0.158415841584	0.0	0.0	0.0	0.0	0.0
39	1	1	0	0.148148148148	0.173076923077	0.0	0.0	0.0	0.0	0.0	0.0	0.0	0.0
40	1	1	0	0.0	0.0	0.0	0.138613861386	0.0	0.0	0.0	0.0	0.134453781513	0.0989010989011
41	1	1	0	0.0	0.175257731959	0.0	0.175438596491	0.0	0.197802197802	0.0917431192661	0.0	0.0	0.0
42	1	1	0	0.247524752475	0.13	0.268041237113	0.15	0.19801980198	0.442105263158	0.142857142857	0.333333333333	0.288288288288	0.194174757282
43	1	1	0	0.0	0.0	0.0	0.0	0.244444444444	0.0	0.0	0.0	0.0	0.0
44	1	1	0	0.386363636364	0.172727272727	0.322580645161	0.161904761905	0.117647058824	0.29347826087	0.114942528736	0.291666666667	0.304761904762	0.179775280899
45	1	1	0	0.0973451327434	0.208333333333	0.257425742574	0.0	0.0	0.0	0.0	0.23	0.163461538462	0.215053763441
46	1	1	0	0.22641509434	0.173913043478	0.302752293578	0.0	0.0	0.0	0.0	0.388235294118	0.137254901961	0.183673469388
47	1	1	0	0.224299065421	0.241758241758	0.291262135922	0.0	0.0	0.133333333333	0.0	0.227722772277	0.161290322581	0.254716981132
48	1	1	0	0.359550561798	0.166666666667	0.277777777778	0.179775280899	0.493975903614	0.429824561404	0.383928571429	0.273684210526	0.333333333333	0.184782608696
49	1	1	0	0.178571428571	0.127450980392	0.228260869565	0.0	0.0	0.0	0.0	0.341772151899	0.182692307692	0.181818181818
50	1	1	0	0.23	0.175257731959	0.0	0.0	0.0	0.0	0.0	0.0	0.0	0.0
51	1	1	0	0.0	0.0	0.0	0.0	0.228260869565	0.0	0.0	0.0	0.0	0.0
52	1	1	0	0.120879120879	0.141666666667	0.311111111111	0.0	0.0	0.0	0.0	0.179775280899	0.195402298851	0.189473684211
53	1	1	0	0.147368421053	0.2	0.224489795918	0.0	0.0	0.0	0.0	0.3	0.141304347826	0.212765957447
54	1	1	0	0.0	0.0	0.278846153846	0.0	0.0	0.0	0.147058823529	0.268041237113	0.13	0.0
55	1	1	0	0.0	0.0	0.175824175824	0.0	0.173469387755	0.0	0.118279569892	0.2	0.0549450549451	0.177777777778
56	1	1	0	0.0	0.0	0.16091954023	0.0	0.0	0.0	0.0978260869565	0.224137931034	0.113821138211	0.0
57	1	1	0	0.232323232323	0.142857142857	0.25	0.0	0.0	0.0	0.0	0.287234042553	0.226086956522	0.232142857143
58	1	1	0	0.125	0.142857142857	0.409090909091	0.0	0.0	0.0	0.0	0.298969072165	0.133333333333	0.141304347826
59	1	1	0	0.0	0.0	0.20618556701	0.0	0.0	0.0	0.11	0.162393162393	0.0909090909091	0.0
60	1	1	0	0.137614678899	0.190476190476	0.290697674419	0.0	0.0	0.0	0.0	0.252336448598	0.156862745098	0.236363636364
61	1	1	0	0.0	0.0	0.0	0.0	0.147727272727	0.0	0.0	0.0	0.0	0.0
62	1	1	0	0.0	0.0	0.0	0.0	0.177777777778	0.0	0.0	0.0	0.0	0.0
63	1	1	0	0.204081632653	0.25	0.235294117647	0.0	0.0	0.10843373494	0.0	0.355769230769	0.125	0.212765957447
64	1	1	0	0.0	0.0	0.0	0.0	0.292452830189	0.0	0.0	0.0	0.0	0.0
65	1	1	0	0.0	0.0	0.0	0.0	0.136363636364	0.0	0.0	0.0	0.0	0.0
66	1	1	0	0.0	0.0	0.0	0.0	0.256097560976	0.0	0.0	0.0	0.0	0.0
67	1	1	0	0.181818181818	0.196581196581	0.305263157895	0.0	0.0	0.0851063829787	0.0	0.295918367347	0.134831460674	0.266666666667
68	1	1	0	0.13829787234	0.23595505618	0.0	0.0	0.0	0.0	0.0	0.0	0.0	0.0
69	1	1	0	0.0	0.0	0.0	0.0	0.178947368421	0.0	0.0	0.0	0.0	0.0
70	1	1	0	0.0	0.175257731959	0.0	0.166666666667	0.0	0.128712871287	0.166666666667	0.0	0.0	0.0
71	1	1	0	0.303921568627	0.178217821782	0.214285714286	0.188888888889	0.226804123711	0.351648351648	0.14953271028	0.351648351648	0.28431372549	0.211009174312
72	1	1	0	0.194174757282	0.122641509434	0.319587628866	0.0	0.0	0.171428571429	0.0	0.28125	0.188888888889	0.222222222222
73	1	1	0	0.0	0.0	0.0	0.0	0.164948453608	0.0	0.0	0.0	0.0	0.0
74	1	1	0	0.0	0.0	0.0	0.0	0.154545454545	0.0	0.0	0.0	0.0	0.0
75	1	1	0	0.35	0.142857142857	0.303797468354	0.21978021978	0.22	0.313559322034	0.183673469388	0.340206185567	0.298969072165	0.135802469136
76	1	1	0	0.0	0.0	0.188679245283	0.0	0.0	0.0	0.0891089108911	0.233009708738	0.107843137255	0.0
77	1	1	0	0.0	0.0	0.0	0.0	0.201923076923	0.0	0.0	0.0	0.0	0.0
78	1	1	0	0.370786516854	0.132653061224	0.270833333333	0.203703703704	0.382352941176	0.306451612903	0.342105263158	0.26213592233	0.30303030303	0.20652173913
79	1	1	0	0.166666666667	0.153846153846	0.263736263736	0.0	0.0	0.157407407407	0.0	0.280898876404	0.12	0.247619047619
80	1	1	0	0.161016949153	0.170212765957	0.0	0.0	0.0	0.0	0.0	0.0	0.0	0.0
81	1	1	0	0.150442477876	0.163265306122	0.291262135922	0.0	0.0	0.0	0.0	0.322916666667	0.119565217391	0.149122807018
82	1	1	0	0.0	0.102272727273	0.0	0.139130434783	0.0	0.158415841584	0.104166666667	0.0	0.0	0.0
83	1	1	0	0.0	0.0	0.178571428571	0.0	0.0789473684211	0.0	0.112244897959	0.174418604651	0.106382978723	0.0873786407767
84	1	1	0	0.0	0.0	0.0	0.0	0.25	0.0	0.0	0.0	0.0	0.0
85	1	1	0	0.277227722772	0.224299065421	0.0	0.0	0.0	0.0	0.0	0.0	0.0	0.0
86	1	1	0	0.0	0.20202020202	0.0	0.161290322581	0.0	0.101851851852	0.11214953271	0.0	0.0	0.0
87	1	1	0	0.344444444444	0.185567010309	0.219298245614	0.207207207207	0.392156862745	0.369565217391	0.275510204082	0.36170212766	0.264462809917	0.29203539823
88	1	1	0	0.0	0.182795698925	0.0	0.133333333333	0.0	0.146341463415	0.0776699029126	0.0	0.0	0.0
89	1	1	0	0.0	0.0	0.0	0.0	0.256637168142	0.0	0.0	0.0	0.0	0.0
90	1	1	0	0.145833333333	0.166666666667	0.252525252525	0.0	0.0	0.0990099009901	0.0	0.216494845361	0.166666666667	0.201834862385
91	1	1	0	0.352941176471	0.184466019417	0.305785123967	0.218390804598	0.349056603774	0.278350515464	0.397849462366	0.297872340426	0.252427184466	0.241666666667
92	1	1	0	0.0	0.0	0.183333333333	0.0	0.0	0.0	0.12	0.237113402062	0.133333333333	0.0
93	1	1	0	0.0	0.102272727273	0.0	0.152173913043	0.0	0.174757281553	0.161290322581	0.0	0.0	0.0
94	1	1	0	0.172043010753	0.172043010753	0.405660377358	0.0	0.0	0.0	0.0	0.271739130435	0.114942528736	0.235294117647
95	1	1	0	0.485148514851	0.125	0.245283018868	0.175925925926	0.152173913043	0.372340425532	0.132530120482	0.324074074074	0.24	0.272727272727
96	1	1	0	0.175257731959	0.0816326530612	0.269662921348	0.0	0.0	0.0	0.0	0.313725490196	0.180952380952	0.214285714286
97	1	1	0	0.138613861386	0.232142857143	0.329411764706	0.0	0.0	0.0	0.0	0.2	0.157407407407	0.169642857143
98	1	1	0	0.330188679245	0.14	0.271028037383	0.232142857143	0.120481927711	0.352272727273	0.16814159292	0.277227722772	0.21359223301	0.212962962963
99	1	1	0	0.0	0.0	0.0	0.0	0.211538461538	0.0	0.0	0.0	0.0	0.0
100	1	1	0	0.0	0.0	0.0	0.0	0.193548387097	0.0	0.0	0.0	0.0	0.0
