Chromosome	Position	Change	Gene	sample0	sample1	sample2	sample3	sample4
1	0	A>T	1	10199	10201	9946	10139	10051
1	1	G>T	1	9980	10134	10095	10056	9816
1	2	A>G	1	9957	9875	9923	9981	9972
1	3	G>T	1	9948	9971	9941	9859	10010
1	4	A>T	1	9936	10050	10066	9952	9854
1	5	G>C	1	10099	10047	10032	9902	10097
1	6	G>A	1	9950	9819	10013	10075	10036
1	7	C>T	1	9987	10142	10251	9745	9812
1	8	G>T	1	9944	10064	9957	10077	10005
1	9	A>T	1	9994	10111	10075	10020	10035
1	10	A>G	1	9922	10065	10016	9896	10004
1	11	A>G	1	9903	10106	9988	10063	10006
1	12	G>T	1	9943	9839	9921	9841	10045
1	13	C>T	1	9690	9829	9993	9913	9866
1	14	C>A	1	9770	9967	9787	10024	9985
1	15	A>G	1	9966	9863	10040	10140	10007
1	16	G>C	1	10095	9950	10136	10003	9906
1	17	T>C	1	10210	10128	9970	9889	9959
1	18	G>C	1	9941	9873	10047	10039	10023
1	19	C>T	1	9835	10107	10017	9993	9896
1	20	A>C	1	9907	9842	9914	9944	10038
1	21	G>A	1	10020	10100	10049	9989	10043
1	22	G>T	1	10076	9981	9821	10199	10311
1	23	T>G	1	9997	9838	10101	9989	10037
1	24	T>G	1	10082	10020	9935	10179	9959
1	25	A>T	1	9899	9789	9851	10150	9896
1	26	A>C	1	9956	9895	10005	9941	9742
1	27	G>A	1	9918	10034	10166	10134	9927
1	28	A>T	1	10045	10076	10042	9929	9971
1	29	G>T	1	9854	9935	9980	10082	10002
1	30	A>C	1	9924	9775	9988	9974	10095
1	31	C>T	1	10251	9896	9914	10075	9937
1	32	T>A	1	9929	9752	9912	9910	9952
1	33	T>G	1	9930	10070	9868	10096	10091
1	34	C>T	1	10049	9926	9878	9973	10016
1	35	A>C	1	10101	10000	9849	9837	9972
1	36	C>G	1	10051	9937	9987	10007	10038
1	37	C>T	1	9882	9887	9915	9910	10150
1	38	G>T	1	10112	10044	9883	10060	9934
1	39	C>A	1	9958	9864	10045	9966	10008
1	40	T>G	1	10007	10082	9872	9805	9921
1	41	A>G	1	10130	10093	9852	9929	9897
1	42	G>C	1	10139	10084	10066	9914	9868
1	43	C>T	1	10069	9880	9925	9908	9906
1	44	A>G	1	9950	9975	10081	9855	9992
1	45	A>T	1	9919	10028	9913	10013	10063
1	46	A>C	1	9836	10002	9960	9958	10047
1	47	C>A	1	10032	9982	9938	10073	10040
1	48	G>C	1	10019	10083	10112	9859	9923
1	49	C>T	1	10030	9889	9910	10093	9951
1	50	C>G	1	9977	10077	9979	10082	10001
1	51	A>G	1	10175	9978	10013	10030	10110
1	52	T>C	1	9886	10084	9761	9948	9963
1	53	C>G	1	9979	9969	10266	10177	10085
1	54	C>T	1	10067	9989	9900	10230	9933
1	55	C>T	1	9904	10053	10060	9992	10123
1	56	A>T	1	9908	10011	10131	10103	9755
1	57	T>G	1	9905	9980	9964	9856	10043
1	58	C>A	1	10001	9963	10028	9874	9954
1	59	T>C	1	10032	10067	10014	10068	10149
1	60	G>A	1	9991	10148	9970	10057	9788
1	61	A>C	1	9860	9910	9955	10022	10072
1	62	G>C	1	10065	9941	9875	10152	10058
1	63	T>C	1	10183	9896	9932	9874	10094
1	64	T>G	1	10206	9930	10066	9952	9994
1	65	T>G	1	9971	9933	10007	9940	10033
1	66	C>A	1	9956	10049	10065	9963	9928
1	67	G>A	1	10175	10078	9925	10127	10099
1	68	C>T	1	9899	9916	10002	10086	10042
1	69	C>T	1	9994	10175	9931	10207	9958
1	70	C>T	1	9957	10013	10074	10154	9961
1	71	C>T	1	9894	10094	9994	10210	10114
1	72	A>T	1	10156	10128	10022	10041	10039
1	73	A>T	1	9901	9984	10079	10077	9837
1	74	G>T	1	9857	10015	10046	9973	9987
1	75	G>T	1	10018	9950	10120	9937	10116
1	76	T>A	1	9999	9965	9914	9892	9901
1	77	T>G	1	10058	10045	10001	10105	9902
1	78	G>A	1	9977	10043	10074	10042	9959
1	79	G>C	1	9734	10057	10131	9947	10098
1	80	C>T	1	10168	9915	10008	10113	9860
1	81	C>T	1	9973	10120	9940	10097	10014
1	82	T>A	1	9873	9835	10105	9914	9973
1	83	C>G	1	10091	9833	9980	9923	9941
1	84	A>C	1	10134	10065	9982	9783	10013
1	85	A>C	1	9902	9999	10077	10246	10099
1	86	C>A	1	10024	10042	9957	10253	9916
1	87	G>C	1	9908	10015	9962	9903	10004
1	88	T>A	1	9952	10017	10026	10060	9993
1	89	A>G	1	9857	9918	9886	9909	10079
1	90	T>A	1	9976	9896	10116	9984	10039
1	91	C>G	1	10020	10146	10173	10016	10035
1	92	A>G	1	9909	9891	10209	10088	9938
1	93	G>A	1	10014	9941	10054	10069	10107
1	94	C>T	1	9991	10159	9985	10107	9898
1	95	T>A	1	9966	10095	10063	9990	10100
1	96	C>T	1	10023	9928	9978	10061	10118
1	97	C>T	1	9924	9931	9994	10039	9917
1	98	C>T	1	10050	9862	9985	9947	10085
1	99	G>T	1	9858	10020	9901	10064	10228
