#chr	position	description	normal	sample0	sample1	sample2	sample3	sample4
1	1	1	0	0.0	0.0	0.114035087719	0.0	0.0
2	1	1	0	0.316831683168	0.316831683168	0.240740740741	0.17	0.139784946237
3	1	1	0	0.34	0.367088607595	0.181818181818	0.18085106383	0.21
4	1	1	0	0.0	0.31067961165	0.300970873786	0.223529411765	0.0
5	1	1	0	0.0	0.0	0.0961538461538	0.0	0.0
6	1	1	0	0.258064516129	0.166666666667	0.229166666667	0.387387387387	0.207547169811
7	1	1	0	0.0	0.0	0.0	0.0	0.0
8	1	1	0	0.0	0.0	0.0	0.0	0.163636363636
9	1	1	0	0.0	0.0	0.0	0.176470588235	0.0
10	1	1	0	0.0	0.239583333333	0.0	0.0	0.16814159292
11	1	1	0	0.0	0.0	0.0	0.0	0.0
12	1	1	0	0.0	0.0	0.0	0.0	0.0
13	1	1	0	0.0	0.0	0.0	0.0	0.0
14	1	1	0	0.0	0.0	0.0	0.0	0.0
15	1	1	0	0.0	0.0	0.0	0.0	0.0
16	1	1	0	0.0	0.0	0.0	0.10101010101	0.0
17	1	1	0	0.0	0.295238095238	0.0	0.0	0.0
18	1	1	0	0.0	0.0	0.118279569892	0.0	0.0
19	1	1	0	0.0	0.0	0.0	0.0	0.0
20	1	1	0	0.0	0.0	0.0	0.0	0.215189873418
21	1	1	0	0.279279279279	0.3125	0.217391304348	0.182795698925	0.215909090909
22	1	1	0	0.318681318681	0.161290322581	0.238636363636	0.361904761905	0.19587628866
23	1	1	0	0.0	0.376344086022	0.0	0.0	0.0
24	1	1	0	0.0	0.0	0.0	0.0	0.0
25	1	1	0	0.0	0.0	0.0	0.0	0.141509433962
26	1	1	0	0.0	0.0	0.0	0.0	0.239130434783
27	1	1	0	0.0	0.0	0.0	0.0	0.0
28	1	1	0	0.0	0.0	0.0	0.0	0.0
29	1	1	0	0.0	0.0	0.0	0.0	0.0
30	1	1	0	0.247619047619	0.157303370787	0.153846153846	0.268292682927	0.116504854369
31	1	1	0	0.246031746032	0.247422680412	0.21568627451	0.265060240964	0.130434782609
32	1	1	0	0.209523809524	0.31914893617	0.221238938053	0.185567010309	0.274725274725
33	1	1	0	0.0	0.0	0.0	0.0	0.0
34	1	1	0	0.174418604651	0.207920792079	0.15	0.275862068966	0.154545454545
35	1	1	0	0.0	0.0	0.211009174312	0.0	0.0
36	1	1	0	0.168539325843	0.290598290598	0.233333333333	0.173076923077	0.141304347826
37	1	1	0	0.351063829787	0.153846153846	0.267441860465	0.327102803738	0.141592920354
38	1	1	0	0.0	0.0	0.139784946237	0.0	0.0
39	1	1	0	0.298076923077	0.136842105263	0.144144144144	0.296703296703	0.122222222222
40	1	1	0	0.0	0.271028037383	0.277777777778	0.254237288136	0.0
41	1	1	0	0.302083333333	0.276595744681	0.308943089431	0.166666666667	0.2
42	1	1	0	0.0	0.0	0.0	0.0	0.0
43	1	1	0	0.333333333333	0.230769230769	0.38679245283	0.347826086957	0.0970873786408
44	1	1	0	0.0	0.144329896907	0.0	0.0	0.16
45	1	1	0	0.0	0.168224299065	0.0	0.0	0.151162790698
46	1	1	0	0.0	0.0	0.0	0.0	0.0
47	1	1	0	0.0	0.0	0.0	0.0	0.0
48	1	1	0	0.0	0.0	0.0	0.0	0.0
49	1	1	0	0.0	0.0	0.135922330097	0.0	0.0
50	1	1	0	0.0	0.0	0.0	0.0	0.0
51	1	1	0	0.219298245614	0.25	0.278260869565	0.223404255319	0.219512195122
52	1	1	0	0.242718446602	0.242718446602	0.265306122449	0.183673469388	0.252427184466
53	1	1	0	0.0	0.0	0.0	0.0	0.0
54	1	1	0	0.316831683168	0.240963855422	0.180722891566	0.275510204082	0.180952380952
55	1	1	0	0.0	0.0	0.0	0.0	0.0
56	1	1	0	0.288659793814	0.255813953488	0.171717171717	0.214953271028	0.211111111111
57	1	1	0	0.184210526316	0.326732673267	0.221052631579	0.166666666667	0.186813186813
58	1	1	0	0.0	0.0	0.0	0.0	0.0
59	1	1	0	0.0	0.207207207207	0.0	0.0	0.125
60	1	1	0	0.0	0.0	0.0	0.0	0.0
61	1	1	0	0.357894736842	0.25	0.223529411765	0.242990654206	0.144329896907
62	1	1	0	0.0	0.158536585366	0.0	0.0	0.115044247788
63	1	1	0	0.0	0.0	0.18018018018	0.0	0.0
64	1	1	0	0.0	0.0	0.0	0.0	0.0
65	1	1	0	0.0	0.0	0.0	0.186813186813	0.0
66	1	1	0	0.286885245902	0.221153846154	0.173469387755	0.320388349515	0.165289256198
67	1	1	0	0.281553398058	0.336448598131	0.258928571429	0.114285714286	0.189189189189
68	1	1	0	0.0	0.0	0.0	0.0	0.0
69	1	1	0	0.0	0.0	0.0	0.0	0.111111111111
70	1	1	0	0.0	0.0	0.0	0.0	0.0
71	1	1	0	0.0	0.0	0.0	0.0	0.0
72	1	1	0	0.0	0.0	0.0	0.0	0.0
73	1	1	0	0.0	0.157894736842	0.0	0.0	0.133928571429
74	1	1	0	0.0	0.220930232558	0.0	0.0	0.147727272727
75	1	1	0	0.261682242991	0.302083333333	0.174757281553	0.132231404959	0.244444444444
76	1	1	0	0.0	0.0	0.0	0.0	0.0
77	1	1	0	0.0	0.0	0.0	0.0	0.0
78	1	1	0	0.0	0.0	0.0	0.0	0.0
79	1	1	0	0.0	0.0	0.0	0.0	0.0
80	1	1	0	0.0	0.0	0.0	0.0	0.0
81	1	1	0	0.181818181818	0.265957446809	0.234042553191	0.132530120482	0.216981132075
82	1	1	0	0.0	0.0	0.0	0.0	0.0
83	1	1	0	0.207920792079	0.309090909091	0.196428571429	0.193277310924	0.197916666667
84	1	1	0	0.0	0.0	0.0	0.140495867769	0.0
85	1	1	0	0.0	0.0	0.0	0.0	0.0
86	1	1	0	0.0	0.0	0.0	0.1484375	0.0
87	1	1	0	0.0	0.0	0.0	0.0	0.0
88	1	1	0	0.0	0.0	0.0	0.0	0.0
89	1	1	0	0.0	0.2	0.0	0.0	0.132530120482
90	1	1	0	0.0	0.0	0.0	0.0	0.0
91	1	1	0	0.246913580247	0.310344827586	0.265306122449	0.130081300813	0.207317073171
92	1	1	0	0.0	0.0	0.0	0.0	0.0
93	1	1	0	0.0	0.0	0.123456790123	0.0	0.0
94	1	1	0	0.294117647059	0.297297297297	0.171428571429	0.190476190476	0.194444444444
95	1	1	0	0.0	0.0	0.0	0.0	0.0
96	1	1	0	0.0	0.0	0.0	0.173469387755	0.0
97	1	1	0	0.188118811881	0.228813559322	0.159292035398	0.192307692308	0.234693877551
98	1	1	0	0.0	0.0	0.0	0.0	0.0
99	1	1	0	0.2	0.211538461538	0.246753246753	0.364583333333	0.207317073171
100	1	1	0	0.210526315789	0.153153153153	0.163043478261	0.372093023256	0.0917431192661
101	1	1	0	0.461538461538	0.451327433628	0.4	0.489795918367	0.509090909091
102	1	1	0	0.418367346939	0.40206185567	0.209523809524	0.140186915888	0.224299065421
103	1	1	0	0.275510204082	0.178571428571	0.12962962963	0.336283185841	0.161290322581
104	1	1	0	0.0	0.0	0.0	0.0	0.168674698795
105	1	1	0	0.0	0.0	0.0	0.0	0.12962962963
106	1	1	0	0.0	0.0	0.0	0.0	0.0
107	1	1	0	0.0	0.134020618557	0.0	0.0	0.118811881188
108	1	1	0	0.0	0.0	0.0	0.0	0.0
109	1	1	0	0.0	0.0	0.0	0.175824175824	0.0
110	1	1	0	0.0	0.0	0.0	0.0	0.0
111	1	1	0	0.0	0.0	0.0	0.0	0.184782608696
112	1	1	0	0.0	0.0	0.0	0.0	0.0
113	1	1	0	0.0	0.26213592233	0.26213592233	0.20652173913	0.0
114	1	1	0	0.0	0.169811320755	0.0	0.0	0.257425742574
115	1	1	0	0.0	0.0	0.0	0.0	0.0
116	1	1	0	0.303921568627	0.336448598131	0.292929292929	0.168067226891	0.212121212121
117	1	1	0	0.0	0.0	0.0	0.127450980392	0.0
118	1	1	0	0.0	0.0	0.0	0.0	0.0666666666667
119	1	1	0	0.0	0.0	0.0	0.0	0.0
120	1	1	0	0.0	0.0	0.0	0.0	0.0
121	1	1	0	0.21686746988	0.247311827957	0.195652173913	0.210526315789	0.177570093458
122	1	1	0	0.0	0.0	0.0	0.132653061224	0.0
123	1	1	0	0.0	0.0	0.0	0.0	0.0
124	1	1	0	0.0	0.0	0.0	0.150442477876	0.0
125	1	1	0	0.294736842105	0.388888888889	0.220338983051	0.196581196581	0.221153846154
126	1	1	0	0.0	0.0	0.0	0.0891089108911	0.0
127	1	1	0	0.0	0.0	0.0	0.0	0.101123595506
128	1	1	0	0.0	0.0	0.0	0.0	0.0
129	1	1	0	0.0	0.0	0.0	0.0	0.0
130	1	1	0	0.0	0.0	0.0	0.0	0.0
131	1	1	0	0.0	0.0	0.0	0.116504854369	0.0
132	1	1	0	0.0	0.0	0.0	0.0	0.0
133	1	1	0	0.285714285714	0.212765957447	0.152	0.367346938776	0.133333333333
134	1	1	0	0.317073170732	0.217391304348	0.188118811881	0.175438596491	0.211111111111
135	1	1	0	0.0	0.0	0.0	0.0	0.0
136	1	1	0	0.0	0.0	0.161290322581	0.0	0.0
137	1	1	0	0.194915254237	0.242990654206	0.181818181818	0.14606741573	0.21359223301
138	1	1	0	0.0	0.0	0.0	0.0	0.0
139	1	1	0	0.281553398058	0.256880733945	0.152380952381	0.19	0.226804123711
140	1	1	0	0.21359223301	0.317307692308	0.224489795918	0.168224299065	0.262626262626
141	1	1	0	0.0	0.0	0.0	0.0	0.0
142	1	1	0	0.0	0.19512195122	0.0	0.0	0.157303370787
143	1	1	0	0.0	0.0	0.0	0.0	0.0
144	1	1	0	0.0	0.0	0.0	0.0	0.147058823529
145	1	1	0	0.0	0.0	0.0	0.165048543689	0.0
146	1	1	0	0.252631578947	0.163043478261	0.320388349515	0.361904761905	0.122448979592
147	1	1	0	0.0	0.0	0.0	0.0	0.0
148	1	1	0	0.0	0.0	0.0	0.0	0.0
149	1	1	0	0.0	0.0	0.0	0.147058823529	0.0
150	1	1	0	0.0	0.146341463415	0.0	0.0	0.147727272727
151	1	1	0	0.0	0.0	0.0	0.0	0.0
152	1	1	0	0.0	0.0	0.0	0.0	0.0
153	1	1	0	0.0	0.0	0.0	0.0	0.0
154	1	1	0	0.0	0.270833333333	0.326086956522	0.164948453608	0.0
155	1	1	0	0.0	0.0	0.0	0.0	0.0
156	1	1	0	0.262626262626	0.303370786517	0.21359223301	0.158415841584	0.175925925926
157	1	1	0	0.267326732673	0.171717171717	0.13829787234	0.174311926606	0.194444444444
158	1	1	0	0.0	0.0	0.0	0.0	0.0
159	1	1	0	0.0	0.0	0.0	0.0	0.0
160	1	1	0	0.0	0.0	0.0	0.0	0.0
161	1	1	0	0.0	0.269565217391	0.185567010309	0.163265306122	0.0
162	1	1	0	0.0	0.260416666667	0.295918367347	0.1875	0.0
163	1	1	0	0.0	0.25	0.0	0.0	0.211538461538
164	1	1	0	0.0	0.0	0.0	0.0	0.0
165	1	1	0	0.0	0.0	0.0	0.0	0.0
166	1	1	0	0.268041237113	0.222222222222	0.237113402062	0.212765957447	0.1640625
167	1	1	0	0.0	0.0	0.0	0.164948453608	0.0
168	1	1	0	0.330508474576	0.314285714286	0.209523809524	0.228915662651	0.207920792079
169	1	1	0	0.0	0.0	0.0	0.0	0.0
170	1	1	0	0.0	0.0	0.0	0.0	0.0
171	1	1	0	0.353535353535	0.358333333333	0.190476190476	0.145299145299	0.22641509434
172	1	1	0	0.0	0.0	0.0	0.0	0.0
173	1	1	0	0.0	0.0	0.116883116883	0.0	0.0
174	1	1	0	0.0	0.0	0.0	0.0	0.0
175	1	1	0	0.0	0.0	0.0	0.0	0.0
176	1	1	0	0.0	0.0	0.0	0.0	0.0
177	1	1	0	0.0	0.0	0.0	0.0	0.0
178	1	1	0	0.0	0.0	0.0	0.0	0.0
179	1	1	0	0.0	0.0	0.0	0.0	0.0
180	1	1	0	0.0	0.0	0.109589041096	0.0	0.0
181	1	1	0	0.0	0.0	0.0	0.0	0.168674698795
182	1	1	0	0.318181818182	0.193548387097	0.145833333333	0.395348837209	0.155555555556
183	1	1	0	0.0	0.294736842105	0.272727272727	0.126315789474	0.0
184	1	1	0	0.295918367347	0.137254901961	0.154545454545	0.197674418605	0.15625
185	1	1	0	0.0	0.0	0.0	0.0	0.151515151515
186	1	1	0	0.0	0.0	0.0	0.0	0.0
187	1	1	0	0.0	0.0	0.0	0.0	0.0
188	1	1	0	0.0	0.0	0.0	0.127906976744	0.0
189	1	1	0	0.247422680412	0.23595505618	0.257142857143	0.189473684211	0.135922330097
190	1	1	0	0.0	0.0	0.0	0.0	0.0
191	1	1	0	0.270833333333	0.38679245283	0.21	0.147058823529	0.155339805825
192	1	1	0	0.0	0.0	0.0	0.0	0.0
193	1	1	0	0.0	0.0	0.0	0.0	0.0
194	1	1	0	0.183673469388	0.247311827957	0.247619047619	0.204819277108	0.215909090909
195	1	1	0	0.0	0.0	0.166666666667	0.0	0.0
196	1	1	0	0.0	0.0	0.0	0.0	0.0
197	1	1	0	0.0	0.0	0.0	0.0	0.113636363636
198	1	1	0	0.324561403509	0.183673469388	0.19387755102	0.136842105263	0.1875
199	1	1	0	0.0	0.0	0.0	0.161904761905	0.0
200	1	1	0	0.0	0.0	0.0	0.119565217391	0.0
