gene_id	sample0	sample0	sample1	sample1	sample2	sample2	sample3	sample3	sample4	sample4	sample5	sample5	sample6	sample6	sample7	sample7	sample8	sample8	sample9	sample9
0	73	20	101	0	103	0	87	19	112	0	94	0	101	0	98	10	79	29	92	0
1	90	0	91	0	105	0	84	16	101	0	56	26	70	21	91	8	97	0	79	16
2	98	0	92	20	95	16	48	39	67	32	45	50	57	37	95	11	101	0	69	32
3	86	0	83	11	104	0	96	0	109	0	129	0	115	0	103	0	111	0	99	0
4	97	0	114	0	86	0	93	0	92	0	88	17	116	0	107	0	119	0	101	0
5	81	39	98	0	105	0	92	19	105	0	106	0	98	0	90	11	68	33	95	0
6	93	0	99	0	84	0	79	18	90	0	72	26	81	26	109	9	98	0	77	28
7	84	0	94	0	86	23	96	0	89	21	93	0	94	0	105	18	96	0	94	0
8	102	0	125	0	94	19	103	0	85	22	100	0	96	0	82	12	86	0	110	0
9	112	0	70	21	90	0	91	0	93	0	101	0	91	0	111	0	108	0	99	0
10	87	0	88	12	112	0	106	0	94	0	95	0	93	0	99	0	97	0	106	0
11	91	0	106	0	72	14	104	0	82	32	103	0	108	0	77	12	91	0	103	0
12	66	30	106	0	72	0	83	16	98	0	102	0	107	0	111	20	63	32	92	0
13	95	0	108	0	94	0	97	10	84	0	62	32	75	32	97	14	106	0	97	32
14	107	0	100	0	76	18	103	0	73	28	106	0	96	0	101	14	105	0	104	0
15	98	0	98	0	117	0	115	22	103	0	59	31	71	19	89	15	101	0	72	12
16	84	0	84	21	95	0	87	0	102	0	100	0	97	0	73	0	92	0	98	0
17	67	28	96	0	102	0	84	23	105	0	95	0	109	0	81	10	74	29	82	0
18	104	0	80	11	84	11	73	24	82	20	44	37	52	51	98	17	110	0	71	31
19	99	0	112	0	79	15	119	0	75	32	99	0	94	0	79	14	88	0	83	0
20	96	0	73	27	92	0	107	0	86	0	101	0	87	0	116	0	105	0	112	0
21	88	33	88	0	107	0	96	15	101	0	104	0	86	0	77	16	65	31	98	0
22	93	0	90	0	69	21	89	0	80	21	98	0	105	0	89	19	95	0	95	0
23	87	0	115	0	88	0	104	0	109	0	71	16	93	0	101	0	103	0	99	0
24	88	0	108	0	90	0	97	0	125	0	82	18	100	0	103	0	99	0	125	0
25	98	0	93	0	88	0	87	16	88	0	65	36	74	26	87	10	99	0	78	18
26	85	0	81	19	105	0	88	0	86	0	99	0	113	0	99	0	112	0	95	0
27	78	0	102	0	104	0	81	20	119	0	63	34	67	28	79	14	87	0	88	22
28	95	0	91	0	91	13	104	0	85	33	97	0	110	0	94	11	103	0	104	0
29	99	0	116	0	86	0	83	23	88	0	47	31	69	32	90	11	120	0	93	13
30	68	23	108	0	112	0	96	13	107	0	104	0	119	0	102	14	79	38	106	0
31	103	0	97	0	107	0	93	15	107	0	58	30	75	31	83	19	103	0	77	15
32	87	0	86	0	71	18	90	0	83	25	102	0	113	0	88	6	104	0	97	0
33	102	0	105	0	96	0	113	0	82	0	67	28	101	0	82	15	84	0	75	27
34	88	0	113	0	101	0	102	0	96	0	67	13	110	0	117	0	115	0	95	0
35	53	19	108	0	101	0	84	13	96	0	106	0	112	0	85	9	74	33	87	0
36	95	0	110	0	94	0	78	20	98	0	73	29	70	29	81	10	110	0	80	16
37	71	18	104	0	104	0	97	17	102	0	77	0	119	0	85	15	60	31	117	0
38	103	0	114	0	69	19	87	0	72	28	100	0	113	0	84	9	92	0	102	0
39	57	27	96	0	118	0	74	17	95	0	100	0	116	0	76	17	77	30	90	0
40	74	20	88	0	100	0	84	24	87	0	80	0	90	0	94	22	79	24	96	0
41	74	42	105	0	119	0	70	20	107	0	109	0	113	0	99	13	62	28	109	0
42	111	0	112	12	91	0	108	0	101	0	101	0	110	0	102	0	88	0	99	0
43	76	38	94	0	108	0	79	20	112	0	81	0	103	0	79	14	92	24	109	0
44	98	0	95	0	84	14	97	0	67	34	94	0	100	0	83	18	86	0	103	0
45	90	0	75	19	109	0	97	0	98	0	105	0	104	0	89	0	107	0	126	0
46	96	0	88	11	99	0	101	0	92	0	96	0	102	0	117	0	99	0	109	0
47	89	0	106	0	119	0	100	0	105	0	89	15	119	0	98	0	99	0	95	0
48	100	0	87	0	97	0	93	21	103	0	61	34	86	29	91	13	115	0	71	17
49	111	0	74	21	80	11	85	27	71	24	49	54	58	48	83	18	98	0	61	29
50	65	29	103	0	85	0	88	15	129	0	95	0	92	0	79	9	82	25	96	0
51	88	0	110	0	112	0	114	0	86	0	95	15	95	0	101	0	97	0	99	0
52	88	0	94	0	73	14	94	0	58	26	95	0	104	0	92	11	96	0	88	0
53	99	0	74	34	91	18	115	0	82	0	103	0	85	0	91	0	71	13	94	0
54	91	0	98	0	103	0	101	0	92	0	78	15	107	0	103	0	93	0	101	0
55	120	0	113	0	107	0	78	20	103	0	78	40	71	29	82	14	108	0	72	26
56	92	22	54	36	49	39	62	32	77	24	56	53	55	49	76	17	60	19	42	49
57	105	0	114	0	109	0	86	17	95	0	71	37	71	34	89	10	91	0	88	13
58	105	0	102	0	118	0	71	11	97	0	48	28	69	31	87	9	118	0	77	17
59	70	31	95	0	103	0	68	17	99	0	99	0	98	0	93	8	69	32	89	0
60	108	0	114	0	90	0	73	21	95	0	75	41	74	21	89	16	105	0	65	25
61	102	0	90	0	90	0	89	0	97	0	78	11	103	0	102	0	108	0	99	0
62	94	0	114	0	83	17	97	0	85	29	95	0	94	0	92	14	110	0	114	0
63	79	30	119	0	76	0	81	19	96	0	122	0	90	0	74	15	69	24	124	0
64	109	0	80	22	106	0	88	0	108	0	101	0	93	0	97	0	103	0	126	0
65	72	26	128	0	95	0	85	21	104	0	93	0	107	0	93	16	78	29	116	0
66	94	0	81	20	99	12	64	24	85	34	52	55	50	40	79	12	90	0	78	36
67	86	0	101	0	106	0	95	15	94	0	71	24	79	20	93	11	81	0	89	11
68	90	0	87	0	95	0	96	18	93	0	66	33	64	14	93	11	101	0	94	22
69	63	26	94	0	96	0	82	11	72	0	99	0	103	0	84	15	71	37	75	0
70	103	0	90	0	124	0	88	15	81	0	80	26	80	27	87	14	115	0	100	24
71	83	26	68	0	121	0	82	21	89	0	93	0	92	0	99	16	63	26	96	0
72	70	32	127	0	79	0	70	17	85	0	117	0	106	0	70	10	73	31	109	0
73	80	0	83	22	94	0	101	0	115	0	101	0	104	0	97	0	84	0	89	0
74	102	0	73	21	102	0	99	0	94	0	98	0	107	0	111	0	101	0	102	0
75	99	0	76	0	102	0	87	19	103	0	69	35	70	27	81	13	106	0	75	22
76	72	31	96	0	113	0	86	20	94	0	98	0	91	0	91	14	73	28	113	0
77	64	21	108	0	89	0	83	20	90	0	88	0	115	0	68	16	79	24	87	0
78	92	0	82	0	90	14	86	0	55	23	102	0	110	0	88	12	105	0	84	0
79	96	0	109	0	110	0	77	15	91	0	69	27	78	25	86	19	89	0	70	17
80	94	0	93	0	90	0	104	21	106	0	66	45	106	28	102	15	97	0	75	20
81	103	0	101	0	93	0	120	0	92	0	85	19	114	0	101	0	94	0	110	0
82	113	0	77	25	73	13	59	29	67	23	45	52	57	42	73	16	103	0	62	30
83	101	0	99	0	90	0	113	0	94	0	52	46	102	0	101	16	103	0	86	11
84	101	0	81	16	83	17	70	31	90	22	44	56	46	59	86	14	101	0	57	35
85	81	28	93	0	110	0	70	26	101	0	78	0	88	0	94	17	83	35	107	0
86	94	0	99	0	70	18	112	0	69	31	99	0	95	0	79	21	95	0	98	0
87	98	0	79	15	88	16	57	35	66	29	55	53	52	45	94	15	116	0	74	37
88	59	23	108	0	95	0	70	15	105	0	115	0	97	0	84	14	74	29	96	0
89	97	0	67	20	88	0	106	0	96	0	103	0	80	0	88	0	99	0	99	0
90	92	0	95	0	68	8	101	0	75	21	97	0	108	0	77	12	97	0	95	0
91	113	0	99	0	98	0	78	16	101	0	53	28	89	30	73	15	90	0	78	16
92	85	0	98	0	80	20	99	0	80	23	73	0	97	0	87	20	103	0	90	0
93	91	0	109	0	100	0	94	0	100	0	93	15	107	0	99	0	102	0	91	0
94	96	28	97	0	115	0	87	26	97	0	97	0	81	0	93	12	74	31	97	0
95	100	0	84	16	100	0	87	0	86	0	111	0	103	0	106	0	77	0	98	0
96	69	30	108	0	101	0	79	21	101	0	97	0	92	0	78	13	64	23	93	0
97	76	32	112	0	94	0	78	17	109	0	77	0	91	0	96	11	66	24	95	0
98	85	0	75	30	78	16	85	0	109	0	107	0	106	0	97	0	88	24	102	0
99	92	0	66	42	64	9	97	0	112	0	89	0	88	0	94	0	88	13	98	0
