#chr	position	description	normal	sample0	sample1	sample2	sample3	sample4	sample5	sample6	sample7	sample8	sample9	sample10	sample11	sample12	sample13	sample14	sample15	sample16	sample17	sample18	sample19
1	1	1	0	0.134615384615	0.0	0.0	0.0	0.0	0.0	0.0	0.134831460674	0.282608695652	0.0	0.0	0.136842105263	0.181818181818	0.22641509434	0.0	0.211538461538	0.0	0.239316239316	0.0	0.0
2	1	1	0	0.119266055046	0.0	0.0	0.0	0.0	0.0	0.0	0.104166666667	0.21	0.0	0.0	0.137254901961	0.141304347826	0.207920792079	0.0	0.209302325581	0.0	0.179487179487	0.0	0.0
3	1	1	0	0.171717171717	0.0	0.0	0.0	0.0	0.0	0.0	0.182692307692	0.244680851064	0.0	0.0	0.150537634409	0.172043010753	0.175925925926	0.0	0.227722772277	0.0	0.118811881188	0.0	0.0
4	1	1	0	0.196581196581	0.31067961165	0.247787610619	0.166666666667	0.333333333333	0.235294117647	0.137931034483	0.34	0.255555555556	0.0	0.0	0.120879120879	0.0681818181818	0.0	0.0	0.0	0.488636363636	0.0	0.322916666667	0.283582089552
5	1	1	0	0.139344262295	0.0	0.239130434783	0.0	0.0	0.0	0.0	0.0	0.0	0.0	0.0	0.0	0.135416666667	0.154545454545	0.0	0.0	0.0	0.0	0.0	0.0
6	1	1	0	0.161904761905	0.0	0.237623762376	0.0	0.0	0.0	0.258064516129	0.0	0.0	0.194444444444	0.180952380952	0.0	0.131313131313	0.146341463415	0.217821782178	0.0	0.0	0.196581196581	0.0	0.25
7	1	1	0	0.116071428571	0.0	0.0	0.0	0.0	0.0	0.0	0.168539325843	0.325842696629	0.0	0.0	0.177083333333	0.14	0.19587628866	0.0	0.245283018868	0.0	0.195652173913	0.0	0.0
8	1	1	0	0.19587628866	0.0	0.252336448598	0.0	0.0	0.0	0.0	0.0	0.0	0.0	0.0	0.0	0.14	0.147826086957	0.0	0.0	0.0	0.0	0.0	0.0
9	1	1	0	0.104166666667	0.158536585366	0.0	0.0	0.183908045977	0.0	0.0	0.0	0.0	0.308411214953	0.25	0.160377358491	0.102803738318	0.148148148148	0.1875	0.225490196078	0.0	0.136363636364	0.0	0.0
10	1	1	0	0.0970873786408	0.152380952381	0.0	0.0	0.255813953488	0.0	0.0	0.0	0.0	0.278350515464	0.268041237113	0.145631067961	0.0869565217391	0.1	0.130841121495	0.150537634409	0.0	0.110091743119	0.0	0.0
11	1	1	0	0.136752136752	0.0	0.346153846154	0.0	0.0	0.0	0.244444444444	0.0	0.0	0.254385964912	0.19387755102	0.0	0.191011235955	0.161016949153	0.174311926606	0.0	0.0	0.129032258065	0.0	0.254237288136
12	1	1	0	0.119266055046	0.130434782609	0.303370786517	0.285714285714	0.0	0.205357142857	0.22	0.179487179487	0.0	0.0	0.0	0.0	0.0	0.0	0.0	0.0	0.323529411765	0.0	0.259259259259	0.333333333333
13	1	1	0	0.145631067961	0.0	0.0	0.0	0.0	0.0	0.0	0.175438596491	0.254716981132	0.0	0.0	0.197916666667	0.125	0.181818181818	0.0	0.165137614679	0.0	0.266666666667	0.0	0.0
14	1	1	0	0.0841121495327	0.0	0.28431372549	0.0	0.0	0.0	0.197368421053	0.0	0.0	0.239583333333	0.311827956989	0.0	0.142857142857	0.25	0.166666666667	0.0	0.0	0.129032258065	0.0	0.158415841584
15	1	1	0	0.11	0.0	0.0	0.0	0.0	0.0	0.0	0.258064516129	0.317307692308	0.0	0.0	0.108333333333	0.134615384615	0.222222222222	0.0	0.136842105263	0.0	0.178571428571	0.0	0.0
16	1	1	0	0.301886792453	0.317757009346	0.196078431373	0.504504504505	0.340425531915	0.376146788991	0.223140495868	0.45652173913	0.474226804124	0.0	0.0	0.284090909091	0.316326530612	0.178947368421	0.125	0.378640776699	0.406976744186	0.178217821782	0.461538461538	0.269230769231
17	1	1	0	0.0	0.136842105263	0.0	0.0	0.319587628866	0.0	0.0	0.25	0.215517241379	0.0	0.0	0.206896551724	0.0	0.0	0.0	0.0	0.0	0.0	0.0	0.0
18	1	1	0	0.175824175824	0.348314606742	0.261261261261	0.36	0.294642857143	0.302752293578	0.326923076923	0.291262135922	0.239583333333	0.0	0.0	0.177966101695	0.07	0.0	0.0	0.0	0.404494382022	0.0	0.278260869565	0.241071428571
19	1	1	0	0.146788990826	0.150537634409	0.428571428571	0.260416666667	0.0	0.23	0.287037037037	0.140186915888	0.0	0.0	0.0	0.0	0.0	0.0	0.0	0.0	0.330275229358	0.0	0.324324324324	0.264705882353
20	1	1	0	0.136363636364	0.148514851485	0.257425742574	0.345679012346	0.0	0.360824742268	0.296610169492	0.168224299065	0.0	0.0	0.0	0.0	0.0	0.0	0.0	0.0	0.289719626168	0.0	0.252336448598	0.184782608696
21	1	1	0	0.128440366972	0.0	0.0	0.0	0.0	0.0	0.0	0.130434782609	0.273684210526	0.0	0.0	0.168316831683	0.112244897959	0.219512195122	0.0	0.201754385965	0.0	0.210526315789	0.0	0.0
22	1	1	0	0.125	0.170212765957	0.382352941176	0.287234042553	0.0	0.224719101124	0.234042553191	0.170212765957	0.0	0.0	0.0	0.0	0.0	0.0	0.0	0.0	0.287037037037	0.0	0.238095238095	0.247311827957
23	1	1	0	0.205357142857	0.352380952381	0.13829787234	0.239583333333	0.340909090909	0.301075268817	0.264150943396	0.303571428571	0.269662921348	0.0	0.0	0.17	0.0777777777778	0.0	0.0	0.0	0.469387755102	0.0	0.225806451613	0.274336283186
24	1	1	0	0.128712871287	0.0	0.0	0.0	0.0	0.0	0.0	0.161616161616	0.206896551724	0.0	0.0	0.123711340206	0.144329896907	0.192307692308	0.0	0.22619047619	0.0	0.141304347826	0.0	0.0
25	1	1	0	0.148936170213	0.0	0.0	0.0	0.0	0.0	0.0	0.152173913043	0.216981132075	0.0	0.0	0.137614678899	0.157407407407	0.166666666667	0.0	0.212962962963	0.0	0.170454545455	0.0	0.0
26	1	1	0	0.145631067961	0.0	0.0	0.0	0.0	0.0	0.0	0.172413793103	0.255319148936	0.0	0.0	0.141509433962	0.234567901235	0.241071428571	0.0	0.193181818182	0.0	0.252427184466	0.0	0.0
27	1	1	0	0.111111111111	0.0957446808511	0.307692307692	0.232142857143	0.0	0.36	0.263736263736	0.132653061224	0.0	0.0	0.0	0.0	0.0	0.0	0.0	0.0	0.27358490566	0.0	0.242424242424	0.264705882353
28	1	1	0	0.16091954023	0.0	0.282258064516	0.0	0.0	0.0	0.0	0.0	0.0	0.0	0.0	0.0	0.0990990990991	0.142857142857	0.0	0.0	0.0	0.0	0.0	0.0
29	1	1	0	0.111111111111	0.0	0.0	0.0	0.0	0.0	0.0	0.0990099009901	0.18085106383	0.0	0.0	0.216216216216	0.184466019417	0.21568627451	0.0	0.159090909091	0.0	0.252427184466	0.0	0.0
30	1	1	0	0.140186915888	0.0	0.0	0.0	0.0	0.0	0.0	0.117021276596	0.297297297297	0.0	0.0	0.0947368421053	0.16393442623	0.279279279279	0.0	0.192307692308	0.0	0.137931034483	0.0	0.0
31	1	1	0	0.118279569892	0.467889908257	0.263157894737	0.252336448598	0.330434782609	0.229166666667	0.186274509804	0.303921568627	0.191011235955	0.0	0.0	0.196078431373	0.106796116505	0.0	0.0	0.0	0.554347826087	0.0	0.29203539823	0.25641025641
32	1	1	0	0.115384615385	0.0	0.0	0.0	0.0	0.0	0.0	0.156862745098	0.217821782178	0.0	0.0	0.165137614679	0.0909090909091	0.278846153846	0.0	0.195652173913	0.0	0.181818181818	0.0	0.0
33	1	1	0	0.25	0.376146788991	0.279569892473	0.460869565217	0.35632183908	0.576576576577	0.243243243243	0.52427184466	0.43956043956	0.0	0.0	0.320754716981	0.222222222222	0.171428571429	0.154639175258	0.375	0.479166666667	0.20202020202	0.586206896552	0.290322580645
34	1	1	0	0.111111111111	0.0	0.0	0.0	0.0	0.0	0.0	0.127906976744	0.220338983051	0.0	0.0	0.24	0.135922330097	0.132743362832	0.0	0.225225225225	0.0	0.147368421053	0.0	0.0
35	1	1	0	0.164835164835	0.0	0.0	0.0	0.0	0.0	0.0	0.170454545455	0.320754716981	0.0	0.0	0.130841121495	0.177570093458	0.228070175439	0.0	0.247422680412	0.0	0.2	0.0	0.0
36	1	1	0	0.0869565217391	0.0	0.0	0.0	0.0	0.0	0.0	0.145833333333	0.237623762376	0.0	0.0	0.127659574468	0.0916666666667	0.155555555556	0.0	0.25	0.0	0.15	0.0	0.0
37	1	1	0	0.160377358491	0.153153153153	0.25	0.26582278481	0.0	0.309090909091	0.214285714286	0.104761904762	0.0	0.0	0.0	0.0	0.0	0.0	0.0	0.0	0.224299065421	0.0	0.220183486239	0.255319148936
38	1	1	0	0.130434782609	0.367924528302	0.285714285714	0.247933884298	0.305785123967	0.280701754386	0.204819277108	0.300884955752	0.259615384615	0.0	0.0	0.210526315789	0.116504854369	0.0	0.0	0.0	0.602040816327	0.0	0.305084745763	0.354545454545
39	1	1	0	0.163265306122	0.0	0.0	0.0	0.0	0.0	0.0	0.136363636364	0.281553398058	0.0	0.0	0.25	0.141414141414	0.268041237113	0.0	0.193277310924	0.0	0.131313131313	0.0	0.0
40	1	1	0	0.121495327103	0.357142857143	0.213483146067	0.23	0.285714285714	0.330357142857	0.319587628866	0.255102040816	0.316831683168	0.0	0.0	0.202127659574	0.0952380952381	0.0	0.0	0.0	0.579439252336	0.0	0.333333333333	0.234042553191
41	1	1	0	0.116071428571	0.0	0.236559139785	0.0	0.0	0.0	0.298076923077	0.0	0.0	0.267857142857	0.171428571429	0.0	0.208333333333	0.2	0.1875	0.0	0.0	0.148148148148	0.0	0.237623762376
42	1	1	0	0.214953271028	0.0	0.172413793103	0.0	0.0	0.0	0.221052631579	0.0	0.0	0.239583333333	0.264150943396	0.0	0.135135135135	0.208333333333	0.144329896907	0.0	0.0	0.196581196581	0.0	0.340659340659
43	1	1	0	0.1	0.0	0.0	0.0	0.0	0.0	0.0	0.20202020202	0.290697674419	0.0	0.0	0.137931034483	0.175824175824	0.252631578947	0.0	0.163461538462	0.0	0.272727272727	0.0	0.0
44	1	1	0	0.120689655172	0.329411764706	0.345794392523	0.351648351648	0.342857142857	0.247619047619	0.305882352941	0.323529411765	0.247787610619	0.0	0.0	0.169642857143	0.0816326530612	0.0	0.0	0.0	0.516129032258	0.0	0.280701754386	0.226086956522
45	1	1	0	0.09	0.0	0.0	0.0	0.0	0.0	0.0	0.15625	0.189473684211	0.0	0.0	0.126315789474	0.126213592233	0.201612903226	0.0	0.168539325843	0.0	0.227272727273	0.0	0.0
46	1	1	0	0.166666666667	0.0	0.27358490566	0.0	0.0	0.0	0.235849056604	0.0	0.0	0.282608695652	0.177215189873	0.0	0.139784946237	0.146788990826	0.125	0.0	0.0	0.162790697674	0.0	0.210526315789
47	1	1	0	0.172727272727	0.0	0.0	0.0	0.0	0.0	0.0	0.162790697674	0.268292682927	0.0	0.0	0.20618556701	0.111111111111	0.141509433962	0.0	0.196261682243	0.0	0.194444444444	0.0	0.0
48	1	1	0	0.157407407407	0.0	0.0	0.0	0.0	0.0	0.0	0.148148148148	0.254716981132	0.0	0.0	0.151515151515	0.105263157895	0.242424242424	0.0	0.166666666667	0.0	0.203703703704	0.0	0.0
49	1	1	0	0.0	0.165137614679	0.0	0.0	0.212121212121	0.0	0.0	0.221052631579	0.268041237113	0.0	0.0	0.212121212121	0.0	0.0	0.0	0.0	0.0	0.0	0.0	0.0
50	1	1	0	0.147058823529	0.394230769231	0.272727272727	0.329411764706	0.302752293578	0.178947368421	0.242718446602	0.434782608696	0.275510204082	0.0	0.0	0.171717171717	0.103448275862	0.0	0.0	0.0	0.43023255814	0.0	0.322222222222	0.242424242424
51	1	1	0	0.102564102564	0.0932203389831	0.238636363636	0.278481012658	0.0	0.262626262626	0.271739130435	0.126436781609	0.0	0.0	0.0	0.0	0.0	0.0	0.0	0.0	0.314285714286	0.0	0.238095238095	0.241666666667
52	1	1	0	0.123711340206	0.0	0.0	0.0	0.186274509804	0.0	0.0	0.0	0.0	0.0	0.0	0.0	0.152941176471	0.112359550562	0.117021276596	0.23	0.0	0.175438596491	0.0	0.0
53	1	1	0	0.141509433962	0.0	0.0	0.0	0.0	0.0	0.0	0.183673469388	0.27358490566	0.0	0.0	0.127450980392	0.150537634409	0.247422680412	0.0	0.172727272727	0.0	0.2	0.0	0.0
54	1	1	0	0.132653061224	0.0	0.268041237113	0.0	0.0	0.0	0.264705882353	0.0	0.0	0.243243243243	0.2	0.0	0.105769230769	0.113636363636	0.151785714286	0.0	0.0	0.164948453608	0.0	0.245454545455
55	1	1	0	0.152	0.0	0.27380952381	0.0	0.0	0.0	0.0	0.0	0.0	0.0	0.0	0.0	0.174311926606	0.247191011236	0.0	0.0	0.0	0.0	0.0	0.0
56	1	1	0	0.16	0.0	0.0	0.0	0.0	0.0	0.0	0.125	0.242105263158	0.0	0.0	0.173469387755	0.205607476636	0.129032258065	0.0	0.239583333333	0.0	0.25	0.0	0.0
57	1	1	0	0.273684210526	0.371428571429	0.311827956989	0.436781609195	0.304347826087	0.514563106796	0.245454545455	0.522522522523	0.514851485149	0.0	0.0	0.430107526882	0.27619047619	0.141304347826	0.142857142857	0.357142857143	0.495575221239	0.168421052632	0.5	0.17
58	1	1	0	0.211009174312	0.0	0.0	0.0	0.0	0.0	0.0	0.183673469388	0.29347826087	0.0	0.0	0.198347107438	0.161616161616	0.142857142857	0.0	0.19801980198	0.0	0.153846153846	0.0	0.0
59	1	1	0	0.0	0.162790697674	0.0	0.0	0.382352941176	0.0	0.0	0.182692307692	0.23	0.0	0.0	0.164835164835	0.0	0.0	0.0	0.0	0.0	0.0	0.0	0.0
60	1	1	0	0.182926829268	0.2	0.194174757282	0.241758241758	0.0	0.283018867925	0.218390804598	0.189655172414	0.0	0.0	0.0	0.0	0.0	0.0	0.0	0.0	0.274336283186	0.0	0.205882352941	0.222222222222
61	1	1	0	0.145631067961	0.397435897436	0.259259259259	0.29702970297	0.308641975309	0.27619047619	0.268817204301	0.366666666667	0.28431372549	0.0	0.0	0.0752688172043	0.0116279069767	0.0	0.0	0.0	0.475	0.0	0.313253012048	0.21686746988
62	1	1	0	0.0952380952381	0.0	0.0	0.0	0.0	0.0	0.0	0.175824175824	0.242105263158	0.0	0.0	0.186813186813	0.132653061224	0.25	0.0	0.234782608696	0.0	0.2	0.0	0.0
63	1	1	0	0.145631067961	0.0	0.0	0.0	0.0	0.0	0.0	0.193181818182	0.264462809917	0.0	0.0	0.140350877193	0.178571428571	0.188034188034	0.0	0.215053763441	0.0	0.168316831683	0.0	0.0
64	1	1	0	0.176470588235	0.0987654320988	0.25	0.358490566038	0.0	0.29	0.201754385965	0.0888888888889	0.0	0.0	0.0	0.0	0.0	0.0	0.0	0.0	0.39175257732	0.0	0.274193548387	0.223529411765
65	1	1	0	0.296296296296	0.316239316239	0.247787610619	0.5625	0.349514563107	0.466019417476	0.259615384615	0.538461538462	0.534482758621	0.0	0.0	0.364485981308	0.222222222222	0.204545454545	0.0909090909091	0.348314606742	0.551724137931	0.146551724138	0.47619047619	0.34
66	1	1	0	0.116279069767	0.0	0.185185185185	0.0	0.0	0.0	0.240384615385	0.0	0.0	0.205128205128	0.265306122449	0.0	0.144230769231	0.0891089108911	0.207547169811	0.0	0.0	0.168316831683	0.0	0.215909090909
67	1	1	0	0.189473684211	0.0	0.0	0.0	0.0	0.0	0.0	0.203703703704	0.231481481481	0.0	0.0	0.191489361702	0.104651162791	0.192660550459	0.0	0.204545454545	0.0	0.197530864198	0.0	0.0
68	1	1	0	0.135135135135	0.413043478261	0.303921568627	0.223300970874	0.29702970297	0.25	0.303921568627	0.255555555556	0.255555555556	0.0	0.0	0.159574468085	0.12389380531	0.0	0.0	0.0	0.459459459459	0.0	0.264150943396	0.239130434783
69	1	1	0	0.103448275862	0.0	0.0	0.0	0.21359223301	0.0	0.0	0.0	0.0	0.0	0.0	0.0	0.153846153846	0.145631067961	0.19387755102	0.151162790698	0.0	0.136842105263	0.0	0.0
70	1	1	0	0.161616161616	0.354166666667	0.247311827957	0.272727272727	0.306306306306	0.296296296296	0.195402298851	0.285714285714	0.317307692308	0.0	0.0	0.117647058824	0.0795454545455	0.0	0.0	0.0	0.454545454545	0.0	0.25	0.289719626168
71	1	1	0	0.16	0.157894736842	0.0	0.0	0.19587628866	0.0	0.0	0.0	0.0	0.247619047619	0.299065420561	0.145833333333	0.141414141414	0.121951219512	0.214285714286	0.114583333333	0.0	0.125	0.0	0.0
72	1	1	0	0.134831460674	0.0	0.0	0.0	0.0	0.0	0.0	0.0860215053763	0.239583333333	0.0	0.0	0.117021276596	0.168421052632	0.117021276596	0.0	0.224489795918	0.0	0.18018018018	0.0	0.0
73	1	1	0	0.0	0.151260504202	0.0	0.0	0.276595744681	0.0	0.0	0.164835164835	0.247058823529	0.0	0.0	0.133333333333	0.0	0.0	0.0	0.0	0.0	0.0	0.0	0.0
74	1	1	0	0.155339805825	0.0	0.0	0.0	0.0	0.0	0.0	0.0909090909091	0.242105263158	0.0	0.0	0.266666666667	0.125	0.228571428571	0.0	0.184782608696	0.0	0.304761904762	0.0	0.0
75	1	1	0	0.194444444444	0.30612244898	0.2125	0.201923076923	0.3	0.261682242991	0.25	0.321100917431	0.233009708738	0.0	0.0	0.163636363636	0.100917431193	0.0	0.0	0.0	0.479591836735	0.0	0.232323232323	0.318181818182
76	1	1	0	0.161904761905	0.0	0.0	0.0	0.0	0.0	0.0	0.150943396226	0.276595744681	0.0	0.0	0.138211382114	0.177083333333	0.144230769231	0.0	0.234693877551	0.0	0.16091954023	0.0	0.0
77	1	1	0	0.168421052632	0.327272727273	0.245283018868	0.182608695652	0.255555555556	0.353535353535	0.254545454545	0.32967032967	0.243902439024	0.0	0.0	0.152380952381	0.134615384615	0.0	0.0	0.0	0.510204081633	0.0	0.197368421053	0.25
78	1	1	0	0.159574468085	0.0	0.0	0.0	0.0	0.0	0.0	0.0947368421053	0.197368421053	0.0	0.0	0.178571428571	0.1625	0.186046511628	0.0	0.294117647059	0.0	0.182795698925	0.0	0.0
79	1	1	0	0.0	0.157894736842	0.0	0.0	0.317757009346	0.0	0.0	0.172727272727	0.283333333333	0.0	0.0	0.157303370787	0.0	0.0	0.0	0.0	0.0	0.0	0.0	0.0
80	1	1	0	0.168316831683	0.106194690265	0.258620689655	0.282608695652	0.0	0.239583333333	0.204301075269	0.132653061224	0.0	0.0	0.0	0.0	0.0	0.0	0.0	0.0	0.290909090909	0.0	0.171171171171	0.264705882353
81	1	1	0	0.126126126126	0.142857142857	0.201923076923	0.285714285714	0.0	0.30612244898	0.277227722772	0.161290322581	0.0	0.0	0.0	0.0	0.0	0.0	0.0	0.0	0.2	0.0	0.308510638298	0.241071428571
82	1	1	0	0.0967741935484	0.0795454545455	0.0	0.0	0.217821782178	0.0	0.0	0.0	0.0	0.270833333333	0.192660550459	0.105769230769	0.103773584906	0.163636363636	0.147540983607	0.208791208791	0.0	0.181818181818	0.0	0.0
83	1	1	0	0.106382978723	0.15306122449	0.0	0.0	0.212962962963	0.0	0.0	0.0	0.0	0.236842105263	0.265306122449	0.118811881188	0.0943396226415	0.0909090909091	0.217391304348	0.11214953271	0.0	0.150537634409	0.0	0.0
84	1	1	0	0.0	0.0	0.0	0.0	0.0	0.0	0.0	0.0	0.0	0.311827956989	0.282828282828	0.0	0.0	0.0	0.0	0.0	0.0	0.0	0.0	0.0
85	1	1	0	0.146788990826	0.0	0.0	0.0	0.0	0.0	0.0	0.227272727273	0.194690265487	0.0	0.0	0.161616161616	0.2	0.166666666667	0.0	0.227722772277	0.0	0.128712871287	0.0	0.0
86	1	1	0	0.183673469388	0.274509803922	0.217391304348	0.380952380952	0.284403669725	0.30303030303	0.212962962963	0.367924528302	0.21	0.0	0.0	0.153846153846	0.126213592233	0.0	0.0	0.0	0.446601941748	0.0	0.287234042553	0.29347826087
87	1	1	0	0.118811881188	0.0	0.290697674419	0.0	0.0	0.0	0.0	0.0	0.0	0.0	0.0	0.0	0.119565217391	0.2375	0.0	0.0	0.0	0.0	0.0	0.0
88	1	1	0	0.164705882353	0.0	0.0	0.0	0.0	0.0	0.0	0.166666666667	0.278846153846	0.0	0.0	0.186274509804	0.186274509804	0.146788990826	0.0	0.26213592233	0.0	0.216	0.0	0.0
89	1	1	0	0.154639175258	0.153846153846	0.27619047619	0.281818181818	0.0	0.297297297297	0.147368421053	0.136	0.0	0.0	0.0	0.0	0.0	0.0	0.0	0.0	0.166666666667	0.0	0.258064516129	0.281818181818
90	1	1	0	0.128205128205	0.0	0.216494845361	0.0	0.0	0.0	0.2	0.0	0.0	0.166666666667	0.151898734177	0.0	0.195652173913	0.207547169811	0.27027027027	0.0	0.0	0.153846153846	0.0	0.224719101124
91	1	1	0	0.307692307692	0.446428571429	0.238095238095	0.422680412371	0.3125	0.509433962264	0.343434343434	0.554455445545	0.551401869159	0.0	0.0	0.41	0.272727272727	0.173913043478	0.157303370787	0.302752293578	0.435185185185	0.144329896907	0.505494505495	0.257425742574
92	1	1	0	0.142857142857	0.0	0.0	0.0	0.0	0.0	0.0	0.225352112676	0.28	0.0	0.0	0.165048543689	0.148148148148	0.169642857143	0.0	0.193181818182	0.0	0.280487804878	0.0	0.0
93	1	1	0	0.0934579439252	0.0	0.0	0.0	0.0	0.0	0.0	0.234567901235	0.294736842105	0.0	0.0	0.134020618557	0.17	0.158536585366	0.0	0.229357798165	0.0	0.22	0.0	0.0
94	1	1	0	0.0925925925926	0.0	0.0	0.0	0.0	0.0	0.0	0.178947368421	0.25	0.0	0.0	0.166666666667	0.24	0.227272727273	0.0	0.119658119658	0.0	0.2625	0.0	0.0
95	1	1	0	0.177083333333	0.0	0.0	0.0	0.0	0.0	0.0	0.121495327103	0.237113402062	0.0	0.0	0.210526315789	0.148148148148	0.188888888889	0.0	0.126213592233	0.0	0.194174757282	0.0	0.0
96	1	1	0	0.0888888888889	0.0	0.0	0.0	0.0	0.0	0.0	0.163265306122	0.333333333333	0.0	0.0	0.210526315789	0.2	0.197674418605	0.0	0.19387755102	0.0	0.265060240964	0.0	0.0
97	1	1	0	0.0	0.0980392156863	0.0	0.0	0.282828282828	0.0	0.0	0.1875	0.326923076923	0.0	0.0	0.235294117647	0.0	0.0	0.0	0.0	0.0	0.0	0.0	0.0
98	1	1	0	0.105769230769	0.0	0.25	0.0	0.0	0.0	0.0	0.0	0.0	0.0	0.0	0.0	0.136842105263	0.192307692308	0.0	0.0	0.0	0.0	0.0	0.0
99	1	1	0	0.0	0.163265306122	0.0	0.0	0.351063829787	0.0	0.0	0.21359223301	0.24	0.0	0.0	0.160377358491	0.0	0.0	0.0	0.0	0.0	0.0	0.0	0.0
100	1	1	0	0.105263157895	0.0	0.0	0.0	0.0	0.0	0.0	0.237113402062	0.247619047619	0.0	0.0	0.166666666667	0.12037037037	0.176470588235	0.0	0.166666666667	0.0	0.207920792079	0.0	0.0
