Num_mutations: 100
Num_samples: 10
Error_rate: 0.030000

3.477124183006535807e-01 5.647558386411889453e-01 2.964606231723303509e-01 5.155757097791797694e-01 0.000000000000000000e+00 2.661130881771451295e-01 0.000000000000000000e+00 4.062196307094266268e-01 3.579923402539810784e-01 3.421078772226085474e-01
3.544329274428902332e-01 5.800754117880532190e-01 2.957478739369684972e-01 4.980466793549033211e-01 0.000000000000000000e+00 2.580448685412648491e-01 0.000000000000000000e+00 3.761338439830679281e-01 3.400198609731877042e-01 3.454929152848960072e-01
0.000000000000000000e+00 0.000000000000000000e+00 0.000000000000000000e+00 0.000000000000000000e+00 5.751920965971459854e-01 0.000000000000000000e+00 0.000000000000000000e+00 0.000000000000000000e+00 0.000000000000000000e+00 0.000000000000000000e+00
3.409790487538476578e-01 1.631710988459608713e-01 0.000000000000000000e+00 4.935090872778110649e-01 9.924478904440640070e-01 2.630848532910388671e-01 0.000000000000000000e+00 2.220890752945875735e-01 3.539194807828820455e-01 3.491620111731843501e-01
3.481756960498542663e-01 1.593367708017389417e-01 0.000000000000000000e+00 4.938247011952191512e-01 9.909353521267058040e-01 2.569854782173259800e-01 0.000000000000000000e+00 2.029598308668076057e-01 3.653787955210329730e-01 3.408541498791297086e-01
0.000000000000000000e+00 0.000000000000000000e+00 0.000000000000000000e+00 0.000000000000000000e+00 0.000000000000000000e+00 2.364777368263771273e-01 5.865625312906779243e-01 0.000000000000000000e+00 0.000000000000000000e+00 0.000000000000000000e+00
0.000000000000000000e+00 0.000000000000000000e+00 2.461476886131679087e-01 0.000000000000000000e+00 0.000000000000000000e+00 0.000000000000000000e+00 0.000000000000000000e+00 0.000000000000000000e+00 2.969805323798172525e-01 0.000000000000000000e+00
0.000000000000000000e+00 0.000000000000000000e+00 0.000000000000000000e+00 0.000000000000000000e+00 5.821774274024548168e-01 0.000000000000000000e+00 0.000000000000000000e+00 0.000000000000000000e+00 0.000000000000000000e+00 0.000000000000000000e+00
3.281887882106940268e-01 1.644815256257449454e-01 0.000000000000000000e+00 5.040502227622519760e-01 9.919227738376674708e-01 2.543868546505730910e-01 0.000000000000000000e+00 2.203028147545981197e-01 3.461106000204436373e-01 3.519287833827893230e-01
3.399034593724858944e-01 2.727903977779982392e-01 2.893305646197962822e-01 0.000000000000000000e+00 0.000000000000000000e+00 0.000000000000000000e+00 0.000000000000000000e+00 0.000000000000000000e+00 3.414194065757819030e-01 3.269077901430842426e-01
3.434060436261757165e-01 1.571756258103121640e-01 0.000000000000000000e+00 5.136765888978278571e-01 9.821554592196793942e-01 2.632789836951085483e-01 0.000000000000000000e+00 2.095276544206701730e-01 3.493178170144462524e-01 3.426847662141779827e-01
0.000000000000000000e+00 0.000000000000000000e+00 2.526547786014826658e-01 0.000000000000000000e+00 0.000000000000000000e+00 0.000000000000000000e+00 0.000000000000000000e+00 0.000000000000000000e+00 3.022300469483568119e-01 0.000000000000000000e+00
3.381680906020266275e-01 5.737882214138235737e-01 2.874288039056143162e-01 4.943227899432279249e-01 0.000000000000000000e+00 2.681620693139334932e-01 0.000000000000000000e+00 4.155792803479635977e-01 3.503165511003918930e-01 3.448899608079589729e-01
0.000000000000000000e+00 0.000000000000000000e+00 0.000000000000000000e+00 0.000000000000000000e+00 0.000000000000000000e+00 2.317613865376864091e-01 5.868358445678033553e-01 0.000000000000000000e+00 0.000000000000000000e+00 0.000000000000000000e+00
0.000000000000000000e+00 1.540940678819619214e-01 0.000000000000000000e+00 0.000000000000000000e+00 9.988191300925014504e-01 0.000000000000000000e+00 0.000000000000000000e+00 2.216353478923311360e-01 0.000000000000000000e+00 0.000000000000000000e+00
3.419596997234294888e-01 1.541823961851778169e-01 0.000000000000000000e+00 5.052588996763753837e-01 1.003408863043914190e+00 2.622113022113022329e-01 0.000000000000000000e+00 2.200019982016185316e-01 3.399422138089070455e-01 3.347639484978540692e-01
0.000000000000000000e+00 0.000000000000000000e+00 0.000000000000000000e+00 0.000000000000000000e+00 0.000000000000000000e+00 2.302969300452944179e-01 5.853320118929633553e-01 0.000000000000000000e+00 0.000000000000000000e+00 0.000000000000000000e+00
0.000000000000000000e+00 1.514851485148514809e-01 0.000000000000000000e+00 0.000000000000000000e+00 1.012940827817840450e+00 0.000000000000000000e+00 0.000000000000000000e+00 2.220904959494170994e-01 0.000000000000000000e+00 0.000000000000000000e+00
0.000000000000000000e+00 1.570858283433133606e-01 0.000000000000000000e+00 0.000000000000000000e+00 1.010084872690963476e+00 0.000000000000000000e+00 0.000000000000000000e+00 2.207397233395467506e-01 0.000000000000000000e+00 0.000000000000000000e+00
0.000000000000000000e+00 0.000000000000000000e+00 0.000000000000000000e+00 0.000000000000000000e+00 0.000000000000000000e+00 2.386374888602831867e-01 5.803828225726470613e-01 0.000000000000000000e+00 0.000000000000000000e+00 0.000000000000000000e+00
0.000000000000000000e+00 1.545399879735417925e-01 0.000000000000000000e+00 0.000000000000000000e+00 1.001520218911523319e+00 0.000000000000000000e+00 0.000000000000000000e+00 2.181259600614439409e-01 0.000000000000000000e+00 0.000000000000000000e+00
3.408501297146278031e-01 1.631803311192624173e-01 0.000000000000000000e+00 5.033086023661520469e-01 9.904935275080906099e-01 2.678108162043504326e-01 0.000000000000000000e+00 2.180264334691443817e-01 3.481407035175879128e-01 3.417671476576398248e-01
0.000000000000000000e+00 0.000000000000000000e+00 0.000000000000000000e+00 0.000000000000000000e+00 5.825183990321605165e-01 0.000000000000000000e+00 0.000000000000000000e+00 0.000000000000000000e+00 0.000000000000000000e+00 0.000000000000000000e+00
3.301009697090872552e-01 1.490869174733060465e-01 0.000000000000000000e+00 4.968293910417715398e-01 9.943692581250617168e-01 2.563284831572653077e-01 0.000000000000000000e+00 2.174437299035369697e-01 3.603309161474823608e-01 3.475823405746321093e-01
0.000000000000000000e+00 0.000000000000000000e+00 2.338002620175350099e-01 0.000000000000000000e+00 0.000000000000000000e+00 0.000000000000000000e+00 0.000000000000000000e+00 0.000000000000000000e+00 3.008461921353907664e-01 0.000000000000000000e+00
0.000000000000000000e+00 0.000000000000000000e+00 0.000000000000000000e+00 0.000000000000000000e+00 0.000000000000000000e+00 2.439072520966946156e-01 5.672485117546161026e-01 0.000000000000000000e+00 0.000000000000000000e+00 0.000000000000000000e+00
0.000000000000000000e+00 1.509098101265822778e-01 0.000000000000000000e+00 0.000000000000000000e+00 9.906037584966013165e-01 0.000000000000000000e+00 0.000000000000000000e+00 2.128297362110311841e-01 0.000000000000000000e+00 0.000000000000000000e+00
6.416409439410534210e-01 5.621840242669362553e-01 4.799999999999999822e-01 4.799920563995631051e-01 0.000000000000000000e+00 7.447405329593267398e-01 9.993021632937892917e-01 4.067426871591472426e-01 3.439326399207528473e-01 6.668680157052250257e-01
0.000000000000000000e+00 0.000000000000000000e+00 0.000000000000000000e+00 0.000000000000000000e+00 5.741343592778929139e-01 0.000000000000000000e+00 0.000000000000000000e+00 0.000000000000000000e+00 0.000000000000000000e+00 0.000000000000000000e+00
0.000000000000000000e+00 1.489361702127659504e-01 0.000000000000000000e+00 0.000000000000000000e+00 9.916462917685411327e-01 0.000000000000000000e+00 0.000000000000000000e+00 2.133333333333333470e-01 0.000000000000000000e+00 0.000000000000000000e+00
0.000000000000000000e+00 0.000000000000000000e+00 0.000000000000000000e+00 0.000000000000000000e+00 0.000000000000000000e+00 2.446130500758725290e-01 5.778585124634171288e-01 0.000000000000000000e+00 0.000000000000000000e+00 0.000000000000000000e+00
0.000000000000000000e+00 0.000000000000000000e+00 0.000000000000000000e+00 0.000000000000000000e+00 5.723872495805782945e-01 0.000000000000000000e+00 0.000000000000000000e+00 0.000000000000000000e+00 0.000000000000000000e+00 0.000000000000000000e+00
0.000000000000000000e+00 1.609309727471653073e-01 0.000000000000000000e+00 0.000000000000000000e+00 1.000197823936696429e+00 0.000000000000000000e+00 0.000000000000000000e+00 2.153475291281639337e-01 0.000000000000000000e+00 0.000000000000000000e+00
0.000000000000000000e+00 0.000000000000000000e+00 2.443429731100963953e-01 0.000000000000000000e+00 0.000000000000000000e+00 0.000000000000000000e+00 0.000000000000000000e+00 0.000000000000000000e+00 2.798874824191279753e-01 0.000000000000000000e+00
0.000000000000000000e+00 0.000000000000000000e+00 0.000000000000000000e+00 0.000000000000000000e+00 0.000000000000000000e+00 2.365633581796783014e-01 5.538247842047822056e-01 0.000000000000000000e+00 0.000000000000000000e+00 0.000000000000000000e+00
3.248659042607023317e-01 5.799227033990684843e-01 2.785442911417716494e-01 4.857711442786069589e-01 0.000000000000000000e+00 2.681676550407076087e-01 0.000000000000000000e+00 4.003615910004017509e-01 3.549697750470716673e-01 3.447796744739975994e-01
0.000000000000000000e+00 0.000000000000000000e+00 0.000000000000000000e+00 0.000000000000000000e+00 5.616165638064901655e-01 0.000000000000000000e+00 0.000000000000000000e+00 0.000000000000000000e+00 0.000000000000000000e+00 0.000000000000000000e+00
0.000000000000000000e+00 0.000000000000000000e+00 0.000000000000000000e+00 0.000000000000000000e+00 5.549843765749420399e-01 0.000000000000000000e+00 0.000000000000000000e+00 0.000000000000000000e+00 0.000000000000000000e+00 0.000000000000000000e+00
3.481371087928464836e-01 1.660996597958775134e-01 0.000000000000000000e+00 4.905968928863450595e-01 9.935961576946167328e-01 2.671429989084052603e-01 0.000000000000000000e+00 2.094807238394964521e-01 3.583999999999999964e-01 3.364280722771288978e-01
0.000000000000000000e+00 0.000000000000000000e+00 0.000000000000000000e+00 0.000000000000000000e+00 0.000000000000000000e+00 2.447629547960308571e-01 5.954486733578455704e-01 0.000000000000000000e+00 0.000000000000000000e+00 0.000000000000000000e+00
3.568497948563995048e-01 1.558889114129333175e-01 0.000000000000000000e+00 5.114055184779360275e-01 9.849466653374538971e-01 2.607993540573274038e-01 0.000000000000000000e+00 2.275401336125236762e-01 3.568056253139126333e-01 3.432216259997974972e-01
0.000000000000000000e+00 0.000000000000000000e+00 0.000000000000000000e+00 0.000000000000000000e+00 5.649115755627009960e-01 0.000000000000000000e+00 0.000000000000000000e+00 0.000000000000000000e+00 0.000000000000000000e+00 0.000000000000000000e+00
0.000000000000000000e+00 0.000000000000000000e+00 0.000000000000000000e+00 0.000000000000000000e+00 0.000000000000000000e+00 2.339123568890643379e-01 5.794598935849814003e-01 0.000000000000000000e+00 0.000000000000000000e+00 0.000000000000000000e+00
0.000000000000000000e+00 0.000000000000000000e+00 0.000000000000000000e+00 0.000000000000000000e+00 5.809290953545231950e-01 0.000000000000000000e+00 0.000000000000000000e+00 0.000000000000000000e+00 0.000000000000000000e+00 0.000000000000000000e+00
0.000000000000000000e+00 0.000000000000000000e+00 0.000000000000000000e+00 0.000000000000000000e+00 5.717410758675549598e-01 0.000000000000000000e+00 0.000000000000000000e+00 0.000000000000000000e+00 0.000000000000000000e+00 0.000000000000000000e+00
0.000000000000000000e+00 0.000000000000000000e+00 0.000000000000000000e+00 0.000000000000000000e+00 5.769574278058946515e-01 0.000000000000000000e+00 0.000000000000000000e+00 0.000000000000000000e+00 0.000000000000000000e+00 0.000000000000000000e+00
0.000000000000000000e+00 0.000000000000000000e+00 0.000000000000000000e+00 0.000000000000000000e+00 0.000000000000000000e+00 2.361124913047798757e-01 5.622562256225622779e-01 0.000000000000000000e+00 0.000000000000000000e+00 0.000000000000000000e+00
0.000000000000000000e+00 0.000000000000000000e+00 0.000000000000000000e+00 0.000000000000000000e+00 0.000000000000000000e+00 2.352116905214693132e-01 5.965552178318135335e-01 0.000000000000000000e+00 0.000000000000000000e+00 0.000000000000000000e+00
0.000000000000000000e+00 1.630031115125966101e-01 0.000000000000000000e+00 0.000000000000000000e+00 1.006033789219629826e+00 0.000000000000000000e+00 0.000000000000000000e+00 2.223111555777888826e-01 0.000000000000000000e+00 0.000000000000000000e+00
0.000000000000000000e+00 1.507817946419679200e-01 0.000000000000000000e+00 0.000000000000000000e+00 9.961798413164854038e-01 0.000000000000000000e+00 0.000000000000000000e+00 2.181274900398406380e-01 0.000000000000000000e+00 0.000000000000000000e+00
0.000000000000000000e+00 0.000000000000000000e+00 0.000000000000000000e+00 0.000000000000000000e+00 0.000000000000000000e+00 2.478522760936111291e-01 5.859109958092196813e-01 0.000000000000000000e+00 0.000000000000000000e+00 0.000000000000000000e+00
3.491106421465179355e-01 1.619343834654359271e-01 0.000000000000000000e+00 5.072974333165576333e-01 9.954617205998421703e-01 2.643952978681012311e-01 0.000000000000000000e+00 2.288457691538307581e-01 3.626440266828380721e-01 3.455129492069865527e-01
3.512954388730174515e-01 1.577893472166599920e-01 0.000000000000000000e+00 5.211408057439170793e-01 9.982290436835891123e-01 2.647959687777887705e-01 0.000000000000000000e+00 2.142281338170092808e-01 3.459001870262821132e-01 3.450647249190938459e-01
0.000000000000000000e+00 1.538921558855775862e-01 0.000000000000000000e+00 0.000000000000000000e+00 9.787403932528196959e-01 0.000000000000000000e+00 0.000000000000000000e+00 2.172465960665658224e-01 0.000000000000000000e+00 0.000000000000000000e+00
3.320799525034632826e-01 5.700059749053972835e-01 2.879715583646059729e-01 5.040016006402561199e-01 0.000000000000000000e+00 2.611407303088220666e-01 0.000000000000000000e+00 4.099255583126550917e-01 3.483483483483483245e-01 3.403032405113467496e-01
0.000000000000000000e+00 0.000000000000000000e+00 0.000000000000000000e+00 0.000000000000000000e+00 0.000000000000000000e+00 2.367727549158726852e-01 5.773607506488320773e-01 0.000000000000000000e+00 0.000000000000000000e+00 0.000000000000000000e+00
0.000000000000000000e+00 0.000000000000000000e+00 0.000000000000000000e+00 0.000000000000000000e+00 5.766000000000000014e-01 0.000000000000000000e+00 0.000000000000000000e+00 0.000000000000000000e+00 0.000000000000000000e+00 0.000000000000000000e+00
0.000000000000000000e+00 0.000000000000000000e+00 0.000000000000000000e+00 0.000000000000000000e+00 5.652742828384499374e-01 0.000000000000000000e+00 0.000000000000000000e+00 0.000000000000000000e+00 0.000000000000000000e+00 0.000000000000000000e+00
3.512632436837815897e-01 1.542600896860986670e-01 0.000000000000000000e+00 4.783775723232925881e-01 1.008223024468511753e+00 2.584992343032159190e-01 0.000000000000000000e+00 2.185215272136474540e-01 3.567493112947658362e-01 3.478525738653670540e-01
0.000000000000000000e+00 0.000000000000000000e+00 0.000000000000000000e+00 0.000000000000000000e+00 5.899859239895435259e-01 0.000000000000000000e+00 0.000000000000000000e+00 0.000000000000000000e+00 0.000000000000000000e+00 0.000000000000000000e+00
0.000000000000000000e+00 1.530684460620766463e-01 0.000000000000000000e+00 0.000000000000000000e+00 9.984865301180506636e-01 0.000000000000000000e+00 0.000000000000000000e+00 2.161266949591139630e-01 0.000000000000000000e+00 0.000000000000000000e+00
0.000000000000000000e+00 0.000000000000000000e+00 0.000000000000000000e+00 0.000000000000000000e+00 0.000000000000000000e+00 2.328986960882648005e-01 5.883532123884935849e-01 0.000000000000000000e+00 0.000000000000000000e+00 0.000000000000000000e+00
0.000000000000000000e+00 2.786029706945001849e-01 2.710140592282381244e-01 0.000000000000000000e+00 0.000000000000000000e+00 0.000000000000000000e+00 0.000000000000000000e+00 3.909683893627696749e-01 0.000000000000000000e+00 0.000000000000000000e+00
3.281157123043392243e-01 5.674650698602794474e-01 4.757691534285140023e-01 4.932189868368567764e-01 0.000000000000000000e+00 5.092435295293294972e-01 1.011229195909364442e+00 4.013480392156862919e-01 3.445640148848436168e-01 3.371212121212120993e-01
0.000000000000000000e+00 0.000000000000000000e+00 0.000000000000000000e+00 0.000000000000000000e+00 0.000000000000000000e+00 2.328808446455505332e-01 6.006580915345498539e-01 0.000000000000000000e+00 0.000000000000000000e+00 0.000000000000000000e+00
0.000000000000000000e+00 0.000000000000000000e+00 0.000000000000000000e+00 0.000000000000000000e+00 5.720545762374265042e-01 0.000000000000000000e+00 0.000000000000000000e+00 0.000000000000000000e+00 0.000000000000000000e+00 0.000000000000000000e+00
0.000000000000000000e+00 0.000000000000000000e+00 2.356617276484225254e-01 0.000000000000000000e+00 0.000000000000000000e+00 0.000000000000000000e+00 0.000000000000000000e+00 0.000000000000000000e+00 2.881954963142482340e-01 0.000000000000000000e+00
0.000000000000000000e+00 1.602204507430370906e-01 0.000000000000000000e+00 0.000000000000000000e+00 9.795315882700256216e-01 0.000000000000000000e+00 0.000000000000000000e+00 2.177121771217712110e-01 0.000000000000000000e+00 0.000000000000000000e+00
0.000000000000000000e+00 0.000000000000000000e+00 0.000000000000000000e+00 0.000000000000000000e+00 5.803562543536670004e-01 0.000000000000000000e+00 0.000000000000000000e+00 0.000000000000000000e+00 0.000000000000000000e+00 0.000000000000000000e+00
0.000000000000000000e+00 0.000000000000000000e+00 0.000000000000000000e+00 0.000000000000000000e+00 0.000000000000000000e+00 2.279500604107933814e-01 5.795010519987977560e-01 0.000000000000000000e+00 0.000000000000000000e+00 0.000000000000000000e+00
0.000000000000000000e+00 0.000000000000000000e+00 0.000000000000000000e+00 0.000000000000000000e+00 0.000000000000000000e+00 2.457909063413650508e-01 5.841674249317561074e-01 0.000000000000000000e+00 0.000000000000000000e+00 0.000000000000000000e+00
3.555329949238578702e-01 1.567923399162178266e-01 0.000000000000000000e+00 4.956401109789932424e-01 9.870337123478954977e-01 2.615445859872611578e-01 0.000000000000000000e+00 2.246427500749475503e-01 3.663754142814100723e-01 3.460015835312747479e-01
6.582780144654710730e-01 5.839679358717434488e-01 4.955486645993797956e-01 4.835802963556267708e-01 0.000000000000000000e+00 7.380807466017448304e-01 9.931295429652494677e-01 4.149659863945578397e-01 3.467952581876632689e-01 6.601268331351565211e-01
0.000000000000000000e+00 0.000000000000000000e+00 0.000000000000000000e+00 0.000000000000000000e+00 0.000000000000000000e+00 2.341753343239227347e-01 5.681520973745095571e-01 0.000000000000000000e+00 0.000000000000000000e+00 0.000000000000000000e+00
0.000000000000000000e+00 1.437657748611812225e-01 0.000000000000000000e+00 0.000000000000000000e+00 1.003924725772365800e+00 0.000000000000000000e+00 0.000000000000000000e+00 2.120105498072631378e-01 0.000000000000000000e+00 0.000000000000000000e+00
0.000000000000000000e+00 0.000000000000000000e+00 0.000000000000000000e+00 0.000000000000000000e+00 5.707249802994484034e-01 0.000000000000000000e+00 0.000000000000000000e+00 0.000000000000000000e+00 0.000000000000000000e+00 0.000000000000000000e+00
0.000000000000000000e+00 0.000000000000000000e+00 0.000000000000000000e+00 0.000000000000000000e+00 5.810268752507019574e-01 0.000000000000000000e+00 0.000000000000000000e+00 0.000000000000000000e+00 0.000000000000000000e+00 0.000000000000000000e+00
3.421078772226085474e-01 1.471007121057985867e-01 0.000000000000000000e+00 5.116092069554729616e-01 9.955743311204988677e-01 2.589782498735457850e-01 0.000000000000000000e+00 2.142497228660687203e-01 3.490894616379739412e-01 3.466297139463525578e-01
0.000000000000000000e+00 0.000000000000000000e+00 0.000000000000000000e+00 0.000000000000000000e+00 5.661631419939576748e-01 0.000000000000000000e+00 0.000000000000000000e+00 0.000000000000000000e+00 0.000000000000000000e+00 0.000000000000000000e+00
3.467371098718324829e-01 1.710565848773159814e-01 0.000000000000000000e+00 4.945592492762304060e-01 9.990993695586910528e-01 2.651515151515151381e-01 0.000000000000000000e+00 2.139026812313803427e-01 3.477124183006535807e-01 3.433528343756304113e-01
0.000000000000000000e+00 1.559493670886075989e-01 0.000000000000000000e+00 0.000000000000000000e+00 1.003306281935677724e+00 0.000000000000000000e+00 0.000000000000000000e+00 2.162974842136914932e-01 0.000000000000000000e+00 0.000000000000000000e+00
3.292646020377282268e-01 1.636726546906187574e-01 0.000000000000000000e+00 5.034825870646766344e-01 9.905575986482456630e-01 2.623782467532467799e-01 0.000000000000000000e+00 2.301886792452830233e-01 3.463360548331821387e-01 3.338397650156993968e-01
3.395885599598594817e-01 5.742044215326658207e-01 4.828605200945626508e-01 4.957264957264957417e-01 0.000000000000000000e+00 4.857427716849451738e-01 1.015907953976988409e+00 4.032546140107164390e-01 3.525458248472504996e-01 3.377365930599369181e-01
0.000000000000000000e+00 0.000000000000000000e+00 0.000000000000000000e+00 0.000000000000000000e+00 0.000000000000000000e+00 2.490090456347189840e-01 5.864886408927859618e-01 0.000000000000000000e+00 0.000000000000000000e+00 0.000000000000000000e+00
3.332005576578370709e-01 5.689378757515030083e-01 2.706544270062185564e-01 5.010893246187363426e-01 0.000000000000000000e+00 2.657052548399841951e-01 0.000000000000000000e+00 4.119445576844679713e-01 3.458009880028228844e-01 3.357007102130639131e-01
3.359518960333624515e-01 5.619801583324982586e-01 2.966008222199940092e-01 5.000000000000000000e-01 0.000000000000000000e+00 2.636565208627292822e-01 0.000000000000000000e+00 3.938965238480193753e-01 3.455771359565261158e-01 3.337941931661070338e-01
0.000000000000000000e+00 0.000000000000000000e+00 0.000000000000000000e+00 0.000000000000000000e+00 0.000000000000000000e+00 2.485383014567436322e-01 5.928377971712308625e-01 0.000000000000000000e+00 0.000000000000000000e+00 0.000000000000000000e+00
0.000000000000000000e+00 1.485070199723156070e-01 0.000000000000000000e+00 0.000000000000000000e+00 9.996012759170653794e-01 0.000000000000000000e+00 0.000000000000000000e+00 2.198773992563561319e-01 0.000000000000000000e+00 0.000000000000000000e+00
0.000000000000000000e+00 1.458044038881174398e-01 0.000000000000000000e+00 0.000000000000000000e+00 1.011806375442739103e+00 0.000000000000000000e+00 0.000000000000000000e+00 2.242000000000000104e-01 0.000000000000000000e+00 0.000000000000000000e+00
0.000000000000000000e+00 1.604223779063864430e-01 0.000000000000000000e+00 0.000000000000000000e+00 1.001509509912448470e+00 0.000000000000000000e+00 0.000000000000000000e+00 2.206254427689505193e-01 0.000000000000000000e+00 0.000000000000000000e+00
3.555510739134818965e-01 5.748611812216052330e-01 2.936547464886941072e-01 5.057448688991456054e-01 0.000000000000000000e+00 2.575635336829366628e-01 0.000000000000000000e+00 3.994382586016651526e-01 3.489121676067687416e-01 3.384767556874381800e-01
0.000000000000000000e+00 1.480359487024134058e-01 0.000000000000000000e+00 0.000000000000000000e+00 9.963442347594111403e-01 0.000000000000000000e+00 0.000000000000000000e+00 2.193227091633466186e-01 0.000000000000000000e+00 0.000000000000000000e+00
3.465754802373529064e-01 1.591448931116389576e-01 0.000000000000000000e+00 5.180392156862745345e-01 9.841494194851084787e-01 2.522540776010536168e-01 0.000000000000000000e+00 2.264075335604087413e-01 3.549508392094547493e-01 3.317696376883920717e-01
0.000000000000000000e+00 1.570214488061513480e-01 0.000000000000000000e+00 0.000000000000000000e+00 1.001199760047990495e+00 0.000000000000000000e+00 0.000000000000000000e+00 2.185575203655871213e-01 0.000000000000000000e+00 0.000000000000000000e+00
3.391929684378745535e-01 1.557743957027752923e-01 0.000000000000000000e+00 4.952380952380952550e-01 9.959256682897744684e-01 2.471299093655589252e-01 0.000000000000000000e+00 2.124357553159326728e-01 3.552390640895218832e-01 3.509234828496042291e-01
0.000000000000000000e+00 0.000000000000000000e+00 2.381477398015435509e-01 0.000000000000000000e+00 0.000000000000000000e+00 0.000000000000000000e+00 0.000000000000000000e+00 0.000000000000000000e+00 2.907480314960629864e-01 0.000000000000000000e+00
0.000000000000000000e+00 0.000000000000000000e+00 0.000000000000000000e+00 0.000000000000000000e+00 5.550277117973080321e-01 0.000000000000000000e+00 0.000000000000000000e+00 0.000000000000000000e+00 0.000000000000000000e+00 0.000000000000000000e+00
3.370808874738832062e-01 1.513238289205702525e-01 0.000000000000000000e+00 4.980850634952630474e-01 9.936063936063935786e-01 2.600118366541724346e-01 0.000000000000000000e+00 2.152386599466350470e-01 3.446339017051153197e-01 3.421740004018484771e-01
6.604398915335945031e-01 5.643435656434356851e-01 4.737513492297125151e-01 5.047031455446545634e-01 0.000000000000000000e+00 7.097912378712143422e-01 9.976812178647040952e-01 4.082370668006027326e-01 3.451283576172068379e-01 6.539119927499748020e-01
3.236090225563909573e-01 5.735205616850551635e-01 2.806249378047566689e-01 4.964086193136472702e-01 0.000000000000000000e+00 2.772908366533864410e-01 0.000000000000000000e+00 4.046150785756912893e-01 3.573236157505820243e-01 3.296746761593987718e-01
