gene_id	sample0	sample0	sample1	sample1	sample2	sample2	sample3	sample3	sample4	sample4	sample5	sample5	sample6	sample6	sample7	sample7	sample8	sample8	sample9	sample9
0	85	0	95	0	88	0	104	0	109	0	105	0	56	18	94	0	113	0	115	0
1	80	33	56	29	61	44	43	54	74	28	46	54	75	13	42	48	53	49	72	22
2	99	0	85	7	103	0	100	0	103	0	101	0	95	19	104	0	81	0	90	14
3	104	0	117	0	81	0	101	0	97	0	91	0	83	18	97	0	104	0	99	0
4	87	0	87	10	86	0	113	0	79	0	108	0	77	19	92	0	98	0	73	17
5	96	11	88	17	107	0	108	0	79	28	97	0	83	19	83	0	89	0	91	21
6	89	0	81	15	76	0	91	0	103	0	95	0	88	22	118	0	89	0	56	16
7	83	17	80	13	99	0	94	0	69	26	94	0	80	17	105	0	105	0	86	19
8	86	0	89	17	78	18	103	0	105	0	114	0	118	0	109	0	99	0	89	27
9	92	15	90	11	86	0	96	0	92	27	73	0	86	17	102	0	108	0	94	18
10	108	0	81	7	86	0	93	0	103	0	107	0	89	18	110	0	87	0	91	17
11	118	0	89	11	80	25	88	0	92	0	105	0	102	0	88	0	113	0	85	15
12	83	11	73	15	95	0	101	0	68	31	107	0	77	28	101	0	107	0	97	17
13	115	0	100	0	83	0	133	0	92	0	107	0	88	11	85	0	96	0	111	0
14	84	14	84	9	98	0	106	0	83	22	104	0	85	16	99	0	114	0	72	11
15	51	43	60	37	61	60	51	58	75	22	58	56	82	13	53	61	45	47	73	39
16	107	0	84	11	91	0	101	0	99	0	92	0	95	21	109	0	93	0	92	11
17	92	0	90	18	104	0	110	0	109	0	119	0	98	21	107	0	116	0	75	17
18	89	0	77	0	103	0	106	0	93	0	88	0	71	17	117	0	91	0	106	0
19	81	9	83	13	93	0	99	0	82	29	86	0	91	9	96	0	106	0	74	17
20	107	0	85	11	62	31	102	0	109	0	113	0	91	0	107	0	95	0	77	19
21	89	0	103	15	74	20	98	0	96	0	113	0	102	0	84	0	118	0	91	23
22	90	11	111	14	92	0	107	0	66	30	106	0	83	24	86	0	103	0	84	10
23	105	17	73	4	107	0	102	0	82	28	104	0	86	14	112	0	102	0	93	19
24	96	0	84	14	112	0	112	0	100	0	75	0	85	12	109	0	84	0	82	11
25	74	12	81	14	131	0	110	0	82	23	106	0	70	12	91	0	96	0	87	23
26	92	0	81	6	71	0	112	0	68	0	98	0	93	9	89	0	86	0	88	24
27	90	10	105	13	113	0	109	0	74	27	92	0	78	23	111	0	111	0	76	21
28	90	17	95	21	112	0	111	0	59	24	99	0	76	15	102	0	89	0	101	20
29	59	33	67	44	44	47	52	49	73	32	60	46	72	21	36	53	52	49	64	23
30	111	0	74	13	101	0	98	0	113	0	108	0	82	20	89	0	104	0	89	15
31	120	0	66	8	70	20	105	0	88	0	116	0	106	0	98	0	102	0	68	17
32	85	0	83	21	110	0	79	0	99	0	102	0	80	24	103	0	92	0	75	18
33	81	10	73	13	101	0	92	0	84	23	123	0	94	17	114	0	85	0	88	15
34	90	10	82	11	98	0	115	0	63	31	99	0	71	20	105	0	93	0	91	13
35	101	0	99	15	92	0	113	0	103	0	124	0	87	13	102	0	114	0	71	15
36	92	0	82	10	96	0	129	0	113	0	107	0	67	21	103	0	107	0	90	17
37	110	11	77	11	115	0	106	0	82	0	113	0	97	0	120	0	92	0	109	0
38	86	5	107	5	98	0	96	0	119	0	100	0	107	0	106	0	109	0	110	0
39	111	0	83	15	119	0	94	0	98	0	101	0	107	19	88	0	101	0	96	17
40	80	13	93	18	98	0	81	0	76	23	106	0	84	15	85	0	97	0	81	19
41	97	0	94	12	80	0	103	0	92	0	100	0	88	15	99	0	105	0	77	21
42	88	12	76	11	110	0	94	0	75	26	92	0	82	13	96	0	96	0	77	17
43	54	30	62	39	45	43	54	45	69	25	43	44	68	19	53	41	49	42	69	32
44	119	0	81	14	97	0	95	0	93	0	100	0	72	16	118	0	102	0	81	21
45	102	0	99	7	84	0	108	0	114	0	97	0	80	15	112	0	105	0	85	26
46	104	0	73	10	103	0	92	0	104	0	105	0	75	22	110	0	113	0	86	22
47	100	0	98	12	128	0	85	0	102	0	103	0	78	16	96	0	100	0	77	17
48	98	0	100	8	95	0	97	0	94	0	87	0	87	15	113	0	81	0	80	19
49	64	32	57	27	45	42	54	51	71	31	48	60	91	11	62	60	43	56	66	26
50	76	17	93	13	87	0	90	0	101	12	113	0	112	0	60	25	99	0	98	0
51	55	35	70	40	50	58	52	43	77	23	53	62	73	27	76	18	55	52	52	48
52	103	0	97	0	95	0	88	0	110	0	106	0	79	15	102	0	93	0	116	0
53	109	0	82	5	81	30	99	0	97	0	118	0	98	0	109	0	112	0	82	16
54	76	35	63	35	52	55	42	44	84	27	45	58	72	33	80	27	37	63	41	56
55	94	9	108	19	112	0	112	0	60	33	109	0	80	13	104	0	109	0	93	23
56	113	0	106	0	117	0	102	0	101	0	95	0	92	5	123	0	89	0	104	0
57	87	0	114	0	94	0	88	0	86	0	106	0	85	13	105	0	123	0	117	0
58	60	41	72	38	42	56	65	52	86	13	51	53	63	27	90	18	61	59	46	45
59	78	7	93	11	94	0	93	0	79	30	109	0	84	14	98	0	97	0	84	25
60	68	30	63	26	47	42	52	46	80	27	55	60	62	30	83	16	43	47	52	67
61	84	9	96	9	95	0	112	0	64	26	103	0	76	16	107	0	102	0	91	14
62	94	0	91	13	113	0	100	0	85	0	92	0	65	14	98	0	93	0	82	23
63	104	0	80	20	102	0	97	0	121	0	102	0	85	10	97	0	98	0	80	20
64	61	44	52	26	51	57	47	56	76	16	49	48	94	22	51	45	65	47	74	32
65	88	17	110	11	92	0	122	0	55	26	106	0	93	15	110	0	117	0	78	20
66	83	18	80	15	123	0	92	0	74	32	100	0	76	19	103	0	108	0	77	19
67	78	12	80	5	130	0	114	0	68	21	99	0	94	15	109	0	112	0	69	18
68	88	9	85	11	116	0	114	0	80	27	114	0	84	19	117	0	108	0	89	23
69	77	29	51	33	63	52	43	44	76	24	49	39	64	31	89	14	56	48	40	37
70	112	0	100	6	69	33	93	0	95	0	95	0	106	0	101	0	93	0	84	19
71	110	0	79	9	97	0	104	0	90	0	101	0	89	15	108	0	80	0	87	19
72	100	0	83	12	83	33	86	0	92	0	82	0	97	0	109	0	102	0	81	16
73	103	0	77	11	105	0	103	0	89	0	109	0	89	17	114	0	97	0	82	19
74	85	31	70	44	52	49	47	57	99	22	45	49	62	32	64	18	49	52	52	48
75	66	45	68	29	47	41	58	53	98	23	60	54	61	44	78	21	46	41	54	62
76	111	0	89	15	97	0	86	0	97	0	87	0	85	22	93	0	106	0	71	10
77	91	12	96	12	99	0	96	0	95	9	102	0	104	0	79	22	105	0	89	0
78	89	13	84	9	119	0	113	0	76	20	105	0	82	17	101	0	103	0	63	16
79	102	0	100	0	104	0	76	17	91	15	118	0	115	0	87	0	69	24	97	13
80	98	0	74	9	82	24	78	0	106	0	99	0	89	0	117	0	108	0	63	13
81	105	0	98	16	91	0	83	0	93	0	99	0	84	16	102	0	109	0	82	15
82	106	0	99	10	72	30	114	0	109	0	109	0	72	0	103	0	102	0	78	17
83	110	0	85	13	87	0	93	0	73	0	82	0	86	23	107	0	112	0	78	24
84	90	13	97	13	87	0	99	0	72	29	87	0	89	8	112	0	105	0	90	12
85	98	19	93	17	101	0	94	0	92	13	113	0	108	0	79	24	100	0	94	0
86	101	0	98	11	105	0	109	0	107	0	102	0	74	13	120	0	95	0	74	21
87	82	0	89	12	79	32	107	0	122	0	99	0	114	0	100	0	111	0	75	11
88	55	35	64	39	53	43	63	32	87	19	60	37	89	18	52	55	44	50	70	35
89	89	0	116	0	110	0	105	0	91	0	95	0	96	16	96	0	100	0	86	0
90	105	0	85	16	95	0	101	0	96	0	105	0	64	16	95	0	103	0	72	20
91	65	34	71	45	60	47	44	47	78	29	53	52	78	26	56	53	50	50	72	19
92	85	0	103	0	82	0	104	0	120	0	96	0	68	13	96	0	99	0	111	0
93	99	9	89	13	100	0	94	0	77	14	96	0	114	0	76	27	114	0	76	0
94	95	10	93	12	89	0	100	0	69	39	96	0	80	20	95	0	111	0	83	16
95	93	12	107	16	76	0	118	0	95	26	95	0	70	15	107	0	99	0	76	19
96	88	0	82	16	111	0	110	0	100	0	102	0	71	14	97	0	126	0	82	15
97	77	14	59	17	103	0	96	0	87	15	93	0	109	0	78	30	92	0	103	0
98	62	28	56	38	56	50	48	43	71	17	44	51	76	17	43	46	57	37	73	26
99	90	12	82	32	35	40	53	58	82	10	65	34	100	0	63	21	89	26	60	45
