gene_id	sample0	sample0	sample1	sample1	sample2	sample2	sample3	sample3	sample4	sample4	sample5	sample5	sample6	sample6	sample7	sample7	sample8	sample8	sample9	sample9
0	83	0	101	0	100	0	104	0	75	26	112	0	114	0	116	0	95	0	103	0
1	79	15	109	0	89	0	88	0	91	20	104	0	90	0	111	0	101	0	74	20
2	86	13	99	13	71	20	92	0	110	0	99	0	101	0	94	0	91	0	106	0
3	49	41	52	55	80	38	68	30	40	39	47	58	46	57	81	21	51	49	42	48
4	65	39	44	57	52	51	75	34	42	48	67	47	44	52	74	25	34	45	38	53
5	95	0	80	13	81	16	80	20	78	0	55	23	92	0	117	0	117	0	111	0
6	66	27	50	52	48	45	68	28	50	59	49	50	62	47	88	17	55	52	46	49
7	97	0	93	10	83	8	116	0	104	0	91	23	77	10	80	26	73	15	94	0
8	91	13	82	0	104	0	121	0	99	25	87	0	92	0	117	0	94	0	78	22
9	88	4	110	0	95	0	100	0	74	27	91	0	112	0	90	0	93	0	73	18
10	95	0	72	15	73	25	72	21	102	0	67	26	108	0	91	0	90	0	106	0
11	60	52	60	62	74	32	69	47	42	52	47	62	56	49	86	29	55	50	36	59
12	122	0	93	13	81	23	79	15	96	0	75	43	98	0	98	0	114	0	98	0
13	69	37	48	58	44	63	64	32	56	55	37	46	51	59	83	25	55	53	67	50
14	46	68	62	48	59	36	60	25	53	49	59	58	41	47	76	23	48	64	57	44
15	91	0	95	10	81	20	86	19	106	0	60	25	90	0	105	0	99	0	107	0
16	101	0	83	0	104	0	103	0	70	28	91	0	99	0	97	0	93	0	71	0
17	73	18	95	16	86	21	74	11	50	50	108	0	94	0	113	0	79	33	89	20
18	90	0	94	0	84	20	86	9	106	0	99	0	99	0	94	0	109	0	98	0
19	105	9	100	0	96	0	88	0	89	20	86	0	94	0	95	0	104	0	78	15
20	64	55	43	57	67	30	68	39	58	49	48	38	45	48	89	27	51	41	43	48
21	74	29	76	10	75	14	100	17	56	53	99	0	116	0	98	0	72	29	93	21
22	62	61	49	46	82	34	73	26	42	47	52	44	61	41	78	25	46	50	50	45
23	80	5	95	0	98	0	109	0	75	24	95	0	97	0	86	0	99	0	81	22
24	116	0	96	15	89	17	85	24	114	0	70	30	116	0	93	0	97	0	92	0
25	92	0	87	0	81	0	93	0	72	26	105	0	107	0	98	0	104	0	110	0
26	93	0	75	10	95	16	69	8	99	0	70	29	108	0	98	0	105	0	101	0
27	41	55	55	51	64	31	59	34	38	46	47	46	43	40	81	28	47	46	47	37
28	58	30	54	45	60	61	72	28	54	68	60	49	44	50	76	23	40	40	48	37
29	100	9	108	0	102	0	107	0	87	21	97	0	108	0	99	0	99	0	85	17
30	66	37	55	46	44	57	57	43	51	49	51	54	48	54	76	24	51	47	59	61
31	91	7	74	0	106	0	97	0	82	16	104	0	93	0	97	0	89	0	97	17
32	111	0	90	15	94	8	78	15	92	0	78	28	105	0	93	0	101	0	104	0
33	98	7	106	0	92	0	108	0	74	19	104	0	94	0	107	0	89	0	71	18
34	81	12	109	0	120	0	90	0	84	19	99	0	87	0	104	0	104	0	69	23
35	73	5	92	0	102	0	108	0	75	13	109	0	112	0	95	0	109	0	83	20
36	77	7	107	0	107	0	96	0	86	24	116	0	102	0	85	0	95	0	82	20
37	91	5	101	0	85	0	77	0	81	12	113	0	109	0	95	0	106	0	79	25
38	84	28	89	14	63	23	70	13	45	42	119	0	95	0	88	0	74	23	81	24
39	47	53	55	51	44	47	57	38	59	48	51	49	53	40	33	56	47	49	56	56
40	69	41	45	44	48	51	79	32	51	46	48	74	46	61	81	24	41	65	51	48
41	61	34	49	58	63	51	70	28	49	41	41	34	42	47	72	24	50	42	54	54
42	109	0	111	0	89	0	108	0	74	35	125	0	100	0	93	0	101	0	90	0
43	67	22	102	19	86	18	78	16	33	45	94	0	100	0	96	0	66	32	72	22
44	48	48	49	52	66	36	84	33	45	39	64	45	48	54	79	24	53	48	50	55
45	95	10	88	0	91	0	113	0	78	24	84	0	105	0	109	0	92	0	77	10
46	110	0	91	7	88	8	104	0	118	0	67	17	74	20	79	16	69	21	104	0
47	89	0	86	15	83	22	84	20	100	0	63	24	104	0	112	0	118	0	85	0
48	100	0	105	13	91	19	73	15	105	0	81	37	109	0	94	0	96	0	99	0
49	99	0	95	13	73	19	85	13	86	0	68	28	86	0	100	0	99	0	102	0
50	68	42	59	50	60	35	79	25	45	53	54	72	67	56	84	21	38	59	54	48
51	50	44	53	54	55	33	66	38	47	50	57	68	56	45	81	25	62	54	55	50
52	52	55	61	66	75	34	81	40	46	51	43	54	41	56	52	19	50	59	42	43
53	54	29	62	43	36	53	70	27	51	48	64	52	36	46	90	16	39	43	54	49
54	41	51	54	50	57	40	60	27	52	39	60	49	45	54	77	32	54	59	41	51
55	58	33	42	45	57	55	57	32	42	35	46	55	55	54	92	25	48	46	49	46
56	99	0	89	13	83	16	91	19	106	0	67	25	115	0	98	0	102	0	117	0
57	61	36	51	38	45	56	67	35	54	54	48	45	42	55	96	19	45	44	66	48
58	111	0	106	0	104	0	94	0	75	28	95	0	111	0	87	0	95	0	100	0
59	94	10	97	0	119	0	93	0	78	25	107	0	94	0	104	0	91	0	83	17
60	38	48	36	36	47	40	44	38	50	44	44	48	56	53	47	57	44	55	50	54
61	64	66	61	40	64	33	67	39	67	37	47	49	46	53	83	22	57	35	47	40
62	96	6	126	0	93	0	104	0	97	21	95	0	116	0	92	0	94	0	68	22
63	78	31	57	44	46	47	69	36	38	61	43	34	47	48	81	19	50	57	52	57
64	57	51	51	56	75	22	54	19	44	38	49	58	51	48	63	18	52	59	51	47
65	96	0	101	9	69	20	77	18	98	0	68	30	92	0	100	0	92	0	107	0
66	40	48	38	45	54	25	81	29	41	38	51	52	50	59	74	18	49	59	47	50
67	45	36	59	56	45	39	52	45	43	46	60	54	49	47	46	56	53	54	61	45
68	93	11	102	0	83	0	81	0	91	16	102	0	98	0	85	0	86	0	65	18
69	56	46	56	43	72	28	63	34	46	55	66	54	47	52	71	18	51	43	51	43
70	109	0	87	8	77	26	85	15	104	0	79	28	104	0	92	0	101	0	101	0
71	93	0	107	5	85	10	72	20	83	0	56	35	99	0	108	0	109	0	111	0
72	89	9	99	0	86	0	88	0	77	23	97	0	119	0	91	0	99	0	73	35
73	78	15	98	0	105	0	104	0	88	29	96	0	104	0	103	0	98	0	89	20
74	61	28	35	59	50	47	54	32	50	49	57	51	54	49	92	27	46	38	32	43
75	116	0	76	13	84	28	91	25	93	0	63	21	93	0	96	0	94	0	110	0
76	66	41	51	45	48	46	67	34	55	48	49	34	57	53	61	25	62	55	47	53
77	97	9	89	0	103	0	113	0	76	30	99	0	105	0	93	0	102	0	93	20
78	102	12	97	0	72	0	96	0	81	22	93	0	103	0	93	0	100	0	84	22
79	51	59	44	51	58	44	68	29	38	47	55	41	53	48	92	19	52	53	59	47
80	86	0	78	7	91	19	75	18	104	0	76	28	99	0	101	0	108	0	112	0
81	95	10	88	0	109	0	96	0	84	18	98	0	112	0	105	0	96	0	86	22
82	120	0	77	7	82	14	116	0	97	0	80	23	77	21	83	28	83	27	107	0
83	84	24	86	19	83	24	90	12	38	52	99	0	107	0	108	0	74	30	80	22
84	84	6	111	0	100	0	103	0	82	20	97	0	113	0	112	0	106	0	73	25
85	54	29	44	44	40	55	79	28	49	51	45	51	65	50	85	26	55	47	55	49
86	61	31	42	44	45	48	63	31	46	46	57	38	47	51	86	13	51	58	51	48
87	112	0	89	6	87	10	111	0	90	0	88	17	85	15	79	22	78	17	92	0
88	74	47	48	39	66	41	79	26	43	45	47	49	53	53	73	15	49	54	55	57
89	105	0	97	9	64	13	70	19	105	0	84	30	114	0	116	0	80	0	81	0
90	39	48	43	45	71	36	74	28	51	46	43	48	49	55	72	24	47	55	46	47
91	90	0	88	0	83	0	112	0	79	27	98	0	81	0	94	0	90	0	100	0
92	76	14	84	11	87	23	94	13	52	43	119	0	83	0	92	0	63	30	82	23
93	74	48	63	45	50	51	87	35	46	58	47	55	46	55	78	25	37	67	48	49
94	72	27	88	17	59	23	98	12	44	55	103	0	95	0	112	0	77	31	68	13
95	57	33	53	47	55	57	68	27	45	45	63	51	58	56	77	24	63	56	48	52
96	62	48	49	58	51	49	48	50	52	57	47	54	47	54	53	49	48	51	47	33
97	76	43	62	54	42	42	59	41	54	37	52	55	46	48	73	23	55	40	42	52
98	72	29	82	18	84	20	64	5	56	49	94	0	111	0	89	0	68	30	81	19
99	65	36	59	53	66	55	73	35	50	44	50	42	48	59	85	24	43	36	58	42
