gene_id	sample0	sample0	sample1	sample1	sample2	sample2	sample3	sample3	sample4	sample4
0	935	126	902	103	999	0	994	0	977	0
1	674	329	899	120	973	0	1000	0	988	0
2	958	0	1066	0	873	116	977	0	882	132
3	808	156	861	113	982	0	1038	0	958	0
4	886	133	902	104	1000	0	990	0	978	0
5	1005	0	965	0	865	106	987	0	896	116
6	1007	0	699	282	1033	0	986	0	877	136
7	898	135	900	118	946	0	978	0	1005	0
8	859	132	839	118	994	0	979	0	969	0
9	1054	0	921	94	943	85	716	271	921	133
10	965	0	967	0	870	114	1078	0	848	116
11	1035	0	933	0	883	122	1018	0	857	123
12	886	141	890	126	972	0	976	0	987	0
13	975	0	890	119	885	101	685	250	875	116
14	1031	0	873	130	1028	0	970	0	973	0
15	1022	0	1023	0	922	130	947	0	851	123
16	1013	0	1011	0	819	118	983	0	876	151
17	994	0	973	0	856	106	1019	0	872	117
18	1017	0	990	0	925	117	1000	0	908	118
19	1018	0	877	129	997	0	952	0	957	0
20	988	0	879	134	990	0	991	0	991	0
21	851	127	872	121	1043	0	1000	0	977	0
22	965	0	825	151	1025	0	988	0	994	0
23	1005	0	977	0	865	119	991	0	874	140
24	1025	0	711	290	987	0	988	0	850	143
25	882	147	925	115	998	0	989	0	984	0
26	936	0	1007	0	898	147	994	0	997	0
27	869	144	859	129	982	0	1001	0	1058	0
28	897	0	1032	0	895	120	1046	0	884	123
29	931	0	846	126	1041	0	1011	0	992	0
30	852	150	889	131	994	0	1023	0	1039	0
31	982	0	1025	0	837	111	1017	0	912	154
32	908	146	879	106	916	83	496	506	838	217
33	1022	0	1049	0	866	116	997	0	854	128
34	1011	0	922	98	943	89	736	233	895	90
35	1016	0	929	98	871	106	1005	0	902	93
36	972	0	976	0	892	108	1025	0	916	148
37	995	0	985	0	925	111	1021	0	869	94
38	988	0	1017	0	880	106	1018	0	908	109
39	992	0	970	0	849	99	1035	0	887	112
40	974	0	1022	0	888	128	1007	0	890	109
41	837	139	857	116	990	0	963	0	999	0
42	1025	0	920	96	878	91	1037	0	926	104
43	957	0	1025	0	879	117	988	0	865	111
44	975	0	894	101	957	87	1045	0	930	94
45	834	144	855	109	1004	0	1054	0	968	0
46	1028	0	1003	0	832	118	995	0	861	136
47	1001	0	982	0	950	99	989	0	913	111
48	1002	0	1027	0	874	104	1017	0	869	114
49	1012	0	683	277	998	0	1000	0	891	155
50	1006	0	981	0	892	104	982	0	882	135
51	1052	0	716	276	992	0	1085	0	851	154
52	1017	0	1058	0	882	116	973	0	883	123
53	1010	0	987	0	898	99	1058	0	889	119
54	987	0	1022	0	936	98	1018	0	871	126
55	987	0	895	133	991	0	1040	0	1008	0
56	960	0	973	0	923	99	948	0	876	119
57	1075	0	843	130	1068	0	1001	0	963	0
58	989	0	940	0	856	123	957	0	868	125
59	981	0	920	143	1013	0	945	0	1043	0
60	1010	0	995	0	887	143	971	0	865	130
61	946	0	896	154	1043	0	1003	0	948	0
62	881	124	827	127	1011	0	973	0	1013	0
63	967	0	1050	0	906	126	1000	0	887	136
64	1017	0	1004	0	852	97	985	0	917	115
65	1018	0	887	152	1012	0	1019	0	977	0
66	1012	0	885	81	873	101	768	251	894	121
67	1001	0	892	79	820	97	761	252	894	131
68	1008	0	985	0	897	117	1013	0	838	116
69	878	150	915	114	1001	0	1030	0	1056	0
70	859	141	920	121	1007	0	1004	0	1044	0
71	970	0	823	131	995	0	946	0	979	0
72	825	139	862	139	1026	0	1025	0	1004	0
73	989	0	852	137	1022	0	973	0	1010	0
74	1031	0	995	0	911	127	1016	0	836	128
75	1030	0	991	0	820	129	1022	0	874	123
76	947	0	964	0	920	119	1034	0	894	126
77	1004	0	1033	0	852	138	1021	0	1024	0
78	858	127	887	119	1035	0	1034	0	1032	0
79	1059	0	969	0	889	106	1043	0	883	119
80	975	0	898	91	864	89	928	0	900	90
81	814	155	869	118	983	0	913	0	1022	0
82	1000	0	1033	0	907	111	954	0	849	119
83	1027	0	893	137	1031	0	1011	0	997	0
84	1023	0	981	0	930	107	956	0	855	112
85	979	0	1026	0	893	119	1038	0	904	133
86	947	0	987	0	851	119	1015	0	881	122
87	1009	0	921	88	918	79	989	0	889	111
88	960	0	867	95	918	90	959	0	920	103
89	1019	0	1001	0	873	102	1026	0	1009	0
90	1027	0	884	119	1015	0	998	0	987	0
91	1001	0	956	0	873	107	984	0	841	124
92	858	158	884	117	1016	0	1000	0	982	0
93	1016	0	1028	0	884	101	1073	0	847	101
94	999	0	710	303	901	0	985	0	867	140
95	1007	0	884	129	1006	0	982	0	1010	0
96	996	0	997	0	946	111	1023	0	839	130
97	999	0	1005	0	896	119	1036	0	896	124
98	857	156	916	89	937	97	516	495	736	229
99	846	141	824	108	995	0	968	0	964	0
