#chr	position	description	normal	sample0	sample1	sample2	sample3	sample4	sample5	sample6	sample7	sample8	sample9	sample10	sample11	sample12	sample13	sample14	sample15	sample16	sample17	sample18	sample19
1	1	1	0	0.0	0.0	0.0	0.0	0.0	0.0924837925446	0.192859322551	0.0	0.0	0.145685579196	0.15014985015	0.104128718883	0.353681686482	0.0	0.167214093759	0.0	0.0	0.21869382864	0.151749389748	0.0
2	1	1	0	0.0	0.0	0.0	0.0	0.0	0.0	0.0	0.0	0.0	0.0	0.0	0.0	0.0	0.0	0.0	0.180093374392	0.142828485456	0.0	0.0	0.262683878715
3	1	1	0	0.0	0.0	0.0	0.0	0.0	0.0948112737775	0.0	0.0	0.0	0.0	0.0	0.104495747266	0.162617948203	0.0	0.0	0.0	0.0	0.0	0.161494426032	0.0
4	1	1	0	0.0	0.0	0.0	0.0	0.0	0.0981421647819	0.196366524372	0.0	0.0	0.144128825765	0.164805312406	0.0989098116947	0.360283829702	0.0	0.171543489191	0.0	0.0	0.220506730008	0.153350125945	0.0
5	1	1	0	0.0	0.0	0.0	0.0	0.197794486216	0.0	0.136060014387	0.103568580542	0.0	0.0	0.0	0.080852775543	0.0	0.0	0.117101682959	0.0	0.0	0.0	0.0	0.0
6	1	1	0	0.371266578921	0.500346843722	0.500295916354	0.232994215041	0.305336658354	0.355000986388	0.202642296613	0.274739454094	0.234443998394	0.506613625062	0.30336058129	0.2592039801	0.497728170684	0.282157258065	0.166345471143	0.317307692308	0.356274490103	0.493065326633	0.492057108385	0.237824675325
7	1	1	0	0.0	0.0	0.0	0.0	0.0	0.0944583125312	0.19334071019	0.0	0.0	0.147421859447	0.163620107292	0.10231219609	0.350319106502	0.0	0.163218390805	0.0	0.0	0.220750551876	0.150997432352	0.0
8	1	1	0	0.368117670443	0.233806170023	0.385148713826	0.230566801619	0.304982135768	0.368546940403	0.190157047114	0.275960460613	0.236347447566	0.503750375038	0.149800331158	0.257069662036	0.508585199317	0.122740056247	0.178125	0.175832840528	0.247451252103	0.498657918282	0.503088880032	0.237519968051
9	1	1	0	0.0	0.0	0.0	0.0	0.0	0.0947379052621	0.0	0.0	0.0	0.0	0.0	0.104214179474	0.15878811803	0.0	0.0	0.0	0.0	0.0	0.160928906091	0.0
10	1	1	0	0.0	0.0	0.0	0.266000998502	0.0	0.135977620142	0.0	0.0	0.0	0.0	0.19555466959	0.152955392206	0.0	0.218343668734	0.217798128608	0.0	0.0	0.0	0.0	0.0
11	1	1	0	0.125834513453	0.0	0.0	0.256345941607	0.0	0.141359688529	0.166233506597	0.123608903021	0.267189205278	0.0	0.196224141394	0.158633129572	0.0	0.212895377129	0.21726991724	0.0	0.0	0.0	0.0	0.0
12	1	1	0	0.0	0.0	0.0	0.0	0.0	0.0907676348548	0.199980239107	0.0	0.0	0.146821844226	0.162590355481	0.103849597135	0.351464435146	0.0	0.17476315259	0.0	0.0	0.219124308002	0.155081834714	0.0
13	1	1	0	0.130174563591	0.0	0.0	0.264547090582	0.0	0.144179104478	0.157018159928	0.122762665588	0.250676014021	0.0	0.199800399202	0.157334938792	0.0	0.215443088618	0.219140083218	0.0	0.0	0.0	0.0	0.0
14	1	1	0	0.174307304786	0.233260480827	0.226567164179	0.234226100913	0.307138572286	0.125153123724	0.0	0.278379462495	0.244092911494	0.161652218256	0.0	0.0	0.148037159125	0.126826359209	0.0	0.181449569184	0.0921978784574	0.0	0.347860304968	0.239376062394
15	1	1	0	0.0	0.0	0.0	0.0	0.19268316734	0.0	0.136395337252	0.101975653562	0.0	0.0	0.0	0.0800039753528	0.0	0.0	0.118906422756	0.0	0.0	0.0	0.0	0.0
16	1	1	0	0.0	0.0	0.0	0.0	0.196326407709	0.0	0.14196054991	0.105394605395	0.0	0.0	0.0	0.0864284280265	0.0	0.0	0.118065291408	0.0	0.0	0.0	0.0	0.0
17	1	1	0	0.170377055756	0.0	0.132851695766	0.221049363552	0.303894297636	0.124522228928	0.0	0.160131043383	0.0	0.162991656734	0.0	0.0	0.0	0.0	0.0	0.17756352315	0.0	0.0	0.207252856433	0.24677771168
18	1	1	0	0.0	0.0	0.0	0.0	0.193821926105	0.0	0.143497311293	0.103638368247	0.0	0.0	0.0	0.0905720869652	0.0	0.0	0.116185087897	0.0	0.0	0.0	0.0	0.0
19	1	1	0	0.0	0.0	0.0	0.267094445558	0.0	0.142056822729	0.0	0.0	0.0	0.0	0.202487212917	0.156931037914	0.0	0.209953497576	0.213370696557	0.0	0.0	0.0	0.0	0.0
20	1	1	0	0.365848753017	0.221710139243	0.396600854875	0.233644859813	0.311883182276	0.371460812474	0.202674997559	0.273322262382	0.23652421074	0.493104846887	0.160900882621	0.256633583148	0.506310245454	0.135178499799	0.162438057483	0.170795568983	0.251449710058	0.506350806452	0.504928585798	0.250921406515
21	1	1	0	0.0	0.0	0.0	0.0	0.0	0.088081336823	0.0	0.0	0.0	0.0	0.0	0.095534370296	0.164509980941	0.0	0.0	0.0	0.0	0.0	0.151919191919	0.0
22	1	1	0	0.0	0.0	0.0	0.0	0.0	0.0945414186258	0.0	0.0	0.0	0.0	0.0	0.0932794340576	0.15619590673	0.0	0.0	0.0	0.0	0.0	0.157719138611	0.0
23	1	1	0	0.123205741627	0.0	0.0	0.264374809857	0.0	0.136554202436	0.162087369045	0.1209	0.26512617817	0.0	0.193289934902	0.146810832259	0.0	0.212003583159	0.214327714622	0.0	0.0	0.0	0.0	0.0
24	1	1	0	0.0	0.0	0.0	0.0	0.0	0.0953417070517	0.203175566343	0.0	0.0	0.145403844239	0.158949550795	0.100913786253	0.354730064388	0.0	0.169086930575	0.0	0.0	0.227118644068	0.150586831112	0.0
25	1	1	0	0.0	0.0	0.0	0.0	0.0	0.0	0.0	0.0	0.0	0.0	0.0	0.0	0.0	0.0	0.0	0.184559344329	0.137339486356	0.0	0.0	0.251922298665
26	1	1	0	0.0	0.0	0.0	0.259547312793	0.0	0.143973103926	0.0	0.0	0.0	0.0	0.201448125372	0.148853050185	0.0	0.220554842531	0.217849613493	0.0	0.0	0.0	0.0	0.0
27	1	1	0	0.175145203285	0.0	0.138223552894	0.240212996746	0.307553415588	0.126673326673	0.0	0.163079059617	0.0	0.163458661614	0.0	0.0	0.0	0.0	0.0	0.177082291771	0.0	0.0	0.200835571471	0.245582329317
28	1	1	0	0.372502236803	0.231120826709	0.394367629118	0.240352811466	0.300915444434	0.359555025824	0.197249548283	0.284003248071	0.239928379588	0.503984063745	0.160582465366	0.257128412538	0.503619545546	0.121668012924	0.171675955414	0.173401688782	0.253618817853	0.501260970443	0.497936587821	0.237742190589
29	1	1	0	0.169897959184	0.0	0.137559687087	0.225919264588	0.303011987509	0.126509029233	0.0	0.16599394551	0.0	0.161752908143	0.0	0.0	0.0	0.0	0.0	0.167328699106	0.0	0.0	0.205730202945	0.244120273891
30	1	1	0	0.0	0.0	0.0	0.0	0.188213888608	0.0	0.137283950617	0.104200652529	0.0	0.0	0.0	0.0801839632074	0.0	0.0	0.116860932476	0.0	0.0	0.0	0.0	0.0
31	1	1	0	0.0	0.0	0.0	0.0	0.0	0.0923278292388	0.0	0.0	0.0	0.0	0.0	0.105205751116	0.163701778933	0.0	0.0	0.0	0.0	0.0	0.155924123548	0.0
32	1	1	0	0.0	0.0	0.0	0.0	0.0	0.0918203688853	0.0	0.0	0.0	0.0	0.0	0.103400416378	0.161873702935	0.0	0.0	0.0	0.0	0.0	0.153059177533	0.0
33	1	1	0	0.0	0.0	0.0	0.0	0.0	0.0966021335441	0.196465799662	0.0	0.0	0.144633442753	0.163489960249	0.101635747058	0.358668150997	0.0	0.174026234104	0.0	0.0	0.213983903421	0.150163869302	0.0
34	1	1	0	0.166184827036	0.0	0.129235138973	0.226536565738	0.307254196643	0.123518278713	0.0	0.159959555106	0.0	0.162515066292	0.0	0.0	0.0	0.0	0.0	0.168395112435	0.0	0.0	0.205373134328	0.245106987121
35	1	1	0	0.0	0.0	0.0	0.0	0.0	0.092154295498	0.0	0.0	0.0	0.0	0.0	0.102340062268	0.161822387609	0.0	0.0	0.0	0.0	0.0	0.152251537393	0.0
36	1	1	0	0.367678193366	0.229387103214	0.391321695761	0.235210983242	0.30376984127	0.363893948593	0.195967421534	0.269340410892	0.242773418099	0.503615183772	0.16593625498	0.261869065467	0.503872120731	0.126303127506	0.170136467776	0.184733739634	0.253688484008	0.504052684904	0.498544907175	0.236757624398
37	1	1	0	0.0	0.0	0.0	0.262647262647	0.0	0.135156797916	0.0	0.0	0.0	0.0	0.200700700701	0.153139511407	0.0	0.214128256513	0.214070351759	0.0	0.0	0.0	0.0	0.0
38	1	1	0	0.0	0.0	0.0	0.0	0.0	0.0907260094653	0.197169254964	0.0	0.0	0.152500248534	0.161922960877	0.104413669423	0.346824774598	0.0	0.167538213998	0.0	0.0	0.219858156028	0.157558197622	0.0
39	1	1	0	0.0	0.0	0.0	0.0	0.0	0.0900540324195	0.187971417229	0.0	0.0	0.142487046632	0.155798555377	0.104792524867	0.365040896698	0.0	0.176035946081	0.0	0.0	0.215731695035	0.149125407649	0.0
40	1	1	0	0.0	0.0	0.0	0.0	0.193445878848	0.0	0.138927507448	0.0993621686267	0.0	0.0	0.0	0.0895849960096	0.0	0.0	0.123461771233	0.0	0.0	0.0	0.0	0.0
41	1	1	0	0.0	0.0	0.0	0.0	0.195558235353	0.0	0.135925226211	0.109727938962	0.0	0.0	0.0	0.0885682797315	0.0	0.0	0.121200157916	0.0	0.0	0.0	0.0	0.0
42	1	1	0	0.0	0.0	0.0	0.0	0.0	0.0902120880215	0.0	0.0	0.0	0.0	0.0	0.099679743795	0.153922542205	0.0	0.0	0.0	0.0	0.0	0.15455107084	0.0
43	1	1	0	0.0	0.0	0.0	0.0	0.194636849396	0.0	0.134996041172	0.106714628297	0.0	0.0	0.0	0.0885630498534	0.0	0.0	0.118559837728	0.0	0.0	0.0	0.0	0.0
44	1	1	0	0.0	0.0	0.0	0.0	0.0	0.0974849094567	0.0	0.0	0.0	0.0	0.0	0.0995430160938	0.156991821265	0.0	0.0	0.0	0.0	0.0	0.151306740028	0.0
45	1	1	0	0.0	0.0	0.0	0.0	0.0	0.0899760860901	0.0	0.0	0.0	0.0	0.0	0.10530482977	0.159646334194	0.0	0.0	0.0	0.0	0.0	0.153783811164	0.0
46	1	1	0	0.0	0.0	0.0	0.0	0.191049229239	0.0	0.140819786576	0.0973921765296	0.0	0.0	0.0	0.0790869956953	0.0	0.0	0.120606000594	0.0	0.0	0.0	0.0	0.0
47	1	1	0	0.0	0.0	0.0	0.0	0.0	0.0	0.0	0.0	0.0	0.0	0.0	0.0	0.0	0.0	0.0	0.185820525533	0.141314131413	0.0	0.0	0.260083449235
48	1	1	0	0.129182340131	0.0	0.0	0.259661223248	0.0	0.136059850374	0.166184249925	0.117896606156	0.267910299663	0.0	0.193526238352	0.144082161731	0.0	0.217611940299	0.206414227196	0.0	0.0	0.0	0.0	0.0
49	1	1	0	0.369246231156	0.232825956339	0.390241488519	0.236577348341	0.311398237179	0.358790056903	0.195351187468	0.272772375471	0.239641434263	0.495466193574	0.1595	0.26365162437	0.496348924413	0.131117824773	0.162781390695	0.168385223746	0.251266262787	0.50004994506	0.497434318555	0.244213317018
50	1	1	0	0.0	0.0	0.0	0.0	0.188797923323	0.0	0.137328462829	0.105252442997	0.0	0.0	0.0	0.0787307882995	0.0	0.0	0.123142460868	0.0	0.0	0.0	0.0	0.0
51	1	1	0	0.0	0.0	0.0	0.0	0.0	0.0	0.0	0.0	0.0	0.0	0.0	0.0	0.0	0.0	0.0	0.182753403933	0.138072796551	0.0	0.0	0.251773403936
52	1	1	0	0.0	0.0	0.0	0.0	0.0	0.0	0.0	0.0	0.0	0.0	0.0	0.0	0.0	0.0	0.0	0.181934216986	0.135732957973	0.0	0.0	0.255240566979
53	1	1	0	0.0	0.0	0.0	0.0	0.0	0.0	0.0	0.0	0.0	0.0	0.0	0.0	0.0	0.0	0.0	0.186721991701	0.147928994083	0.0	0.0	0.260212702515
54	1	1	0	0.0	0.0	0.0	0.0	0.0	0.095304975923	0.206441288258	0.0	0.0	0.143184764184	0.165027102991	0.100191320109	0.353268569116	0.0	0.17109929078	0.0	0.0	0.212003583159	0.155163676903	0.0
55	1	1	0	0.0	0.0	0.0	0.0	0.0	0.0	0.0	0.0	0.0	0.0	0.0	0.0	0.0	0.0	0.0	0.185807750377	0.14205570026	0.0	0.0	0.264409512293
56	1	1	0	0.174844782696	0.231899890754	0.230089384353	0.233922829582	0.312026658588	0.122875816993	0.0	0.277899780395	0.237784689475	0.164155113522	0.0	0.0	0.149359743898	0.127252921371	0.0	0.172796322207	0.0932877125893	0.0	0.348640302819	0.239932553065
57	1	1	0	0.168770032051	0.230761572922	0.234085213033	0.231085691351	0.300518134715	0.122727729236	0.0	0.266828626379	0.239471593166	0.162866772403	0.0	0.0	0.150918897323	0.128497104152	0.0	0.166784309771	0.0896572519851	0.0	0.355299722112	0.246740320494
58	1	1	0	0.0	0.0	0.0	0.0	0.193050966256	0.0	0.135466988728	0.103179364127	0.0	0.0	0.0	0.0842306531146	0.0	0.0	0.124139307454	0.0	0.0	0.0	0.0	0.0
59	1	1	0	0.0	0.0	0.0	0.267069250998	0.0	0.134741736581	0.0	0.0	0.0	0.0	0.201482074905	0.155930521092	0.0	0.206596701649	0.214186645532	0.0	0.0	0.0	0.0	0.0
60	1	1	0	0.0	0.0	0.0	0.0	0.0	0.0892839308898	0.0	0.0	0.0	0.0	0.0	0.104017722284	0.159300924066	0.0	0.0	0.0	0.0	0.0	0.152758414658	0.0
61	1	1	0	0.170274604129	0.0	0.137010853331	0.231240582622	0.313368663134	0.125997438676	0.0	0.162248674602	0.0	0.159771038361	0.0	0.0	0.0	0.0	0.0	0.171799516908	0.0	0.0	0.207026597856	0.240829184026
62	1	1	0	0.0	0.0	0.0	0.0	0.0	0.0	0.0	0.0	0.0	0.0	0.0	0.0	0.0	0.0	0.0	0.191846522782	0.140430237234	0.0	0.0	0.256697321072
63	1	1	0	0.0	0.0	0.0	0.0	0.0	0.085826001955	0.0	0.0	0.0	0.0	0.0	0.0978293488046	0.164626256594	0.0	0.0	0.0	0.0	0.0	0.15068081698	0.0
64	1	1	0	0.0	0.0	0.0	0.0	0.196321471411	0.0	0.13475177305	0.0996526054591	0.0	0.0	0.0	0.0839203675345	0.0	0.0	0.122590212556	0.0	0.0	0.0	0.0	0.0
65	1	1	0	0.0	0.0	0.0	0.0	0.0	0.0961425494419	0.197342126299	0.0	0.0	0.149502315955	0.156019900498	0.101203610832	0.360970275375	0.0	0.166365098512	0.0	0.0	0.217408744485	0.153953813856	0.0
66	1	1	0	0.0	0.0	0.0	0.0	0.0	0.0963745303138	0.19523904781	0.0	0.0	0.145324176934	0.161503759398	0.101469842879	0.356336762209	0.0	0.169442215088	0.0	0.0	0.223977878728	0.146366015704	0.0
67	1	1	0	0.0	0.0	0.0	0.0	0.0	0.0928521721841	0.0	0.0	0.0	0.0	0.0	0.103396453261	0.157320099256	0.0	0.0	0.0	0.0	0.0	0.152025671881	0.0
68	1	1	0	0.0	0.0	0.0	0.0	0.0	0.0865375159799	0.0	0.0	0.0	0.0	0.0	0.100672488206	0.162210515853	0.0	0.0	0.0	0.0	0.0	0.150596421471	0.0
69	1	1	0	0.0	0.0	0.0	0.0	0.0	0.0	0.0	0.0	0.0	0.0	0.0	0.0	0.0	0.0	0.0	0.189111463705	0.138498838266	0.0	0.0	0.252805083904
70	1	1	0	0.0	0.0	0.0	0.269792694965	0.0	0.136628769155	0.0	0.0	0.0	0.0	0.197187283351	0.153371792321	0.0	0.217421533572	0.211704129122	0.0	0.0	0.0	0.0	0.0
71	1	1	0	0.171286141575	0.0	0.138508064516	0.232789142408	0.304525518341	0.122620494127	0.0	0.158666799721	0.0	0.159736763386	0.0	0.0	0.0	0.0	0.0	0.179589000298	0.0	0.0	0.198789202064	0.238261042579
72	1	1	0	0.0	0.0	0.0	0.0	0.0	0.0916038210156	0.0	0.0	0.0	0.0	0.0	0.104074183684	0.158305119524	0.0	0.0	0.0	0.0	0.0	0.149573934837	0.0
73	1	1	0	0.0	0.0	0.0	0.0	0.0	0.0915385398636	0.0	0.0	0.0	0.0	0.0	0.103876590203	0.15904752336	0.0	0.0	0.0	0.0	0.0	0.148479967787	0.0
74	1	1	0	0.0	0.0	0.0	0.0	0.0	0.0	0.0	0.0	0.0	0.0	0.0	0.0	0.0	0.0	0.0	0.179961581235	0.139562984594	0.0	0.0	0.250982704403
75	1	1	0	0.0	0.0	0.0	0.0	0.205789420039	0.0	0.137872594956	0.103251625813	0.0	0.0	0.0	0.08578381667	0.0	0.0	0.118258090292	0.0	0.0	0.0	0.0	0.0
76	1	1	0	0.0	0.0	0.0	0.272061038048	0.0	0.141023069208	0.0	0.0	0.0	0.0	0.194452910698	0.150972364381	0.0	0.212710135069	0.213474187762	0.0	0.0	0.0	0.0	0.0
77	1	1	0	0.171759959657	0.0	0.135758919573	0.226772736201	0.301640640443	0.122471460044	0.0	0.159209876543	0.0	0.16166870665	0.0	0.0	0.0	0.0	0.0	0.173623534089	0.0	0.0	0.201349717969	0.246718642061
78	1	1	0	0.0	0.0	0.0	0.0	0.0	0.0	0.0	0.0	0.0	0.0	0.0	0.0	0.0	0.0	0.0	0.180168567179	0.140403736065	0.0	0.0	0.255899631584
79	1	1	0	0.0	0.0	0.0	0.0	0.0	0.091100420926	0.191399578017	0.0	0.0	0.142309631871	0.160728582866	0.106346483705	0.352506648281	0.0	0.170793329965	0.0	0.0	0.212808875441	0.150873965041	0.0
80	1	1	0	0.127318803852	0.0	0.0	0.256989247312	0.0	0.142871556856	0.165981601096	0.125275165099	0.269262211322	0.0	0.199222255459	0.151371416787	0.0	0.213402473075	0.211852449103	0.0	0.0	0.0	0.0	0.0
81	1	1	0	0.0	0.0	0.0	0.0	0.200218383959	0.0	0.137431284358	0.104381443299	0.0	0.0	0.0	0.085589606268	0.0	0.0	0.114833015746	0.0	0.0	0.0	0.0	0.0
82	1	1	0	0.0	0.0	0.0	0.0	0.0	0.0	0.0	0.0	0.0	0.0	0.0	0.0	0.0	0.0	0.0	0.190452210696	0.136051031596	0.0	0.0	0.267103274559
83	1	1	0	0.0	0.0	0.0	0.0	0.0	0.0910005027652	0.199697275479	0.0	0.0	0.150823954984	0.156537033418	0.0994140625	0.349286145184	0.0	0.172351160444	0.0	0.0	0.211903335331	0.149728861217	0.0
84	1	1	0	0.0	0.0	0.0	0.0	0.0	0.0904016744742	0.0	0.0	0.0	0.0	0.0	0.104229607251	0.160690839309	0.0	0.0	0.0	0.0	0.0	0.154199540597	0.0
85	1	1	0	0.0	0.0	0.0	0.0	0.0	0.0956243116051	0.194878515979	0.0	0.0	0.146299657189	0.160340115396	0.0994826900119	0.353060809437	0.0	0.170167427702	0.0	0.0	0.217473412186	0.153620550162	0.0
86	1	1	0	0.0	0.0	0.0	0.0	0.0	0.0901549225387	0.0	0.0	0.0	0.0	0.0	0.0968350034726	0.159172661871	0.0	0.0	0.0	0.0	0.0	0.149536437045	0.0
87	1	1	0	0.367861482382	0.23470909995	0.394325535092	0.235270297631	0.296262989608	0.355457227139	0.196280991736	0.278301418792	0.234600911071	0.496684083601	0.161049806144	0.256176853056	0.50157440325	0.129841460967	0.172863204688	0.169021041193	0.256246889	0.496622643412	0.504643660182	0.24950317965
88	1	1	0	0.0	0.0	0.0	0.0	0.0	0.0882911708829	0.0	0.0	0.0	0.0	0.0	0.101056266504	0.162330487192	0.0	0.0	0.0	0.0	0.0	0.151648792222	0.0
89	1	1	0	0.0	0.0	0.0	0.0	0.190932956381	0.0	0.142528044872	0.104605854731	0.0	0.0	0.0	0.084264662249	0.0	0.0	0.119632810187	0.0	0.0	0.0	0.0	0.0
90	1	1	0	0.0	0.0	0.0	0.0	0.0	0.092840600141	0.199600599101	0.0	0.0	0.143693559591	0.168354803816	0.0967678746327	0.361488481985	0.0	0.169447497252	0.0	0.0	0.220604478361	0.151134000198	0.0
91	1	1	0	0.167218376969	0.0	0.136046397326	0.236761358012	0.309587680079	0.125932469572	0.0	0.158648512355	0.0	0.161872306305	0.0	0.0	0.0	0.0	0.0	0.176506514658	0.0	0.0	0.198570293884	0.240320962889
92	1	1	0	0.0	0.0	0.0	0.0	0.19198080192	0.0	0.139912681491	0.100685135538	0.0	0.0	0.0	0.0811431997602	0.0	0.0	0.117293835068	0.0	0.0	0.0	0.0	0.0
93	1	1	0	0.0	0.0	0.0	0.0	0.0	0.0925270502579	0.0	0.0	0.0	0.0	0.0	0.0971869604956	0.158277744087	0.0	0.0	0.0	0.0	0.0	0.153668573723	0.0
94	1	1	0	0.373517185441	0.230955016605	0.398610421836	0.239071721516	0.307168246445	0.350450183041	0.20172103262	0.272847144741	0.241128389155	0.504608294931	0.158139996034	0.269589645831	0.498511314013	0.135064935065	0.172846889952	0.176300289508	0.251554040505	0.506528456095	0.506786427146	0.244184875642
95	1	1	0	0.171485943775	0.0	0.131016832365	0.235270379338	0.309126788357	0.120012061514	0.0	0.158577654517	0.0	0.157884171434	0.0	0.0	0.0	0.0	0.0	0.1652	0.0	0.0	0.208424398967	0.241604109048
96	1	1	0	0.371999598273	0.239085848227	0.389471540576	0.230569430569	0.306494031964	0.356559011164	0.198295739348	0.274083717204	0.247658374459	0.504305166199	0.163647222775	0.261902385468	0.495626822157	0.132307995662	0.168997439433	0.172987974098	0.252961331375	0.499750822286	0.5036445332	0.250227112143
97	1	1	0	0.0	0.0	0.0	0.0	0.200726612171	0.0	0.143167456556	0.103772650758	0.0	0.0	0.0	0.0860927152318	0.0	0.0	0.110990421645	0.0	0.0	0.0	0.0	0.0
98	1	1	0	0.0	0.0	0.0	0.0	0.0	0.0	0.0	0.0	0.0	0.0	0.0	0.0	0.0	0.0	0.0	0.189234902	0.13981184948	0.0	0.0	0.258280837228
99	1	1	0	0.0	0.0	0.0	0.0	0.0	0.0937468933294	0.191121823843	0.0	0.0	0.144152221558	0.159936343744	0.10266798419	0.350772540583	0.0	0.168295878263	0.0	0.0	0.208752866115	0.147430750703	0.0
100	1	1	0	0.0	0.0	0.0	0.0	0.0	0.0	0.0	0.0	0.0	0.0	0.0	0.0	0.0	0.0	0.0	0.185994511637	0.138747884941	0.0	0.0	0.261054086064
