#chr	normal	sample0	sample1	sample2	sample3	sample4	sample5	sample6	sample7	sample8	sample9	sample10	sample11	sample12	sample13	sample14
0	0	0.489087301587	0.290386521308	0.471204188482	0.276908023483	0.529525653437	0.508823529412	0.377300613497	0.497942386831	0.279467680608	0.228712871287	0.506679389313	0.389344262295	0.0	0.511627906977	0.286573146293
1	0	0.521611001965	0.492783505155	0.540625	0.421267893661	0.515240904621	0.53187250996	0.390827517448	0.491089108911	0.264258555133	0.518731988473	0.495431472081	0.485408560311	0.0	0.477203647416	0.322842639594
2	0	0.21197252208	0.0	0.12124248497	0.0	0.120078740157	0.0	0.0	0.0983783783784	0.0	0.0	0.111111111111	0.0	0.0	0.0	0.0
3	0	0.4750254842	0.500490677134	0.499011857708	0.415228426396	0.47265625	0.518819938962	0.375650364204	0.477948717949	0.283018867925	0.508687258687	0.529469548134	0.529356060606	0.0	0.505516549649	0.322818086225
4	0	0.0	0.0	0.0	0.0	0.0	0.141052631579	0.0	0.099593495935	0.118609406953	0.235789473684	0.0	0.0	0.0	0.142857142857	0.0
5	0	0.0	0.0	0.0	0.0	0.0	0.164047151277	0.0	0.115646258503	0.111336032389	0.231	0.0	0.0	0.0	0.135542168675	0.0
6	0	0.298245614035	0.281504065041	0.344655344655	0.299798792757	0.245562130178	0.339068825911	0.179916317992	0.12987012987	0.165987780041	0.0	0.166828322017	0.248830682881	0.0	0.154899894626	0.0
7	0	0.311542390194	0.249756097561	0.367676767677	0.321161048689	0.250968992248	0.49591002045	0.179207920792	0.381893860562	0.252780586451	0.224038461538	0.185221674877	0.388177339901	0.0	0.290598290598	0.0
8	0	0.498997995992	0.503766478343	0.481951219512	0.412065439673	0.470941883768	0.502424830262	0.36747624076	0.500495540139	0.278637770898	0.493414387031	0.485279187817	0.492401215805	0.0	0.505418719212	0.278672032193
9	0	0.299703264095	0.263479145473	0.389389389389	0.303455723542	0.235795454545	0.375886524823	0.188434695912	0.135107471853	0.153531218014	0.0	0.182625863771	0.260396039604	0.0	0.165191740413	0.0
10	0	0.473532242541	0.481	0.516293279022	0.479396984925	0.527027027027	0.516034985423	0.504568527919	0.473633748802	0.530671859786	0.496015936255	0.50612244898	0.492566897919	0.505572441743	0.489043824701	0.525691699605
11	0	0.482197355036	0.50254841998	0.495107632094	0.513595166163	0.470530451866	0.510791366906	0.494288681205	0.508133971292	0.500531349628	0.501048218029	0.492850333651	0.52791380999	0.510747185261	0.491106719368	0.496848739496
12	0	0.290224032587	0.246791707799	0.375770020534	0.282128514056	0.259624876604	0.486432160804	0.175634517766	0.413680781759	0.272452068618	0.234104046243	0.182564102564	0.370333988212	0.0	0.30518819939	0.0
13	0	0.299196787149	0.2822265625	0.370919881306	0.290422245108	0.25512295082	0.358166189112	0.202634245187	0.145956607495	0.130916414904	0.0	0.190618762475	0.22514619883	0.0	0.162511542013	0.0
14	0	0.508390918065	0.473891625616	0.49474789916	0.413510747185	0.484390735146	0.507919746568	0.375253549696	0.516129032258	0.298715203426	0.49464459591	0.525742574257	0.537823834197	0.0	0.517552657974	0.279313632031
15	0	0.0	0.0	0.0	0.0	0.0	0.151950718686	0.0	0.120574162679	0.12270531401	0.2353515625	0.0	0.0	0.0	0.128486055777	0.0
16	0	0.471502590674	0.483679525223	0.492631578947	0.535922330097	0.481231953802	0.498525073746	0.505165289256	0.486965589155	0.515212981744	0.512537612839	0.500974658869	0.485826001955	0.485687022901	0.523029682702	0.477962781587
17	0	0.292779426311	0.251867662753	0.367853290183	0.274735830932	0.288537549407	0.536635706914	0.187376725838	0.41	0.288362512873	0.22805247225	0.191510365252	0.391346153846	0.0	0.294859359845	0.0
18	0	0.275929549902	0.262226847034	0.382383419689	0.287712287712	0.271946564885	0.493069306931	0.195	0.403902439024	0.287784679089	0.23291626564	0.182939362795	0.349287169043	0.0	0.299382716049	0.0
19	0	0.451256281407	0.511224489796	0.47256097561	0.506442021804	0.491071428571	0.454635108481	0.486868686869	0.504433497537	0.510658914729	0.496592015579	0.506416584403	0.506916996047	0.493033226152	0.525231719876	0.500504540868
20	0	0.282674772036	0.281162136832	0.358237547893	0.304609218437	0.247967479675	0.512100677638	0.189523809524	0.379170879676	0.285575048733	0.260824742268	0.174950298211	0.385771543086	0.0	0.28684470821	0.0
21	0	0.279306829766	0.263316582915	0.350096711799	0.288638689867	0.231060606061	0.485770363101	0.201368523949	0.413721413721	0.291191709845	0.219675262655	0.176470588235	0.364970645793	0.0	0.273622047244	0.0
22	0	0.492163009404	0.507	0.475257731959	0.505735140772	0.488188976378	0.494516450648	0.505617977528	0.518181818182	0.510357815443	0.491080797482	0.524573721163	0.51367781155	0.515639810427	0.47920997921	0.499015748031
23	0	0.0	0.0	0.0	0.0854368932039	0.0	0.0	0.104446742503	0.0	0.0828092243187	0.0	0.0	0.0	0.223739495798	0.0	0.0
24	0	0.516441005803	0.50808753568	0.513116474292	0.410159924741	0.482051282051	0.510769230769	0.414736842105	0.487462387161	0.265711135612	0.500487804878	0.517475728155	0.50950950951	0.0	0.509359605911	0.282474226804
25	0	0.297655453619	0.245428296439	0.378024193548	0.290650406504	0.277386934673	0.34962406015	0.177710843373	0.163342830009	0.156348373557	0.0	0.162859980139	0.263263263263	0.0	0.128254580521	0.0
26	0	0.0	0.0	0.0	0.0	0.0	0.154162384378	0.0	0.0985365853659	0.137623762376	0.224903474903	0.0	0.0	0.0	0.142721217888	0.0
27	0	0.0	0.0	0.0	0.0	0.120315581854	0.149606299213	0.0	0.0	0.0	0.0	0.0	0.130566801619	0.0	0.165271966527	0.0
28	0	0.0	0.0	0.0	0.0	0.103448275862	0.186544342508	0.0	0.0	0.0	0.0	0.0	0.121730382294	0.0	0.161290322581	0.0
29	0	0.0	0.0	0.0	0.0	0.0	0.149155722326	0.0	0.130712008502	0.145194274029	0.240704500978	0.0	0.0	0.0	0.147058823529	0.0
30	0	0.308176100629	0.248704663212	0.367781155015	0.277073170732	0.247743229689	0.493041749503	0.192553191489	0.402332361516	0.281281281281	0.251805985552	0.177551020408	0.378926038501	0.0	0.330535152151	0.0
31	0	0.310576923077	0.291585127202	0.208249496982	0.144615384615	0.132706374086	0.163405088063	0.0	0.0	0.146997929607	0.0	0.0	0.136778115502	0.0	0.0	0.0
32	0	0.0	0.0	0.0	0.0	0.125382262997	0.160481444333	0.0	0.0	0.0	0.0	0.0	0.110663983903	0.0	0.150905432596	0.0
33	0	0.0	0.0	0.0	0.0	0.0	0.133267522211	0.0	0.108161258604	0.119071644803	0.222110552764	0.0	0.0	0.0	0.149209486166	0.0
34	0	0.0	0.0	0.0	0.0	0.0	0.131132075472	0.0	0.118343195266	0.112337011033	0.239719157472	0.0	0.0	0.0	0.136904761905	0.0
35	0	0.507797270955	0.467181467181	0.504615384615	0.424365482234	0.508357915438	0.485714285714	0.385729058945	0.514285714286	0.282868525896	0.488493723849	0.495540138751	0.519959058342	0.0	0.495807127883	0.313929313929
36	0	0.214218009479	0.0	0.125510204082	0.0	0.100806451613	0.0	0.0	0.111570247934	0.0	0.0	0.105667627281	0.0	0.0	0.0	0.0
37	0	0.462809917355	0.492291880781	0.491866028708	0.433054393305	0.512613521695	0.502941176471	0.396378269618	0.509824198552	0.251467710372	0.520041109969	0.529644268775	0.497579864472	0.0	0.498547918683	0.304133858268
38	0	0.284600389864	0.272997032641	0.380198019802	0.294176706827	0.280230326296	0.485493230174	0.182495344507	0.409456740443	0.288187372709	0.241025641026	0.179104477612	0.387434554974	0.0	0.315094339623	0.0
39	0	0.0	0.0	0.0	0.0843023255814	0.0	0.0	0.106525911708	0.0	0.0963855421687	0.0	0.0	0.0	0.245559038662	0.0	0.0
40	0	0.512219959267	0.490118577075	0.490452261307	0.486707566462	0.497461928934	0.507772020725	0.539666993144	0.484295845998	0.474045053869	0.480868665977	0.489690721649	0.497925311203	0.498492462312	0.491071428571	0.497975708502
41	0	0.275051124744	0.247715736041	0.356798457088	0.296184738956	0.245264207378	0.505283381364	0.188888888889	0.429273084479	0.286522148916	0.227182539683	0.186138613861	0.360465116279	0.0	0.292658730159	0.0
42	0	0.0	0.0	0.0	0.0	0.0	0.152749490835	0.0	0.116582914573	0.0978809283552	0.238326848249	0.0	0.0	0.0	0.138067061144	0.0
43	0	0.0	0.0	0.0	0.0	0.117412935323	0.175023651845	0.0	0.0	0.0	0.0	0.0	0.118743866536	0.0	0.138308457711	0.0
44	0	0.518896833504	0.504672897196	0.480673934589	0.407444668008	0.486170212766	0.518298714144	0.39182915506	0.51638530288	0.293933054393	0.506876227898	0.507751937984	0.496618357488	0.0	0.516352824579	0.300558659218
45	0	0.0	0.0	0.0	0.0770010131712	0.0	0.0	0.119658119658	0.0	0.093621399177	0.0	0.0	0.0	0.198602794411	0.0	0.0
46	0	0.287698412698	0.272195121951	0.386811023622	0.279713114754	0.246435845214	0.371595330739	0.164532019704	0.146464646465	0.15064420218	0.0	0.208576998051	0.251207729469	0.0	0.173267326733	0.0
47	0	0.461617195496	0.477505112474	0.532064128257	0.409650924025	0.512054001929	0.474088291747	0.385385385385	0.492217898833	0.277507302824	0.519174041298	0.475024485798	0.502982107356	0.0	0.510416666667	0.300196850394
48	0	0.485714285714	0.513078470825	0.4921875	0.392532795156	0.498510427011	0.490509490509	0.360671936759	0.504319654428	0.285571142285	0.516059957173	0.4873046875	0.484220907298	0.0	0.514229636899	0.31007751938
49	0	0.497005988024	0.498095238095	0.507113821138	0.506572295248	0.479229989868	0.496598639456	0.519516728625	0.491246138002	0.531936127745	0.481195756991	0.517517517518	0.518363064008	0.517408123791	0.5	0.517006802721
50	0	0.296951819076	0.279484638256	0.174406604747	0.132367149758	0.131230925738	0.181188118812	0.0	0.0	0.162576687117	0.0	0.0	0.140733399405	0.0	0.0	0.0
51	0	0.0	0.0	0.0	0.0	0.0	0.147208121827	0.0	0.103305785124	0.152915291529	0.2309970385	0.0	0.0	0.0	0.129496402878	0.0
52	0	0.488636363636	0.516094420601	0.531400966184	0.406101048618	0.544	0.524319066148	0.403805496829	0.520661157025	0.289345063539	0.489669421488	0.491129785247	0.505344995141	0.0	0.51689860835	0.324945295405
53	0	0.308219178082	0.253048780488	0.376299376299	0.297269969666	0.259334006054	0.48595505618	0.191794871795	0.376267748479	0.280439121756	0.258157389635	0.168911917098	0.371833839919	0.0	0.318	0.0
54	0	0.493951612903	0.516516516517	0.484167517875	0.409613375131	0.507537688442	0.458845789972	0.384689922481	0.511022044088	0.280428432327	0.492566897919	0.500491642085	0.506585612969	0.0	0.51184346035	0.29345603272
55	0	0.317510548523	0.282717282717	0.394550958628	0.274336283186	0.272634791455	0.526153846154	0.188968335036	0.404572564612	0.267928286853	0.197969543147	0.156570363467	0.398512221041	0.0	0.288306451613	0.0
56	0	0.201160541586	0.0	0.125730994152	0.0	0.0989795918367	0.0	0.0	0.118077324974	0.0	0.0	0.127659574468	0.0	0.0	0.0	0.0
57	0	0.284431137725	0.283073929961	0.367451381781	0.282388663968	0.251450676983	0.354018311292	0.180758017493	0.149165848871	0.189536031589	0.0	0.173646578141	0.248289345064	0.0	0.169260700389	0.0
58	0	0.0	0.0	0.0	0.0	0.133204633205	0.175740210124	0.0	0.0	0.0	0.0	0.0	0.123444976077	0.0	0.156378600823	0.0
59	0	0.477425552354	0.510858324716	0.482826300294	0.452772073922	0.489278752437	0.485368314834	0.501057082452	0.509453781513	0.491559086395	0.523290386521	0.500512820513	0.519441674975	0.505976095618	0.502024291498	0.498023715415
60	0	0.485279187817	0.51567239636	0.49545913219	0.486083499006	0.49387755102	0.487465181058	0.494382022472	0.500996015936	0.511004784689	0.513538748833	0.485772357724	0.484102564103	0.511651469098	0.486921529175	0.507614213198
61	0	0.291428571429	0.237721021611	0.178821178821	0.148957298908	0.132788559755	0.214624881292	0.0	0.0	0.177165354331	0.0	0.0	0.139817629179	0.0	0.0	0.0
62	0	0.506876227898	0.496453900709	0.506572295248	0.512768130746	0.481744421907	0.482524271845	0.501016260163	0.479550102249	0.496801705757	0.491264131552	0.512770137525	0.491967871486	0.489754098361	0.524340770791	0.488669950739
63	0	0.509178743961	0.507302823759	0.51010587103	0.52353506244	0.510638297872	0.517716535433	0.507692307692	0.483365949119	0.4912109375	0.500475737393	0.5322265625	0.483903420523	0.496907216495	0.489669421488	0.493963782696
64	0	0.494949494949	0.53216374269	0.499534016775	0.493230174081	0.515930113052	0.488821138211	0.496650717703	0.509708737864	0.495145631068	0.498527968597	0.484876260312	0.513432835821	0.527079303675	0.488888888889	0.514705882353
65	0	0.483253588517	0.504751847941	0.492227979275	0.485858585859	0.486540378863	0.496907216495	0.461228600201	0.502497502498	0.527013251784	0.498461538462	0.488736532811	0.492263056093	0.501923076923	0.502512562814	0.502458210423
66	0	0.0	0.0	0.0	0.0	0.117395944504	0.169902912621	0.0	0.0	0.0	0.0	0.0	0.142147117296	0.0	0.13872255489	0.0
67	0	0.0	0.0	0.0	0.0	0.0	0.126620139581	0.0	0.12015503876	0.112774451098	0.236680327869	0.0	0.0	0.0	0.127032520325	0.0
68	0	0.471774193548	0.5	0.513846153846	0.494434137291	0.521255060729	0.512195121951	0.488272921109	0.475659229209	0.49587628866	0.503421309873	0.509054325956	0.502601456816	0.467204843592	0.517073170732	0.503524672709
69	0	0.270009643202	0.232049947971	0.38399189463	0.293436293436	0.266732283465	0.357142857143	0.174698795181	0.160832544939	0.151196172249	0.0	0.160749506903	0.274900398406	0.0	0.179849340866	0.0
70	0	0.299798792757	0.288957688338	0.370009737098	0.301301301301	0.238850346878	0.492141453831	0.191056910569	0.419487179487	0.270551508845	0.234326824255	0.175490196078	0.396518375242	0.0	0.285569105691	0.0
71	0	0.291423001949	0.269430051813	0.37773359841	0.268806419258	0.246185147508	0.466666666667	0.182086614173	0.42073778664	0.270691333982	0.234343434343	0.196215139442	0.370187561698	0.0	0.298142717498	0.0
72	0	0.280464216634	0.258064516129	0.344117647059	0.284742468416	0.250746268657	0.508720930233	0.186390532544	0.40726202159	0.30206185567	0.193986420951	0.178068410463	0.390625	0.0	0.336822074215	0.0
73	0	0.0	0.0	0.0	0.0	0.0	0.137826961771	0.0	0.114343029087	0.13353115727	0.243216080402	0.0	0.0	0.0	0.12987012987	0.0
74	0	0.28028028028	0.258928571429	0.383282364934	0.305050505051	0.246276067527	0.495618305745	0.177598385469	0.393476044852	0.296072507553	0.214498510427	0.185492227979	0.368115942029	0.0	0.285014691479	0.0
75	0	0.518676627535	0.488659793814	0.4750254842	0.476280834915	0.512170385396	0.538090646095	0.501	0.496993987976	0.514747859182	0.48125	0.486828240253	0.523469387755	0.486055776892	0.499025341131	0.481789802289
76	0	0.285425101215	0.289345063539	0.194708994709	0.161538461538	0.138643067847	0.184235517569	0.0	0.0	0.15087040619	0.0	0.0	0.1259765625	0.0	0.0	0.0
77	0	0.28373015873	0.249261083744	0.367735470942	0.293881644935	0.239436619718	0.494035785288	0.178609625668	0.371859296482	0.312693498452	0.258	0.17094017094	0.388118811881	0.0	0.309650053022	0.0
78	0	0.299332697807	0.250980392157	0.190625	0.164989939638	0.141012909633	0.194444444444	0.0	0.0	0.158375634518	0.0	0.0	0.148832684825	0.0	0.0	0.0
79	0	0.0	0.0	0.0	0.0	0.0	0.122926829268	0.0	0.100405679513	0.122593718338	0.23311132255	0.0	0.0	0.0	0.123044838373	0.0
80	0	0.299204771372	0.257023933403	0.399794450154	0.313819577735	0.245379876797	0.497387669801	0.170779861797	0.421891604676	0.287118977384	0.221406086044	0.18978805395	0.406218655968	0.0	0.290946083418	0.0
81	0	0.507836990596	0.505952380952	0.475079533404	0.497456765005	0.509125840538	0.499497487437	0.509698275862	0.502507522568	0.468719923003	0.506085192698	0.514514514515	0.483901515152	0.520117762512	0.4750499002	0.512219959267
82	0	0.0	0.0	0.0	0.0	0.0	0.125126135217	0.0	0.106786427146	0.137931034483	0.237029501526	0.0	0.0	0.0	0.142578125	0.0
83	0	0.283877349159	0.272637795276	0.362525458248	0.323076923077	0.262686567164	0.34375	0.17125984252	0.149105367793	0.170708955224	0.0	0.175757575758	0.265734265734	0.0	0.159248269041	0.0
84	0	0.280040733198	0.274163568773	0.383089770355	0.299591002045	0.262264150943	0.493608652901	0.193610842207	0.376676986584	0.325910931174	0.227619047619	0.164778578785	0.374757281553	0.0	0.303448275862	0.0
85	0	0.481844946026	0.49109947644	0.475257731959	0.404990403071	0.496395468589	0.488679245283	0.385842472582	0.495449949444	0.289421157685	0.511224489796	0.478712357217	0.510101010101	0.0	0.523761375126	0.303090727817
86	0	0.501930501931	0.501541623844	0.498516320475	0.503317535545	0.541501976285	0.531531531532	0.530569948187	0.50052246604	0.493939393939	0.506480558325	0.505505505506	0.524131274131	0.482387475538	0.491919191919	0.525525525526
87	0	0.292452830189	0.298828125	0.361370716511	0.289575289575	0.285115303983	0.352701325178	0.185567010309	0.150793650794	0.158051689861	0.0	0.177734375	0.264278799613	0.0	0.158316633267	0.0
88	0	0.301075268817	0.239151398264	0.359483614697	0.256972111554	0.241020793951	0.517799352751	0.182902584493	0.386199794027	0.265625	0.240988671473	0.166666666667	0.377894736842	0.0	0.304703476483	0.0
89	0	0.4677734375	0.496031746032	0.483146067416	0.376842105263	0.50051072523	0.508457711443	0.391608391608	0.509823182711	0.294581280788	0.497011952191	0.5	0.511627906977	0.0	0.48893360161	0.310208126858
90	0	0.0	0.0	0.0	0.0	0.130784708249	0.163951120163	0.0	0.0	0.0	0.0	0.0	0.136886102403	0.0	0.14476386037	0.0
91	0	0.21130952381	0.0	0.123479887746	0.0	0.10162601626	0.0	0.0	0.0978363123236	0.0	0.0	0.114975845411	0.0	0.0	0.0	0.0
92	0	0.0	0.0	0.0	0.0	0.0	0.169265033408	0.0	0.120975609756	0.115306122449	0.223865877712	0.0	0.0	0.0	0.130699088146	0.0
93	0	0.0	0.0	0.0	0.0	0.0	0.146639511202	0.0	0.104901960784	0.122406639004	0.22619047619	0.0	0.0	0.0	0.148977604674	0.0
94	0	0.280597014925	0.272463768116	0.377065111759	0.298492462312	0.224870466321	0.363636363636	0.184952978056	0.146198830409	0.157	0.0	0.183967112025	0.264189886481	0.0	0.178423236515	0.0
95	0	0.505703422053	0.467449306297	0.497456765005	0.507322175732	0.500540540541	0.536631779258	0.504433497537	0.476599808978	0.495201535509	0.53618756371	0.492900608519	0.488669950739	0.493256262042	0.487204724409	0.512716174975
96	0	0.263702171665	0.262	0.360315893386	0.298370672098	0.27435387674	0.363064008395	0.18547595682	0.155291790307	0.162698412698	0.0	0.191889218595	0.251821019771	0.0	0.160282258065	0.0
97	0	0.204142011834	0.0	0.133528265107	0.0	0.0905391658189	0.0	0.0	0.0956097560976	0.0	0.0	0.108495394063	0.0	0.0	0.0	0.0
98	0	0.0	0.0	0.0	0.0	0.0	0.130813953488	0.0	0.0921568627451	0.107995846314	0.215587044534	0.0	0.0	0.0	0.129224652087	0.0
99	0	0.325325325325	0.234984193888	0.36442516269	0.292728989613	0.242268041237	0.473529411765	0.180710659898	0.389153187441	0.325692454632	0.224550898204	0.169215086646	0.414171656687	0.0	0.276767676768	0.0
