Chromosome	Position	Change	Gene	sample0	sample1	sample2	sample3	sample4
1	0	T>A	1	104	83	99	120	110
1	1	A>T	1	92	85	108	101	118
1	2	C>A	1	94	106	100	90	98
1	3	C>A	1	104	107	97	82	81
1	4	C>G	1	110	88	92	107	108
1	5	T>A	1	109	114	117	92	93
1	6	A>G	1	92	116	91	95	97
1	7	T>G	1	111	104	112	106	97
1	8	G>T	1	101	91	99	110	107
1	9	G>A	1	94	100	84	109	104
1	10	G>A	1	101	95	96	99	102
1	11	G>C	1	116	93	92	109	93
1	12	A>T	1	104	88	118	99	99
1	13	A>T	1	99	105	111	105	100
1	14	T>A	1	96	111	97	105	101
1	15	C>G	1	90	108	105	93	85
1	16	A>T	1	97	98	93	95	121
1	17	A>T	1	102	111	93	122	111
1	18	A>C	1	115	84	119	94	97
1	19	T>A	1	123	109	98	103	115
1	20	C>A	1	92	106	67	94	83
1	21	C>T	1	99	89	102	98	102
1	22	A>T	1	111	92	91	99	113
1	23	G>C	1	118	78	100	84	84
1	24	T>G	1	92	106	111	118	114
1	25	A>C	1	101	100	97	99	100
1	26	A>T	1	97	90	105	91	102
1	27	T>A	1	104	104	93	96	107
1	28	G>C	1	79	107	103	92	110
1	29	T>A	1	95	91	90	105	79
1	30	T>A	1	92	99	99	115	104
1	31	T>C	1	100	92	93	111	120
1	32	A>G	1	91	102	105	113	107
1	33	T>A	1	110	103	111	98	107
1	34	T>A	1	93	118	90	93	99
1	35	C>G	1	111	108	119	89	107
1	36	G>C	1	118	106	109	90	111
1	37	T>C	1	103	91	86	91	98
1	38	T>G	1	108	100	102	103	122
1	39	A>G	1	100	111	103	105	108
1	40	C>A	1	109	106	111	100	89
1	41	C>T	1	93	113	89	106	108
1	42	G>A	1	80	103	95	101	101
1	43	C>G	1	86	106	104	107	88
1	44	T>G	1	110	112	92	103	96
1	45	A>G	1	97	88	125	89	92
1	46	T>C	1	108	105	89	98	103
1	47	G>C	1	110	107	88	93	98
1	48	C>T	1	95	113	77	92	99
1	49	C>T	1	91	98	97	98	86
1	50	C>G	1	112	103	95	103	101
1	51	C>A	1	99	80	106	81	87
1	52	C>G	1	86	87	98	110	117
1	53	G>T	1	108	131	109	87	91
1	54	T>G	1	113	92	95	111	88
1	55	G>T	1	99	101	94	105	101
1	56	C>G	1	92	87	104	99	110
1	57	A>C	1	112	93	104	114	88
1	58	T>C	1	110	92	96	96	103
1	59	G>C	1	89	81	91	89	83
1	60	G>C	1	114	102	100	100	103
1	61	G>A	1	106	89	115	95	106
1	62	G>A	1	93	67	86	111	108
1	63	A>C	1	114	112	111	102	100
1	64	G>C	1	97	99	109	97	97
1	65	C>G	1	114	84	81	88	101
1	66	A>G	1	94	94	104	107	102
1	67	A>T	1	102	112	86	109	90
1	68	C>A	1	107	87	74	115	86
1	69	T>G	1	98	101	104	101	80
1	70	C>T	1	116	97	89	112	122
1	71	G>A	1	109	109	115	92	85
1	72	A>G	1	88	110	93	107	93
1	73	G>C	1	113	106	110	103	102
1	74	T>C	1	90	100	94	125	89
1	75	T>C	1	91	96	99	103	117
1	76	G>T	1	112	99	106	104	84
1	77	T>C	1	105	99	96	91	96
1	78	C>A	1	104	104	76	116	92
1	79	C>A	1	101	94	97	122	91
1	80	A>T	1	84	129	104	102	104
1	81	G>A	1	106	110	102	98	105
1	82	G>C	1	101	111	97	96	85
1	83	C>A	1	99	105	88	92	89
1	84	T>G	1	104	103	110	103	96
1	85	G>A	1	109	102	100	110	104
1	86	A>T	1	77	86	85	102	94
1	87	A>C	1	103	96	107	101	95
1	88	G>C	1	124	104	101	94	99
1	89	C>T	1	102	92	81	103	103
1	90	T>A	1	93	95	106	95	94
1	91	G>A	1	117	95	109	106	93
1	92	T>A	1	103	99	101	110	91
1	93	C>G	1	93	103	104	126	82
1	94	G>C	1	101	107	108	85	109
1	95	T>A	1	121	85	90	111	98
1	96	A>T	1	88	111	103	100	91
1	97	C>T	1	114	113	107	99	98
1	98	G>A	1	90	93	94	107	87
1	99	C>T	1	122	99	96	96	117
1	100	G>C	1	110	94	95	95	122
1	101	C>A	1	98	104	108	99	102
1	102	T>C	1	97	107	93	80	81
1	103	T>G	1	92	106	95	96	95
1	104	G>C	1	93	101	91	80	97
1	105	C>A	1	82	108	90	93	119
1	106	T>G	1	100	119	102	107	92
1	107	C>T	1	97	89	109	88	102
1	108	T>C	1	103	122	89	98	93
1	109	T>A	1	102	96	88	108	103
1	110	C>A	1	118	87	103	88	106
1	111	G>C	1	81	113	109	104	103
1	112	A>C	1	111	96	109	82	104
1	113	A>C	1	103	106	102	108	109
1	114	C>A	1	109	121	109	93	97
1	115	C>G	1	96	105	113	87	78
1	116	C>G	1	98	103	95	97	107
1	117	C>G	1	108	116	92	107	131
1	118	A>G	1	100	107	100	99	103
1	119	G>A	1	97	125	113	94	89
1	120	A>G	1	117	95	107	113	105
1	121	C>G	1	97	106	77	109	104
1	122	G>T	1	109	90	103	84	108
1	123	C>G	1	98	107	99	118	107
1	124	C>T	1	105	104	86	85	85
1	125	A>G	1	88	107	87	108	105
1	126	G>T	1	101	104	104	100	98
1	127	T>A	1	92	96	109	95	87
1	128	A>G	1	91	113	107	100	97
1	129	A>C	1	95	95	103	109	119
1	130	T>A	1	108	94	104	102	93
1	131	A>G	1	108	93	109	109	101
1	132	G>T	1	93	101	99	89	91
1	133	T>C	1	98	94	115	96	100
1	134	T>A	1	95	97	93	106	106
1	135	T>G	1	92	99	111	117	95
1	136	A>G	1	88	90	76	100	99
1	137	C>G	1	92	93	108	89	105
1	138	T>G	1	91	101	105	97	100
1	139	A>C	1	103	115	103	96	94
1	140	T>G	1	103	103	100	95	108
1	141	T>C	1	81	137	101	86	105
1	142	G>C	1	105	103	86	93	95
1	143	A>G	1	100	117	94	103	109
1	144	C>G	1	105	98	98	100	117
1	145	C>G	1	112	109	109	92	95
1	146	A>C	1	94	100	93	97	89
1	147	T>A	1	115	101	100	95	101
1	148	G>C	1	105	110	104	95	96
1	149	C>T	1	96	103	77	90	113
1	150	C>G	1	102	105	86	112	89
1	151	G>T	1	100	94	117	111	97
1	152	A>T	1	112	101	112	116	110
1	153	T>C	1	78	112	97	99	93
1	154	A>C	1	95	97	98	112	95
1	155	A>G	1	101	124	114	110	94
1	156	A>C	1	119	105	108	97	122
1	157	T>C	1	107	96	93	98	90
1	158	A>C	1	105	84	91	111	107
1	159	T>A	1	99	95	108	115	94
1	160	G>A	1	111	97	90	112	94
1	161	T>C	1	97	111	103	102	103
1	162	T>A	1	94	97	75	102	92
1	163	T>C	1	108	107	91	100	94
1	164	A>C	1	84	101	99	91	87
1	165	C>T	1	101	114	89	105	107
1	166	G>T	1	112	79	99	88	105
1	167	G>T	1	114	94	95	98	105
1	168	A>C	1	100	103	89	101	96
1	169	T>C	1	101	104	108	106	104
1	170	C>A	1	102	81	100	96	89
1	171	T>C	1	110	114	122	106	100
1	172	A>G	1	104	109	99	101	110
1	173	G>T	1	103	82	102	99	91
1	174	G>C	1	84	100	99	102	101
1	175	C>A	1	85	125	89	100	101
1	176	C>G	1	98	94	84	122	113
1	177	C>A	1	101	105	122	88	94
1	178	G>A	1	110	91	90	97	103
1	179	T>A	1	102	94	90	108	89
1	180	A>C	1	94	93	119	123	93
1	181	C>A	1	86	103	99	108	106
1	182	G>T	1	101	108	94	92	88
1	183	A>G	1	79	101	82	101	119
1	184	A>G	1	98	106	98	103	98
1	185	C>A	1	101	96	71	93	100
1	186	G>T	1	102	98	89	88	109
1	187	A>C	1	106	105	93	101	113
1	188	A>C	1	96	100	107	90	86
1	189	A>C	1	102	91	100	99	86
1	190	T>A	1	91	120	101	86	99
1	191	G>C	1	89	116	94	112	89
1	192	A>G	1	105	97	122	101	110
1	193	G>C	1	105	94	103	115	121
1	194	C>A	1	103	85	98	90	113
1	195	G>A	1	112	84	100	100	89
1	196	C>T	1	94	92	104	89	96
1	197	C>T	1	99	87	91	130	88
1	198	T>G	1	94	105	103	102	112
1	199	A>G	1	132	107	90	95	93
1	200	G>C	1	85	95	101	107	97
1	201	T>C	1	97	97	87	93	99
1	202	C>G	1	109	99	93	90	98
1	203	A>G	1	100	89	105	94	112
1	204	G>T	1	105	97	112	108	93
1	205	C>T	1	103	105	97	116	105
1	206	G>C	1	106	94	104	111	103
1	207	T>C	1	109	109	98	110	94
1	208	T>G	1	106	99	97	101	88
1	209	A>G	1	108	108	95	99	101
1	210	C>G	1	108	93	94	90	90
1	211	A>C	1	104	106	116	97	108
1	212	A>G	1	103	115	103	94	97
1	213	C>G	1	102	99	86	91	92
1	214	T>A	1	110	110	97	81	112
1	215	G>A	1	113	111	104	111	99
1	216	C>A	1	124	98	100	94	103
1	217	T>G	1	96	105	94	120	82
1	218	T>G	1	112	94	88	100	115
1	219	C>A	1	85	112	94	100	84
1	220	A>T	1	89	92	84	118	99
1	221	A>T	1	105	111	90	94	90
1	222	C>T	1	85	97	105	104	101
1	223	G>C	1	91	100	93	113	83
1	224	A>C	1	99	116	98	86	94
1	225	C>A	1	92	109	83	103	92
1	226	G>T	1	96	103	99	114	92
1	227	G>T	1	102	101	94	95	90
1	228	T>G	1	96	101	97	115	99
1	229	C>A	1	100	100	102	109	105
1	230	T>A	1	89	89	120	101	99
1	231	C>G	1	88	89	85	90	104
1	232	A>T	1	101	103	93	103	102
1	233	G>T	1	83	89	103	97	90
1	234	C>G	1	86	118	109	123	105
1	235	G>C	1	95	96	100	102	97
1	236	G>T	1	75	88	114	102	100
1	237	T>C	1	113	96	96	99	103
1	238	T>A	1	86	94	102	92	106
1	239	A>G	1	98	98	92	96	92
1	240	G>C	1	97	90	103	98	102
1	241	G>C	1	94	111	99	95	87
1	242	G>C	1	104	93	114	102	102
1	243	G>A	1	79	88	80	105	82
1	244	T>G	1	88	112	108	88	101
1	245	C>T	1	114	93	109	92	111
1	246	G>C	1	118	113	89	93	85
1	247	T>G	1	89	98	105	112	94
1	248	C>A	1	107	91	106	94	98
1	249	C>T	1	101	92	101	95	96
1	250	G>T	1	103	112	104	96	106
1	251	C>A	1	88	89	90	106	118
1	252	T>A	1	105	94	103	105	110
1	253	A>C	1	84	92	111	104	103
1	254	C>T	1	101	93	83	114	95
1	255	T>C	1	100	100	90	112	92
1	256	G>A	1	94	101	103	112	65
1	257	C>T	1	115	116	99	95	99
1	258	G>C	1	92	98	113	104	98
1	259	C>G	1	89	99	101	86	116
1	260	C>T	1	98	108	104	118	99
1	261	T>C	1	107	106	79	103	98
1	262	A>G	1	93	92	108	101	89
1	263	G>A	1	100	103	89	102	84
1	264	A>T	1	102	87	102	117	83
1	265	A>T	1	98	105	101	76	101
1	266	T>G	1	96	94	86	89	115
1	267	G>T	1	87	111	113	109	98
1	268	T>G	1	105	102	89	116	90
1	269	T>C	1	101	104	89	87	101
1	270	A>T	1	87	125	104	93	99
1	271	G>T	1	92	98	95	104	98
1	272	A>C	1	97	103	88	99	107
1	273	A>C	1	99	89	97	88	96
1	274	G>C	1	102	98	104	94	105
1	275	T>A	1	101	88	108	90	100
1	276	T>C	1	96	96	97	102	98
1	277	A>T	1	115	95	124	95	128
1	278	C>G	1	112	81	111	92	98
1	279	A>G	1	113	101	101	70	84
1	280	T>G	1	98	101	85	108	112
1	281	A>C	1	96	80	113	88	86
1	282	G>A	1	94	114	94	86	90
1	283	C>T	1	109	88	88	89	114
1	284	C>T	1	99	105	103	108	95
1	285	T>G	1	112	81	111	92	80
1	286	C>T	1	98	92	86	109	91
1	287	T>A	1	101	75	94	89	89
1	288	G>C	1	96	96	85	95	102
1	289	G>A	1	100	99	91	98	103
1	290	G>C	1	102	86	107	119	102
1	291	C>G	1	102	110	107	106	107
1	292	T>C	1	93	92	99	89	84
1	293	T>C	1	101	102	91	104	112
1	294	G>A	1	105	107	82	102	89
1	295	G>C	1	109	104	99	95	104
1	296	G>C	1	89	104	113	100	98
1	297	T>G	1	80	99	100	97	109
1	298	T>G	1	99	103	100	99	97
1	299	C>T	1	110	119	102	122	98
