#chr	normal	sample0	sample1	sample2	sample3	sample4
0	0	0.0	0.0	0.0	0.113636363636	0.0
1	0	0.151898734177	0.122222222222	0.0	0.150537634409	0.0769230769231
2	0	0.0	0.0	0.0	0.0	0.0
3	0	0.0	0.0	0.0	0.0	0.0963855421687
4	0	0.163043478261	0.0	0.151162790698	0.0	0.132231404959
5	0	0.159292035398	0.171428571429	0.168421052632	0.13829787234	0.208791208791
6	0	0.489795918367	0.450980392157	0.375	0.18	0.284210526316
7	0	0.0	0.0	0.0	0.095652173913	0.0
8	0	0.0	0.0	0.0	0.118279569892	0.0
9	0	0.0	0.0	0.0	0.155963302752	0.0
10	0	0.472527472527	0.39603960396	0.39603960396	0.224489795918	0.303921568627
11	0	0.177083333333	0.075	0.0	0.18085106383	0.111111111111
12	0	0.0	0.0	0.0	0.164705882353	0.0
13	0	0.0	0.0	0.0	0.162790697674	0.0
14	0	0.553398058252	0.294117647059	0.344444444444	0.18691588785	0.319672131148
15	0	0.107142857143	0.0909090909091	0.0	0.192307692308	0.0701754385965
16	0	0.0	0.0	0.0	0.190476190476	0.0
17	0	0.0	0.0	0.0	0.191919191919	0.0
18	0	0.578947368421	0.425287356322	0.356435643564	0.211111111111	0.32380952381
19	0	0.0	0.0	0.0	0.0	0.0
20	0	0.0	0.0	0.0	0.0873786407767	0.0
21	0	0.0	0.0	0.0	0.122641509434	0.0
22	0	0.0	0.0	0.0	0.175824175824	0.0
23	0	0.0943396226415	0.078431372549	0.0	0.263157894737	0.103773584906
24	0	0.566666666667	0.322033898305	0.340206185567	0.229166666667	0.397959183673
25	0	0.194444444444	0.0	0.140186915888	0.0	0.205128205128
26	0	0.0	0.0	0.0	0.178217821782	0.0
27	0	0.0	0.0	0.0	0.137614678899	0.0
28	0	0.0	0.0	0.0	0.175438596491	0.0
29	0	0.0	0.0	0.0	0.107142857143	0.0
30	0	0.182926829268	0.07	0.118181818182	0.0707070707071	0.169811320755
31	0	0.0	0.0	0.0	0.0967741935484	0.0
32	0	0.0	0.0	0.0	0.0865384615385	0.0
33	0	0.18	0.0707070707071	0.0	0.178571428571	0.118181818182
34	0	0.276595744681	0.0982142857143	0.132075471698	0.134020618557	0.168539325843
35	0	0.436781609195	0.386138613861	0.291262135922	0.217391304348	0.414634146341
36	0	0.0	0.126315789474	0.11320754717	0.0	0.0
37	0	0.0	0.0	0.0	0.0842105263158	0.0
38	0	0.0	0.0	0.0	0.095652173913	0.0
39	0	0.577586206897	0.313725490196	0.421052631579	0.177083333333	0.31914893617
40	0	0.0	0.0	0.0	0.146341463415	0.0
41	0	0.0	0.0	0.0	0.173469387755	0.0
42	0	0.204081632653	0.0	0.134615384615	0.0	0.10989010989
43	0	0.0	0.0	0.0	0.0792079207921	0.0
44	0	0.0	0.0	0.0	0.114285714286	0.0
45	0	0.0	0.0	0.0	0.0	0.155339805825
46	0	0.224489795918	0.0	0.06	0.0	0.103448275862
47	0	0.579439252336	0.407407407407	0.430379746835	0.170454545455	0.333333333333
48	0	0.0	0.0	0.0	0.0	0.123595505618
49	0	0.0	0.0	0.0	0.0	0.0
50	0	0.0	0.0	0.0	0.119047619048	0.0
51	0	0.0	0.0	0.0	0.09	0.0
52	0	0.225490196078	0.118181818182	0.152173913043	0.168316831683	0.2
53	0	0.0	0.0	0.0	0.0	0.210526315789
54	0	0.515463917526	0.268041237113	0.367816091954	0.448979591837	0.37
55	0	0.163636363636	0.0	0.119658119658	0.0	0.147727272727
56	0	0.317647058824	0.136363636364	0.181034482759	0.121951219512	0.137614678899
57	0	0.158415841584	0.0631578947368	0.0	0.202127659574	0.0752688172043
58	0	0.0	0.0	0.0	0.0	0.105882352941
59	0	0.0	0.0	0.0	0.0865384615385	0.0
60	0	0.0	0.0	0.0	0.0519480519481	0.0
61	0	0.0	0.0	0.0	0.0	0.0
62	0	0.235849056604	0.121212121212	0.178947368421	0.120967741935	0.0568181818182
63	0	0.547368421053	0.414141414141	0.316326530612	0.172839506173	0.420168067227
64	0	0.23	0.130434782609	0.194444444444	0.112068965517	0.15
65	0	0.0	0.0	0.0	0.127659574468	0.0
66	0	0.0	0.0	0.0	0.0631578947368	0.0
67	0	0.215189873418	0.0	0.0606060606061	0.0	0.12037037037
68	0	0.0	0.0	0.0	0.0744680851064	0.0
69	0	0.20618556701	0.0	0.0625	0.0	0.128440366972
70	0	0.0	0.0	0.0	0.119565217391	0.0
71	0	0.0	0.0	0.0	0.0	0.223404255319
72	0	0.0	0.0	0.0	0.0	0.0
73	0	0.551724137931	0.352272727273	0.410526315789	0.211538461538	0.414893617021
74	0	0.0	0.0	0.0	0.133333333333	0.0
75	0	0.0	0.0	0.0	0.137096774194	0.0
76	0	0.0	0.0	0.0	0.133333333333	0.0
77	0	0.0	0.0	0.0	0.0	0.0
78	0	0.0	0.0	0.0	0.113402061856	0.0
79	0	0.0	0.0	0.0	0.0	0.0
80	0	0.0	0.0	0.0	0.136842105263	0.0
81	0	0.0	0.0	0.0	0.0833333333333	0.0
82	0	0.159292035398	0.0	0.153846153846	0.0	0.166666666667
83	0	0.0	0.0	0.0	0.164948453608	0.0
84	0	0.53982300885	0.25	0.330097087379	0.303921568627	0.382608695652
85	0	0.0	0.0	0.0	0.0	0.151898734177
86	0	0.0	0.0	0.0	0.115044247788	0.0
87	0	0.0818181818182	0.037037037037	0.0	0.222222222222	0.0865384615385
88	0	0.0	0.145454545455	0.127272727273	0.0	0.0
89	0	0.0	0.0860215053763	0.0989010989011	0.0	0.0
90	0	0.0	0.0	0.0	0.123966942149	0.0
91	0	0.0	0.0	0.0	0.0	0.141304347826
92	0	0.578947368421	0.47619047619	0.357142857143	0.230769230769	0.365217391304
93	0	0.190476190476	0.0	0.122641509434	0.0	0.0900900900901
94	0	0.196428571429	0.185185185185	0.116071428571	0.123595505618	0.157024793388
95	0	0.0	0.0	0.0	0.08	0.0
96	0	0.0	0.0	0.0	0.0	0.0652173913043
97	0	0.0	0.0	0.0	0.11214953271	0.0
98	0	0.0	0.0	0.0	0.1875	0.0
99	0	0.166666666667	0.0	0.109243697479	0.0	0.133333333333
