#chr	normal	sample0	sample1	sample2	sample3	sample4
0	0	0.0	0.0	0.142857142857	0.0	0.0
1	0	0.0	0.0	0.0	0.0	0.0
2	0	0.0	0.18085106383	0.0	0.0	0.0
3	0	0.0	0.0	0.14	0.0	0.0
4	0	0.0	0.288288288288	0.0	0.298969072165	0.0
5	0	0.0	0.252336448598	0.0	0.378640776699	0.0
6	0	0.0	0.127659574468	0.0	0.0	0.0
7	0	0.0	0.0	0.158878504673	0.0	0.0
8	0	0.0	0.0	0.0	0.0	0.0
9	0	0.0	0.31	0.0	0.216494845361	0.0
10	0	0.0	0.202127659574	0.0	0.333333333333	0.0
11	0	0.0	0.396396396396	0.0	0.255102040816	0.0
12	0	0.0	0.0	0.0	0.0	0.0
13	0	0.0	0.0	0.0	0.0	0.0
14	0	0.196261682243	0.266055045872	0.0	0.294117647059	0.243902439024
15	0	0.0	0.0	0.175257731959	0.0	0.0
16	0	0.0	0.0	0.188524590164	0.0	0.0
17	0	0.0	0.225490196078	0.0	0.258426966292	0.0
18	0	0.0	0.0	0.227722772277	0.0	0.0
19	0	0.0	0.0	0.12389380531	0.0	0.0
20	0	0.0	0.0	0.135922330097	0.0	0.0
21	0	0.0	0.0	0.0	0.0	0.0
22	0	0.0	0.20652173913	0.0	0.0	0.0
23	0	0.0	0.244897959184	0.0	0.2	0.0
24	0	0.0	0.1125	0.0	0.0	0.0
25	0	0.0	0.2	0.0	0.230769230769	0.0
26	0	0.0	0.0	0.0	0.0	0.0
27	0	0.0	0.0	0.0	0.0	0.0
28	0	0.0	0.24	0.0	0.0879120879121	0.0
29	0	0.0	0.0	0.0	0.0	0.0
30	0	0.0	0.216494845361	0.0	0.0	0.0
31	0	0.0	0.0	0.132530120482	0.0	0.0
32	0	0.0	0.0	0.135135135135	0.0	0.0
33	0	0.0	0.154639175258	0.0	0.0	0.0
34	0	0.0	0.0	0.0	0.0	0.0
35	0	0.0	0.185840707965	0.0	0.247524752475	0.0
36	0	0.0	0.0	0.171717171717	0.0	0.0
37	0	0.0	0.0	0.0833333333333	0.0	0.0
38	0	0.0	0.0	0.2	0.0	0.0
39	0	0.0	0.288659793814	0.0	0.333333333333	0.0
40	0	0.0	0.0	0.164948453608	0.0	0.0
41	0	0.0	0.27027027027	0.0	0.163636363636	0.0
42	0	0.0	0.294117647059	0.0	0.283018867925	0.0
43	0	0.0	0.0	0.168067226891	0.0	0.0
44	0	0.0	0.0	0.202127659574	0.0	0.29702970297
45	0	0.0	0.0	0.223404255319	0.0	0.0
46	0	0.0	0.407766990291	0.0	0.258823529412	0.0
47	0	0.0	0.325842696629	0.0	0.28125	0.0
48	0	0.0	0.144444444444	0.0	0.0	0.0
49	0	0.0	0.0	0.208791208791	0.0	0.0
50	0	0.0	0.247933884298	0.0	0.215053763441	0.0
51	0	0.0	0.217821782178	0.0	0.153846153846	0.0
52	0	0.270833333333	0.15652173913	0.358024691358	0.159574468085	0.231404958678
53	0	0.0	0.201612903226	0.0	0.177570093458	0.0
54	0	0.0	0.340659340659	0.0	0.215909090909	0.0
55	0	0.0	0.205607476636	0.0	0.233644859813	0.0
56	0	0.0	0.185567010309	0.0	0.223404255319	0.0
57	0	0.0	0.21978021978	0.0	0.191919191919	0.0
58	0	0.0	0.0	0.179775280899	0.0	0.0
59	0	0.0	0.0	0.10101010101	0.0	0.0
60	0	0.0	0.360824742268	0.0	0.271739130435	0.0
61	0	0.0	0.128440366972	0.0	0.0	0.0
62	0	0.0	0.163461538462	0.0	0.0	0.0
63	0	0.0	0.212389380531	0.0	0.0	0.0
64	0	0.0	0.242424242424	0.0	0.216981132075	0.0
65	0	0.0	0.165048543689	0.0	0.0	0.0
66	0	0.0	0.0	0.175438596491	0.0	0.265957446809
67	0	0.0	0.170454545455	0.0	0.0	0.0
68	0	0.0	0.224489795918	0.0	0.252747252747	0.0
69	0	0.0	0.0	0.166666666667	0.0	0.0
70	0	0.0	0.387755102041	0.0	0.330188679245	0.0
71	0	0.0	0.2	0.0	0.215053763441	0.0
72	0	0.0	0.298701298701	0.0	0.314049586777	0.0
73	0	0.0	0.0	0.189473684211	0.0	0.0
74	0	0.0	0.28	0.0	0.0	0.0
75	0	0.0	0.357142857143	0.0	0.35652173913	0.0
76	0	0.0	0.35	0.0	0.2875	0.0
77	0	0.0	0.0	0.19587628866	0.0	0.0
78	0	0.0	0.203883495146	0.0	0.191489361702	0.0
79	0	0.0	0.0	0.0	0.0	0.0
80	0	0.0	0.227722772277	0.0	0.19	0.0
81	0	0.0	0.0	0.0	0.0	0.0
82	0	0.0	0.340206185567	0.0	0.224489795918	0.0
83	0	0.0	0.0	0.0980392156863	0.0	0.0
84	0	0.0	0.313043478261	0.0	0.295454545455	0.0
85	0	0.0	0.0	0.188888888889	0.0	0.0
86	0	0.0	0.178217821782	0.0	0.0	0.0
87	0	0.0	0.0	0.195402298851	0.0	0.0
88	0	0.0	0.215053763441	0.0	0.0	0.0
89	0	0.0	0.0	0.19512195122	0.0	0.0
90	0	0.0	0.0	0.0	0.0	0.0
91	0	0.0	0.0	0.122448979592	0.0	0.0
92	0	0.267441860465	0.170212765957	0.3	0.140186915888	0.245098039216
93	0	0.0	0.12	0.0	0.0	0.0
94	0	0.0	0.0	0.14953271028	0.0	0.27358490566
95	0	0.0	0.175925925926	0.0	0.229885057471	0.0
96	0	0.0	0.221238938053	0.0	0.208333333333	0.0
97	0	0.0	0.247311827957	0.0	0.233644859813	0.0
98	0	0.0	0.27358490566	0.0	0.203539823009	0.0
99	0	0.244186046512	0.177083333333	0.330434782609	0.134146341463	0.277777777778
