Num_mutations: 100
Num_samples: 5
Error_rate: 0.050000

0.000000000000000000e+00 0.000000000000000000e+00 3.560830860534124898e-01 0.000000000000000000e+00 0.000000000000000000e+00
3.779527559055118058e-01 4.910179640718562721e-01 0.000000000000000000e+00 3.012048192771084598e-01 5.745745745745746147e-01
9.722772277227722526e-01 4.665271966527196890e-01 9.656565656565656575e-01 6.111111111111111605e-01 5.543147208121826930e-01
0.000000000000000000e+00 0.000000000000000000e+00 0.000000000000000000e+00 0.000000000000000000e+00 0.000000000000000000e+00
1.026104417670682833e+00 5.045045045045044585e-01 9.480901077375122332e-01 6.209677419354838745e-01 6.037735849056603543e-01
9.739999999999999769e-01 1.027368421052631486e+00 1.024242424242424176e+00 1.021653543307086576e+00 1.011695906432748648e+00
0.000000000000000000e+00 5.191919191919192045e-01 0.000000000000000000e+00 3.845391476709613676e-01 0.000000000000000000e+00
0.000000000000000000e+00 0.000000000000000000e+00 0.000000000000000000e+00 0.000000000000000000e+00 0.000000000000000000e+00
1.067073170731707377e+00 4.696016771488469854e-01 9.603097773475314236e-01 6.492985971943887602e-01 5.964172813487882419e-01
9.836400817995909485e-01 5.062499999999999778e-01 1.058823529411764719e+00 6.673532440782697917e-01 6.193293885601578452e-01
0.000000000000000000e+00 0.000000000000000000e+00 0.000000000000000000e+00 0.000000000000000000e+00 0.000000000000000000e+00
0.000000000000000000e+00 5.239491691104594118e-01 0.000000000000000000e+00 3.299595141700404910e-01 0.000000000000000000e+00
3.374485596707819113e-01 0.000000000000000000e+00 0.000000000000000000e+00 0.000000000000000000e+00 0.000000000000000000e+00
0.000000000000000000e+00 5.337301587301587213e-01 0.000000000000000000e+00 3.845371312309257550e-01 0.000000000000000000e+00
0.000000000000000000e+00 5.237113402061855938e-01 0.000000000000000000e+00 3.313725490196078316e-01 0.000000000000000000e+00
1.024048096192384794e+00 4.928909952606634892e-01 1.034136546184738936e+00 6.209598432908912669e-01 5.768500948766603909e-01
0.000000000000000000e+00 5.448916408668730282e-01 0.000000000000000000e+00 3.289070480081716097e-01 0.000000000000000000e+00
0.000000000000000000e+00 4.985044865403788772e-01 0.000000000000000000e+00 3.511604439959636892e-01 0.000000000000000000e+00
0.000000000000000000e+00 5.466926070038909957e-01 0.000000000000000000e+00 3.662790697674418450e-01 0.000000000000000000e+00
0.000000000000000000e+00 0.000000000000000000e+00 0.000000000000000000e+00 0.000000000000000000e+00 0.000000000000000000e+00
3.380855397148676000e-01 0.000000000000000000e+00 0.000000000000000000e+00 0.000000000000000000e+00 0.000000000000000000e+00
0.000000000000000000e+00 4.929577464788732488e-01 0.000000000000000000e+00 3.691406250000000000e-01 0.000000000000000000e+00
0.000000000000000000e+00 0.000000000000000000e+00 0.000000000000000000e+00 0.000000000000000000e+00 0.000000000000000000e+00
9.577187807276302811e-01 4.827586206896551935e-01 1.001968503937007871e+00 6.386898669396110506e-01 5.514485514485514273e-01
0.000000000000000000e+00 5.494949494949494806e-01 0.000000000000000000e+00 3.531870428422152486e-01 0.000000000000000000e+00
3.796203796203796443e-01 0.000000000000000000e+00 0.000000000000000000e+00 0.000000000000000000e+00 0.000000000000000000e+00
2.976653696498054447e-01 0.000000000000000000e+00 0.000000000000000000e+00 0.000000000000000000e+00 0.000000000000000000e+00
3.094262295081967040e-01 0.000000000000000000e+00 0.000000000000000000e+00 0.000000000000000000e+00 0.000000000000000000e+00
3.398963730569948272e-01 0.000000000000000000e+00 7.196078431372548989e-01 0.000000000000000000e+00 0.000000000000000000e+00
1.006523765144454741e+00 4.494382022471909988e-01 9.371980676328502957e-01 6.706706706706706544e-01 5.945419103313840381e-01
0.000000000000000000e+00 5.028790786948176272e-01 0.000000000000000000e+00 3.308900523560209250e-01 0.000000000000000000e+00
9.762641898864808931e-01 5.090137857900317586e-01 1.001011122345803805e+00 6.407960199004975044e-01 5.832512315270935721e-01
9.980582524271844891e-01 1.013091641490432959e+00 9.948927477017364129e-01 1.009746588693957170e+00 1.026262626262626210e+00
2.868292682926829040e-01 0.000000000000000000e+00 0.000000000000000000e+00 0.000000000000000000e+00 0.000000000000000000e+00
2.977473065621939474e-01 0.000000000000000000e+00 0.000000000000000000e+00 0.000000000000000000e+00 0.000000000000000000e+00
3.372093023255813837e-01 0.000000000000000000e+00 0.000000000000000000e+00 0.000000000000000000e+00 0.000000000000000000e+00
0.000000000000000000e+00 0.000000000000000000e+00 0.000000000000000000e+00 0.000000000000000000e+00 0.000000000000000000e+00
0.000000000000000000e+00 0.000000000000000000e+00 0.000000000000000000e+00 0.000000000000000000e+00 0.000000000000000000e+00
3.333333333333333148e-01 0.000000000000000000e+00 0.000000000000000000e+00 0.000000000000000000e+00 0.000000000000000000e+00
0.000000000000000000e+00 0.000000000000000000e+00 0.000000000000000000e+00 0.000000000000000000e+00 0.000000000000000000e+00
0.000000000000000000e+00 5.085771947527749637e-01 0.000000000000000000e+00 3.140495867768595128e-01 0.000000000000000000e+00
0.000000000000000000e+00 4.825462012320328453e-01 0.000000000000000000e+00 3.478260869565217295e-01 0.000000000000000000e+00
1.022494887525562390e+00 4.859228362877998086e-01 1.014256619144602745e+00 6.408518877057115537e-01 5.848303393213573065e-01
3.743427970557308138e-01 5.184446660019940145e-01 0.000000000000000000e+00 3.289606458123107702e-01 5.412474849094567331e-01
9.811676082862523796e-01 9.665711556829035267e-01 9.770354906054279365e-01 1.002028397565922990e+00 1.039039039039038936e+00
9.299895506792058564e-01 4.970178926441352063e-01 1.060416666666666563e+00 6.810699588477365785e-01 5.692007797270954850e-01
1.038183694530443679e+00 4.921568627450980116e-01 9.408099688473520184e-01 6.492753623188405321e-01 5.418719211822660142e-01
0.000000000000000000e+00 5.140096618357488101e-01 0.000000000000000000e+00 3.746097814776274681e-01 0.000000000000000000e+00
9.950445986124876185e-01 1.014605647517039966e+00 9.568706118355064794e-01 1.028409090909090828e+00 1.042979942693409656e+00
1.018036072144288484e+00 4.626262626262626076e-01 1.017189079878665359e+00 6.584205518553758463e-01 5.702891326021933827e-01
3.173277661795407267e-01 4.788177339901477647e-01 0.000000000000000000e+00 3.523316062176165553e-01 5.025853154084798380e-01
0.000000000000000000e+00 5.405960945529291184e-01 0.000000000000000000e+00 3.469591226321037114e-01 0.000000000000000000e+00
0.000000000000000000e+00 0.000000000000000000e+00 0.000000000000000000e+00 0.000000000000000000e+00 0.000000000000000000e+00
3.312757201646090444e-01 0.000000000000000000e+00 0.000000000000000000e+00 0.000000000000000000e+00 0.000000000000000000e+00
2.963730569948186400e-01 0.000000000000000000e+00 0.000000000000000000e+00 0.000000000000000000e+00 0.000000000000000000e+00
3.254493850520340792e-01 0.000000000000000000e+00 7.145669291338582196e-01 0.000000000000000000e+00 0.000000000000000000e+00
6.764995083579153912e-01 4.469854469854470103e-01 9.933774834437085755e-01 3.346938775510204245e-01 5.782881002087683076e-01
0.000000000000000000e+00 5.046554934823090921e-01 0.000000000000000000e+00 3.594836146971201463e-01 0.000000000000000000e+00
1.001015228426396009e+00 1.021611001964636500e+00 9.488465396188565659e-01 9.367346938775510390e-01 9.739999999999999769e-01
0.000000000000000000e+00 4.426229508196721230e-01 0.000000000000000000e+00 3.579604578563995720e-01 0.000000000000000000e+00
3.575638506876228084e-01 0.000000000000000000e+00 0.000000000000000000e+00 0.000000000000000000e+00 0.000000000000000000e+00
0.000000000000000000e+00 0.000000000000000000e+00 0.000000000000000000e+00 0.000000000000000000e+00 0.000000000000000000e+00
1.014520813165537216e+00 4.743083003952568988e-01 9.855967078189300512e-01 6.566566566566566232e-01 5.859999999999999654e-01
3.167330677290836616e-01 0.000000000000000000e+00 0.000000000000000000e+00 0.000000000000000000e+00 0.000000000000000000e+00
0.000000000000000000e+00 4.885343968095712808e-01 0.000000000000000000e+00 3.239436619718309984e-01 0.000000000000000000e+00
9.668049792531120401e-01 5.053868756121449035e-01 9.868287740628166604e-01 6.152380952380952506e-01 5.314009661835749077e-01
0.000000000000000000e+00 0.000000000000000000e+00 0.000000000000000000e+00 0.000000000000000000e+00 0.000000000000000000e+00
9.980988593155893929e-01 4.876604146100690929e-01 1.025227043390514625e+00 6.600790513833991735e-01 5.660770031217481346e-01
0.000000000000000000e+00 0.000000000000000000e+00 0.000000000000000000e+00 0.000000000000000000e+00 0.000000000000000000e+00
0.000000000000000000e+00 5.025960539979231756e-01 0.000000000000000000e+00 3.594377510040160373e-01 0.000000000000000000e+00
3.507014028056112398e-01 5.133795837462834522e-01 0.000000000000000000e+00 3.468559837728194539e-01 5.628865979381443285e-01
0.000000000000000000e+00 0.000000000000000000e+00 0.000000000000000000e+00 0.000000000000000000e+00 0.000000000000000000e+00
3.131115459882582996e-01 0.000000000000000000e+00 0.000000000000000000e+00 0.000000000000000000e+00 0.000000000000000000e+00
0.000000000000000000e+00 0.000000000000000000e+00 3.555555555555555691e-01 0.000000000000000000e+00 0.000000000000000000e+00
0.000000000000000000e+00 4.961832061068702227e-01 0.000000000000000000e+00 3.348924228250701463e-01 0.000000000000000000e+00
0.000000000000000000e+00 5.297079556898287578e-01 0.000000000000000000e+00 3.622200584225900855e-01 0.000000000000000000e+00
2.984771573604060868e-01 0.000000000000000000e+00 0.000000000000000000e+00 0.000000000000000000e+00 0.000000000000000000e+00
1.009920634920634885e+00 4.878587196467991105e-01 9.771144278606964662e-01 6.608187134502924165e-01 6.156982670744138852e-01
9.938900203665987920e-01 5.258964143426294591e-01 1.016129032258064502e+00 6.666666666666666297e-01 5.594111461619347692e-01
0.000000000000000000e+00 0.000000000000000000e+00 0.000000000000000000e+00 0.000000000000000000e+00 0.000000000000000000e+00
0.000000000000000000e+00 4.964964964964965199e-01 0.000000000000000000e+00 3.480662983425414359e-01 0.000000000000000000e+00
6.959921798631476531e-01 5.125628140703517577e-01 9.859154929577464976e-01 4.028484231943031402e-01 5.679264555669050196e-01
0.000000000000000000e+00 5.091649694501018120e-01 0.000000000000000000e+00 3.384912959381044528e-01 0.000000000000000000e+00
1.003058103975535076e+00 5.086119554204661108e-01 1.009823182711198530e+00 6.537678207739308078e-01 5.809045226130653550e-01
0.000000000000000000e+00 5.720207253886010479e-01 0.000000000000000000e+00 3.202357563850687372e-01 0.000000000000000000e+00
0.000000000000000000e+00 5.009523809523809268e-01 0.000000000000000000e+00 3.111111111111111160e-01 0.000000000000000000e+00
1.042424242424242475e+00 1.002997002997003007e+00 1.064000000000000057e+00 1.010526315789473717e+00 9.512670565302143721e-01
0.000000000000000000e+00 0.000000000000000000e+00 0.000000000000000000e+00 0.000000000000000000e+00 0.000000000000000000e+00
0.000000000000000000e+00 4.944723618090452466e-01 0.000000000000000000e+00 3.440233236151603591e-01 0.000000000000000000e+00
3.129251700680272252e-01 0.000000000000000000e+00 0.000000000000000000e+00 0.000000000000000000e+00 0.000000000000000000e+00
3.164062500000000000e-01 0.000000000000000000e+00 0.000000000000000000e+00 0.000000000000000000e+00 0.000000000000000000e+00
1.062622309197651660e+00 4.652567975830815827e-01 9.912195121951219434e-01 6.367521367521367104e-01 5.903983656792645140e-01
0.000000000000000000e+00 5.568300312825860132e-01 0.000000000000000000e+00 3.547758284600389667e-01 0.000000000000000000e+00
0.000000000000000000e+00 4.931506849315068219e-01 0.000000000000000000e+00 3.330125120307988462e-01 0.000000000000000000e+00
0.000000000000000000e+00 5.163265306122448717e-01 0.000000000000000000e+00 3.965183752417795193e-01 0.000000000000000000e+00
3.526119402985074536e-01 0.000000000000000000e+00 0.000000000000000000e+00 0.000000000000000000e+00 0.000000000000000000e+00
0.000000000000000000e+00 5.024533856722276370e-01 0.000000000000000000e+00 3.851286939942802912e-01 0.000000000000000000e+00
3.052631578947368474e-01 0.000000000000000000e+00 0.000000000000000000e+00 0.000000000000000000e+00 0.000000000000000000e+00
9.580348004094165759e-01 5.034687809712586892e-01 9.931439764936337289e-01 6.266804550155118392e-01 5.827411167512690504e-01
1.002000000000000002e+00 1.019493177387914340e+00 9.729166666666666519e-01 9.427135678391960205e-01 1.005736137667303964e+00
