#chr	normal	sample0	sample1	sample2	sample3	sample4
0	0	0.0	0.0	0.0	0.0	0.0
1	0	0.0918367346939	0.144329896907	0.279069767442	0.146551724138	0.0
2	0	0.0	0.0	0.0	0.0	0.0
3	0	0.0	0.0	0.0	0.0	0.0
4	0	0.0	0.0	0.108108108108	0.0	0.0
5	0	0.0	0.0	0.0777777777778	0.0	0.0
6	0	0.0	0.0	0.0918367346939	0.0	0.215053763441
7	0	0.0	0.0	0.0	0.0	0.0
8	0	0.0	0.0	0.2	0.0	0.31914893617
9	0	0.0	0.0	0.177083333333	0.137614678899	0.0
10	0	0.0	0.0	0.0	0.0	0.0
11	0	0.121495327103	0.155339805825	0.0	0.0	0.0
12	0	0.0	0.0	0.0	0.0	0.0
13	0	0.0	0.0	0.0	0.0	0.0
14	0	0.115789473684	0.0792079207921	0.0924369747899	0.264705882353	0.188118811881
15	0	0.0	0.0	0.120481927711	0.0824742268041	0.0
16	0	0.0	0.0	0.169811320755	0.0	0.0
17	0	0.155963302752	0.0	0.135922330097	0.314814814815	0.0
18	0	0.0	0.0	0.156862745098	0.0	0.0
19	0	0.0	0.0	0.182692307692	0.0	0.285714285714
20	0	0.0	0.0	0.0344827586207	0.0	0.0
21	0	0.0	0.0	0.117647058824	0.171717171717	0.0
22	0	0.0	0.0	0.0843373493976	0.0	0.0
23	0	0.0	0.0	0.0943396226415	0.161290322581	0.0
24	0	0.0	0.0	0.0	0.0	0.0
25	0	0.120879120879	0.297872340426	0.117647058824	0.0720720720721	0.494623655914
26	0	0.0	0.0	0.0	0.0	0.0
27	0	0.0	0.0	0.0970873786408	0.0	0.0
28	0	0.302083333333	0.0	0.122222222222	0.291666666667	0.0
29	0	0.0	0.0	0.102040816327	0.224137931034	0.0
30	0	0.0	0.0	0.142857142857	0.0	0.252631578947
31	0	0.0	0.0	0.0776699029126	0.0	0.0
32	0	0.0	0.0	0.0	0.0	0.0
33	0	0.0	0.0	0.0	0.0	0.0
34	0	0.0	0.0	0.0	0.0	0.0
35	0	0.0	0.0	0.0	0.0	0.0
36	0	0.182692307692	0.145631067961	0.273684210526	0.158878504673	0.0
37	0	0.0	0.0	0.0659340659341	0.127659574468	0.0
38	0	0.152173913043	0.142857142857	0.093023255814	0.247619047619	0.168421052632
39	0	0.0	0.0	0.0989010989011	0.144230769231	0.0
40	0	0.0	0.0	0.0957446808511	0.0	0.333333333333
41	0	0.0	0.0	0.13	0.132653061224	0.0
42	0	0.0	0.0	0.0	0.0	0.0
43	0	0.0	0.0	0.0721649484536	0.148514851485	0.0
44	0	0.0	0.0	0.0	0.0	0.0
45	0	0.0	0.0	0.0693069306931	0.0	0.0
46	0	0.197916666667	0.0	0.161616161616	0.25	0.0
47	0	0.0	0.0	0.12037037037	0.178217821782	0.0
48	0	0.0	0.0	0.104166666667	0.0	0.0
49	0	0.0	0.0	0.0733944954128	0.0	0.369565217391
50	0	0.0	0.0	0.153846153846	0.0	0.311827956989
51	0	0.0	0.0	0.121495327103	0.0	0.275229357798
52	0	0.0	0.0	0.141414141414	0.118279569892	0.0
53	0	0.0	0.0	0.114583333333	0.145454545455	0.0
54	0	0.0	0.0	0.106194690265	0.100840336134	0.0
55	0	0.0	0.0	0.126315789474	0.110236220472	0.0
56	0	0.177083333333	0.216494845361	0.269662921348	0.2	0.0
57	0	0.0	0.0	0.0	0.0	0.0
58	0	0.0	0.0	0.125	0.0	0.239130434783
59	0	0.0	0.0	0.0	0.0	0.0
60	0	0.118811881188	0.180327868852	0.255102040816	0.134020618557	0.0
61	0	0.0	0.0	0.102040816327	0.0	0.0
62	0	0.162790697674	0.302752293578	0.133928571429	0.0970873786408	0.504761904762
63	0	0.0	0.0	0.153846153846	0.0	0.0
64	0	0.0	0.0	0.106382978723	0.0	0.0
65	0	0.102040816327	0.19801980198	0.0	0.0	0.0
66	0	0.0	0.0	0.0	0.0	0.0
67	0	0.233333333333	0.0	0.0686274509804	0.284210526316	0.0
68	0	0.0	0.0	0.13829787234	0.0	0.270588235294
69	0	0.0	0.0	0.0777777777778	0.0	0.0
70	0	0.116666666667	0.152380952381	0.0826446280992	0.194174757282	0.182795698925
71	0	0.0	0.0	0.0	0.0	0.0
72	0	0.0	0.0	0.0	0.0	0.0
73	0	0.0	0.0	0.0	0.0	0.0
74	0	0.0	0.0	0.0	0.0	0.0
75	0	0.0	0.0	0.0	0.0	0.0
76	0	0.0	0.0	0.0	0.0	0.0
77	0	0.142857142857	0.211111111111	0.184782608696	0.13	0.0
78	0	0.0	0.0	0.0	0.0	0.0
79	0	0.0	0.0	0.0	0.0	0.0
80	0	0.0	0.0	0.127450980392	0.0	0.0
81	0	0.27	0.0	0.0963855421687	0.307692307692	0.0
82	0	0.154639175258	0.212598425197	0.329268292683	0.114583333333	0.0
83	0	0.0	0.0	0.0	0.0	0.0
84	0	0.147727272727	0.0659340659341	0.0645161290323	0.190476190476	0.171717171717
85	0	0.141509433962	0.244680851064	0.233009708738	0.0816326530612	0.0
86	0	0.0	0.0	0.0326086956522	0.0	0.0
87	0	0.0	0.0	0.141414141414	0.0957446808511	0.0
88	0	0.0	0.0	0.0	0.0	0.0
89	0	0.0	0.0	0.0	0.0	0.0
90	0	0.0	0.0	0.0	0.0	0.0
91	0	0.0	0.0	0.0	0.0	0.0
92	0	0.0	0.0	0.15	0.18018018018	0.0
93	0	0.130952380952	0.18018018018	0.0776699029126	0.264	0.118181818182
94	0	0.131868131868	0.186274509804	0.221052631579	0.0761904761905	0.0
95	0	0.126126126126	0.2	0.261363636364	0.0927835051546	0.0
96	0	0.0	0.0	0.0	0.0	0.0
97	0	0.0	0.0	0.0	0.0	0.0
98	0	0.168224299065	0.266055045872	0.119266055046	0.0721649484536	0.575757575758
99	0	0.0	0.0	0.0891089108911	0.0862068965517	0.0
