#chr	position	description	normal	sample0	sample1	sample2	sample3	sample4	sample5	sample6	sample7	sample8	sample9
1	1	1	0	0.0	0.232696776801	0.0	0.124627606753	0.0	0.0	0.0	0.139319809069	0.0	0.0
2	1	1	0	0.0	0.232513988809	0.0	0.130785309047	0.0	0.0	0.0	0.146248239791	0.0	0.0
3	1	1	0	0.153939886271	0.267076365102	0.272860064271	0.151425661914	0.0	0.0	0.0	0.0	0.299131807419	0.0
4	1	1	0	0.150296571831	0.266646760227	0.274077717659	0.150530106021	0.0	0.0	0.0	0.0	0.29224155169	0.0
5	1	1	0	0.157752943524	0.27246634996	0.278275932342	0.150719137036	0.0	0.0	0.0	0.0	0.286258012821	0.0
6	1	1	0	0.0	0.227739387957	0.0	0.129535739139	0.0	0.0	0.0	0.13896403166	0.0	0.0
7	1	1	0	0.0	0.0	0.0	0.0	0.147630069437	0.139350831497	0.2699477266	0.144601220855	0.0	0.139266166633
8	1	1	0	0.0	0.234196995665	0.0	0.131452098815	0.0	0.0	0.0	0.142238775921	0.0	0.0
9	1	1	0	0.0	0.0	0.23110667996	0.122236671001	0.0	0.131842027121	0.0	0.0	0.0	0.0
10	1	1	0	0.0	0.236733043566	0.0	0.131778249015	0.0	0.0	0.0	0.146302571258	0.0	0.0
11	1	1	0	0.0	0.231577913146	0.0	0.13840593866	0.0	0.0	0.0	0.143384922616	0.0	0.0
12	1	1	0	0.158598976781	0.268471914637	0.279587295165	0.25	0.112140022387	0.0	0.0	0.0	0.291539145029	0.103747259318
13	1	1	0	0.0	0.236214156808	0.0	0.130765331982	0.0	0.0	0.0	0.145259785764	0.0	0.0
14	1	1	0	0.0	0.236600533017	0.0	0.124837840535	0.0	0.0	0.0	0.140214021402	0.0	0.0
15	1	1	0	0.0	0.233350125945	0.0	0.136480856973	0.0	0.0	0.0	0.143260979303	0.0	0.0
16	1	1	0	0.0	0.234750276354	0.0	0.132563694268	0.0	0.0	0.0	0.147404018301	0.0	0.0
17	1	1	0	0.0	0.233631977946	0.0	0.130606599486	0.0	0.0	0.0	0.142308857691	0.0	0.0
18	1	1	0	0.152235199356	0.268084240513	0.278605962933	0.151931501394	0.0	0.0	0.0	0.0	0.290914621781	0.0
19	1	1	0	0.0	0.234791352438	0.0	0.136980830671	0.0	0.0	0.0	0.138858121035	0.0	0.0
20	1	1	0	0.0	0.0	0.0	0.0	0.147338214922	0.220985691574	0.272489170948	0.211741293532	0.0	0.135547576302
21	1	1	0	0.160249949607	0.268707144987	0.279527559055	0.249923430322	0.103444862403	0.0	0.0	0.0	0.298480962715	0.104383506805
22	1	1	0	0.410223579238	0.503046040148	0.497885196375	0.502207948615	0.418680343229	0.501757469244	0.501799640072	0.363819297716	0.496359828463	0.496121718377
23	1	1	0	0.0	0.0	0.0	0.0	0.0	0.0	0.0	0.133492489804	0.0	0.0
24	1	1	0	0.158622070899	0.263966480447	0.277092600081	0.155303414041	0.0	0.0	0.0	0.0	0.288697545527	0.0
25	1	1	0	0.148263400924	0.267776552001	0.274553123117	0.245055379747	0.110696642807	0.0	0.0	0.0	0.295223179327	0.104251313051
26	1	1	0	0.0	0.23150334514	0.0	0.136629347072	0.0	0.0	0.0	0.139267332728	0.0	0.0
27	1	1	0	0.0	0.0	0.220212979707	0.119774681293	0.0	0.136983553951	0.0	0.0	0.0	0.0
28	1	1	0	0.0	0.222335856003	0.0	0.131192381724	0.0	0.0	0.0	0.136499402628	0.0	0.0
29	1	1	0	0.157467049846	0.262898521573	0.263115978099	0.248472906404	0.109818990798	0.0	0.0	0.0	0.295518207283	0.100357355569
30	1	1	0	0.158395037022	0.260227966619	0.279995987159	0.148925586948	0.0	0.0	0.0	0.0	0.29010989011	0.0
31	1	1	0	0.0	0.231639559551	0.0	0.133313331333	0.0	0.0	0.0	0.140130587644	0.0	0.0
32	1	1	0	0.139616230262	0.0	0.0	0.0	0.150227617602	0.146693187469	0.0	0.0	0.0	0.140612409347
33	1	1	0	0.153313253012	0.260233918129	0.273424878837	0.250099245732	0.102801854465	0.0	0.0	0.0	0.288444222111	0.105225629011
34	1	1	0	0.161309762957	0.267735233007	0.277777777778	0.146832624975	0.0	0.0	0.0	0.0	0.294117647059	0.0
35	1	1	0	0.0	0.23568170299	0.0	0.136667341567	0.0	0.0	0.0	0.137083993661	0.0	0.0
36	1	1	0	0.0	0.0	0.222642636662	0.122644331439	0.0	0.134682484299	0.0	0.0	0.0	0.0
37	1	1	0	0.0	0.232382466952	0.0	0.13013136289	0.0	0.0	0.0	0.140039643211	0.0	0.0
38	1	1	0	0.0	0.235927069842	0.0	0.126899016979	0.0	0.0	0.0	0.142757312569	0.0	0.0
39	1	1	0	0.0	0.229487052287	0.0	0.129600316581	0.0	0.0	0.0	0.143934940231	0.0	0.0
40	1	1	0	0.0	0.234595247684	0.0	0.125909895731	0.0	0.0	0.0	0.143213822031	0.0	0.0
41	1	1	0	0.0	0.0	0.0	0.0	0.0	0.0	0.0	0.129501454509	0.0	0.0
42	1	1	0	0.163648888014	0.261888006434	0.278647401164	0.243961352657	0.102945611742	0.0	0.0	0.0	0.293691008445	0.102927675201
43	1	1	0	0.0	0.0	0.0	0.0	0.0	0.0	0.0	0.140091798044	0.0	0.0
44	1	1	0	0.0	0.227359342092	0.0	0.127668143375	0.0	0.0	0.0	0.141370080301	0.0	0.0
45	1	1	0	0.0	0.0	0.0	0.0	0.0	0.0	0.0	0.132820967583	0.0	0.0
46	1	1	0	0.154744236668	0.264487973206	0.269288652553	0.155268773499	0.0	0.0	0.0	0.0	0.28721258572	0.0
47	1	1	0	0.0	0.0	0.0	0.0	0.0	0.0	0.0	0.139226737862	0.0	0.0
48	1	1	0	0.159120182305	0.265352614897	0.286771322868	0.235962970417	0.108750125288	0.0	0.0	0.0	0.289868380777	0.0994475138122
49	1	1	0	0.507178464606	0.506368468559	0.502865761689	0.50407239819	0.498069105691	0.504124926341	0.493027485853	0.366065197887	0.497091273821	0.495882352941
50	1	1	0	0.0	0.237235116044	0.0	0.130387180253	0.0	0.0	0.0	0.14935834156	0.0	0.0
51	1	1	0	0.0	0.0	0.226279527559	0.117832823448	0.0	0.128624835809	0.0	0.0	0.0	0.0
52	1	1	0	0.164201330289	0.269139618753	0.272699604342	0.249274492145	0.107012195122	0.0	0.0	0.0	0.289355028426	0.101473642568
53	1	1	0	0.0	0.239043023723	0.0	0.132047030449	0.0	0.0	0.0	0.141887846737	0.0	0.0
54	1	1	0	0.0	0.227943421187	0.0	0.129768728998	0.0	0.0	0.0	0.139798994975	0.0	0.0
55	1	1	0	0.0	0.233252866626	0.0	0.129418754332	0.0	0.0	0.0	0.143840399002	0.0	0.0
56	1	1	0	0.0	0.239513127452	0.0	0.130559116458	0.0	0.0	0.0	0.142670682731	0.0	0.0
57	1	1	0	0.162331115144	0.26363816703	0.281936987134	0.250804181745	0.109719438878	0.0	0.0	0.0	0.294637477405	0.0970409484906
58	1	1	0	0.160443696147	0.268986384266	0.277534791252	0.151553769238	0.0	0.0	0.0	0.0	0.290635953931	0.0
59	1	1	0	0.0	0.233861892583	0.0	0.1312244287	0.0	0.0	0.0	0.141334941697	0.0	0.0
60	1	1	0	0.0	0.0	0.226836744784	0.125322740814	0.0	0.13453815261	0.0	0.0	0.0	0.0
61	1	1	0	0.151868220169	0.269533193988	0.27838790932	0.245000989903	0.104152214845	0.0	0.0	0.0	0.296266799403	0.100782975306
62	1	1	0	0.153706505295	0.268622575833	0.281372253987	0.1448	0.0	0.0	0.0	0.0	0.289454988328	0.0
63	1	1	0	0.0	0.233150821304	0.0	0.128367511057	0.0	0.0	0.0	0.142124321062	0.0	0.0
64	1	1	0	0.0	0.227771733755	0.0	0.127438360234	0.0	0.0	0.0	0.138988808953	0.0	0.0
65	1	1	0	0.144243272982	0.0	0.0	0.0	0.157554028483	0.141891891892	0.0	0.0	0.0	0.142073231567
66	1	1	0	0.0	0.235240963855	0.0	0.134085463259	0.0	0.0	0.0	0.139139139139	0.0	0.0
67	1	1	0	0.0	0.231891297832	0.0	0.128784043738	0.0	0.0	0.0	0.148003210917	0.0	0.0
68	1	1	0	0.0	0.235538005923	0.0	0.127559213167	0.0	0.0	0.0	0.145862137073	0.0	0.0
69	1	1	0	0.0	0.0	0.229416466827	0.123805692447	0.0	0.126492612831	0.0	0.0	0.0	0.0
70	1	1	0	0.138358390898	0.0	0.0	0.0	0.152186998395	0.144475636655	0.0	0.0	0.0	0.138526826311
71	1	1	0	0.0	0.238299570901	0.0	0.127186808767	0.0	0.0	0.0	0.138663460575	0.0	0.0
72	1	1	0	0.0	0.232310145505	0.0	0.1380812481	0.0	0.0	0.0	0.141239042647	0.0	0.0
73	1	1	0	0.155820895522	0.271801018879	0.276438031231	0.147482014388	0.0	0.0	0.0	0.0	0.287241553202	0.0
74	1	1	0	0.0	0.0	0.0	0.0	0.0	0.0	0.0	0.139265962795	0.0	0.0
75	1	1	0	0.0	0.0	0.0	0.0	0.148965930662	0.138560904228	0.272485207101	0.136832704902	0.0	0.133226645329
76	1	1	0	0.15651312531	0.265990561301	0.275496822354	0.245957617756	0.107414068745	0.0	0.0	0.0	0.290002972357	0.102030658969
77	1	1	0	0.0	0.235101636093	0.0	0.126370340841	0.0	0.0	0.0	0.146156909598	0.0	0.0
78	1	1	0	0.0	0.227025959925	0.0	0.131058892931	0.0	0.0	0.0	0.139858042587	0.0	0.0
79	1	1	0	0.0	0.230307276549	0.0	0.133879781421	0.0	0.0	0.0	0.140003994408	0.0	0.0
80	1	1	0	0.0	0.0	0.228657616893	0.123881487373	0.0	0.129651741294	0.0	0.0	0.0	0.0
81	1	1	0	0.164685908319	0.259570214893	0.266599698644	0.147417934347	0.0	0.0	0.0	0.0	0.292600674469	0.0
82	1	1	0	0.163599389934	0.263955342903	0.275837848686	0.148215919488	0.0	0.0	0.0	0.0	0.287398820825	0.0
83	1	1	0	0.0	0.229293544458	0.0	0.139062345128	0.0	0.0	0.0	0.144023382383	0.0	0.0
84	1	1	0	0.154671210906	0.261587427889	0.283755167894	0.247375262474	0.107093184979	0.0	0.0	0.0	0.293710502558	0.102484781958
85	1	1	0	0.155535224154	0.268635724332	0.278579245846	0.247129257042	0.109395109395	0.0	0.0	0.0	0.29032893441	0.106353316072
86	1	1	0	0.0	0.230329758444	0.0	0.134453781513	0.0	0.0	0.0	0.140446650124	0.0	0.0
87	1	1	0	0.0	0.243674698795	0.0	0.125229451356	0.0	0.0	0.0	0.147185712852	0.0	0.0
88	1	1	0	0.0	0.0	0.2210807073	0.120165189363	0.0	0.135146062873	0.0	0.0	0.0	0.0
89	1	1	0	0.0	0.229393545809	0.0	0.137020678579	0.0	0.0	0.0	0.141257622713	0.0	0.0
90	1	1	0	0.0	0.0	0.222919780767	0.119276144771	0.0	0.129650278763	0.0	0.0	0.0	0.0
91	1	1	0	0.0	0.0	0.222211004543	0.1276849642	0.0	0.134134331298	0.0	0.0	0.0	0.0
92	1	1	0	0.157445077299	0.264171547702	0.272316043426	0.25235443038	0.110761101514	0.0	0.0	0.0	0.290953052589	0.0989531898084
93	1	1	0	0.0	0.232698700514	0.0	0.129410605165	0.0	0.0	0.0	0.143184307478	0.0	0.0
94	1	1	0	0.0	0.229759083728	0.0	0.127232590809	0.0	0.0	0.0	0.146363186541	0.0	0.0
95	1	1	0	0.0	0.232291254452	0.0	0.125321718472	0.0	0.0	0.0	0.138532018723	0.0	0.0
96	1	1	0	0.157719138611	0.260653409091	0.279401355041	0.253770098871	0.110329103886	0.0	0.0	0.0	0.293518798508	0.102410838813
97	1	1	0	0.0	0.230552196695	0.0	0.135463322385	0.0	0.0	0.0	0.143882024711	0.0	0.0
98	1	1	0	0.0	0.2338788233	0.0	0.135880690126	0.0	0.0	0.0	0.142714869037	0.0	0.0
99	1	1	0	0.0	0.0	0.0	0.0	0.0	0.0	0.0	0.137420508744	0.0	0.0
100	1	1	0	0.0	0.240855203161	0.0	0.135412554283	0.0	0.0	0.0	0.143212332173	0.0	0.0
