Chromosome	Position	Change	Gene	sample0	sample1	sample2	sample3	sample4
1	0	T>G	1	98	99	126	111	103
1	1	C>A	1	111	111	104	95	80
1	2	C>T	1	94	94	86	115	88
1	3	T>C	1	85	121	108	113	88
1	4	G>A	1	93	93	97	92	108
1	5	G>T	1	113	80	108	105	111
1	6	G>T	1	113	94	95	100	100
1	7	G>A	1	95	95	115	83	111
1	8	C>A	1	84	98	103	96	103
1	9	A>C	1	117	92	84	92	94
1	10	G>A	1	98	99	109	93	95
1	11	A>T	1	97	114	79	106	104
1	12	G>A	1	91	107	99	118	92
1	13	A>T	1	92	99	100	107	102
1	14	C>A	1	93	99	91	81	106
1	15	C>G	1	103	79	91	118	99
1	16	T>A	1	85	100	98	120	100
1	17	C>T	1	99	112	104	100	103
1	18	A>T	1	85	112	95	105	101
1	19	C>G	1	104	108	119	88	113
1	20	T>C	1	119	114	100	96	89
1	21	C>T	1	114	92	108	100	121
1	22	A>C	1	99	100	95	110	134
1	23	C>G	1	94	101	96	108	90
1	24	T>A	1	109	93	117	92	96
1	25	A>C	1	104	91	107	109	108
1	26	C>T	1	98	107	99	112	112
1	27	C>T	1	105	100	94	102	93
1	28	A>G	1	102	115	80	91	101
1	29	G>T	1	101	99	111	98	102
1	30	C>G	1	97	106	107	87	104
1	31	T>A	1	130	110	92	124	116
1	32	A>G	1	94	94	105	93	111
1	33	T>C	1	99	100	97	98	94
1	34	C>T	1	104	104	93	102	90
1	35	C>G	1	108	105	107	106	113
1	36	G>T	1	92	111	89	96	111
1	37	T>A	1	94	89	94	114	111
1	38	T>G	1	92	99	97	109	114
1	39	G>T	1	100	94	100	107	90
1	40	T>C	1	111	96	105	113	104
1	41	A>T	1	95	122	96	93	99
1	42	T>G	1	109	105	96	101	138
1	43	A>G	1	92	90	88	95	108
1	44	T>C	1	106	118	89	107	109
1	45	C>A	1	115	89	107	119	92
1	46	T>C	1	103	116	100	85	99
1	47	T>A	1	96	106	87	92	97
1	48	G>C	1	77	100	99	81	110
1	49	C>A	1	98	114	110	102	112
1	50	C>T	1	104	99	102	125	113
1	51	A>T	1	95	93	98	90	124
1	52	A>C	1	88	106	100	96	89
1	53	G>C	1	101	89	85	99	94
1	54	C>A	1	95	111	100	111	105
1	55	A>G	1	89	89	97	130	114
1	56	C>T	1	90	94	98	102	105
1	57	C>A	1	104	99	102	121	88
1	58	T>A	1	96	94	94	127	103
1	59	T>A	1	99	104	102	75	111
1	60	T>G	1	106	99	117	87	98
1	61	G>A	1	100	99	115	113	103
1	62	A>T	1	115	88	92	107	91
1	63	G>T	1	90	93	91	113	96
1	64	A>T	1	81	105	79	105	90
1	65	T>G	1	95	98	99	94	93
1	66	G>A	1	104	97	100	107	97
1	67	A>T	1	98	96	105	94	96
1	68	C>A	1	92	112	98	91	104
1	69	A>C	1	103	104	92	86	98
1	70	G>A	1	96	112	104	98	100
1	71	G>T	1	89	89	88	108	104
1	72	A>G	1	102	103	113	114	110
1	73	G>C	1	125	92	117	89	107
1	74	G>T	1	97	103	94	101	101
1	75	G>T	1	110	78	111	92	108
1	76	C>A	1	87	96	111	79	98
1	77	C>A	1	93	100	92	118	94
1	78	T>G	1	101	87	87	102	108
1	79	G>C	1	102	85	106	100	98
1	80	G>T	1	101	95	100	92	99
1	81	A>C	1	84	100	89	95	114
1	82	G>T	1	111	112	89	97	108
1	83	C>A	1	99	106	82	96	111
1	84	G>A	1	112	123	107	118	117
1	85	G>T	1	105	112	88	115	100
1	86	A>T	1	90	101	113	100	92
1	87	C>A	1	105	108	102	94	90
1	88	C>G	1	93	105	87	99	84
1	89	A>T	1	109	100	100	113	99
1	90	G>A	1	84	80	97	99	90
1	91	T>G	1	103	110	88	75	96
1	92	T>G	1	83	108	92	106	112
1	93	A>T	1	96	84	116	104	83
1	94	C>A	1	94	90	93	90	105
1	95	A>T	1	93	109	86	107	103
1	96	G>A	1	96	91	86	79	101
1	97	A>G	1	100	97	90	91	110
1	98	A>T	1	86	99	92	85	91
1	99	C>T	1	115	104	94	98	93
