Chromosome	Position	Change	Gene	sample0	sample1	sample2	sample3	sample4
1	0	C>A	1	0	0	0	0	0
1	1	A>T	1	0	0	15	13	20
1	2	C>T	1	11	19	15	8	47
1	3	G>C	1	0	0	0	0	0
1	4	A>G	1	0	22	23	19	0
1	5	A>G	1	0	0	0	0	0
1	6	A>C	1	0	0	0	0	0
1	7	T>G	1	0	0	0	0	0
1	8	A>G	1	0	0	28	9	23
1	9	C>T	1	0	0	0	0	0
1	10	C>A	1	0	0	0	0	0
1	11	C>G	1	0	0	14	6	22
1	12	A>C	1	0	0	20	6	16
1	13	C>T	1	0	0	0	0	0
1	14	G>A	1	0	0	0	0	0
1	15	C>G	1	0	0	0	14	0
1	16	A>C	1	0	0	0	0	0
1	17	G>A	1	0	0	0	0	0
1	18	T>G	1	0	0	0	0	0
1	19	T>A	1	0	0	0	0	0
1	20	T>A	1	0	0	0	0	0
1	21	T>A	1	0	0	17	12	18
1	22	C>T	1	0	0	0	0	0
1	23	G>C	1	0	0	0	0	0
1	24	G>A	1	0	25	29	18	0
1	25	G>A	1	0	0	0	0	0
1	26	T>C	1	0	0	0	0	0
1	27	G>T	1	0	0	0	0	0
1	28	T>C	1	0	0	0	0	0
1	29	T>G	1	0	0	0	0	0
1	30	G>A	1	0	0	0	0	0
1	31	C>A	1	0	0	0	0	0
1	32	A>G	1	0	0	0	0	0
1	33	A>G	1	0	0	0	0	0
1	34	A>T	1	0	0	0	0	0
1	35	A>G	1	0	0	0	0	0
1	36	C>T	1	0	0	0	0	0
1	37	C>G	1	0	0	0	0	0
1	38	G>A	1	0	0	0	0	0
1	39	A>T	1	0	0	0	0	0
1	40	T>C	1	0	0	22	8	21
1	41	T>A	1	0	0	0	0	0
1	42	G>A	1	0	0	0	0	0
1	43	A>G	1	0	0	0	0	0
1	44	A>G	1	0	0	0	0	0
1	45	G>C	1	0	0	0	0	0
1	46	G>A	1	0	0	0	0	0
1	47	T>A	1	0	0	0	0	0
1	48	A>C	1	0	0	17	9	22
1	49	A>G	1	0	0	0	0	0
1	50	A>T	1	0	0	0	0	0
1	51	A>C	1	0	0	0	0	0
1	52	G>A	1	0	0	0	0	0
1	53	A>G	1	0	0	0	0	0
1	54	A>C	1	0	0	0	0	0
1	55	T>A	1	0	0	0	0	0
1	56	C>A	1	0	0	0	0	0
1	57	T>A	1	0	0	0	0	0
1	58	C>A	1	0	0	0	0	0
1	59	T>A	1	24	22	14	6	58
1	60	A>C	1	0	0	13	7	11
1	61	C>G	1	28	0	0	15	0
1	62	T>A	1	17	15	24	8	53
1	63	C>A	1	0	0	0	0	0
1	64	A>C	1	0	0	0	0	0
1	65	G>C	1	0	0	0	0	0
1	66	A>G	1	0	0	0	0	0
1	67	G>C	1	0	24	18	5	18
1	68	C>A	1	0	0	0	0	0
1	69	G>A	1	0	0	0	0	0
1	70	T>C	1	0	0	0	0	0
1	71	G>C	1	0	0	0	0	0
1	72	A>C	1	0	0	0	0	0
1	73	A>G	1	0	0	17	11	13
1	74	T>C	1	0	0	0	0	0
1	75	C>T	1	0	0	0	0	0
1	76	A>G	1	0	0	0	0	0
1	77	G>C	1	0	0	0	19	0
1	78	C>T	1	25	0	0	9	0
1	79	T>C	1	0	28	35	12	0
1	80	A>G	1	0	32	28	12	0
1	81	G>C	1	0	0	0	0	0
1	82	G>C	1	0	0	0	0	0
1	83	C>A	1	0	0	0	0	0
1	84	C>A	1	0	23	23	24	0
1	85	G>T	1	0	0	0	0	0
1	86	C>A	1	0	0	0	0	0
1	87	A>C	1	0	0	0	0	0
1	88	T>A	1	0	0	0	0	0
1	89	G>A	1	0	0	0	0	0
1	90	C>T	1	0	0	4	11	18
1	91	A>T	1	0	0	0	0	0
1	92	C>A	1	0	0	0	0	0
1	93	T>A	1	0	0	0	0	0
1	94	A>G	1	0	0	0	0	0
1	95	A>G	1	0	0	0	0	0
1	96	G>C	1	0	0	0	0	0
1	97	A>C	1	0	0	18	9	28
1	98	A>T	1	0	34	28	12	0
1	99	C>G	1	0	0	0	0	0
