Num_mutations: 100
Num_samples: 10
Error_rate: 0.030000

0.000000000000000000e+00 0.000000000000000000e+00 2.224880382775119569e-01 0.000000000000000000e+00 0.000000000000000000e+00 3.174284279256655017e-01 0.000000000000000000e+00 2.987884249524381808e-01 2.428454619787407953e-01 2.405505136132442268e-01
2.205867727498756758e-01 0.000000000000000000e+00 2.619307470979264085e-01 0.000000000000000000e+00 2.786868788274269870e-01 3.064276517777557718e-01 6.732515215005487885e-01 0.000000000000000000e+00 2.253778273658585962e-01 2.467092142002393351e-01
0.000000000000000000e+00 0.000000000000000000e+00 4.492509177497767681e-01 3.436316523819015201e-01 3.274830474670921143e-01 3.283881315156375047e-01 0.000000000000000000e+00 6.398394380331159370e-01 5.026548672566372167e-01 2.455017992802878968e-01
2.195391890532246704e-01 0.000000000000000000e+00 2.678198628094243805e-01 0.000000000000000000e+00 2.829850746268656736e-01 2.818493842115889492e-01 6.725978647686833289e-01 0.000000000000000000e+00 2.303738788672780313e-01 2.421810699588477500e-01
0.000000000000000000e+00 0.000000000000000000e+00 0.000000000000000000e+00 0.000000000000000000e+00 0.000000000000000000e+00 0.000000000000000000e+00 3.168395849960095600e-01 0.000000000000000000e+00 2.520706516315737167e-01 2.652380471040129417e-01
0.000000000000000000e+00 0.000000000000000000e+00 2.212301587301587213e-01 0.000000000000000000e+00 0.000000000000000000e+00 3.207680646791308821e-01 0.000000000000000000e+00 3.193885760257441642e-01 2.510805106040808199e-01 2.539618856569709204e-01
0.000000000000000000e+00 0.000000000000000000e+00 0.000000000000000000e+00 0.000000000000000000e+00 0.000000000000000000e+00 0.000000000000000000e+00 3.276470588235294024e-01 0.000000000000000000e+00 2.527550298250935135e-01 2.711151187255785855e-01
2.181635725037631701e-01 0.000000000000000000e+00 2.763395544852498276e-01 0.000000000000000000e+00 2.931957944852212061e-01 3.050069818471972671e-01 6.685581112574728868e-01 0.000000000000000000e+00 2.362702489134729245e-01 2.332127060715721845e-01
0.000000000000000000e+00 4.354258296681327578e-01 0.000000000000000000e+00 0.000000000000000000e+00 0.000000000000000000e+00 0.000000000000000000e+00 0.000000000000000000e+00 0.000000000000000000e+00 0.000000000000000000e+00 0.000000000000000000e+00
2.839319851091658964e-01 0.000000000000000000e+00 2.786149086917473205e-01 0.000000000000000000e+00 3.763023493360572180e-01 0.000000000000000000e+00 0.000000000000000000e+00 0.000000000000000000e+00 0.000000000000000000e+00 0.000000000000000000e+00
2.189186437226351700e-01 0.000000000000000000e+00 2.733175914994097067e-01 0.000000000000000000e+00 2.863136863136863108e-01 2.986111111111111049e-01 6.820937752627324047e-01 0.000000000000000000e+00 2.244464664846830548e-01 2.478299910206525070e-01
0.000000000000000000e+00 0.000000000000000000e+00 4.692566534108290055e-01 3.622366288492706587e-01 3.190917239318792897e-01 3.262779552715655007e-01 0.000000000000000000e+00 6.450385501151496559e-01 5.196881476364354491e-01 2.684130982367758378e-01
2.261146496815286677e-01 0.000000000000000000e+00 2.811905000501052077e-01 0.000000000000000000e+00 2.980184422209142814e-01 2.979575490588706188e-01 6.710910005027651559e-01 0.000000000000000000e+00 2.334505273731793118e-01 2.385157257664450858e-01
2.845857808385659493e-01 0.000000000000000000e+00 2.716973697172692104e-01 0.000000000000000000e+00 3.923339353802929863e-01 0.000000000000000000e+00 0.000000000000000000e+00 0.000000000000000000e+00 0.000000000000000000e+00 0.000000000000000000e+00
2.211888394662353541e-01 0.000000000000000000e+00 2.599701640974639294e-01 0.000000000000000000e+00 2.866533864541832566e-01 2.935798455912230764e-01 6.727743477394940719e-01 0.000000000000000000e+00 2.323151125401929362e-01 2.322476229010722315e-01
0.000000000000000000e+00 0.000000000000000000e+00 0.000000000000000000e+00 0.000000000000000000e+00 0.000000000000000000e+00 0.000000000000000000e+00 3.228843264897345855e-01 0.000000000000000000e+00 2.543099152964624077e-01 2.772741163288173771e-01
2.285209886229894183e-01 0.000000000000000000e+00 2.754065040650406360e-01 0.000000000000000000e+00 2.945164506480558164e-01 3.034154090548054072e-01 6.626554352186121433e-01 0.000000000000000000e+00 2.427477840451248980e-01 2.389746694923806647e-01
0.000000000000000000e+00 0.000000000000000000e+00 2.626201923076922906e-01 0.000000000000000000e+00 0.000000000000000000e+00 0.000000000000000000e+00 3.735550598255931720e-01 0.000000000000000000e+00 0.000000000000000000e+00 0.000000000000000000e+00
3.007000101450745810e-01 0.000000000000000000e+00 2.667869312487472500e-01 0.000000000000000000e+00 3.805381347359902966e-01 0.000000000000000000e+00 0.000000000000000000e+00 0.000000000000000000e+00 0.000000000000000000e+00 0.000000000000000000e+00
2.196824112470921464e-01 0.000000000000000000e+00 2.666138456967416248e-01 0.000000000000000000e+00 2.859999999999999765e-01 2.916211112215485457e-01 6.798713050472551256e-01 0.000000000000000000e+00 2.303771661569826712e-01 2.248520710059171701e-01
0.000000000000000000e+00 4.377166156982670864e-01 0.000000000000000000e+00 0.000000000000000000e+00 0.000000000000000000e+00 0.000000000000000000e+00 0.000000000000000000e+00 0.000000000000000000e+00 0.000000000000000000e+00 0.000000000000000000e+00
2.176898222940226169e-01 0.000000000000000000e+00 2.754961682059343664e-01 0.000000000000000000e+00 2.919309200897648449e-01 3.000301235063761451e-01 6.828494996532250561e-01 0.000000000000000000e+00 2.328084512656966309e-01 2.365591397849462485e-01
0.000000000000000000e+00 0.000000000000000000e+00 2.742730657007746986e-01 0.000000000000000000e+00 0.000000000000000000e+00 0.000000000000000000e+00 3.944835797202103644e-01 0.000000000000000000e+00 0.000000000000000000e+00 0.000000000000000000e+00
2.156148469036132664e-01 0.000000000000000000e+00 2.687167118882524131e-01 0.000000000000000000e+00 2.935706429357064495e-01 2.985842985842985797e-01 6.740454914703493117e-01 0.000000000000000000e+00 2.355884707766212893e-01 2.419610956728860673e-01
0.000000000000000000e+00 0.000000000000000000e+00 2.163195492504275952e-01 0.000000000000000000e+00 0.000000000000000000e+00 3.129089827483640951e-01 0.000000000000000000e+00 3.235471546350291439e-01 2.532102728731941976e-01 2.579365079365079638e-01
2.826479438314944970e-01 0.000000000000000000e+00 2.777666198031733535e-01 0.000000000000000000e+00 3.915343915343915127e-01 0.000000000000000000e+00 0.000000000000000000e+00 0.000000000000000000e+00 0.000000000000000000e+00 0.000000000000000000e+00
2.153846153846153966e-01 0.000000000000000000e+00 2.647898816809465261e-01 0.000000000000000000e+00 2.835482918184503154e-01 3.021611393287521041e-01 6.858842839556832383e-01 0.000000000000000000e+00 2.206534893102057304e-01 2.408324073138700949e-01
2.159183673469387832e-01 0.000000000000000000e+00 2.686021723682874840e-01 0.000000000000000000e+00 2.842731766367396218e-01 2.923046331278584264e-01 6.926093514328808265e-01 0.000000000000000000e+00 2.364152473641524810e-01 2.435475834578973708e-01
2.779736126498136839e-01 0.000000000000000000e+00 2.718004553103038901e-01 0.000000000000000000e+00 3.763226192852864860e-01 0.000000000000000000e+00 0.000000000000000000e+00 0.000000000000000000e+00 0.000000000000000000e+00 0.000000000000000000e+00
0.000000000000000000e+00 4.381274227213994843e-01 0.000000000000000000e+00 0.000000000000000000e+00 0.000000000000000000e+00 0.000000000000000000e+00 0.000000000000000000e+00 0.000000000000000000e+00 0.000000000000000000e+00 0.000000000000000000e+00
2.811101163831691840e-01 3.129560244527706536e-01 0.000000000000000000e+00 0.000000000000000000e+00 0.000000000000000000e+00 3.731146877214293056e-01 0.000000000000000000e+00 3.723092470944921462e-01 0.000000000000000000e+00 0.000000000000000000e+00
0.000000000000000000e+00 0.000000000000000000e+00 0.000000000000000000e+00 0.000000000000000000e+00 0.000000000000000000e+00 0.000000000000000000e+00 3.260036312285656823e-01 0.000000000000000000e+00 2.594041528739091107e-01 2.690582959641255600e-01
7.101449275362319291e-01 6.847662141779788936e-01 5.531398523612094387e-01 6.343709338404563969e-01 6.514375738479716293e-01 2.992598519703940640e-01 1.000300751879699357e+00 0.000000000000000000e+00 4.849090545672596342e-01 7.391874180865006805e-01
0.000000000000000000e+00 0.000000000000000000e+00 0.000000000000000000e+00 0.000000000000000000e+00 0.000000000000000000e+00 0.000000000000000000e+00 3.116726835138387552e-01 0.000000000000000000e+00 2.553022005376879289e-01 2.540867810292633533e-01
2.170123234144875346e-01 0.000000000000000000e+00 2.598836042544651614e-01 0.000000000000000000e+00 2.948190789473684181e-01 2.914857085142915083e-01 6.719713546847025931e-01 0.000000000000000000e+00 2.269024438704549951e-01 2.322619166086177800e-01
2.953995157384987635e-01 0.000000000000000000e+00 2.778561354019746243e-01 0.000000000000000000e+00 3.836636153304496255e-01 0.000000000000000000e+00 0.000000000000000000e+00 0.000000000000000000e+00 0.000000000000000000e+00 0.000000000000000000e+00
2.888245281134524944e-01 0.000000000000000000e+00 2.744822039010657577e-01 0.000000000000000000e+00 3.876218225660604810e-01 0.000000000000000000e+00 0.000000000000000000e+00 0.000000000000000000e+00 0.000000000000000000e+00 0.000000000000000000e+00
0.000000000000000000e+00 0.000000000000000000e+00 4.555301599920500988e-01 3.414634146341463672e-01 3.251982916412446412e-01 3.142144638403990275e-01 0.000000000000000000e+00 6.381990712699373569e-01 5.329857629837577715e-01 2.505137488991094896e-01
2.159316646801748008e-01 2.494132054291254286e-01 0.000000000000000000e+00 3.189474733379846771e-01 0.000000000000000000e+00 0.000000000000000000e+00 0.000000000000000000e+00 0.000000000000000000e+00 0.000000000000000000e+00 2.457351346021102445e-01
2.143911802342750306e-01 0.000000000000000000e+00 2.761790567545963082e-01 0.000000000000000000e+00 2.765618782331874526e-01 3.021841029221102870e-01 6.722773269211501646e-01 0.000000000000000000e+00 2.333029289551028784e-01 2.413376309427880673e-01
2.167887547020392047e-01 0.000000000000000000e+00 2.656716417910447992e-01 0.000000000000000000e+00 2.984496124031007502e-01 3.092701384048591184e-01 6.679964096938266760e-01 0.000000000000000000e+00 2.347946287519747099e-01 2.398460447685607233e-01
2.024515618821668694e-01 0.000000000000000000e+00 2.630522088353413612e-01 0.000000000000000000e+00 2.892857142857143127e-01 2.920917079082920864e-01 6.878422782037240113e-01 0.000000000000000000e+00 2.279813325389732914e-01 2.392557386995651791e-01
0.000000000000000000e+00 0.000000000000000000e+00 0.000000000000000000e+00 0.000000000000000000e+00 0.000000000000000000e+00 0.000000000000000000e+00 3.191615582361083669e-01 0.000000000000000000e+00 2.486360093530787241e-01 2.678997613365154962e-01
2.155095572942458126e-01 0.000000000000000000e+00 2.736884101336525266e-01 0.000000000000000000e+00 2.808716707021791659e-01 3.028018339276617454e-01 6.882728360590346650e-01 0.000000000000000000e+00 2.214235799141459626e-01 2.375036681991587462e-01
0.000000000000000000e+00 0.000000000000000000e+00 0.000000000000000000e+00 0.000000000000000000e+00 0.000000000000000000e+00 0.000000000000000000e+00 3.211284513805522378e-01 0.000000000000000000e+00 2.651599233175259696e-01 2.627825213460572851e-01
2.780448717948718063e-01 3.140816326530612157e-01 0.000000000000000000e+00 0.000000000000000000e+00 0.000000000000000000e+00 3.827172728173620087e-01 0.000000000000000000e+00 3.737199634999492925e-01 0.000000000000000000e+00 0.000000000000000000e+00
2.183126749300279834e-01 2.480342390763412008e-01 0.000000000000000000e+00 3.035537026007544270e-01 0.000000000000000000e+00 0.000000000000000000e+00 0.000000000000000000e+00 0.000000000000000000e+00 0.000000000000000000e+00 2.390565660603637954e-01
2.153413089373680533e-01 0.000000000000000000e+00 2.726358148893360256e-01 0.000000000000000000e+00 3.044167161814220757e-01 3.045756903850030395e-01 6.731717131073332583e-01 0.000000000000000000e+00 2.330693069306930820e-01 2.380670611439842099e-01
2.882810940307446446e-01 0.000000000000000000e+00 2.836524005211987776e-01 0.000000000000000000e+00 3.817295253259030963e-01 0.000000000000000000e+00 0.000000000000000000e+00 0.000000000000000000e+00 0.000000000000000000e+00 0.000000000000000000e+00
2.295048701298701421e-01 0.000000000000000000e+00 2.669035633205014135e-01 0.000000000000000000e+00 2.919398769292848028e-01 2.913683373110581010e-01 6.781792773008584740e-01 0.000000000000000000e+00 2.355380059230009759e-01 2.288987138263665622e-01
0.000000000000000000e+00 0.000000000000000000e+00 4.703240921515033368e-01 3.494220239302373021e-01 3.291716210860087255e-01 3.247015982197046235e-01 0.000000000000000000e+00 6.234284573937337592e-01 5.198448224410623375e-01 2.603916866506794658e-01
2.206679144911831425e-01 0.000000000000000000e+00 2.654955584389659395e-01 0.000000000000000000e+00 2.875868917576961392e-01 3.038051137507549737e-01 6.725362681340670834e-01 0.000000000000000000e+00 2.388989351014667584e-01 2.374327206255712475e-01
2.179820179820179948e-01 0.000000000000000000e+00 2.718889439762022797e-01 0.000000000000000000e+00 2.897923023919677377e-01 2.906918865107018246e-01 6.735353535353535426e-01 0.000000000000000000e+00 2.325164375373580394e-01 2.459669388568014314e-01
0.000000000000000000e+00 0.000000000000000000e+00 4.514636354491499692e-01 3.487836620282310784e-01 3.161999999999999811e-01 3.180771156735102689e-01 0.000000000000000000e+00 6.413889443224904952e-01 5.177155475258455875e-01 2.680761942754562588e-01
2.240399002493765612e-01 0.000000000000000000e+00 2.670342654588420683e-01 0.000000000000000000e+00 2.868470611557141225e-01 2.930129240710823701e-01 6.641680639116284146e-01 0.000000000000000000e+00 2.292062856570913909e-01 2.469428007889546417e-01
2.719919110212335456e-01 3.259876910859638710e-01 0.000000000000000000e+00 0.000000000000000000e+00 0.000000000000000000e+00 3.716263670111367712e-01 0.000000000000000000e+00 3.726582278481012644e-01 0.000000000000000000e+00 0.000000000000000000e+00
0.000000000000000000e+00 4.413874422717893320e-01 0.000000000000000000e+00 0.000000000000000000e+00 0.000000000000000000e+00 0.000000000000000000e+00 0.000000000000000000e+00 0.000000000000000000e+00 0.000000000000000000e+00 0.000000000000000000e+00
0.000000000000000000e+00 0.000000000000000000e+00 4.569762766385203068e-01 3.401524267950260527e-01 3.322625978719132567e-01 3.250284296495399294e-01 0.000000000000000000e+00 6.341365863413658266e-01 5.078045813906345574e-01 2.548285376428853222e-01
2.248413417951042603e-01 0.000000000000000000e+00 2.704835120372243717e-01 0.000000000000000000e+00 2.803351404632823951e-01 2.944283863251270783e-01 6.855490176523386658e-01 0.000000000000000000e+00 2.397902591509529224e-01 2.361870066788099576e-01
2.142286171063149391e-01 2.457584579861459562e-01 0.000000000000000000e+00 3.184576238011352367e-01 0.000000000000000000e+00 0.000000000000000000e+00 0.000000000000000000e+00 0.000000000000000000e+00 0.000000000000000000e+00 2.393249288328588853e-01
2.199015965458379351e-01 0.000000000000000000e+00 2.610703885932322277e-01 0.000000000000000000e+00 2.781210159850936448e-01 2.904704944178628234e-01 6.592517694641051307e-01 0.000000000000000000e+00 2.272862971439944257e-01 2.392638036809816016e-01
2.211499798954563722e-01 0.000000000000000000e+00 2.681631425994588369e-01 0.000000000000000000e+00 2.826762965192095578e-01 2.842517314062029676e-01 6.883077236186018188e-01 0.000000000000000000e+00 2.350593634640327223e-01 2.449184946669349938e-01
2.262111167771545250e-01 0.000000000000000000e+00 2.735077264922735063e-01 0.000000000000000000e+00 2.803985359902399499e-01 2.945329836594714479e-01 6.752804487179486781e-01 0.000000000000000000e+00 2.398100514444004849e-01 2.516058899100701574e-01
0.000000000000000000e+00 0.000000000000000000e+00 4.558749369641956761e-01 3.526916473083526737e-01 3.176059850374065019e-01 3.277176093060569784e-01 0.000000000000000000e+00 6.354487574450605747e-01 4.986389757031958747e-01 2.615864079621996741e-01
2.244836272040302283e-01 0.000000000000000000e+00 2.725663716814159532e-01 0.000000000000000000e+00 2.775167449765070238e-01 3.014377788795240543e-01 6.678102926337032841e-01 0.000000000000000000e+00 2.164397377710539638e-01 2.374913988007470722e-01
2.065794850837760488e-01 0.000000000000000000e+00 2.650234263597474049e-01 0.000000000000000000e+00 2.879044300647087828e-01 3.087924262262060626e-01 6.900714213861784962e-01 0.000000000000000000e+00 2.386352232814852037e-01 2.476248231251263476e-01
0.000000000000000000e+00 0.000000000000000000e+00 2.218854198241891618e-01 0.000000000000000000e+00 0.000000000000000000e+00 3.171026156941649798e-01 0.000000000000000000e+00 3.219226497021104860e-01 2.524467763091514660e-01 2.718838241226300689e-01
0.000000000000000000e+00 0.000000000000000000e+00 0.000000000000000000e+00 0.000000000000000000e+00 0.000000000000000000e+00 0.000000000000000000e+00 3.295328422964383108e-01 0.000000000000000000e+00 2.588924818108326864e-01 2.804878048780488076e-01
2.132993830183135819e-01 2.441895261845386522e-01 0.000000000000000000e+00 3.122185529870909471e-01 0.000000000000000000e+00 0.000000000000000000e+00 0.000000000000000000e+00 0.000000000000000000e+00 0.000000000000000000e+00 2.259875472083290870e-01
2.265320403878836319e-01 0.000000000000000000e+00 2.707910750507099285e-01 0.000000000000000000e+00 2.801341487472874259e-01 3.151243375458622209e-01 6.876745113681691501e-01 0.000000000000000000e+00 2.242691229475370363e-01 2.308629441624365508e-01
2.716073716369370450e-01 3.153559521474799121e-01 0.000000000000000000e+00 0.000000000000000000e+00 0.000000000000000000e+00 3.651286157541787647e-01 0.000000000000000000e+00 3.522681653954235492e-01 0.000000000000000000e+00 0.000000000000000000e+00
2.806071499900139599e-01 3.157371508102196911e-01 0.000000000000000000e+00 0.000000000000000000e+00 0.000000000000000000e+00 3.702664796633940991e-01 0.000000000000000000e+00 3.622686330792833642e-01 0.000000000000000000e+00 0.000000000000000000e+00
0.000000000000000000e+00 0.000000000000000000e+00 0.000000000000000000e+00 0.000000000000000000e+00 0.000000000000000000e+00 0.000000000000000000e+00 3.223487118034751298e-01 0.000000000000000000e+00 2.609898251506470590e-01 2.716247368948581653e-01
0.000000000000000000e+00 0.000000000000000000e+00 0.000000000000000000e+00 0.000000000000000000e+00 0.000000000000000000e+00 0.000000000000000000e+00 3.234968274750730233e-01 0.000000000000000000e+00 2.479816605202830593e-01 2.538637949945158900e-01
0.000000000000000000e+00 4.238769972867048597e-01 0.000000000000000000e+00 0.000000000000000000e+00 0.000000000000000000e+00 0.000000000000000000e+00 0.000000000000000000e+00 0.000000000000000000e+00 0.000000000000000000e+00 0.000000000000000000e+00
2.153815098909971637e-01 0.000000000000000000e+00 2.653202653202653138e-01 0.000000000000000000e+00 2.794059405940594321e-01 2.966585167074164420e-01 6.821290514421647355e-01 0.000000000000000000e+00 2.298827537829441769e-01 2.426017573982426068e-01
2.063523771474231050e-01 0.000000000000000000e+00 2.678535302447906385e-01 0.000000000000000000e+00 2.988829626647881432e-01 3.060426896482613679e-01 6.768585131894484519e-01 0.000000000000000000e+00 2.379369396595144570e-01 2.451768488745980634e-01
2.953128143230738245e-01 0.000000000000000000e+00 2.789060929016690116e-01 0.000000000000000000e+00 3.890771377317121527e-01 0.000000000000000000e+00 0.000000000000000000e+00 0.000000000000000000e+00 0.000000000000000000e+00 0.000000000000000000e+00
2.177644710578842402e-01 0.000000000000000000e+00 2.681795757276763670e-01 0.000000000000000000e+00 2.815349163410479916e-01 3.053176658036247937e-01 6.643102403554836943e-01 0.000000000000000000e+00 2.387581372058087126e-01 2.361999999999999933e-01
2.854534388314059479e-01 0.000000000000000000e+00 2.955176517255057589e-01 0.000000000000000000e+00 3.845763571790968838e-01 0.000000000000000000e+00 0.000000000000000000e+00 0.000000000000000000e+00 0.000000000000000000e+00 0.000000000000000000e+00
0.000000000000000000e+00 0.000000000000000000e+00 2.615400020026034111e-01 0.000000000000000000e+00 0.000000000000000000e+00 0.000000000000000000e+00 3.746660069272637061e-01 0.000000000000000000e+00 0.000000000000000000e+00 0.000000000000000000e+00
2.172420755097920486e-01 0.000000000000000000e+00 2.640137359862639865e-01 0.000000000000000000e+00 2.813098236775818384e-01 3.010795681727309048e-01 6.839967506092607952e-01 0.000000000000000000e+00 2.295511850731215275e-01 2.427999999999999881e-01
2.170872605655214393e-01 0.000000000000000000e+00 2.638607851072440336e-01 0.000000000000000000e+00 2.965832340087405372e-01 3.058290665616384407e-01 6.824785057812037259e-01 0.000000000000000000e+00 2.276100940128649164e-01 2.430445151033386320e-01
2.876274235458724515e-01 0.000000000000000000e+00 2.717798239400991411e-01 0.000000000000000000e+00 3.793449869399236341e-01 0.000000000000000000e+00 0.000000000000000000e+00 0.000000000000000000e+00 0.000000000000000000e+00 0.000000000000000000e+00
0.000000000000000000e+00 0.000000000000000000e+00 4.737688442211055451e-01 3.486183420104124742e-01 3.292304613229260490e-01 3.186802331324706250e-01 0.000000000000000000e+00 6.285144566301096303e-01 5.117304992981752676e-01 2.601173312120910741e-01
2.196418027947254492e-01 0.000000000000000000e+00 2.672242134607725750e-01 0.000000000000000000e+00 2.875804057397328140e-01 2.964734010759115246e-01 6.780944787721746581e-01 0.000000000000000000e+00 2.397508038585209056e-01 2.455060085410666337e-01
0.000000000000000000e+00 0.000000000000000000e+00 0.000000000000000000e+00 0.000000000000000000e+00 0.000000000000000000e+00 0.000000000000000000e+00 3.307150050352467008e-01 0.000000000000000000e+00 2.654296087131908233e-01 2.722460800958753646e-01
2.150253807106599080e-01 0.000000000000000000e+00 2.615645918673193959e-01 0.000000000000000000e+00 3.072947724110514645e-01 3.002416431735803193e-01 6.800040012003600864e-01 0.000000000000000000e+00 2.389328063241106803e-01 2.463639062036212524e-01
0.000000000000000000e+00 0.000000000000000000e+00 4.630276419519009923e-01 3.501155662747462705e-01 3.195066149408136713e-01 3.159968479117415407e-01 0.000000000000000000e+00 6.103870062161620424e-01 5.075473609563367905e-01 2.516463779684693924e-01
2.953435038388672607e-01 0.000000000000000000e+00 2.988643156007173007e-01 0.000000000000000000e+00 3.848981619473422766e-01 0.000000000000000000e+00 0.000000000000000000e+00 0.000000000000000000e+00 0.000000000000000000e+00 0.000000000000000000e+00
2.803030303030302761e-01 0.000000000000000000e+00 2.813437312537492296e-01 0.000000000000000000e+00 3.791130185979971201e-01 0.000000000000000000e+00 0.000000000000000000e+00 0.000000000000000000e+00 0.000000000000000000e+00 0.000000000000000000e+00
2.145085018613542560e-01 0.000000000000000000e+00 2.704893121264309586e-01 0.000000000000000000e+00 2.835550181378476697e-01 3.073917960316644438e-01 7.025125628140703737e-01 0.000000000000000000e+00 2.231281694342249211e-01 2.371999999999999942e-01
0.000000000000000000e+00 0.000000000000000000e+00 2.258357741642258443e-01 0.000000000000000000e+00 0.000000000000000000e+00 3.283192940232651513e-01 0.000000000000000000e+00 2.987468671679198162e-01 2.492249224922492290e-01 2.550736171906088368e-01
2.114519836114719664e-01 0.000000000000000000e+00 2.746781115879828317e-01 0.000000000000000000e+00 2.905520488928964862e-01 2.843282843282843309e-01 6.743007701661937192e-01 0.000000000000000000e+00 2.293044698336340059e-01 2.337662337662337608e-01
0.000000000000000000e+00 0.000000000000000000e+00 0.000000000000000000e+00 0.000000000000000000e+00 0.000000000000000000e+00 0.000000000000000000e+00 3.323143674193866359e-01 0.000000000000000000e+00 2.594259425942594399e-01 2.563441712926248783e-01
0.000000000000000000e+00 0.000000000000000000e+00 2.640177490923759640e-01 0.000000000000000000e+00 0.000000000000000000e+00 0.000000000000000000e+00 3.854452726559435272e-01 0.000000000000000000e+00 0.000000000000000000e+00 0.000000000000000000e+00
2.157709693621295832e-01 0.000000000000000000e+00 2.627839487641349114e-01 0.000000000000000000e+00 2.844091360476663222e-01 3.040145249142626738e-01 6.580491200159093168e-01 0.000000000000000000e+00 2.225780624499599791e-01 2.434073042093740646e-01
0.000000000000000000e+00 0.000000000000000000e+00 4.517988471476843682e-01 3.479874951152794327e-01 3.309808734785721351e-01 3.241083025277250451e-01 0.000000000000000000e+00 6.248419414453847409e-01 5.068397403894159270e-01 2.616508688783570347e-01
0.000000000000000000e+00 0.000000000000000000e+00 0.000000000000000000e+00 0.000000000000000000e+00 0.000000000000000000e+00 0.000000000000000000e+00 3.366725594185818182e-01 0.000000000000000000e+00 2.555723651033787180e-01 2.575244169822603069e-01
2.187027136083930234e-01 0.000000000000000000e+00 2.717984326951691232e-01 0.000000000000000000e+00 2.920521237441559559e-01 2.938775510204081898e-01 6.679366352516542538e-01 0.000000000000000000e+00 2.342943854324734398e-01 2.413121476166068813e-01
