gene_id	sample0	sample0	sample1	sample1	sample2	sample2	sample3	sample3	sample4	sample4
0	990	0	1007	0	973	0	983	0	990	0
1	985	0	1038	0	1012	0	1011	0	966	0
2	993	0	1010	0	974	0	958	0	863	109
3	1037	0	987	0	1016	0	1000	0	881	119
4	1023	0	1002	0	1010	0	1008	0	1001	0
5	846	129	775	230	1051	0	521	462	973	0
6	1011	0	724	290	959	0	1003	0	963	0
7	961	0	1030	0	793	216	993	0	855	131
8	886	140	832	226	954	0	535	484	1044	0
9	974	0	1001	0	1036	0	980	0	890	108
10	1018	0	1035	0	943	0	1050	0	900	99
11	852	149	1021	0	1042	0	745	219	983	0
12	1019	0	733	259	834	204	974	0	901	124
13	982	0	1022	0	1026	0	1004	0	894	132
14	528	525	762	227	791	205	507	525	738	236
15	895	125	983	0	991	0	857	214	1002	0
16	956	0	1008	0	1029	0	1062	0	936	114
17	972	0	985	0	972	0	1018	0	983	0
18	1031	0	975	0	824	206	978	0	855	153
19	1055	0	1022	0	802	202	966	0	811	152
20	463	512	743	209	834	212	480	503	701	241
21	1022	0	1024	0	984	0	962	0	856	113
22	481	463	477	508	481	496	462	534	656	385
23	1070	0	1015	0	1030	0	995	0	917	109
24	946	0	1014	0	803	196	954	0	864	166
25	841	139	780	220	1043	0	489	510	955	0
26	865	148	996	0	1057	0	810	215	963	0
27	534	485	782	220	797	192	482	489	736	217
28	526	467	748	222	767	194	493	470	719	258
29	977	0	1009	0	939	0	1026	0	883	89
30	1033	0	989	0	795	229	993	0	828	139
31	502	502	708	181	806	202	502	503	677	239
32	1025	0	994	0	947	0	1028	0	936	121
33	959	0	945	0	988	0	1053	0	891	100
34	489	538	497	521	516	465	493	492	642	382
35	1008	0	987	0	995	0	1001	0	1020	0
36	487	480	782	239	790	221	529	521	713	252
37	449	527	775	224	804	186	487	487	709	234
38	946	0	1006	0	1023	0	979	0	907	106
39	1033	0	728	280	810	160	1042	0	835	161
40	987	0	1002	0	1013	0	999	0	942	114
41	834	136	803	216	1051	0	493	516	994	0
42	867	129	1046	0	957	0	782	230	1107	0
43	1039	0	1015	0	798	208	1015	0	854	155
44	1041	0	1044	0	971	0	1002	0	944	0
45	987	0	1040	0	977	0	993	0	857	120
46	985	0	1033	0	1055	0	944	0	1026	0
47	490	519	758	200	727	186	479	510	724	255
48	980	0	1014	0	1038	0	1000	0	921	111
49	946	0	975	0	1024	0	913	0	932	0
50	999	0	1025	0	959	0	952	0	912	130
51	473	504	815	222	793	194	499	493	721	213
52	1004	0	1027	0	924	0	962	0	901	111
53	508	497	794	186	784	188	504	500	788	246
54	972	0	1000	0	844	213	990	0	857	151
55	986	0	1022	0	1023	0	1012	0	928	122
56	669	335	779	218	953	0	473	486	1005	0
57	1022	0	989	0	965	0	996	0	919	113
58	850	151	811	218	993	0	508	540	963	0
59	824	123	1081	0	951	0	777	188	990	0
60	1054	0	994	0	1024	0	1042	0	880	99
61	991	0	751	296	837	174	1000	0	862	129
62	1015	0	1014	0	948	0	979	0	838	109
63	506	469	748	215	839	189	512	518	756	259
64	988	0	968	0	969	0	1013	0	1030	0
65	1012	0	907	0	928	0	986	0	1030	0
66	1037	0	1000	0	952	0	981	0	869	118
67	1018	0	950	0	995	0	1039	0	881	92
68	996	0	967	0	952	0	956	0	904	111
69	989	0	1010	0	980	0	926	0	865	130
70	968	0	983	0	784	186	1018	0	846	182
71	484	498	829	224	791	198	529	524	719	232
72	847	133	745	232	956	0	537	505	994	0
73	484	493	761	218	802	215	476	511	726	270
74	831	124	1046	0	1013	0	730	227	1053	0
75	993	0	1019	0	968	0	1028	0	865	103
76	655	346	740	234	972	0	493	467	1008	0
77	989	0	1070	0	1026	0	1016	0	931	104
78	948	0	981	0	850	176	1016	0	844	151
79	1031	0	1012	0	1007	0	1022	0	874	106
80	973	0	726	279	937	0	1040	0	1012	0
81	996	0	703	286	761	190	983	0	887	135
82	964	0	974	0	1048	0	1045	0	859	133
83	941	0	1000	0	1002	0	994	0	1046	0
84	997	0	996	0	996	0	1025	0	888	119
85	1003	0	681	314	794	172	1037	0	828	152
86	985	0	1072	0	974	0	958	0	943	92
87	510	527	759	195	809	202	503	473	776	248
88	1031	0	1009	0	990	0	997	0	915	108
89	986	0	991	0	1053	0	1044	0	905	113
90	1007	0	1080	0	1035	0	1028	0	995	0
91	507	540	765	223	786	228	479	504	721	259
92	935	0	967	0	1005	0	1048	0	839	115
93	1028	0	976	0	1013	0	945	0	934	100
94	1039	0	1045	0	998	0	942	0	861	112
95	1025	0	708	250	821	170	1019	0	848	128
96	695	362	783	234	1005	0	468	491	949	0
97	835	145	810	209	1025	0	499	515	1021	0
98	876	141	798	211	975	0	496	473	999	0
99	983	0	1011	0	993	0	959	0	864	110
