#chr	normal	sample0	sample1	sample2	sample3	sample4
0	0	0.0	0.0	0.0	0.0	0.0
1	0	0.0	0.0	0.0	0.0	0.0
2	0	0.0	0.0	0.0	0.0	0.127450980392
3	0	0.309278350515	0.19801980198	0.0	0.0	0.105263157895
4	0	0.376344086022	0.0823529411765	0.0	0.0	0.0760869565217
5	0	0.0	0.0	0.0	0.0	0.0
6	0	0.0	0.0	0.0	0.0	0.0
7	0	0.0	0.0	0.0	0.163265306122	0.0
8	0	0.0	0.0	0.0	0.0932203389831	0.0
9	0	0.0	0.0	0.0	0.0	0.0
10	0	0.0	0.0	0.0	0.0	0.0
11	0	0.0	0.0	0.113402061856	0.0	0.0
12	0	0.557894736842	0.48623853211	0.329787234043	0.43956043956	0.59793814433
13	0	0.0	0.0	0.0	0.0	0.0
14	0	0.0	0.202247191011	0.0	0.0	0.112244897959
15	0	0.0	0.0	0.161290322581	0.0	0.0
16	0	0.506849315068	0.546391752577	0.397959183673	0.537634408602	0.525773195876
17	0	0.178947368421	0.104166666667	0.148514851485	0.0	0.122807017544
18	0	0.0	0.16	0.0	0.0	0.155963302752
19	0	0.0	0.0	0.0	0.0	0.117021276596
20	0	0.0	0.0	0.0	0.0	0.0
21	0	0.406593406593	0.511363636364	0.337078651685	0.527777777778	0.480769230769
22	0	0.0	0.0	0.245283018868	0.0	0.0
23	0	0.285714285714	0.125	0.0	0.0	0.133333333333
24	0	0.0	0.0	0.0	0.0	0.0
25	0	0.0	0.0	0.0	0.0	0.0
26	0	0.0	0.0	0.0	0.0	0.08
27	0	0.0	0.0	0.0	0.0	0.0
28	0	0.224137931034	0.157024793388	0.154639175258	0.0	0.204819277108
29	0	0.537634408602	0.232323232323	0.298969072165	0.165217391304	0.304347826087
30	0	0.0	0.0	0.0	0.0	0.0
31	0	0.480769230769	0.188034188034	0.385321100917	0.168539325843	0.263736263736
32	0	0.0	0.0	0.221153846154	0.0	0.0
33	0	0.275	0.0925925925926	0.168224299065	0.0	0.120689655172
34	0	0.0	0.0	0.0	0.0	0.138613861386
35	0	0.0	0.0	0.0	0.0	0.0
36	0	0.343137254902	0.178571428571	0.0	0.0	0.07
37	0	0.0	0.0	0.0	0.0	0.0
38	0	0.0	0.0	0.0	0.0	0.0
39	0	0.0	0.0	0.0	0.0	0.0
40	0	0.0	0.0	0.0	0.0	0.0
41	0	0.0	0.0	0.0	0.0	0.132075471698
42	0	0.0	0.0	0.148148148148	0.0	0.0
43	0	0.0	0.0	0.0	0.0	0.0
44	0	0.0	0.0	0.0	0.0	0.0
45	0	0.0	0.0	0.0	0.0	0.0
46	0	0.283333333333	0.132075471698	0.0	0.0	0.0229885057471
47	0	0.0	0.0	0.0	0.0	0.0752688172043
48	0	0.427083333333	0.280898876404	0.322580645161	0.182795698925	0.229166666667
49	0	0.0	0.0	0.0	0.0816326530612	0.0
50	0	0.0	0.0	0.0	0.161290322581	0.0
51	0	0.239583333333	0.0	0.0	0.0	0.0
52	0	0.0	0.221238938053	0.0	0.0	0.0853658536585
53	0	0.320388349515	0.102564102564	0.0	0.0	0.153846153846
54	0	0.541666666667	0.3	0.410526315789	0.202127659574	0.212962962963
55	0	0.0	0.0	0.179487179487	0.0	0.0
56	0	0.484536082474	0.235294117647	0.373831775701	0.16	0.247706422018
57	0	0.0	0.0	0.0	0.0	0.0
58	0	0.264705882353	0.12	0.0	0.0	0.0560747663551
59	0	0.0	0.0	0.241071428571	0.0	0.0
60	0	0.0	0.0	0.208333333333	0.0	0.0
61	0	0.0	0.0	0.0	0.0	0.0652173913043
62	0	0.0	0.0	0.0810810810811	0.0	0.0
63	0	0.302083333333	0.153846153846	0.0	0.0	0.0980392156863
64	0	0.0	0.0	0.0	0.0	0.0
65	0	0.0	0.0	0.0	0.0	0.0
66	0	0.510416666667	0.48623853211	0.354166666667	0.401960784314	0.45652173913
67	0	0.0	0.140186915888	0.0	0.0	0.185185185185
68	0	0.0	0.0	0.0	0.19	0.0
69	0	0.0	0.0	0.0	0.0	0.0
70	0	0.0	0.0	0.0	0.0	0.0
71	0	0.0	0.10752688172	0.0	0.0	0.172043010753
72	0	0.518518518519	0.485436893204	0.466666666667	0.504504504505	0.5
73	0	0.0	0.0	0.0	0.0	0.0
74	0	0.0	0.0	0.0	0.0	0.0
75	0	0.0	0.0	0.0	0.116279069767	0.0
76	0	0.0	0.0	0.0	0.0	0.0
77	0	0.0	0.0	0.0	0.0	0.0
78	0	0.0	0.0	0.0	0.0	0.0
79	0	0.0	0.0	0.0	0.0	0.0
80	0	0.0	0.0	0.0	0.0	0.0
81	0	0.425531914894	0.530612244898	0.327586206897	0.530120481928	0.587628865979
82	0	0.321428571429	0.150943396226	0.0	0.0	0.16049382716
83	0	0.0	0.0	0.0	0.0	0.0
84	0	0.0	0.0	0.0	0.0549450549451	0.0
85	0	0.274509803922	0.135802469136	0.0	0.0	0.142857142857
86	0	0.317073170732	0.0	0.0	0.0	0.0
87	0	0.0	0.0	0.0	0.0	0.0
88	0	0.0	0.0	0.0	0.0	0.0
89	0	0.0	0.0	0.0	0.0	0.0
90	0	0.0	0.0	0.0	0.0	0.0
91	0	0.0	0.0	0.0	0.0	0.0
92	0	0.489795918367	0.258823529412	0.40404040404	0.22619047619	0.240384615385
93	0	0.0	0.0	0.0	0.127906976744	0.0
94	0	0.0	0.0	0.0	0.0	0.0
95	0	0.555555555556	0.22619047619	0.353535353535	0.125	0.225490196078
96	0	0.0	0.0	0.0	0.117117117117	0.145161290323
97	0	0.472972972973	0.275510204082	0.35632183908	0.204301075269	0.247191011236
98	0	0.516483516484	0.403846153846	0.382608695652	0.477064220183	0.457627118644
99	0	0.0	0.0	0.0	0.0	0.0982142857143
100	0	0.0	0.0	0.194690265487	0.0	0.0
101	0	0.0	0.0	0.0	0.0	0.0
102	0	0.0	0.0	0.0	0.0	0.0576923076923
103	0	0.387755102041	0.144578313253	0.0	0.0	0.103773584906
104	0	0.0	0.0	0.0	0.0	0.0
105	0	0.0	0.0	0.0	0.175438596491	0.0
106	0	0.448818897638	0.369565217391	0.269662921348	0.465346534653	0.36036036036
107	0	0.555555555556	0.287356321839	0.314285714286	0.116666666667	0.240740740741
108	0	0.0	0.0	0.0	0.0493827160494	0.0
109	0	0.0	0.0	0.0	0.0	0.0
110	0	0.237113402062	0.106557377049	0.2	0.0	0.112068965517
111	0	0.0	0.0	0.0	0.0	0.0
112	0	0.0	0.0	0.190476190476	0.0	0.0
113	0	0.0	0.0	0.0	0.0	0.0862068965517
114	0	0.0	0.0	0.0	0.0	0.147058823529
115	0	0.0	0.0	0.186991869919	0.0	0.0
116	0	0.0	0.0	0.0	0.197674418605	0.0
117	0	0.0	0.0	0.141304347826	0.0	0.0
118	0	0.0	0.0	0.0	0.0	0.0
119	0	0.0	0.0	0.178947368421	0.0	0.0
120	0	0.0	0.0	0.0	0.0	0.0
121	0	0.0	0.0	0.0	0.125	0.0964912280702
122	0	0.442105263158	0.228260869565	0.348214285714	0.178571428571	0.2
123	0	0.314285714286	0.136842105263	0.0	0.0	0.103448275862
124	0	0.0	0.0	0.0	0.0	0.0
125	0	0.0	0.0	0.0	0.0	0.0
126	0	0.551401869159	0.505050505051	0.343137254902	0.537634408602	0.513513513514
127	0	0.278846153846	0.093023255814	0.317307692308	0.161616161616	0.138888888889
128	0	0.0	0.0909090909091	0.0	0.0	0.108108108108
129	0	0.0	0.0	0.190476190476	0.0	0.0
130	0	0.0	0.0	0.0	0.14953271028	0.0
131	0	0.0	0.0	0.0	0.0	0.0
132	0	0.0	0.0	0.0	0.0	0.0641025641026
133	0	0.505154639175	0.490196078431	0.415094339623	0.5	0.518987341772
134	0	0.0	0.0	0.0	0.0	0.0
135	0	0.0	0.0	0.0	0.0	0.0
136	0	0.0	0.0	0.0	0.0	0.0
137	0	0.0	0.0	0.0	0.0	0.0
138	0	0.0	0.0	0.0	0.0	0.0
139	0	0.0	0.0	0.0	0.261363636364	0.0
140	0	0.0	0.207547169811	0.0	0.0	0.106557377049
141	0	0.0	0.0	0.0	0.223404255319	0.0
142	0	0.0	0.0	0.0	0.0	0.119266055046
143	0	0.0	0.0	0.0	0.144329896907	0.0
144	0	0.469387755102	0.196078431373	0.354430379747	0.179245283019	0.271028037383
145	0	0.0	0.0	0.0	0.0	0.0
146	0	0.0	0.0	0.0	0.0	0.0
147	0	0.0	0.0	0.0	0.0	0.0
148	0	0.0	0.0	0.197916666667	0.0	0.0
149	0	0.241758241758	0.12389380531	0.2	0.0	0.123711340206
150	0	0.0	0.0	0.181818181818	0.0	0.0
151	0	0.0	0.0	0.0	0.0	0.0
152	0	0.0	0.219047619048	0.0	0.0	0.115702479339
153	0	0.0	0.0	0.0	0.119266055046	0.0
154	0	0.0	0.0	0.0	0.0	0.0
155	0	0.0	0.114583333333	0.0	0.0	0.147727272727
156	0	0.0	0.0	0.0	0.0	0.104761904762
157	0	0.0	0.0	0.235849056604	0.0	0.0
158	0	0.0	0.0	0.0	0.0	0.0
159	0	0.0	0.0	0.0	0.0	0.0
160	0	0.544715447154	0.20202020202	0.466666666667	0.268817204301	0.205357142857
161	0	0.520661157025	0.521739130435	0.397849462366	0.476635514019	0.484536082474
162	0	0.0	0.0	0.0	0.0	0.0
163	0	0.0	0.0	0.0	0.0	0.0
164	0	0.0	0.0	0.0	0.0	0.0
165	0	0.315217391304	0.188888888889	0.0	0.0	0.12962962963
166	0	0.0	0.0	0.0	0.0	0.0
167	0	0.0	0.0	0.0	0.0	0.0
168	0	0.0	0.0	0.0	0.0	0.0
169	0	0.305084745763	0.0860215053763	0.0	0.0	0.105769230769
170	0	0.0	0.0	0.0	0.0	0.0
171	0	0.56043956044	0.490566037736	0.314285714286	0.544554455446	0.520833333333
172	0	0.585106382979	0.302752293578	0.435643564356	0.24358974359	0.241379310345
173	0	0.289855072464	0.179245283019	0.0	0.0	0.101123595506
174	0	0.0	0.0	0.190082644628	0.0	0.0
175	0	0.0	0.0	0.0	0.0	0.0
176	0	0.0	0.0	0.0	0.0	0.0
177	0	0.236363636364	0.158333333333	0.373626373626	0.184782608696	0.16091954023
178	0	0.0	0.0	0.0	0.0	0.0
179	0	0.0	0.0	0.0	0.0	0.0
180	0	0.0	0.0833333333333	0.0	0.0	0.0982142857143
181	0	0.0	0.0	0.0	0.255319148936	0.0
182	0	0.0	0.0	0.0	0.0	0.0
183	0	0.535087719298	0.215053763441	0.346153846154	0.232558139535	0.202247191011
184	0	0.571428571429	0.458333333333	0.298969072165	0.46511627907	0.528846153846
185	0	0.14606741573	0.0987654320988	0.236363636364	0.0	0.0918367346939
186	0	0.204301075269	0.047619047619	0.29347826087	0.0	0.191489361702
187	0	0.0	0.0	0.198113207547	0.0	0.0
188	0	0.0	0.0	0.0	0.0	0.0
189	0	0.0	0.0	0.0	0.0	0.0
190	0	0.0	0.0	0.0	0.0	0.129032258065
191	0	0.0	0.0	0.0	0.0	0.0752688172043
192	0	0.0	0.0	0.0	0.0	0.122950819672
193	0	0.153846153846	0.09375	0.375	0.239130434783	0.123711340206
194	0	0.0	0.0	0.0	0.0	0.0
195	0	0.0	0.0	0.0	0.19	0.0
196	0	0.0	0.0	0.0	0.126315789474	0.0
197	0	0.0	0.0	0.0	0.0	0.0
198	0	0.0	0.0	0.0	0.0	0.0
199	0	0.272727272727	0.0606060606061	0.263736263736	0.0	0.0459770114943
200	0	0.0	0.0	0.0	0.0	0.0
201	0	0.0	0.0	0.0	0.0	0.0
202	0	0.196078431373	0.107843137255	0.211538461538	0.0	0.152380952381
203	0	0.0	0.0	0.0	0.0	0.0
204	0	0.142857142857	0.150537634409	0.363636363636	0.193548387097	0.112244897959
205	0	0.0	0.0	0.0	0.0	0.0
206	0	0.0	0.0	0.0	0.0967741935484	0.0
207	0	0.0	0.0	0.0	0.154545454545	0.0
208	0	0.0	0.0	0.0	0.0	0.0
209	0	0.0	0.0	0.0	0.0	0.10752688172
210	0	0.0	0.0	0.171428571429	0.0	0.0
211	0	0.0	0.0	0.0	0.0	0.0
212	0	0.0	0.0	0.0	0.0	0.183673469388
213	0	0.0	0.0	0.0	0.0	0.103448275862
214	0	0.0	0.0	0.196428571429	0.0	0.0
215	0	0.0	0.0	0.0	0.0	0.0
216	0	0.0	0.0	0.0	0.0	0.0
217	0	0.0	0.0	0.0	0.125	0.0
218	0	0.0	0.0	0.0	0.252525252525	0.0
219	0	0.0	0.0	0.239130434783	0.0	0.0
220	0	0.282608695652	0.147826086957	0.0	0.0	0.101123595506
221	0	0.0	0.0	0.0	0.0	0.0
222	0	0.0	0.0	0.0	0.0	0.0
223	0	0.0	0.0	0.22972972973	0.0	0.0
224	0	0.0	0.0	0.0	0.0	0.0
225	0	0.395348837209	0.209090909091	0.333333333333	0.146341463415	0.239583333333
226	0	0.0	0.0	0.181818181818	0.0	0.0
227	0	0.0	0.0	0.204301075269	0.0	0.0
228	0	0.0	0.0	0.215909090909	0.0	0.0
229	0	0.0	0.0	0.0	0.0	0.0
230	0	0.0	0.0	0.0	0.163265306122	0.0
231	0	0.342592592593	0.117647058824	0.0	0.0	0.196261682243
232	0	0.0	0.0	0.178217821782	0.0	0.0
233	0	0.0	0.0	0.0	0.0	0.0
234	0	0.484210526316	0.256880733945	0.316831683168	0.203883495146	0.25
235	0	0.0	0.0	0.0	0.0	0.0
236	0	0.0	0.0	0.11214953271	0.0	0.16091954023
237	0	0.0	0.0	0.0	0.0	0.0
238	0	0.0	0.0	0.126436781609	0.0	0.0
239	0	0.515789473684	0.235849056604	0.35	0.25	0.231578947368
240	0	0.0	0.0	0.0	0.2	0.0
241	0	0.0	0.0	0.0	0.188235294118	0.0
242	0	0.0	0.0	0.188679245283	0.0	0.0
243	0	0.0	0.0	0.135922330097	0.0	0.0
244	0	0.3	0.0	0.0	0.0	0.0
245	0	0.0	0.0	0.0	0.0	0.0
246	0	0.0	0.0	0.0	0.0	0.0
247	0	0.0	0.0	0.0	0.0	0.08
248	0	0.0	0.0	0.0	0.0	0.0
249	0	0.557692307692	0.56862745098	0.3125	0.598039215686	0.456310679612
250	0	0.0	0.0	0.0	0.0	0.0
251	0	0.405940594059	0.551724137931	0.372340425532	0.602272727273	0.474137931034
252	0	0.0	0.0	0.0	0.0	0.0
253	0	0.0	0.0	0.0	0.0	0.0
254	0	0.0	0.0	0.0	0.0	0.0
255	0	0.0	0.0	0.0	0.207547169811	0.111111111111
256	0	0.0	0.0	0.0	0.0	0.0
257	0	0.0	0.0	0.0	0.21875	0.0
258	0	0.0	0.0	0.0	0.0	0.0
259	0	0.0	0.134615384615	0.0	0.0	0.14953271028
260	0	0.0	0.0	0.0	0.043956043956	0.0
261	0	0.0	0.0	0.0	0.0	0.0
262	0	0.533333333333	0.432692307692	0.345132743363	0.427184466019	0.442105263158
263	0	0.470588235294	0.287234042553	0.3	0.163265306122	0.188118811881
264	0	0.0	0.0	0.0	0.0	0.0
265	0	0.0	0.189189189189	0.0	0.0	0.0967741935484
266	0	0.0	0.0	0.0	0.100840336134	0.0
267	0	0.0	0.0	0.0	0.2	0.0
268	0	0.0	0.0	0.0824742268041	0.0	0.0
269	0	0.0	0.0	0.0	0.0	0.0
270	0	0.602150537634	0.479591836735	0.336956521739	0.505882352941	0.50495049505
271	0	0.451923076923	0.484375	0.284210526316	0.415841584158	0.466019417476
272	0	0.0	0.0	0.0	0.0	0.0
273	0	0.540540540541	0.460869565217	0.298076923077	0.5	0.545454545455
274	0	0.0	0.0	0.0	0.0	0.0
275	0	0.0	0.0	0.0	0.0	0.0
276	0	0.530612244898	0.458823529412	0.38202247191	0.453488372093	0.551401869159
277	0	0.0	0.0	0.0	0.0	0.0
278	0	0.574257425743	0.173913043478	0.329411764706	0.209090909091	0.205882352941
279	0	0.0	0.0	0.127118644068	0.0	0.0
280	0	0.0	0.0	0.0	0.166666666667	0.0833333333333
281	0	0.0	0.0	0.0	0.0	0.0
282	0	0.0	0.0	0.196428571429	0.0	0.0
283	0	0.0	0.0	0.129032258065	0.0	0.0
284	0	0.0	0.0	0.0	0.0	0.0
285	0	0.0	0.0	0.0	0.0	0.0
286	0	0.31067961165	0.0	0.0	0.0	0.0
287	0	0.0	0.0	0.186046511628	0.0	0.0
288	0	0.52688172043	0.524752475248	0.310344827586	0.506172839506	0.484848484848
289	0	0.561983471074	0.172413793103	0.308510638298	0.246913580247	0.272727272727
290	0	0.529411764706	0.209090909091	0.329411764706	0.155339805825	0.233333333333
291	0	0.0	0.0	0.0	0.0	0.0
292	0	0.0	0.0	0.0	0.1	0.0
293	0	0.225225225225	0.117117117117	0.157407407407	0.0	0.08
294	0	0.51	0.432692307692	0.257731958763	0.514285714286	0.47572815534
295	0	0.0	0.0	0.0	0.0	0.0
296	0	0.0	0.0	0.0	0.0	0.0
297	0	0.0	0.0	0.147368421053	0.0	0.0
298	0	0.182692307692	0.0505050505051	0.258426966292	0.0	0.168316831683
299	0	0.0	0.0	0.2	0.0	0.0
