#chr	position	description	normal	sample0	sample1	sample2	sample3	sample4	sample5	sample6	sample7	sample8	sample9	sample10	sample11	sample12	sample13	sample14
1	1	1	0	0.444444444444	0.0	0.0	0.0	0.217821782178	0.153846153846	0.122641509434	0.195652173913	0.198113207547	0.217821782178	0.0	0.0	0.405172413793	0.296703296703	0.208
2	1	1	0	0.0	0.0	0.127659574468	0.0	0.0	0.0	0.150537634409	0.0	0.0	0.0	0.0	0.296703296703	0.0	0.104166666667	0.0
3	1	1	0	0.0	0.0	0.168421052632	0.296703296703	0.277227722772	0.0	0.255102040816	0.0	0.12	0.0	0.228260869565	0.224489795918	0.116504854369	0.0617283950617	0.157407407407
4	1	1	0	0.0	0.0	0.252631578947	0.295238095238	0.316831683168	0.0	0.350877192982	0.0	0.186274509804	0.0	0.214953271028	0.336842105263	0.11320754717	0.115789473684	0.139784946237
5	1	1	0	0.0	0.0	0.231578947368	0.209302325581	0.217391304348	0.0	0.217821782178	0.0	0.132743362832	0.0	0.275510204082	0.280701754386	0.141304347826	0.0625	0.125
6	1	1	0	0.0	0.0	0.10843373494	0.0	0.0	0.0	0.174757281553	0.0	0.0	0.0	0.0	0.252631578947	0.0	0.160714285714	0.0
7	1	1	0	0.0	0.0	0.274336283186	0.277227722772	0.258823529412	0.0	0.340206185567	0.0	0.151162790698	0.0	0.269230769231	0.257142857143	0.142857142857	0.0666666666667	0.152173913043
8	1	1	0	0.0	0.191489361702	0.0	0.0	0.0	0.0	0.103896103896	0.293577981651	0.0	0.0	0.165048543689	0.0	0.0	0.0	0.0
9	1	1	0	0.0	0.232142857143	0.259615384615	0.34693877551	0.0	0.0	0.0	0.0	0.163043478261	0.261261261261	0.255319148936	0.0	0.0	0.117647058824	0.204081632653
10	1	1	0	0.415094339623	0.0	0.0	0.0	0.244897959184	0.217391304348	0.105769230769	0.222222222222	0.257731958763	0.245283018868	0.0	0.0	0.450549450549	0.29702970297	0.106194690265
11	1	1	0	0.37037037037	0.0	0.0	0.0	0.0	0.230088495575	0.0	0.0	0.263157894737	0.0	0.0	0.0	0.20618556701	0.164705882353	0.0
12	1	1	0	0.0	0.0	0.225225225225	0.223300970874	0.313725490196	0.0	0.236559139785	0.0	0.115384615385	0.0	0.22	0.300970873786	0.101123595506	0.131313131313	0.0842105263158
13	1	1	0	0.0	0.552631578947	0.264705882353	0.280373831776	0.0	0.0882352941176	0.114942528736	0.32	0.145631067961	0.318681318681	0.203883495146	0.0	0.0	0.181818181818	0.1875
14	1	1	0	0.0	0.461538461538	0.288288288288	0.333333333333	0.0	0.178947368421	0.142857142857	0.225225225225	0.131313131313	0.325581395349	0.30303030303	0.0	0.0	0.156862745098	0.131578947368
15	1	1	0	0.0	0.19587628866	0.212765957447	0.211111111111	0.0	0.0	0.0	0.0	0.147058823529	0.298076923077	0.161904761905	0.0	0.0	0.108910891089	0.166666666667
16	1	1	0	0.0	0.0	0.114583333333	0.0	0.0	0.0	0.0537634408602	0.0	0.0	0.0	0.0	0.270833333333	0.0	0.115789473684	0.0
17	1	1	0	0.0	0.0	0.25	0.23595505618	0.280898876404	0.0	0.304761904762	0.0	0.128440366972	0.0	0.274336283186	0.272727272727	0.0918367346939	0.152542372881	0.103092783505
18	1	1	0	0.0	0.587719298246	0.29347826087	0.297872340426	0.0	0.148936170213	0.163636363636	0.28813559322	0.190476190476	0.236559139785	0.25	0.0	0.0	0.14606741573	0.177083333333
19	1	1	0	0.567307692308	0.0	0.0	0.0	0.260416666667	0.253012048193	0.141176470588	0.302325581395	0.212121212121	0.262626262626	0.0	0.0	0.397590361446	0.192307692308	0.175257731959
20	1	1	0	0.0	0.0	0.142857142857	0.0	0.0	0.0	0.18	0.0	0.0	0.0	0.0	0.235849056604	0.0	0.155339805825	0.0
21	1	1	0	0.0	0.354838709677	0.242105263158	0.211538461538	0.0	0.0	0.0	0.0	0.14606741573	0.319587628866	0.116504854369	0.0	0.0	0.154761904762	0.132075471698
22	1	1	0	0.0	0.0	0.121212121212	0.0	0.0	0.0	0.133333333333	0.0	0.0	0.0	0.0	0.245614035088	0.0	0.125984251969	0.0
23	1	1	0	0.326315789474	0.0	0.0	0.0	0.0	0.237623762376	0.0	0.0	0.191919191919	0.0	0.0	0.0	0.176470588235	0.162790697674	0.0
24	1	1	0	0.548076923077	0.0	0.0	0.0	0.274509803922	0.233009708738	0.0606060606061	0.177966101695	0.242718446602	0.20652173913	0.0	0.0	0.38679245283	0.23275862069	0.20325203252
25	1	1	0	0.0	0.0	0.15	0.0	0.0	0.0	0.210526315789	0.0	0.0	0.0	0.0	0.227848101266	0.0	0.105263157895	0.0
26	1	1	0	0.0	0.0	0.113402061856	0.0	0.0	0.0	0.142857142857	0.0	0.0	0.0	0.0	0.291666666667	0.0	0.1	0.0
27	1	1	0	0.0	0.0	0.11	0.0	0.0	0.0	0.127906976744	0.0	0.0	0.0	0.0	0.285714285714	0.0	0.115384615385	0.0
28	1	1	0	0.0	0.34693877551	0.133333333333	0.0	0.0	0.0	0.0	0.0	0.0	0.260869565217	0.0	0.0	0.0	0.141414141414	0.0
29	1	1	0	0.0	0.0	0.174418604651	0.0	0.0	0.0	0.138613861386	0.0	0.0	0.0	0.0	0.225490196078	0.0	0.153846153846	0.0
30	1	1	0	0.0	0.0	0.102272727273	0.266666666667	0.31067961165	0.0	0.112359550562	0.0	0.106194690265	0.0	0.171428571429	0.0	0.0	0.0	0.0
31	1	1	0	0.0	0.0	0.19587628866	0.3	0.201923076923	0.0	0.159090909091	0.0	0.123595505618	0.0	0.226804123711	0.387096774194	0.152941176471	0.0970873786408	0.117021276596
32	1	1	0	0.0	0.295918367347	0.0	0.0	0.0	0.0	0.125	0.272727272727	0.0	0.0	0.118811881188	0.0	0.0	0.0	0.0
33	1	1	0	0.0	0.0	0.207920792079	0.0	0.0	0.0	0.142857142857	0.0	0.0	0.0	0.0	0.280373831776	0.0	0.104838709677	0.0
34	1	1	0	0.534090909091	0.0	0.0	0.0	0.234042553191	0.217391304348	0.121495327103	0.245283018868	0.240740740741	0.242424242424	0.0	0.0	0.415730337079	0.233644859813	0.101851851852
35	1	1	0	0.0	0.0	0.146551724138	0.0	0.0	0.0	0.10101010101	0.0	0.0	0.0	0.0	0.244897959184	0.0	0.0952380952381	0.0
36	1	1	0	0.305882352941	0.0	0.0	0.0	0.0	0.20202020202	0.0	0.0	0.248120300752	0.0	0.0	0.0	0.252427184466	0.165048543689	0.0
37	1	1	0	0.0	0.0	0.113636363636	0.0	0.0	0.0	0.0769230769231	0.0	0.0	0.0	0.0	0.300970873786	0.0	0.0818181818182	0.0
38	1	1	0	0.0	0.0	0.226086956522	0.269662921348	0.189189189189	0.0	0.268817204301	0.0	0.145454545455	0.0	0.112244897959	0.238636363636	0.049504950495	0.0649350649351	0.15
39	1	1	0	0.0	0.0	0.1875	0.228260869565	0.302083333333	0.0	0.267441860465	0.0	0.111111111111	0.0	0.30612244898	0.325301204819	0.154761904762	0.112244897959	0.10843373494
40	1	1	0	0.0	0.322916666667	0.221052631579	0.234042553191	0.0	0.0	0.0	0.0	0.116071428571	0.168421052632	0.12380952381	0.0	0.0	0.157894736842	0.207317073171
41	1	1	0	0.0	0.0	0.132530120482	0.0	0.0	0.0	0.0888888888889	0.0	0.0	0.0	0.0	0.346153846154	0.0	0.102564102564	0.0
42	1	1	0	0.0	0.0	0.197916666667	0.215053763441	0.256637168142	0.0	0.261261261261	0.0	0.159292035398	0.0	0.150943396226	0.258426966292	0.0736842105263	0.0898876404494	0.150442477876
43	1	1	0	0.0	0.0	0.241379310345	0.188118811881	0.228260869565	0.0	0.276595744681	0.0	0.147368421053	0.0	0.16091954023	0.408163265306	0.153846153846	0.148514851485	0.09
44	1	1	0	0.0	0.0	0.166666666667	0.271028037383	0.252252252252	0.0	0.315217391304	0.0	0.164948453608	0.0	0.205607476636	0.314285714286	0.0857142857143	0.142857142857	0.121212121212
45	1	1	0	0.0	0.0	0.285714285714	0.242424242424	0.202127659574	0.0	0.3	0.0	0.106382978723	0.0	0.225806451613	0.26	0.111111111111	0.142857142857	0.146551724138
46	1	1	0	0.27380952381	0.0	0.0	0.0	0.0	0.275510204082	0.0	0.0	0.157894736842	0.0	0.0	0.0	0.271186440678	0.207920792079	0.0
47	1	1	0	0.298850574713	0.0	0.0	0.0	0.0	0.165048543689	0.0	0.0	0.247524752475	0.0	0.0	0.0	0.317307692308	0.11214953271	0.0
48	1	1	0	0.512605042017	0.0	0.0	0.0	0.225806451613	0.20202020202	0.134831460674	0.252525252525	0.19298245614	0.0952380952381	0.0	0.0	0.406593406593	0.253164556962	0.115789473684
49	1	1	0	0.0	0.0	0.117021276596	0.229357798165	0.26213592233	0.0	0.116071428571	0.0	0.117021276596	0.0	0.0898876404494	0.0	0.0	0.0	0.0
50	1	1	0	0.0	0.473214285714	0.252252252252	0.265486725664	0.0	0.131313131313	0.156626506024	0.234042553191	0.125	0.337209302326	0.280373831776	0.0	0.0	0.16091954023	0.168224299065
51	1	1	0	0.0	0.247191011236	0.282828282828	0.262295081967	0.0	0.0	0.0	0.0	0.194690265487	0.281553398058	0.178217821782	0.0	0.0	0.147727272727	0.25
52	1	1	0	0.0	0.0	0.322916666667	0.238636363636	0.305555555556	0.0	0.28125	0.0	0.112068965517	0.0	0.212121212121	0.340425531915	0.0594059405941	0.164705882353	0.142857142857
53	1	1	0	0.490196078431	0.528846153846	0.416666666667	0.554347826087	0.509090909091	0.525773195876	0.423913043478	0.4875	0.417582417582	0.587155963303	0.592233009709	0.460674157303	0.594594594595	0.465909090909	0.61038961039
54	1	1	0	0.0	0.0	0.345238095238	0.261682242991	0.267857142857	0.0	0.33734939759	0.0	0.16814159292	0.0	0.275229357798	0.26213592233	0.103773584906	0.168539325843	0.0555555555556
55	1	1	0	0.0	0.0	0.0842105263158	0.0	0.0	0.0	0.126050420168	0.0	0.0	0.0	0.0	0.282051282051	0.0	0.130434782609	0.0
56	1	1	0	0.48275862069	0.423423423423	0.456896551724	0.453703703704	0.505617977528	0.443396226415	0.540229885057	0.47619047619	0.528846153846	0.5	0.515873015873	0.549019607843	0.515789473684	0.446808510638	0.568181818182
57	1	1	0	0.495145631068	0.5	0.483516483516	0.551401869159	0.522222222222	0.505050505051	0.59375	0.435643564356	0.541176470588	0.563829787234	0.55652173913	0.46	0.508474576271	0.471264367816	0.347826086957
58	1	1	0	0.0	0.505050505051	0.269565217391	0.223300970874	0.0	0.190909090909	0.142857142857	0.238095238095	0.12380952381	0.285714285714	0.25	0.0	0.0	0.121739130435	0.194174757282
59	1	1	0	0.0	0.261261261261	0.0	0.0	0.0	0.0	0.0918367346939	0.226804123711	0.0	0.0	0.115789473684	0.0	0.0	0.0	0.0
60	1	1	0	0.0	0.291666666667	0.20618556701	0.278846153846	0.0	0.0	0.0	0.0	0.201923076923	0.303921568627	0.193548387097	0.0	0.0	0.127450980392	0.163636363636
61	1	1	0	0.416666666667	0.0	0.0	0.0	0.210526315789	0.265060240964	0.135922330097	0.35632183908	0.175925925926	0.20618556701	0.0	0.0	0.380530973451	0.164948453608	0.188118811881
62	1	1	0	0.283018867925	0.0	0.0	0.0	0.0	0.15625	0.0	0.0	0.223529411765	0.0	0.0	0.0	0.329896907216	0.108695652174	0.0
63	1	1	0	0.0	0.247191011236	0.3	0.212121212121	0.0	0.0	0.0	0.0	0.139130434783	0.302325581395	0.145454545455	0.0	0.0	0.127272727273	0.172413793103
64	1	1	0	0.0	0.0	0.121212121212	0.0	0.0	0.0	0.126126126126	0.0	0.0	0.0	0.0	0.220338983051	0.0	0.131868131868	0.0
65	1	1	0	0.0	0.296296296296	0.204819277108	0.0	0.0	0.0	0.0	0.0	0.0	0.31067961165	0.0	0.0	0.0	0.188118811881	0.0
66	1	1	0	0.0	0.0	0.14	0.0	0.0	0.0	0.111111111111	0.0	0.0	0.0	0.0	0.23	0.0	0.155339805825	0.0
67	1	1	0	0.431578947368	0.0	0.0	0.0	0.225490196078	0.247619047619	0.0733944954128	0.228070175439	0.149425287356	0.15306122449	0.0	0.0	0.313725490196	0.204301075269	0.148514851485
68	1	1	0	0.0	0.202127659574	0.252525252525	0.25	0.0	0.0	0.0	0.0	0.208695652174	0.285714285714	0.130434782609	0.0	0.0	0.112244897959	0.231481481481
69	1	1	0	0.0	0.0	0.237288135593	0.263636363636	0.25	0.0	0.214285714286	0.0	0.113636363636	0.0	0.237113402062	0.29	0.136842105263	0.114754098361	0.116071428571
70	1	1	0	0.0	0.0	0.196078431373	0.204081632653	0.232558139535	0.0	0.295918367347	0.0	0.173913043478	0.0	0.278350515464	0.235294117647	0.0571428571429	0.110091743119	0.0660377358491
71	1	1	0	0.0	0.211538461538	0.258064516129	0.258426966292	0.0	0.0	0.0	0.0	0.0882352941176	0.255813953488	0.0879120879121	0.0	0.0	0.148514851485	0.258064516129
72	1	1	0	0.488372093023	0.0	0.0	0.0	0.289473684211	0.28125	0.121739130435	0.271739130435	0.142857142857	0.226086956522	0.0	0.0	0.38202247191	0.242718446602	0.0898876404494
73	1	1	0	0.0	0.0	0.102040816327	0.0	0.0	0.0	0.214285714286	0.0	0.0	0.0	0.0	0.21	0.0	0.141025641026	0.0
74	1	1	0	0.459770114943	0.545454545455	0.538461538462	0.467289719626	0.505154639175	0.52	0.571428571429	0.518518518519	0.447619047619	0.520408163265	0.512195121951	0.47619047619	0.5	0.477477477477	0.446601941748
75	1	1	0	0.0	0.426829268293	0.231481481481	0.291666666667	0.0	0.126126126126	0.129032258065	0.266666666667	0.171171171171	0.349514563107	0.310344827586	0.0	0.0	0.111111111111	0.220183486239
76	1	1	0	0.581081081081	0.0	0.0	0.0	0.193181818182	0.247311827957	0.0869565217391	0.252427184466	0.17	0.191011235955	0.0	0.0	0.292134831461	0.201834862385	0.172043010753
77	1	1	0	0.0	0.0	0.221153846154	0.231578947368	0.238095238095	0.0	0.21186440678	0.0	0.132075471698	0.0	0.181818181818	0.308510638298	0.08	0.157894736842	0.121495327103
78	1	1	0	0.514563106796	0.0	0.0	0.0	0.188679245283	0.217821782178	0.0873786407767	0.162790697674	0.207547169811	0.224719101124	0.0	0.0	0.355769230769	0.214285714286	0.182926829268
79	1	1	0	0.484536082474	0.391304347826	0.451612903226	0.420454545455	0.45045045045	0.5	0.47191011236	0.552631578947	0.393617021277	0.462365591398	0.484536082474	0.551020408163	0.5	0.487179487179	0.539215686275
80	1	1	0	0.381443298969	0.0	0.0	0.0	0.0	0.191919191919	0.0	0.0	0.22	0.0	0.0	0.0	0.256880733945	0.151515151515	0.0
81	1	1	0	0.0	0.0	0.117647058824	0.0	0.0	0.0	0.0625	0.0	0.0	0.0	0.0	0.357142857143	0.0	0.105769230769	0.0
82	1	1	0	0.536082474227	0.0	0.0	0.0	0.225225225225	0.245454545455	0.0733944954128	0.280701754386	0.252427184466	0.267857142857	0.0	0.0	0.378378378378	0.22641509434	0.166666666667
83	1	1	0	0.0	0.0	0.149425287356	0.0	0.0	0.0	0.154545454545	0.0	0.0	0.0	0.0	0.283333333333	0.0	0.114942528736	0.0
84	1	1	0	0.0	0.0	0.145631067961	0.225225225225	0.233766233766	0.0	0.130952380952	0.0	0.166666666667	0.0	0.178947368421	0.0	0.0	0.0	0.0
85	1	1	0	0.0	0.0	0.155339805825	0.0	0.0	0.0	0.135416666667	0.0	0.0	0.0	0.0	0.247191011236	0.0	0.0625	0.0
86	1	1	0	0.0	0.0	0.291338582677	0.330434782609	0.28431372549	0.0	0.236363636364	0.0	0.0927835051546	0.0	0.265486725664	0.336956521739	0.182795698925	0.121212121212	0.127659574468
87	1	1	0	0.0	0.45	0.244186046512	0.183673469388	0.0	0.110169491525	0.185567010309	0.21875	0.0777777777778	0.318681318681	0.287128712871	0.0	0.0	0.163461538462	0.147058823529
88	1	1	0	0.610619469027	0.0	0.0	0.0	0.242718446602	0.218181818182	0.148514851485	0.234693877551	0.271739130435	0.145631067961	0.0	0.0	0.357142857143	0.298969072165	0.205882352941
89	1	1	0	0.583333333333	0.485981308411	0.494623655914	0.458333333333	0.547368421053	0.527472527473	0.474747474747	0.393258426966	0.530120481928	0.485436893204	0.508928571429	0.485981308411	0.470588235294	0.49	0.453608247423
90	1	1	0	0.459183673469	0.0	0.0	0.0	0.294736842105	0.211538461538	0.125	0.264705882353	0.2	0.234042553191	0.0	0.0	0.340206185567	0.134831460674	0.198275862069
91	1	1	0	0.0	0.0	0.203883495146	0.255102040816	0.247619047619	0.0	0.269230769231	0.0	0.165217391304	0.0	0.244186046512	0.225806451613	0.0576923076923	0.0674157303371	0.0808080808081
92	1	1	0	0.0	0.482142857143	0.23595505618	0.255555555556	0.0	0.115384615385	0.142857142857	0.270833333333	0.125	0.225225225225	0.289719626168	0.0	0.0	0.120689655172	0.178571428571
93	1	1	0	0.287128712871	0.0	0.0	0.0	0.0	0.255555555556	0.0	0.0	0.233644859813	0.0	0.0	0.0	0.220338983051	0.152173913043	0.0
94	1	1	0	0.46	0.0	0.0	0.0	0.183673469388	0.215053763441	0.0430107526882	0.208791208791	0.28	0.1875	0.0	0.0	0.375	0.254716981132	0.159292035398
95	1	1	0	0.0	0.254716981132	0.0	0.0	0.0	0.0	0.166666666667	0.195402298851	0.0	0.0	0.128440366972	0.0	0.0	0.0	0.0
96	1	1	0	0.0	0.0	0.283950617284	0.305555555556	0.283185840708	0.0	0.236559139785	0.0	0.194690265487	0.0	0.261261261261	0.26	0.111111111111	0.222222222222	0.134615384615
97	1	1	0	0.53125	0.472527472527	0.52427184466	0.512820512821	0.448598130841	0.509433962264	0.51	0.569892473118	0.475	0.457446808511	0.52	0.557894736842	0.591397849462	0.521276595745	0.494505494505
98	1	1	0	0.290598290598	0.0	0.0	0.0	0.0	0.258426966292	0.0	0.0	0.195402298851	0.0	0.0	0.0	0.181818181818	0.132743362832	0.0
99	1	1	0	0.0	0.572815533981	0.329545454545	0.254901960784	0.0	0.169811320755	0.158415841584	0.206611570248	0.13829787234	0.230769230769	0.303797468354	0.0	0.0	0.136363636364	0.17
100	1	1	0	0.0	0.283950617284	0.0869565217391	0.0	0.0	0.0	0.0	0.0	0.0	0.238095238095	0.0	0.0	0.0	0.101123595506	0.0
