gene_id	sample0	sample0	sample1	sample1	sample2	sample2	sample3	sample3	sample4	sample4	sample5	sample5	sample6	sample6	sample7	sample7	sample8	sample8	sample9	sample9
0	60	27	81	21	114	0	70	20	84	14	96	0	98	0	88	16	90	9	90	8
1	107	0	56	33	88	0	72	26	93	0	78	19	107	0	103	0	91	0	79	0
2	111	0	91	0	110	0	99	0	122	0	94	0	70	5	96	10	103	0	117	0
3	96	0	103	0	74	23	81	0	103	0	81	12	74	23	121	0	84	2	89	0
4	77	17	62	35	88	13	64	27	105	0	76	26	73	17	79	0	76	0	74	27
5	97	0	99	0	107	0	108	0	103	0	96	0	91	12	104	9	102	0	96	0
6	70	40	63	25	100	0	66	26	79	19	112	0	104	0	88	11	92	9	84	15
7	94	11	85	33	107	0	97	0	84	29	109	0	87	0	100	0	107	15	87	11
8	95	19	69	22	72	13	73	17	96	0	73	20	82	24	120	0	101	0	70	19
9	90	0	104	0	97	16	101	0	64	24	98	16	107	0	87	16	88	22	111	0
10	90	0	97	0	99	0	76	0	106	0	92	0	106	0	81	16	77	21	74	13
11	93	26	95	25	87	13	80	20	108	0	75	28	98	16	89	0	93	0	79	20
12	66	22	81	16	99	0	81	12	78	24	118	0	99	0	89	13	75	11	95	10
13	95	0	55	34	104	0	57	21	95	0	87	14	104	0	98	0	93	0	112	0
14	67	31	73	22	101	0	65	28	96	20	105	0	92	0	94	11	96	8	77	8
15	107	0	93	0	97	0	115	0	105	0	107	0	93	0	90	19	91	18	93	16
16	119	0	94	0	69	15	104	0	105	0	87	10	74	23	111	0	100	11	106	0
17	82	20	64	29	79	15	77	25	85	0	72	21	84	16	81	0	95	0	91	17
18	99	0	74	28	98	0	87	27	114	0	87	6	104	0	113	0	106	0	75	0
19	99	0	83	0	106	0	92	0	96	0	100	0	96	0	81	10	73	15	95	20
20	114	0	111	0	99	0	92	0	103	0	112	0	95	14	101	0	85	7	89	0
21	71	30	93	22	118	0	67	26	60	19	103	0	116	0	99	11	68	10	85	11
22	103	0	70	24	110	0	69	22	82	0	93	17	120	0	94	0	98	0	87	0
23	99	24	69	31	87	14	69	31	92	0	73	20	92	16	88	0	93	0	86	21
24	97	0	92	32	93	0	81	20	93	0	79	17	97	0	91	0	115	0	103	0
25	107	0	72	26	92	0	76	25	96	0	83	17	105	0	98	0	88	0	91	0
26	117	0	65	27	105	0	63	20	104	0	82	17	108	0	108	0	95	0	108	0
27	80	0	115	0	81	16	104	0	57	37	104	13	114	0	69	12	71	26	95	0
28	83	27	69	27	89	14	75	33	112	0	78	31	92	25	90	0	104	0	76	14
29	103	0	77	25	97	0	80	12	116	0	91	15	103	0	112	0	99	0	125	0
30	77	17	80	20	109	0	79	23	79	13	83	0	116	0	79	8	74	17	82	7
31	79	37	70	25	92	0	83	33	93	20	101	0	86	0	98	14	96	13	88	8
32	96	0	92	0	98	0	87	0	112	0	87	0	99	4	80	7	109	0	109	0
33	90	0	117	0	83	9	102	0	89	36	91	11	105	0	73	11	72	14	105	0
34	83	25	79	18	125	0	67	23	82	13	110	0	89	0	87	18	93	12	99	17
35	97	7	69	21	106	0	96	0	94	19	96	0	86	0	92	0	90	9	81	13
36	83	8	86	27	99	0	107	0	86	25	86	0	96	0	99	0	93	10	78	6
37	75	31	75	24	100	0	75	22	75	15	84	0	98	0	82	18	93	10	107	11
38	80	8	76	25	97	0	98	0	67	24	96	0	116	0	94	0	84	18	105	13
39	100	0	99	0	104	0	114	0	120	0	89	0	91	12	91	9	100	0	94	0
40	64	23	77	26	113	0	46	26	76	19	86	0	89	0	91	13	82	4	75	17
41	106	0	99	0	99	0	90	0	114	0	111	0	96	0	84	12	89	12	83	12
42	97	0	89	0	103	0	103	0	111	0	103	0	86	8	111	0	93	17	92	0
43	70	27	73	22	120	0	79	29	84	23	110	0	90	0	94	11	89	7	89	9
44	112	0	106	0	76	0	110	0	88	0	97	0	83	10	96	9	112	0	112	0
45	90	0	69	27	104	0	84	26	99	0	82	8	104	0	96	0	82	0	95	0
46	60	31	89	28	101	0	61	18	75	23	112	0	85	0	75	11	88	12	89	11
47	86	19	56	28	73	10	70	29	101	0	88	23	98	13	97	0	101	0	80	23
48	111	0	66	34	103	0	68	30	96	0	76	9	80	0	90	0	105	0	106	0
49	83	13	59	25	108	0	112	0	77	16	116	0	104	0	97	0	88	6	88	10
50	101	0	69	30	90	0	73	26	111	0	67	14	117	0	100	0	82	0	92	0
51	72	29	70	19	108	0	71	24	91	15	100	0	92	0	82	11	88	13	94	18
52	74	24	70	24	86	0	84	17	74	24	105	0	87	0	80	16	81	7	100	14
53	107	0	94	0	89	12	117	0	74	42	74	9	106	0	94	11	73	13	110	0
54	102	0	110	0	69	17	103	0	112	0	75	12	78	24	94	0	82	9	88	0
55	95	0	121	0	107	0	92	0	93	0	94	0	100	5	86	0	87	6	104	0
56	82	20	87	27	88	16	70	37	112	0	78	28	82	19	84	0	100	0	76	23
57	76	25	73	24	101	0	73	18	71	18	92	0	94	0	98	12	91	16	68	14
58	105	0	83	0	77	11	104	0	76	32	96	13	95	0	103	16	93	13	99	0
59	94	0	65	27	93	0	83	28	104	0	74	19	95	0	114	0	87	0	120	0
60	109	0	106	0	76	19	108	0	115	0	95	14	61	30	95	0	91	9	100	0
61	95	0	91	0	94	16	106	0	80	28	86	9	99	0	78	18	75	14	110	0
62	82	17	60	22	81	13	73	30	90	0	70	26	75	15	104	0	91	0	77	20
63	102	0	65	25	105	0	72	22	109	0	109	18	101	0	85	0	101	0	111	0
64	104	0	104	0	99	0	87	0	104	0	81	0	93	10	109	0	92	7	93	0
65	111	0	113	0	105	0	97	0	98	0	108	0	103	0	90	11	90	18	84	13
66	61	25	88	27	101	0	82	24	87	23	101	0	99	0	76	15	108	10	86	12
67	90	0	63	25	100	0	74	28	95	0	91	16	94	0	102	0	82	0	89	0
68	59	29	77	20	88	0	72	21	82	20	95	0	87	0	80	17	99	10	99	13
69	69	33	71	26	80	0	80	21	75	25	98	0	119	0	99	12	99	9	79	14
70	92	0	123	0	88	0	123	0	96	0	94	0	94	8	92	14	84	0	92	0
71	111	0	102	0	86	0	112	0	105	0	112	0	89	11	87	14	89	0	92	0
72	70	34	83	23	95	0	78	31	72	25	93	0	97	0	93	20	80	13	71	16
73	107	10	76	21	102	0	88	0	66	15	97	0	109	0	88	0	83	11	88	10
74	102	0	85	0	102	0	106	0	107	0	89	0	81	0	95	14	106	11	92	23
75	85	29	64	17	107	0	79	30	71	19	101	0	101	0	65	11	93	15	81	10
76	75	29	77	19	113	0	60	16	64	21	115	0	101	0	73	12	98	11	78	13
77	81	25	71	24	68	6	82	25	114	0	77	25	87	11	98	0	111	0	90	20
78	96	0	56	25	100	0	70	25	80	0	91	13	90	0	99	0	113	0	86	0
79	75	13	83	29	91	23	84	22	93	0	73	23	82	14	107	0	93	0	81	26
80	90	0	92	0	99	0	99	0	107	0	108	0	92	0	91	10	94	14	79	18
81	98	0	68	24	97	0	79	26	101	0	101	12	116	0	96	0	102	0	85	0
82	99	0	76	36	104	0	101	21	104	0	95	10	98	0	102	0	114	0	121	0
83	93	0	104	0	110	0	85	0	92	0	98	0	88	0	111	21	79	18	85	21
84	111	0	104	0	85	0	92	0	82	0	106	0	104	0	91	9	95	13	81	18
85	95	18	72	31	75	18	83	25	117	0	75	17	77	17	98	0	92	0	69	14
86	81	14	91	22	108	0	107	0	86	17	106	0	114	0	91	0	77	11	88	16
87	105	0	94	0	91	0	97	0	117	0	72	0	86	13	104	11	104	0	85	0
88	101	0	72	46	94	0	77	29	97	0	88	12	84	0	109	0	120	0	86	0
89	92	0	92	0	114	0	92	0	105	0	93	0	99	0	89	17	89	19	82	8
90	46	57	60	54	84	39	40	65	73	29	58	48	52	46	87	31	71	38	45	56
91	107	0	107	0	81	14	106	0	63	32	94	11	106	0	91	18	100	19	76	0
92	75	33	65	13	103	0	75	26	81	19	95	0	95	0	86	11	91	13	88	17
93	78	19	80	32	82	11	75	25	104	0	60	27	71	15	113	0	89	0	86	21
94	78	20	77	27	84	7	53	28	111	0	75	27	93	16	92	0	111	0	85	24
95	100	0	75	34	107	0	87	22	106	0	85	6	108	0	97	0	92	0	103	0
96	48	41	54	55	67	26	48	37	82	22	70	41	52	37	75	18	57	51	43	45
97	81	24	67	26	109	8	68	25	103	0	85	27	84	20	95	0	95	0	76	17
98	74	33	78	29	87	0	72	21	91	21	96	0	111	0	79	11	101	14	77	13
99	89	15	76	26	90	18	71	18	99	0	63	25	90	12	104	0	106	0	83	24
