Chromosome	Position	Change	Gene	sample0	sample1	sample2	sample3	sample4	sample5	sample6	sample7	sample8	sample9
1	0	C>G	1	0	0	0	0	259	0	253	0	243	192
1	1	T>A	1	0	0	0	0	240	0	250	0	228	179
1	2	T>G	1	0	303	234	0	0	0	0	0	0	0
1	3	T>C	1	0	0	0	316	0	0	0	0	0	0
1	4	C>A	1	0	0	0	0	275	0	242	0	241	164
1	5	A>T	1	0	0	0	0	291	0	261	0	249	198
1	6	G>A	1	117	0	155	0	0	0	0	0	0	0
1	7	T>A	1	0	0	0	0	0	0	0	0	0	0
1	8	T>G	1	0	0	0	0	264	0	236	0	244	188
1	9	A>G	1	0	0	0	0	300	0	243	0	266	185
1	10	A>T	1	0	187	132	0	0	180	263	0	247	0
1	11	T>C	1	0	270	191	0	0	0	0	0	0	0
1	12	T>C	1	0	330	185	0	0	0	0	0	0	0
1	13	G>C	1	0	0	0	305	0	0	0	0	0	0
1	14	A>T	1	0	0	0	0	245	0	241	0	245	184
1	15	G>C	1	0	0	0	0	262	0	0	0	0	0
1	16	T>C	1	114	0	140	0	0	0	0	0	0	0
1	17	C>T	1	128	0	175	0	0	0	0	0	0	0
1	18	C>G	1	212	0	0	0	0	0	0	0	0	0
1	19	C>G	1	178	0	0	0	0	0	0	0	0	0
1	20	T>G	1	0	0	0	0	0	0	0	0	0	0
1	21	C>G	1	181	0	0	0	0	0	0	0	0	0
1	22	T>A	1	0	0	0	0	251	0	270	0	254	159
1	23	G>A	1	0	324	195	0	0	0	0	0	0	0
1	24	G>C	1	0	318	214	0	0	0	0	0	0	0
1	25	A>G	1	0	0	0	270	0	0	0	0	0	0
1	26	T>A	1	198	0	0	0	0	299	0	298	0	302
1	27	G>T	1	0	0	0	279	0	0	0	0	0	0
1	28	T>A	1	0	298	190	0	0	0	0	0	0	0
1	29	G>T	1	0	0	0	0	242	0	241	0	275	194
1	30	C>T	1	0	0	0	0	258	0	240	0	263	176
1	31	C>A	1	0	0	0	0	244	0	206	0	248	184
1	32	C>A	1	0	0	0	0	237	0	234	0	272	185
1	33	C>A	1	114	0	142	0	0	0	0	0	0	0
1	34	T>A	1	0	0	0	225	238	0	0	234	0	0
1	35	T>G	1	0	288	216	0	0	0	0	0	0	0
1	36	C>T	1	0	309	177	0	0	0	0	0	0	0
1	37	A>G	1	0	186	140	0	0	169	248	0	262	0
1	38	A>C	1	132	0	152	0	0	0	0	0	0	0
1	39	A>T	1	0	0	0	0	284	0	255	0	255	172
1	40	A>T	1	0	0	0	0	289	0	249	0	249	165
1	41	A>T	1	0	0	0	0	260	0	246	0	258	185
1	42	G>C	1	0	0	0	291	0	0	0	0	0	0
1	43	G>C	1	141	0	163	0	0	0	0	0	0	0
1	44	A>T	1	0	0	0	303	0	0	0	0	0	0
1	45	C>A	1	109	0	151	0	0	0	0	0	0	0
1	46	G>T	1	0	0	0	0	268	0	261	0	247	174
1	47	G>T	1	0	0	0	219	275	0	0	219	0	0
1	48	A>T	1	0	0	0	0	291	0	247	0	281	201
1	49	T>G	1	176	0	0	0	0	336	0	270	0	337
1	50	C>G	1	153	0	161	0	0	0	0	0	0	0
1	51	C>T	1	0	301	198	0	0	0	0	0	0	0
1	52	G>C	1	169	0	0	0	0	0	0	0	0	0
1	53	C>G	1	144	0	160	0	0	0	0	0	0	0
1	54	A>G	1	178	0	0	0	0	0	0	0	0	0
1	55	C>T	1	119	0	170	0	0	0	0	0	0	0
1	56	A>C	1	0	0	0	0	271	0	233	0	263	194
1	57	G>A	1	0	0	0	284	0	0	0	0	0	0
1	58	G>A	1	0	0	0	0	0	0	0	0	0	0
1	59	T>C	1	0	0	0	0	268	0	240	0	242	204
1	60	T>A	1	200	0	0	0	0	326	0	294	0	332
1	61	T>C	1	190	0	0	0	0	0	0	0	0	0
1	62	C>T	1	0	0	0	202	226	0	0	215	0	0
1	63	T>G	1	0	0	0	0	270	0	273	0	271	178
1	64	A>T	1	0	0	0	0	276	0	249	0	250	201
1	65	C>T	1	0	0	0	0	261	0	240	0	244	177
1	66	G>C	1	0	0	0	0	253	0	0	0	0	0
1	67	G>A	1	0	320	183	0	0	0	0	0	0	0
1	68	G>C	1	143	0	131	0	0	0	0	0	0	0
1	69	A>G	1	107	0	155	0	0	0	0	0	0	0
1	70	G>C	1	0	0	0	0	267	0	250	0	225	164
1	71	C>A	1	217	0	0	0	0	0	0	0	0	0
1	72	A>T	1	0	0	0	293	0	0	0	0	0	0
1	73	A>C	1	188	0	0	0	0	0	0	0	0	0
1	74	T>G	1	0	0	0	230	254	0	0	213	0	0
1	75	A>G	1	190	0	0	0	0	0	0	0	0	0
1	76	C>A	1	0	0	0	0	288	0	258	0	235	184
1	77	A>G	1	139	0	170	0	0	0	0	0	0	0
1	78	G>A	1	112	0	139	0	0	0	0	0	0	0
1	79	G>A	1	0	309	205	0	0	0	0	0	0	0
1	80	C>T	1	0	0	0	0	302	0	250	0	246	174
1	81	T>C	1	0	277	192	0	0	0	0	0	0	0
1	82	T>G	1	0	0	0	0	258	0	261	0	252	170
1	83	T>A	1	190	0	0	0	0	298	0	284	0	315
1	84	C>G	1	0	0	0	293	0	0	0	0	0	0
1	85	T>G	1	0	0	0	0	252	0	215	0	233	183
1	86	A>T	1	0	0	0	209	255	0	0	228	0	0
1	87	T>G	1	136	0	144	0	0	0	0	0	0	0
1	88	C>G	1	0	0	0	0	0	0	0	0	0	0
1	89	A>G	1	119	0	150	0	0	0	0	0	0	0
1	90	G>T	1	0	0	0	0	272	0	255	0	255	187
1	91	A>T	1	143	0	162	0	0	0	0	0	0	0
1	92	A>G	1	0	0	0	0	254	0	212	0	235	174
1	93	C>G	1	0	0	0	0	280	0	258	0	256	187
1	94	G>T	1	193	0	0	0	0	0	0	0	0	0
1	95	A>G	1	137	0	164	0	0	0	0	0	0	0
1	96	C>A	1	0	0	0	0	256	0	256	0	221	188
1	97	T>C	1	0	0	0	0	289	0	253	0	287	186
1	98	G>A	1	0	0	0	0	0	0	0	0	0	0
1	99	G>C	1	145	0	178	0	0	0	0	0	0	0
