Chromosome	Position	Change	Gene	sample0	sample1	sample2	sample3	sample4	sample5	sample6	sample7	sample8	sample9
1	0	G>A	1	243	243	0	0	0	158	97	0	85	0
1	1	T>G	1	0	0	0	0	0	0	116	0	0	125
1	2	C>A	1	0	0	265	286	226	0	0	138	130	110
1	3	A>C	1	0	0	0	0	0	0	0	0	0	0
1	4	A>C	1	260	0	0	192	0	0	128	170	129	151
1	5	G>C	1	0	0	222	314	237	0	0	132	126	102
1	6	T>A	1	0	0	0	0	0	0	0	0	0	0
1	7	T>A	1	0	0	0	0	0	0	131	0	0	118
1	8	G>C	1	250	254	0	0	0	152	0	0	0	0
1	9	A>G	1	0	0	274	296	205	0	0	135	103	83
1	10	A>C	1	229	250	0	0	0	154	98	0	105	0
1	11	G>A	1	0	0	0	0	0	0	132	0	0	131
1	12	A>C	1	0	0	0	156	0	0	0	0	130	0
1	13	G>T	1	0	0	249	306	226	0	0	113	121	99
1	14	A>G	1	254	0	0	210	0	0	161	173	129	126
1	15	T>A	1	0	0	0	0	0	0	127	0	0	122
1	16	A>C	1	0	0	0	0	0	180	0	0	0	143
1	17	T>C	1	0	0	246	319	230	186	0	332	269	111
1	18	G>C	1	0	0	0	0	0	0	0	0	0	0
1	19	T>A	1	0	0	0	0	0	0	113	0	0	98
1	20	T>G	1	0	0	0	0	0	0	129	0	0	95
1	21	T>C	1	0	0	0	138	0	0	0	0	119	0
1	22	G>A	1	0	0	0	0	0	0	115	0	0	112
1	23	A>G	1	0	0	0	0	0	0	106	0	0	111
1	24	C>G	1	0	0	240	325	239	0	0	124	114	101
1	25	G>C	1	0	0	0	0	0	0	0	0	0	0
1	26	T>C	1	0	0	207	323	231	0	0	136	114	119
1	27	G>C	1	0	0	0	0	0	0	115	0	0	116
1	28	G>A	1	0	0	233	334	247	0	0	122	120	90
1	29	G>T	1	0	0	0	0	0	0	0	0	0	0
1	30	G>T	1	0	205	513	312	475	180	219	305	297	230
1	31	C>T	1	0	0	0	0	0	0	0	0	0	0
1	32	A>G	1	0	0	0	0	0	166	0	0	0	132
1	33	C>A	1	0	0	0	178	0	0	0	0	122	0
1	34	T>A	1	0	0	0	0	0	0	103	0	0	113
1	35	G>C	1	0	216	476	313	534	207	247	333	277	258
1	36	G>C	1	250	295	0	0	0	155	0	0	0	0
1	37	T>C	1	0	0	224	279	216	0	0	117	110	109
1	38	T>A	1	0	0	0	130	0	0	0	0	129	0
1	39	G>C	1	0	0	0	0	0	0	102	0	0	112
1	40	C>T	1	0	0	264	302	224	0	0	126	147	104
1	41	G>C	1	0	0	0	0	0	0	131	0	0	127
1	42	G>C	1	0	0	213	305	224	149	0	338	285	89
1	43	G>C	1	0	0	0	0	0	0	130	0	0	104
1	44	G>T	1	0	0	256	326	218	0	0	125	117	109
1	45	T>A	1	0	0	246	313	253	0	0	129	119	91
1	46	T>C	1	0	0	0	169	0	0	0	0	118	0
1	47	A>G	1	0	0	0	168	0	0	0	0	114	0
1	48	G>C	1	0	0	0	175	0	0	0	0	115	0
1	49	A>C	1	0	0	0	0	0	0	0	0	0	0
1	50	C>A	1	0	0	225	303	240	0	0	128	120	98
1	51	C>T	1	0	0	236	301	228	0	0	167	129	111
1	52	A>T	1	0	0	250	302	222	0	0	135	122	111
1	53	T>C	1	0	0	238	320	237	0	0	128	112	109
1	54	A>G	1	262	290	0	0	0	148	0	0	0	0
1	55	A>C	1	0	0	0	0	0	0	123	0	0	122
1	56	A>T	1	248	293	0	0	0	158	0	0	0	0
1	57	C>G	1	0	0	0	0	0	0	0	0	0	0
1	58	G>C	1	0	0	0	0	0	0	127	0	0	125
1	59	T>A	1	0	0	0	0	0	0	0	0	0	0
1	60	A>T	1	0	0	220	338	258	0	0	131	131	111
1	61	A>T	1	0	0	0	0	0	0	124	0	0	102
1	62	T>C	1	0	0	0	0	0	145	0	0	0	150
1	63	G>C	1	0	0	0	0	0	0	132	0	0	112
1	64	C>G	1	0	0	0	0	0	0	125	0	0	122
1	65	C>A	1	0	0	0	0	0	0	0	0	0	0
1	66	T>G	1	0	0	0	0	0	0	0	0	0	0
1	67	T>A	1	0	0	228	316	248	0	0	117	122	97
1	68	T>A	1	0	0	0	0	0	0	106	0	0	119
1	69	C>G	1	0	0	0	0	0	0	132	0	0	139
1	70	T>G	1	0	0	0	0	0	0	113	0	0	112
1	71	G>C	1	0	0	0	182	0	0	0	0	110	0
1	72	A>C	1	0	0	0	0	0	0	115	0	0	113
1	73	G>C	1	0	0	231	326	235	0	0	117	129	97
1	74	G>A	1	0	0	0	0	0	0	0	0	0	0
1	75	C>G	1	0	0	0	0	0	0	125	0	0	106
1	76	A>T	1	0	0	0	0	0	0	138	0	0	97
1	77	G>A	1	224	262	0	0	0	155	108	0	99	0
1	78	C>T	1	0	0	225	317	212	0	0	121	129	110
1	79	T>A	1	0	0	0	0	0	0	126	0	0	119
1	80	T>G	1	0	0	0	0	0	0	109	0	0	112
1	81	A>T	1	0	0	250	280	231	0	0	117	118	107
1	82	G>T	1	0	0	0	143	0	0	0	0	108	0
1	83	A>T	1	0	0	0	0	0	0	0	0	0	0
1	84	G>A	1	0	0	256	316	239	0	0	131	99	103
1	85	A>G	1	0	0	0	0	0	0	126	0	0	118
1	86	A>T	1	0	0	223	348	244	0	0	128	121	117
1	87	T>A	1	0	0	229	321	233	0	0	133	126	124
1	88	G>T	1	0	0	0	0	0	0	118	0	0	124
1	89	T>C	1	0	0	0	164	0	0	0	0	110	0
1	90	A>T	1	0	0	0	0	0	0	0	0	0	0
1	91	A>T	1	0	0	223	281	219	0	0	143	138	95
1	92	C>T	1	0	226	517	289	476	184	241	318	263	229
1	93	T>G	1	0	0	256	313	276	0	0	123	130	89
1	94	T>G	1	0	0	0	0	0	0	138	0	0	106
1	95	A>C	1	0	0	0	0	0	0	116	0	0	138
1	96	G>A	1	0	0	0	0	0	178	0	0	0	121
1	97	T>C	1	0	236	483	300	460	166	244	303	271	227
1	98	G>T	1	0	0	225	328	225	180	0	322	278	100
1	99	T>A	1	0	0	262	334	241	189	0	353	259	97
