Chromosome	Position	Change	Gene	sample0	sample1	sample2	sample3	sample4
1	0	G>C	1	991	1047	968	1076	1015
1	1	A>T	1	1038	979	1013	979	1025
1	2	C>A	1	1028	1004	1016	975	1009
1	3	A>T	1	1021	981	1048	973	1050
1	4	C>A	1	1041	1006	1065	1021	1014
1	5	C>A	1	984	979	952	995	1005
1	6	G>T	1	968	1039	1018	1047	937
1	7	C>T	1	1003	998	948	999	933
1	8	T>A	1	947	976	945	975	978
1	9	T>G	1	1014	964	1004	957	1022
1	10	T>G	1	1051	991	1007	983	1022
1	11	A>C	1	1036	996	979	1008	987
1	12	C>A	1	990	1071	1009	1016	1048
1	13	C>G	1	1012	946	986	1029	995
1	14	C>T	1	1046	1042	996	958	986
1	15	G>A	1	968	1026	931	977	956
1	16	T>G	1	1043	984	1016	980	1015
1	17	T>G	1	1027	993	1006	1001	990
1	18	T>A	1	989	1007	967	1019	981
1	19	A>G	1	1043	983	954	1008	1008
1	20	G>T	1	1004	956	1046	953	1018
1	21	T>A	1	977	1000	992	1025	986
1	22	A>C	1	971	982	1059	1006	960
1	23	T>C	1	1016	1025	1078	1022	1049
1	24	T>C	1	1029	1026	1003	1016	984
1	25	C>A	1	1016	1020	933	1032	986
1	26	C>G	1	997	1010	1004	986	1003
1	27	T>G	1	982	1022	1008	1025	966
1	28	T>A	1	986	1016	962	982	967
1	29	C>A	1	1037	1003	1002	972	1009
1	30	C>A	1	1006	1054	986	998	966
1	31	G>A	1	991	1012	982	988	970
1	32	A>C	1	988	986	1004	1025	968
1	33	G>C	1	969	1001	1024	1044	1037
1	34	A>C	1	980	1001	987	975	999
1	35	G>C	1	1034	1007	964	959	1025
1	36	A>C	1	1004	958	1010	1030	976
1	37	T>C	1	988	1013	1003	988	996
1	38	C>A	1	1074	1007	992	1006	1035
1	39	A>T	1	992	970	1050	1002	971
1	40	G>T	1	993	999	955	1023	970
1	41	G>C	1	984	1006	992	1005	1024
1	42	T>C	1	1054	1025	1031	1070	970
1	43	T>C	1	1002	1026	1025	1068	995
1	44	G>T	1	913	995	949	996	990
1	45	A>C	1	970	985	1008	972	982
1	46	G>A	1	994	954	1064	985	1053
1	47	G>C	1	1004	988	985	1057	1026
1	48	C>A	1	1066	1018	987	998	992
1	49	A>C	1	987	962	996	931	978
1	50	A>C	1	1034	979	1047	1012	1002
1	51	C>T	1	1033	990	1005	1008	957
1	52	T>G	1	959	1011	964	973	1040
1	53	A>G	1	1014	1003	1034	928	1005
1	54	A>C	1	1007	974	973	989	1022
1	55	A>C	1	996	1037	974	1015	1038
1	56	G>A	1	985	1014	992	987	969
1	57	G>T	1	1025	988	975	969	1016
1	58	G>T	1	1032	952	1006	989	993
1	59	C>A	1	993	983	1039	1020	1005
1	60	A>G	1	1016	1052	1032	991	995
1	61	C>A	1	1041	994	998	989	1052
1	62	G>T	1	960	952	1051	1006	1005
1	63	C>G	1	960	1033	1083	997	1038
1	64	G>T	1	1005	951	989	1034	979
1	65	A>G	1	990	1026	1049	1041	992
1	66	C>T	1	981	987	1059	973	1023
1	67	T>G	1	1024	1025	1014	1004	1088
1	68	C>A	1	1012	1060	1036	936	975
1	69	A>G	1	1007	991	1044	940	1051
1	70	G>C	1	1038	995	959	1040	947
1	71	T>A	1	913	1017	994	1000	1030
1	72	G>C	1	1007	987	982	978	1034
1	73	C>A	1	970	970	1029	992	1016
1	74	T>G	1	1025	960	1038	1033	1004
1	75	G>C	1	1020	1050	1008	998	1051
1	76	T>A	1	1043	1024	1027	989	984
1	77	A>T	1	1061	957	1016	983	973
1	78	A>C	1	995	999	1017	957	1019
1	79	C>A	1	1075	1019	993	1038	1035
1	80	C>A	1	999	1021	974	997	969
1	81	G>C	1	989	988	1043	1030	1033
1	82	G>C	1	1021	1006	1025	993	961
1	83	A>T	1	969	956	1003	996	966
1	84	C>T	1	977	1046	980	993	1047
1	85	C>T	1	1032	993	1010	994	1032
1	86	G>C	1	953	1028	1041	1014	981
1	87	C>G	1	1010	1013	1027	1070	968
1	88	G>C	1	958	1010	986	1030	988
1	89	A>G	1	1002	1021	1027	952	1006
1	90	G>A	1	973	1046	1035	1022	1024
1	91	T>G	1	982	1005	966	981	1015
1	92	A>C	1	994	1009	976	998	992
1	93	C>A	1	1028	1021	1047	970	1084
1	94	C>A	1	1046	1008	1006	1009	969
1	95	G>T	1	955	979	993	1009	956
1	96	G>T	1	1034	1065	995	1003	996
1	97	G>C	1	1063	979	975	1020	1039
1	98	A>G	1	998	1012	951	1040	1023
1	99	T>C	1	994	980	1003	972	1028
