Chromosome	Position	Change	Gene	sample0	sample1	sample2	sample3	sample4	sample5	sample6	sample7	sample8	sample9
1	0	G>C	1	101	102	85	91	94	104	89	103	97	106
1	1	G>A	1	103	98	103	106	107	97	103	111	115	105
1	2	C>A	1	94	113	104	93	111	86	109	105	89	99
1	3	A>G	1	90	120	108	91	110	96	95	97	90	88
1	4	G>C	1	102	106	123	100	107	124	105	100	112	95
1	5	T>C	1	120	87	94	100	100	106	86	77	98	104
1	6	C>G	1	107	104	78	90	101	114	80	82	86	100
1	7	G>A	1	121	93	91	95	108	90	115	107	94	94
1	8	C>G	1	117	95	112	102	79	106	93	100	104	83
1	9	A>G	1	82	95	100	106	85	91	107	104	101	99
1	10	A>C	1	112	76	114	108	111	91	88	98	101	106
1	11	A>C	1	99	107	113	89	83	90	93	81	101	112
1	12	T>A	1	112	90	103	84	93	84	98	96	99	99
1	13	G>C	1	111	102	105	110	107	99	112	108	85	116
1	14	A>C	1	88	87	107	106	104	93	101	96	92	101
1	15	T>G	1	92	93	107	86	106	93	113	108	98	97
1	16	G>T	1	86	104	90	108	95	121	112	84	94	101
1	17	G>A	1	99	105	106	91	107	94	106	85	100	79
1	18	A>G	1	105	106	97	108	100	84	93	111	92	98
1	19	T>A	1	110	119	113	84	79	103	89	93	98	95
1	20	C>T	1	106	101	121	94	86	99	96	101	97	97
1	21	G>A	1	89	122	106	118	110	96	110	93	94	102
1	22	G>T	1	103	119	84	98	100	95	94	108	111	114
1	23	G>T	1	100	88	100	117	106	83	119	103	130	101
1	24	A>G	1	98	93	100	106	97	95	94	116	102	109
1	25	C>T	1	91	118	86	106	100	78	98	99	96	103
1	26	T>C	1	105	126	108	93	109	87	111	102	100	110
1	27	G>C	1	98	83	99	106	94	114	112	78	87	83
1	28	T>G	1	96	115	97	97	110	85	95	99	119	99
1	29	T>C	1	112	101	104	101	94	98	109	105	99	104
1	30	A>C	1	99	105	102	90	110	104	89	96	91	93
1	31	T>A	1	111	110	97	96	109	121	89	108	116	117
1	32	A>C	1	82	102	114	116	96	96	105	94	91	108
1	33	C>A	1	116	96	121	101	105	92	90	104	93	107
1	34	A>C	1	104	89	99	94	97	98	96	99	93	108
1	35	C>T	1	114	96	116	97	102	72	82	89	120	113
1	36	T>G	1	93	103	105	96	89	80	88	93	101	105
1	37	C>A	1	104	110	103	103	101	86	104	98	107	95
1	38	G>A	1	108	117	92	97	122	80	100	105	93	114
1	39	G>A	1	84	80	104	102	110	101	102	96	95	105
1	40	G>A	1	104	103	87	98	115	116	95	89	102	102
1	41	T>C	1	100	93	105	95	94	87	92	98	109	94
1	42	A>G	1	103	95	106	120	98	98	97	100	107	106
1	43	A>C	1	107	107	97	101	109	99	103	89	114	87
1	44	C>A	1	100	103	109	93	103	99	105	103	98	99
1	45	T>A	1	83	111	112	102	109	91	96	97	110	93
1	46	G>T	1	104	98	112	101	79	109	109	101	109	91
1	47	G>A	1	87	94	103	89	101	90	108	88	79	86
1	48	T>C	1	94	94	101	111	98	103	99	108	95	82
1	49	C>A	1	103	110	112	105	108	91	111	96	95	110
1	50	G>T	1	103	89	92	103	97	98	91	108	95	100
1	51	T>C	1	96	118	110	103	95	81	101	101	118	93
1	52	A>T	1	90	105	108	106	110	87	107	109	106	118
1	53	C>T	1	96	108	107	83	102	100	90	103	86	95
1	54	G>A	1	98	102	102	101	102	99	112	91	105	118
1	55	A>C	1	104	98	93	89	95	102	102	78	101	97
1	56	A>C	1	109	105	93	110	98	102	85	105	105	103
1	57	A>T	1	101	102	113	97	101	96	112	100	96	89
1	58	G>C	1	100	101	115	109	95	131	111	97	90	89
1	59	A>G	1	100	96	83	92	103	102	85	119	97	108
1	60	A>C	1	95	83	97	82	92	127	110	100	101	101
1	61	C>A	1	103	96	96	100	82	104	114	107	95	94
1	62	A>C	1	86	98	107	104	92	106	116	98	96	93
1	63	T>G	1	99	100	102	105	86	102	103	100	95	95
1	64	A>T	1	71	104	86	105	98	108	95	93	91	84
1	65	A>T	1	118	90	95	118	92	111	93	110	94	94
1	66	T>A	1	98	106	104	116	104	87	116	103	96	106
1	67	C>A	1	105	95	90	96	94	92	92	94	99	103
1	68	C>G	1	113	112	112	97	121	94	102	105	109	99
1	69	A>T	1	97	93	94	90	98	113	96	107	96	131
1	70	C>A	1	111	100	92	111	90	101	94	102	107	108
1	71	G>T	1	113	92	111	99	106	93	96	93	104	92
1	72	C>G	1	107	91	102	102	101	93	114	95	109	100
1	73	C>A	1	104	108	119	106	106	103	127	111	96	99
1	74	C>A	1	110	101	98	104	106	117	107	98	92	94
1	75	T>C	1	87	91	89	95	103	117	102	91	104	103
1	76	T>G	1	95	102	102	102	68	98	92	107	92	124
1	77	C>A	1	100	93	99	115	88	106	101	120	88	109
1	78	A>C	1	107	96	102	116	78	107	84	90	95	91
1	79	A>T	1	86	100	112	100	105	117	100	101	82	90
1	80	A>C	1	95	107	92	93	100	86	95	99	108	105
1	81	G>T	1	102	104	97	94	102	89	103	89	82	100
1	82	C>T	1	114	95	106	100	86	100	100	83	96	117
1	83	T>C	1	87	97	107	105	99	98	95	107	135	107
1	84	C>A	1	95	109	109	100	114	101	101	111	112	95
1	85	T>A	1	104	94	98	115	91	115	85	101	94	107
1	86	A>G	1	108	109	102	122	92	120	91	88	89	111
1	87	A>G	1	115	95	121	92	96	107	105	107	95	100
1	88	T>G	1	105	104	107	101	83	104	100	102	100	113
1	89	C>G	1	133	98	98	89	93	97	90	97	101	105
1	90	A>C	1	116	94	110	100	106	123	99	110	109	100
1	91	C>G	1	105	101	111	105	94	98	114	113	85	94
1	92	A>T	1	94	93	97	91	106	100	103	96	101	86
1	93	T>A	1	98	97	112	91	106	91	109	92	79	96
1	94	G>T	1	96	80	123	103	101	102	102	107	109	98
1	95	G>A	1	109	121	106	90	122	103	102	111	99	90
1	96	T>A	1	106	103	82	101	109	113	90	95	96	96
1	97	T>A	1	110	98	97	106	79	99	100	94	95	97
1	98	T>A	1	99	89	89	100	120	99	78	113	87	119
1	99	G>C	1	122	100	104	118	89	93	104	85	113	106
