Chromosome	Position	Change	Gene	sample0	sample1	sample2	sample3	sample4	sample5	sample6	sample7	sample8	sample9
1	0	G>A	1	13	13	11	0	13	18	0	14	24	23
1	1	T>G	1	0	11	0	17	0	0	27	0	13	0
1	2	C>T	1	0	0	0	0	0	0	0	0	0	0
1	3	G>A	1	45	42	58	52	46	55	39	47	58	58
1	4	T>A	1	46	34	30	52	46	47	23	32	62	45
1	5	T>A	1	6	19	15	0	10	23	0	13	19	23
1	6	G>T	1	0	12	0	0	0	26	0	24	7	31
1	7	T>G	1	0	0	0	0	0	0	0	0	0	0
1	8	G>T	1	11	14	12	0	22	15	0	11	19	19
1	9	G>A	1	0	17	0	0	0	25	0	13	10	26
1	10	C>G	1	13	0	0	0	0	0	0	0	17	24
1	11	G>T	1	49	43	52	44	57	53	45	48	49	63
1	12	A>C	1	43	37	31	52	52	54	29	25	51	42
1	13	G>A	1	12	0	0	0	0	0	0	0	0	0
1	14	T>A	1	7	6	16	0	16	26	0	15	35	21
1	15	A>G	1	5	12	0	20	0	0	22	18	20	28
1	16	G>T	1	37	18	23	11	17	36	0	6	26	22
1	17	G>A	1	38	35	39	54	45	52	19	34	46	56
1	18	C>A	1	24	13	39	12	8	45	0	14	18	19
1	19	C>A	1	0	23	0	0	0	27	0	12	15	17
1	20	G>C	1	9	0	0	0	0	0	0	0	0	0
1	21	G>A	1	11	16	15	0	15	21	0	9	27	12
1	22	G>C	1	8	17	8	0	19	18	0	18	24	24
1	23	C>A	1	11	0	0	0	0	0	0	0	13	28
1	24	G>C	1	0	0	0	0	0	0	0	0	0	0
1	25	A>C	1	10	0	0	0	0	0	0	0	15	17
1	26	G>C	1	0	23	0	0	0	23	0	17	11	22
1	27	C>G	1	53	49	46	54	50	40	60	44	65	42
1	28	C>T	1	9	0	0	0	0	0	0	0	22	20
1	29	G>A	1	0	0	0	0	0	0	0	0	0	0
1	30	C>T	1	0	13	0	8	0	0	23	0	19	0
1	31	A>T	1	15	16	18	0	16	17	0	18	18	20
1	32	A>T	1	16	14	0	19	0	0	17	14	30	23
1	33	G>A	1	0	15	0	0	0	21	0	20	13	20
1	34	G>A	1	9	20	21	0	17	19	0	31	20	22
1	35	G>A	1	0	20	0	11	0	0	18	0	12	0
1	36	T>A	1	0	14	0	12	0	0	24	0	7	0
1	37	A>T	1	0	22	0	0	0	26	0	22	18	31
1	38	G>A	1	34	26	32	44	56	53	29	26	46	56
1	39	A>G	1	0	12	0	0	0	19	0	17	11	19
1	40	T>G	1	10	18	16	0	26	14	0	17	13	26
1	41	T>G	1	35	51	42	50	56	51	52	41	50	37
1	42	A>T	1	0	0	0	0	0	0	0	0	0	0
1	43	C>G	1	0	15	0	11	0	0	26	0	18	0
1	44	A>C	1	18	21	38	15	23	59	0	15	12	22
1	45	C>G	1	12	11	8	0	22	13	0	13	25	20
1	46	T>G	1	11	13	12	0	21	22	0	14	27	17
1	47	T>A	1	29	17	34	13	15	63	0	13	22	21
1	48	A>C	1	50	58	57	46	62	49	56	63	39	58
1	49	A>C	1	0	0	0	0	0	0	0	0	0	0
1	50	C>A	1	0	16	0	0	0	20	0	22	6	25
1	51	C>A	1	0	16	0	11	0	0	25	0	10	0
1	52	A>C	1	28	20	29	18	14	49	0	20	31	24
1	53	G>T	1	49	57	53	45	60	47	35	65	62	50
1	54	C>A	1	7	19	7	0	18	11	0	21	27	23
1	55	A>T	1	0	15	0	8	0	0	33	0	9	0
1	56	G>C	1	0	16	0	0	0	22	0	23	14	26
1	57	A>C	1	0	23	0	3	0	0	30	0	7	0
1	58	A>G	1	11	16	13	0	21	20	0	22	23	21
1	59	A>C	1	7	16	13	0	21	19	0	17	14	18
1	60	T>G	1	11	0	0	0	0	0	0	0	15	29
1	61	G>C	1	12	0	0	0	0	0	0	0	16	37
1	62	C>A	1	38	29	31	60	51	48	22	39	50	47
1	63	A>C	1	0	0	0	0	0	0	0	0	0	0
1	64	A>C	1	39	37	26	59	49	54	15	32	45	42
1	65	T>G	1	20	18	33	13	12	53	0	17	21	24
1	66	A>T	1	20	12	30	18	21	51	0	10	19	20
1	67	C>A	1	0	8	0	11	0	0	26	0	14	0
1	68	C>A	1	0	0	0	0	0	0	0	0	0	0
1	69	A>C	1	11	0	0	0	0	0	0	0	11	32
1	70	A>C	1	0	14	0	9	0	0	23	0	18	0
1	71	T>A	1	17	22	11	0	17	27	0	17	17	27
1	72	A>C	1	45	25	38	52	48	48	19	40	48	43
1	73	A>G	1	0	17	0	10	0	0	20	0	7	0
1	74	G>C	1	15	14	8	0	25	22	0	17	21	25
1	75	C>A	1	7	23	12	0	13	19	0	18	12	14
1	76	C>T	1	41	44	40	48	46	49	18	27	54	42
1	77	T>A	1	11	14	11	0	30	25	0	15	32	16
1	78	C>G	1	34	56	51	54	43	48	47	49	47	50
1	79	T>A	1	0	14	0	0	0	25	0	13	11	24
1	80	G>T	1	8	16	9	0	20	35	0	13	23	26
1	81	C>G	1	45	36	29	51	45	49	17	29	58	38
1	82	C>A	1	0	16	0	9	0	0	22	0	9	0
1	83	A>T	1	12	18	11	0	24	18	0	26	27	18
1	84	T>G	1	11	0	0	0	0	0	0	0	19	20
1	85	A>C	1	55	73	51	49	45	50	30	44	49	54
1	86	G>T	1	11	20	9	0	26	21	0	24	23	19
1	87	A>G	1	8	19	13	0	20	18	0	25	19	28
1	88	A>C	1	5	23	16	0	13	19	0	12	27	28
1	89	G>T	1	7	17	8	0	15	20	0	17	17	28
1	90	A>T	1	9	14	11	0	19	24	0	12	25	21
1	91	T>C	1	8	13	0	20	0	0	26	12	27	32
1	92	G>T	1	0	17	0	7	0	0	17	0	12	0
1	93	A>C	1	8	17	13	0	24	34	0	26	19	21
1	94	C>A	1	0	21	0	13	0	0	26	0	11	0
1	95	G>A	1	12	13	0	23	0	0	24	17	28	19
1	96	G>C	1	0	21	0	0	0	24	0	16	11	27
1	97	A>T	1	9	17	9	0	10	24	0	23	35	18
1	98	C>G	1	64	59	49	52	50	63	38	55	52	55
1	99	C>T	1	9	21	10	0	20	12	0	14	30	21
