#chr	normal	sample0	sample1	sample2	sample3	sample4
0	0	0.0	0.0	0.0	0.298969072165	0.0
1	0	0.205882352941	0.214285714286	0.0	0.0	0.310344827586
2	0	0.247706422018	0.197674418605	0.0	0.0	0.216494845361
3	0	0.0	0.0	0.0	0.0	0.0
4	0	0.28125	0.175438596491	0.0	0.0	0.262626262626
5	0	0.177777777778	0.183486238532	0.0	0.0	0.239583333333
6	0	0.303370786517	0.223404255319	0.0	0.0	0.322580645161
7	0	0.305263157895	0.172932330827	0.0	0.0	0.150537634409
8	0	0.0	0.0	0.25	0.0	0.0
9	0	0.0	0.336842105263	0.438095238095	0.247058823529	0.0
10	0	0.240384615385	0.211111111111	0.0	0.0	0.32183908046
11	0	0.222222222222	0.231481481481	0.0	0.0	0.252525252525
12	0	0.296703296703	0.456140350877	0.21568627451	0.204918032787	0.349514563107
13	0	0.0	0.0	0.267326732673	0.0	0.0
14	0	0.0	0.0	0.0	0.0	0.0
15	0	0.0	0.0	0.31067961165	0.0	0.0
16	0	0.315789473684	0.236559139785	0.0	0.0	0.221052631579
17	0	0.0	0.0	0.321100917431	0.0	0.0
18	0	0.0	0.0	0.333333333333	0.0	0.0
19	0	0.0	0.0	0.307692307692	0.0	0.0
20	0	0.0	0.0	0.304347826087	0.0	0.0
21	0	0.0	0.0	0.0	0.0	0.0
22	0	0.0	0.0	0.0	0.0	0.0
23	0	0.326530612245	0.175257731959	0.0	0.0	0.194444444444
24	0	0.0	0.0	0.0	0.16	0.0
25	0	0.0	0.0	0.240506329114	0.0	0.0
26	0	0.0	0.0	0.197916666667	0.0	0.0
27	0	0.0	0.0	0.252631578947	0.0	0.0
28	0	0.273684210526	0.127906976744	0.0	0.0	0.21
29	0	0.0	0.0	0.24	0.223404255319	0.0
30	0	0.240740740741	0.177777777778	0.0	0.0	0.198198198198
31	0	0.266055045872	0.182608695652	0.0	0.0	0.30303030303
32	0	0.0	0.0	0.255555555556	0.0	0.0
33	0	0.559523809524	0.482456140351	0.446601941748	0.526785714286	0.489795918367
34	0	0.0	0.0	0.173913043478	0.0	0.0
35	0	0.0	0.0	0.0	0.0	0.0
36	0	0.0	0.0	0.300884955752	0.0	0.0
37	0	0.0	0.0989010989011	0.259615384615	0.0	0.0
38	0	0.0	0.243697478992	0.412371134021	0.215053763441	0.0
39	0	0.192771084337	0.264705882353	0.0	0.0	0.131313131313
40	0	0.0	0.0	0.0	0.0	0.0
41	0	0.0	0.0	0.0	0.0	0.0
42	0	0.0	0.127272727273	0.278350515464	0.0	0.0
43	0	0.5	0.523255813953	0.490384615385	0.225806451613	0.4375
44	0	0.0	0.0	0.330275229358	0.0	0.0
45	0	0.0	0.0	0.252525252525	0.0	0.0
46	0	0.356435643564	0.175257731959	0.0	0.0	0.208791208791
47	0	0.0	0.114942528736	0.175572519084	0.0	0.0
48	0	0.0	0.0	0.0	0.0	0.0
49	0	0.0	0.0	0.267857142857	0.0	0.0
50	0	0.0	0.0	0.0	0.0	0.0
51	0	0.0	0.0	0.0	0.236559139785	0.0
52	0	0.0	0.0	0.31	0.24	0.0
53	0	0.621621621622	0.484848484848	0.47	0.522123893805	0.526315789474
54	0	0.0	0.0	0.314516129032	0.0	0.0
55	0	0.309278350515	0.132075471698	0.0	0.0	0.326530612245
56	0	0.0	0.0	0.0	0.272727272727	0.0
57	0	0.0	0.0	0.158878504673	0.0	0.0
58	0	0.0	0.0	0.265306122449	0.0	0.0
59	0	0.0	0.0	0.260162601626	0.0	0.0
60	0	0.0	0.0	0.232323232323	0.0	0.0
61	0	0.214285714286	0.161616161616	0.0	0.0	0.31067961165
62	0	0.209523809524	0.1875	0.0	0.0	0.28431372549
63	0	0.234042553191	0.189473684211	0.0	0.0	0.21875
64	0	0.0	0.0	0.0	0.293577981651	0.0
65	0	0.0	0.0	0.28431372549	0.0	0.0
66	0	0.0	0.0	0.32	0.0	0.0
67	0	0.261363636364	0.263157894737	0.0	0.0	0.239583333333
68	0	0.357142857143	0.170731707317	0.0	0.0	0.247524752475
69	0	0.297619047619	0.228915662651	0.0	0.0	0.285714285714
70	0	0.268817204301	0.256880733945	0.0	0.0	0.146788990826
71	0	0.0	0.0	0.284210526316	0.0	0.0
72	0	0.0	0.0	0.233333333333	0.0	0.0
73	0	0.0	0.0	0.0	0.0	0.0
74	0	0.266666666667	0.207207207207	0.0	0.0	0.25
75	0	0.0	0.0	0.247422680412	0.0	0.0
76	0	0.24347826087	0.222222222222	0.0	0.0	0.325581395349
77	0	0.0	0.0	0.183673469388	0.0	0.0
78	0	0.0	0.0	0.0	0.245098039216	0.0
79	0	0.0	0.0	0.193548387097	0.0	0.0
80	0	0.28	0.205882352941	0.0	0.0	0.19
81	0	0.0	0.0	0.0	0.0	0.0
82	0	0.0	0.0	0.0	0.0	0.0
83	0	0.0	0.0736842105263	0.216216216216	0.0	0.0
84	0	0.242424242424	0.483333333333	0.259259259259	0.292929292929	0.385542168675
85	0	0.0	0.0	0.0	0.228813559322	0.0
86	0	0.0	0.0	0.0	0.0	0.0
87	0	0.0	0.0	0.292134831461	0.0	0.0
88	0	0.0	0.129411764706	0.180952380952	0.0	0.0
89	0	0.0	0.0	0.0	0.0	0.0
90	0	0.0	0.0	0.292134831461	0.0	0.0
91	0	0.0	0.0	0.298387096774	0.0	0.0
92	0	0.0	0.0	0.261261261261	0.0	0.0
93	0	0.298969072165	0.171717171717	0.0	0.0	0.131868131868
94	0	0.0	0.0	0.19	0.0	0.0
95	0	0.339805825243	0.225490196078	0.0	0.0	0.20325203252
96	0	0.258928571429	0.21568627451	0.0	0.0	0.317307692308
97	0	0.0	0.0	0.0	0.0	0.0
98	0	0.0	0.0	0.275510204082	0.0	0.0
99	0	0.185840707965	0.25	0.0	0.0	0.104761904762
100	0	0.451327433628	0.484848484848	0.564356435644	0.537735849057	0.541666666667
101	0	0.317757009346	0.19512195122	0.0	0.0	0.239583333333
102	0	0.289156626506	0.1875	0.0	0.0	0.27
103	0	0.0	0.0	0.0	0.392857142857	0.0
104	0	0.0	0.0	0.307692307692	0.238636363636	0.0
105	0	0.0	0.0	0.300970873786	0.0	0.0
106	0	0.269662921348	0.185567010309	0.0	0.0	0.270588235294
107	0	0.0	0.0	0.186274509804	0.0	0.0
108	0	0.0	0.0	0.31	0.0	0.0
109	0	0.26213592233	0.285714285714	0.0	0.0	0.254716981132
110	0	0.0	0.0	0.314285714286	0.0	0.0
111	0	0.0	0.0	0.183673469388	0.198198198198	0.0
112	0	0.481132075472	0.446601941748	0.482142857143	0.565656565657	0.443037974684
113	0	0.0	0.0	0.253521126761	0.0	0.0
114	0	0.0	0.0	0.344827586207	0.0	0.0
115	0	0.317307692308	0.257425742574	0.0	0.0	0.164835164835
116	0	0.0	0.0	0.272727272727	0.212765957447	0.0
117	0	0.295238095238	0.185567010309	0.0	0.0	0.161016949153
118	0	0.0	0.0	0.247524752475	0.0	0.0
119	0	0.0	0.0	0.0	0.0	0.0
120	0	0.223404255319	0.21359223301	0.0	0.0	0.364583333333
121	0	0.0	0.0	0.0	0.0	0.0
122	0	0.0	0.0	0.0	0.290697674419	0.0
123	0	0.263736263736	0.254545454545	0.0	0.0	0.141592920354
124	0	0.303571428571	0.549450549451	0.257731958763	0.247706422018	0.326732673267
125	0	0.0	0.0	0.284090909091	0.0	0.0
126	0	0.285714285714	0.19801980198	0.0	0.0	0.288659793814
127	0	0.275510204082	0.123595505618	0.0	0.0	0.271186440678
128	0	0.0	0.0	0.0	0.0	0.0
129	0	0.28	0.206611570248	0.0	0.0	0.257731958763
130	0	0.0	0.0	0.282828282828	0.0	0.0
131	0	0.0	0.0	0.0	0.0	0.0
132	0	0.234234234234	0.25	0.0	0.0	0.267716535433
133	0	0.0	0.129032258065	0.161616161616	0.0	0.0
134	0	0.0	0.0	0.0	0.0	0.0
135	0	0.0	0.0	0.252427184466	0.0	0.0
136	0	0.0	0.0	0.284090909091	0.0	0.0
137	0	0.0	0.0	0.314814814815	0.0	0.0
138	0	0.0	0.0	0.0	0.263636363636	0.0
139	0	0.0	0.0	0.204301075269	0.0	0.0
140	0	0.0	0.0	0.227272727273	0.0	0.0
141	0	0.347368421053	0.137931034483	0.0	0.0	0.0943396226415
142	0	0.0	0.150537634409	0.237113402062	0.0	0.0
143	0	0.277227722772	0.24	0.0	0.0	0.138888888889
144	0	0.0	0.0	0.0	0.299065420561	0.0
145	0	0.234693877551	0.278195488722	0.0	0.0	0.229166666667
146	0	0.0	0.0	0.28	0.0	0.0
147	0	0.232323232323	0.147727272727	0.0	0.0	0.222222222222
148	0	0.0	0.0	0.0	0.0	0.0
149	0	0.0	0.0	0.0	0.0	0.0
150	0	0.0	0.0	0.0	0.327102803738	0.0
151	0	0.211009174312	0.266666666667	0.0	0.0	0.292452830189
152	0	0.254545454545	0.431578947368	0.274509803922	0.257425742574	0.460674157303
153	0	0.0	0.0	0.309278350515	0.0	0.0
154	0	0.0	0.0	0.0	0.326923076923	0.0
155	0	0.0	0.0	0.181034482759	0.0	0.0
156	0	0.0	0.147826086957	0.221153846154	0.0	0.0
157	0	0.0	0.0	0.264367816092	0.0	0.0
158	0	0.0	0.0948275862069	0.28	0.0	0.0
159	0	0.0	0.0	0.336538461538	0.0	0.0
160	0	0.19387755102	0.494949494949	0.287128712871	0.239583333333	0.381818181818
161	0	0.0	0.0	0.256880733945	0.0	0.0
162	0	0.0	0.0	0.0	0.158878504673	0.0
163	0	0.29203539823	0.215053763441	0.0	0.0	0.3125
164	0	0.0	0.0	0.240384615385	0.0	0.0
165	0	0.0	0.0	0.0	0.0	0.0
166	0	0.0	0.0	0.276785714286	0.0	0.0
167	0	0.0	0.0	0.0	0.0	0.0
168	0	0.299065420561	0.504273504274	0.336283185841	0.234234234234	0.412844036697
169	0	0.0	0.0	0.22641509434	0.0	0.0
170	0	0.0	0.0	0.0	0.0	0.0
171	0	0.0	0.0	0.313725490196	0.0	0.0
172	0	0.0	0.145631067961	0.176470588235	0.0	0.0
173	0	0.0	0.0	0.0	0.0	0.0
174	0	0.257425742574	0.177777777778	0.0	0.0	0.291139240506
175	0	0.0	0.0	0.192660550459	0.0	0.0
176	0	0.0	0.0	0.298850574713	0.0	0.0
177	0	0.0	0.0	0.291666666667	0.0	0.0
178	0	0.0	0.0	0.0	0.196078431373	0.111111111111
179	0	0.206896551724	0.236363636364	0.0	0.0	0.142857142857
180	0	0.0	0.0	0.0	0.0	0.0
181	0	0.0	0.0	0.0	0.25	0.0
182	0	0.0	0.0	0.0	0.0	0.0
183	0	0.0	0.0	0.0	0.0	0.0
184	0	0.0	0.0	0.261682242991	0.0	0.0
185	0	0.0	0.0	0.229357798165	0.0	0.0
186	0	0.0	0.0	0.0	0.0	0.0
187	0	0.0	0.0	0.0	0.0	0.0
188	0	0.0	0.0	0.0	0.0	0.0
189	0	0.0	0.0	0.205607476636	0.0	0.0
190	0	0.0	0.0	0.0	0.273684210526	0.0
191	0	0.0	0.20618556701	0.296610169492	0.0	0.0
192	0	0.28	0.521739130435	0.336206896552	0.19801980198	0.412280701754
193	0	0.0	0.0	0.202127659574	0.0	0.0
194	0	0.0	0.0	0.0	0.0	0.0
195	0	0.0	0.0	0.344086021505	0.0	0.0
196	0	0.0	0.0	0.161616161616	0.0	0.0
197	0	0.0	0.0	0.163043478261	0.0	0.0
198	0	0.0	0.0	0.21568627451	0.0	0.0
199	0	0.0	0.103092783505	0.186046511628	0.0	0.0
