Chromosome	Position	Change	Gene	sample0	sample1	sample2	sample3	sample4	sample5	sample6	sample7	sample8	sample9
1	0	C>G	1	98	107	106	93	109	92	109	88	109	104
1	1	C>G	1	86	100	99	85	113	114	82	82	103	104
1	2	A>T	1	102	92	92	96	109	102	86	95	98	123
1	3	T>C	1	108	97	97	87	85	99	108	101	88	112
1	4	A>T	1	94	94	110	96	78	104	95	107	94	94
1	5	T>A	1	111	94	90	96	112	99	94	94	107	84
1	6	A>G	1	108	96	98	100	117	116	93	100	82	80
1	7	A>C	1	92	111	88	100	100	104	97	110	115	115
1	8	C>T	1	99	84	93	111	100	102	101	87	74	115
1	9	T>G	1	100	101	106	101	105	116	123	91	106	98
1	10	C>T	1	93	93	104	79	86	99	102	108	106	98
1	11	A>C	1	101	95	96	108	121	85	95	102	114	94
1	12	C>T	1	110	85	93	93	112	114	90	98	104	89
1	13	C>G	1	97	97	106	88	99	97	88	122	89	86
1	14	C>T	1	93	97	93	85	79	96	101	102	96	95
1	15	C>A	1	110	106	104	110	84	96	117	88	102	101
1	16	T>G	1	112	94	108	96	94	105	92	120	95	83
1	17	T>A	1	114	106	114	103	96	90	90	99	108	98
1	18	A>G	1	101	93	101	107	96	97	102	95	98	90
1	19	G>T	1	113	105	102	93	113	98	117	105	95	99
1	20	T>C	1	96	103	116	92	104	94	114	99	115	80
1	21	T>A	1	120	116	97	107	94	104	87	106	93	96
1	22	A>C	1	107	92	112	92	97	106	90	98	103	121
1	23	C>A	1	86	106	99	109	111	93	116	107	101	91
1	24	A>G	1	100	87	97	107	105	108	101	83	105	92
1	25	T>C	1	96	99	111	103	100	115	111	100	106	117
1	26	C>A	1	113	75	91	103	96	104	79	107	103	93
1	27	G>A	1	102	99	118	97	95	105	99	107	96	95
1	28	C>G	1	107	95	100	108	88	100	81	110	93	106
1	29	G>T	1	98	97	90	117	103	101	104	118	92	97
1	30	A>G	1	91	91	102	102	100	104	107	94	111	93
1	31	C>T	1	105	79	73	108	94	92	130	102	85	96
1	32	T>A	1	112	91	85	93	100	94	94	108	111	103
1	33	C>T	1	107	105	104	106	106	101	102	114	96	112
1	34	T>A	1	97	105	97	114	75	110	89	104	91	128
1	35	A>G	1	116	104	109	99	100	101	102	104	90	110
1	36	G>T	1	113	101	91	100	92	93	90	96	109	116
1	37	C>A	1	99	117	97	87	100	96	97	97	134	84
1	38	C>G	1	87	108	99	101	101	88	102	94	94	100
1	39	C>A	1	113	86	107	110	83	93	94	97	94	113
1	40	T>A	1	99	119	93	107	95	100	109	107	92	84
1	41	G>T	1	103	99	101	114	108	100	98	108	96	108
1	42	T>C	1	98	103	99	98	91	108	95	99	103	86
1	43	G>T	1	111	87	108	93	97	111	112	96	87	116
1	44	C>A	1	109	110	115	116	107	108	96	113	94	100
1	45	C>A	1	111	110	83	105	99	101	90	86	99	99
1	46	C>A	1	105	105	107	111	98	108	88	100	91	88
1	47	G>C	1	108	110	86	96	113	92	129	92	93	109
1	48	A>C	1	111	107	103	93	104	98	96	69	100	105
1	49	T>C	1	114	83	102	97	96	103	93	84	110	98
1	50	A>C	1	90	96	102	89	102	81	104	105	114	95
1	51	G>C	1	92	106	95	113	101	90	90	109	89	103
1	52	C>T	1	94	90	105	123	108	104	109	89	111	102
1	53	G>A	1	104	100	89	92	108	106	87	107	91	88
1	54	C>T	1	96	93	102	99	93	89	104	115	106	97
1	55	G>C	1	95	114	115	84	112	98	104	103	114	87
1	56	G>C	1	109	81	94	100	90	113	98	116	90	113
1	57	T>A	1	100	82	95	92	97	98	100	104	115	93
1	58	A>G	1	94	84	111	101	120	98	91	85	113	109
1	59	C>A	1	108	128	76	102	92	99	100	103	99	99
1	60	C>G	1	88	102	108	103	101	98	93	96	110	89
1	61	T>C	1	91	101	88	114	97	102	109	99	93	113
1	62	C>A	1	86	102	98	106	107	96	91	91	93	95
1	63	G>C	1	98	98	87	116	96	104	103	107	101	105
1	64	C>T	1	83	106	95	109	97	108	105	93	102	97
1	65	T>G	1	112	91	95	92	93	95	99	103	106	95
1	66	A>C	1	108	99	105	102	98	97	108	101	105	104
1	67	G>A	1	86	104	94	100	103	117	108	101	92	112
1	68	C>T	1	131	95	95	98	110	100	123	96	123	105
1	69	G>T	1	116	113	92	94	106	104	92	105	103	103
1	70	A>C	1	90	95	88	91	81	99	118	87	96	117
1	71	A>G	1	99	91	95	107	98	120	116	94	111	104
1	72	T>G	1	107	99	108	99	108	79	78	98	123	99
1	73	T>A	1	85	98	100	109	111	88	107	125	110	98
1	74	A>G	1	107	98	95	96	94	96	90	91	96	110
1	75	A>G	1	93	95	105	112	107	103	96	113	111	109
1	76	G>C	1	100	98	108	86	115	116	106	93	82	102
1	77	C>T	1	105	95	103	93	125	123	87	117	119	103
1	78	T>A	1	100	80	96	104	98	90	91	113	87	87
1	79	A>G	1	90	104	88	91	98	96	104	112	115	90
1	80	G>T	1	90	100	109	98	98	110	108	99	117	84
1	81	T>G	1	99	104	105	101	102	94	116	108	105	115
1	82	G>A	1	107	94	93	92	99	90	91	94	98	105
1	83	T>A	1	99	102	102	102	106	87	107	92	105	99
1	84	G>A	1	92	94	103	103	104	94	112	102	98	102
1	85	T>G	1	105	96	102	100	94	107	99	101	109	102
1	86	G>A	1	106	97	92	96	91	88	93	87	108	115
1	87	C>A	1	113	87	104	86	104	94	89	99	109	106
1	88	G>C	1	101	114	98	98	105	101	107	97	94	90
1	89	T>C	1	109	101	111	88	99	110	105	94	99	93
1	90	G>T	1	116	95	99	115	88	102	119	111	108	96
1	91	G>A	1	99	99	93	83	107	112	113	98	92	92
1	92	C>T	1	92	104	109	103	115	101	123	102	114	103
1	93	T>C	1	102	107	120	85	118	118	107	107	84	95
1	94	T>G	1	114	94	102	95	98	101	102	120	113	104
1	95	A>C	1	81	108	92	95	109	80	100	103	97	93
1	96	C>G	1	99	110	77	112	117	90	115	102	108	92
1	97	T>G	1	103	118	111	100	102	89	101	87	107	99
1	98	T>C	1	86	93	108	90	108	88	104	93	101	104
1	99	G>C	1	96	97	104	100	108	104	92	80	94	106
