#chr	normal	sample0	sample1	sample2	sample3	sample4
0	0	0.225027225027	0.142971007273	0.0	0.500202061022	0.232319201995
1	0	0.273959054495	0.0	0.246909888357	0.0	0.0
2	0	0.0	0.176353304755	0.248458753303	0.0	0.272555831266
3	0	0.0	0.178635727145	0.0	0.0	0.0
4	0	0.0	0.0	0.0	0.235872479889	0.0
5	0	0.0	0.182284191101	0.244794261233	0.0	0.274787255096
6	0	0.223338019683	0.0	0.0	0.0	0.232523101647
7	0	0.0	0.173743240537	0.246421779602	0.0	0.26443647949
8	0	0.0	0.0	0.0	0.0	0.0
9	0	0.0	0.181664344018	0.251361251361	0.0	0.271225937183
10	0	0.0	0.177946616015	0.0	0.0	0.0
11	0	0.0	0.0	0.0	0.227429849532	0.0
12	0	0.0	0.179627058123	0.253726833199	0.0	0.273875295975
13	0	0.0	0.175103149844	0.251328853676	0.0	0.276900149031
14	0	0.0	0.178735288251	0.247677406602	0.0	0.270327455919
15	0	0.227089627392	0.0	0.0	0.0	0.229317269076
16	0	0.227494766225	0.0	0.0	0.0	0.225700980878
17	0	0.229817383495	0.146397984887	0.0	0.509134711905	0.230676449894
18	0	0.22996729354	0.0	0.0	0.0	0.220894918
19	0	0.0	0.179634206624	0.254977261243	0.0	0.27712522397
20	0	0.21449704142	0.147967974055	0.0	0.500499101617	0.23281157123
21	0	0.0	0.0	0.0	0.239583333333	0.0
22	0	0.0	0.177149681529	0.254407051282	0.0	0.26464208243
23	0	0.222485207101	0.146569750075	0.0	0.494271685761	0.226216703385
24	0	0.223845007452	0.140417457306	0.0	0.493884098657	0.225386493084
25	0	0.0	0.0	0.0	0.234530636885	0.0
26	0	0.0	0.0	0.0	0.245756097561	0.0
27	0	0.219691625516	0.0	0.0	0.0	0.22998996991
28	0	0.0	0.181243096696	0.250723625112	0.0	0.277074128621
29	0	0.2270398108	0.138079503354	0.0	0.507114228457	0.226538499653
30	0	0.226266453929	0.0	0.0	0.0	0.23592519685
31	0	0.0	0.183812481218	0.248918402254	0.0	0.283376831961
32	0	0.0	0.0	0.0	0.227072486984	0.0
33	0	0.219804878049	0.147367379256	0.0	0.257637062513	0.224415276818
34	0	0.278418781981	0.0	0.244147483418	0.0	0.0
35	0	0.278357759486	0.0	0.257531486146	0.0	0.0
36	0	0.0	0.177331619029	0.241141830522	0.0	0.278127183788
37	0	0.271653933922	0.0	0.250517802545	0.0	0.0
38	0	0.221371739349	0.0	0.0	0.0	0.227615315044
39	0	0.0	0.176024279211	0.0	0.0	0.0
40	0	0.0	0.0	0.0	0.0	0.0
41	0	0.22833299819	0.139623397436	0.0	0.269813816258	0.227782742528
42	0	0.0	0.177646113677	0.248524262131	0.0	0.27432311812
43	0	0.226240707253	0.140666732615	0.0	0.49784244857	0.231645190291
44	0	0.227721784253	0.0	0.0	0.0	0.226385171969
45	0	0.218194254446	0.140823894958	0.0	0.497842015457	0.222937625755
46	0	0.0	0.0	0.0	0.23808122425	0.0
47	0	0.227985036902	0.141967871486	0.0	0.505134722928	0.231217942271
48	0	0.0	0.176672038678	0.251335820143	0.0	0.280153675058
49	0	0.229377062294	0.0	0.0	0.0	0.227240790926
50	0	0.230259907105	0.144013591845	0.0	0.504993442954	0.226609356257
51	0	0.0	0.175022789426	0.251366663354	0.0	0.274805399547
52	0	0.0	0.0	0.0	0.245662100457	0.0
53	0	0.0	0.17780502759	0.248332679482	0.0	0.273571713943
54	0	0.226615431287	0.0	0.0	0.0	0.232933307102
55	0	0.0	0.176563269325	0.2537075744	0.0	0.278677127818
56	0	0.0	0.178826607628	0.0	0.0	0.0
57	0	0.0	0.182692307692	0.24606902185	0.0	0.271448523543
58	0	0.0	0.172915224058	0.0	0.0	0.0
59	0	0.0	0.180974246357	0.248378405349	0.0	0.277605365902
60	0	0.0	0.175175879397	0.0	0.0	0.0
61	0	0.0	0.176577854321	0.250176180409	0.0	0.269524660117
62	0	0.0	0.175734710087	0.252048144028	0.0	0.273065326633
63	0	0.274701195219	0.0	0.260610868703	0.0	0.0
64	0	0.0	0.182331945271	0.240588059998	0.0	0.275381219904
65	0	0.0	0.184302733006	0.245139732685	0.0	0.276021278731
66	0	0.0	0.181882519462	0.249112426036	0.0	0.272122762148
67	0	0.0	0.177437020811	0.240987460815	0.0	0.271885270391
68	0	0.222245044675	0.142169641067	0.0	0.269797602672	0.226592517695
69	0	0.226458520965	0.0	0.0	0.0	0.228902316213
70	0	0.0	0.185601911779	0.239578101457	0.0	0.273497377975
71	0	0.0	0.182424916574	0.0	0.0	0.0
72	0	0.0	0.177103226455	0.250398565165	0.0	0.267966135066
73	0	0.0	0.178117553614	0.0	0.0	0.0
74	0	0.0	0.177691309987	0.248780973231	0.0	0.277345722654
75	0	0.218945487042	0.0	0.0	0.0	0.23288772741
76	0	0.2745773008	0.0	0.256565656566	0.0	0.0
77	0	0.0	0.178762641285	0.249901768173	0.0	0.275973697521
78	0	0.0	0.181169614148	0.246628322094	0.0	0.262496258605
79	0	0.220611916264	0.0	0.0	0.0	0.222411035586
80	0	0.0	0.185389809699	0.250964467005	0.0	0.2705
81	0	0.0	0.176412191006	0.0	0.0	0.0
82	0	0.0	0.178233595539	0.243362388538	0.0	0.281043791242
83	0	0.0	0.174799196787	0.0	0.0	0.0
84	0	0.0	0.0	0.0	0.246378269618	0.0
85	0	0.220458378807	0.144603458557	0.0	0.262221770505	0.218223279794
86	0	0.221945633775	0.0	0.0	0.0	0.219784603111
87	0	0.0	0.180878552972	0.0	0.0	0.0
88	0	0.218393087695	0.137107429617	0.0	0.494858611825	0.2245951417
89	0	0.0	0.177786537893	0.0	0.0	0.0
90	0	0.0	0.0	0.0	0.235609368797	0.0
91	0	0.0	0.169307424016	0.245927534801	0.0	0.274669073406
92	0	0.0	0.183178484108	0.25074168798	0.0	0.262249827467
93	0	0.22746185853	0.0	0.0	0.0	0.218922999497
94	0	0.0	0.177662441361	0.24556331007	0.0	0.270154459392
95	0	0.22255489022	0.139564535112	0.0	0.497388509442	0.227012628256
96	0	0.225360699045	0.141347025068	0.0	0.260416666667	0.230554447547
97	0	0.0	0.173770816812	0.255213505462	0.0	0.27486437613
98	0	0.232795156408	0.149496135407	0.0	0.49692112208	0.219521992368
99	0	0.22900222627	0.142092457421	0.0	0.502742946708	0.227177908016
