Chromosome	Position	Change	Gene	sample0	sample1	sample2	sample3	sample4
1	0	C>G	1	95	93	92	97	103
1	1	T>C	1	106	107	101	82	113
1	2	A>C	1	115	95	87	103	94
1	3	G>A	1	101	107	91	119	93
1	4	T>G	1	109	92	79	108	97
1	5	G>T	1	113	94	99	90	86
1	6	T>G	1	86	115	117	102	97
1	7	G>C	1	109	86	102	91	110
1	8	A>T	1	101	80	90	102	82
1	9	G>A	1	97	87	87	92	91
1	10	A>T	1	98	110	88	84	93
1	11	T>C	1	92	85	89	94	112
1	12	C>G	1	103	109	93	105	110
1	13	C>T	1	90	112	102	113	103
1	14	T>G	1	83	107	102	96	106
1	15	T>G	1	102	114	88	102	101
1	16	G>T	1	101	98	75	89	118
1	17	A>C	1	110	115	116	86	104
1	18	G>T	1	109	105	99	98	101
1	19	A>C	1	102	100	95	107	97
1	20	C>T	1	92	106	83	90	101
1	21	C>A	1	84	90	101	102	92
1	22	C>A	1	82	98	97	109	96
1	23	T>G	1	87	105	88	108	110
1	24	A>C	1	106	92	98	93	106
1	25	T>C	1	100	103	93	96	110
1	26	T>C	1	99	114	102	108	81
1	27	G>T	1	97	110	93	96	89
1	28	A>C	1	94	105	87	93	105
1	29	A>T	1	78	89	99	86	112
1	30	A>G	1	100	121	107	109	91
1	31	G>A	1	91	104	100	103	98
1	32	C>T	1	96	100	104	99	98
1	33	C>T	1	104	108	103	94	87
1	34	C>G	1	111	77	115	89	88
1	35	A>C	1	97	88	79	100	113
1	36	G>T	1	76	90	101	106	94
1	37	A>T	1	85	99	99	100	101
1	38	C>A	1	98	90	102	106	108
1	39	C>A	1	94	72	110	89	104
1	40	A>G	1	106	99	106	83	116
1	41	A>T	1	98	89	98	93	104
1	42	G>C	1	111	107	102	115	97
1	43	C>T	1	71	113	98	105	91
1	44	G>A	1	94	100	119	90	98
1	45	T>A	1	98	104	101	97	80
1	46	T>C	1	109	107	101	102	96
1	47	A>T	1	102	100	109	92	116
1	48	G>C	1	104	105	105	81	95
1	49	T>A	1	110	99	80	83	104
1	50	C>T	1	119	101	102	113	96
1	51	T>A	1	113	86	81	107	110
1	52	T>C	1	98	102	107	97	108
1	53	A>G	1	100	99	112	101	89
1	54	C>A	1	90	103	123	88	100
1	55	T>A	1	102	80	99	102	89
1	56	T>C	1	96	99	91	86	107
1	57	T>G	1	88	103	102	89	90
1	58	G>T	1	92	112	97	87	83
1	59	T>G	1	88	105	109	97	111
1	60	A>C	1	96	95	105	97	100
1	61	T>C	1	109	117	122	94	104
1	62	G>C	1	110	115	105	114	104
1	63	T>C	1	100	108	92	104	94
1	64	A>C	1	101	93	113	110	112
1	65	T>G	1	93	104	95	69	106
1	66	C>G	1	102	111	112	106	93
1	67	A>G	1	93	100	108	87	98
1	68	A>G	1	102	113	86	124	85
1	69	C>T	1	96	96	78	87	98
1	70	C>T	1	106	109	84	94	80
1	71	A>T	1	114	103	113	101	95
1	72	T>C	1	96	103	100	97	105
1	73	T>A	1	114	96	101	102	119
1	74	G>A	1	108	95	115	88	96
1	75	G>C	1	110	93	101	93	96
1	76	G>A	1	106	101	102	115	104
1	77	C>G	1	87	84	100	97	105
1	78	T>A	1	92	88	128	105	97
1	79	T>C	1	114	118	96	97	109
1	80	C>A	1	95	96	132	119	93
1	81	A>G	1	93	80	105	91	88
1	82	G>A	1	93	100	100	97	95
1	83	C>G	1	104	112	103	85	104
1	84	C>T	1	105	119	94	84	102
1	85	G>C	1	95	98	98	103	109
1	86	C>A	1	104	84	99	100	81
1	87	G>C	1	87	84	104	98	107
1	88	A>G	1	107	105	109	97	98
1	89	G>T	1	92	105	92	110	112
1	90	C>A	1	91	106	115	94	98
1	91	T>A	1	104	99	98	80	93
1	92	A>C	1	90	97	106	99	105
1	93	T>C	1	118	92	107	115	116
1	94	A>C	1	105	115	95	94	96
1	95	C>A	1	96	92	112	104	114
1	96	C>G	1	110	101	108	95	108
1	97	G>T	1	95	110	88	102	90
1	98	G>A	1	85	88	114	77	103
1	99	C>A	1	101	129	108	107	87
