Chromosome	Position	Change	Gene	sample0	sample1	sample2	sample3	sample4	sample5	sample6	sample7	sample8	sample9
1	0	A>C	1	1393	0	0	0	0	2783	0	1272	2887	0
1	1	C>A	1	1347	0	0	0	0	2895	0	1258	2849	0
1	2	T>G	1	1696	0	0	1458	0	0	1658	0	0	0
1	3	T>C	1	1382	0	0	0	0	2887	0	1256	2898	0
1	4	G>A	1	1325	0	0	0	0	2930	0	1249	2879	0
1	5	C>T	1	913	2414	2507	0	1235	0	0	0	0	1403
1	6	C>G	1	1374	0	0	0	0	2960	0	1227	2887	0
1	7	C>T	1	2011	5026	5065	0	1251	2154	0	882	2096	2930
1	8	T>C	1	1929	4866	5093	0	1259	2114	0	907	2137	3004
1	9	G>A	1	3135	0	0	2658	0	2932	3402	4105	2867	2000
1	10	G>A	1	956	2397	2529	0	1245	0	0	0	0	1495
1	11	C>T	1	0	0	0	1086	0	0	0	0	0	2082
1	12	A>G	1	900	2406	2348	0	1268	0	0	0	0	1401
1	13	T>A	1	0	0	0	2418	3788	0	1670	0	0	0
1	14	A>C	1	1753	0	0	1490	0	0	1639	0	0	0
1	15	G>T	1	0	0	0	1144	0	0	0	0	0	2033
1	16	A>G	1	1904	5055	4847	0	1170	2109	0	873	2136	3102
1	17	G>C	1	1345	0	0	0	0	2856	0	1271	2781	0
1	18	T>A	1	0	0	0	1090	0	0	0	0	0	2009
1	19	C>T	1	1953	4999	5050	0	1214	2220	0	890	2082	2945
1	20	G>C	1	3085	0	0	2541	0	2806	3304	4192	2940	2037
1	21	T>C	1	1933	4917	4931	0	1234	2046	0	865	2074	2963
1	22	G>A	1	0	0	0	1114	0	0	0	0	0	1996
1	23	T>G	1	3096	0	0	2487	0	2845	3313	4153	2783	1997
1	24	A>G	1	878	2376	2481	0	1243	0	0	0	0	1396
1	25	A>G	1	3121	0	0	2572	0	2884	3228	4121	2878	1998
1	26	A>G	1	0	0	0	976	1439	0	0	0	0	0
1	27	G>C	1	1035	2584	0	0	0	2154	0	0	2163	1506
1	28	C>A	1	3295	0	0	2623	0	2845	3378	4118	2829	2059
1	29	T>C	1	962	2447	2333	0	1169	0	0	0	0	1423
1	30	T>A	1	903	2355	2451	0	1237	0	0	0	0	1396
1	31	T>A	1	0	0	0	1074	0	0	0	0	0	2006
1	32	G>C	1	1910	5024	4954	0	1239	2073	0	915	2115	2949
1	33	T>A	1	941	2459	2414	0	1263	0	0	0	0	1488
1	34	T>G	1	3091	0	0	2567	0	2874	3217	4178	2941	2075
1	35	A>T	1	1320	0	0	0	0	2857	0	1248	2933	0
1	36	A>C	1	1868	4998	5071	0	1268	2055	0	908	2111	2956
1	37	A>C	1	0	0	0	1103	0	0	0	0	0	2068
1	38	A>C	1	0	0	0	907	1431	0	0	0	0	0
1	39	T>G	1	0	0	0	1121	0	0	0	0	0	1994
1	40	T>A	1	3151	0	0	2591	0	2916	3340	4083	2887	2033
1	41	A>C	1	1409	0	0	0	0	2938	0	1271	2899	0
1	42	G>C	1	1369	0	0	0	0	2884	0	1281	2833	0
1	43	G>T	1	0	0	0	1120	0	0	0	0	0	2000
1	44	C>G	1	1691	0	0	1453	0	0	1654	0	0	0
1	45	A>T	1	1398	0	0	0	0	2821	0	1236	2883	0
1	46	C>G	1	929	2432	2430	0	1221	0	0	0	0	1453
1	47	T>G	1	0	0	0	941	1479	0	0	0	0	0
1	48	C>A	1	1732	0	0	1465	0	0	1646	0	0	0
1	49	T>C	1	0	0	0	2389	3826	0	1678	0	0	0
1	50	A>G	1	953	2477	2462	0	1216	0	0	0	0	1440
1	51	A>G	1	1927	4974	5043	0	1238	2164	0	913	2157	2852
1	52	T>A	1	1824	0	0	1555	0	0	1653	0	0	0
1	53	C>T	1	899	2410	2377	0	1213	0	0	0	0	1367
1	54	G>A	1	0	0	0	1118	0	0	0	0	0	1938
1	55	C>T	1	1897	5053	4956	0	1190	2082	0	880	2107	3025
1	56	C>T	1	0	0	0	1141	0	0	0	0	0	1997
1	57	C>A	1	928	2432	2473	0	1206	0	0	0	0	1404
1	58	C>A	1	1970	5056	4989	0	1237	2103	0	921	2051	2993
1	59	A>C	1	1341	0	0	0	0	2917	0	1207	2865	0
1	60	T>C	1	0	0	0	902	1463	0	0	0	0	0
1	61	T>G	1	1932	5089	4995	0	1233	2147	0	931	2168	3047
1	62	G>A	1	1718	0	0	1419	0	0	1643	0	0	0
1	63	G>C	1	1932	5051	5049	0	1205	2142	0	935	2113	2881
1	64	A>T	1	1925	5049	4903	0	1182	2187	0	874	2124	2969
1	65	A>T	1	1053	2557	0	0	0	2103	0	0	2070	1562
1	66	T>A	1	940	2393	2424	0	1262	0	0	0	0	1516
1	67	G>C	1	1855	4943	4997	0	1171	2085	0	899	2086	3026
1	68	A>T	1	1371	0	0	0	0	2897	0	1230	2800	0
1	69	G>A	1	0	0	0	1110	0	0	0	0	0	1938
1	70	T>A	1	916	2353	2419	0	1173	0	0	0	0	1423
1	71	G>T	1	1861	4961	5033	0	1181	2095	0	866	2043	3000
1	72	C>A	1	1364	0	0	0	0	2916	0	1244	2795	0
1	73	T>G	1	945	2416	2336	0	1201	0	0	0	0	1437
1	74	G>T	1	911	2351	2410	0	1235	0	0	0	0	1429
1	75	C>G	1	0	0	0	2444	3835	0	1688	0	0	0
1	76	T>G	1	0	0	0	1072	0	0	0	0	0	1959
1	77	C>T	1	1912	5062	4937	0	1209	2195	0	876	2099	3054
1	78	T>G	1	0	0	0	0	0	0	0	1277	0	0
1	79	A>T	1	0	0	0	935	1397	0	0	0	0	0
1	80	T>A	1	885	2368	2415	0	1215	0	0	0	0	1355
1	81	C>A	1	1003	2523	0	0	0	2137	0	0	2169	1519
1	82	C>A	1	1884	5020	4930	0	1181	2121	0	891	2188	2969
1	83	G>A	1	1931	4980	5015	0	1221	2079	0	839	2213	3002
1	84	C>G	1	1962	5046	5046	0	1187	2023	0	909	2119	3042
1	85	A>T	1	1976	5005	5068	0	1202	2107	0	926	2066	3003
1	86	T>C	1	865	2433	2510	0	1220	0	0	0	0	1380
1	87	T>C	1	1770	0	0	1494	0	0	1628	0	0	0
1	88	G>A	1	987	2456	2410	0	1189	0	0	0	0	1429
1	89	G>C	1	874	2424	2381	0	1154	0	0	0	0	1382
1	90	C>A	1	0	0	0	2395	3789	0	1652	0	0	0
1	91	T>G	1	1718	0	0	1478	0	0	1621	0	0	0
1	92	T>G	1	940	2308	2469	0	1226	0	0	0	0	1424
1	93	A>T	1	3040	0	0	2636	0	2896	3283	4110	2820	1992
1	94	T>C	1	0	0	0	0	0	0	0	1324	0	0
1	95	A>T	1	1888	4904	5043	0	1207	2103	0	906	2138	2929
1	96	A>C	1	958	2425	2369	0	1237	0	0	0	0	1470
1	97	C>T	1	1902	5026	5041	0	1231	2152	0	898	2111	2995
1	98	A>T	1	912	2382	2525	0	1269	0	0	0	0	1376
1	99	C>G	1	1862	5068	4885	0	1242	2119	0	894	2194	3004
