#chr	position	description	normal	sample0	sample1	sample2	sample3	sample4	sample5	sample6	sample7	sample8	sample9
1	1	1	0	0.0	0.0	0.0	0.153116804519	0.18359413934	0.178302360623	0.147506297229	0.217156027658	0.244559690868	0.0
2	1	1	0	0.124021017151	0.153452941766	0.305290373906	0.269668530351	0.5031	0.377753303965	0.362195983449	0.377185005557	0.504705646776	0.154807978565
3	1	1	0	0.0	0.0	0.0	0.152518703242	0.18252761731	0.175609266874	0.153197470134	0.22111850601	0.243845371312	0.0
4	1	1	0	0.133413341334	0.0	0.0	0.123603351955	0.0	0.0	0.0	0.0	0.0	0.0
5	1	1	0	0.126714042638	0.0	0.0	0.0	0.0	0.0	0.0	0.0	0.0	0.148265609514
6	1	1	0	0.135170471689	0.0	0.0	0.0	0.0	0.0	0.0	0.0	0.0	0.148593579167
7	1	1	0	0.129330254042	0.157633512011	0.305420711974	0.265581021311	0.503	0.382143929537	0.365588146356	0.366636842628	0.49852447339	0.1521237072
8	1	1	0	0.129794692038	0.157463592233	0.145904687347	0.119368694436	0.318341180006	0.211519462557	0.103925157616	0.152656422617	0.0	0.15198635634
9	1	1	0	0.128266507082	0.156418446796	0.153853914447	0.115392354125	0.314995474203	0.203913697943	0.105415378478	0.152054515867	0.0	0.15328099839
10	1	1	0	0.132619023552	0.156393275599	0.146244251405	0.119807827044	0.321581943473	0.204404679972	0.100480865558	0.149737389753	0.0	0.151810584958
11	1	1	0	0.122103566391	0.154946247164	0.144411972186	0.128667060445	0.315340624059	0.202710783337	0.105178643115	0.156105411386	0.0	0.150627195183
12	1	1	0	0.0	0.0	0.0	0.0	0.0	0.0	0.0	0.0	0.256687706643	0.0
13	1	1	0	0.0	0.0	0.0	0.152159013023	0.184321825514	0.16800804829	0.154449472097	0.216395418927	0.255649001925	0.0
14	1	1	0	0.129032258065	0.163602027631	0.30650852774	0.272355697338	0.513105558389	0.375277273644	0.356135822081	0.3644520617	0.487899611592	0.154093743714
15	1	1	0	0.0	0.0	0.0	0.0	0.0	0.0	0.0	0.0	0.250989707047	0.0
16	1	1	0	0.12631473505	0.161685055165	0.147131187875	0.129238133227	0.318094077009	0.205035266458	0.104414432574	0.146451937594	0.0	0.152702569656
17	1	1	0	0.13323969098	0.161049062625	0.14526085225	0.270874751491	0.303552206674	0.183269287615	0.255830532641	0.373447282123	0.238321536906	0.146665345357
18	1	1	0	0.0	0.0	0.0	0.158888777856	0.181772709084	0.16935402089	0.146764443564	0.224067220166	0.249152204269	0.0
19	1	1	0	0.128179451232	0.154036897441	0.309025058731	0.274907193739	0.502461074837	0.383197340586	0.361512234256	0.366248642244	0.504869650762	0.150898203593
20	1	1	0	0.133897613706	0.0	0.0	0.122860515444	0.0	0.0	0.0	0.0	0.0	0.0
21	1	1	0	0.132835368931	0.159496221662	0.148415563578	0.120182757251	0.317822564711	0.204435483871	0.101554613366	0.149306930693	0.0	0.150558907904
22	1	1	0	0.130634682659	0.0	0.0	0.121514939542	0.0	0.0	0.0	0.0	0.0	0.0
23	1	1	0	0.0	0.0	0.0	0.156532861078	0.179792124725	0.181592039801	0.148177893786	0.222100438422	0.24995100921	0.0
24	1	1	0	0.129515950488	0.154342131775	0.314472252448	0.26752859274	0.493790362643	0.378386544466	0.35925118859	0.370837083708	0.504026389832	0.151955867603
25	1	1	0	0.126535023087	0.154898631779	0.150577229299	0.12241858618	0.316530013159	0.205148833467	0.1025	0.151551312649	0.0	0.15022061773
26	1	1	0	0.125531704422	0.159483193701	0.151724137931	0.118497690299	0.310631063106	0.208534136546	0.103817550818	0.150094933547	0.0	0.148692152918
27	1	1	0	0.0	0.0	0.0	0.154256926952	0.178859361003	0.17653476148	0.151603498542	0.223436246993	0.249644381223	0.0
28	1	1	0	0.0	0.0	0.0	0.154935194417	0.182346345938	0.170088267381	0.153072295098	0.218214607755	0.250100441945	0.0
29	1	1	0	0.124318869828	0.154893948239	0.148581307841	0.277434773949	0.318631955079	0.170680313064	0.253698954429	0.368405598512	0.245731402896	0.159282277466
30	1	1	0	0.126380244931	0.158848399436	0.151826139451	0.12158808933	0.312693498452	0.20638046475	0.105215917024	0.154	0.0	0.157276043778
31	1	1	0	0.0	0.0	0.0	0.0	0.190112540193	0.0	0.153490708187	0.219904648391	0.0	0.0
32	1	1	0	0.131308133782	0.15597902803	0.310293237582	0.276246983105	0.506933900192	0.382472489343	0.369190705128	0.372515386944	0.493305355715	0.14905394525
33	1	1	0	0.0	0.0	0.0	0.0	0.0	0.0	0.0	0.0	0.252406738869	0.0
34	1	1	0	0.0	0.0	0.0	0.150960384154	0.177217721772	0.171628371628	0.147478781827	0.223380790054	0.2565325385	0.0
35	1	1	0	0.132412263009	0.160987308884	0.302369953806	0.264861026577	0.501917255298	0.376622070214	0.357705514038	0.374549098196	0.493272655323	0.153961584634
36	1	1	0	0.0	0.0	0.0	0.158838512481	0.1786843145	0.179078907588	0.150987341772	0.22225554889	0.256637168142	0.0
37	1	1	0	0.124674804883	0.156465302047	0.145405351238	0.117641149287	0.323743922204	0.211311311311	0.105299930133	0.148819055244	0.0	0.147794994041
38	1	1	0	0.126025205041	0.157152924595	0.145891783567	0.268530494478	0.308006373232	0.172061997253	0.257139973761	0.366514489877	0.245480874863	0.145271302046
39	1	1	0	0.122002820874	0.162078286115	0.145337554897	0.119217788366	0.308882636656	0.208135181625	0.107708969184	0.153401156992	0.0	0.151867547058
40	1	1	0	0.131266819496	0.162008384907	0.31015936255	0.27899718083	0.489454031688	0.380914591806	0.365679991862	0.365310665857	0.498750374888	0.145449077787
41	1	1	0	0.125833084651	0.16143542583	0.146879905808	0.120285120285	0.313521545319	0.205151242887	0.0956995760145	0.153561794385	0.0	0.151621297038
42	1	1	0	0.124742571345	0.155083399523	0.303745766089	0.256966882068	0.498795180723	0.380617271539	0.364619853751	0.368782854832	0.511826017238	0.148207651371
43	1	1	0	0.129804789696	0.157822327044	0.140179381236	0.118655967904	0.316797642436	0.213558306709	0.104562925002	0.151582566488	0.0	0.152360944378
44	1	1	0	0.0	0.0	0.0	0.154549066349	0.18228024716	0.173313343328	0.147925435959	0.219223771983	0.246537956131	0.0
45	1	1	0	0.0	0.0	0.0	0.0	0.0	0.0	0.0	0.0	0.245357686454	0.0
46	1	1	0	0.133480974431	0.156840821305	0.312917594655	0.273505133884	0.491832316473	0.384014070745	0.36078817734	0.374802058591	0.507723372034	0.154858499901
47	1	1	0	0.130685776849	0.157323508912	0.306258861657	0.271253853038	0.503879926486	0.377371679648	0.364834719124	0.372519238558	0.496080960413	0.146806387226
48	1	1	0	0.130342528039	0.161711530735	0.145539906103	0.121795521329	0.306847674186	0.202622885174	0.103136308806	0.148054827656	0.0	0.150922472023
49	1	1	0	0.12528541646	0.151892479494	0.155189822294	0.270024691358	0.310024252223	0.177103226455	0.252156017248	0.367978371883	0.254108338405	0.151097804391
50	1	1	0	0.0	0.0	0.0	0.151030668678	0.182434453195	0.168929110106	0.154095701541	0.218881539387	0.24643072592	0.0
51	1	1	0	0.125252117789	0.161757363954	0.149517521585	0.265989541432	0.308679397797	0.171980868872	0.252860981192	0.369933454325	0.253731343284	0.149720101781
52	1	1	0	0.0	0.0	0.0	0.0	0.187456445993	0.0	0.151536739263	0.216606858054	0.0	0.0
53	1	1	0	0.12949286066	0.155293175906	0.308036602347	0.268071407668	0.492373641711	0.380103051922	0.359241612071	0.367840095465	0.502751375688	0.147267459287
54	1	1	0	0.121373892023	0.153363853503	0.143082225505	0.274206589852	0.31369571819	0.174843529174	0.256877063119	0.365106129736	0.254484645789	0.148725071932
55	1	1	0	0.127187748608	0.161402809604	0.144414168937	0.269723131884	0.304147465438	0.170685719956	0.255785872409	0.373761633143	0.248719750979	0.151785714286
56	1	1	0	0.130132910137	0.155673086518	0.14620355412	0.116064414768	0.313596491228	0.210906571655	0.100968327618	0.150592726542	0.0	0.153381642512
57	1	1	0	0.12559148265	0.15764187769	0.14590747331	0.12560721721	0.309877276326	0.204179104478	0.101043548063	0.148737980769	0.0	0.147032418953
58	1	1	0	0.0	0.0	0.0	0.0	0.0	0.0	0.0	0.0	0.244431302977	0.0
59	1	1	0	0.122039134912	0.154926790661	0.14667868951	0.117308455736	0.31174622479	0.203367614438	0.100434524985	0.147939519715	0.0	0.152908255047
60	1	1	0	0.122362453165	0.158146011538	0.150628868038	0.273505123868	0.301334903808	0.183427832488	0.259592084006	0.371640125773	0.245539764137	0.153167287703
61	1	1	0	0.132634730539	0.159817813765	0.152112123885	0.280736684918	0.311787072243	0.173965447971	0.253335988847	0.369682444578	0.255058307585	0.155303030303
62	1	1	0	0.126577247889	0.156545075042	0.149016027592	0.278939065273	0.305664950015	0.168471720818	0.254031854152	0.359570841271	0.246513008211	0.150330727601
63	1	1	0	0.134340302091	0.153599358332	0.150857369412	0.114823626771	0.323473186437	0.209664615995	0.102825197165	0.147725014902	0.0	0.148512881727
64	1	1	0	0.0	0.0	0.0	0.0	0.0	0.0	0.0	0.0	0.246215943491	0.0
65	1	1	0	0.127906976744	0.158006042296	0.296865641845	0.277560829078	0.495399079816	0.385538553855	0.36116407426	0.371598468051	0.499600957702	0.149035131123
66	1	1	0	0.130185979971	0.1597	0.316229949188	0.279229711142	0.496204278813	0.38261389692	0.361455580403	0.363563079403	0.505748275517	0.153991826971
67	1	1	0	0.131631832797	0.150164195442	0.148173809759	0.122866553548	0.325474115838	0.2055	0.105724240916	0.145470905819	0.0	0.150945314088
68	1	1	0	0.0	0.0	0.0	0.147763900081	0.176605048698	0.174134826965	0.151874938162	0.230949589683	0.252204408818	0.0
69	1	1	0	0.0	0.0	0.0	0.0	0.0	0.0	0.0	0.0	0.250327918474	0.0
70	1	1	0	0.129603399433	0.159048091225	0.145499383477	0.12261663286	0.310530514559	0.195258705489	0.110278693437	0.153947235419	0.0	0.149037007159
71	1	1	0	0.132071673042	0.158349042564	0.155184481552	0.269987824675	0.314362603409	0.177585864602	0.260886816784	0.375012434099	0.244612286002	0.152937702982
72	1	1	0	0.129657228018	0.15988372093	0.314151790167	0.273811910969	0.490596079212	0.377957532861	0.363207073244	0.367274926908	0.493126472899	0.148750495835
73	1	1	0	0.0	0.0	0.0	0.157107992678	0.184151458964	0.171575549728	0.156154074661	0.218163966618	0.249320583795	0.0
74	1	1	0	0.0	0.0	0.0	0.145538978362	0.189625592895	0.176046322633	0.144807653976	0.221934970667	0.252817393039	0.0
75	1	1	0	0.129351265823	0.161319796954	0.142670944456	0.118211821182	0.314519306541	0.210782366958	0.10149344712	0.142583635631	0.0	0.151147639571
76	1	1	0	0.130830719417	0.152887995982	0.14680347277	0.121327476818	0.315563541979	0.208867791132	0.1064	0.144937586685	0.0	0.148620380516
77	1	1	0	0.366042224205	0.289034205231	0.308405563394	0.374202551834	0.4996003996	0.50813253012	0.365967365967	0.492383292383	0.498549274637	0.290335344742
78	1	1	0	0.0	0.0	0.0	0.150276461295	0.185705620704	0.179653248306	0.153668573723	0.211448945231	0.252716297787	0.0
79	1	1	0	0.137708228168	0.156546964089	0.300360072014	0.276973749875	0.495826547231	0.385235982251	0.36604907361	0.366719555732	0.502567717249	0.153111000498
80	1	1	0	0.0	0.0	0.0	0.157983027432	0.18246687054	0.175268062932	0.15341138474	0.224188492264	0.25353515236	0.0
81	1	1	0	0.0	0.0	0.0	0.15485799701	0.186830943244	0.179399314654	0.149429885977	0.224945208209	0.248608722048	0.0
82	1	1	0	0.12242090784	0.163537250151	0.148256992298	0.118730095541	0.309116809117	0.203919975627	0.104642965052	0.148195622165	0.0	0.151551793632
83	1	1	0	0.0	0.0	0.0	0.0	0.0	0.0	0.0	0.0	0.258629415933	0.0
84	1	1	0	0.0	0.0	0.0	0.0	0.0	0.0	0.0	0.0	0.258176412289	0.0
85	1	1	0	0.0	0.0	0.0	0.0	0.0	0.0	0.0	0.0	0.250228217872	0.0
86	1	1	0	0.0	0.0	0.0	0.155679664905	0.184390048154	0.178463704002	0.145230279519	0.215424731722	0.251127367472	0.0
87	1	1	0	0.0	0.209165568286	0.197291287649	0.0	0.0	0.0	0.137453221402	0.0	0.0	0.20073664825
88	1	1	0	0.128471871528	0.156026252983	0.308529945554	0.272274712994	0.491766320329	0.381742738589	0.361384152457	0.362927414517	0.496993783756	0.145980253879
89	1	1	0	0.0	0.0	0.0	0.0	0.0	0.0	0.0	0.0	0.249349869974	0.0
90	1	1	0	0.129941252614	0.153207011855	0.144180836982	0.127711579591	0.322223321135	0.205341420466	0.0986881937437	0.154836073945	0.0	0.152338308458
91	1	1	0	0.0	0.0	0.0	0.0	0.0	0.0	0.0	0.0	0.248186065003	0.0
92	1	1	0	0.130538446255	0.157736361871	0.148810713572	0.12389380531	0.312199519231	0.218286737638	0.104346940853	0.153822937626	0.0	0.152268364151
93	1	1	0	0.130848455125	0.157284100081	0.303544380491	0.276952419193	0.501805778491	0.381000505306	0.368691447567	0.376588562351	0.500702670147	0.149927671006
94	1	1	0	0.0	0.0	0.0	0.0	0.17830682604	0.0	0.148400681841	0.212985194078	0.0	0.0
95	1	1	0	0.0	0.0	0.0	0.151054097056	0.191620393741	0.172589848834	0.154165431367	0.221527917759	0.252005615724	0.0
96	1	1	0	0.359813557605	0.294229804315	0.302882663419	0.378643724696	0.496142671075	0.502146351203	0.368383622879	0.498794454491	0.491917331696	0.299319727891
97	1	1	0	0.130216535433	0.162599206349	0.149521287431	0.120949889314	0.309652661616	0.210601137287	0.103576451678	0.152284771523	0.0	0.153659031016
98	1	1	0	0.0	0.0	0.0	0.155807649834	0.186119554205	0.172323759791	0.155896202785	0.216801619433	0.246098439376	0.0
99	1	1	0	0.130910551149	0.157941701368	0.152237926973	0.27353322044	0.313721559587	0.16760337214	0.254205422521	0.369272508039	0.257281553398	0.159074840925
100	1	1	0	0.126712671267	0.154513204572	0.146253746254	0.117512437811	0.311432850724	0.212308003234	0.102748625687	0.149418431256	0.0	0.153182629387
