#chr	position	description	normal	sample0	sample1	sample2	sample3	sample4	sample5	sample6	sample7	sample8	sample9
1	1	1	0	0.0	0.0	0.0	0.116885763783	0.0	0.255119368694	0.0	0.0	0.0	0.114803931503
2	1	1	0	0.313530357861	0.269943019943	0.108390564348	0.121627023786	0.240176866647	0.132170076213	0.25255127316	0.339806792152	0.22466740022	0.111808155418
3	1	1	0	0.313391482812	0.504318475132	0.220434432824	0.119168914194	0.242646320651	0.126957045363	0.348317981578	0.345981028457	0.234980376371	0.117158123887
4	1	1	0	0.326024882725	0.26871362633	0.0	0.120823660038	0.238128561432	0.127505287542	0.25465162312	0.185406698565	0.226844426624	0.122014589787
5	1	1	0	0.185852026761	0.227754546339	0.388299960738	0.377917414722	0.256766345666	0.376236644242	0.248067534581	0.155179282869	0.279291964196	0.373693291383
6	1	1	0	0.0	0.0	0.0	0.111555377849	0.0	0.254625024866	0.0	0.0	0.0	0.111426831743
7	1	1	0	0.177664974619	0.0	0.151440893942	0.148686305732	0.26304760004	0.0	0.148757856929	0.0	0.273855154327	0.146547391698
8	1	1	0	0.318723911747	0.276019446374	0.0	0.117050600512	0.238090421766	0.125961257666	0.248686167576	0.189202724359	0.226604410888	0.11581493801
9	1	1	0	0.0	0.0	0.0	0.0	0.0	0.0	0.0	0.163369747072	0.0	0.0
10	1	1	0	0.183481651835	0.0	0.155613264083	0.144142362827	0.255606728074	0.0	0.153202774378	0.0	0.272339158062	0.141737820191
11	1	1	0	0.177653631285	0.0	0.148035063528	0.146650812525	0.258492621571	0.0	0.151908854687	0.0	0.271252239697	0.138663767543
12	1	1	0	0.178222803663	0.0	0.152912864735	0.14018974566	0.259314161478	0.0	0.145911700653	0.0	0.267066692898	0.142096271731
13	1	1	0	0.319247409196	0.274456793832	0.115284193613	0.120939875605	0.240480759519	0.12220344039	0.253870902876	0.349106417547	0.22735042735	0.117776225172
14	1	1	0	0.512081060016	0.504039900249	0.368241548801	0.368982880161	0.505072827725	0.24124824965	0.496959591997	0.500202798621	0.504661407643	0.37206072031
15	1	1	0	0.186231155779	0.0	0.152273633825	0.14596398948	0.257662546478	0.0	0.144120337433	0.0	0.275609010295	0.144226967181
16	1	1	0	0.0	0.0	0.0	0.121449851043	0.0	0.257502228385	0.0	0.0	0.0	0.116458229115
17	1	1	0	0.320226996352	0.26872914771	0.11378968254	0.113963039014	0.243618314425	0.121975806452	0.253923541247	0.335111737467	0.227369272782	0.124305204649
18	1	1	0	0.317127294735	0.27232457465	0.0	0.120407174018	0.239884680386	0.128680152213	0.257236645777	0.186435584051	0.226871128262	0.120146371214
19	1	1	0	0.0	0.0	0.0	0.114695340502	0.0	0.264714581485	0.0	0.0	0.0	0.104893722195
20	1	1	0	0.319372241295	0.275455091018	0.111866440068	0.120457939273	0.240849122111	0.13397224718	0.251501802163	0.337844561648	0.229317269076	0.118318318318
21	1	1	0	0.177848669126	0.0	0.146702964307	0.142813795894	0.254921259843	0.0	0.140132503513	0.0	0.27479545001	0.146509537601
22	1	1	0	0.184069544122	0.0	0.155859969559	0.14427959773	0.260058781798	0.0	0.140572816517	0.0	0.268307144975	0.142699115044
23	1	1	0	0.307272175584	0.273552333037	0.0	0.114450064465	0.240792079208	0.128797819723	0.260258854219	0.188496468214	0.216116852146	0.121902277516
24	1	1	0	0.184606252473	0.0	0.146546605977	0.144336175396	0.254746358614	0.0	0.15319316948	0.0	0.270068027211	0.142574649001
25	1	1	0	0.506847955538	0.502157118491	0.369942196532	0.376717707106	0.497692616372	0.239463034251	0.496419813634	0.49959628583	0.49875905887	0.387936251765
26	1	1	0	0.321410878827	0.281547559387	0.111869436202	0.119980217606	0.239029222387	0.125836412664	0.263242214879	0.328636134877	0.238684369342	0.122097079637
27	1	1	0	0.317382911714	0.271150549561	0.0	0.123185483871	0.231139164412	0.127078504485	0.252332657201	0.185708638071	0.223201621074	0.121472640842
28	1	1	0	0.181574506105	0.0	0.148339117501	0.143884183573	0.253575025176	0.0	0.142942524156	0.0	0.268662714759	0.14822314468
29	1	1	0	0.0	0.0	0.0	0.107680126683	0.0	0.256695300657	0.0	0.0	0.0	0.113262149486
30	1	1	0	0.318694480487	0.279496221662	0.0	0.119768973554	0.239121756487	0.125213546377	0.253338688623	0.181989300575	0.219885667619	0.117693679414
31	1	1	0	0.17461103954	0.0	0.151799841772	0.142941815667	0.26312099359	0.0	0.142382773194	0.0	0.27669368558	0.148438284624
32	1	1	0	0.315402437796	0.2701033016	0.0	0.118841445208	0.23437034092	0.120984689282	0.251842131826	0.186640079761	0.2246	0.120694879305
33	1	1	0	0.18536924759	0.0	0.150252270434	0.138508064516	0.262963333	0.0	0.149306930693	0.0	0.271911456775	0.140230349566
34	1	1	0	0.323353293413	0.271232057416	0.113542816986	0.11748661481	0.242448979592	0.127006420546	0.248084677419	0.339881727974	0.23009562154	0.121224407055
35	1	1	0	0.180671434247	0.0	0.14848211602	0.14435022678	0.254858073049	0.0	0.1484182517	0.0	0.268314925524	0.143836306824
36	1	1	0	0.0	0.0	0.0	0.0	0.0	0.0	0.0	0.161400341057	0.0	0.0
37	1	1	0	0.18018914883	0.222356861557	0.386315683713	0.380790054141	0.257026920032	0.372406332973	0.242269076305	0.164241578633	0.270595191171	0.385004553273
38	1	1	0	0.322667733227	0.276514772158	0.110921501706	0.121737397888	0.234342012667	0.124287679308	0.255359457573	0.339656729901	0.224691358025	0.112154150198
39	1	1	0	0.314032079088	0.274174293673	0.112109413996	0.118525896414	0.238673378739	0.123276478399	0.261895321174	0.341362628502	0.226065162907	0.11445363084
40	1	1	0	0.321694782268	0.272058823529	0.0	0.124469450202	0.240469502408	0.125561433277	0.261391595315	0.190899220215	0.227735368957	0.121827924376
41	1	1	0	0.17948464804	0.0	0.14862729607	0.143671265747	0.27	0.0	0.150686303978	0.0	0.275536825206	0.143369532729
42	1	1	0	0.32290735776	0.280279197798	0.110179640719	0.117694641052	0.235639037965	0.130024813896	0.251815739727	0.336469398078	0.224812406203	0.120823389021
43	1	1	0	0.0	0.0	0.0	0.114007162754	0.0	0.253003604325	0.0	0.0	0.0	0.119386745796
44	1	1	0	0.178500199442	0.0	0.155982480589	0.139818236293	0.258405476143	0.0	0.142320245277	0.0	0.270673658733	0.143905302289
45	1	1	0	0.176488214143	0.0	0.149147163824	0.137972166998	0.255854029397	0.0	0.145041983207	0.0	0.267263297061	0.146816330585
46	1	1	0	0.0	0.0	0.0	0.109891216761	0.0	0.255019478574	0.0	0.0	0.0	0.111376055638
47	1	1	0	0.314072128498	0.506291861173	0.215985540717	0.120362983646	0.24153092835	0.126669965364	0.357084607543	0.331893520844	0.223538783232	0.115921505159
48	1	1	0	0.314692323111	0.5036	0.219614246352	0.11628375655	0.23947865884	0.124029464463	0.354832208002	0.329911433172	0.233181186743	0.119002493766
49	1	1	0	0.313782115117	0.274347612014	0.0	0.117546160831	0.237801848355	0.128272782626	0.244331235641	0.185411859135	0.215573608084	0.120912702455
50	1	1	0	0.179119247897	0.0	0.158867242418	0.151022864019	0.256838754601	0.0	0.14209935734	0.0	0.266526442308	0.145492830643
51	1	1	0	0.0	0.0	0.0	0.0	0.0	0.0	0.0	0.158907082265	0.0	0.0
52	1	1	0	0.0	0.0	0.0	0.115850605788	0.0	0.258940069341	0.0	0.0	0.0	0.117817817818
53	1	1	0	0.316945296271	0.268217516652	0.0	0.120686215839	0.233887312525	0.128433037052	0.254636937648	0.187743676897	0.228125931076	0.119477604326
54	1	1	0	0.181909045477	0.0	0.148647299591	0.140094197815	0.271532410634	0.0	0.145183993565	0.0	0.267472044728	0.149407114625
55	1	1	0	0.176411290323	0.0	0.156550480769	0.147900481857	0.261305037683	0.0	0.150722021661	0.0	0.271510705789	0.142455858748
56	1	1	0	0.184595482138	0.226557711951	0.38576476527	0.385473747136	0.247094442817	0.37018459069	0.243113772455	0.167901234568	0.274091864305	0.384393063584
57	1	1	0	0.325400826863	0.271040095276	0.110335195531	0.116870319275	0.236805555556	0.125628140704	0.251477215824	0.335687991245	0.228198536682	0.124175824176
58	1	1	0	0.0	0.0	0.0	0.0	0.0	0.0	0.0	0.157878475798	0.0	0.0
59	1	1	0	0.186498397436	0.0	0.156503662641	0.143983236879	0.257904648627	0.0	0.143765133172	0.0	0.273036518259	0.14513875025
60	1	1	0	0.0	0.0	0.0	0.111023388927	0.0	0.254127063532	0.0	0.0	0.0	0.1152796036
61	1	1	0	0.316343042071	0.275606333935	0.0	0.119161982626	0.245336736697	0.123994706302	0.2597428486	0.181489660711	0.225933979047	0.117838157118
62	1	1	0	0.323067693231	0.273982265216	0.109061586534	0.122198559984	0.232415594855	0.126526082131	0.258622393517	0.329467737139	0.224717989313	0.11769530449
63	1	1	0	0.0	0.0	0.0	0.110378583558	0.0	0.255112169942	0.0	0.0	0.0	0.114092625721
64	1	1	0	0.322203338998	0.270849960096	0.110665998998	0.122722722723	0.241911097672	0.127974670616	0.253038674033	0.335456264305	0.230860769536	0.114937925511
65	1	1	0	0.0	0.0	0.0	0.0	0.0	0.0	0.0	0.16320031844	0.0	0.0
66	1	1	0	0.185558693021	0.0	0.15376344086	0.133964143426	0.256885327992	0.0	0.146233084225	0.0	0.271869291658	0.14103839268
67	1	1	0	0.317294419247	0.280232441639	0.0	0.111928429423	0.246005089059	0.130934681336	0.251086956522	0.183636727345	0.22887289222	0.117020196894
68	1	1	0	0.0	0.0	0.0	0.0	0.0	0.0	0.0	0.150428211587	0.0	0.0
69	1	1	0	0.0	0.0	0.0	0.112708860759	0.0	0.253127224652	0.0	0.0	0.0	0.110845295056
70	1	1	0	0.177313432836	0.0	0.153181224244	0.141438459224	0.2565815716	0.0	0.148362619808	0.0	0.276228686058	0.136798905609
71	1	1	0	0.181836188967	0.0	0.151249626606	0.146126053794	0.264438902743	0.0	0.144191993705	0.0	0.271411459373	0.146965803518
72	1	1	0	0.321386372588	0.498683144246	0.212962025316	0.119352596564	0.238167475728	0.12467815409	0.353585556344	0.337689969605	0.229858299595	0.119354199683
73	1	1	0	0.183346597692	0.0	0.154739639728	0.141520700637	0.255268389662	0.0	0.145540854459	0.0	0.263839462238	0.143082691928
74	1	1	0	0.181214134703	0.227337254107	0.382900733109	0.380771156735	0.258020477816	0.372272272272	0.254764292879	0.157770103601	0.276048443599	0.371204504323
75	1	1	0	0.181261118798	0.225424908061	0.387125838422	0.379851851852	0.259419152276	0.371255673222	0.255110140901	0.164994536605	0.278282329714	0.385987513626
76	1	1	0	0.323979078656	0.503216866277	0.215240511269	0.125099760575	0.240677626303	0.126587381576	0.358595377443	0.349234221052	0.218075262184	0.122265122265
77	1	1	0	0.33005952381	0.269366020295	0.111412770236	0.121215139442	0.240286608134	0.127852485738	0.262101653893	0.347466081405	0.2206232632	0.117843753166
78	1	1	0	0.0	0.0	0.0	0.0	0.0	0.0	0.0	0.168130869434	0.0	0.0
79	1	1	0	0.320503848845	0.277872383051	0.116312056738	0.11379447426	0.242204056918	0.124762190848	0.258122563231	0.344283445812	0.23012718601	0.119560878244
80	1	1	0	0.186257864776	0.0	0.146353547364	0.144710971294	0.262424061348	0.0	0.14412285883	0.0	0.275389655515	0.144575956177
81	1	1	0	0.173533834586	0.221987739926	0.380427153314	0.368117408907	0.259428798885	0.380848316281	0.247562189055	0.15776868576	0.269589645831	0.38301314459
82	1	1	0	0.184187060339	0.0	0.153384661534	0.138196737716	0.254745557351	0.0	0.145743723117	0.0	0.273574615766	0.141711491443
83	1	1	0	0.320435912817	0.274265002014	0.0	0.119172552977	0.242315369261	0.127767298719	0.249584352078	0.186801118211	0.237960625946	0.119059529765
84	1	1	0	0.316041581737	0.276797287865	0.0	0.124333568052	0.240963855422	0.127832364147	0.256069765137	0.189121506561	0.226985381272	0.120846839546
85	1	1	0	0.32269291965	0.273549814014	0.0	0.117986631558	0.242719431761	0.121206148995	0.246234183571	0.185795060014	0.231048753407	0.119934506754
86	1	1	0	0.185967709787	0.225628388369	0.389832201358	0.373047473201	0.257555979516	0.372340425532	0.251485736926	0.15460459443	0.272524123921	0.373265822785
87	1	1	0	0.321824297586	0.279609756098	0.113837694736	0.119899749373	0.238354506957	0.1285700168	0.254352987732	0.335956175299	0.22360185746	0.114411002591
88	1	1	0	0.0	0.0	0.0	0.114427860697	0.0	0.258540996785	0.0	0.0	0.0	0.107563702286
89	1	1	0	0.319761075162	0.267981790592	0.0	0.11605260516	0.243034209222	0.120651739304	0.252220067368	0.190701806337	0.224136141953	0.117095310136
90	1	1	0	0.318423962207	0.273573452044	0.119739478958	0.119014084507	0.232338308458	0.125655506253	0.253526723624	0.330211480363	0.226148409894	0.119246031746
91	1	1	0	0.319548496654	0.272645290581	0.0	0.116185087897	0.246394474914	0.128047551884	0.260938743039	0.185520812587	0.225390156062	0.118507312153
92	1	1	0	0.319691815089	0.272530072964	0.0	0.120107559008	0.242463695543	0.127565835586	0.257743252664	0.194634244373	0.224646343893	0.120355411955
93	1	1	0	0.177687183057	0.225366245234	0.388082274652	0.387100030282	0.255718298555	0.370197557828	0.247433160516	0.167003435037	0.278320702034	0.37682744903
94	1	1	0	0.188162811837	0.0	0.150005054079	0.142656641604	0.259488613664	0.0	0.144075359445	0.0	0.275082195875	0.151351351351
95	1	1	0	0.320169809458	0.273523847456	0.116552003238	0.124605988968	0.235607890499	0.127602081665	0.248784440843	0.332180614564	0.229260033861	0.124374624775
96	1	1	0	0.316474863719	0.282602148379	0.109308113489	0.121656176239	0.236753324072	0.128787111156	0.247689096511	0.333534925915	0.229993006294	0.119475618234
97	1	1	0	0.14812599681	0.274813595429	0.0	0.114195326054	0.0	0.0	0.122128294381	0.0	0.233651502843	0.11530795296
98	1	1	0	0.17740485466	0.0	0.154429880753	0.143991157556	0.260997364687	0.0	0.147373686843	0.0	0.273164379445	0.141670785961
99	1	1	0	0.0	0.0	0.0	0.0	0.0	0.0	0.0	0.158600814866	0.0	0.0
100	1	1	0	0.0	0.0	0.0	0.0	0.0	0.0	0.0	0.16623010276	0.0	0.0
