#chr	normal	sample0	sample1	sample2	sample3	sample4
0	0	0.344760039177	0.397989949749	0.309090909091	0.490276356192	0.131147540984
1	0	0.309708737864	0.39039039039	0.323091247672	0.533533533534	0.145621181263
2	0	0.155763239875	0.0	0.0	0.0	0.0
3	0	0.0	0.0	0.185524974516	0.0	0.26243902439
4	0	0.3242147923	0.247379454927	0.156374501992	0.0	0.0
5	0	0.197278911565	0.135188866799	0.0	0.0	0.0
6	0	0.0	0.0	0.166144200627	0.0	0.171543895055
7	0	0.0	0.0	0.151329243354	0.312252964427	0.0
8	0	0.346351490236	0.388198757764	0.292158968851	0.496489468405	0.152390438247
9	0	0.343343343343	0.22090729783	0.160505836576	0.0	0.0
10	0	0.0	0.0	0.156339370829	0.313854853911	0.0
11	0	0.344455348381	0.236526946108	0.149193548387	0.0	0.0
12	0	0.168278529981	0.0	0.0	0.0	0.0
13	0	0.318275154004	0.22	0.155046826223	0.0	0.0
14	0	0.0	0.0	0.142430278884	0.319258496395	0.0
15	0	0.0	0.154072620216	0.168539325843	0.292292292292	0.148453608247
16	0	0.181086519115	0.128795811518	0.0	0.0	0.0
17	0	0.167502507523	0.0	0.0	0.0	0.0
18	0	0.164285714286	0.0	0.0	0.0	0.0
19	0	0.339430894309	0.24485798237	0.15014720314	0.0	0.0
20	0	0.332992849847	0.226291079812	0.142857142857	0.0	0.0
21	0	0.0	0.0	0.160377358491	0.306680161943	0.0
22	0	0.0	0.0	0.186274509804	0.0	0.244126659857
23	0	0.0	0.0	0.183884297521	0.0	0.145833333333
24	0	0.0	0.0	0.179563492063	0.0	0.218687872763
25	0	0.309288537549	0.23673870334	0.147302904564	0.0	0.0
26	0	0.0	0.0	0.191938579655	0.0	0.155625657203
27	0	0.340143003064	0.224155578301	0.179695431472	0.0	0.0
28	0	0.312931885489	0.242299794661	0.147928994083	0.0	0.0
29	0	0.315270935961	0.254220456802	0.145601617796	0.0	0.0
30	0	0.155935613682	0.0863821138211	0.0	0.0	0.0
31	0	0.0	0.0	0.162111215834	0.290256410256	0.0
32	0	0.3359375	0.366497461929	0.324324324324	0.491035856574	0.132189707366
33	0	0.177403369673	0.0	0.0	0.0	0.0
34	0	0.353383458647	0.241448692153	0.141025641026	0.0	0.0
35	0	0.0	0.0	0.172178988327	0.303983228512	0.0
36	0	0.333967649857	0.245869776482	0.164888457808	0.0	0.0
37	0	0.181357649443	0.0	0.0	0.0	0.0
38	0	0.0	0.0	0.176015473888	0.0	0.242574257426
39	0	0.0	0.0	0.192022263451	0.0	0.252725470763
40	0	0.313508064516	0.219488188976	0.15625	0.0	0.0
41	0	0.317953861585	0.242362525458	0.126633165829	0.0	0.0
42	0	0.208333333333	0.138308457711	0.0	0.0	0.0
43	0	0.0	0.0	0.158054711246	0.0	0.156555772994
44	0	0.165598290598	0.0	0.0	0.0	0.0
45	0	0.0	0.0	0.191102123357	0.0	0.156576200418
46	0	0.0	0.0	0.183486238532	0.0	0.266868076536
47	0	0.342685370741	0.228401191658	0.146123260437	0.0	0.0
48	0	0.331584470094	0.379174852652	0.293526785714	0.497955010225	0.167832167832
49	0	0.154598825832	0.0945674044266	0.0	0.0	0.0
50	0	0.173777315297	0.131131131131	0.0	0.0	0.0
51	0	0.0	0.0	0.1703187251	0.32118226601	0.0
52	0	0.321649484536	0.225708502024	0.160824742268	0.0	0.0
53	0	0.0	0.0	0.182625863771	0.0	0.244422890398
54	0	0.311027332705	0.419878296146	0.351299326275	0.502958579882	0.150698602794
55	0	0.168214654283	0.0	0.0	0.0	0.0
56	0	0.156156156156	0.08203125	0.0	0.0	0.0
57	0	0.358050847458	0.213333333333	0.14989059081	0.0	0.0
58	0	0.309500489716	0.363819095477	0.287588294652	0.501014198783	0.13986013986
59	0	0.0	0.0	0.197110423117	0.0	0.147029204431
60	0	0.321643286573	0.245067497404	0.132132132132	0.0	0.0
61	0	0.325933400605	0.212674543502	0.139201637666	0.0	0.0
62	0	0.172277227723	0.126213592233	0.0	0.0	0.0
63	0	0.13880126183	0.0990899898888	0.0	0.0	0.0
64	0	0.343424787133	0.389452332657	0.30824742268	0.504531722054	0.158869395712
65	0	0.0	0.0	0.19364448858	0.0	0.165128205128
66	0	0.0	0.0	0.200819672131	0.0	0.223880597015
67	0	0.365306122449	0.393103448276	0.303784860558	0.510324483776	0.136550308008
68	0	0.0	0.0	0.160518444666	0.297504798464	0.0
69	0	0.0	0.0	0.158829676071	0.313417190776	0.0
70	0	0.299369747899	0.228515625	0.157200811359	0.0	0.0
71	0	0.0	0.154066985646	0.172557172557	0.320812182741	0.134615384615
72	0	0.324351297405	0.217659137577	0.169907881269	0.0	0.0
73	0	0.347614410906	0.354535974974	0.344827586207	0.488589211618	0.149425287356
74	0	0.191908713693	0.11932938856	0.0	0.0	0.0
75	0	0.352818371608	0.23629112662	0.161081081081	0.0	0.0
76	0	0.185106382979	0.109195402299	0.0	0.0	0.0
77	0	0.0	0.0	0.197734294542	0.0	0.147928994083
78	0	0.15723873442	0.0	0.0	0.0	0.0
79	0	0.181069958848	0.0	0.0	0.0	0.0
80	0	0.190965092402	0.0	0.0	0.0	0.0
81	0	0.0	0.0	0.194891201514	0.0	0.142570281124
82	0	0.0	0.15628090999	0.181727904667	0.321110009911	0.141038197845
83	0	0.343482397716	0.354969574037	0.299618320611	0.507088331516	0.174311926606
84	0	0.0	0.0	0.162271805274	0.285714285714	0.0
85	0	0.298701298701	0.516003879728	0.313253012048	0.525987525988	0.26243902439
86	0	0.296296296296	0.507543103448	0.31013916501	0.508820798514	0.268509378085
87	0	0.36443148688	0.390792291221	0.33046800382	0.533736153072	0.146788990826
88	0	0.172084130019	0.0	0.0	0.0	0.0
89	0	0.0	0.0	0.168	0.303797468354	0.0
90	0	0.330383480826	0.249015748031	0.143127962085	0.0	0.0
91	0	0.0	0.0	0.17212249208	0.0	0.246319921492
92	0	0.327788649706	0.251791197544	0.147623862487	0.0	0.0
93	0	0.337278106509	0.479479479479	0.296401515152	0.505102040816	0.246361746362
94	0	0.358050847458	0.378564405113	0.326175869121	0.50622406639	0.154970760234
95	0	0.1614481409	0.0	0.0	0.0	0.0
96	0	0.173913043478	0.0	0.0	0.0	0.0
97	0	0.310659898477	0.228658536585	0.133971291866	0.0	0.0
98	0	0.0	0.0	0.204545454545	0.0	0.141201264489
99	0	0.212031558185	0.111655239961	0.0	0.0	0.0
