#chr	normal	sample0	sample1	sample2	sample3	sample4
0	0	0.18221236261	0.0	0.151659237246	0.266793282687	0.0
1	0	0.0	0.0	0.0	0.0	0.0
2	0	0.0	0.0	0.0	0.0	0.0
3	0	0.0	0.120568796315	0.224003166122	0.237728395062	0.362573099415
4	0	0.0	0.127308838133	0.0917569193742	0.0	0.0851937130844
5	0	0.0	0.121455820188	0.0901063616295	0.0	0.0894710327456
6	0	0.183176258272	0.0	0.152084791521	0.262834306794	0.0
7	0	0.0	0.0	0.0903494837172	0.0	0.0
8	0	0.0	0.0	0.142331044093	0.232002419843	0.131563304934
9	0	0.0	0.0	0.0882114644521	0.0	0.0
10	0	0.501160092807	0.502431279151	0.494846372828	0.502411575563	0.501680757869
11	0	0.0	0.127272727273	0.230291495542	0.239201668156	0.3660552308
12	0	0.365390443479	0.505182379908	0.379351861142	0.501384767557	0.506856170553
13	0	0.0	0.0	0.139234309214	0.235939086294	0.137944862155
14	0	0.181809204029	0.0	0.149517521585	0.259698166717	0.0
15	0	0.0	0.0	0.14165074897	0.237733241189	0.13097649919
16	0	0.0	0.0	0.0	0.0	0.0
17	0	0.0	0.0	0.0	0.0	0.0
18	0	0.182027189124	0.0	0.150909090909	0.264624505929	0.0
19	0	0.0	0.0	0.0	0.0	0.0
20	0	0.0	0.0	0.138251147934	0.237298207388	0.135717107863
21	0	0.361366622865	0.508674531575	0.37370311253	0.5110775428	0.494164588529
22	0	0.175284749521	0.0	0.158626901521	0.263768408311	0.0
23	0	0.0	0.0	0.137582195245	0.23549826475	0.139402985075
24	0	0.0	0.133414190418	0.0889403706688	0.0	0.0943074764482
25	0	0.0	0.124787521248	0.0902596095794	0.0	0.085910311226
26	0	0.0	0.0	0.138609962591	0.233725726934	0.135446685879
27	0	0.0	0.0	0.0877656869724	0.0	0.0
28	0	0.0	0.0	0.137266528313	0.239012642986	0.12775110044
29	0	0.0	0.126781182901	0.0913577759871	0.0	0.0810837932765
30	0	0.0	0.0	0.0	0.0	0.0
31	0	0.0	0.121594143961	0.0923582743848	0.0	0.0920644451116
32	0	0.0	0.0	0.0	0.0	0.0
33	0	0.0	0.0	0.0860149767254	0.0	0.0
34	0	0.0	0.127772227772	0.0906171600602	0.0	0.0873975809598
35	0	0.350243708346	0.495129054936	0.387843851133	0.506428006329	0.499899295065
36	0	0.0	0.126313682314	0.089013224822	0.0	0.085792515972
37	0	0.355705373315	0.50232604177	0.382267876733	0.503511722228	0.497333735788
38	0	0.170941044242	0.200726978998	0.0	0.0	0.137444057683
39	0	0.179177247334	0.0	0.165457617013	0.262249827467	0.0
40	0	0.0	0.128833114057	0.22814221332	0.235894843276	0.363673262303
41	0	0.173678425102	0.19977880555	0.0	0.0	0.136501714846
42	0	0.0	0.124716105461	0.0881066030231	0.0	0.0855663824604
43	0	0.0	0.125881768505	0.089535591158	0.0	0.0882146790828
44	0	0.0	0.0	0.087993585889	0.0	0.0
45	0	0.0	0.0	0.134836945909	0.237367685241	0.133688257912
46	0	0.358565737052	0.492221779019	0.389147901994	0.492119620125	0.501831501832
47	0	0.0	0.0	0.147839873167	0.234983766234	0.137593609586
48	0	0.0	0.121596197643	0.0921929388364	0.0	0.0845270750787
49	0	0.0	0.0	0.140459723352	0.240004028603	0.132240547064
50	0	0.0	0.131433731313	0.0914211002715	0.0	0.0867382792892
51	0	0.0	0.0	0.0917366946779	0.0	0.0
52	0	0.191991890522	0.0	0.148671509603	0.257558790594	0.0
53	0	0.0	0.0	0.0919943820225	0.0	0.0
54	0	0.0	0.0	0.0909732016925	0.0	0.0
55	0	0.0	0.128862394436	0.0934923000497	0.0	0.0865076182839
56	0	0.0	0.0	0.0946347257969	0.0	0.0
57	0	0.0	0.126139817629	0.0970366649925	0.0	0.0890303623898
58	0	0.0	0.0	0.140818363273	0.23865798698	0.139481325723
59	0	0.0	0.0	0.0	0.0	0.0
60	0	0.0	0.0	0.139645439239	0.234029669997	0.140512212004
61	0	0.0	0.0	0.0	0.0	0.0
62	0	0.0	0.0	0.138438587767	0.235738001811	0.133333333333
63	0	0.0	0.0	0.142326608451	0.2422273318	0.141709639032
64	0	0.0	0.0	0.138504993443	0.233907704496	0.141127014313
65	0	0.0	0.0	0.0	0.0	0.0
66	0	0.0	0.122307299643	0.092494767268	0.0	0.0865601311207
67	0	0.0	0.0	0.0872258326564	0.0	0.0
68	0	0.0	0.12693123296	0.231645190291	0.2296251633	0.361828227022
69	0	0.49821958457	0.507847753581	0.506072874494	0.49858184765	0.495187487467
70	0	0.0	0.0	0.133766365574	0.23750876139	0.13563378877
71	0	0.0	0.0	0.0941353383459	0.0	0.0
72	0	0.0	0.0	0.0	0.0	0.0
73	0	0.0	0.13314995925	0.0910372608258	0.0	0.0885553092887
74	0	0.0	0.0	0.0	0.0	0.0
75	0	0.178934769599	0.0	0.154015621871	0.26495132128	0.0
76	0	0.180242292918	0.0	0.148682496744	0.259564742125	0.0
77	0	0.0	0.124801744647	0.0907649623464	0.0	0.0886975673241
78	0	0.0	0.126666666667	0.0962671905697	0.0	0.0846899031259
79	0	0.0	0.0	0.140051577068	0.23824419778	0.138913981732
80	0	0.0	0.0	0.129221879048	0.232453057536	0.139028307569
81	0	0.0	0.132156393377	0.0974045495541	0.0	0.0874010223514
82	0	0.495111458741	0.497009023624	0.505452022205	0.502286817766	0.498795664392
83	0	0.0	0.0	0.0	0.0	0.0
84	0	0.183593356819	0.0	0.151678246404	0.262324292219	0.0
85	0	0.0	0.0	0.0	0.0	0.0
86	0	0.0	0.0	0.0	0.0	0.0
87	0	0.0	0.0	0.133507327846	0.240792355166	0.138074888075
88	0	0.0	0.122328739764	0.0936885568227	0.0	0.08769659566
89	0	0.0	0.0	0.137762877172	0.232048003148	0.134335839599
90	0	0.0	0.0	0.0978282726724	0.0	0.0
91	0	0.0	0.125259310481	0.0906722773269	0.0	0.0916608548371
92	0	0.0	0.131250614009	0.0925429450899	0.0	0.0898865120016
93	0	0.180912376673	0.0	0.160921843687	0.256971514243	0.0
94	0	0.49870672503	0.500547972502	0.507960808328	0.505401080216	0.497328898297
95	0	0.0	0.121900622345	0.0886488689627	0.0	0.0872785506956
96	0	0.0	0.0	0.138452297527	0.244128675745	0.133793655559
97	0	0.18221603342	0.0	0.158587672053	0.268744399084	0.0
98	0	0.0	0.0	0.0950501062861	0.0	0.0
99	0	0.0	0.0	0.133759902498	0.237199684915	0.136408631954
