#chr	position	description	normal	sample0	sample1	sample2	sample3	sample4	sample5	sample6	sample7	sample8	sample9	sample10	sample11	sample12	sample13	sample14
1	1	1	0	0.145631067961	0.14606741573	0.127659574468	0.0	0.209523809524	0.0	0.0	0.0	0.0	0.123595505618	0.117021276596	0.0721649484536	0.0	0.152671755725	0.0
2	1	1	0	0.448275862069	0.55	0.405172413793	0.480392156863	0.478260869565	0.510869565217	0.556818181818	0.43137254902	0.512396694215	0.519607843137	0.546666666667	0.464285714286	0.449541284404	0.619565217391	0.474747474747
3	1	1	0	0.190909090909	0.144736842105	0.0	0.0	0.0	0.0	0.0	0.0	0.0	0.0	0.0	0.116504854369	0.0	0.0952380952381	0.0
4	1	1	0	0.209090909091	0.4375	0.311827956989	0.178947368421	0.125	0.34	0.245614035088	0.22	0.53982300885	0.255813953488	0.317307692308	0.25	0.31	0.30612244898	0.0
5	1	1	0	0.553571428571	0.465346534653	0.46511627907	0.576923076923	0.518181818182	0.468468468468	0.465909090909	0.567307692308	0.594339622642	0.5	0.5	0.446428571429	0.495238095238	0.43137254902	0.561224489796
6	1	1	0	0.307692307692	0.0566037735849	0.0	0.0	0.0	0.0	0.0	0.0	0.0	0.0	0.0	0.139240506329	0.0	0.131313131313	0.0
7	1	1	0	0.0	0.13	0.0980392156863	0.0	0.112359550562	0.238095238095	0.0	0.164835164835	0.0	0.235294117647	0.117647058824	0.193548387097	0.322222222222	0.117021276596	0.288461538462
8	1	1	0	0.0	0.151785714286	0.126436781609	0.0	0.0	0.0	0.0	0.0	0.0	0.0	0.0	0.159574468085	0.0	0.0	0.0
9	1	1	0	0.223300970874	0.0689655172414	0.121495327103	0.0	0.0982142857143	0.0	0.0	0.0	0.0	0.138613861386	0.0588235294118	0.0612244897959	0.0	0.120481927711	0.0
10	1	1	0	0.0	0.113924050633	0.102803738318	0.0	0.234567901235	0.213483146067	0.0	0.125	0.0	0.2	0.0560747663551	0.116071428571	0.137254901961	0.108910891089	0.252336448598
11	1	1	0	0.0	0.105263157895	0.118644067797	0.0	0.148936170213	0.245283018868	0.0	0.123711340206	0.0	0.254716981132	0.103896103896	0.239583333333	0.271844660194	0.146551724138	0.196261682243
12	1	1	0	0.509090909091	0.450980392157	0.505494505495	0.491071428571	0.508771929825	0.491228070175	0.533333333333	0.484848484848	0.573913043478	0.405405405405	0.524752475248	0.43956043956	0.442105263158	0.553191489362	0.47191011236
13	1	1	0	0.0	0.150537634409	0.0	0.278846153846	0.0	0.264957264957	0.0	0.180722891566	0.303571428571	0.0	0.104166666667	0.0	0.33734939759	0.0	0.0
14	1	1	0	0.0	0.161616161616	0.180952380952	0.0	0.0	0.0	0.0	0.0	0.0	0.0	0.0	0.116071428571	0.0	0.0	0.0
15	1	1	0	0.194690265487	0.11320754717	0.0	0.0	0.0	0.0	0.0	0.0	0.0	0.0	0.0	0.0873786407767	0.0	0.0943396226415	0.0
16	1	1	0	0.0	0.10752688172	0.0816326530612	0.0	0.142857142857	0.14	0.0	0.0756302521008	0.0	0.254901960784	0.140495867769	0.0777777777778	0.21875	0.0909090909091	0.263157894737
17	1	1	0	0.0	0.126126126126	0.0	0.0	0.14	0.0	0.0	0.0	0.0	0.157894736842	0.214285714286	0.127450980392	0.0	0.175257731959	0.310344827586
18	1	1	0	0.212765957447	0.301075268817	0.112244897959	0.25641025641	0.125	0.285714285714	0.15	0.09	0.451612903226	0.0918367346939	0.128205128205	0.116504854369	0.309278350515	0.205128205128	0.0
19	1	1	0	0.515789473684	0.567010309278	0.538461538462	0.504587155963	0.413043478261	0.5	0.532710280374	0.494623655914	0.442307692308	0.424242424242	0.553398058252	0.521739130435	0.523364485981	0.54347826087	0.515463917526
20	1	1	0	0.280898876404	0.0721649484536	0.18085106383	0.0	0.135922330097	0.0	0.0	0.0	0.0	0.142857142857	0.0980392156863	0.0792079207921	0.0	0.130434782609	0.0
21	1	1	0	0.486486486486	0.53125	0.424528301887	0.444444444444	0.490740740741	0.442307692308	0.452631578947	0.530612244898	0.463414634146	0.459183673469	0.522935779817	0.504201680672	0.453703703704	0.471153846154	0.590909090909
22	1	1	0	0.0	0.121212121212	0.0	0.0	0.153846153846	0.0	0.0	0.0	0.0	0.109243697479	0.135922330097	0.0740740740741	0.0	0.128440366972	0.296296296296
23	1	1	0	0.0	0.113402061856	0.0714285714286	0.0	0.173469387755	0.211009174312	0.0	0.138613861386	0.0	0.11320754717	0.186274509804	0.0618556701031	0.179245283019	0.103448275862	0.25
24	1	1	0	0.0	0.148936170213	0.10989010989	0.0	0.0	0.0	0.0	0.0	0.0	0.0	0.0	0.127450980392	0.0	0.0	0.0
25	1	1	0	0.316831683168	0.133333333333	0.04	0.0	0.119658119658	0.0	0.0	0.0	0.0	0.11	0.0659340659341	0.0865384615385	0.0	0.144444444444	0.0
26	1	1	0	0.342105263158	0.113402061856	0.0	0.0	0.0	0.0	0.0	0.0	0.0	0.0	0.0	0.123711340206	0.0	0.122641509434	0.0
27	1	1	0	0.0	0.159574468085	0.0	0.0	0.173469387755	0.0	0.0	0.0	0.0	0.103092783505	0.101694915254	0.170542635659	0.0	0.149122807018	0.25
28	1	1	0	0.221052631579	0.116504854369	0.120879120879	0.0	0.110169491525	0.0	0.0	0.0	0.0	0.12	0.0625	0.133333333333	0.0	0.174311926606	0.0
29	1	1	0	0.170212765957	0.25641025641	0.0918367346939	0.247311827957	0.104347826087	0.3125	0.0932203389831	0.175925925926	0.448979591837	0.105263157895	0.148514851485	0.122641509434	0.298076923077	0.170454545455	0.0
30	1	1	0	0.241758241758	0.121212121212	0.15	0.0	0.0853658536585	0.0	0.0	0.0	0.0	0.10989010989	0.13	0.183673469388	0.0	0.18018018018	0.0
31	1	1	0	0.173469387755	0.467889908257	0.275510204082	0.220183486239	0.0970873786408	0.397959183673	0.211538461538	0.227722772277	0.504761904762	0.296703296703	0.367816091954	0.2	0.185567010309	0.126315789474	0.0
32	1	1	0	0.175	0.375	0.313043478261	0.263157894737	0.160714285714	0.342857142857	0.141509433962	0.109090909091	0.528846153846	0.175925925926	0.386138613861	0.295081967213	0.293577981651	0.259259259259	0.0
33	1	1	0	0.526785714286	0.446428571429	0.422222222222	0.46875	0.509259259259	0.593023255814	0.479591836735	0.49593495935	0.55	0.530612244898	0.45652173913	0.56862745098	0.481927710843	0.462365591398	0.544554455446
34	1	1	0	0.0	0.0860215053763	0.0841121495327	0.0	0.144144144144	0.173469387755	0.0	0.125	0.0	0.254237288136	0.0873786407767	0.0916030534351	0.20652173913	0.0925925925926	0.238636363636
35	1	1	0	0.170212765957	0.255102040816	0.111111111111	0.22	0.141666666667	0.300970873786	0.285714285714	0.239583333333	0.567567567568	0.046511627907	0.255555555556	0.0927835051546	0.295238095238	0.186274509804	0.0
36	1	1	0	0.0	0.137254901961	0.103092783505	0.0	0.11320754717	0.182795698925	0.0	0.114583333333	0.0	0.169811320755	0.134615384615	0.12037037037	0.244897959184	0.13829787234	0.190909090909
37	1	1	0	0.0	0.0380952380952	0.0849056603774	0.0	0.230769230769	0.185567010309	0.0	0.131868131868	0.0	0.246913580247	0.133333333333	0.0990099009901	0.157303370787	0.112359550562	0.281553398058
38	1	1	0	0.222222222222	0.112244897959	0.308641975309	0.0	0.423423423423	0.183673469388	0.315217391304	0.111111111111	0.0	0.221153846154	0.141509433962	0.208333333333	0.16935483871	0.245454545455	0.21359223301
39	1	1	0	0.25	0.0990099009901	0.0	0.0	0.0	0.0	0.0	0.0	0.0	0.0	0.0	0.139784946237	0.0	0.141509433962	0.0
40	1	1	0	0.221238938053	0.0849056603774	0.105882352941	0.0	0.145454545455	0.0	0.0	0.0	0.0	0.0666666666667	0.106194690265	0.0722891566265	0.0	0.148514851485	0.0
41	1	1	0	0.220183486239	0.106382978723	0.0	0.0	0.0	0.0	0.0	0.0	0.0	0.0	0.0	0.107142857143	0.0	0.117647058824	0.0
42	1	1	0	0.0	0.185567010309	0.0	0.0	0.156862745098	0.0	0.0	0.0	0.0	0.184466019417	0.103773584906	0.134020618557	0.0	0.125	0.180327868852
43	1	1	0	0.0	0.0520833333333	0.0	0.242718446602	0.0	0.233333333333	0.0	0.231481481481	0.23275862069	0.0	0.19801980198	0.0	0.267441860465	0.0	0.0
44	1	1	0	0.0	0.111111111111	0.129032258065	0.0	0.211538461538	0.279279279279	0.0	0.169642857143	0.0	0.166666666667	0.178947368421	0.121495327103	0.148148148148	0.0754716981132	0.233009708738
45	1	1	0	0.0	0.103448275862	0.112068965517	0.0	0.190476190476	0.183486238532	0.0	0.104	0.0	0.229166666667	0.0898876404494	0.129032258065	0.232558139535	0.104761904762	0.336956521739
46	1	1	0	0.300970873786	0.1	0.189473684211	0.0	0.284210526316	0.227722772277	0.3125	0.178217821782	0.0	0.316831683168	0.145631067961	0.2	0.175925925926	0.237623762376	0.150537634409
47	1	1	0	0.285714285714	0.171428571429	0.101851851852	0.0	0.148514851485	0.0	0.0	0.0	0.0	0.1	0.0943396226415	0.104166666667	0.0	0.194444444444	0.0
48	1	1	0	0.0	0.104651162791	0.0	0.185567010309	0.0	0.29	0.0	0.132743362832	0.252747252747	0.0	0.128440366972	0.0	0.292452830189	0.0	0.0
49	1	1	0	0.588235294118	0.5	0.575471698113	0.48	0.504761904762	0.485981308411	0.443037974684	0.520833333333	0.524752475248	0.566265060241	0.458823529412	0.483516483516	0.479591836735	0.584158415842	0.430107526882
50	1	1	0	0.19587628866	0.333333333333	0.0884955752212	0.161290322581	0.111111111111	0.24	0.237623762376	0.213483146067	0.495327102804	0.0980392156863	0.186046511628	0.127906976744	0.288659793814	0.201923076923	0.0
51	1	1	0	0.0	0.110091743119	0.105263157895	0.0	0.131313131313	0.198113207547	0.0	0.118181818182	0.0	0.245098039216	0.133928571429	0.11214953271	0.133333333333	0.0927835051546	0.214285714286
52	1	1	0	0.261904761905	0.25	0.173913043478	0.212765957447	0.181818181818	0.359550561798	0.209523809524	0.157407407407	0.53125	0.123595505618	0.2375	0.037037037037	0.31	0.242990654206	0.0
53	1	1	0	0.177083333333	0.138613861386	0.15306122449	0.0	0.0947368421053	0.0	0.0	0.0	0.0	0.0673076923077	0.130841121495	0.194444444444	0.0	0.142857142857	0.0
54	1	1	0	0.19512195122	0.28431372549	0.0909090909091	0.317073170732	0.119047619048	0.323529411765	0.209677419355	0.166666666667	0.51376146789	0.141592920354	0.211111111111	0.173913043478	0.282608695652	0.12380952381	0.0
55	1	1	0	0.0	0.125	0.116504854369	0.0	0.170731707317	0.181818181818	0.0	0.0804597701149	0.0	0.32967032967	0.0769230769231	0.12	0.178217821782	0.14953271028	0.2
56	1	1	0	0.244897959184	0.36	0.255319148936	0.339622641509	0.170454545455	0.261363636364	0.188235294118	0.142857142857	0.54128440367	0.295238095238	0.344827586207	0.215909090909	0.174757281553	0.2	0.0
57	1	1	0	0.309090909091	0.140350877193	0.150537634409	0.0	0.0686274509804	0.0	0.0	0.0	0.0	0.117021276596	0.0865384615385	0.0990099009901	0.0	0.184466019417	0.0
58	1	1	0	0.192307692308	0.0810810810811	0.168224299065	0.0	0.08	0.0	0.0	0.0	0.0	0.0666666666667	0.121495327103	0.0943396226415	0.0	0.102272727273	0.0
59	1	1	0	0.262626262626	0.132653061224	0.112359550562	0.0	0.131313131313	0.0	0.0	0.0	0.0	0.103448275862	0.162790697674	0.0537634408602	0.0	0.128440366972	0.0
60	1	1	0	0.0	0.0826446280992	0.106382978723	0.0	0.2	0.204918032787	0.0	0.105882352941	0.0	0.154761904762	0.0777777777778	0.113402061856	0.208333333333	0.158415841584	0.204301075269
61	1	1	0	0.0	0.0520833333333	0.0900900900901	0.0	0.181818181818	0.238636363636	0.0	0.136363636364	0.0	0.298969072165	0.137096774194	0.0666666666667	0.172413793103	0.0673076923077	0.228070175439
62	1	1	0	0.528925619835	0.557894736842	0.474747474747	0.685185185185	0.522727272727	0.488372093023	0.52427184466	0.478723404255	0.443396226415	0.516129032258	0.556701030928	0.533333333333	0.489130434783	0.483870967742	0.462962962963
63	1	1	0	0.0	0.137614678899	0.12	0.0	0.14	0.159090909091	0.0	0.175824175824	0.0	0.185185185185	0.114942528736	0.0795454545455	0.253012048193	0.139784946237	0.191489361702
64	1	1	0	0.192307692308	0.318181818182	0.142857142857	0.204301075269	0.128440366972	0.246913580247	0.161290322581	0.212121212121	0.474226804124	0.0630630630631	0.283185840708	0.12389380531	0.344086021505	0.242718446602	0.0
65	1	1	0	0.0	0.114285714286	0.0	0.0	0.139130434783	0.0	0.0	0.0	0.0	0.113636363636	0.122807017544	0.125	0.0	0.247706422018	0.240384615385
66	1	1	0	0.219047619048	0.119658119658	0.0	0.0	0.0	0.0	0.0	0.0	0.0	0.0	0.0	0.0666666666667	0.0	0.0961538461538	0.0
67	1	1	0	0.0	0.0882352941176	0.130434782609	0.0	0.132075471698	0.233644859813	0.0	0.126315789474	0.0	0.179245283019	0.109756097561	0.157894736842	0.230769230769	0.09375	0.260416666667
68	1	1	0	0.0	0.132075471698	0.0	0.0	0.188888888889	0.0	0.0	0.0	0.0	0.15306122449	0.121212121212	0.115789473684	0.0	0.168674698795	0.170212765957
69	1	1	0	0.0	0.144230769231	0.0	0.265306122449	0.0	0.26213592233	0.0	0.179487179487	0.317647058824	0.0	0.10101010101	0.0	0.259615384615	0.0	0.0
70	1	1	0	0.204301075269	0.09375	0.0804597701149	0.0	0.158878504673	0.0	0.0	0.0	0.0	0.0833333333333	0.0841121495327	0.162601626016	0.0	0.191489361702	0.0
71	1	1	0	0.212765957447	0.0869565217391	0.0	0.0	0.0	0.0	0.0	0.0	0.0	0.0	0.0	0.153846153846	0.0	0.129032258065	0.0
72	1	1	0	0.0	0.118279569892	0.0	0.0	0.202127659574	0.0	0.0	0.0	0.0	0.185567010309	0.102040816327	0.173469387755	0.0	0.149425287356	0.183486238532
73	1	1	0	0.225490196078	0.299065420561	0.0740740740741	0.260869565217	0.111111111111	0.234042553191	0.214953271028	0.222222222222	0.490196078431	0.0679611650485	0.228070175439	0.141414141414	0.308510638298	0.205357142857	0.0
74	1	1	0	0.0	0.100917431193	0.113636363636	0.0	0.0	0.0	0.0	0.0	0.0	0.0	0.0	0.142857142857	0.0	0.0	0.0
75	1	1	0	0.218181818182	0.12389380531	0.141414141414	0.0	0.171717171717	0.0	0.0	0.0	0.0	0.0673076923077	0.0940170940171	0.112359550562	0.0	0.172043010753	0.0
76	1	1	0	0.0	0.102272727273	0.0	0.0	0.201834862385	0.0	0.0	0.0	0.0	0.0879120879121	0.0860215053763	0.172727272727	0.0	0.15	0.323232323232
77	1	1	0	0.0	0.226804123711	0.0990990990991	0.0	0.19387755102	0.168224299065	0.0	0.164835164835	0.0	0.203703703704	0.0964912280702	0.1	0.207547169811	0.150943396226	0.280373831776
78	1	1	0	0.0	0.125	0.0	0.273684210526	0.0	0.30612244898	0.0	0.189189189189	0.223300970874	0.0	0.0769230769231	0.0	0.25	0.0	0.0
79	1	1	0	0.438095238095	0.470588235294	0.433734939759	0.43956043956	0.521276595745	0.530434782609	0.477876106195	0.48	0.429906542056	0.559322033898	0.457831325301	0.461538461538	0.467889908257	0.463414634146	0.46875
80	1	1	0	0.224719101124	0.178571428571	0.0714285714286	0.0	0.0909090909091	0.0	0.0	0.0	0.0	0.0857142857143	0.102040816327	0.166666666667	0.0	0.15625	0.0
81	1	1	0	0.235294117647	0.0975609756098	0.100917431193	0.0	0.144444444444	0.0	0.0	0.0	0.0	0.135416666667	0.165137614679	0.11320754717	0.0	0.128440366972	0.0
82	1	1	0	0.0	0.0879120879121	0.117647058824	0.0	0.25	0.169811320755	0.0	0.13	0.0	0.150943396226	0.121212121212	0.123711340206	0.285714285714	0.166666666667	0.290697674419
83	1	1	0	0.0	0.118811881188	0.054347826087	0.0	0.192660550459	0.180952380952	0.0	0.179487179487	0.0	0.2	0.119658119658	0.108108108108	0.181818181818	0.165354330709	0.18487394958
84	1	1	0	0.172043010753	0.281818181818	0.151785714286	0.24	0.146341463415	0.329268292683	0.235849056604	0.207547169811	0.542168674699	0.144230769231	0.243243243243	0.131313131313	0.322580645161	0.254901960784	0.0
85	1	1	0	0.0	0.0761904761905	0.0	0.30612244898	0.0	0.340659340659	0.0	0.229166666667	0.333333333333	0.0	0.111111111111	0.0	0.196078431373	0.0	0.0
86	1	1	0	0.443181818182	0.564814814815	0.52	0.480769230769	0.463917525773	0.543859649123	0.548076923077	0.489130434783	0.445544554455	0.515463917526	0.541666666667	0.454545454545	0.477777777778	0.5	0.504424778761
87	1	1	0	0.0	0.0803571428571	0.118181818182	0.0	0.128205128205	0.196078431373	0.0	0.148148148148	0.0	0.181818181818	0.128712871287	0.10752688172	0.148936170213	0.0816326530612	0.237623762376
88	1	1	0	0.0	0.106382978723	0.14606741573	0.0	0.0	0.0	0.0	0.0	0.0	0.0	0.0	0.117647058824	0.0	0.0	0.0
89	1	1	0	0.0	0.180952380952	0.0630630630631	0.0	0.190476190476	0.166666666667	0.0	0.0769230769231	0.0	0.25	0.121212121212	0.132743362832	0.18	0.0857142857143	0.256097560976
90	1	1	0	0.0	0.18085106383	0.107142857143	0.0	0.136842105263	0.237113402062	0.0	0.182692307692	0.0	0.259615384615	0.135135135135	0.18	0.142857142857	0.105769230769	0.2
91	1	1	0	0.252525252525	0.401960784314	0.224299065421	0.265957446809	0.101851851852	0.36170212766	0.147368421053	0.23	0.532608695652	0.313131313131	0.330275229358	0.242105263158	0.307692307692	0.196078431373	0.0
92	1	1	0	0.239130434783	0.0891089108911	0.0	0.0	0.0	0.0	0.0	0.0	0.0	0.0	0.0	0.09375	0.0	0.108333333333	0.0
93	1	1	0	0.196078431373	0.261363636364	0.0842105263158	0.223214285714	0.138888888889	0.248120300752	0.176470588235	0.213483146067	0.438202247191	0.0909090909091	0.238532110092	0.09375	0.33	0.269230769231	0.0
94	1	1	0	0.115789473684	0.126436781609	0.132743362832	0.0	0.0724637681159	0.0	0.0	0.0	0.0	0.1	0.0957446808511	0.145833333333	0.0	0.128712871287	0.0
95	1	1	0	0.0	0.111111111111	0.0	0.25	0.0	0.306451612903	0.0	0.168674698795	0.318584070796	0.0	0.153846153846	0.0	0.214285714286	0.0	0.0
96	1	1	0	0.448275862069	0.447368421053	0.485981308411	0.525252525253	0.576923076923	0.5	0.432692307692	0.472527472527	0.452173913043	0.495412844037	0.468085106383	0.5	0.589473684211	0.474226804124	0.455445544554
97	1	1	0	0.307692307692	0.0873786407767	0.0	0.0	0.0	0.0	0.0	0.0	0.0	0.0	0.0	0.13	0.0	0.136363636364	0.0
98	1	1	0	0.0	0.114285714286	0.0	0.0	0.161290322581	0.0	0.0	0.0	0.0	0.14	0.18	0.107843137255	0.0	0.0679611650485	0.164948453608
99	1	1	0	0.257731958763	0.396226415094	0.23595505618	0.22619047619	0.14606741573	0.277777777778	0.17094017094	0.237288135593	0.495327102804	0.23595505618	0.363636363636	0.252252252252	0.322222222222	0.201923076923	0.0
100	1	1	0	0.27619047619	0.0963855421687	0.0	0.0	0.0	0.0	0.0	0.0	0.0	0.0	0.0	0.157894736842	0.0	0.145631067961	0.0
