Num_mutations: 100
Num_samples: 10
Error_rate: 0.030000

0.000000000000000000e+00 6.736131785253547388e-01 0.000000000000000000e+00 4.093032501739389817e-01 6.450381679389313172e-01 0.000000000000000000e+00 2.276390800078631760e-01 4.985587913726269860e-01 2.907258064516128893e-01 5.812500000000000444e-01
0.000000000000000000e+00 0.000000000000000000e+00 4.227544910179640847e-01 5.717324052590874173e-01 0.000000000000000000e+00 0.000000000000000000e+00 0.000000000000000000e+00 0.000000000000000000e+00 0.000000000000000000e+00 0.000000000000000000e+00
2.095904095904095876e-01 0.000000000000000000e+00 2.864779251633339796e-01 0.000000000000000000e+00 3.350192190977139273e-01 4.939116433531247075e-01 0.000000000000000000e+00 0.000000000000000000e+00 0.000000000000000000e+00 0.000000000000000000e+00
2.138629752231918923e-01 6.497523501465682916e-01 2.847721822541966485e-01 3.961857889880037176e-01 1.003598560575769794e+00 9.966189339697693050e-01 4.230963697037111726e-01 7.801036682615629658e-01 2.985791474884930685e-01 5.676392572944296555e-01
3.794167413158156532e-01 0.000000000000000000e+00 0.000000000000000000e+00 0.000000000000000000e+00 0.000000000000000000e+00 0.000000000000000000e+00 3.546677537708927686e-01 0.000000000000000000e+00 4.624300166977703408e-01 0.000000000000000000e+00
0.000000000000000000e+00 6.681314291421152074e-01 0.000000000000000000e+00 4.014401440144014233e-01 6.804416084270231702e-01 0.000000000000000000e+00 2.315125221849733683e-01 5.045153521974714561e-01 2.747743279436563602e-01 5.751424857514249034e-01
3.593877551020407957e-01 0.000000000000000000e+00 0.000000000000000000e+00 0.000000000000000000e+00 0.000000000000000000e+00 0.000000000000000000e+00 3.776876267748478511e-01 0.000000000000000000e+00 4.620409779273483286e-01 0.000000000000000000e+00
0.000000000000000000e+00 6.696150366871042037e-01 0.000000000000000000e+00 4.113095238095237915e-01 6.730555835771209194e-01 0.000000000000000000e+00 2.298686755573653706e-01 4.905215597681956696e-01 2.830824088748019052e-01 5.876216270438359146e-01
0.000000000000000000e+00 3.396603396603396496e-01 0.000000000000000000e+00 0.000000000000000000e+00 3.305355715427658048e-01 0.000000000000000000e+00 2.208245981830887494e-01 2.574077806893771414e-01 2.890948530861762733e-01 2.881355932203389925e-01
0.000000000000000000e+00 6.624078624078624244e-01 0.000000000000000000e+00 4.204192157256042561e-01 6.874443455031166161e-01 0.000000000000000000e+00 2.289756875249103207e-01 5.236306110342100473e-01 2.741451709658068170e-01 5.728803427318920338e-01
2.082455612398435019e-01 6.604191858121725156e-01 2.855162855162854951e-01 3.976272862086011051e-01 1.000000000000000000e+00 9.984926138076575253e-01 4.339489353113331060e-01 7.593528816986855334e-01 2.904389657245941003e-01 5.671641791044775838e-01
0.000000000000000000e+00 3.373203337018795822e-01 0.000000000000000000e+00 0.000000000000000000e+00 3.297505576962076468e-01 0.000000000000000000e+00 2.297041538001793060e-01 2.554150739978437445e-01 2.857142857142856984e-01 2.890632760504618926e-01
6.317671600278136346e-01 9.914240127642600653e-01 5.775904323105577332e-01 3.976272862086011051e-01 9.896269698783163316e-01 9.965842877235282504e-01 6.133787985156955447e-01 9.924127465857359720e-01 5.256435841149471599e-01 9.940191387559809133e-01
0.000000000000000000e+00 6.855201359048666010e-01 0.000000000000000000e+00 4.055145248645987133e-01 6.626589139647186544e-01 0.000000000000000000e+00 2.354945385309149264e-01 5.182055924361295141e-01 2.728437654016757086e-01 5.540160642570280958e-01
0.000000000000000000e+00 6.636119135372049449e-01 0.000000000000000000e+00 4.083058800039932046e-01 6.641985191114668785e-01 5.249375312343828037e-01 2.275937531085248100e-01 7.624746450304259460e-01 2.784062961141170467e-01 5.675355450236966304e-01
0.000000000000000000e+00 6.627745893528597110e-01 0.000000000000000000e+00 3.975735879077167967e-01 6.496394230769231282e-01 0.000000000000000000e+00 2.447129909365558798e-01 5.170437405731523883e-01 2.714045333069385335e-01 5.613356408429196476e-01
0.000000000000000000e+00 6.549533452451856697e-01 0.000000000000000000e+00 4.154077038519259357e-01 6.564363209852409620e-01 5.017674783974862551e-01 2.183582693085321380e-01 7.728470111448835222e-01 2.730955439185850930e-01 5.818402672335256653e-01
2.232250300842358592e-01 6.571285642821410589e-01 2.902612351116004574e-01 4.108151735270379468e-01 1.003397282174260496e+00 9.957055827424348138e-01 4.129811022063916148e-01 7.550295857988165160e-01 2.794176306342241456e-01 5.550019928258270729e-01
0.000000000000000000e+00 6.700030027024321821e-01 0.000000000000000000e+00 4.079835632521279787e-01 6.816297644323121574e-01 5.023190159306312186e-01 2.280419016921837183e-01 7.634528016153457886e-01 2.911354281698624868e-01 5.615953031683368346e-01
0.000000000000000000e+00 6.637493784186971890e-01 0.000000000000000000e+00 4.098854731766123916e-01 6.642563020990258638e-01 0.000000000000000000e+00 2.387337433208992776e-01 5.015554440541896142e-01 2.833836858006042458e-01 5.833586703151920627e-01
0.000000000000000000e+00 6.836907730673317252e-01 0.000000000000000000e+00 4.063160012068792182e-01 6.718377088305489409e-01 0.000000000000000000e+00 2.243422373970676842e-01 5.224555410429015945e-01 2.884402932610223846e-01 5.774874371859296529e-01
2.145914203244749796e-01 6.697543294401933078e-01 2.821568430565317698e-01 4.002776951304175546e-01 1.003296373988612489e+00 1.003377036154151858e+00 4.324919871794871695e-01 7.873294152804064527e-01 2.747442001823523494e-01 5.733226195259140123e-01
2.269165922840424565e-01 6.595786963434022709e-01 2.923365223394812085e-01 4.146485528647371743e-01 9.871090236834215714e-01 1.000988142292490224e+00 4.234117058529264788e-01 7.743031271855330688e-01 2.748748748748748860e-01 5.726341169379144391e-01
4.235865277637301252e-01 3.366983372921615314e-01 2.859162039374053554e-01 3.975504467422949495e-01 6.642051691447958817e-01 1.011738514470754913e+00 3.930798632065982678e-01 7.373373373373373063e-01 2.572647835805730310e-01 7.001865854856132998e-01
0.000000000000000000e+00 0.000000000000000000e+00 4.039408866995073955e-01 6.005688744412840396e-01 0.000000000000000000e+00 0.000000000000000000e+00 0.000000000000000000e+00 0.000000000000000000e+00 0.000000000000000000e+00 0.000000000000000000e+00
2.192618906650878330e-01 0.000000000000000000e+00 2.769324406573341335e-01 0.000000000000000000e+00 3.279463933780055185e-01 4.897061762942234719e-01 0.000000000000000000e+00 0.000000000000000000e+00 0.000000000000000000e+00 0.000000000000000000e+00
2.163882259347653103e-01 6.595185110256929217e-01 2.919663661229865426e-01 4.146146146146146294e-01 9.981836528758829541e-01 9.896290386916632986e-01 4.277733439744613175e-01 7.651515151515151381e-01 2.719411589305237853e-01 5.634960408940563603e-01
0.000000000000000000e+00 6.645656883986605923e-01 0.000000000000000000e+00 4.113460960208479289e-01 6.800359173900030196e-01 5.091202257381840512e-01 2.291942548640114041e-01 7.666075300611078225e-01 2.900136798905608715e-01 5.750868486352357367e-01
6.364822808954924138e-01 1.007147890868821172e+00 5.872999899366005971e-01 4.019675356615838857e-01 1.020903174916190093e+00 1.017818959372772669e+00 6.123658661216146992e-01 9.860360819488329653e-01 5.387999999999999456e-01 1.001192605843768568e+00
2.240523913474895823e-01 0.000000000000000000e+00 3.053589484327603465e-01 0.000000000000000000e+00 3.305372478530058111e-01 5.060264769808338059e-01 0.000000000000000000e+00 0.000000000000000000e+00 0.000000000000000000e+00 0.000000000000000000e+00
0.000000000000000000e+00 3.428288822947576642e-01 0.000000000000000000e+00 0.000000000000000000e+00 3.349426674713337215e-01 0.000000000000000000e+00 2.266828872668288641e-01 2.621466653254199697e-01 2.874227626071357289e-01 2.969599355747936653e-01
0.000000000000000000e+00 6.684663067386522606e-01 0.000000000000000000e+00 4.140308191403082039e-01 6.667330082595283036e-01 5.002026753141467497e-01 2.223331004889731455e-01 7.807497467071935482e-01 2.821733095379734269e-01 5.678787878787878718e-01
3.638527923817081455e-01 0.000000000000000000e+00 0.000000000000000000e+00 0.000000000000000000e+00 0.000000000000000000e+00 0.000000000000000000e+00 3.713832738803012345e-01 0.000000000000000000e+00 4.467506297229218992e-01 0.000000000000000000e+00
3.665306934633369984e-01 0.000000000000000000e+00 0.000000000000000000e+00 0.000000000000000000e+00 0.000000000000000000e+00 0.000000000000000000e+00 3.693026088721957367e-01 0.000000000000000000e+00 4.732286634460547425e-01 0.000000000000000000e+00
3.696131489276408000e-01 0.000000000000000000e+00 0.000000000000000000e+00 0.000000000000000000e+00 0.000000000000000000e+00 0.000000000000000000e+00 3.830855765367617294e-01 0.000000000000000000e+00 4.693169425993853339e-01 0.000000000000000000e+00
2.172396611858495308e-01 6.574128765505020677e-01 2.961096553114291319e-01 4.179398718580581429e-01 9.736524537409493307e-01 9.977057356608478589e-01 4.197751914851288180e-01 7.849259222432136696e-01 2.808171400099651049e-01 5.724027276373846451e-01
4.133175728920409631e-01 6.678006804082449177e-01 2.748060844162385497e-01 3.998815165876777322e-01 9.950339515556906322e-01 9.685205672332294347e-01 6.346555323590814535e-01 9.971898835808912231e-01 5.430855789161977976e-01 5.627261761158022235e-01
0.000000000000000000e+00 6.559746559746559846e-01 0.000000000000000000e+00 4.043307086614173484e-01 6.688976777203123891e-01 5.115818649772322368e-01 2.229547497752472351e-01 7.744774477447744498e-01 2.799762564305500745e-01 5.819688700222357403e-01
0.000000000000000000e+00 3.413446912077882645e-01 0.000000000000000000e+00 0.000000000000000000e+00 3.388905729008790391e-01 0.000000000000000000e+00 2.284913965586234386e-01 2.617469581560985525e-01 2.784684236698160009e-01 2.907935246797099804e-01
0.000000000000000000e+00 3.446684722640184773e-01 0.000000000000000000e+00 0.000000000000000000e+00 3.422491796758476701e-01 0.000000000000000000e+00 2.284916758050044849e-01 2.787255909558067901e-01 2.756326242564774431e-01 2.914753443801157973e-01
3.855084067253802815e-01 0.000000000000000000e+00 0.000000000000000000e+00 0.000000000000000000e+00 0.000000000000000000e+00 0.000000000000000000e+00 3.785255786811904111e-01 0.000000000000000000e+00 4.622043281328636066e-01 0.000000000000000000e+00
0.000000000000000000e+00 6.811133200795228548e-01 0.000000000000000000e+00 4.226927686775868720e-01 6.726196448279321283e-01 0.000000000000000000e+00 2.255288996862030437e-01 5.191251373214820219e-01 2.844372206420154314e-01 5.725020308692120308e-01
3.683208020050125486e-01 0.000000000000000000e+00 0.000000000000000000e+00 0.000000000000000000e+00 0.000000000000000000e+00 0.000000000000000000e+00 3.841931942919868392e-01 0.000000000000000000e+00 4.720534629404617433e-01 0.000000000000000000e+00
0.000000000000000000e+00 6.567796610169491789e-01 0.000000000000000000e+00 4.081021752145280179e-01 6.656063618290258832e-01 0.000000000000000000e+00 2.214931901779501056e-01 5.182677949228471359e-01 2.799798285426122191e-01 5.602771833282380598e-01
0.000000000000000000e+00 6.656662665066026552e-01 0.000000000000000000e+00 4.174156181346115324e-01 6.688902365069738787e-01 5.033125878337683101e-01 2.149635401058835327e-01 7.522772277227722793e-01 2.792855028125925121e-01 5.578421578421578486e-01
0.000000000000000000e+00 6.587405541561712763e-01 0.000000000000000000e+00 4.048477564102563875e-01 6.696356275303643191e-01 0.000000000000000000e+00 2.255366320669152380e-01 5.092140651459308165e-01 2.769690927218345089e-01 5.601465499694687766e-01
2.144772117962466529e-01 0.000000000000000000e+00 2.916913360963094282e-01 0.000000000000000000e+00 3.287945534641569800e-01 4.810303514376996770e-01 0.000000000000000000e+00 0.000000000000000000e+00 0.000000000000000000e+00 0.000000000000000000e+00
0.000000000000000000e+00 6.498454173730926486e-01 0.000000000000000000e+00 4.076228686058174788e-01 6.811549841852871934e-01 0.000000000000000000e+00 2.072108567956248704e-01 5.068288306250623432e-01 2.880478087649402386e-01 5.706548992077022930e-01
6.288557213930348055e-01 9.878446486806996552e-01 5.844867071592153573e-01 4.106629670002973076e-01 9.905142286570144394e-01 1.007018247443352665e+00 6.213142799637717539e-01 1.015802269043760031e+00 5.363173144170246820e-01 9.920424403183023543e-01
2.110277721467666845e-01 6.691502215062424819e-01 2.936282467532467799e-01 4.261701056869652837e-01 9.953826505550643633e-01 1.010197010197010137e+00 4.399838612063748378e-01 7.618000000000000327e-01 2.833200319233838971e-01 5.673154906731548985e-01
0.000000000000000000e+00 6.677287663048889765e-01 0.000000000000000000e+00 4.080095162569389311e-01 6.680799515445184911e-01 0.000000000000000000e+00 2.248178097234700967e-01 5.070764253942580124e-01 2.817862518815855699e-01 5.750595710881651890e-01
0.000000000000000000e+00 6.672037055684221230e-01 0.000000000000000000e+00 4.027059291683247055e-01 6.678089094940535819e-01 0.000000000000000000e+00 2.297283752631051335e-01 5.138985752714955169e-01 2.739809369296288821e-01 5.703233485419559878e-01
0.000000000000000000e+00 3.402358069949469876e-01 0.000000000000000000e+00 0.000000000000000000e+00 3.216977389924632891e-01 0.000000000000000000e+00 2.221339161533876505e-01 2.615353616764053979e-01 2.910807553234230349e-01 2.879431223462032285e-01
3.525416957954659036e-01 0.000000000000000000e+00 0.000000000000000000e+00 0.000000000000000000e+00 0.000000000000000000e+00 0.000000000000000000e+00 3.779340398138060775e-01 0.000000000000000000e+00 4.545092574158869358e-01 0.000000000000000000e+00
0.000000000000000000e+00 6.705434128734710786e-01 0.000000000000000000e+00 3.981416018583981420e-01 6.620258272800645383e-01 0.000000000000000000e+00 2.143138025953598147e-01 5.152569327104661312e-01 2.710813243973191899e-01 5.830100061261996869e-01
2.187311178247734189e-01 6.847471451876019355e-01 3.005905511811023390e-01 4.076648133439237376e-01 9.939357789044637181e-01 1.002684697225812771e+00 4.141760904684975708e-01 7.889522665866106621e-01 2.808638874937217644e-01 5.766562782748567706e-01
0.000000000000000000e+00 6.714815929381081627e-01 0.000000000000000000e+00 4.131988641926955808e-01 6.781341697865020945e-01 0.000000000000000000e+00 2.099869386114739389e-01 4.963144963144963118e-01 2.855133614627285432e-01 5.690426483745899544e-01
0.000000000000000000e+00 3.439528612803355867e-01 0.000000000000000000e+00 0.000000000000000000e+00 3.297533810660302489e-01 0.000000000000000000e+00 2.287667102221328796e-01 2.516064257028112205e-01 2.771594602580518263e-01 3.009573195053849015e-01
0.000000000000000000e+00 3.411319289389379561e-01 0.000000000000000000e+00 0.000000000000000000e+00 3.451704545454545303e-01 0.000000000000000000e+00 2.250564112626312063e-01 2.602015364661279251e-01 2.813431353069739682e-01 2.869223799456357415e-01
4.293773927060245965e-01 3.297670232976702143e-01 2.931958345971084623e-01 4.085934333198216195e-01 6.679347282010211773e-01 9.899699097291875249e-01 3.986385023525878535e-01 7.485577879450965311e-01 2.593340060544904180e-01 7.030327294565108520e-01
0.000000000000000000e+00 6.428068764451593253e-01 0.000000000000000000e+00 4.049431537320810626e-01 6.639237330657300484e-01 0.000000000000000000e+00 2.299396457900464985e-01 4.988253719655442175e-01 2.896551724137931272e-01 5.781218979551320247e-01
6.162096529393908950e-01 9.909456740442655898e-01 5.752957689993983825e-01 4.030914383217906183e-01 1.008657137104892243e+00 1.002208835341365400e+00 6.356635071090047662e-01 1.005921911070962516e+00 5.332536837913182115e-01 9.955228335489005875e-01
0.000000000000000000e+00 6.601515755883525793e-01 0.000000000000000000e+00 4.136708362060474986e-01 6.640063846767757516e-01 5.033810660302306950e-01 2.180028129395218117e-01 7.565380440146057817e-01 2.821826952065119021e-01 5.962436649110602893e-01
4.086215538847117745e-01 3.268698060941828132e-01 2.854030501089324656e-01 4.087576374745417462e-01 6.647558603746545058e-01 1.004402641584950961e+00 3.972602739726027177e-01 7.456480652541529475e-01 2.544979394914061444e-01 7.031872509960159778e-01
0.000000000000000000e+00 6.731926175180993344e-01 0.000000000000000000e+00 4.003248071457571888e-01 6.667338303445496939e-01 0.000000000000000000e+00 2.195992858559809580e-01 5.245967741935483319e-01 2.794925581859953878e-01 5.705759474783647089e-01
0.000000000000000000e+00 3.287340114815187619e-01 0.000000000000000000e+00 0.000000000000000000e+00 3.337036662963336897e-01 0.000000000000000000e+00 2.202704036316984193e-01 2.568395263372805215e-01 2.810594702648675502e-01 2.962449222233231039e-01
0.000000000000000000e+00 6.469424104492380589e-01 0.000000000000000000e+00 4.179373996789726986e-01 6.881698888109786250e-01 0.000000000000000000e+00 2.355644355644355703e-01 5.071913703555732678e-01 2.763197586726998667e-01 5.674157303370787053e-01
0.000000000000000000e+00 3.275418936979541673e-01 0.000000000000000000e+00 0.000000000000000000e+00 3.350005103603143630e-01 0.000000000000000000e+00 2.319742920265113473e-01 2.608870158539032813e-01 2.857709863068069178e-01 2.839148255523343267e-01
4.254473161033797135e-01 3.279607568325157430e-01 2.800039773292234413e-01 4.135383386581469867e-01 6.815095846645367050e-01 9.827051884434669926e-01 3.909668313338038326e-01 7.333133792277760632e-01 2.506454816285997866e-01 7.087628865979381798e-01
6.337719298245614308e-01 9.917054420392473757e-01 5.888714117184428165e-01 4.048079861464806140e-01 1.003637833468068008e+00 1.017057997190447427e+00 6.452837729816146561e-01 1.008084639185547360e+00 5.267220902612826938e-01 9.955211726384365356e-01
0.000000000000000000e+00 3.329949238578679971e-01 0.000000000000000000e+00 0.000000000000000000e+00 3.425647200481637400e-01 0.000000000000000000e+00 2.230784830663151419e-01 2.695021165087683745e-01 2.802672955974842561e-01 2.967377032622967592e-01
2.108517853580690327e-01 6.728542914171656841e-01 2.886199532187531669e-01 4.096777472806750198e-01 1.010494450050454018e+00 9.899249308573686568e-01 4.208828865148155352e-01 7.522400080539615175e-01 2.789163251024692758e-01 5.778130896811997097e-01
0.000000000000000000e+00 6.624103722620567902e-01 0.000000000000000000e+00 4.087707113800972403e-01 6.558802710081909071e-01 5.087581184806140300e-01 2.241709505090212773e-01 7.612838515546639373e-01 2.639798488664987230e-01 5.692715772291369047e-01
0.000000000000000000e+00 6.775351173997744558e-01 0.000000000000000000e+00 4.087663625545418511e-01 6.790985241324292154e-01 4.974548358119572633e-01 2.273768043802887051e-01 7.659444613976197358e-01 2.903225806451613100e-01 5.770195684897140298e-01
3.617192207270536475e-01 0.000000000000000000e+00 0.000000000000000000e+00 0.000000000000000000e+00 0.000000000000000000e+00 0.000000000000000000e+00 3.783892752746698673e-01 0.000000000000000000e+00 4.757214616369546123e-01 0.000000000000000000e+00
6.373604465709729050e-01 1.009861139062185442e+00 5.976008724100326797e-01 4.038519410171531598e-01 9.899827987453202471e-01 1.000000000000000000e+00 6.190523690773067633e-01 9.954128440366972752e-01 5.235496260359814302e-01 9.948872180451128200e-01
0.000000000000000000e+00 6.632268307203810220e-01 0.000000000000000000e+00 4.279648464500839244e-01 6.670725520040589052e-01 5.182226660009985331e-01 2.233936741595384801e-01 7.422763409479722352e-01 2.700751879699248015e-01 5.709120128565688956e-01
3.662481165243596237e-01 0.000000000000000000e+00 0.000000000000000000e+00 0.000000000000000000e+00 0.000000000000000000e+00 0.000000000000000000e+00 3.708542713567838933e-01 0.000000000000000000e+00 4.783092324805339191e-01 0.000000000000000000e+00
6.567224349929450256e-01 9.988943612423358820e-01 5.816890292028413789e-01 4.087341517407929170e-01 1.005379557680812885e+00 1.002826569755703723e+00 6.110233109442907429e-01 1.002416918429003045e+00 5.315134484142914895e-01 1.014801297648012968e+00
2.249264780448230472e-01 0.000000000000000000e+00 2.826548136175371373e-01 0.000000000000000000e+00 3.305834410098399956e-01 4.898000200984825581e-01 0.000000000000000000e+00 0.000000000000000000e+00 0.000000000000000000e+00 0.000000000000000000e+00
6.300468547502741101e-01 1.006365565322825173e+00 5.770711958131726771e-01 4.158793969849245986e-01 1.005992730130661261e+00 1.011254019292604500e+00 6.383789748219480531e-01 1.006589456869009691e+00 5.449766355140186480e-01 1.006799999999999917e+00
0.000000000000000000e+00 3.347503707365299119e-01 0.000000000000000000e+00 0.000000000000000000e+00 3.453560846020231057e-01 0.000000000000000000e+00 2.168316831683168300e-01 2.556778736487156367e-01 2.817579771222155083e-01 2.930534732633683359e-01
0.000000000000000000e+00 6.461414629238353413e-01 0.000000000000000000e+00 4.087388282025819497e-01 6.781073306219621566e-01 0.000000000000000000e+00 2.228201295465869480e-01 5.040154518654060833e-01 2.911493792551061444e-01 5.758723828514457077e-01
2.093491839613137173e-01 6.660027882891854656e-01 3.101790281329923071e-01 4.143818419202571213e-01 9.972547025927809283e-01 9.925334969827145359e-01 4.237592186565676822e-01 7.631887456037514950e-01 2.781522601110230086e-01 5.704597586516405583e-01
0.000000000000000000e+00 6.535621632408701309e-01 0.000000000000000000e+00 4.072000000000000064e-01 6.811133200795228548e-01 5.104895104895105229e-01 2.240128928283642296e-01 7.732639583750250400e-01 2.959695207539602690e-01 5.705134621159043684e-01
0.000000000000000000e+00 6.730500698184719299e-01 0.000000000000000000e+00 4.180493727235936596e-01 6.708174332195220302e-01 5.077730668281849047e-01 2.238238238238238198e-01 7.701014832162372814e-01 2.795828319294023090e-01 5.692199578355586764e-01
2.178737139398830014e-01 6.609058402860548131e-01 2.897243107769423287e-01 4.185769574278058736e-01 9.974088100458441408e-01 1.010370961308336701e+00 4.268499153470770024e-01 7.713365539452495812e-01 2.974087161366313348e-01 5.816000000000000059e-01
4.021739130434782705e-01 3.335343787696019024e-01 2.776898734177215000e-01 4.137862534763607214e-01 6.563343665633436519e-01 1.001499850014998527e+00 4.288100619042939932e-01 7.377424167081054751e-01 2.544828284874885993e-01 7.048414355303708190e-01
0.000000000000000000e+00 6.668001601922306509e-01 0.000000000000000000e+00 4.073672806067172303e-01 6.730711498048633779e-01 0.000000000000000000e+00 2.177724646343893178e-01 5.093924860111910258e-01 2.842981760507533595e-01 5.714285714285713969e-01
0.000000000000000000e+00 6.687189672293942788e-01 0.000000000000000000e+00 4.186187399030694700e-01 6.588025376685170409e-01 4.939866812444090871e-01 2.247280710507933432e-01 7.573754316724222724e-01 2.844221105527638405e-01 5.828525154367850680e-01
3.591362803014870875e-01 0.000000000000000000e+00 0.000000000000000000e+00 0.000000000000000000e+00 0.000000000000000000e+00 0.000000000000000000e+00 3.735995111020574688e-01 0.000000000000000000e+00 4.701761409127301894e-01 0.000000000000000000e+00
2.127097102186070177e-01 0.000000000000000000e+00 2.867005076142131736e-01 0.000000000000000000e+00 3.451433121019108485e-01 4.977840451248992659e-01 0.000000000000000000e+00 0.000000000000000000e+00 0.000000000000000000e+00 0.000000000000000000e+00
6.335477486392875335e-01 1.006700507614213258e+00 6.023432115782219043e-01 4.052405240524052377e-01 1.002737503802088703e+00 1.017200474495848050e+00 6.240864951446590814e-01 1.001819652244237746e+00 5.430881482942220284e-01 9.984126984126984183e-01
0.000000000000000000e+00 0.000000000000000000e+00 4.097822845213242027e-01 6.087473966081523580e-01 0.000000000000000000e+00 0.000000000000000000e+00 0.000000000000000000e+00 0.000000000000000000e+00 0.000000000000000000e+00 0.000000000000000000e+00
0.000000000000000000e+00 6.552547770700637431e-01 0.000000000000000000e+00 3.940417080436941499e-01 6.783792017873464530e-01 0.000000000000000000e+00 2.196023578779098817e-01 5.072803176865899877e-01 2.815474984808588044e-01 5.741299537316435497e-01
2.159671441450465856e-01 0.000000000000000000e+00 2.844344904815229724e-01 0.000000000000000000e+00 3.116520351157222590e-01 5.017155180864620867e-01 0.000000000000000000e+00 0.000000000000000000e+00 0.000000000000000000e+00 0.000000000000000000e+00
6.396948097580563708e-01 1.015263417035942917e+00 6.000604290462282497e-01 3.899193548387096531e-01 1.006784810126582386e+00 9.801980198019801804e-01 6.265253050610122276e-01 9.985093908377223881e-01 5.308444799361149435e-01 1.022403664243751953e+00
2.237845331220912892e-01 0.000000000000000000e+00 2.865491183879093073e-01 0.000000000000000000e+00 3.292140385565990868e-01 5.018014411529223562e-01 0.000000000000000000e+00 0.000000000000000000e+00 0.000000000000000000e+00 0.000000000000000000e+00
6.359539308963445547e-01 9.998981773750127422e-01 5.819325665978570816e-01 4.081342145399085020e-01 9.904780996291470130e-01 1.003275434243176223e+00 6.250000000000000000e-01 9.987767584097859697e-01 5.350029579964503679e-01 1.015332536837913135e+00
6.503838101884159562e-01 9.877029021151008115e-01 5.841945288753799259e-01 4.022977121917400978e-01 1.014627257137092675e+00 1.019305772230889140e+00 6.231637853502548507e-01 1.003808378432551551e+00 5.314671625721836268e-01 1.012019469553988360e+00
