#chr	normal	sample0	sample1	sample2	sample3	sample4	sample5	sample6	sample7	sample8	sample9	sample10	sample11	sample12	sample13	sample14
0	0	0.0	0.0	0.0	0.0681818181818	0.112244897959	0.0	0.0	0.0	0.0	0.0	0.0	0.0	0.0	0.0	0.0
1	0	0.0	0.0	0.11320754717	0.0	0.122448979592	0.0	0.175257731959	0.313131313131	0.0	0.127272727273	0.234042553191	0.111111111111	0.0	0.0	0.0
2	0	0.0	0.0	0.0	0.141176470588	0.0	0.0	0.0	0.0	0.19587628866	0.10101010101	0.0	0.0	0.0	0.0540540540541	0.0
3	0	0.0	0.0	0.102272727273	0.0	0.125	0.0	0.292452830189	0.235849056604	0.0	0.1	0.193548387097	0.188679245283	0.0	0.0	0.0
4	0	0.238095238095	0.0	0.0	0.0	0.152173913043	0.0	0.0	0.0	0.0	0.0	0.0	0.0934579439252	0.0	0.0	0.0
5	0	0.0	0.0	0.0	0.0631578947368	0.111111111111	0.0	0.0	0.0	0.0	0.0	0.0	0.0	0.0	0.0	0.0
6	0	0.242105263158	0.0	0.0619469026549	0.0	0.0	0.188118811881	0.0	0.0	0.261261261261	0.0	0.0	0.0	0.0	0.264367816092	0.222222222222
7	0	0.0	0.0	0.0	0.128440366972	0.0731707317073	0.0	0.0	0.0	0.0	0.0	0.0	0.0	0.0	0.0	0.0
8	0	0.0	0.0	0.0	0.116504854369	0.139784946237	0.0	0.0	0.0	0.0	0.0	0.0	0.0	0.0	0.0	0.0
9	0	0.0	0.258064516129	0.142857142857	0.0	0.136842105263	0.0	0.0	0.0	0.0	0.0	0.0	0.192307692308	0.0	0.0	0.316831683168
10	0	0.0	0.0	0.0	0.128440366972	0.0	0.0	0.0	0.0	0.0	0.171428571429	0.29347826087	0.0	0.208333333333	0.0	0.0
11	0	0.0	0.0	0.120689655172	0.0	0.175925925926	0.0	0.25	0.311827956989	0.0	0.106194690265	0.27358490566	0.142857142857	0.0	0.0	0.0
12	0	0.252525252525	0.0	0.0	0.0	0.0	0.0	0.0	0.0	0.295918367347	0.0	0.0	0.0	0.0	0.166666666667	0.0
13	0	0.0	0.0	0.0	0.121212121212	0.0	0.0	0.0	0.0	0.175925925926	0.0714285714286	0.0	0.0	0.0	0.1	0.0
14	0	0.0	0.247058823529	0.0970873786408	0.0	0.1875	0.0	0.0	0.0	0.0	0.0	0.0	0.18	0.0	0.0	0.285714285714
15	0	0.0	0.0	0.0	0.10101010101	0.0963855421687	0.0	0.0	0.0	0.0	0.0	0.0	0.0	0.0	0.0	0.0
16	0	0.0	0.0	0.0	0.148148148148	0.120689655172	0.0	0.0	0.0	0.0	0.0	0.0	0.0	0.0	0.0	0.0
17	0	0.0	0.0	0.0	0.0901639344262	0.176991150442	0.0	0.0	0.0	0.0	0.0	0.0	0.0	0.0	0.0	0.0
18	0	0.271844660194	0.0	0.0	0.0	0.0	0.0	0.0	0.0	0.241071428571	0.0	0.0	0.0	0.0	0.188888888889	0.0
19	0	0.0	0.0	0.0	0.0333333333333	0.0	0.0	0.0	0.0	0.20202020202	0.0989010989011	0.0	0.0	0.0	0.0689655172414	0.0
20	0	0.0	0.0	0.0	0.0786516853933	0.126213592233	0.0	0.0	0.0	0.0	0.0	0.0	0.0	0.0	0.0	0.0
21	0	0.257142857143	0.0	0.227272727273	0.0	0.0	0.483146067416	0.191919191919	0.0	0.373831775701	0.0	0.0	0.0	0.242424242424	0.356435643564	0.297872340426
22	0	0.0	0.0	0.126213592233	0.0	0.0891089108911	0.0	0.275862068966	0.264150943396	0.0	0.123711340206	0.368932038835	0.134615384615	0.0	0.0	0.0
23	0	0.0	0.0	0.0	0.107843137255	0.0	0.0	0.0	0.0	0.28	0.118279569892	0.0	0.0	0.0	0.14	0.0
24	0	0.0	0.305263157895	0.13829787234	0.0	0.18	0.0	0.0	0.0	0.0	0.0	0.0	0.154545454545	0.0	0.0	0.305555555556
25	0	0.324324324324	0.0	0.08	0.0	0.0	0.273684210526	0.0	0.0	0.305263157895	0.0	0.0	0.0	0.0	0.316831683168	0.262711864407
26	0	0.0	0.0	0.0	0.1	0.0747663551402	0.0	0.0	0.0	0.0	0.0	0.0	0.0	0.0	0.0	0.0
27	0	0.0	0.236363636364	0.146551724138	0.0	0.148514851485	0.0	0.0	0.0	0.0	0.0	0.0	0.164705882353	0.0	0.0	0.31914893617
28	0	0.0	0.0	0.0	0.09	0.0	0.0	0.0	0.0	0.126050420168	0.125	0.0	0.0	0.0	0.119266055046	0.0
29	0	0.0	0.0	0.104166666667	0.0	0.1	0.0	0.233333333333	0.21186440678	0.0	0.186274509804	0.233009708738	0.202247191011	0.0	0.0	0.0
30	0	0.193277310924	0.0	0.0	0.0	0.130434782609	0.0	0.0	0.0	0.0	0.0	0.0	0.10752688172	0.0	0.0	0.0
31	0	0.0	0.0	0.0	0.0898876404494	0.2	0.0	0.0	0.0	0.0	0.0	0.0	0.0	0.0	0.0	0.0
32	0	0.0	0.425531914894	0.115789473684	0.0978260869565	0.1375	0.0	0.0	0.188118811881	0.0	0.121212121212	0.0	0.186440677966	0.0	0.0571428571429	0.307692307692
33	0	0.0	0.0	0.0	0.106796116505	0.0760869565217	0.0	0.0	0.0	0.0	0.0	0.0	0.0	0.0	0.0	0.0
34	0	0.0	0.0	0.0	0.122641509434	0.0	0.0	0.0	0.0	0.156862745098	0.0659340659341	0.0	0.0	0.0	0.119047619048	0.0
35	0	0.0	0.0	0.0	0.075	0.0864197530864	0.0	0.0	0.0	0.0	0.0	0.0	0.0	0.0	0.0	0.0
36	0	0.0	0.0	0.0853658536585	0.0	0.0961538461538	0.0	0.295454545455	0.32967032967	0.0	0.11	0.276595744681	0.21568627451	0.0	0.0	0.0
37	0	0.0	0.0	0.0	0.157894736842	0.0	0.0	0.0	0.0	0.186046511628	0.0898876404494	0.0	0.0	0.0	0.127450980392	0.0
38	0	0.25	0.0	0.0	0.0	0.139130434783	0.0	0.0	0.0	0.0	0.0	0.0	0.241379310345	0.0	0.0	0.0
39	0	0.0	0.0	0.0	0.10752688172	0.0588235294118	0.0	0.0	0.0	0.0	0.0	0.0	0.0	0.0	0.0	0.0
40	0	0.0	0.0	0.0	0.155555555556	0.0	0.0	0.0	0.0	0.183908045977	0.111111111111	0.0	0.0	0.0	0.106796116505	0.0
41	0	0.0	0.0	0.13	0.0	0.165217391304	0.0	0.326315789474	0.300884955752	0.0	0.111111111111	0.29	0.15306122449	0.0	0.0	0.0
42	0	0.0	0.222222222222	0.142857142857	0.0	0.111111111111	0.0	0.0	0.0	0.0	0.0	0.0	0.184466019417	0.0	0.0	0.261261261261
43	0	0.0	0.0	0.112244897959	0.0	0.15306122449	0.0	0.336842105263	0.333333333333	0.0	0.171717171717	0.219512195122	0.108910891089	0.0	0.0	0.0
44	0	0.357142857143	0.0	0.178571428571	0.0	0.0	0.517647058824	0.231578947368	0.0	0.267326732673	0.0	0.0	0.0	0.311320754717	0.233009708738	0.242718446602
45	0	0.0	0.0	0.0	0.106194690265	0.108108108108	0.0	0.0	0.0	0.0	0.0	0.0	0.0	0.0	0.0	0.0
46	0	0.0	0.27	0.151785714286	0.0	0.134453781513	0.0	0.0	0.0	0.0	0.0	0.0	0.148148148148	0.0	0.0	0.217391304348
47	0	0.0	0.0	0.0958904109589	0.0	0.127906976744	0.0	0.22641509434	0.245283018868	0.0	0.123456790123	0.202247191011	0.230769230769	0.0	0.0	0.0
48	0	0.0	0.0	0.0	0.156862745098	0.147368421053	0.0	0.0	0.0	0.0	0.0	0.0	0.0	0.0	0.0	0.0
49	0	0.0	0.0	0.0	0.0636363636364	0.126213592233	0.0	0.0	0.0	0.0	0.0	0.0	0.0	0.0	0.0	0.0
50	0	0.0	0.0	0.0	0.0704225352113	0.0808080808081	0.0	0.0	0.0	0.0	0.0	0.0	0.0	0.0	0.0	0.0
51	0	0.0	0.0	0.156862745098	0.0	0.157894736842	0.0	0.257731958763	0.302083333333	0.0	0.135416666667	0.238095238095	0.15625	0.0	0.0	0.0
52	0	0.0	0.0	0.0	0.0925925925926	0.0	0.0	0.0	0.0	0.166666666667	0.155555555556	0.0	0.0	0.0	0.173913043478	0.0
53	0	0.0	0.452173913043	0.19387755102	0.0823529411765	0.150943396226	0.0	0.0	0.208333333333	0.0	0.153846153846	0.0	0.166666666667	0.0	0.125	0.292682926829
54	0	0.0	0.0	0.0	0.0752688172043	0.120481927711	0.0	0.0	0.0	0.0	0.0	0.0	0.0	0.0	0.0	0.0
55	0	0.0	0.0	0.0	0.148148148148	0.0	0.0	0.0	0.0	0.166666666667	0.0865384615385	0.0	0.0	0.0	0.0808080808081	0.0
56	0	0.296296296296	0.0	0.201923076923	0.0	0.0	0.457446808511	0.228070175439	0.0	0.307692307692	0.0	0.0	0.0	0.29702970297	0.258333333333	0.298850574713
57	0	0.0	0.0	0.0	0.105263157895	0.0843373493976	0.0	0.0	0.0	0.0	0.0	0.0	0.0	0.0	0.0	0.0
58	0	0.0	0.564705882353	0.155963302752	0.114285714286	0.123456790123	0.0	0.0	0.257425742574	0.0	0.106382978723	0.0	0.173469387755	0.0	0.134615384615	0.208333333333
59	0	0.0	0.0	0.1	0.0	0.0884955752212	0.0	0.316326530612	0.267326732673	0.0	0.153846153846	0.212765957447	0.138613861386	0.0	0.0	0.0
60	0	0.0	0.0	0.0	0.0918367346939	0.0	0.0	0.0	0.0	0.244897959184	0.163636363636	0.0	0.0	0.0	0.09	0.0
61	0	0.0	0.0	0.0	0.139784946237	0.0	0.0	0.0	0.0	0.193181818182	0.159090909091	0.0	0.0	0.0	0.104166666667	0.0
62	0	0.0	0.0	0.0	0.0892857142857	0.0	0.0	0.0	0.0	0.0	0.142857142857	0.280487804878	0.0	0.313043478261	0.0	0.0
63	0	0.0	0.0	0.0	0.063829787234	0.0	0.0	0.0	0.0	0.235849056604	0.104761904762	0.0	0.0	0.0	0.093023255814	0.0
64	0	0.0	0.0	0.0879120879121	0.0	0.14	0.0	0.256880733945	0.227722772277	0.0	0.137931034483	0.262626262626	0.14953271028	0.0	0.0	0.0
65	0	0.0	0.0	0.0	0.103174603175	0.0	0.0	0.0	0.0	0.178947368421	0.0679611650485	0.0	0.0	0.0	0.135416666667	0.0
66	0	0.0	0.0	0.0	0.063829787234	0.0	0.0	0.0	0.0	0.211009174312	0.125	0.0	0.0	0.0	0.118181818182	0.0
67	0	0.0	0.0	0.0	0.105769230769	0.0	0.0	0.0	0.0	0.213675213675	0.145631067961	0.0	0.0	0.0	0.109090909091	0.0
68	0	0.0	0.0	0.162790697674	0.0	0.198113207547	0.0	0.234042553191	0.292929292929	0.0	0.182692307692	0.257425742574	0.141304347826	0.0	0.0	0.0
69	0	0.0	0.0	0.21359223301	0.0	0.0879120879121	0.0	0.197916666667	0.162162162162	0.0	0.153846153846	0.25	0.154639175258	0.0	0.0	0.0
70	0	0.0	0.0	0.0	0.142857142857	0.0	0.0	0.0	0.0	0.231578947368	0.118279569892	0.0	0.0	0.0	0.078431372549	0.0
71	0	0.252631578947	0.0	0.0	0.0	0.145299145299	0.0	0.0	0.0	0.0	0.0	0.0	0.161904761905	0.0	0.0	0.0
72	0	0.0	0.26724137931	0.119565217391	0.0	0.111111111111	0.0	0.0	0.0	0.0	0.0	0.0	0.14	0.0	0.0	0.271739130435
73	0	0.0	0.0	0.0	0.0810810810811	0.181818181818	0.0	0.0	0.0	0.0	0.0	0.0	0.0	0.0	0.0	0.0
74	0	0.0	0.0	0.0919540229885	0.0	0.177570093458	0.0	0.224719101124	0.29702970297	0.0	0.166666666667	0.257731958763	0.152380952381	0.0	0.0	0.0
75	0	0.0	0.527777777778	0.103448275862	0.166666666667	0.205882352941	0.0	0.0	0.232323232323	0.0	0.129310344828	0.0	0.243243243243	0.0	0.141414141414	0.369047619048
76	0	0.0	0.263736263736	0.0833333333333	0.0	0.047619047619	0.0	0.0	0.0	0.0	0.0	0.0	0.18	0.0	0.0	0.303370786517
77	0	0.0	0.0	0.0	0.0666666666667	0.0	0.0	0.0	0.0	0.247619047619	0.130841121495	0.0	0.0	0.0	0.078431372549	0.0
78	0	0.0	0.0	0.0	0.133333333333	0.0	0.0	0.0	0.0	0.21	0.039603960396	0.0	0.0	0.0	0.0980392156863	0.0
79	0	0.184466019417	0.0	0.0	0.0	0.11	0.0	0.0	0.0	0.0	0.0	0.0	0.117647058824	0.0	0.0	0.0
80	0	0.0	0.0	0.0	0.107438016529	0.0	0.0	0.0	0.0	0.19	0.0789473684211	0.0	0.0	0.0	0.0884955752212	0.0
81	0	0.0	0.270491803279	0.135135135135	0.0	0.133928571429	0.0	0.0	0.0	0.0	0.0	0.0	0.205128205128	0.0	0.0	0.3
82	0	0.29203539823	0.0	0.0	0.0	0.0	0.0	0.0	0.0	0.280898876404	0.0	0.0	0.0	0.0	0.131868131868	0.0
83	0	0.0	0.0	0.0	0.0786516853933	0.0625	0.0	0.0	0.0	0.0	0.0	0.0	0.0	0.0	0.0	0.0
84	0	0.0	0.0	0.0	0.0574712643678	0.144578313253	0.0	0.0	0.0	0.0	0.0	0.0	0.0	0.0	0.0	0.0
85	0	0.204545454545	0.0	0.0892857142857	0.0	0.0	0.15	0.0	0.0	0.309734513274	0.0	0.0	0.0	0.0	0.292682926829	0.191011235955
86	0	0.344827586207	0.0	0.177777777778	0.0	0.0	0.435643564356	0.2	0.0	0.271186440678	0.0	0.0	0.0	0.263157894737	0.21568627451	0.25
87	0	0.0	0.0	0.172043010753	0.0	0.177083333333	0.0	0.257425742574	0.254716981132	0.0	0.131313131313	0.303921568627	0.190476190476	0.0	0.0	0.0
88	0	0.0	0.0	0.105769230769	0.0	0.16091954023	0.0	0.17	0.21568627451	0.0	0.0566037735849	0.22	0.166666666667	0.0	0.0	0.0
89	0	0.0	0.0	0.0	0.0864197530864	0.0	0.0	0.0	0.0	0.224489795918	0.0869565217391	0.0	0.0	0.0	0.142857142857	0.0
90	0	0.0	0.0	0.0	0.177083333333	0.0777777777778	0.0	0.0	0.0	0.0	0.0	0.0	0.0	0.0	0.0	0.0
91	0	0.0	0.0	0.0	0.11214953271	0.0	0.0	0.0	0.0	0.2	0.0851063829787	0.0	0.0	0.0	0.0825688073394	0.0
92	0	0.0	0.0	0.0	0.0909090909091	0.0	0.0	0.0	0.0	0.174311926606	0.0952380952381	0.0	0.0	0.0	0.1	0.0
93	0	0.0	0.0	0.0	0.0744680851064	0.0808080808081	0.0	0.0	0.0	0.0	0.0	0.0	0.0	0.0	0.0	0.0
94	0	0.25	0.0	0.15625	0.0	0.0	0.19387755102	0.0	0.0	0.296296296296	0.0	0.0	0.0	0.0	0.267441860465	0.189473684211
95	0	0.0	0.27358490566	0.148148148148	0.0	0.157407407407	0.0	0.0	0.0	0.0	0.0	0.0	0.175438596491	0.0	0.0	0.339130434783
96	0	0.0	0.20618556701	0.122448979592	0.0	0.164835164835	0.0	0.0	0.0	0.0	0.0	0.0	0.226804123711	0.0	0.0	0.268817204301
97	0	0.0	0.247058823529	0.11	0.0	0.158415841584	0.0	0.0	0.0	0.0	0.0	0.0	0.221153846154	0.0	0.0	0.30612244898
98	0	0.0	0.262626262626	0.108695652174	0.0	0.147058823529	0.0	0.0	0.0	0.0	0.0	0.0	0.238532110092	0.0	0.0	0.310924369748
99	0	0.0	0.0	0.0	0.118181818182	0.0	0.0	0.0	0.0	0.141414141414	0.126050420168	0.0	0.0	0.0	0.133333333333	0.0
