Chromosome	Position	Change	Gene	sample0	sample1	sample2	sample3	sample4	sample5	sample6	sample7	sample8	sample9
1	0	T>A	1	9878	10033	10095	9826	9944	10210	10068	10046	10164	10264
1	1	C>T	1	9886	10018	10109	10003	9839	10011	10027	9875	9998	10045
1	2	C>A	1	9944	10198	10023	10029	9974	10008	10080	9988	10017	10051
1	3	C>G	1	9948	10200	10065	10121	10004	9950	9983	10195	10153	10120
1	4	A>T	1	9980	9913	10055	10127	9948	10025	9875	10159	10060	9892
1	5	A>T	1	10125	10094	10189	10090	10004	9845	10096	9975	9986	9799
1	6	G>A	1	9918	10051	10109	9893	9941	9914	10061	9828	9858	10142
1	7	A>C	1	9913	10143	9941	9951	10170	10026	10069	10073	9894	10000
1	8	A>G	1	9953	10087	9952	9862	10112	10013	9892	9884	9861	9846
1	9	G>A	1	10096	9932	10048	9838	10038	10175	9957	10023	9954	9816
1	10	C>A	1	10065	10008	10069	10113	9928	9969	10051	9960	10052	9998
1	11	G>A	1	9914	9956	9961	9820	10049	9985	10057	9824	10057	10181
1	12	A>G	1	10024	10007	10155	9957	10109	10046	9952	10051	9848	10088
1	13	C>G	1	10218	9980	10164	10066	10070	9936	10006	9853	9833	9879
1	14	C>T	1	10041	9921	10049	9946	9840	9795	9972	10107	9986	9804
1	15	T>G	1	10039	10078	9963	9831	9966	10014	9884	10007	9987	9974
1	16	T>G	1	10001	9980	10019	10011	9892	9883	10078	9805	9942	9967
1	17	A>C	1	9839	10169	9869	9961	9971	10117	10089	9970	10059	9940
1	18	A>C	1	9862	9960	10089	10058	9930	9972	10016	10070	9924	9943
1	19	T>G	1	10007	10059	9939	10131	9949	9957	10025	9944	9996	9844
1	20	T>G	1	9929	9882	9824	9973	9959	9964	10135	9937	10081	9887
1	21	C>T	1	9981	9934	10099	9910	9853	10115	9864	9926	10023	10102
1	22	A>T	1	10040	9974	10104	10072	10009	10091	10162	10054	10082	9862
1	23	C>T	1	10040	10082	10049	10050	10004	10019	10003	10134	9982	9890
1	24	G>T	1	10108	10019	10158	9943	9870	9753	9927	9941	9964	10107
1	25	C>A	1	9986	10129	10031	10107	9942	10255	10054	10051	10054	9911
1	26	T>C	1	9928	10100	9873	10040	9962	9920	9973	9910	9922	10087
1	27	G>C	1	9980	9989	10119	9805	10140	10048	10012	10140	10078	10006
1	28	T>G	1	10013	10018	10044	9951	10049	9957	10002	10000	9944	10001
1	29	A>G	1	9997	9845	9973	9871	10094	10190	10141	9828	10148	10116
1	30	A>T	1	10138	9996	10009	10028	9876	10006	9847	10027	10011	9909
1	31	C>G	1	9971	10142	10161	10180	9930	9983	10317	10062	10034	10122
1	32	G>C	1	9851	10021	9799	10020	9972	9845	10031	10160	9974	9763
1	33	T>A	1	10156	10011	10019	10334	10109	9907	9892	9804	10238	9973
1	34	G>T	1	10064	9999	9940	9983	10002	9886	10055	10044	10013	10044
1	35	A>C	1	10060	10095	9962	9941	9979	9871	9923	10093	9987	10039
1	36	G>C	1	9969	9894	9974	10051	10042	10009	10043	9988	10017	9732
1	37	G>A	1	9961	10091	10127	9855	10000	9998	10137	10044	10113	10227
1	38	T>A	1	10044	9964	10007	9988	10021	10058	10017	9930	9971	9878
1	39	A>G	1	9954	10156	10016	10013	10115	9991	10054	9966	9939	10045
1	40	G>T	1	9964	10039	10045	9835	10222	9878	9963	9944	9848	9941
1	41	A>T	1	10010	9804	10065	9922	10057	9870	10028	10053	10026	10116
1	42	A>C	1	9883	9910	10035	9965	10019	10024	10022	9979	9825	9921
1	43	C>A	1	10045	10060	9943	10004	9906	9979	10238	9961	10136	9763
1	44	G>C	1	9979	10061	10084	9858	10035	10061	9993	9852	9858	9984
1	45	A>C	1	10087	10165	9981	9911	9935	10282	10087	9925	9778	9821
1	46	A>G	1	10059	9897	9968	9966	9935	10071	10124	9891	9977	9938
1	47	G>C	1	9977	9927	10025	9915	10184	9989	9925	9960	10161	10123
1	48	T>G	1	10123	9890	9852	9945	9925	9870	10023	10046	10047	10000
1	49	T>G	1	10042	10082	9980	9995	10121	9934	9943	9972	9936	9966
1	50	A>G	1	9844	10057	9952	10011	9894	10133	9947	9920	10141	9938
1	51	T>G	1	9843	10160	10158	9842	9897	10052	9988	10082	9975	10015
1	52	C>T	1	10211	10185	10136	9939	9981	10077	9952	9978	10056	9987
1	53	G>A	1	9925	9846	9883	10145	10057	10062	9919	9940	9833	9966
1	54	T>A	1	10135	10150	10071	10023	10166	10116	9842	10011	10109	10036
1	55	A>C	1	9817	9953	9983	9978	10149	9894	10040	9939	10044	9834
1	56	G>C	1	9916	9985	9863	9974	9903	9788	10087	9995	10068	10067
1	57	C>A	1	9880	10056	10091	9969	9882	9850	10005	9992	10136	9910
1	58	A>G	1	10064	9977	10045	10141	10104	9799	10064	10193	10054	9997
1	59	C>G	1	10030	10178	10077	10092	10046	10029	9964	9903	10072	10242
1	60	G>A	1	9979	10015	9984	10084	10029	10110	10072	10180	9984	10101
1	61	T>G	1	10103	10181	9909	10022	10098	9824	10211	10147	9813	10013
1	62	T>G	1	9883	10222	9987	9905	9929	10124	10139	10097	10075	9800
1	63	A>G	1	10102	9973	10073	10183	10046	9975	10029	10088	9909	10080
1	64	C>T	1	10038	10032	10026	10068	9966	10079	10148	10016	9923	10065
1	65	G>A	1	9894	9891	9933	9988	10180	10065	9943	9887	9822	9923
1	66	G>A	1	9892	9952	9971	10043	10016	9932	10066	9959	10076	9982
1	67	A>G	1	10124	10051	9806	9883	9977	10001	9928	10152	10073	10094
1	68	T>C	1	10161	9828	9862	9873	10200	9829	9990	9919	9992	9913
1	69	G>T	1	10066	9925	9859	9918	9926	9959	10106	9980	10015	10001
1	70	C>A	1	10134	9977	10066	10234	9955	9934	9876	10044	9976	9985
1	71	C>G	1	9865	9996	10104	10003	10005	9905	9902	9920	10045	10123
1	72	T>A	1	9996	10161	9846	10230	9988	9891	9987	10027	9899	9869
1	73	G>A	1	10014	9985	9927	10074	10034	9927	10034	10041	9854	10071
1	74	T>G	1	10074	10039	9958	10058	10035	9940	9981	10247	10060	10091
1	75	A>C	1	9996	9990	10210	10081	9919	10151	10169	9971	10029	10130
1	76	A>G	1	9835	9983	10130	9865	10207	9846	9945	10188	9948	9977
1	77	C>A	1	10071	9992	9976	10181	10145	9980	10197	9800	9854	9993
1	78	G>T	1	10059	9866	10085	10189	10124	10187	10143	9982	9913	9920
1	79	C>A	1	10046	10015	10107	9831	10051	9920	9901	9914	10032	9976
1	80	G>C	1	9948	9978	10060	9950	9948	10000	9975	10098	10000	9998
1	81	A>C	1	10000	9974	9986	9963	9865	9930	9966	9926	10003	9979
1	82	A>G	1	9918	9921	10042	10099	9909	9806	10156	10275	10066	10078
1	83	T>A	1	10090	9966	10083	10022	10095	9993	10006	9961	10132	9946
1	84	G>C	1	10113	9924	10161	10033	10060	9938	10053	10166	10085	10093
1	85	G>A	1	9986	9899	9986	10019	10036	10084	10069	9976	9938	9969
1	86	A>G	1	9950	9972	9938	9923	9974	10009	10000	9837	10122	9943
1	87	C>A	1	9745	9843	9895	10095	10018	9991	10035	10011	10015	10048
1	88	C>T	1	9916	9974	9896	9963	9877	9905	10040	9981	9972	10044
1	89	C>A	1	10094	9762	9926	9992	9847	9905	9864	10016	10057	10192
1	90	T>A	1	10036	10029	9978	10021	10109	9958	10071	10107	9926	9943
1	91	A>C	1	9777	9941	10054	9943	10043	10117	10089	9922	10059	9909
1	92	A>G	1	9960	9971	10013	10015	10002	9886	9942	10158	10008	9995
1	93	A>C	1	10053	10052	10093	10031	9874	10067	10125	10074	9810	9876
1	94	A>G	1	9852	9964	10137	9749	10073	9875	9841	10061	9904	9853
1	95	G>A	1	10229	10086	9895	9952	9939	10078	9939	10079	10079	9929
1	96	T>G	1	10067	9954	10029	9884	9950	10091	10109	10029	10119	10171
1	97	G>C	1	9929	9895	10122	9880	9979	10183	9999	9998	10133	10054
1	98	G>C	1	9962	9999	10187	10198	10128	9914	10012	10038	9910	9824
1	99	C>T	1	10084	10163	10028	9967	10026	10012	9941	9882	9861	10209
