#chr	position	description	normal	sample0	sample1	sample2	sample3	sample4	sample5	sample6	sample7	sample8	sample9	sample10	sample11	sample12	sample13	sample14
1	1	1	0	0.270212765957	0.0	0.359908201956	0.238265356753	0.0	0.156221708078	0.0	0.158217497956	0.133333333333	0.27245687091	0.285614035088	0.286042791442	0.124083250743	0.178763309563	0.187950617284
2	1	1	0	0.227041852905	0.279095701541	0.138160548608	0.254563591022	0.261229786385	0.203596344699	0.347659402744	0.205245836242	0.254677127339	0.0	0.212702216896	0.219274018544	0.366803483832	0.185656565657	0.143168101316
3	1	1	0	0.0	0.272046925566	0.142655367232	0.132028611166	0.162470261697	0.20486464482	0.222983335037	0.0	0.132956573468	0.0	0.0	0.0	0.143339289259	0.191304347826	0.0
4	1	1	0	0.23249551167	0.276618775832	0.143102924805	0.262849641523	0.260040567951	0.206705038877	0.343855469526	0.206387466104	0.267101958815	0.0	0.205207052071	0.210230127625	0.372083866522	0.183589434569	0.138427904204
5	1	1	0	0.231318515539	0.0	0.0	0.134186914003	0.0990485728593	0.0	0.0	0.107035478052	0.135351914979	0.0	0.112433730119	0.214921492149	0.142152421222	0.0	0.136781722876
6	1	1	0	0.0	0.281715666532	0.14258305564	0.128279301746	0.153422738191	0.202511461032	0.227318446993	0.0	0.125793131232	0.0	0.0	0.0	0.147169427787	0.18294387857	0.0
7	1	1	0	0.0	0.0	0.131452098815	0.125774225774	0.0	0.0	0.0	0.164746310895	0.125597133758	0.280708819976	0.0	0.0	0.0	0.179338014042	0.0
8	1	1	0	0.228704077513	0.513565305093	0.141634318702	0.259060538571	0.394198291278	0.204461707001	0.346187812776	0.340730937595	0.372800948804	0.232128350934	0.204462072385	0.211777688604	0.36996151509	0.179987859166	0.31235709315
9	1	1	0	0.225219763565	0.0	0.0	0.13709598672	0.0996298889667	0.0	0.0	0.113817047399	0.128649725959	0.0	0.109510951095	0.216286775781	0.146626384693	0.0	0.134833718477
10	1	1	0	0.0	0.276809243868	0.146630781499	0.124468610974	0.15680591645	0.198780731561	0.22049172299	0.0	0.129473579855	0.0	0.0	0.0	0.147241103559	0.183457897359	0.0
11	1	1	0	0.0	0.282429718876	0.137655062025	0.127582748245	0.150653948274	0.202455222379	0.228486055777	0.0	0.126179831098	0.0	0.0	0.0	0.144578313253	0.192413302146	0.0
12	1	1	0	0.0	0.0	0.129327697262	0.130553864881	0.0	0.0	0.0	0.16560191655	0.122853498185	0.269177126918	0.0	0.0	0.0	0.179290696532	0.0
13	1	1	0	0.26703107602	0.0	0.36899918633	0.23095599393	0.0	0.15029958363	0.0	0.162353881507	0.132599474854	0.274725274725	0.294488977956	0.275291047772	0.118001978239	0.181112678895	0.183636727345
14	1	1	0	0.265279187817	0.0	0.244123877736	0.123584343334	0.0	0.1508642222	0.0	0.15985915493	0.126420737787	0.267051006449	0.0	0.0	0.0	0.180942726812	0.0
15	1	1	0	0.0	0.0	0.0	0.0	0.111762951178	0.14851784634	0.157122905028	0.0	0.0	0.0	0.0	0.0	0.0	0.128218122846	0.0
16	1	1	0	0.227032945158	0.498749874987	0.131864815932	0.260960542049	0.378457206075	0.198541167066	0.347426841574	0.344198564593	0.368542481693	0.227268239708	0.211743414438	0.219778022198	0.369212266987	0.185084813811	0.306529069173
17	1	1	0	0.0	0.0	0.133400809717	0.126757754064	0.0	0.0	0.0	0.158606965174	0.126297923323	0.269612711023	0.0	0.0	0.0	0.182868525896	0.0
18	1	1	0	0.0	0.280880880881	0.140742947954	0.12852632651	0.152651476448	0.20631933439	0.218903036239	0.0	0.129285501342	0.0	0.0	0.0	0.143734272773	0.191068740592	0.0
19	1	1	0	0.233306353703	0.502183406114	0.134951553291	0.263844936709	0.384785894207	0.198396793587	0.34862932062	0.34307585247	0.372067594433	0.224554143265	0.211277515328	0.213561024611	0.370991613222	0.189907435055	0.314624823979
20	1	1	0	0.0	0.285281647486	0.14326903957	0.129769475358	0.154950349032	0.20268904165	0.225858585859	0.0	0.131037252736	0.0	0.0	0.0	0.14079493771	0.191186850862	0.0
21	1	1	0	0.0	0.0	0.121533280507	0.112925851703	0.0	0.0	0.0	0.0	0.0	0.0	0.148413408933	0.273339940535	0.0	0.0	0.176411694033
22	1	1	0	0.0	0.0	0.0	0.0	0.109262948207	0.150080418175	0.150004934373	0.0	0.0	0.0	0.0	0.0	0.0	0.132335209003	0.0
23	1	1	0	0.0	0.282168186424	0.138925695648	0.132912027285	0.159316373637	0.210953957268	0.213672624457	0.0	0.129659643436	0.0	0.0	0.0	0.141513132105	0.186198045217	0.0
24	1	1	0	0.0	0.0	0.0	0.0	0.112861926334	0.147141424273	0.15732779919	0.0	0.0	0.0	0.0	0.0	0.0	0.134267133567	0.0
25	1	1	0	0.230285486125	0.282298533897	0.136608747753	0.263651791954	0.264056520459	0.202346041056	0.347253834735	0.21204006744	0.26408381103	0.0	0.204464285714	0.218147296892	0.375719674409	0.190956802584	0.134218141902
26	1	1	0	0.27328320802	0.0	0.240955496085	0.127934978928	0.0	0.14667988107	0.0	0.162102517805	0.125250501002	0.27118132421	0.0	0.0	0.0	0.177269124059	0.0
27	1	1	0	0.0	0.27617723028	0.138283108644	0.13322712337	0.159851673682	0.204333134566	0.220128307939	0.0	0.130335517173	0.0	0.0	0.0	0.143631980715	0.190623133586	0.0
28	1	1	0	0.0	0.0	0.0	0.0	0.106897581368	0.141145676029	0.157352794162	0.0	0.0	0.0	0.0	0.0	0.0	0.133353251668	0.0
29	1	1	0	0.0	0.0	0.0	0.0	0.112079207921	0.140804020101	0.150937749401	0.0	0.0	0.0	0.0	0.0	0.0	0.127805172587	0.0
30	1	1	0	0.0	0.279810164129	0.142871277333	0.129070929071	0.148096610675	0.199920071935	0.22146439318	0.0	0.126683046683	0.0	0.0	0.0	0.143227867053	0.184816180134	0.0
31	1	1	0	0.0	0.276235949468	0.142730146187	0.127860696517	0.156234148321	0.20075307174	0.21014996524	0.0	0.12664108261	0.0	0.0	0.0	0.148261134838	0.176889870495	0.0
32	1	1	0	0.0	0.273546191572	0.137792576633	0.133606885508	0.156284704695	0.202593829829	0.218756288992	0.0	0.136976650564	0.0	0.0	0.0	0.144441084568	0.189818037188	0.0
33	1	1	0	0.0	0.0	0.0	0.0	0.110073514802	0.145076172458	0.154191169142	0.0	0.0	0.0	0.0	0.0	0.0	0.127567892574	0.0
34	1	1	0	0.227913956978	0.269801230956	0.144055944056	0.271112434256	0.266012810248	0.202331474911	0.341215536325	0.208933002481	0.265720283915	0.0	0.214278562131	0.219054311816	0.366411454708	0.192280841727	0.138728323699
35	1	1	0	0.0	0.273414658736	0.143604709671	0.132411268179	0.155967903711	0.204606910366	0.212932330827	0.0	0.13680975513	0.0	0.0	0.0	0.14630738523	0.189028086482	0.0
36	1	1	0	0.0	0.281582647118	0.141748731722	0.133071816536	0.160233570863	0.202915798869	0.226182039081	0.0	0.130928456592	0.0	0.0	0.0	0.142643838344	0.179696969697	0.0
37	1	1	0	0.0	0.0	0.131288591963	0.133438922986	0.0	0.0	0.0	0.16015936255	0.12655161974	0.277343363357	0.0	0.0	0.0	0.184445345772	0.0
38	1	1	0	0.0	0.0	0.134961310421	0.126546239937	0.0	0.0	0.0	0.162407666201	0.129064136772	0.278266080703	0.0	0.0	0.0	0.180026414711	0.0
39	1	1	0	0.0	0.279348586272	0.136759935118	0.129609051419	0.153984063745	0.200672867603	0.21799899447	0.0	0.131287128713	0.0	0.0	0.0	0.142102053263	0.185065915266	0.0
40	1	1	0	0.223733631103	0.501917255298	0.141342402721	0.258135576249	0.382667582687	0.199188640974	0.359882305195	0.332175811092	0.37983506774	0.224131042749	0.217529563748	0.218344965105	0.371125931738	0.1771	0.320335932813
41	1	1	0	0.0	0.0	0.118848747107	0.108792404312	0.0	0.0	0.0	0.0	0.0	0.0	0.140607762511	0.282414750198	0.0	0.0	0.181573168297
42	1	1	0	0.0	0.280827366746	0.139995953874	0.126260154644	0.15680444048	0.208984761528	0.208870242733	0.0	0.134682484299	0.0	0.0	0.0	0.142857142857	0.188211586902	0.0
43	1	1	0	0.0	0.277538220306	0.136810431294	0.128124683736	0.155922038981	0.195320245885	0.219748110831	0.0	0.1374749499	0.0	0.0	0.0	0.147987927565	0.180494174367	0.0
44	1	1	0	0.228971962617	0.502704868764	0.139246828489	0.256405202996	0.388095475881	0.198456449835	0.345309983897	0.34816285998	0.370055639858	0.230150054656	0.210489787825	0.214271595177	0.373919163483	0.187518632615	0.307600239378
45	1	1	0	0.0	0.0	0.0	0.0	0.11618719611	0.142149579	0.153193209378	0.0	0.0	0.0	0.0	0.0	0.0	0.131811783632	0.0
46	1	1	0	0.229694146243	0.496460265231	0.14226154159	0.26634086744	0.394005994006	0.205753533745	0.35035263733	0.340176534761	0.371294070513	0.224269122948	0.207306207306	0.215845105206	0.376910184364	0.179258517034	0.310165767925
47	1	1	0	0.231826329416	0.0	0.0	0.134871430023	0.10161114955	0.0	0.0	0.104976828531	0.133467336683	0.0	0.114951609718	0.211448481832	0.1457	0.0	0.142986062368
48	1	1	0	0.0	0.0	0.141271745651	0.132436260623	0.0	0.0	0.0	0.166633266533	0.12993783838	0.27631709495	0.0	0.0	0.0	0.178574967793	0.0
49	1	1	0	0.0	0.0	0.0	0.0	0.107683000605	0.143528705741	0.156392921058	0.0	0.0	0.0	0.0	0.0	0.0	0.134736212227	0.0
50	1	1	0	0.0	0.0	0.136595107339	0.12888665998	0.0	0.0	0.0	0.164850406182	0.123933360423	0.262378713614	0.0	0.0	0.0	0.181845386534	0.0
51	1	1	0	0.266301035954	0.0	0.362032884903	0.233228097869	0.0	0.147319208197	0.0	0.151469855506	0.127944111776	0.280589430894	0.286965938177	0.287249778128	0.121737397888	0.182850313714	0.185740904188
52	1	1	0	0.0	0.281690140845	0.136276585022	0.125504846527	0.161355385236	0.201133426128	0.213395480798	0.0	0.12827872909	0.0	0.0	0.0	0.141247484909	0.190240522617	0.0
53	1	1	0	0.266566866267	0.0	0.36274214594	0.236084257657	0.0	0.148689213528	0.0	0.153246227084	0.128256313005	0.270109824874	0.29382270357	0.286727963222	0.126469435737	0.186100699017	0.178818573864
54	1	1	0	0.231608447603	0.0	0.0	0.13304296179	0.10047032923	0.0	0.0	0.106385138565	0.130233494364	0.0	0.11065118627	0.21593166468	0.137303887279	0.0	0.139443017974
55	1	1	0	0.0	0.0	0.0	0.0	0.111454491078	0.144351674882	0.163417085427	0.0	0.0	0.0	0.0	0.0	0.0	0.132264529058	0.0
56	1	1	0	0.0	0.0	0.13701513481	0.129758128469	0.0	0.0	0.0	0.163368296062	0.124876992718	0.27352253077	0.0	0.0	0.0	0.180487315753	0.0
57	1	1	0	0.271095686663	0.0	0.364474739374	0.240748189863	0.0	0.158653846154	0.0	0.155317672713	0.129003021148	0.270286637061	0.288232297504	0.292293798916	0.126569663145	0.187702593193	0.191022544283
58	1	1	0	0.0	0.280628062806	0.142542982807	0.12941528637	0.156777956557	0.200645291389	0.219387755102	0.0	0.135140542163	0.0	0.0	0.0	0.135408245756	0.188976377953	0.0
59	1	1	0	0.271480072101	0.0	0.354249162352	0.241882305925	0.0	0.147727272727	0.0	0.164705882353	0.13205102651	0.270356999599	0.294563325484	0.289442231076	0.1304	0.182467793881	0.189308239063
60	1	1	0	0.0	0.0	0.0	0.0	0.107498741822	0.143568299482	0.154893194237	0.0	0.0	0.0	0.0	0.0	0.0	0.127202149895	0.0
61	1	1	0	0.0	0.279781420765	0.136563446322	0.132253577107	0.150784921508	0.196039006736	0.214035789263	0.0	0.134880491917	0.0	0.0	0.0	0.14828554241	0.182096328464	0.0
62	1	1	0	0.269785963166	0.0	0.364764017749	0.235458724765	0.0	0.155951302948	0.0	0.16251874063	0.1282917619	0.275797373358	0.288303625075	0.278722978383	0.122725434695	0.176894603546	0.18465083659
63	1	1	0	0.0	0.0	0.128505864355	0.126449531108	0.0	0.0	0.0	0.159959859508	0.129973742678	0.26705120421	0.0	0.0	0.0	0.179431289012	0.0
64	1	1	0	0.0	0.273583949742	0.135020242915	0.129169193451	0.157820949329	0.194571941728	0.218235584032	0.0	0.136137861125	0.0	0.0	0.0	0.149340263894	0.189375307427	0.0
65	1	1	0	0.0	0.0	0.130556668002	0.126809785322	0.0	0.0	0.0	0.15919551731	0.132817990162	0.277621534753	0.0	0.0	0.0	0.180142270314	0.0
66	1	1	0	0.0	0.284131736527	0.141450575161	0.131165693578	0.15440056847	0.2002034588	0.21973723799	0.0	0.134542175917	0.0	0.0	0.0	0.144121236778	0.18398160184	0.0
67	1	1	0	0.0	0.0	0.0	0.0	0.116737687048	0.144918821407	0.158643326039	0.0	0.0	0.0	0.0	0.0	0.0	0.134783472388	0.0
68	1	1	0	0.233218762636	0.5	0.13767034716	0.261122244489	0.386692952193	0.212945497866	0.345362392296	0.334813499112	0.375583589947	0.229986776523	0.218081366148	0.210510328068	0.375580221998	0.189706465688	0.306322897483
69	1	1	0	0.0	0.278785488959	0.135665869219	0.128594572701	0.164716471647	0.204911513223	0.226456286593	0.0	0.133526705341	0.0	0.0	0.0	0.144950652976	0.186357243319	0.0
70	1	1	0	0.0	0.0	0.131806010116	0.121563957527	0.0	0.0	0.0	0.165290098909	0.125277161863	0.27516710553	0.0	0.0	0.0	0.180201005025	0.0
71	1	1	0	0.261620977354	0.0	0.352517985612	0.233343204027	0.0	0.151099455316	0.0	0.160616608652	0.128659629556	0.26890085777	0.292769137548	0.291616161616	0.130625686059	0.179120556263	0.183375062594
72	1	1	0	0.0	0.0	0.139155662265	0.122032866707	0.0	0.0	0.0	0.164970486464	0.13000997009	0.266925914847	0.0	0.0	0.0	0.178400954654	0.0
73	1	1	0	0.0	0.283608665546	0.13841138115	0.134519288427	0.155600608211	0.193243514981	0.215037593985	0.0	0.135600040237	0.0	0.0	0.0	0.146626384693	0.18493501177	0.0
74	1	1	0	0.0	0.0	0.0	0.0	0.110556348074	0.142551892552	0.159690226448	0.0	0.0	0.0	0.0	0.0	0.0	0.129655586704	0.0
75	1	1	0	0.0	0.0	0.13259392486	0.128838049368	0.0	0.0	0.0	0.15785350568	0.131141006477	0.273272967748	0.0	0.0	0.0	0.179280459538	0.0
76	1	1	0	0.0	0.0	0.0	0.0	0.112430800201	0.145232815965	0.154737903226	0.0	0.0	0.0	0.0	0.0	0.0	0.131392682684	0.0
77	1	1	0	0.0	0.283104106013	0.136010493391	0.128814553991	0.154657643312	0.200910530483	0.220536521652	0.0	0.132658279636	0.0	0.0	0.0	0.139059102589	0.186312933374	0.0
78	1	1	0	0.0	0.0	0.132783791836	0.1262301667	0.0	0.0	0.0	0.158784463675	0.12901290129	0.275781090464	0.0	0.0	0.0	0.175024975025	0.0
79	1	1	0	0.0	0.0	0.140387689848	0.130632861246	0.0	0.0	0.0	0.165186146322	0.130030959752	0.277261369315	0.0	0.0	0.0	0.175705870404	0.0
80	1	1	0	0.0	0.0	0.0	0.0	0.116321374432	0.141051364366	0.153961136024	0.0	0.0	0.0	0.0	0.0	0.0	0.128523795089	0.0
81	1	1	0	0.0	0.276084582547	0.143635263264	0.126501200961	0.159261859392	0.204504323346	0.217747647475	0.0	0.134037044413	0.0	0.0	0.0	0.141868164944	0.187933850551	0.0
82	1	1	0	0.0	0.0	0.13862786703	0.128836219994	0.0	0.0	0.0	0.159342301943	0.127814972611	0.271986140834	0.0	0.0	0.0	0.175984878631	0.0
83	1	1	0	0.228909517495	0.282799124029	0.1434	0.260925833748	0.263309209874	0.199404761905	0.337771548704	0.207883153261	0.263551401869	0.0	0.20844672916	0.211530735235	0.383329997999	0.185798455912	0.137436510308
84	1	1	0	0.0	0.0	0.0	0.0	0.114411441144	0.145804540967	0.15194633601	0.0	0.0	0.0	0.0	0.0	0.0	0.133558917197	0.0
85	1	1	0	0.23225223416	0.493471543905	0.136012670758	0.260375099761	0.396948077685	0.198390621895	0.343824228029	0.33492727635	0.379758217604	0.226103493144	0.210006908122	0.211228070175	0.381672508763	0.186123680241	0.311867152693
86	1	1	0	0.227219051368	0.498466105888	0.144530855469	0.258305896438	0.377118219192	0.205849944906	0.339328298887	0.344022169438	0.369012418687	0.228351955307	0.209037811251	0.215547350564	0.378025509692	0.184344462541	0.3097
87	1	1	0	0.0	0.0	0.135275858616	0.12927987072	0.0	0.0	0.0	0.167220711192	0.122022904632	0.274892659988	0.0	0.0	0.0	0.181170483461	0.0
88	1	1	0	0.229282315623	0.277170164548	0.143188464253	0.256981058387	0.261821453564	0.202544325353	0.343453701836	0.207713980375	0.266693402847	0.0	0.214898284803	0.224491869919	0.381479266348	0.179737903226	0.133523595964
89	1	1	0	0.0	0.0	0.134538553736	0.119168914194	0.0	0.0	0.0	0.156546016552	0.122150962013	0.266745819729	0.0	0.0	0.0	0.184268317029	0.0
90	1	1	0	0.228181908648	0.500857632933	0.141531090927	0.263416591433	0.391489361702	0.197430969961	0.359610902827	0.332191090506	0.370802332596	0.228771032176	0.20905993185	0.215153891394	0.377941030478	0.19099672066	0.31027628702
91	1	1	0	0.0	0.283789179477	0.143198328192	0.129268534099	0.1538005923	0.20313429875	0.224369243092	0.0	0.132531318354	0.0	0.0	0.0	0.147142857143	0.18001593943	0.0
92	1	1	0	0.0	0.275101626016	0.137251015757	0.137061954011	0.158334993029	0.197858842189	0.213529819009	0.0	0.129393129393	0.0	0.0	0.0	0.142273933456	0.186060365369	0.0
93	1	1	0	0.271258762572	0.0	0.355159717385	0.238023349436	0.0	0.152154080081	0.0	0.154413935636	0.128325969563	0.277007481297	0.294611962432	0.283736679614	0.125644395027	0.180954266482	0.184535873531
94	1	1	0	0.229675206778	0.275807877419	0.141602634468	0.259880723744	0.264039310068	0.198170118641	0.340658247986	0.203937405351	0.2649823143	0.0	0.207303651826	0.220268256334	0.370509057788	0.18643898542	0.142063001853
95	1	1	0	0.228702686508	0.502443890274	0.14302812687	0.252434005822	0.388272583201	0.204632043313	0.341847551742	0.334020011772	0.378748758689	0.22550701241	0.206289816968	0.212770216173	0.379489744872	0.190285428142	0.312862907194
96	1	1	0	0.0	0.0	0.0	0.0	0.112234681618	0.148627971029	0.152454263721	0.0	0.0	0.0	0.0	0.0	0.0	0.133570340274	0.0
97	1	1	0	0.0	0.0	0.135496754868	0.129702970297	0.0	0.0	0.0	0.161645480933	0.129687342917	0.279002781089	0.0	0.0	0.0	0.174282888229	0.0
98	1	1	0	0.0	0.0	0.13862959285	0.131234382809	0.0	0.0	0.0	0.164541590771	0.127614641995	0.263816372771	0.0	0.0	0.0	0.176660936394	0.0
99	1	1	0	0.0	0.0	0.0	0.130434782609	0.0	0.0	0.0	0.0	0.131870285098	0.0	0.0	0.0	0.140620354772	0.0	0.0
100	1	1	0	0.271727388785	0.0	0.367132520567	0.242442502762	0.0	0.150799307606	0.0	0.163962511337	0.128918455801	0.27735115189	0.287491292666	0.286585965948	0.128631536766	0.177126217492	0.193367398056
