Num_mutations: 100
Num_samples: 20
Error_rate: 0.050000

0.000000000000000000e+00 0.000000000000000000e+00 0.000000000000000000e+00 0.000000000000000000e+00 0.000000000000000000e+00 0.000000000000000000e+00 0.000000000000000000e+00 0.000000000000000000e+00 0.000000000000000000e+00 6.329365079365079083e-01 0.000000000000000000e+00 0.000000000000000000e+00 6.221294363256785198e-01 0.000000000000000000e+00 4.130879345603272190e-01 0.000000000000000000e+00 0.000000000000000000e+00 0.000000000000000000e+00 0.000000000000000000e+00 3.369245837414299727e-01
0.000000000000000000e+00 3.649193548387096864e-01 4.157635467980295707e-01 0.000000000000000000e+00 4.325396825396825573e-01 0.000000000000000000e+00 6.186770428015564427e-01 0.000000000000000000e+00 6.043737574552683345e-01 0.000000000000000000e+00 0.000000000000000000e+00 0.000000000000000000e+00 0.000000000000000000e+00 2.416745956232159986e-01 5.445134575569358093e-01 0.000000000000000000e+00 3.061825318940137319e-01 4.556720686367969342e-01 4.155339805825242760e-01 0.000000000000000000e+00
5.068349106203995369e-01 1.000000000000000000e+00 7.193347193347193747e-01 6.393442622950820109e-01 9.611940298507463121e-01 5.384615384615384359e-01 1.021233569261880580e+00 5.505293551491818871e-01 1.039419087136929543e+00 1.038000000000000034e+00 4.431372549019607643e-01 4.615384615384615641e-01 1.040229885057471160e+00 1.028095733610822071e+00 1.038775510204081653e+00 6.209598432908912669e-01 1.018867924528301883e+00 9.414101290963257096e-01 9.856459330143541031e-01 7.172827172827173081e-01
4.251668255481411141e-01 0.000000000000000000e+00 2.613065326633166041e-01 3.611383709519136453e-01 0.000000000000000000e+00 4.887585532746823169e-01 0.000000000000000000e+00 5.236656596173212552e-01 0.000000000000000000e+00 0.000000000000000000e+00 5.588822355289421173e-01 4.396226415094339757e-01 0.000000000000000000e+00 0.000000000000000000e+00 0.000000000000000000e+00 3.271604938271605034e-01 0.000000000000000000e+00 0.000000000000000000e+00 0.000000000000000000e+00 2.517073170731707332e-01
0.000000000000000000e+00 0.000000000000000000e+00 4.371257485029940160e-01 0.000000000000000000e+00 4.641434262948206935e-01 0.000000000000000000e+00 5.601617795753286444e-01 0.000000000000000000e+00 2.665406427221171937e-01 0.000000000000000000e+00 0.000000000000000000e+00 0.000000000000000000e+00 0.000000000000000000e+00 2.750252780586450729e-01 2.800000000000000266e-01 0.000000000000000000e+00 0.000000000000000000e+00 2.137998056365403299e-01 4.229249011857707519e-01 0.000000000000000000e+00
5.947580645161290036e-01 1.012609117361784605e+00 7.398843930635837784e-01 6.421471172962226470e-01 1.040733197556008127e+00 5.559921414538310236e-01 9.358341559723593051e-01 4.618357487922705173e-01 9.840319361277445331e-01 9.324324324324324564e-01 4.950099800399201389e-01 5.131845841784989926e-01 1.036072144288577190e+00 1.037383177570093462e+00 1.017681728880157177e+00 6.362694300518134671e-01 1.099703849950641743e+00 9.929078014184397061e-01 9.990029910269192515e-01 7.211440245148110773e-01
0.000000000000000000e+00 3.278688524590163689e-01 4.642126789366053385e-01 0.000000000000000000e+00 4.298507462686567138e-01 0.000000000000000000e+00 5.467336683417085563e-01 0.000000000000000000e+00 6.573982125124131493e-01 0.000000000000000000e+00 0.000000000000000000e+00 0.000000000000000000e+00 0.000000000000000000e+00 2.754367934224049574e-01 6.327130264446620966e-01 0.000000000000000000e+00 3.063414634146341409e-01 5.036726128016788540e-01 4.464285714285714524e-01 0.000000000000000000e+00
0.000000000000000000e+00 0.000000000000000000e+00 0.000000000000000000e+00 0.000000000000000000e+00 0.000000000000000000e+00 0.000000000000000000e+00 0.000000000000000000e+00 0.000000000000000000e+00 0.000000000000000000e+00 5.841209829867675118e-01 0.000000000000000000e+00 0.000000000000000000e+00 6.048879837067210330e-01 0.000000000000000000e+00 4.123505976095617753e-01 0.000000000000000000e+00 0.000000000000000000e+00 0.000000000000000000e+00 0.000000000000000000e+00 2.854494902687673696e-01
0.000000000000000000e+00 0.000000000000000000e+00 0.000000000000000000e+00 0.000000000000000000e+00 0.000000000000000000e+00 0.000000000000000000e+00 0.000000000000000000e+00 0.000000000000000000e+00 0.000000000000000000e+00 6.163021868787276203e-01 0.000000000000000000e+00 0.000000000000000000e+00 6.385669125395152523e-01 0.000000000000000000e+00 4.297520661157024913e-01 0.000000000000000000e+00 0.000000000000000000e+00 0.000000000000000000e+00 0.000000000000000000e+00 2.713178294573643234e-01
0.000000000000000000e+00 0.000000000000000000e+00 0.000000000000000000e+00 0.000000000000000000e+00 0.000000000000000000e+00 0.000000000000000000e+00 0.000000000000000000e+00 0.000000000000000000e+00 0.000000000000000000e+00 6.640394088669950845e-01 0.000000000000000000e+00 0.000000000000000000e+00 6.049495875343721130e-01 0.000000000000000000e+00 4.027640671273445272e-01 0.000000000000000000e+00 0.000000000000000000e+00 0.000000000000000000e+00 0.000000000000000000e+00 2.599206349206349409e-01
5.207328833172613081e-01 9.750747756729810645e-01 7.314629258517033605e-01 6.056603773584905426e-01 1.006122448979591910e+00 5.752302968270215366e-01 1.042575285565939813e+00 5.337487019730010607e-01 1.036238981390793290e+00 1.045317220543806602e+00 4.980392156862745168e-01 5.322580645161290036e-01 9.566968781470291949e-01 1.010546500479386323e+00 1.018181818181818077e+00 6.372819100091827726e-01 1.031729785056294757e+00 9.908998988877654179e-01 1.005015045135406293e+00 7.311004784688994729e-01
4.679170779861796525e-01 0.000000000000000000e+00 2.905138339920948498e-01 3.954214360041623522e-01 0.000000000000000000e+00 4.012036108324975037e-01 0.000000000000000000e+00 4.657534246575342207e-01 0.000000000000000000e+00 0.000000000000000000e+00 5.054080629301868077e-01 5.010266940451745254e-01 0.000000000000000000e+00 0.000000000000000000e+00 0.000000000000000000e+00 4.246713852376137743e-01 0.000000000000000000e+00 0.000000000000000000e+00 0.000000000000000000e+00 2.801635991820040639e-01
4.790174002047082880e-01 0.000000000000000000e+00 2.577962577962578106e-01 3.733333333333333504e-01 0.000000000000000000e+00 4.472656250000000000e-01 0.000000000000000000e+00 5.150631681243925675e-01 0.000000000000000000e+00 0.000000000000000000e+00 5.037735849056603765e-01 5.159362549800796671e-01 0.000000000000000000e+00 0.000000000000000000e+00 0.000000000000000000e+00 3.745019920318725104e-01 0.000000000000000000e+00 0.000000000000000000e+00 0.000000000000000000e+00 2.530120481927710663e-01
0.000000000000000000e+00 0.000000000000000000e+00 4.473420260782347002e-01 0.000000000000000000e+00 4.575424575424575369e-01 0.000000000000000000e+00 5.370950888192267403e-01 0.000000000000000000e+00 3.207171314741035784e-01 0.000000000000000000e+00 0.000000000000000000e+00 0.000000000000000000e+00 0.000000000000000000e+00 2.492146596858638707e-01 2.768595041322314265e-01 0.000000000000000000e+00 0.000000000000000000e+00 2.230919765166340385e-01 3.833992094861660149e-01 0.000000000000000000e+00
5.184466019417475202e-01 0.000000000000000000e+00 2.727272727272727071e-01 3.820459290187891432e-01 0.000000000000000000e+00 4.257932446264073856e-01 0.000000000000000000e+00 5.140478668054110356e-01 0.000000000000000000e+00 0.000000000000000000e+00 5.336091003102378938e-01 4.763903462749213280e-01 0.000000000000000000e+00 0.000000000000000000e+00 0.000000000000000000e+00 3.598326359832635934e-01 0.000000000000000000e+00 0.000000000000000000e+00 0.000000000000000000e+00 2.975845410628019105e-01
0.000000000000000000e+00 0.000000000000000000e+00 4.702380952380952328e-01 0.000000000000000000e+00 4.590163934426229608e-01 0.000000000000000000e+00 5.404878048780488164e-01 0.000000000000000000e+00 3.458646616541353191e-01 0.000000000000000000e+00 0.000000000000000000e+00 0.000000000000000000e+00 0.000000000000000000e+00 2.354031510658016746e-01 2.857142857142856984e-01 0.000000000000000000e+00 0.000000000000000000e+00 2.377919320594479857e-01 4.041884816753926746e-01 0.000000000000000000e+00
0.000000000000000000e+00 4.157635467980295707e-01 4.562814070351758899e-01 0.000000000000000000e+00 3.883299798792756441e-01 0.000000000000000000e+00 5.153374233128834581e-01 0.000000000000000000e+00 6.015936254980079889e-01 0.000000000000000000e+00 0.000000000000000000e+00 0.000000000000000000e+00 0.000000000000000000e+00 2.364990689013035385e-01 6.090297790585974536e-01 0.000000000000000000e+00 3.184466019417475646e-01 5.105953582240161381e-01 4.433198380566801822e-01 0.000000000000000000e+00
4.628906250000000000e-01 0.000000000000000000e+00 3.262411347517730764e-01 3.636363636363636465e-01 0.000000000000000000e+00 4.543568464730290413e-01 0.000000000000000000e+00 4.509018036072144353e-01 0.000000000000000000e+00 0.000000000000000000e+00 4.950884086444007903e-01 4.816247582205028799e-01 0.000000000000000000e+00 0.000000000000000000e+00 0.000000000000000000e+00 3.971193415637860324e-01 0.000000000000000000e+00 0.000000000000000000e+00 0.000000000000000000e+00 2.811839323467230645e-01
4.505386875612145126e-01 0.000000000000000000e+00 2.755203171456888089e-01 4.074803149606299191e-01 0.000000000000000000e+00 4.821973550356052907e-01 0.000000000000000000e+00 4.767556874381800314e-01 0.000000000000000000e+00 0.000000000000000000e+00 5.647298674821610298e-01 5.340101522842639614e-01 0.000000000000000000e+00 0.000000000000000000e+00 0.000000000000000000e+00 3.623481781376517996e-01 0.000000000000000000e+00 0.000000000000000000e+00 0.000000000000000000e+00 2.730923694779116562e-01
0.000000000000000000e+00 0.000000000000000000e+00 2.301425661914460186e-01 0.000000000000000000e+00 4.150197628458497934e-01 0.000000000000000000e+00 5.343811394891945232e-01 0.000000000000000000e+00 0.000000000000000000e+00 0.000000000000000000e+00 0.000000000000000000e+00 0.000000000000000000e+00 0.000000000000000000e+00 0.000000000000000000e+00 0.000000000000000000e+00 0.000000000000000000e+00 0.000000000000000000e+00 0.000000000000000000e+00 0.000000000000000000e+00 0.000000000000000000e+00
0.000000000000000000e+00 0.000000000000000000e+00 4.353741496598639293e-01 0.000000000000000000e+00 3.851851851851851860e-01 0.000000000000000000e+00 5.448916408668730282e-01 0.000000000000000000e+00 2.983316977428852046e-01 0.000000000000000000e+00 0.000000000000000000e+00 0.000000000000000000e+00 0.000000000000000000e+00 2.255924170616113722e-01 2.601787487586891823e-01 0.000000000000000000e+00 0.000000000000000000e+00 2.395939086294416320e-01 3.699059561128526519e-01 0.000000000000000000e+00
2.433537832310838367e-01 3.092573753814852333e-01 0.000000000000000000e+00 0.000000000000000000e+00 0.000000000000000000e+00 2.654690618762475252e-01 0.000000000000000000e+00 0.000000000000000000e+00 0.000000000000000000e+00 9.763313609467455523e-01 0.000000000000000000e+00 0.000000000000000000e+00 6.517509727626459304e-01 0.000000000000000000e+00 3.827655310621242424e-01 0.000000000000000000e+00 0.000000000000000000e+00 1.728134878819810316e-01 0.000000000000000000e+00 4.379844961240310086e-01
0.000000000000000000e+00 3.576158940397350938e-01 4.509018036072144353e-01 0.000000000000000000e+00 4.298160696999032138e-01 0.000000000000000000e+00 5.912698412698412787e-01 0.000000000000000000e+00 6.820461384152457507e-01 0.000000000000000000e+00 0.000000000000000000e+00 0.000000000000000000e+00 0.000000000000000000e+00 2.424242424242424310e-01 5.516528925619834656e-01 0.000000000000000000e+00 3.611971104231166407e-01 5.061224489795917991e-01 4.150579150579150611e-01 0.000000000000000000e+00
0.000000000000000000e+00 3.853403141361256279e-01 4.317269076305220721e-01 0.000000000000000000e+00 4.821246169560776118e-01 0.000000000000000000e+00 6.120331950207469340e-01 0.000000000000000000e+00 6.015779092702169262e-01 0.000000000000000000e+00 0.000000000000000000e+00 0.000000000000000000e+00 0.000000000000000000e+00 2.718446601941747476e-01 6.311637080867850136e-01 0.000000000000000000e+00 3.092783505154639290e-01 4.761904761904761640e-01 4.702439024390243638e-01 0.000000000000000000e+00
4.515484515484515238e-01 0.000000000000000000e+00 3.231939163498098733e-01 3.629191321499014022e-01 0.000000000000000000e+00 4.446660019940179565e-01 0.000000000000000000e+00 5.094339622641509413e-01 0.000000000000000000e+00 0.000000000000000000e+00 4.979999999999999982e-01 4.364754098360655865e-01 0.000000000000000000e+00 0.000000000000000000e+00 0.000000000000000000e+00 3.420289855072463636e-01 0.000000000000000000e+00 0.000000000000000000e+00 0.000000000000000000e+00 3.015384615384615330e-01
0.000000000000000000e+00 0.000000000000000000e+00 0.000000000000000000e+00 0.000000000000000000e+00 0.000000000000000000e+00 0.000000000000000000e+00 0.000000000000000000e+00 0.000000000000000000e+00 0.000000000000000000e+00 6.522187822497420573e-01 0.000000000000000000e+00 0.000000000000000000e+00 5.878848063555114356e-01 0.000000000000000000e+00 4.112512124151309623e-01 0.000000000000000000e+00 0.000000000000000000e+00 0.000000000000000000e+00 0.000000000000000000e+00 2.723492723492723644e-01
5.527426160337552963e-01 9.647749510763209413e-01 6.553784860557768654e-01 5.999999999999999778e-01 1.006036217303822866e+00 5.777777777777777235e-01 1.022222222222222143e+00 5.537190082644628530e-01 1.071907957813998058e+00 9.812108559498956550e-01 4.285714285714285476e-01 4.823151125401929362e-01 9.855630413859480798e-01 1.022177419354838745e+00 1.023121387283236983e+00 6.762295081967213406e-01 9.727547931382442004e-01 1.037773359840954202e+00 9.300322927879439705e-01 7.076271186440677985e-01
0.000000000000000000e+00 0.000000000000000000e+00 0.000000000000000000e+00 0.000000000000000000e+00 0.000000000000000000e+00 0.000000000000000000e+00 0.000000000000000000e+00 0.000000000000000000e+00 0.000000000000000000e+00 6.941297631307929983e-01 0.000000000000000000e+00 0.000000000000000000e+00 6.854271356783919744e-01 0.000000000000000000e+00 4.126357354392892196e-01 0.000000000000000000e+00 0.000000000000000000e+00 0.000000000000000000e+00 0.000000000000000000e+00 2.821969696969697239e-01
0.000000000000000000e+00 0.000000000000000000e+00 0.000000000000000000e+00 0.000000000000000000e+00 0.000000000000000000e+00 0.000000000000000000e+00 0.000000000000000000e+00 0.000000000000000000e+00 0.000000000000000000e+00 6.113789778206364378e-01 0.000000000000000000e+00 0.000000000000000000e+00 6.498054474708171435e-01 0.000000000000000000e+00 3.955600403632694162e-01 0.000000000000000000e+00 0.000000000000000000e+00 0.000000000000000000e+00 0.000000000000000000e+00 3.132275132275132434e-01
0.000000000000000000e+00 0.000000000000000000e+00 0.000000000000000000e+00 0.000000000000000000e+00 0.000000000000000000e+00 0.000000000000000000e+00 0.000000000000000000e+00 0.000000000000000000e+00 0.000000000000000000e+00 6.392344497607655995e-01 0.000000000000000000e+00 0.000000000000000000e+00 6.123260437375745990e-01 0.000000000000000000e+00 4.420218037661050592e-01 0.000000000000000000e+00 0.000000000000000000e+00 0.000000000000000000e+00 0.000000000000000000e+00 2.617382617382617571e-01
7.048192771084337283e-01 9.806949806949807336e-01 9.657198824681684224e-01 7.825203252032519874e-01 1.013409961685823646e+00 1.023589743589743639e+00 5.506653019447287356e-01 1.002016129032258007e+00 9.752229930624380927e-01 9.709302325581394832e-01 9.520897043832823314e-01 1.045738045738045630e+00 1.049904030710172798e+00 7.632367632367632604e-01 1.000987166831194486e+00 7.383660806618407291e-01 7.022587268993839560e-01 9.475847893114079934e-01 1.016815034619188873e+00 9.345417925478348709e-01
4.554655870445344368e-01 0.000000000000000000e+00 3.063583815028901869e-01 3.387755102040816424e-01 0.000000000000000000e+00 4.694932781799379673e-01 0.000000000000000000e+00 5.051124744376278564e-01 0.000000000000000000e+00 0.000000000000000000e+00 5.711361310133060698e-01 4.593781344032096259e-01 0.000000000000000000e+00 0.000000000000000000e+00 0.000000000000000000e+00 3.547008547008547175e-01 0.000000000000000000e+00 0.000000000000000000e+00 0.000000000000000000e+00 3.066271018793274017e-01
4.757281553398058360e-01 0.000000000000000000e+00 2.551440329218107039e-01 3.456310679611650505e-01 0.000000000000000000e+00 4.720496894409937916e-01 0.000000000000000000e+00 4.918699186991870032e-01 0.000000000000000000e+00 0.000000000000000000e+00 5.319796954314720550e-01 5.425023877745940304e-01 0.000000000000000000e+00 0.000000000000000000e+00 0.000000000000000000e+00 4.182194616977225610e-01 0.000000000000000000e+00 0.000000000000000000e+00 0.000000000000000000e+00 2.990476190476190621e-01
0.000000000000000000e+00 4.148727984344422470e-01 4.453201970443349533e-01 0.000000000000000000e+00 4.119464469618949742e-01 0.000000000000000000e+00 5.500000000000000444e-01 0.000000000000000000e+00 6.273291925465838137e-01 0.000000000000000000e+00 0.000000000000000000e+00 0.000000000000000000e+00 0.000000000000000000e+00 2.259767687434002248e-01 6.084452975047984769e-01 0.000000000000000000e+00 3.076923076923077094e-01 5.366357069143447012e-01 3.623036649214659843e-01 0.000000000000000000e+00
0.000000000000000000e+00 4.169246646026831815e-01 4.208416833667334433e-01 0.000000000000000000e+00 4.524793388429751984e-01 0.000000000000000000e+00 5.313131313131312927e-01 0.000000000000000000e+00 6.365461847389558558e-01 0.000000000000000000e+00 0.000000000000000000e+00 0.000000000000000000e+00 0.000000000000000000e+00 2.685950413223140432e-01 5.432835820895521861e-01 0.000000000000000000e+00 3.148688046647230565e-01 4.645030425963488918e-01 4.182741116751269028e-01 0.000000000000000000e+00
0.000000000000000000e+00 3.896663078579117312e-01 4.282828282828282651e-01 0.000000000000000000e+00 4.538860103626943254e-01 0.000000000000000000e+00 5.465465465465465522e-01 0.000000000000000000e+00 7.107601184600197408e-01 0.000000000000000000e+00 0.000000000000000000e+00 0.000000000000000000e+00 0.000000000000000000e+00 2.487562189054726425e-01 5.411764705882352589e-01 0.000000000000000000e+00 3.346007604562737381e-01 4.916090819348469809e-01 4.166666666666666852e-01 0.000000000000000000e+00
0.000000000000000000e+00 0.000000000000000000e+00 0.000000000000000000e+00 0.000000000000000000e+00 0.000000000000000000e+00 0.000000000000000000e+00 0.000000000000000000e+00 0.000000000000000000e+00 0.000000000000000000e+00 6.853281853281852909e-01 0.000000000000000000e+00 0.000000000000000000e+00 6.306818181818182323e-01 0.000000000000000000e+00 4.087591240875912413e-01 0.000000000000000000e+00 0.000000000000000000e+00 0.000000000000000000e+00 0.000000000000000000e+00 2.395209580838323360e-01
5.288461538461538547e-01 9.857142857142857650e-01 6.967871485943775145e-01 6.306306306306306286e-01 1.027135678391959850e+00 5.857988165680473314e-01 9.990356798457087351e-01 4.980392156862745168e-01 9.472636815920397746e-01 1.035957240038872795e+00 4.604462474645030223e-01 5.291750503018108898e-01 9.885773624091380718e-01 9.398058252427184955e-01 1.061023622047243986e+00 6.126126126126125726e-01 9.928644240570846380e-01 9.632653061224489832e-01 9.870646766169154374e-01 7.586891757696127003e-01
4.462474645030425902e-01 0.000000000000000000e+00 2.757242757242757136e-01 3.716283716283716454e-01 0.000000000000000000e+00 4.451219512195122019e-01 0.000000000000000000e+00 4.798426745329399945e-01 0.000000000000000000e+00 0.000000000000000000e+00 4.957805907172995741e-01 4.989979959919839669e-01 0.000000000000000000e+00 0.000000000000000000e+00 0.000000000000000000e+00 3.686354378818737509e-01 0.000000000000000000e+00 0.000000000000000000e+00 0.000000000000000000e+00 2.839756592292089210e-01
5.303643724696356365e-01 9.812807881773398799e-01 7.066929133858267376e-01 6.653696498054474384e-01 1.016650342801175277e+00 5.295202952029520738e-01 1.070707070707070718e+00 5.043646944713869873e-01 1.006660323501427312e+00 9.574468085106383475e-01 4.597938144329896670e-01 4.356243949661181003e-01 1.011542497376705096e+00 1.029779058597502406e+00 1.007812500000000000e+00 6.010362694300518394e-01 9.912023460410557263e-01 9.898989898989899450e-01 9.601634320735444872e-01 6.922300706357215061e-01
0.000000000000000000e+00 0.000000000000000000e+00 0.000000000000000000e+00 0.000000000000000000e+00 0.000000000000000000e+00 0.000000000000000000e+00 0.000000000000000000e+00 0.000000000000000000e+00 0.000000000000000000e+00 6.213017751479289474e-01 0.000000000000000000e+00 0.000000000000000000e+00 6.336429308565530993e-01 0.000000000000000000e+00 4.586614173228346636e-01 0.000000000000000000e+00 0.000000000000000000e+00 0.000000000000000000e+00 0.000000000000000000e+00 3.132780082987551840e-01
0.000000000000000000e+00 0.000000000000000000e+00 0.000000000000000000e+00 0.000000000000000000e+00 0.000000000000000000e+00 0.000000000000000000e+00 0.000000000000000000e+00 0.000000000000000000e+00 0.000000000000000000e+00 6.928229665071770071e-01 0.000000000000000000e+00 0.000000000000000000e+00 6.404715127701374744e-01 0.000000000000000000e+00 4.218905472636815812e-01 0.000000000000000000e+00 0.000000000000000000e+00 0.000000000000000000e+00 0.000000000000000000e+00 2.749490835030549696e-01
5.345528455284552782e-01 9.949238578680202894e-01 7.385554425228890718e-01 6.280000000000000027e-01 1.020447906523855863e+00 5.378486055776892094e-01 1.011591148577450028e+00 5.714285714285713969e-01 1.018536585365853675e+00 1.014705882352941124e+00 4.872579001019368139e-01 4.970059880239520722e-01 1.015936254980079667e+00 9.839999999999999858e-01 1.001023541453428756e+00 6.016427104722792407e-01 1.000000000000000000e+00 9.698795180722891152e-01 9.594460929772502533e-01 6.803519061583577221e-01
0.000000000000000000e+00 0.000000000000000000e+00 0.000000000000000000e+00 0.000000000000000000e+00 0.000000000000000000e+00 0.000000000000000000e+00 0.000000000000000000e+00 0.000000000000000000e+00 0.000000000000000000e+00 6.576923076923076872e-01 0.000000000000000000e+00 0.000000000000000000e+00 6.391347099311700530e-01 0.000000000000000000e+00 3.773584905660377631e-01 0.000000000000000000e+00 0.000000000000000000e+00 0.000000000000000000e+00 0.000000000000000000e+00 2.890855457227138881e-01
0.000000000000000000e+00 3.696498054474708361e-01 4.218750000000000000e-01 0.000000000000000000e+00 3.895055499495458928e-01 0.000000000000000000e+00 5.244019138755980913e-01 0.000000000000000000e+00 6.107011070110701656e-01 0.000000000000000000e+00 0.000000000000000000e+00 0.000000000000000000e+00 0.000000000000000000e+00 2.684426229508196649e-01 5.861027190332326331e-01 0.000000000000000000e+00 3.149758454106280081e-01 5.238095238095238360e-01 4.480769230769230949e-01 0.000000000000000000e+00
0.000000000000000000e+00 0.000000000000000000e+00 4.231166150670794823e-01 0.000000000000000000e+00 4.154175588865096636e-01 0.000000000000000000e+00 5.467059980334316727e-01 0.000000000000000000e+00 3.276723276723276790e-01 0.000000000000000000e+00 0.000000000000000000e+00 0.000000000000000000e+00 0.000000000000000000e+00 2.073778664007976114e-01 2.981366459627329268e-01 0.000000000000000000e+00 0.000000000000000000e+00 2.251256281407035265e-01 4.277673545966229063e-01 0.000000000000000000e+00
0.000000000000000000e+00 0.000000000000000000e+00 4.098185699039487706e-01 0.000000000000000000e+00 4.419263456090651299e-01 0.000000000000000000e+00 5.067961165048543437e-01 0.000000000000000000e+00 2.991026919242273374e-01 0.000000000000000000e+00 0.000000000000000000e+00 0.000000000000000000e+00 0.000000000000000000e+00 2.430830039525691821e-01 2.726368159203980124e-01 0.000000000000000000e+00 0.000000000000000000e+00 2.278738555442522962e-01 4.414327202323329868e-01 0.000000000000000000e+00
5.420944558521560985e-01 9.733464955577492139e-01 7.345679012345679437e-01 6.544715447154471066e-01 9.930898321816387098e-01 5.399014778325122998e-01 1.056268509378084808e+00 5.505836575875486805e-01 9.560229445506691626e-01 9.888324873096446810e-01 4.195519348268839099e-01 5.150300601202404405e-01 1.009940357852882720e+00 1.027667984189723382e+00 1.028971028971028989e+00 6.278118609406952988e-01 9.896049896049896599e-01 9.659999999999999698e-01 9.274509803921568984e-01 7.533539731682146190e-01
4.381338742393509067e-01 2.660000000000000142e-01 5.426829268292683306e-01 3.667334669338677133e-01 0.000000000000000000e+00 7.525562372188139282e-01 0.000000000000000000e+00 5.506391347099311995e-01 3.813471502590673468e-01 0.000000000000000000e+00 1.055611729019211298e+00 4.683301343570057673e-01 3.702989392478303055e-01 1.675075681130171468e-01 0.000000000000000000e+00 3.812436289500509834e-01 4.066147859922178975e-01 0.000000000000000000e+00 0.000000000000000000e+00 3.154574132492113381e-01
0.000000000000000000e+00 0.000000000000000000e+00 0.000000000000000000e+00 0.000000000000000000e+00 0.000000000000000000e+00 0.000000000000000000e+00 0.000000000000000000e+00 0.000000000000000000e+00 0.000000000000000000e+00 6.588235294117646967e-01 0.000000000000000000e+00 0.000000000000000000e+00 6.583333333333333259e-01 0.000000000000000000e+00 4.156339370829361113e-01 0.000000000000000000e+00 0.000000000000000000e+00 0.000000000000000000e+00 0.000000000000000000e+00 2.673267326732673421e-01
0.000000000000000000e+00 4.215784215784215694e-01 4.634377967711301172e-01 0.000000000000000000e+00 4.034582132564841772e-01 0.000000000000000000e+00 5.400000000000000355e-01 0.000000000000000000e+00 6.196911196911196740e-01 0.000000000000000000e+00 0.000000000000000000e+00 0.000000000000000000e+00 0.000000000000000000e+00 2.338461538461538425e-01 6.103379721669980329e-01 0.000000000000000000e+00 3.342995169082125795e-01 4.437564499484004110e-01 3.930753564154786384e-01 0.000000000000000000e+00
5.670202507232401379e-01 1.021072796934865856e+00 6.878727634194831131e-01 6.216484607745779156e-01 9.785495403472931342e-01 5.738219895287958172e-01 9.917695473251029181e-01 4.534759358288770192e-01 9.794661190965092690e-01 1.050049067713444639e+00 5.039062500000000000e-01 5.281220209723546111e-01 1.059829059829059839e+00 1.032258064516129004e+00 9.625984251968503491e-01 6.450999048525214441e-01 1.006185567010309256e+00 1.011518324607329822e+00 9.752720079129574282e-01 7.283950617283950768e-01
0.000000000000000000e+00 0.000000000000000000e+00 0.000000000000000000e+00 0.000000000000000000e+00 0.000000000000000000e+00 0.000000000000000000e+00 0.000000000000000000e+00 0.000000000000000000e+00 0.000000000000000000e+00 6.349206349206348854e-01 0.000000000000000000e+00 0.000000000000000000e+00 6.375372393247269454e-01 0.000000000000000000e+00 4.544564152791381040e-01 0.000000000000000000e+00 0.000000000000000000e+00 0.000000000000000000e+00 0.000000000000000000e+00 2.691190706679574274e-01
0.000000000000000000e+00 0.000000000000000000e+00 0.000000000000000000e+00 0.000000000000000000e+00 0.000000000000000000e+00 0.000000000000000000e+00 0.000000000000000000e+00 0.000000000000000000e+00 0.000000000000000000e+00 6.251236399604351845e-01 0.000000000000000000e+00 0.000000000000000000e+00 6.620416253716551180e-01 0.000000000000000000e+00 4.092741935483871218e-01 0.000000000000000000e+00 0.000000000000000000e+00 0.000000000000000000e+00 0.000000000000000000e+00 3.010309278350515316e-01
0.000000000000000000e+00 3.632734530938123707e-01 4.507042253521126862e-01 0.000000000000000000e+00 4.379414732593340243e-01 0.000000000000000000e+00 5.245245245245244714e-01 0.000000000000000000e+00 5.934959349593496025e-01 0.000000000000000000e+00 0.000000000000000000e+00 0.000000000000000000e+00 0.000000000000000000e+00 2.380038387715930903e-01 6.018867924528301661e-01 0.000000000000000000e+00 3.146779303062302025e-01 5.220883534136546711e-01 4.336882865440464530e-01 0.000000000000000000e+00
4.404194470924689964e-01 0.000000000000000000e+00 3.056092843326885800e-01 3.664278403275332829e-01 0.000000000000000000e+00 4.456177402323125425e-01 0.000000000000000000e+00 4.659427443237907362e-01 0.000000000000000000e+00 0.000000000000000000e+00 4.784394250513346880e-01 5.019841269841269771e-01 0.000000000000000000e+00 0.000000000000000000e+00 0.000000000000000000e+00 3.738872403560830615e-01 0.000000000000000000e+00 0.000000000000000000e+00 0.000000000000000000e+00 3.041385948026948949e-01
7.109768378650553888e-01 9.758771929824561209e-01 1.032770605759682159e+00 7.770069375619425012e-01 9.989989989989990216e-01 9.870129870129870087e-01 4.923076923076923350e-01 9.695852534562211522e-01 9.605389797882579739e-01 1.047151277013752546e+00 1.032901296111665035e+00 1.012072434607645954e+00 9.722507708119219050e-01 7.570850202429150189e-01 9.789272030651341439e-01 8.073394495412844485e-01 7.604485219164118792e-01 9.597644749754661309e-01 9.392478302796528622e-01 1.057425742574257477e+00
0.000000000000000000e+00 0.000000000000000000e+00 0.000000000000000000e+00 0.000000000000000000e+00 0.000000000000000000e+00 0.000000000000000000e+00 0.000000000000000000e+00 0.000000000000000000e+00 0.000000000000000000e+00 6.147455867082035619e-01 0.000000000000000000e+00 0.000000000000000000e+00 6.569948186528496992e-01 0.000000000000000000e+00 4.138634046890927731e-01 0.000000000000000000e+00 0.000000000000000000e+00 0.000000000000000000e+00 0.000000000000000000e+00 2.937062937062936974e-01
0.000000000000000000e+00 0.000000000000000000e+00 0.000000000000000000e+00 0.000000000000000000e+00 0.000000000000000000e+00 0.000000000000000000e+00 0.000000000000000000e+00 0.000000000000000000e+00 0.000000000000000000e+00 6.496212121212121549e-01 0.000000000000000000e+00 0.000000000000000000e+00 6.503719447396386633e-01 0.000000000000000000e+00 4.217961654894046286e-01 0.000000000000000000e+00 0.000000000000000000e+00 0.000000000000000000e+00 0.000000000000000000e+00 2.897959183673469163e-01
5.793244626407370035e-01 9.779482262703739215e-01 7.018633540372670732e-01 6.509341199606686335e-01 9.507186858316222233e-01 5.404255319148936199e-01 1.032705649157581673e+00 5.480769230769231282e-01 1.020202020202020110e+00 9.778633301251202781e-01 5.047120418848167755e-01 4.838709677419354982e-01 1.014634146341463428e+00 1.016617790811339184e+00 1.052531041069723061e+00 6.405484818805092795e-01 1.039513677811550130e+00 9.901380670611439339e-01 9.659999999999999698e-01 7.328556806550665659e-01
0.000000000000000000e+00 3.751317175974710483e-01 4.587884806355511658e-01 0.000000000000000000e+00 4.157303370786517016e-01 0.000000000000000000e+00 5.344295991778006405e-01 0.000000000000000000e+00 6.387225548902195627e-01 0.000000000000000000e+00 0.000000000000000000e+00 0.000000000000000000e+00 0.000000000000000000e+00 2.656095143706640460e-01 5.624404194470924434e-01 0.000000000000000000e+00 3.316880552813425420e-01 4.397705544933078192e-01 3.964671246319921294e-01 0.000000000000000000e+00
0.000000000000000000e+00 3.693877551020408045e-01 4.244817374136228838e-01 0.000000000000000000e+00 4.292878635907723117e-01 0.000000000000000000e+00 5.758513931888544768e-01 0.000000000000000000e+00 5.615763546798029360e-01 0.000000000000000000e+00 0.000000000000000000e+00 0.000000000000000000e+00 0.000000000000000000e+00 2.460937500000000000e-01 6.428571428571429047e-01 0.000000000000000000e+00 3.146997929606625277e-01 4.316996871741397013e-01 4.571428571428571286e-01 0.000000000000000000e+00
5.267406659939455338e-01 1.006012024048096087e+00 7.079107505070993955e-01 6.589147286821704919e-01 9.900199600798402777e-01 5.262076053442960033e-01 1.049689440993788914e+00 4.850976361767728728e-01 1.000973709834469316e+00 9.782403027436139542e-01 5.249237029501525598e-01 4.866995073891625667e-01 9.694501018329938491e-01 9.627507163323781869e-01 1.004775549188156702e+00 6.130268199233716020e-01 1.004073319755600879e+00 1.003875968992248069e+00 9.672801635991820079e-01 7.267144319344933656e-01
0.000000000000000000e+00 0.000000000000000000e+00 0.000000000000000000e+00 0.000000000000000000e+00 0.000000000000000000e+00 0.000000000000000000e+00 0.000000000000000000e+00 0.000000000000000000e+00 0.000000000000000000e+00 6.758349705304518285e-01 0.000000000000000000e+00 0.000000000000000000e+00 6.312625250501001650e-01 0.000000000000000000e+00 4.126679462571977153e-01 0.000000000000000000e+00 0.000000000000000000e+00 0.000000000000000000e+00 0.000000000000000000e+00 2.823297137216189689e-01
0.000000000000000000e+00 0.000000000000000000e+00 0.000000000000000000e+00 0.000000000000000000e+00 0.000000000000000000e+00 0.000000000000000000e+00 0.000000000000000000e+00 0.000000000000000000e+00 0.000000000000000000e+00 6.713426853707414876e-01 0.000000000000000000e+00 0.000000000000000000e+00 5.958291956305858950e-01 0.000000000000000000e+00 4.394531250000000000e-01 0.000000000000000000e+00 0.000000000000000000e+00 0.000000000000000000e+00 0.000000000000000000e+00 2.767950052029136132e-01
0.000000000000000000e+00 0.000000000000000000e+00 4.306122448979591844e-01 0.000000000000000000e+00 4.450980392156862475e-01 0.000000000000000000e+00 5.520628683693517003e-01 0.000000000000000000e+00 3.979487179487179449e-01 0.000000000000000000e+00 0.000000000000000000e+00 0.000000000000000000e+00 0.000000000000000000e+00 2.502482621648460803e-01 2.854144805876180357e-01 0.000000000000000000e+00 0.000000000000000000e+00 2.541322314049586639e-01 3.714285714285714413e-01 0.000000000000000000e+00
0.000000000000000000e+00 0.000000000000000000e+00 0.000000000000000000e+00 0.000000000000000000e+00 0.000000000000000000e+00 0.000000000000000000e+00 0.000000000000000000e+00 0.000000000000000000e+00 0.000000000000000000e+00 6.242299794661191337e-01 0.000000000000000000e+00 0.000000000000000000e+00 6.746031746031746490e-01 0.000000000000000000e+00 4.462474645030425902e-01 0.000000000000000000e+00 0.000000000000000000e+00 0.000000000000000000e+00 0.000000000000000000e+00 2.677012609117361830e-01
6.200417536534447160e-01 9.786407766990291579e-01 6.727272727272727293e-01 6.105476673427991940e-01 1.077731092436974736e+00 5.169230769230769296e-01 9.859999999999999876e-01 5.151515151515151381e-01 9.703153988868274960e-01 9.486931268151016505e-01 5.004926108374384564e-01 5.029585798816568198e-01 1.007223942208462342e+00 9.715964740450538928e-01 1.018065887353878818e+00 6.248715313463515386e-01 1.000000000000000000e+00 9.609609609609609526e-01 1.035123966942148810e+00 7.792472024415055820e-01
0.000000000000000000e+00 0.000000000000000000e+00 0.000000000000000000e+00 0.000000000000000000e+00 0.000000000000000000e+00 0.000000000000000000e+00 0.000000000000000000e+00 0.000000000000000000e+00 0.000000000000000000e+00 6.534859521331946031e-01 0.000000000000000000e+00 0.000000000000000000e+00 6.074498567335243626e-01 0.000000000000000000e+00 4.186507936507936622e-01 0.000000000000000000e+00 0.000000000000000000e+00 0.000000000000000000e+00 0.000000000000000000e+00 3.086419753086419582e-01
0.000000000000000000e+00 0.000000000000000000e+00 0.000000000000000000e+00 0.000000000000000000e+00 0.000000000000000000e+00 0.000000000000000000e+00 0.000000000000000000e+00 0.000000000000000000e+00 0.000000000000000000e+00 5.984251968503937480e-01 0.000000000000000000e+00 0.000000000000000000e+00 5.967078189300411006e-01 0.000000000000000000e+00 3.848580441640378491e-01 0.000000000000000000e+00 0.000000000000000000e+00 0.000000000000000000e+00 0.000000000000000000e+00 2.734530938123752586e-01
6.692307692307691847e-01 1.006487488415199305e+00 1.076000000000000068e+00 7.693836978131213256e-01 9.500489715964740567e-01 9.771428571428570908e-01 5.443902439024390638e-01 1.002000000000000002e+00 9.428571428571428381e-01 9.942084942084942201e-01 9.717171717171717571e-01 9.793510324483776230e-01 9.822134387351778573e-01 8.011753183153770275e-01 1.017580144777662898e+00 7.769080234833659615e-01 7.774420946626384721e-01 1.018322082931533368e+00 1.002832861189801639e+00 9.969356486210418922e-01
0.000000000000000000e+00 0.000000000000000000e+00 0.000000000000000000e+00 0.000000000000000000e+00 0.000000000000000000e+00 0.000000000000000000e+00 0.000000000000000000e+00 0.000000000000000000e+00 0.000000000000000000e+00 5.702891326021933827e-01 0.000000000000000000e+00 0.000000000000000000e+00 6.296650717703349276e-01 0.000000000000000000e+00 4.030837004405286583e-01 0.000000000000000000e+00 0.000000000000000000e+00 0.000000000000000000e+00 0.000000000000000000e+00 3.090315560391730387e-01
3.992172211350293320e-01 0.000000000000000000e+00 3.152507676560900585e-01 3.745019920318725104e-01 0.000000000000000000e+00 4.642857142857143016e-01 0.000000000000000000e+00 4.833491912464319973e-01 0.000000000000000000e+00 0.000000000000000000e+00 5.652173913043477826e-01 4.505183788878416862e-01 0.000000000000000000e+00 0.000000000000000000e+00 0.000000000000000000e+00 3.671875000000000000e-01 0.000000000000000000e+00 0.000000000000000000e+00 0.000000000000000000e+00 2.195121951219512202e-01
0.000000000000000000e+00 0.000000000000000000e+00 4.388777555110220385e-01 0.000000000000000000e+00 4.385128693994280180e-01 0.000000000000000000e+00 5.637305699481864885e-01 0.000000000000000000e+00 3.079884504331087403e-01 0.000000000000000000e+00 0.000000000000000000e+00 0.000000000000000000e+00 0.000000000000000000e+00 2.308438409311348305e-01 2.848664688427299807e-01 0.000000000000000000e+00 0.000000000000000000e+00 2.311557788944723635e-01 4.149855907780979902e-01 0.000000000000000000e+00
4.365384615384615419e-01 0.000000000000000000e+00 2.990654205607476412e-01 3.627152988855116278e-01 0.000000000000000000e+00 4.216748768472906583e-01 0.000000000000000000e+00 4.894433781190019039e-01 0.000000000000000000e+00 0.000000000000000000e+00 5.407554671968191062e-01 5.562372188139059759e-01 0.000000000000000000e+00 0.000000000000000000e+00 0.000000000000000000e+00 3.371868978805395156e-01 0.000000000000000000e+00 0.000000000000000000e+00 0.000000000000000000e+00 2.974261201143946765e-01
0.000000000000000000e+00 0.000000000000000000e+00 2.200392927308447988e-01 0.000000000000000000e+00 4.534161490683230045e-01 0.000000000000000000e+00 5.152409046214355692e-01 0.000000000000000000e+00 0.000000000000000000e+00 0.000000000000000000e+00 0.000000000000000000e+00 0.000000000000000000e+00 0.000000000000000000e+00 0.000000000000000000e+00 0.000000000000000000e+00 0.000000000000000000e+00 0.000000000000000000e+00 0.000000000000000000e+00 0.000000000000000000e+00 0.000000000000000000e+00
0.000000000000000000e+00 0.000000000000000000e+00 0.000000000000000000e+00 0.000000000000000000e+00 0.000000000000000000e+00 0.000000000000000000e+00 0.000000000000000000e+00 0.000000000000000000e+00 0.000000000000000000e+00 6.501035196687370288e-01 0.000000000000000000e+00 0.000000000000000000e+00 6.518668012108981280e-01 0.000000000000000000e+00 4.410256410256410131e-01 0.000000000000000000e+00 0.000000000000000000e+00 0.000000000000000000e+00 0.000000000000000000e+00 3.360000000000000209e-01
0.000000000000000000e+00 0.000000000000000000e+00 0.000000000000000000e+00 0.000000000000000000e+00 0.000000000000000000e+00 0.000000000000000000e+00 0.000000000000000000e+00 0.000000000000000000e+00 0.000000000000000000e+00 6.370967741935483764e-01 0.000000000000000000e+00 0.000000000000000000e+00 6.613861386138614185e-01 0.000000000000000000e+00 3.786982248520709970e-01 0.000000000000000000e+00 0.000000000000000000e+00 0.000000000000000000e+00 0.000000000000000000e+00 2.957746478873239382e-01
0.000000000000000000e+00 0.000000000000000000e+00 2.292089249492900715e-01 0.000000000000000000e+00 4.043243243243243024e-01 0.000000000000000000e+00 5.652173913043477826e-01 0.000000000000000000e+00 0.000000000000000000e+00 0.000000000000000000e+00 0.000000000000000000e+00 0.000000000000000000e+00 0.000000000000000000e+00 0.000000000000000000e+00 0.000000000000000000e+00 0.000000000000000000e+00 0.000000000000000000e+00 0.000000000000000000e+00 0.000000000000000000e+00 0.000000000000000000e+00
5.049504950495049549e-01 0.000000000000000000e+00 3.006923837784372111e-01 3.818897637795275468e-01 0.000000000000000000e+00 4.518828451882845321e-01 0.000000000000000000e+00 5.004887585532746819e-01 0.000000000000000000e+00 0.000000000000000000e+00 5.878787878787878896e-01 4.721435316336166088e-01 0.000000000000000000e+00 0.000000000000000000e+00 0.000000000000000000e+00 3.294117647058823484e-01 0.000000000000000000e+00 0.000000000000000000e+00 0.000000000000000000e+00 2.997118155619596380e-01
4.435401831129196504e-01 0.000000000000000000e+00 2.940038684719535889e-01 3.412322274881516848e-01 0.000000000000000000e+00 4.628906250000000000e-01 0.000000000000000000e+00 4.563758389261745041e-01 0.000000000000000000e+00 0.000000000000000000e+00 5.417925478348438739e-01 4.899598393574297051e-01 0.000000000000000000e+00 0.000000000000000000e+00 0.000000000000000000e+00 3.587174348697395043e-01 0.000000000000000000e+00 0.000000000000000000e+00 0.000000000000000000e+00 2.387755102040816368e-01
0.000000000000000000e+00 3.743743743743743746e-01 4.126357354392892196e-01 0.000000000000000000e+00 4.249999999999999889e-01 0.000000000000000000e+00 5.326203208556149482e-01 0.000000000000000000e+00 5.819592628516003785e-01 0.000000000000000000e+00 0.000000000000000000e+00 0.000000000000000000e+00 0.000000000000000000e+00 2.298850574712643646e-01 6.551059730250481383e-01 0.000000000000000000e+00 3.200815494393475791e-01 4.378818737270875894e-01 3.845371312309257550e-01 0.000000000000000000e+00
0.000000000000000000e+00 0.000000000000000000e+00 0.000000000000000000e+00 0.000000000000000000e+00 0.000000000000000000e+00 0.000000000000000000e+00 0.000000000000000000e+00 0.000000000000000000e+00 0.000000000000000000e+00 6.520438683948155401e-01 0.000000000000000000e+00 0.000000000000000000e+00 6.646341463414634498e-01 0.000000000000000000e+00 3.792415169660678376e-01 0.000000000000000000e+00 0.000000000000000000e+00 0.000000000000000000e+00 0.000000000000000000e+00 3.005076142131979933e-01
7.356783919597990051e-01 9.699398797595190080e-01 1.004859086491739495e+00 7.149950347567031184e-01 9.889224572004028380e-01 9.534883720930232842e-01 5.888223552894211732e-01 1.040322580645161255e+00 9.688442211055275921e-01 9.936575052854123014e-01 9.760479041916167997e-01 9.602446483180427927e-01 9.858299595141700733e-01 7.653575025176233559e-01 9.763617677286742236e-01 7.616279069767442067e-01 7.681728880157170369e-01 9.368104312938816403e-01 1.054441260744985565e+00 1.024248302618816719e+00
4.763819095477386800e-01 0.000000000000000000e+00 2.716535433070866312e-01 3.948220064724918821e-01 0.000000000000000000e+00 4.965380811078140555e-01 0.000000000000000000e+00 5.706051873198847435e-01 0.000000000000000000e+00 0.000000000000000000e+00 5.959595959595959114e-01 5.317693059628543217e-01 0.000000000000000000e+00 0.000000000000000000e+00 0.000000000000000000e+00 3.563432835820895539e-01 0.000000000000000000e+00 0.000000000000000000e+00 0.000000000000000000e+00 3.180487804878048830e-01
5.899419729206962781e-01 9.810568295114655557e-01 7.398119122257053037e-01 6.797257590597453047e-01 9.880478087649402497e-01 5.570866141732283561e-01 9.837398373983740063e-01 4.874476987447698972e-01 9.148264984227129082e-01 1.027659574468085202e+00 4.876543209876543217e-01 5.419222903885481113e-01 9.134615384615384359e-01 1.062068965517241281e+00 9.950738916256157696e-01 6.317948717948718151e-01 9.713721618953603532e-01 1.022749752720079064e+00 1.006910167818361401e+00 7.141463414634146023e-01
4.361054766734279720e-01 3.121951219512195119e-01 3.004032258064516236e-01 4.254032258064516236e-01 0.000000000000000000e+00 8.041450777202072686e-01 0.000000000000000000e+00 4.695481335952848556e-01 0.000000000000000000e+00 0.000000000000000000e+00 5.431372549019607421e-01 4.783047426841574024e-01 3.632567849686847428e-01 1.979797979797979779e-01 0.000000000000000000e+00 4.049586776859503967e-01 0.000000000000000000e+00 0.000000000000000000e+00 0.000000000000000000e+00 2.734375000000000000e-01
0.000000000000000000e+00 0.000000000000000000e+00 0.000000000000000000e+00 0.000000000000000000e+00 0.000000000000000000e+00 0.000000000000000000e+00 0.000000000000000000e+00 0.000000000000000000e+00 0.000000000000000000e+00 6.349534643226473207e-01 0.000000000000000000e+00 0.000000000000000000e+00 6.758620689655172598e-01 0.000000000000000000e+00 3.913470993117010854e-01 0.000000000000000000e+00 0.000000000000000000e+00 0.000000000000000000e+00 0.000000000000000000e+00 2.762645914396887337e-01
5.351562500000000000e-01 1.000962463907603572e+00 6.975806451612903691e-01 6.316872427983538651e-01 9.713701431492842708e-01 5.450980392156862253e-01 1.004849660523763344e+00 5.034825870646766344e-01 9.741035856573705409e-01 9.904761904761905100e-01 4.567257559958289859e-01 4.529411764705882359e-01 1.029551954242135414e+00 9.908629441624365874e-01 9.924528301886792470e-01 6.117886178861788871e-01 1.007874015748031482e+00 1.010816125860373615e+00 1.047619047619047672e+00 7.602339181286549286e-01
6.941986234021632063e-01 9.825242718446601797e-01 9.782833505687693609e-01 7.739938080495356587e-01 1.051080550098231869e+00 9.642857142857143016e-01 5.440464666021297413e-01 9.692765113974232127e-01 9.618949536560247315e-01 1.029622063329928450e+00 1.033639143730886945e+00 1.022704837117472954e+00 9.925925925925925819e-01 7.468879668049792642e-01 9.845837615621788608e-01 7.256977863330125178e-01 7.242339832869080229e-01 1.058593750000000000e+00 9.728682170542635177e-01 1.050387596899224896e+00
4.093686354378818781e-01 0.000000000000000000e+00 2.900608519269776697e-01 3.834808259587020873e-01 0.000000000000000000e+00 5.420375865479722943e-01 0.000000000000000000e+00 4.742063492063491870e-01 0.000000000000000000e+00 0.000000000000000000e+00 5.711382113821138473e-01 4.897560975609756007e-01 0.000000000000000000e+00 0.000000000000000000e+00 0.000000000000000000e+00 3.556485355648535407e-01 0.000000000000000000e+00 0.000000000000000000e+00 0.000000000000000000e+00 3.119834710743801809e-01
4.578313253012047945e-01 2.990844354018311058e-01 2.689243027888446047e-01 3.825569871159563706e-01 0.000000000000000000e+00 6.904055390702275030e-01 0.000000000000000000e+00 4.959999999999999964e-01 0.000000000000000000e+00 0.000000000000000000e+00 4.985104270109235181e-01 5.573440643863178945e-01 3.473895582329317167e-01 2.060988433228180816e-01 0.000000000000000000e+00 3.826086956521739246e-01 0.000000000000000000e+00 0.000000000000000000e+00 0.000000000000000000e+00 3.050505050505050719e-01
0.000000000000000000e+00 0.000000000000000000e+00 0.000000000000000000e+00 0.000000000000000000e+00 0.000000000000000000e+00 0.000000000000000000e+00 0.000000000000000000e+00 0.000000000000000000e+00 0.000000000000000000e+00 6.158475426278836595e-01 0.000000000000000000e+00 0.000000000000000000e+00 6.190476190476190688e-01 0.000000000000000000e+00 4.111731843575419099e-01 0.000000000000000000e+00 0.000000000000000000e+00 0.000000000000000000e+00 0.000000000000000000e+00 2.820763956904995262e-01
0.000000000000000000e+00 0.000000000000000000e+00 0.000000000000000000e+00 0.000000000000000000e+00 0.000000000000000000e+00 0.000000000000000000e+00 0.000000000000000000e+00 0.000000000000000000e+00 0.000000000000000000e+00 6.014568158168573930e-01 0.000000000000000000e+00 0.000000000000000000e+00 5.748502994011975842e-01 0.000000000000000000e+00 4.090462143559488450e-01 0.000000000000000000e+00 0.000000000000000000e+00 0.000000000000000000e+00 0.000000000000000000e+00 2.932790224032586490e-01
5.366336633663366662e-01 9.730807577268195674e-01 7.071935157041540077e-01 6.142557651991614742e-01 1.034682080924855585e+00 4.984227129337539530e-01 1.037549407114624511e+00 5.075834175935287629e-01 9.837631327602673892e-01 1.011258955987717423e+00 4.437927663734115291e-01 5.155925155925156211e-01 9.507853403141360848e-01 1.038076152304609145e+00 1.028571428571428470e+00 6.113537117903929952e-01 1.004803073967339033e+00 9.856184084372003884e-01 9.748743718592964846e-01 7.350096711798839166e-01
0.000000000000000000e+00 0.000000000000000000e+00 0.000000000000000000e+00 0.000000000000000000e+00 0.000000000000000000e+00 0.000000000000000000e+00 0.000000000000000000e+00 0.000000000000000000e+00 0.000000000000000000e+00 6.013986013986013512e-01 0.000000000000000000e+00 0.000000000000000000e+00 6.185147507629704666e-01 0.000000000000000000e+00 4.187866927592954758e-01 0.000000000000000000e+00 0.000000000000000000e+00 0.000000000000000000e+00 0.000000000000000000e+00 2.776089159067882672e-01
0.000000000000000000e+00 0.000000000000000000e+00 0.000000000000000000e+00 0.000000000000000000e+00 0.000000000000000000e+00 0.000000000000000000e+00 0.000000000000000000e+00 0.000000000000000000e+00 0.000000000000000000e+00 6.233009708737864418e-01 0.000000000000000000e+00 0.000000000000000000e+00 6.147783251231526691e-01 0.000000000000000000e+00 4.403292181069958788e-01 0.000000000000000000e+00 0.000000000000000000e+00 0.000000000000000000e+00 0.000000000000000000e+00 2.783505154639175361e-01
4.327603640040444954e-01 0.000000000000000000e+00 3.386944181646168173e-01 3.677932405566600171e-01 0.000000000000000000e+00 4.509803921568627527e-01 0.000000000000000000e+00 4.613918017159199247e-01 0.000000000000000000e+00 0.000000000000000000e+00 5.118577075098814655e-01 4.973876698014629283e-01 0.000000000000000000e+00 0.000000000000000000e+00 0.000000000000000000e+00 3.263263263263262992e-01 0.000000000000000000e+00 0.000000000000000000e+00 0.000000000000000000e+00 2.865671641791044943e-01
0.000000000000000000e+00 0.000000000000000000e+00 0.000000000000000000e+00 0.000000000000000000e+00 0.000000000000000000e+00 0.000000000000000000e+00 0.000000000000000000e+00 0.000000000000000000e+00 0.000000000000000000e+00 6.432264736297828023e-01 0.000000000000000000e+00 0.000000000000000000e+00 6.111111111111111605e-01 0.000000000000000000e+00 3.971631205673759046e-01 0.000000000000000000e+00 0.000000000000000000e+00 0.000000000000000000e+00 0.000000000000000000e+00 2.906155398587285665e-01
0.000000000000000000e+00 3.991726990692864296e-01 4.493307839388145375e-01 0.000000000000000000e+00 4.622918707149852868e-01 0.000000000000000000e+00 5.375901132852729525e-01 0.000000000000000000e+00 5.798319327731092931e-01 0.000000000000000000e+00 0.000000000000000000e+00 0.000000000000000000e+00 0.000000000000000000e+00 2.256097560975609817e-01 6.256410256410256387e-01 0.000000000000000000e+00 3.330049261083743994e-01 4.664602683178534770e-01 4.375644994840041102e-01 0.000000000000000000e+00
