Num_mutations: 100
Num_samples: 10
Error_rate: 0.050000

9.660842754367934271e-01 0.000000000000000000e+00 3.828960155490767625e-01 2.274052478134110655e-01 6.713709677419354982e-01 3.931104356636271335e-01 0.000000000000000000e+00 0.000000000000000000e+00 7.449799196787149080e-01 4.147088866189989620e-01
9.858012170385395123e-01 0.000000000000000000e+00 3.626062322946175809e-01 2.060606060606060552e-01 7.459999999999999964e-01 3.949416342412451209e-01 0.000000000000000000e+00 0.000000000000000000e+00 6.652763295099061169e-01 3.815261044176707084e-01
0.000000000000000000e+00 2.827521206409048249e-01 0.000000000000000000e+00 2.914285714285714257e-01 0.000000000000000000e+00 0.000000000000000000e+00 0.000000000000000000e+00 5.267326732673267564e-01 0.000000000000000000e+00 0.000000000000000000e+00
0.000000000000000000e+00 2.329713721618953681e-01 2.865221489161168811e-01 0.000000000000000000e+00 0.000000000000000000e+00 0.000000000000000000e+00 5.112016293279022516e-01 4.709543568464730212e-01 0.000000000000000000e+00 3.088082901554404236e-01
0.000000000000000000e+00 3.040935672514619714e-01 0.000000000000000000e+00 3.176229508196721230e-01 0.000000000000000000e+00 0.000000000000000000e+00 0.000000000000000000e+00 5.143422354104846272e-01 0.000000000000000000e+00 0.000000000000000000e+00
0.000000000000000000e+00 0.000000000000000000e+00 0.000000000000000000e+00 0.000000000000000000e+00 0.000000000000000000e+00 0.000000000000000000e+00 0.000000000000000000e+00 2.590068159688412863e-01 0.000000000000000000e+00 0.000000000000000000e+00
0.000000000000000000e+00 4.717182497331910418e-01 3.230921704658077376e-01 5.055837563451777150e-01 2.830578512396694224e-01 3.118172790466732791e-01 0.000000000000000000e+00 0.000000000000000000e+00 3.086419753086419582e-01 0.000000000000000000e+00
0.000000000000000000e+00 3.250249252243270215e-01 0.000000000000000000e+00 2.683896620278329870e-01 0.000000000000000000e+00 0.000000000000000000e+00 0.000000000000000000e+00 5.523193096008629510e-01 0.000000000000000000e+00 0.000000000000000000e+00
0.000000000000000000e+00 0.000000000000000000e+00 0.000000000000000000e+00 0.000000000000000000e+00 0.000000000000000000e+00 0.000000000000000000e+00 0.000000000000000000e+00 2.444228903976721767e-01 0.000000000000000000e+00 0.000000000000000000e+00
0.000000000000000000e+00 2.334710743801652888e-01 3.164918970448045710e-01 0.000000000000000000e+00 0.000000000000000000e+00 0.000000000000000000e+00 4.754420432220039516e-01 4.718657453109575406e-01 0.000000000000000000e+00 2.669322709163346463e-01
4.631803628601920964e-01 0.000000000000000000e+00 4.111969111969112078e-01 0.000000000000000000e+00 3.372972972972972938e-01 4.028776978417266119e-01 0.000000000000000000e+00 0.000000000000000000e+00 3.254861821903787256e-01 0.000000000000000000e+00
1.025799793601651189e+00 0.000000000000000000e+00 4.109055501460564530e-01 2.151394422310757004e-01 6.919140225179120085e-01 3.913470993117010854e-01 0.000000000000000000e+00 0.000000000000000000e+00 6.855468750000000000e-01 3.638211382113821224e-01
0.000000000000000000e+00 2.741935483870967527e-01 0.000000000000000000e+00 2.524850894632206799e-01 0.000000000000000000e+00 0.000000000000000000e+00 0.000000000000000000e+00 5.396498455200824385e-01 0.000000000000000000e+00 0.000000000000000000e+00
1.014799154334038001e+00 0.000000000000000000e+00 3.719999999999999973e-01 0.000000000000000000e+00 6.494312306101344134e-01 3.592436974789915971e-01 0.000000000000000000e+00 0.000000000000000000e+00 6.750972762645914838e-01 3.895348837209302584e-01
4.576612903225806273e-01 0.000000000000000000e+00 3.520456707897240967e-01 0.000000000000000000e+00 3.493077742279020459e-01 3.722697056030389584e-01 0.000000000000000000e+00 0.000000000000000000e+00 3.516949152542372947e-01 0.000000000000000000e+00
0.000000000000000000e+00 0.000000000000000000e+00 0.000000000000000000e+00 0.000000000000000000e+00 0.000000000000000000e+00 0.000000000000000000e+00 0.000000000000000000e+00 2.179999999999999993e-01 0.000000000000000000e+00 0.000000000000000000e+00
1.052307692307692388e+00 0.000000000000000000e+00 4.027916251246261292e-01 2.652043868394815540e-01 7.701736465781409136e-01 3.803088803088803260e-01 0.000000000000000000e+00 0.000000000000000000e+00 6.653266331658291843e-01 3.663663663663663805e-01
0.000000000000000000e+00 0.000000000000000000e+00 0.000000000000000000e+00 0.000000000000000000e+00 0.000000000000000000e+00 0.000000000000000000e+00 0.000000000000000000e+00 2.089843750000000000e-01 0.000000000000000000e+00 0.000000000000000000e+00
0.000000000000000000e+00 2.448979591836734637e-01 3.155737704918032960e-01 0.000000000000000000e+00 0.000000000000000000e+00 0.000000000000000000e+00 5.000000000000000000e-01 4.491869918699186726e-01 0.000000000000000000e+00 3.520157325467059839e-01
0.000000000000000000e+00 2.635983263598326576e-01 0.000000000000000000e+00 2.771684945164506475e-01 0.000000000000000000e+00 0.000000000000000000e+00 0.000000000000000000e+00 5.233463035019455534e-01 0.000000000000000000e+00 0.000000000000000000e+00
0.000000000000000000e+00 2.803180914512922728e-01 0.000000000000000000e+00 2.988741044012282466e-01 0.000000000000000000e+00 0.000000000000000000e+00 0.000000000000000000e+00 5.365853658536585691e-01 0.000000000000000000e+00 0.000000000000000000e+00
1.002770083102493048e+00 0.000000000000000000e+00 3.568627450980392246e-01 2.171189979123173408e-01 7.003027245206862039e-01 3.970276008492569231e-01 0.000000000000000000e+00 0.000000000000000000e+00 6.966966966966966490e-01 3.954685890834191420e-01
0.000000000000000000e+00 2.733964248159831967e-01 0.000000000000000000e+00 3.108252947481243145e-01 0.000000000000000000e+00 0.000000000000000000e+00 0.000000000000000000e+00 5.309381237524950503e-01 0.000000000000000000e+00 0.000000000000000000e+00
0.000000000000000000e+00 2.407960199004975099e-01 0.000000000000000000e+00 2.880490296220633573e-01 0.000000000000000000e+00 0.000000000000000000e+00 0.000000000000000000e+00 5.327868852459016757e-01 0.000000000000000000e+00 0.000000000000000000e+00
0.000000000000000000e+00 3.041289023162134786e-01 0.000000000000000000e+00 2.560000000000000053e-01 0.000000000000000000e+00 0.000000000000000000e+00 0.000000000000000000e+00 5.451018428709990538e-01 0.000000000000000000e+00 0.000000000000000000e+00
0.000000000000000000e+00 2.808764940239043550e-01 0.000000000000000000e+00 2.831683168316831423e-01 0.000000000000000000e+00 0.000000000000000000e+00 0.000000000000000000e+00 5.517909002904162197e-01 0.000000000000000000e+00 0.000000000000000000e+00
0.000000000000000000e+00 4.351378958120530882e-01 3.153526970954356745e-01 5.106382978723403854e-01 3.126252505010019833e-01 2.730844793713163021e-01 0.000000000000000000e+00 0.000000000000000000e+00 3.134479271991911231e-01 0.000000000000000000e+00
1.016666666666666607e+00 0.000000000000000000e+00 3.245967741935483764e-01 2.756598240469207983e-01 7.188405797101449224e-01 3.636363636363636465e-01 0.000000000000000000e+00 0.000000000000000000e+00 6.871992300288739530e-01 3.804143126177024214e-01
0.000000000000000000e+00 2.386117136659436089e-01 3.061224489795918435e-01 0.000000000000000000e+00 0.000000000000000000e+00 0.000000000000000000e+00 4.904862579281183965e-01 4.911550468262226854e-01 0.000000000000000000e+00 3.310069790628115682e-01
1.018218623481781382e+00 0.000000000000000000e+00 4.503042596348884596e-01 2.158859470468431907e-01 6.985446985446985835e-01 4.240077444336882717e-01 0.000000000000000000e+00 0.000000000000000000e+00 6.897233201581027817e-01 3.627152988855116278e-01
0.000000000000000000e+00 0.000000000000000000e+00 0.000000000000000000e+00 0.000000000000000000e+00 0.000000000000000000e+00 0.000000000000000000e+00 0.000000000000000000e+00 2.097087378640776767e-01 0.000000000000000000e+00 0.000000000000000000e+00
0.000000000000000000e+00 5.143403441682600219e-01 3.138033763654419217e-01 4.859437751004015982e-01 2.555663117134559514e-01 3.128153380423814300e-01 0.000000000000000000e+00 0.000000000000000000e+00 3.011583011583011671e-01 0.000000000000000000e+00
5.000000000000000000e-01 0.000000000000000000e+00 3.855185909980430314e-01 0.000000000000000000e+00 3.271983640081799760e-01 4.187866927592954758e-01 0.000000000000000000e+00 0.000000000000000000e+00 3.364102564102564030e-01 0.000000000000000000e+00
4.803149606299212393e-01 0.000000000000000000e+00 4.108527131782945818e-01 0.000000000000000000e+00 3.810444874274661609e-01 3.819301848049281300e-01 0.000000000000000000e+00 0.000000000000000000e+00 3.548067393458870233e-01 0.000000000000000000e+00
0.000000000000000000e+00 5.139022051773729505e-01 3.251533742331288446e-01 4.893832153690596543e-01 2.808080808080807844e-01 3.323201621073961776e-01 0.000000000000000000e+00 0.000000000000000000e+00 2.930186823992133593e-01 0.000000000000000000e+00
5.000000000000000000e-01 0.000000000000000000e+00 3.647540983606557541e-01 0.000000000000000000e+00 3.208661417322834497e-01 3.488602576808721434e-01 0.000000000000000000e+00 0.000000000000000000e+00 3.243781094527363185e-01 0.000000000000000000e+00
4.542713567839196109e-01 0.000000000000000000e+00 4.416924664602683293e-01 0.000000000000000000e+00 3.874239350912778712e-01 4.035785288270377635e-01 0.000000000000000000e+00 0.000000000000000000e+00 3.212536728697355515e-01 0.000000000000000000e+00
4.630021141649048877e-01 0.000000000000000000e+00 4.012158054711246202e-01 0.000000000000000000e+00 3.940594059405940763e-01 4.087301587301587213e-01 0.000000000000000000e+00 0.000000000000000000e+00 3.296032553407934884e-01 0.000000000000000000e+00
4.693281402142161496e-01 0.000000000000000000e+00 4.074436826640548404e-01 0.000000000000000000e+00 3.492063492063491870e-01 3.681102362204724532e-01 0.000000000000000000e+00 0.000000000000000000e+00 3.431952662721893255e-01 0.000000000000000000e+00
4.979674796747967647e-01 0.000000000000000000e+00 3.638190954773869445e-01 0.000000000000000000e+00 3.562231759656652175e-01 4.081632653061224580e-01 0.000000000000000000e+00 0.000000000000000000e+00 3.281853281853281956e-01 0.000000000000000000e+00
9.789789789789790087e-01 0.000000000000000000e+00 3.527013251783894243e-01 2.233606557377049162e-01 7.500000000000000000e-01 3.961661341853034979e-01 0.000000000000000000e+00 0.000000000000000000e+00 6.883248730964467432e-01 3.403403403403403304e-01
4.696356275303643635e-01 0.000000000000000000e+00 3.840796019900497571e-01 0.000000000000000000e+00 3.528114663726570899e-01 4.147843942505133330e-01 0.000000000000000000e+00 0.000000000000000000e+00 3.274974253347064934e-01 0.000000000000000000e+00
0.000000000000000000e+00 0.000000000000000000e+00 0.000000000000000000e+00 0.000000000000000000e+00 0.000000000000000000e+00 0.000000000000000000e+00 0.000000000000000000e+00 1.877551020408163296e-01 0.000000000000000000e+00 0.000000000000000000e+00
0.000000000000000000e+00 4.604462474645030223e-01 2.916235780765253360e-01 4.587155963302752548e-01 2.591493570722057105e-01 3.264094955489614258e-01 0.000000000000000000e+00 0.000000000000000000e+00 3.019607843137254721e-01 0.000000000000000000e+00
1.049701789264413598e+00 0.000000000000000000e+00 3.714821763602251248e-01 2.401656314699792960e-01 7.289340101522843174e-01 3.480825958702065126e-01 0.000000000000000000e+00 0.000000000000000000e+00 7.068965517241379004e-01 3.897131552917902919e-01
1.007135575942915473e+00 2.132280355380059278e-01 6.136820925553320150e-01 2.300884955752212357e-01 7.013487475915221037e-01 6.563407550822846215e-01 1.010080645161290258e+00 4.437751004016064482e-01 7.078431372549019995e-01 9.979591836734693633e-01
1.001992031872509958e+00 0.000000000000000000e+00 3.329969727547931191e-01 0.000000000000000000e+00 7.542735042735042583e-01 3.706640237859266662e-01 0.000000000000000000e+00 0.000000000000000000e+00 7.152709359605911033e-01 4.351297405189620826e-01
0.000000000000000000e+00 2.884801548886737899e-01 0.000000000000000000e+00 2.690763052208835493e-01 0.000000000000000000e+00 0.000000000000000000e+00 0.000000000000000000e+00 5.408062930186824380e-01 0.000000000000000000e+00 0.000000000000000000e+00
1.014381591562799612e+00 2.463768115942029102e-01 7.057633973710818465e-01 2.184024266936299419e-01 6.762728146013448072e-01 7.279843444227005467e-01 9.517241379310344973e-01 5.005086469989826758e-01 6.699604743083004132e-01 9.814049586776859568e-01
0.000000000000000000e+00 2.156663275686673542e-01 3.155650319829424455e-01 0.000000000000000000e+00 0.000000000000000000e+00 0.000000000000000000e+00 4.325897187196895977e-01 4.664031620553359958e-01 0.000000000000000000e+00 2.916235780765253360e-01
9.325513196480937905e-01 0.000000000000000000e+00 3.906882591093117640e-01 2.555438225976768840e-01 6.921529175050301630e-01 3.682664054848188151e-01 0.000000000000000000e+00 0.000000000000000000e+00 7.212787212787212798e-01 3.987341772151898889e-01
0.000000000000000000e+00 2.784552845528455167e-01 0.000000000000000000e+00 3.109756097560975596e-01 0.000000000000000000e+00 0.000000000000000000e+00 0.000000000000000000e+00 5.728346456692913202e-01 0.000000000000000000e+00 0.000000000000000000e+00
9.665071770334928702e-01 0.000000000000000000e+00 3.814432989690721421e-01 2.557172557172557315e-01 6.860103626943004906e-01 3.796954314720812351e-01 0.000000000000000000e+00 0.000000000000000000e+00 6.767068273092369246e-01 4.038054968287526636e-01
9.885297184567257700e-01 0.000000000000000000e+00 3.627152988855116278e-01 2.570281124497991732e-01 7.492323439099283222e-01 3.887814313346228401e-01 0.000000000000000000e+00 0.000000000000000000e+00 7.377521613832852543e-01 3.833671399594320572e-01
0.000000000000000000e+00 2.625641025641025639e-01 3.032069970845481244e-01 0.000000000000000000e+00 0.000000000000000000e+00 0.000000000000000000e+00 4.559270516717325306e-01 4.703632887189292400e-01 0.000000000000000000e+00 2.845275181723779800e-01
4.881889763779527769e-01 0.000000000000000000e+00 3.584720861900098088e-01 0.000000000000000000e+00 3.217726396917148235e-01 3.672612801678908911e-01 0.000000000000000000e+00 0.000000000000000000e+00 3.478260869565217295e-01 0.000000000000000000e+00
0.000000000000000000e+00 2.248995983935742904e-01 3.536463536463536617e-01 0.000000000000000000e+00 0.000000000000000000e+00 0.000000000000000000e+00 5.072463768115942351e-01 4.857423795476892847e-01 0.000000000000000000e+00 2.638036809815950678e-01
0.000000000000000000e+00 2.713987473903966552e-01 0.000000000000000000e+00 3.152709359605911366e-01 0.000000000000000000e+00 0.000000000000000000e+00 0.000000000000000000e+00 5.241935483870967527e-01 0.000000000000000000e+00 0.000000000000000000e+00
0.000000000000000000e+00 2.280000000000000082e-01 2.702702702702702853e-01 0.000000000000000000e+00 0.000000000000000000e+00 0.000000000000000000e+00 5.268389662027832543e-01 4.419321685508735831e-01 0.000000000000000000e+00 3.254043767840152368e-01
9.916434540389972296e-01 0.000000000000000000e+00 3.661148977604674060e-01 2.170385395537525464e-01 7.037037037037037202e-01 4.024144869215292020e-01 0.000000000000000000e+00 0.000000000000000000e+00 6.936299292214358481e-01 4.375000000000000000e-01
1.033596837944664060e+00 0.000000000000000000e+00 3.933787731256085940e-01 2.738095238095238360e-01 6.680286006128702825e-01 3.702171664943122997e-01 0.000000000000000000e+00 0.000000000000000000e+00 7.410526315789474072e-01 3.950870010235414398e-01
0.000000000000000000e+00 2.122687439143135235e-01 2.834645669291338543e-01 0.000000000000000000e+00 0.000000000000000000e+00 0.000000000000000000e+00 0.000000000000000000e+00 2.330677290836653259e-01 0.000000000000000000e+00 2.952477249747219590e-01
1.068062827225130906e+00 2.602459016393442459e-01 6.740890688259109087e-01 2.366972477064220315e-01 7.141403865717191879e-01 6.583969465648854547e-01 9.842519685039370358e-01 5.053449951409134666e-01 6.945863125638406244e-01 9.939999999999999947e-01
0.000000000000000000e+00 2.469387755102040727e-01 2.862862862862862734e-01 0.000000000000000000e+00 0.000000000000000000e+00 0.000000000000000000e+00 4.581589958158995834e-01 4.259999999999999898e-01 0.000000000000000000e+00 3.006012024048096420e-01
4.763779527559054983e-01 0.000000000000000000e+00 3.991975927783349976e-01 0.000000000000000000e+00 3.320683111954459421e-01 3.872950819672131284e-01 0.000000000000000000e+00 0.000000000000000000e+00 3.459244532803180672e-01 0.000000000000000000e+00
0.000000000000000000e+00 2.948207171314741193e-01 0.000000000000000000e+00 3.172978505629477919e-01 0.000000000000000000e+00 0.000000000000000000e+00 0.000000000000000000e+00 5.784946236559139754e-01 0.000000000000000000e+00 0.000000000000000000e+00
4.570273003033367143e-01 0.000000000000000000e+00 3.756449948400412686e-01 0.000000000000000000e+00 3.457286432160803780e-01 4.043607532210108935e-01 0.000000000000000000e+00 0.000000000000000000e+00 2.921129503407984274e-01 0.000000000000000000e+00
9.718875502008031964e-01 0.000000000000000000e+00 3.138401559454190859e-01 2.361546499477533978e-01 6.929133858267716439e-01 4.414327202323329868e-01 0.000000000000000000e+00 0.000000000000000000e+00 7.283582089552238514e-01 3.539651837524178113e-01
0.000000000000000000e+00 2.076395690499510394e-01 3.250743310208126791e-01 0.000000000000000000e+00 0.000000000000000000e+00 0.000000000000000000e+00 4.174454828660436045e-01 4.788441692466460231e-01 0.000000000000000000e+00 2.881516587677724894e-01
9.951219512195121908e-01 0.000000000000000000e+00 4.137931034482758563e-01 0.000000000000000000e+00 6.598984771573603858e-01 3.746161719549641611e-01 0.000000000000000000e+00 0.000000000000000000e+00 6.881091617933723370e-01 3.947895791583166392e-01
4.807492195629552434e-01 0.000000000000000000e+00 3.966244725738396482e-01 0.000000000000000000e+00 3.349191246431969526e-01 3.618485742379547454e-01 0.000000000000000000e+00 0.000000000000000000e+00 3.442136498516320531e-01 0.000000000000000000e+00
0.000000000000000000e+00 2.202556538839724742e-01 3.137651821862348367e-01 0.000000000000000000e+00 0.000000000000000000e+00 0.000000000000000000e+00 4.917695473251028626e-01 4.586108468125594806e-01 0.000000000000000000e+00 2.638215324927254968e-01
0.000000000000000000e+00 2.729912875121006666e-01 0.000000000000000000e+00 2.670509125840537790e-01 0.000000000000000000e+00 0.000000000000000000e+00 0.000000000000000000e+00 5.352697095435684504e-01 0.000000000000000000e+00 0.000000000000000000e+00
1.006910167818361401e+00 0.000000000000000000e+00 3.478260869565217295e-01 2.290388548057259721e-01 6.717998075072184605e-01 3.867187500000000000e-01 0.000000000000000000e+00 0.000000000000000000e+00 6.593625498007967822e-01 4.150197628458497934e-01
4.658385093167701774e-01 0.000000000000000000e+00 3.812316715542521939e-01 0.000000000000000000e+00 3.864541832669322607e-01 4.161849710982659101e-01 0.000000000000000000e+00 0.000000000000000000e+00 3.176470588235293935e-01 0.000000000000000000e+00
0.000000000000000000e+00 2.720953326713008713e-01 0.000000000000000000e+00 3.276036400404448989e-01 0.000000000000000000e+00 0.000000000000000000e+00 0.000000000000000000e+00 5.075757575757575690e-01 0.000000000000000000e+00 0.000000000000000000e+00
0.000000000000000000e+00 2.350597609561753121e-01 2.911512844909610043e-01 0.000000000000000000e+00 0.000000000000000000e+00 0.000000000000000000e+00 4.435318275154004342e-01 4.767556874381800314e-01 0.000000000000000000e+00 3.152709359605911366e-01
5.078125000000000000e-01 0.000000000000000000e+00 3.459119496855345699e-01 0.000000000000000000e+00 3.621227887617065599e-01 4.212598425196850127e-01 0.000000000000000000e+00 0.000000000000000000e+00 3.585095669687814457e-01 0.000000000000000000e+00
4.970873786407766781e-01 0.000000000000000000e+00 3.426853707414829753e-01 0.000000000000000000e+00 3.614931237721021873e-01 3.689892051030421727e-01 0.000000000000000000e+00 0.000000000000000000e+00 3.434125269978401951e-01 0.000000000000000000e+00
9.700598802395209441e-01 0.000000000000000000e+00 3.862487360970677241e-01 0.000000000000000000e+00 7.302823758519960684e-01 3.816046966731898027e-01 0.000000000000000000e+00 0.000000000000000000e+00 7.038123167155425630e-01 4.236760124610591816e-01
9.688109161793372337e-01 0.000000000000000000e+00 3.897435897435897467e-01 2.246520874751491148e-01 7.375478927203065194e-01 3.817427385892115943e-01 0.000000000000000000e+00 0.000000000000000000e+00 7.055276381909547645e-01 3.922705314009661826e-01
0.000000000000000000e+00 2.105263157894736725e-01 3.295019157088122652e-01 0.000000000000000000e+00 0.000000000000000000e+00 0.000000000000000000e+00 4.676616915422885379e-01 4.891944990176817498e-01 0.000000000000000000e+00 3.558994197292069672e-01
1.010309278350515427e+00 0.000000000000000000e+00 3.686200378071833872e-01 0.000000000000000000e+00 6.647673314339981321e-01 3.491422805247225147e-01 0.000000000000000000e+00 0.000000000000000000e+00 6.974874371859296485e-01 3.917948717948717685e-01
1.030421982335623099e+00 0.000000000000000000e+00 3.761562178828365965e-01 0.000000000000000000e+00 6.926926926926927353e-01 3.377148634984833420e-01 0.000000000000000000e+00 0.000000000000000000e+00 6.289682539682539542e-01 3.944499504459861305e-01
0.000000000000000000e+00 5.309381237524950503e-01 3.533057851239669311e-01 5.092402464065708401e-01 2.828077314343845350e-01 2.767419038272816434e-01 0.000000000000000000e+00 0.000000000000000000e+00 3.086876155268022393e-01 0.000000000000000000e+00
5.106382978723403854e-01 0.000000000000000000e+00 3.984063745019920111e-01 0.000000000000000000e+00 3.377148634984833420e-01 3.434535104364326297e-01 0.000000000000000000e+00 0.000000000000000000e+00 3.628691983122362963e-01 0.000000000000000000e+00
4.591520165460186154e-01 0.000000000000000000e+00 3.705826170009551279e-01 0.000000000000000000e+00 3.349467570183930487e-01 4.111221449851042431e-01 0.000000000000000000e+00 0.000000000000000000e+00 2.803180914512922728e-01 0.000000000000000000e+00
1.023493360572012234e+00 0.000000000000000000e+00 3.984220907297830183e-01 2.224428997020853893e-01 6.862944162436548368e-01 3.923444976076554958e-01 0.000000000000000000e+00 0.000000000000000000e+00 7.123552123552123749e-01 3.647175421209117863e-01
4.695304695304695075e-01 0.000000000000000000e+00 4.035259549461312489e-01 0.000000000000000000e+00 3.131313131313131493e-01 3.687258687258687107e-01 0.000000000000000000e+00 0.000000000000000000e+00 3.198420533070088778e-01 0.000000000000000000e+00
0.000000000000000000e+00 5.175983436853002218e-01 3.609958506224066332e-01 4.734774066797642345e-01 2.846153846153846034e-01 3.357363542739443818e-01 0.000000000000000000e+00 0.000000000000000000e+00 3.286180631120783624e-01 0.000000000000000000e+00
0.000000000000000000e+00 2.059447983014862094e-01 2.790697674418604612e-01 0.000000000000000000e+00 0.000000000000000000e+00 0.000000000000000000e+00 5.041322314049586639e-01 4.399185336048879735e-01 0.000000000000000000e+00 3.196881091617933546e-01
0.000000000000000000e+00 2.602602602602602788e-01 2.929292929292929282e-01 0.000000000000000000e+00 0.000000000000000000e+00 0.000000000000000000e+00 4.613899613899614116e-01 4.551724137931034697e-01 0.000000000000000000e+00 3.121387283236994326e-01
0.000000000000000000e+00 2.990844354018311058e-01 0.000000000000000000e+00 3.078470824949698370e-01 0.000000000000000000e+00 0.000000000000000000e+00 0.000000000000000000e+00 5.208940719144801168e-01 0.000000000000000000e+00 0.000000000000000000e+00
0.000000000000000000e+00 2.775510204081632626e-01 0.000000000000000000e+00 2.680851063829787218e-01 0.000000000000000000e+00 0.000000000000000000e+00 0.000000000000000000e+00 5.185185185185184897e-01 0.000000000000000000e+00 0.000000000000000000e+00
1.017928286852589626e+00 0.000000000000000000e+00 3.651115618661257556e-01 2.242063492063492147e-01 7.911200807265388324e-01 3.683168316831683109e-01 0.000000000000000000e+00 0.000000000000000000e+00 6.904761904761904656e-01 3.856858846918488903e-01
9.910089910089909804e-01 0.000000000000000000e+00 3.577889447236181075e-01 1.975071907957814121e-01 7.263969171483621867e-01 3.447537473233404648e-01 0.000000000000000000e+00 0.000000000000000000e+00 7.007722007722008151e-01 4.246445497630331745e-01
0.000000000000000000e+00 2.587486744432661578e-01 0.000000000000000000e+00 2.713178294573643234e-01 3.092369477911646736e-01 3.271983640081799760e-01 0.000000000000000000e+00 0.000000000000000000e+00 0.000000000000000000e+00 0.000000000000000000e+00
0.000000000000000000e+00 2.073050345508390957e-01 2.839879154078550072e-01 0.000000000000000000e+00 0.000000000000000000e+00 0.000000000000000000e+00 4.597014925373134053e-01 4.741035856573705409e-01 0.000000000000000000e+00 2.911646586345381649e-01
9.961977186311786747e-01 0.000000000000000000e+00 3.814229249011857892e-01 0.000000000000000000e+00 7.731958762886598224e-01 4.148606811145510997e-01 0.000000000000000000e+00 0.000000000000000000e+00 6.213017751479289474e-01 4.162724692526016956e-01
1.044467425025853213e+00 0.000000000000000000e+00 3.956262425447316100e-01 2.358974358974358920e-01 7.250237868696479682e-01 4.105691056910569237e-01 0.000000000000000000e+00 0.000000000000000000e+00 6.929740134744947211e-01 3.928194297782470756e-01
