Chromosome	Position	Change	Gene	sample0	sample1	sample2	sample3	sample4
1	0	G>T	1	10042	9904	9967	9863	10149
1	1	T>G	1	9893	10075	10162	9810	9879
1	2	A>G	1	10051	10135	10146	10078	10128
1	3	T>C	1	10035	10088	10039	10063	10147
1	4	C>A	1	9901	10102	10019	9982	10069
1	5	A>C	1	9988	10095	10128	9946	9960
1	6	T>G	1	9965	9910	10036	10000	9865
1	7	C>G	1	10257	9909	9758	9926	10006
1	8	G>T	1	10105	10155	10115	10175	10078
1	9	C>G	1	10040	9912	10222	9989	9976
1	10	C>G	1	10094	9981	10047	9948	10073
1	11	A>G	1	9988	10012	10010	10012	10056
1	12	T>A	1	9832	10036	9931	9925	10004
1	13	T>A	1	9975	10025	10028	10020	10028
1	14	T>C	1	10033	10063	9804	10092	10069
1	15	T>C	1	9903	9944	9994	9901	10106
1	16	C>T	1	9819	10015	9929	10094	10082
1	17	T>G	1	9986	9690	10117	9888	10021
1	18	G>C	1	10089	9905	10073	10198	10197
1	19	A>C	1	10038	10051	9933	10217	9886
1	20	G>C	1	9902	10041	10110	9946	10128
1	21	T>C	1	10081	9842	10063	9987	9897
1	22	C>A	1	9745	9966	10000	9996	10123
1	23	A>T	1	9888	9893	9936	10041	10167
1	24	C>G	1	10104	9924	9868	10051	10001
1	25	T>G	1	10167	10024	10154	9995	9959
1	26	C>T	1	10084	9824	9984	9942	9977
1	27	G>C	1	9770	9922	9914	9959	10052
1	28	A>C	1	9832	10081	9925	10047	10092
1	29	T>A	1	10011	9874	10153	10009	9936
1	30	G>C	1	10059	10153	9950	10074	10152
1	31	A>C	1	9947	9919	10041	9939	10042
1	32	A>T	1	10078	9867	10076	9928	9870
1	33	A>G	1	9995	10054	9937	9941	9934
1	34	T>G	1	10023	9949	10089	10058	9863
1	35	C>A	1	10099	9920	10018	9882	10047
1	36	G>A	1	10058	9893	10074	10027	10065
1	37	T>A	1	10076	9892	10067	9968	9888
1	38	T>C	1	9971	9964	10038	10029	10121
1	39	C>A	1	9916	10167	10110	10043	10061
1	40	G>C	1	10180	9927	9913	10016	9938
1	41	G>A	1	10124	10020	9872	9854	9946
1	42	A>G	1	9848	10042	10054	10045	10072
1	43	C>T	1	10033	9971	9813	10100	9888
1	44	T>A	1	9977	10077	9945	10255	10093
1	45	C>G	1	10071	9939	10115	9963	9999
1	46	C>T	1	10006	10108	9971	10060	10237
1	47	A>T	1	9757	10369	10132	9815	9995
1	48	C>G	1	10068	10069	10137	9975	10144
1	49	A>T	1	9863	10108	10050	9730	9972
1	50	C>T	1	9983	9990	9870	9899	10046
1	51	G>A	1	10088	9949	10038	9864	9926
1	52	C>A	1	10077	9954	9866	9980	9855
1	53	A>T	1	10028	10072	9913	9934	10134
1	54	T>G	1	10067	9968	10011	9909	10055
1	55	T>C	1	10122	10061	10119	9853	10068
1	56	T>C	1	9900	10026	9954	9980	9994
1	57	T>G	1	9897	9968	10117	9719	10091
1	58	C>G	1	9898	9921	10056	9973	10120
1	59	G>C	1	10044	10057	9765	9842	10076
1	60	C>T	1	9836	10097	9836	10157	10004
1	61	A>C	1	10190	9998	10107	9961	9896
1	62	A>C	1	10087	9903	10080	10077	9874
1	63	T>A	1	10024	10099	9850	9915	10111
1	64	G>A	1	9945	10074	10013	10087	9976
1	65	G>A	1	9988	10010	10038	9992	9923
1	66	G>C	1	9969	9853	9958	10104	10118
1	67	T>C	1	9970	10194	10043	9932	9886
1	68	G>A	1	10019	10033	10096	9980	10242
1	69	T>A	1	9789	10055	9905	10007	9959
1	70	G>A	1	9948	10064	9993	9871	9913
1	71	A>G	1	10021	9881	9895	10070	9767
1	72	C>T	1	9834	9965	9863	9970	10002
1	73	T>A	1	10053	9938	9991	10103	10138
1	74	A>G	1	10119	9851	10033	10119	10112
1	75	T>C	1	10173	9978	10098	9914	9958
1	76	A>G	1	10237	10028	10065	9829	9943
1	77	G>C	1	9957	10047	10055	9976	9847
1	78	C>T	1	10142	9933	9926	10051	9962
1	79	C>T	1	9985	9939	10031	10025	10032
1	80	G>C	1	10060	10127	10140	10034	9887
1	81	C>G	1	10092	10032	9904	9862	9873
1	82	C>G	1	9988	9957	9969	10164	9982
1	83	C>G	1	10056	9931	9888	10048	10032
1	84	T>A	1	9942	9880	10113	9912	10015
1	85	T>G	1	10080	9866	9990	9882	9920
1	86	T>A	1	9932	9746	10087	10101	9977
1	87	T>C	1	9948	10104	10107	9952	10093
1	88	A>G	1	10199	10066	10031	10040	10033
1	89	T>G	1	10048	9973	9994	10023	9991
1	90	T>G	1	10031	10005	9966	9829	9900
1	91	C>T	1	10039	10115	9956	9953	9828
1	92	C>G	1	10259	9881	10032	9993	10104
1	93	G>C	1	10001	9781	10035	9940	9907
1	94	C>A	1	9876	9841	10041	10109	9922
1	95	G>T	1	9906	9908	10126	10086	9897
1	96	A>T	1	9840	10203	10077	9904	10022
1	97	A>G	1	10189	10126	9989	10143	10015
1	98	C>G	1	9903	9891	10099	10047	9982
1	99	T>G	1	10004	10185	9941	10045	9931
