gene_id	sample0	sample0	sample1	sample1	sample2	sample2	sample3	sample3	sample4	sample4	sample5	sample5	sample6	sample6	sample7	sample7	sample8	sample8	sample9	sample9
0	7157	2714	8305	1618	10014	0	7520	2490	7879	2240	8913	1125	10079	0	8538	1472	7587	2478	8437	1746
1	8670	1219	8378	1571	9924	0	8878	1134	7666	2313	8751	1110	10036	0	8511	1477	8846	1218	9930	0
2	9920	0	9997	0	10211	0	8716	1339	9910	0	9850	0	9965	0	10068	0	9978	0	10141	0
3	9960	0	10209	0	10027	0	8568	1329	9967	0	9946	0	10163	0	10019	0	10039	0	10012	0
4	10092	0	9982	0	10003	0	8655	1368	10119	0	10047	0	10084	0	9944	0	9982	0	10034	0
5	9970	0	9941	0	10026	0	8742	1307	10145	0	9990	0	9912	0	9702	0	10100	0	9965	0
6	10197	0	10026	0	9998	0	8551	1307	10220	0	10166	0	9896	0	9998	0	10003	0	9987	0
7	10113	0	10016	0	9925	0	8592	1271	10009	0	10093	0	9978	0	9902	0	9853	0	10003	0
8	7337	2588	8501	1623	9849	0	7578	2480	7811	2375	8974	1112	9985	0	8629	1432	7573	2525	8153	1697
9	5074	4869	6701	3151	7559	2384	6408	3618	7823	2190	6441	3513	4977	4992	6947	3284	6294	3774	6773	3166
10	9884	0	9955	0	9971	0	8739	1294	10052	0	10022	0	9791	0	10017	0	10041	0	9816	0
11	4991	4984	5015	4927	5101	5032	5046	4896	5001	5059	5072	4976	4933	4932	5021	4972	4958	5066	4993	4941
12	9950	0	10074	0	10025	0	8712	1247	10038	0	9896	0	10041	0	9933	0	9936	0	10165	0
13	9867	0	9916	0	10156	0	8607	1298	9980	0	10002	0	10335	0	9984	0	10044	0	9853	0
14	10077	0	10181	0	9980	0	8551	1407	7279	2799	8518	1381	9981	0	8328	1865	10045	0	10087	0
15	9974	0	10107	0	9960	0	8586	1385	9947	0	9990	0	10096	0	9786	0	10252	0	10065	0
16	9882	0	10051	0	10003	0	8673	1318	10006	0	9914	0	9924	0	9992	0	10060	0	9950	0
17	10251	0	9888	0	10028	0	8827	1351	9865	0	10135	0	10124	0	10003	0	10139	0	9974	0
18	7342	2615	8394	1589	10017	0	7484	2433	7640	2177	9068	1087	10077	0	8620	1428	7423	2662	8289	1744
19	10081	0	10135	0	10141	0	8546	1345	9927	0	10039	0	10019	0	9875	0	9978	0	10037	0
20	10108	0	9787	0	9968	0	8705	1300	10127	0	9973	0	10023	0	10128	0	10072	0	9799	0
21	9881	0	9925	0	10079	0	8665	1293	9980	0	9948	0	9985	0	10047	0	9821	0	10079	0
22	9956	0	9933	0	9925	0	8679	1330	10029	0	9977	0	10111	0	9910	0	10045	0	9899	0
23	10029	0	10086	0	9956	0	8673	1294	9952	0	10058	0	9970	0	9894	0	10153	0	9927	0
24	10031	0	10181	0	10113	0	8664	1309	9997	0	9998	0	9920	0	9980	0	10077	0	9889	0
25	7417	2681	8596	1590	9923	0	7620	2505	7796	2158	8855	1104	9980	0	8647	1438	7359	2520	8284	1716
26	9970	0	10053	0	9906	0	8719	1299	9908	0	10043	0	10096	0	10098	0	9910	0	10066	0
27	9976	0	9942	0	10065	0	8782	1306	10238	0	10101	0	10170	0	10022	0	10191	0	9947	0
28	10029	0	10101	0	9979	0	8764	1290	9897	0	9982	0	10120	0	10023	0	10022	0	10045	0
29	10057	0	10130	0	9908	0	8774	1367	9960	0	9896	0	10041	0	9952	0	9863	0	9973	0
30	10073	0	9899	0	9970	0	8491	1412	7165	2747	8551	1404	9998	0	7973	1842	10154	0	9970	0
31	9997	0	10060	0	9950	0	8744	1330	10029	0	9980	0	9979	0	9903	0	10062	0	10088	0
32	10096	0	9925	0	10170	0	8724	1265	10147	0	10092	0	10130	0	9813	0	10119	0	9897	0
33	5002	5022	6794	3201	7591	2320	6384	3580	7716	2230	6274	3590	4885	5008	6834	3112	6062	3773	6772	3279
34	10095	0	10045	0	9973	0	8526	1263	10060	0	10056	0	9975	0	10133	0	9881	0	9864	0
35	10105	0	10094	0	9926	0	8886	1297	10086	0	9948	0	10039	0	10103	0	9887	0	9955	0
36	9926	0	10094	0	9881	0	8582	1317	10061	0	10145	0	9940	0	9979	0	9912	0	9912	0
37	10218	0	10043	0	10073	0	8528	1305	9947	0	10035	0	9809	0	10222	0	9944	0	10052	0
38	10027	0	10064	0	10053	0	8760	1326	10070	0	9992	0	10093	0	10074	0	9830	0	9901	0
39	9952	0	10124	0	10025	0	8581	1479	7174	2763	8762	1361	9932	0	8125	1810	9765	0	9755	0
40	10003	0	9973	0	10258	0	8870	1289	9821	0	9864	0	9900	0	9867	0	10040	0	10124	0
41	8955	1149	8426	1615	7765	2374	8877	1177	10122	0	10070	0	9942	0	10147	0	10063	0	8579	1437
42	5001	4920	4949	4890	4936	5105	4911	4975	5052	5052	5069	5082	4908	5015	4897	4846	5030	4838	5038	5016
43	9956	0	10088	0	10013	0	8821	1316	10001	0	10004	0	10001	0	9942	0	10190	0	9859	0
44	5054	4974	6840	3343	7707	2398	6430	3641	7840	2222	6316	3484	4924	5057	6970	3169	6149	3807	5037	4947
45	10060	0	10134	0	9891	0	8796	1264	10154	0	9863	0	9890	0	10024	0	9862	0	10025	0
46	10002	0	10030	0	10120	0	8806	1316	9987	0	10107	0	9936	0	10086	0	9959	0	10030	0
47	7403	2642	8534	1634	9972	0	7550	2493	7788	2192	8937	1139	10036	0	8540	1490	7342	2506	8203	1737
48	5045	4965	6900	3160	7600	2361	6313	3492	7893	2186	6399	3597	5001	4972	6768	3116	6259	3800	5101	5080
49	10035	0	9888	0	9935	0	8774	1247	10131	0	10179	0	9824	0	9955	0	10049	0	9986	0
50	9837	0	9834	0	10035	0	8747	1358	10076	0	10057	0	10076	0	9976	0	9968	0	10046	0
51	8643	1255	8339	1612	9977	0	8734	1205	7713	2246	8939	1077	10037	0	8511	1467	8837	1203	10056	0
52	9928	0	10038	0	9935	0	8645	1314	9984	0	9939	0	10024	0	9875	0	9893	0	10006	0
53	9796	0	9878	0	9903	0	8584	1331	9973	0	9929	0	9895	0	10046	0	9952	0	10086	0
54	5015	4967	5036	5006	4984	5002	4960	5058	4993	5093	4891	4914	4849	5021	5073	4963	4952	4937	4825	5129
55	4886	5017	6827	3275	7494	2414	6443	3584	7811	2125	6267	3630	5036	4990	6796	3160	6240	3846	5093	5006
56	4974	4978	5040	5058	5046	5022	4938	5111	4902	4956	5101	4914	5033	4988	4925	5095	5047	5134	4919	5081
57	9959	0	10126	0	10163	0	8610	1446	7227	2748	8511	1393	10062	0	8264	1788	10164	0	10129	0
58	9907	0	10102	0	10177	0	8591	1294	10040	0	10043	0	10208	0	10006	0	10060	0	10040	0
59	9992	0	10134	0	10062	0	8618	1495	7201	2784	8702	1371	10101	0	8115	1932	10048	0	9991	0
60	10011	0	10084	0	9933	0	8681	1341	9969	0	9872	0	10030	0	10043	0	9916	0	10056	0
61	9953	0	10153	0	10009	0	8521	1382	10037	0	10105	0	10013	0	10163	0	10072	0	10037	0
62	4896	5016	6646	3226	7631	2403	6358	3686	7760	2223	6377	3716	4901	5065	6796	3111	6390	3756	4870	5007
63	7359	2684	8470	1597	10211	0	7537	2440	7736	2152	8765	1151	10040	0	8668	1455	7408	2688	8178	1777
64	4909	5009	6753	3187	7531	2378	6386	3577	7853	2241	6301	3670	5012	4957	6782	3191	6159	3791	6760	3166
65	9826	0	10022	0	10050	0	8698	1356	7322	2871	8537	1435	10063	0	8115	1787	10042	0	10112	0
66	10031	0	10133	0	9969	0	8659	1283	10075	0	9968	0	10012	0	10065	0	10236	0	10029	0
67	9943	0	9906	0	9933	0	8719	1290	9791	0	10146	0	10020	0	9888	0	10067	0	9939	0
68	10003	0	10062	0	10054	0	8510	1429	7084	2792	8564	1408	9925	0	8202	1754	10091	0	9950	0
69	10121	0	9932	0	9984	0	8659	1328	10003	0	9978	0	9923	0	10105	0	9982	0	9956	0
70	10036	0	9985	0	10016	0	8598	1335	10111	0	10102	0	9832	0	9948	0	9859	0	9819	0
71	10110	0	9974	0	9973	0	8662	1304	9916	0	9866	0	10142	0	10211	0	9996	0	9776	0
72	10074	0	9946	0	10057	0	8573	1260	10059	0	10060	0	10001	0	9939	0	10018	0	10050	0
73	10034	0	10043	0	10006	0	8799	1272	9963	0	10049	0	10202	0	9890	0	9857	0	10073	0
74	7282	2591	8518	1574	9978	0	7463	2397	7697	2202	8862	1097	9954	0	8477	1481	7479	2527	8279	1687
75	8712	1272	8389	1548	10024	0	8893	1078	7695	2180	8972	1026	9822	0	8450	1492	8822	1211	9942	0
76	9943	0	9998	0	9932	0	8703	1293	10049	0	10098	0	10151	0	9956	0	10132	0	9961	0
77	5109	5032	4957	4902	5012	4992	4914	4788	5045	4962	4988	5052	4959	4993	4986	4992	4872	4982	5077	5118
78	9936	0	9950	0	9902	0	8600	1336	10032	0	10077	0	9854	0	9905	0	9971	0	9926	0
79	4957	5062	6824	3176	7738	2370	6469	3711	7819	2205	7732	2348	7670	2425	8463	1480	7589	2527	6914	3226
80	8880	1147	8322	1627	7625	2343	8876	1067	9976	0	10044	0	10007	0	10106	0	9972	0	8506	1403
81	10056	0	10066	0	9873	0	8823	1303	10313	0	10072	0	10187	0	10185	0	10099	0	10028	0
82	9924	0	10050	0	9760	0	8752	1292	10259	0	10032	0	10025	0	10090	0	9948	0	9933	0
83	5042	5090	5055	4948	5012	4976	5030	4899	5137	5022	5029	5053	5074	4942	5040	5012	4961	5095	5071	5085
84	9882	0	10008	0	10015	0	8582	1301	10044	0	10266	0	9975	0	10035	0	9973	0	9992	0
85	8793	1263	9865	0	9983	0	9900	0	10005	0	9960	0	9937	0	10034	0	8922	1201	9993	0
86	10180	0	9920	0	10015	0	8471	1262	9882	0	9982	0	9933	0	9980	0	10098	0	10180	0
87	10064	0	10017	0	9838	0	8719	1334	10126	0	9978	0	9997	0	10032	0	10099	0	9938	0
88	4901	4977	6875	3231	7685	2344	6500	3605	7703	2195	6427	3590	4991	5064	6751	3123	6193	3766	6721	3196
89	5054	5084	4995	5036	5083	5075	5047	5055	4949	5029	5016	5010	4970	5076	4972	4952	4963	5030	5020	4978
90	10029	0	9944	0	9873	0	8789	1288	10026	0	9902	0	10027	0	10008	0	9953	0	9852	0
91	10064	0	10097	0	10038	0	8727	1266	10047	0	9956	0	10053	0	9868	0	10074	0	10103	0
92	4972	4886	5192	5054	5016	4952	5097	4998	4923	4943	5076	5098	5022	5032	5016	5057	5018	5040	5027	5037
93	10009	0	10079	0	10092	0	8572	1413	7260	2825	8627	1358	9925	0	8162	1824	9998	0	9837	0
94	4854	5038	6697	3122	7755	2390	6330	3545	7766	2234	6270	3575	4977	5072	6837	3118	6369	3789	6873	3166
95	9954	0	9986	0	10101	0	8716	1350	9853	0	9776	0	9814	0	10037	0	9965	0	9968	0
96	7402	2651	8553	1593	9923	0	7375	2361	7858	2277	8901	1128	10047	0	8579	1472	7343	2445	8372	1711
97	9973	0	10025	0	9891	0	8519	1483	7215	2822	8514	1438	10106	0	8289	1809	9938	0	9992	0
98	9865	0	10071	0	10028	0	8581	1258	10074	0	10122	0	10010	0	9996	0	10004	0	9938	0
99	10001	0	10186	0	10261	0	8649	1242	10030	0	9963	0	10055	0	10157	0	10122	0	10021	0
