#chr	normal	sample0	sample1	sample2	sample3	sample4	sample5	sample6	sample7	sample8	sample9	sample10	sample11	sample12	sample13	sample14
0	0	0.407443682664	0.330595482546	0.361722488038	0.279368213228	0.407333994054	0.495859213251	0.385447394297	0.301941747573	0.390562248996	0.515025906736	0.383886255924	0.50950950951	0.493617021277	0.512745098039	0.503073770492
1	0	0.0	0.163033175355	0.0	0.130478087649	0.0	0.182926829268	0.0	0.297297297297	0.131313131313	0.243902439024	0.148076923077	0.2738336714	0.0	0.241241241241	0.0796277145812
2	0	0.12874251497	0.0	0.0	0.0	0.139215686275	0.0	0.13358778626	0.0	0.148187633262	0.0	0.0	0.19023397762	0.0	0.0	0.15652173913
3	0	0.110996916752	0.0	0.0	0.0	0.118434603502	0.0	0.129909365559	0.0	0.112462006079	0.0	0.0	0.178502879079	0.0	0.0	0.14371257485
4	0	0.0	0.162417374882	0.0	0.147029204431	0.0	0.190201729107	0.0	0.331013916501	0.123107971746	0.265513733469	0.15157480315	0.309872922776	0.0	0.247058823529	0.0830800405268
5	0	0.0	0.0	0.190380761523	0.0	0.0	0.0	0.143403441683	0.0	0.0	0.0	0.0	0.0	0.0	0.117	0.0
6	0	0.126843657817	0.313278008299	0.173076923077	0.121635094716	0.259881422925	0.200985221675	0.368571428571	0.309197651663	0.230535894843	0.276217228464	0.226923076923	0.474798387097	0.236274509804	0.37773359841	0.369439071567
7	0	0.108588351431	0.0	0.0	0.0	0.124509803922	0.0	0.114372469636	0.0	0.105967078189	0.0	0.0	0.179282868526	0.0	0.0	0.132231404959
8	0	0.141078838174	0.326903553299	0.1708984375	0.110663983903	0.220472440945	0.223834196891	0.387896825397	0.338085539715	0.239324726912	0.283987915408	0.239593908629	0.507755946225	0.214442013129	0.381432896065	0.361328125
9	0	0.138693467337	0.347053320861	0.162027833002	0.130658436214	0.235803657363	0.227593152064	0.365111561866	0.318085106383	0.25	0.284345047923	0.247975708502	0.5036900369	0.213242453749	0.381147540984	0.355640535373
10	0	0.13491246138	0.0	0.194244604317	0.243137254902	0.138548539114	0.0	0.137154554759	0.191878172589	0.248761149653	0.0	0.141199226306	0.0	0.277942631058	0.123839009288	0.0
11	0	0.131782945736	0.0	0.175623800384	0.298245614035	0.134297520661	0.0	0.131474103586	0.175152749491	0.259881422925	0.0	0.138235294118	0.0	0.289272030651	0.125122189638	0.0
12	0	0.141	0.0	0.195266272189	0.259645464025	0.143863179074	0.0	0.105166051661	0.19	0.243756243756	0.0	0.143153526971	0.0	0.27624872579	0.145658263305	0.0
13	0	0.115778688525	0.0	0.0	0.0	0.117341640706	0.0	0.133810010215	0.0	0.10775427996	0.0	0.0	0.181640625	0.0	0.0	0.145161290323
14	0	0.135345666991	0.0	0.157844080847	0.279916753382	0.145641025641	0.0	0.125867195243	0.192614770459	0.260956175299	0.0	0.156601842375	0.0	0.282220131703	0.15	0.0
15	0	0.150738916256	0.0	0.191794871795	0.235410484669	0.141293532338	0.0	0.128358208955	0.183734939759	0.252758274824	0.0	0.139491046183	0.0	0.289947089947	0.153543307087	0.0
16	0	0.0	0.0	0.0	0.0	0.0	0.188465499485	0.0	0.115799803729	0.0	0.0	0.0	0.130477117819	0.0	0.0	0.0878048780488
17	0	0.129666011788	0.0	0.204756980352	0.261663286004	0.151696606786	0.0	0.137724550898	0.192660550459	0.251783893986	0.0	0.145240431796	0.0	0.282101167315	0.157943925234	0.0
18	0	0.0	0.0	0.0	0.0	0.0	0.224752475248	0.0	0.124087591241	0.0	0.0	0.0	0.116161616162	0.0	0.0	0.0950369588173
19	0	0.0	0.0	0.0	0.0	0.0	0.209761163032	0.0	0.115646258503	0.0	0.0	0.0	0.124131082423	0.0	0.0	0.093142272262
20	0	0.112315270936	0.0	0.0	0.0	0.143305439331	0.0	0.130208333333	0.0	0.119683481701	0.0	0.0	0.181634712412	0.0	0.0	0.148688046647
21	0	0.0	0.0	0.0	0.131683168317	0.0	0.0	0.0	0.0	0.127530364372	0.27114967462	0.134182174339	0.202083333333	0.0	0.134842519685	0.0
22	0	0.124047878128	0.0	0.0	0.0	0.118712273642	0.0	0.129473684211	0.0	0.115422885572	0.0	0.0	0.182432432432	0.0	0.0	0.136222910217
23	0	0.0	0.0	0.157948717949	0.0	0.0	0.0	0.147442326981	0.0	0.0	0.0	0.0	0.0	0.0	0.119957537155	0.0
24	0	0.116795366795	0.32183908046	0.189378757515	0.136407300672	0.235294117647	0.210735586481	0.359798994975	0.323699421965	0.228744939271	0.243528283797	0.246305418719	0.476767676768	0.234279918864	0.371690427699	0.374642516683
25	0	0.0	0.0	0.0	0.129921259843	0.0	0.0	0.0	0.0	0.13137254902	0.233333333333	0.133333333333	0.206896551724	0.0	0.126050420168	0.0
26	0	0.146198830409	0.0	0.223282442748	0.265784114053	0.155015197568	0.0	0.131282051282	0.191222570533	0.261506276151	0.0	0.142418032787	0.0	0.267657992565	0.135306553911	0.0
27	0	0.119490695397	0.0	0.0	0.0	0.104821802935	0.0	0.13491246138	0.0	0.111218568665	0.0	0.0	0.180265654649	0.0	0.0	0.139720558882
28	0	0.117943548387	0.0	0.0	0.0	0.149748743719	0.0	0.136150234742	0.0	0.11964107677	0.0	0.0	0.186	0.0	0.0	0.132675438596
29	0	0.0	0.0	0.0	0.123138033764	0.0	0.0	0.0	0.0	0.108053007136	0.271957671958	0.125984251969	0.174650698603	0.0	0.13222331048	0.0
30	0	0.105904404873	0.156937799043	0.135714285714	0.100200400802	0.109481915934	0.0	0.0	0.0	0.0	0.0	0.110009910803	0.0	0.0	0.0	0.0
31	0	0.0	0.0	0.175278622087	0.0	0.0	0.0	0.132149901381	0.0	0.0	0.0	0.0	0.0	0.0	0.123260437376	0.0
32	0	0.121393034826	0.344008264463	0.159067882472	0.133751306165	0.231320368475	0.2	0.36974789916	0.327111984283	0.227318045862	0.258720930233	0.248789932236	0.518480492813	0.213692946058	0.36157635468	0.376636455186
33	0	0.122842639594	0.340361445783	0.159563924678	0.155118924509	0.229273285568	0.195449844881	0.347868217054	0.301025163094	0.225285171103	0.264187866928	0.239491691105	0.509054325956	0.204142011834	0.375	0.320328542094
34	0	0.0	0.0	0.0	0.0	0.0	0.206692913386	0.0	0.131767109295	0.0	0.0	0.0	0.131782945736	0.0	0.0	0.109743589744
35	0	0.0971074380165	0.0	0.0	0.0	0.122650840752	0.0	0.136067101584	0.0	0.121552604699	0.0	0.0	0.17839444995	0.0	0.0	0.141747572816
36	0	0.0	0.0	0.0	0.139581256231	0.0	0.0	0.0	0.0	0.125888324873	0.281865284974	0.124387855044	0.177777777778	0.0	0.133663366337	0.0
37	0	0.127744510978	0.339548577036	0.169948186528	0.151603498542	0.229273285568	0.182336182336	0.384317521781	0.295210166178	0.212335692619	0.258382642998	0.223495702006	0.500992063492	0.243298969072	0.367850098619	0.353121801433
38	0	0.139053254438	0.0	0.0	0.0	0.0	0.292708333333	0.0	0.0	0.0	0.252545824847	0.0	0.0	0.0	0.0	0.145658263305
39	0	0.119165839126	0.0	0.0	0.0	0.0	0.304305283757	0.0	0.0	0.0	0.25484496124	0.0	0.0	0.0	0.0	0.139906103286
40	0	0.136958710977	0.0	0.199802176063	0.246404602109	0.14931237721	0.0	0.109657947686	0.188921859545	0.259512195122	0.0	0.152892561983	0.0	0.279797979798	0.144970414201	0.0
41	0	0.0	0.0	0.15462031107	0.0	0.0	0.0	0.137435897436	0.0	0.0	0.0	0.0	0.0	0.0	0.127093596059	0.0
42	0	0.171626984127	0.0	0.183673469388	0.266735324408	0.147934678194	0.0	0.124362895005	0.193446088795	0.247443762781	0.0	0.131504257332	0.0	0.28484231943	0.114228456914	0.0
43	0	0.139112903226	0.0	0.0	0.0	0.143724696356	0.0	0.117395944504	0.0	0.113702623907	0.0	0.0	0.178916827853	0.0	0.0	0.145833333333
44	0	0.0	0.0	0.0	0.0	0.0	0.194817658349	0.0	0.135577797998	0.0	0.0	0.0	0.131712259372	0.0	0.0	0.0894308943089
45	0	0.122345803842	0.337301587302	0.191574724173	0.13125	0.220404234841	0.195564516129	0.385302879841	0.33299389002	0.246878001921	0.281280310378	0.229524772497	0.491919191919	0.202581926514	0.352309344791	0.367768595041
46	0	0.131147540984	0.0	0.0	0.0	0.138663967611	0.0	0.134969325153	0.0	0.11639185257	0.0	0.0	0.195496417605	0.0	0.0	0.133130081301
47	0	0.120967741935	0.0	0.0	0.0	0.113545816733	0.0	0.133640552995	0.0	0.122023809524	0.0	0.0	0.188811188811	0.0	0.0	0.149743589744
48	0	0.0	0.0	0.0	0.0	0.0	0.20892494929	0.0	0.113	0.0	0.0	0.0	0.133528265107	0.0	0.0	0.0946341463415
49	0	0.0	0.180118110236	0.0	0.138429752066	0.0	0.206793206793	0.0	0.326693227092	0.12130479103	0.276381909548	0.135214007782	0.295731707317	0.0	0.257375381485	0.105209397344
50	0	0.156504065041	0.0	0.189549180328	0.248269040554	0.159880834161	0.0	0.119959677419	0.18026183283	0.250777202073	0.0	0.155154091392	0.0	0.25486381323	0.132116004296	0.0
51	0	0.129724208376	0.0	0.0	0.0	0.127596439169	0.0	0.151635282458	0.0	0.133528265107	0.0	0.0	0.182281059063	0.0	0.0	0.136363636364
52	0	0.117529880478	0.338383838384	0.170801526718	0.127991675338	0.225352112676	0.202745512144	0.386996904025	0.32427366448	0.23493360572	0.272536687631	0.25291005291	0.47263681592	0.200419727177	0.353815659068	0.34858812074
53	0	0.144008056395	0.0	0.172517552658	0.254940711462	0.143289606458	0.0	0.128256513026	0.20295202952	0.266949152542	0.0	0.150390625	0.0	0.271665043817	0.134975369458	0.0
54	0	0.135245901639	0.333998005982	0.17676266137	0.130648330059	0.230618253189	0.205653021442	0.377083333333	0.318670576735	0.239845261122	0.236868186323	0.236593059937	0.522167487685	0.202258726899	0.36327739388	0.370187561698
55	0	0.0	0.0	0.0	0.130916414904	0.0	0.0	0.0	0.0	0.119071644803	0.267839687195	0.135300101729	0.205128205128	0.0	0.136	0.0
56	0	0.131433823529	0.0	0.182926829268	0.263157894737	0.142259414226	0.0	0.101419878296	0.166837256909	0.25025025025	0.0	0.161258603736	0.0	0.269617706237	0.143884892086	0.0
57	0	0.128468653649	0.0	0.0	0.0	0.0	0.29752851711	0.0	0.0	0.0	0.246015936255	0.0	0.0	0.0	0.0	0.152217741935
58	0	0.13567839196	0.0	0.0	0.0	0.127872127872	0.0	0.12004069176	0.0	0.122754491018	0.0	0.0	0.198372329603	0.0	0.0	0.139393939394
59	0	0.116795366795	0.0	0.0	0.0	0.141271442987	0.0	0.119920713578	0.0	0.109989909183	0.0	0.0	0.182505399568	0.0	0.0	0.124761904762
60	0	0.128125	0.0	0.0	0.0	0.126879699248	0.0	0.12077294686	0.0	0.122324159021	0.0	0.0	0.180327868852	0.0	0.0	0.140562248996
61	0	0.149801587302	0.0	0.195965417867	0.261508325171	0.153539381854	0.0	0.149023638232	0.180796731359	0.243076923077	0.0	0.142717497556	0.0	0.274974253347	0.123943661972	0.0
62	0	0.119071644803	0.0	0.0	0.0	0.130040322581	0.0	0.119165839126	0.0	0.10327198364	0.0	0.0	0.165067178503	0.0	0.0	0.126620139581
63	0	0.11932938856	0.0	0.0	0.0	0.143459915612	0.0	0.13987473904	0.0	0.130522088353	0.0	0.0	0.1614481409	0.0	0.0	0.149269311065
64	0	0.0916334661355	0.17097415507	0.149753694581	0.115270935961	0.114770459082	0.0	0.0	0.0	0.0	0.0	0.118497109827	0.0	0.0	0.0	0.0
65	0	0.114141414141	0.0	0.0	0.0	0.125708884688	0.0	0.10710607621	0.0	0.109561752988	0.0	0.0	0.178026449644	0.0	0.0	0.168399168399
66	0	0.128450106157	0.361722488038	0.188405797101	0.141025641026	0.232303090728	0.18358974359	0.35460251046	0.356589147287	0.248175182482	0.259980525803	0.224049331963	0.498966942149	0.218652849741	0.359104781282	0.362877997914
67	0	0.126687435099	0.0	0.0	0.0	0.109390125847	0.0	0.136531365314	0.0	0.107142857143	0.0	0.0	0.180785123967	0.0	0.0	0.159448818898
68	0	0.127032520325	0.339585389931	0.176946410516	0.11568627451	0.231	0.208	0.359920239282	0.317821782178	0.23828125	0.242569511026	0.239805825243	0.495	0.207622868606	0.348155156102	0.385964912281
69	0	0.113660062565	0.341974077767	0.185598377282	0.131445904954	0.258872651357	0.193726937269	0.414512922465	0.331995987964	0.265947006869	0.245490981964	0.244796828543	0.507302823759	0.195238095238	0.372413793103	0.342546890424
70	0	0.123260437376	0.0	0.194923857868	0.247770069376	0.151329243354	0.0	0.114785992218	0.17097415507	0.244136460554	0.0	0.168623265742	0.0	0.275449101796	0.136270491803	0.0
71	0	0.141253507951	0.0	0.183299389002	0.269392033543	0.15181194907	0.0	0.118367346939	0.180058083253	0.248023715415	0.0	0.156217882837	0.0	0.288759689922	0.147347740668	0.0
72	0	0.11256281407	0.0	0.0	0.0	0.146176185866	0.0	0.133537206932	0.0	0.131730769231	0.0	0.0	0.204637096774	0.0	0.0	0.13192346425
73	0	0.112966601179	0.3375	0.16049382716	0.118226600985	0.235789473684	0.181455633101	0.356768100735	0.325237592397	0.235175879397	0.245787908821	0.24053030303	0.511961722488	0.234279918864	0.383084577114	0.362795477903
74	0	0.0	0.178427419355	0.0	0.136174636175	0.0	0.207804878049	0.0	0.309726156752	0.133946830266	0.257874015748	0.137029288703	0.302839116719	0.0	0.234704112337	0.0887573964497
75	0	0.150614754098	0.336623889437	0.158208955224	0.120672601385	0.232793522267	0.229674796748	0.380239520958	0.331901181525	0.254984260231	0.27729468599	0.250773993808	0.526104417671	0.208126858276	0.369565217391	0.366699702676
76	0	0.0	0.0	0.165474974464	0.0	0.0	0.0	0.135135135135	0.0	0.0	0.0	0.0	0.0	0.0	0.123540856031	0.0
77	0	0.0	0.158512720157	0.0	0.123091603053	0.0	0.204188481675	0.0	0.295431472081	0.122427983539	0.2294921875	0.127680311891	0.289108910891	0.0	0.238147739802	0.0914572864322
78	0	0.10183299389	0.337931034483	0.180873180873	0.132743362832	0.222222222222	0.22365805169	0.381632653061	0.307692307692	0.239551478084	0.275967413442	0.250790305585	0.537512846865	0.20719738277	0.377159309021	0.372
79	0	0.0	0.0	0.0	0.0	0.0	0.187308085977	0.0	0.133267522211	0.0	0.0	0.0	0.131048387097	0.0	0.0	0.1
80	0	0.0	0.178427419355	0.0	0.116089613035	0.0	0.189431704885	0.0	0.310552763819	0.113636363636	0.264503441495	0.130223517979	0.335341365462	0.0	0.251251251251	0.0916666666667
81	0	0.12289395441	0.0	0.0	0.0	0.128468653649	0.0	0.114551083591	0.0	0.106167846309	0.0	0.0	0.183299389002	0.0	0.0	0.15
82	0	0.117706237425	0.157380254154	0.148445336008	0.112266112266	0.120229007634	0.0	0.0	0.0	0.0	0.0	0.108961303462	0.0	0.0	0.0	0.0
83	0	0.114457831325	0.0	0.0	0.0	0.123031496063	0.0	0.129538763494	0.0	0.124890829694	0.0	0.0	0.179640718563	0.0	0.0	0.158324821246
84	0	0.0	0.0	0.0	0.11306042885	0.0	0.0	0.0	0.0	0.131856540084	0.244071146245	0.11724137931	0.191	0.0	0.128153380424	0.0
85	0	0.136	0.338	0.16632016632	0.135593220339	0.249237029502	0.197198275862	0.352884615385	0.343717549325	0.249027237354	0.256572029443	0.245472837022	0.506666666667	0.203356367226	0.372930866602	0.361056751468
86	0	0.0	0.0	0.0	0.0	0.0	0.198207171315	0.0	0.136141038198	0.0	0.0	0.0	0.120470127326	0.0	0.0	0.11157455683
87	0	0.127093596059	0.0	0.178356713427	0.260576923077	0.15306122449	0.0	0.102910602911	0.193203883495	0.246900826446	0.0	0.161943319838	0.0	0.282153539382	0.114885114885	0.0
88	0	0.0	0.0	0.0	0.0	0.0	0.198189134809	0.0	0.134842519685	0.0	0.0	0.0	0.121067683508	0.0	0.0	0.0975609756098
89	0	0.120622568093	0.0	0.0	0.0	0.0	0.318048780488	0.0	0.0	0.0	0.227674190383	0.0	0.0	0.0	0.0	0.142259414226
90	0	0.0	0.0	0.0	0.0	0.0	0.201183431953	0.0	0.149019607843	0.0	0.0	0.0	0.131147540984	0.0	0.0	0.100952380952
91	0	0.100798403194	0.0	0.0	0.0	0.134897360704	0.0	0.122687439143	0.0	0.115384615385	0.0	0.0	0.182634730539	0.0	0.0	0.137965760322
92	0	0.126746506986	0.343424787133	0.180428134557	0.143422354105	0.226737967914	0.199207135778	0.389912706111	0.31594488189	0.244	0.28338762215	0.244554455446	0.506342494715	0.188481675393	0.376218323587	0.350606394708
93	0	0.0	0.0	0.162790697674	0.0	0.0	0.0	0.128875968992	0.0	0.0	0.0	0.0	0.0	0.0	0.1025390625	0.0
94	0	0.0	0.0	0.173828125	0.0	0.0	0.0	0.12968591692	0.0	0.0	0.0	0.0	0.0	0.0	0.111332007952	0.0
95	0	0.128048780488	0.0	0.163509471585	0.249494949495	0.148362235067	0.0	0.119218910586	0.175969725639	0.249261083744	0.0	0.144117647059	0.0	0.284	0.138308457711	0.0
96	0	0.120911793855	0.0	0.0	0.0	0.152723735409	0.0	0.118236472946	0.0	0.122983870968	0.0	0.0	0.170931422723	0.0	0.0	0.133850630456
97	0	0.137026239067	0.0	0.17715392062	0.267822736031	0.149646107179	0.0	0.1189296333	0.183712121212	0.250996015936	0.0	0.147859922179	0.0	0.258096172718	0.152834008097	0.0
98	0	0.0	0.0	0.199199199199	0.0	0.0	0.0	0.133946830266	0.0	0.0	0.0	0.0	0.0	0.0	0.130296610169	0.0
99	0	0.0	0.161008729389	0.0	0.13567839196	0.0	0.204701273262	0.0	0.322874493927	0.12016293279	0.2744140625	0.134705332086	0.304435483871	0.0	0.218470705065	0.0864440078585
