#chr	normal	sample0	sample1	sample2	sample3	sample4	sample5	sample6	sample7	sample8	sample9	sample10	sample11	sample12	sample13	sample14	sample15	sample16	sample17	sample18	sample19
0	0	0.144153225806	0.262004175365	0.5	0.132579650565	0.0	0.104651162791	0.119870410367	0.230223123732	0.235127478754	0.187238493724	0.203476482618	0.211729622266	0.179640718563	0.310488058152	0.286286286286	0.19373776908	0.0	0.0	0.243614931238	0.216106014271
1	0	0.0	0.0	0.0	0.0	0.218658892128	0.0961347869177	0.0906374501992	0.109090909091	0.0	0.0	0.0	0.0	0.0	0.0	0.0	0.0	0.0	0.0	0.0	0.0
2	0	0.169187145558	0.0	0.0	0.0	0.0	0.0	0.162955465587	0.0	0.0	0.19550342131	0.0	0.232142857143	0.0	0.0	0.0	0.316494845361	0.305810397554	0.249740932642	0.147410358566	0.0
3	0	0.474559686888	0.504550050556	0.486673247779	0.480519480519	0.512993262753	0.471585244267	0.497975708502	0.528513238289	0.488394584139	0.512658227848	0.515832482125	0.51878914405	0.489561586639	0.503368623677	0.501941747573	0.517475728155	0.481927710843	0.509221311475	0.498564593301	0.500529100529
4	0	0.494393476045	0.528134254689	0.496524329692	0.487781036168	0.496650717703	0.486725663717	0.485915492958	0.510556621881	0.493951612903	0.490155440415	0.488636363636	0.476288659794	0.486404833837	0.497967479675	0.494494494494	0.490621915104	0.528761061947	0.491329479769	0.50243902439	0.498501498501
5	0	0.0	0.0	0.0	0.0	0.222668004012	0.105263157895	0.0932117527862	0.104712041885	0.0	0.0	0.0	0.0	0.0	0.0	0.0	0.0	0.0	0.0	0.0	0.0
6	0	0.187624750499	0.0	0.0	0.0	0.0	0.0	0.170061099796	0.0	0.0	0.176652892562	0.0	0.281281281281	0.0	0.0	0.0	0.296735905045	0.278506559031	0.232704402516	0.153614457831	0.0
7	0	0.534930139721	0.507755946225	0.508790072389	0.474658869396	0.504310344828	0.49191246432	0.508637236084	0.481103166496	0.508881922675	0.540967423495	0.518304431599	0.514760147601	0.506085192698	0.475	0.487636003956	0.488752556237	0.479125248509	0.531658291457	0.497403946002	0.504770992366
8	0	0.172754195459	0.0	0.0	0.0	0.0	0.0	0.181906614786	0.0	0.0	0.176946410516	0.0	0.289046653144	0.0	0.0	0.0	0.317813765182	0.313060817547	0.273593898951	0.201257861635	0.0
9	0	0.133971291866	0.0	0.495626822157	0.149504950495	0.0	0.0	0.0	0.248817407758	0.0	0.0	0.0	0.0	0.187368421053	0.0	0.238761238761	0.0	0.0	0.0	0.0	0.0
10	0	0.504281636537	0.459067357513	0.5065913371	0.504615384615	0.518987341772	0.513539651838	0.495702005731	0.480203045685	0.51646090535	0.5163599182	0.461456102784	0.470703125	0.500965250965	0.5	0.499524262607	0.502150537634	0.512658227848	0.508676789588	0.496503496503	0.498993963783
11	0	0.482056256062	0.473053892216	0.517177344475	0.483516483516	0.499029126214	0.493480441324	0.512871287129	0.49191246432	0.510385756677	0.50998003992	0.47952047952	0.526209677419	0.481789802289	0.49742002064	0.498519249753	0.479690522244	0.494538232373	0.491089108911	0.52052238806	0.483735571878
12	0	0.143737166324	0.287671232877	0.528513238289	0.132424537488	0.0	0.11877394636	0.118006103764	0.226358148893	0.24	0.155425219941	0.220408163265	0.23301985371	0.181443298969	0.305439330544	0.311806256307	0.181623931624	0.0	0.0	0.197014925373	0.23117709438
13	0	0.0	0.270729270729	0.0	0.0	0.0	0.0	0.0	0.0	0.0	0.170948616601	0.0	0.251734390486	0.0	0.0	0.0	0.0	0.0	0.0	0.122388059701	0.213178294574
14	0	0.180428134557	0.0	0.0	0.244626407369	0.0	0.187628865979	0.0	0.158898305085	0.0	0.0	0.29048582996	0.0	0.20841889117	0.19764957265	0.163498098859	0.0	0.0	0.240890688259	0.0	0.292433537832
15	0	0.186440677966	0.0	0.0	0.0	0.0	0.0	0.153771760155	0.0	0.0	0.185436893204	0.0	0.273180458624	0.0	0.0	0.0	0.316239316239	0.292857142857	0.237713139418	0.161585365854	0.0
16	0	0.166332665331	0.297912713472	0.511340206186	0.127272727273	0.0	0.09765625	0.115151515152	0.221649484536	0.248248248248	0.163759689922	0.208208208208	0.200795228628	0.153543307087	0.274240940255	0.33567839196	0.197252208047	0.0	0.0	0.243271221532	0.252525252525
17	0	0.50099009901	0.516003879728	0.489447236181	0.50303030303	0.518858307849	0.499497487437	0.490099009901	0.501018329939	0.498997995992	0.511581067472	0.47311827957	0.507135016465	0.486842105263	0.479105928086	0.493396226415	0.510956175299	0.471967380224	0.492552135055	0.493939393939	0.489073881374
18	0	0.180473372781	0.0	0.0	0.227138643068	0.0	0.164278892073	0.0	0.162241887906	0.0	0.0	0.273764258555	0.0	0.186934673367	0.208747514911	0.167179487179	0.0	0.0	0.241982507289	0.0	0.268490374873
19	0	0.504024144869	0.501452081317	0.502982107356	0.512437810945	0.479960899316	0.49696969697	0.487951807229	0.480846774194	0.515240904621	0.489614243323	0.489423076923	0.498547918683	0.497041420118	0.50390625	0.469591226321	0.519916142558	0.486620416254	0.508559919436	0.513725490196	0.460526315789
20	0	0.170103092784	0.0	0.0	0.0	0.0	0.0	0.155534351145	0.0	0.0	0.212765957447	0.0	0.281345565749	0.0	0.0	0.0	0.29387755102	0.280198019802	0.24358974359	0.174089068826	0.0
21	0	0.186758893281	0.0	0.0	0.0	0.0	0.0	0.164164164164	0.0	0.0	0.193103448276	0.0	0.287107258938	0.0	0.0	0.0	0.312749003984	0.303149606299	0.249752229931	0.164705882353	0.0
22	0	0.183349851338	0.0	0.0	0.0	0.0	0.0	0.174468085106	0.0	0.0	0.17803030303	0.0	0.266393442623	0.0	0.0	0.0	0.314227226203	0.29763130793	0.260649087221	0.154825026511	0.0
23	0	0.0	0.273381294964	0.0	0.0	0.0	0.0	0.0	0.0	0.0	0.159680638723	0.0	0.235353535354	0.0	0.0	0.0	0.0	0.0	0.0	0.131868131868	0.210837438424
24	0	0.173479561316	0.0	0.0	0.0	0.0	0.0	0.16699410609	0.0	0.0	0.198994974874	0.0	0.278799612778	0.0	0.0	0.0	0.314832535885	0.290801186944	0.241706161137	0.166666666667	0.0
25	0	0.0	0.0	0.0	0.0	0.217131474104	0.0994652406417	0.103182256509	0.0877025738799	0.0	0.0	0.0	0.0	0.0	0.0	0.0	0.0	0.0	0.0	0.0	0.0
26	0	0.487073422958	0.49603960396	0.52362584378	0.51581027668	0.516650808754	0.489468405216	0.475903614458	0.503006012024	0.479245283019	0.50424128181	0.496380558428	0.511673151751	0.508149568552	0.47256097561	0.490759753593	0.495164410058	0.481378026071	0.519305019305	0.472901168969	0.473242392445
27	0	0.496913580247	0.481518481518	0.523523523524	0.5166015625	0.494918699187	0.510595358224	0.489733059548	0.510204081633	0.517964071856	0.479079497908	0.502585315408	0.499013806706	0.484567901235	0.508080808081	0.515515515516	0.512795275591	0.50901378579	0.510638297872	0.472549019608	0.481409001957
28	0	0.0	0.290891283056	0.0	0.0	0.0	0.0	0.0	0.0	0.0	0.149019607843	0.0	0.233299075026	0.0	0.0	0.0	0.0	0.0	0.0	0.139465875371	0.243216080402
29	0	0.492798353909	0.482617586912	0.543414634146	0.502096436059	0.50099009901	0.485309017224	0.503261882572	0.489186405767	0.506572295248	0.511047070125	0.503012048193	0.484693877551	0.514851485149	0.49217221135	0.515832482125	0.500495540139	0.522058823529	0.5	0.476476476476	0.497959183673
30	0	0.508594539939	0.501030927835	0.48167539267	0.504468718967	0.503597122302	0.45788964182	0.517932489451	0.521868787276	0.48632218845	0.501004016064	0.501972386588	0.507042253521	0.483870967742	0.519480519481	0.533195020747	0.497991967871	0.52741774676	0.511224489796	0.500520291363	0.510784313725
31	0	0.14328358209	0.275479313824	0.500996015936	0.147969052224	0.0	0.116795366795	0.128016789087	0.207991803279	0.241248817408	0.168880455408	0.209803921569	0.225510204082	0.16715542522	0.275347912525	0.326021934197	0.22199592668	0.0	0.0	0.238568588469	0.240740740741
32	0	0.160965794769	0.0	0.0	0.0	0.0	0.0	0.179487179487	0.0	0.0	0.210271317829	0.0	0.251246261216	0.0	0.0	0.0	0.313496280553	0.306451612903	0.273631840796	0.162626262626	0.0
33	0	0.0	0.277060575968	0.0	0.0	0.0	0.0	0.0	0.0	0.0	0.165346534653	0.0	0.213017751479	0.0	0.0	0.0	0.0	0.0	0.0	0.129909365559	0.242331288344
34	0	0.183495145631	0.0	0.0	0.0	0.0	0.0	0.172413793103	0.0	0.0	0.197211155378	0.0	0.277551020408	0.0	0.0	0.0	0.322448979592	0.310576923077	0.270833333333	0.166160081054	0.0
35	0	0.0	0.281827016521	0.0	0.0	0.0	0.0	0.0	0.0	0.0	0.164356435644	0.0	0.243407707911	0.0	0.0	0.0	0.0	0.0	0.0	0.145400593472	0.211422845691
36	0	0.1766437684	0.0	0.0	0.219008264463	0.0	0.168792934249	0.0	0.165322580645	0.0	0.0	0.289264413519	0.0	0.200819672131	0.188770571152	0.167170191339	0.0	0.0	0.244680851064	0.0	0.302257114818
37	0	0.481244281793	0.512024048096	0.502532928065	0.509259259259	0.466346153846	0.483775811209	0.502522704339	0.515243902439	0.514257620452	0.498530852106	0.461835748792	0.528008298755	0.475609756098	0.483667017914	0.504559270517	0.495798319328	0.493387589013	0.521694214876	0.494394618834	0.488488488488
38	0	0.160621761658	0.281	0.471794871795	0.133738601824	0.0	0.0863930885529	0.133395522388	0.262512768131	0.237527114967	0.172380019589	0.209486166008	0.206577595067	0.161904761905	0.320430107527	0.347826086957	0.201171875	0.0	0.0	0.263736263736	0.234642497482
39	0	0.183816183816	0.0	0.0	0.0	0.0	0.0	0.160931174089	0.0	0.0	0.17982017982	0.0	0.274472168906	0.0	0.0	0.0	0.311365807068	0.314168377823	0.230377166157	0.185567010309	0.0
40	0	0.487899322362	0.51146560319	0.511904761905	0.49948927477	0.508542713568	0.495504495504	0.488714425908	0.510531594784	0.478098788444	0.512242899119	0.4873046875	0.488714425908	0.495	0.488372093023	0.487128712871	0.482397716461	0.507726269316	0.50496031746	0.4736328125	0.505461767627
41	0	0.47005988024	0.503024193548	0.503719447396	0.512537612839	0.508844953174	0.513211382114	0.473988439306	0.517206477733	0.507804370447	0.50484496124	0.49587628866	0.5	0.5	0.468594217348	0.483622350674	0.4816700611	0.514141414141	0.49331963001	0.480081716037	0.479083665339
42	0	0.510595358224	0.500492610837	0.485893416928	0.481809242871	0.488118811881	0.522096608428	0.503261882572	0.466995073892	0.50149551346	0.509554140127	0.511285574092	0.510406342914	0.494	0.516377649326	0.487231869254	0.512771996216	0.497507477567	0.494824016563	0.517094017094	0.508538899431
43	0	0.0	0.0	0.0	0.0	0.0	0.0	0.109109109109	0.0	0.295309168443	0.0	0.222222222222	0.0	0.0	0.137486573577	0.0	0.0	0.0	0.0	0.0	0.0
44	0	0.0	0.0	0.0	0.0	0.0	0.0	0.144259077527	0.0	0.233333333333	0.0	0.192492781521	0.0	0.0	0.152023692004	0.0	0.0	0.0	0.0	0.0	0.0
45	0	0.476482617587	0.494047619048	0.516563146998	0.483743842365	0.506559031282	0.476386036961	0.498003992016	0.505208333333	0.51403887689	0.503054989817	0.496365524403	0.505882352941	0.515819750719	0.48275862069	0.474539544962	0.484913793103	0.504073319756	0.510460251046	0.505771248688	0.482438016529
46	0	0.333661417323	0.212660731949	0.0	0.346116027532	0.0	0.165200391007	0.2874617737	0.160768452983	0.0	0.193037974684	0.276970954357	0.247191011236	0.335341365462	0.203893442623	0.166317991632	0.312320916905	0.501600853789	0.503012048193	0.16148445336	0.292322834646
47	0	0.174406604747	0.0	0.0	0.225806451613	0.0	0.179190751445	0.0	0.183613030602	0.0	0.0	0.282340862423	0.0	0.177467597208	0.204926108374	0.158349328215	0.0	0.0	0.241550695825	0.0	0.255489021956
48	0	0.0	0.269717624148	0.0	0.0	0.0	0.0	0.0	0.0	0.0	0.149357072206	0.0	0.19702970297	0.0	0.0	0.0	0.0	0.0	0.0	0.122926829268	0.213197969543
49	0	0.532875368008	0.483837330553	0.48166023166	0.486349848332	0.515361744301	0.506429277943	0.51012536162	0.501037344398	0.486083499006	0.487254901961	0.53536345776	0.51953125	0.489021956088	0.5055387714	0.515368852459	0.505882352941	0.489932885906	0.483673469388	0.489447236181	0.498011928429
50	0	0.157625383828	0.0	0.0	0.223188405797	0.0	0.184074457084	0.0	0.163819095477	0.0	0.0	0.313079299691	0.0	0.176412289395	0.221	0.155030800821	0.0	0.0	0.258762886598	0.0	0.25751503006
51	0	0.497011952191	0.48171368861	0.475991649269	0.5009765625	0.485714285714	0.539698492462	0.481303930968	0.479723046489	0.491029272899	0.502952755906	0.51878914405	0.510570824524	0.476578411405	0.496138996139	0.489252814739	0.5	0.49375	0.49504950495	0.48502994012	0.498435870699
52	0	0.13508260447	0.274569402229	0.468684759916	0.141012909633	0.0	0.103206412826	0.096875	0.244444444444	0.276199804114	0.151898734177	0.207960199005	0.201092896175	0.162271805274	0.286298568507	0.31968031968	0.186758893281	0.0	0.0	0.230532786885	0.233598409543
53	0	0.368062317429	0.215463917526	0.0	0.374517374517	0.0	0.171310629515	0.284360189573	0.146088595664	0.0	0.197211155378	0.269467213115	0.276859504132	0.353623188406	0.223069590086	0.149113660063	0.303607214429	0.511673151751	0.472916666667	0.166338582677	0.246534653465
54	0	0.55	0.542156862745	0.505365853659	0.499520613615	0.533	0.498971193416	0.506625891947	0.5375	0.494824016563	0.520722635494	0.546692607004	0.497058823529	0.494427558257	0.5	0.515247108307	0.524233432245	0.503626943005	0.48773006135	0.508424182359	0.511557788945
55	0	0.158464566929	0.272445820433	0.493269230769	0.118	0.0	0.105778648384	0.121827411168	0.262247838617	0.230535894843	0.175267770204	0.230142566191	0.226824457594	0.179282868526	0.270920502092	0.361530715005	0.213147410359	0.0	0.0	0.239151398264	0.232793522267
56	0	0.513131313131	0.518832391714	0.503099173554	0.500517063082	0.50408997955	0.483282674772	0.516549648947	0.4853515625	0.496926229508	0.519249753208	0.473460721868	0.493767976989	0.496365524403	0.512794268168	0.510324483776	0.505791505792	0.473107569721	0.458210422812	0.5234082397	0.497492477432
57	0	0.185950413223	0.0	0.0	0.0	0.0	0.0	0.168067226891	0.0	0.0	0.183756345178	0.0	0.233980582524	0.0	0.0	0.0	0.314	0.316518298714	0.249757045675	0.152324431256	0.0
58	0	0.522680412371	0.49591002045	0.521212121212	0.502803738318	0.494059405941	0.49144486692	0.519796954315	0.503984063745	0.497041420118	0.492447129909	0.503048780488	0.462717058223	0.488977955912	0.515060240964	0.494312306101	0.530511811024	0.497467071935	0.502374169041	0.483673469388	0.518348623853
59	0	0.0	0.0	0.0	0.0	0.0	0.0	0.106639839034	0.0	0.254187192118	0.0	0.211282051282	0.0	0.0	0.15815324165	0.0	0.0	0.0	0.0	0.0	0.0
60	0	0.0	0.267276422764	0.0	0.0	0.0	0.0	0.0	0.0	0.0	0.16618635927	0.0	0.208498023715	0.0	0.0	0.0	0.0	0.0	0.0	0.125860373648	0.223564954683
61	0	0.0	0.0	0.0	0.0	0.0	0.0	0.116396761134	0.0	0.257680872151	0.0	0.217213114754	0.0	0.0	0.165208940719	0.0	0.0	0.0	0.0	0.0	0.0
62	0	0.495513459621	0.502879078695	0.481096408318	0.524379024839	0.485714285714	0.520388349515	0.463582677165	0.530689329556	0.519308943089	0.492697176241	0.51233958539	0.473222979552	0.486981677917	0.504798464491	0.497517378352	0.505747126437	0.499036608863	0.510595358224	0.504032258065	0.508720930233
63	0	0.156701030928	0.0	0.0	0.0	0.0	0.0	0.155030800821	0.0	0.0	0.193647540984	0.0	0.281368821293	0.0	0.0	0.0	0.305894308943	0.314741035857	0.240317775571	0.157527417747	0.0
64	0	0.173374613003	0.0	0.0	0.212031558185	0.0	0.160931174089	0.0	0.159405940594	0.0	0.0	0.300182481752	0.0	0.174476570289	0.2060546875	0.175247524752	0.0	0.0	0.238522954092	0.0	0.269573835481
65	0	0.513059701493	0.489634748272	0.491625615764	0.496365524403	0.501024590164	0.492566897919	0.509054325956	0.495431472081	0.511472275335	0.496	0.512266928361	0.510595358224	0.495029821074	0.478348439074	0.49857006673	0.507920792079	0.484567901235	0.509703779367	0.508080808081	0.506763787721
66	0	0.171232876712	0.0	0.0	0.0	0.0	0.0	0.154002026342	0.0	0.0	0.194	0.0	0.263157894737	0.0	0.0	0.0	0.3087790111	0.316042267051	0.250770811922	0.159584513692	0.0
67	0	0.0	0.295098039216	0.0	0.0	0.0	0.0	0.0	0.0	0.0	0.159045725646	0.0	0.217346938776	0.0	0.0	0.0	0.0	0.0	0.0	0.134328358209	0.242083758938
68	0	0.182701652089	0.0	0.0	0.196652719665	0.0	0.14811031665	0.0	0.146666666667	0.0	0.0	0.253547776727	0.0	0.201689545935	0.221887550201	0.163516068053	0.0	0.0	0.252798507463	0.0	0.286163522013
69	0	0.513119533528	0.500505561173	0.502028397566	0.492711370262	0.490073145246	0.521153846154	0.510903426791	0.503992015968	0.493027888446	0.522494887526	0.494527363184	0.494483450351	0.488729508197	0.531568228106	0.475266731329	0.513078470825	0.522682445759	0.504175365344	0.492738589212	0.528134254689
70	0	0.494186046512	0.495384615385	0.498432601881	0.506442021804	0.451076320939	0.507843137255	0.475393700787	0.490335707019	0.500517063082	0.486905916586	0.520534861509	0.501956947162	0.498452012384	0.472837022133	0.500498504487	0.512388503469	0.485858585859	0.477366255144	0.4697265625	0.489855072464
71	0	0.0	0.284274193548	0.0	0.0	0.0	0.0	0.0	0.0	0.0	0.133333333333	0.0	0.212028542304	0.0	0.0	0.0	0.0	0.0	0.0	0.140625	0.21138996139
72	0	0.351983723296	0.231003039514	0.0	0.369585253456	0.0	0.169295478444	0.30404040404	0.161458333333	0.0	0.220652173913	0.297914597815	0.2625	0.310824230387	0.207619047619	0.159922928709	0.325558794947	0.510385756677	0.479079497908	0.164241164241	0.261859582543
73	0	0.481665014866	0.500531349628	0.487231869254	0.506396588486	0.523860021209	0.49472674976	0.517766497462	0.480938416422	0.4944612286	0.501492537313	0.520080321285	0.515368852459	0.49801980198	0.520912547529	0.512145748988	0.501984126984	0.508670520231	0.495107632094	0.503267973856	0.479411764706
74	0	0.188866799205	0.0	0.0	0.0	0.0	0.0	0.171457905544	0.0	0.0	0.196787148594	0.0	0.26724137931	0.0	0.0	0.0	0.28679245283	0.322410147992	0.239520958084	0.153998025666	0.0
75	0	0.0	0.0	0.0	0.0	0.208907741251	0.113188976378	0.101265822785	0.100580270793	0.0	0.0	0.0	0.0	0.0	0.0	0.0	0.0	0.0	0.0	0.0	0.0
76	0	0.168932038835	0.0	0.0	0.21812749004	0.0	0.161567877629	0.0	0.148007590133	0.0	0.0	0.28678839957	0.0	0.195833333333	0.178207739308	0.149087221095	0.0	0.0	0.25430597771	0.0	0.283176593521
77	0	0.471442400774	0.525911708253	0.510638297872	0.50861195542	0.532175689479	0.514543630893	0.475546305931	0.509289617486	0.492857142857	0.511458333333	0.488843813387	0.48632218845	0.528301886792	0.496650717703	0.48125633232	0.509018036072	0.488277268094	0.489236790607	0.50351758794	0.524900398406
78	0	0.148676171079	0.0	0.0	0.0	0.0	0.0	0.157360406091	0.0	0.0	0.198388721047	0.0	0.250505050505	0.0	0.0	0.0	0.31405782652	0.32298136646	0.229946524064	0.168639053254	0.0
79	0	0.496551724138	0.471602434077	0.511	0.464974619289	0.487487487487	0.507936507937	0.513326752221	0.508038585209	0.491642084562	0.494	0.492682926829	0.468106995885	0.491246138002	0.509664292981	0.46993987976	0.519287833828	0.489021956088	0.486138613861	0.506639427988	0.513650151668
80	0	0.193170731707	0.0	0.0	0.0	0.0	0.0	0.175129533679	0.0	0.0	0.20325203252	0.0	0.280159521436	0.0	0.0	0.0	0.299120234604	0.293936279548	0.261398176292	0.149344096872	0.0
81	0	0.0	0.0	0.0	0.0	0.0	0.0	0.140831758034	0.0	0.21511627907	0.0	0.211253701876	0.0	0.0	0.150712830957	0.0	0.0	0.0	0.0	0.0	0.0
82	0	0.0	0.0	0.0	0.0	0.252780586451	0.102812803104	0.0901722391084	0.0866995073892	0.0	0.0	0.0	0.0	0.0	0.0	0.0	0.0	0.0	0.0	0.0	0.0
83	0	0.159478435306	0.282178217822	0.50268528464	0.118433619866	0.0	0.0979020979021	0.115675675676	0.243664717349	0.261431411531	0.164118246687	0.201573254671	0.223984142716	0.152884615385	0.274074074074	0.340270551509	0.177114427861	0.0	0.0	0.219811320755	0.271687321258
84	0	0.163012392755	0.0	0.0	0.0	0.0	0.0	0.1567239636	0.0	0.0	0.178980228928	0.0	0.272543059777	0.0	0.0	0.0	0.307692307692	0.304480651731	0.259979529171	0.165680473373	0.0
85	0	0.468656716418	0.508064516129	0.510204081633	0.512899896801	0.507231404959	0.505050505051	0.494276795005	0.481592039801	0.470178926441	0.492877492877	0.493927125506	0.485188968335	0.495486459378	0.500514933059	0.519249753208	0.49742002064	0.487804878049	0.474474474474	0.501923076923	0.493596059113
86	0	0.0	0.264830508475	0.0	0.0	0.0	0.0	0.0	0.0	0.0	0.149847094801	0.0	0.225125628141	0.0	0.0	0.0	0.0	0.0	0.0	0.116514690983	0.232890704801
87	0	0.188532555879	0.0	0.0	0.0	0.0	0.0	0.166003976143	0.0	0.0	0.17531120332	0.0	0.252485089463	0.0	0.0	0.0	0.306387225549	0.298672566372	0.247035573123	0.140159045726	0.0
88	0	0.521016617791	0.520207253886	0.496585365854	0.493723849372	0.458799593082	0.498507462687	0.51568627451	0.463190184049	0.479386385427	0.481225296443	0.48432760364	0.492447129909	0.489563567362	0.501976284585	0.497517378352	0.478723404255	0.524475524476	0.501004016064	0.488679245283	0.533769063181
89	0	0.525862068966	0.502463054187	0.512745098039	0.503567787971	0.492738589212	0.517658930373	0.515473887814	0.53235908142	0.505699481865	0.491739552964	0.486315789474	0.506454816286	0.478478478478	0.50976744186	0.517463235294	0.487283825025	0.524201853759	0.515515515516	0.512948207171	0.507853403141
90	0	0.496907216495	0.481150793651	0.501934235977	0.516427104723	0.50496031746	0.502	0.508196721311	0.510224948875	0.464180569185	0.495060373216	0.484389782403	0.502383222116	0.475308641975	0.484939759036	0.489016236867	0.502401536984	0.49188156638	0.500980392157	0.502941176471	0.500503524673
91	0	0.495798319328	0.484848484848	0.527254707631	0.505440158259	0.505175983437	0.482071713147	0.494581280788	0.512820512821	0.483111566018	0.510482180294	0.501594048884	0.500538213132	0.508664627931	0.49316508938	0.501018329939	0.507662835249	0.504568527919	0.502994011976	0.503428011753	0.497482376636
92	0	0.166037735849	0.0	0.0	0.0	0.0	0.0	0.194856577646	0.0	0.0	0.186528497409	0.0	0.271325796506	0.0	0.0	0.0	0.322613065327	0.305759162304	0.2646484375	0.151093439364	0.0
93	0	0.145792563601	0.294797687861	0.532	0.126732673267	0.0	0.102182539683	0.114341085271	0.239173228346	0.248234106963	0.179807692308	0.2177734375	0.207070707071	0.159335288368	0.31512195122	0.341246290801	0.181181181181	0.0	0.0	0.220941402498	0.209812108559
94	0	0.495422177009	0.493951612903	0.512048192771	0.49801980198	0.486349848332	0.465551181102	0.504184100418	0.495660559306	0.510510510511	0.506666666667	0.49857006673	0.513457556936	0.493767976989	0.5	0.512596899225	0.488106565176	0.511581067472	0.496086105675	0.515444015444	0.519136408243
95	0	0.497035573123	0.47628458498	0.5081799591	0.498039215686	0.478712357217	0.518555667001	0.490526315789	0.509398496241	0.508858267717	0.516717325228	0.505940594059	0.498480243161	0.512067156348	0.513595166163	0.489164086687	0.525554484089	0.489531405783	0.490909090909	0.518119490695	0.497441146366
96	0	0.0	0.0	0.21897073663	0.114643545279	0.0	0.0	0.0	0.0933062880325	0.0	0.0	0.0	0.0	0.0	0.0	0.0973895582329	0.0	0.0	0.0	0.0	0.0
97	0	0.0	0.0	0.0	0.0	0.0	0.0	0.123107971746	0.0	0.253333333333	0.0	0.210739614995	0.0	0.0	0.155208333333	0.0	0.0	0.0	0.0	0.0	0.0
98	0	0.160367722165	0.0	0.0	0.0	0.0	0.0	0.185039370079	0.0	0.0	0.185903983657	0.0	0.268932038835	0.0	0.0	0.0	0.313603322949	0.288252714709	0.290224032587	0.166495375128	0.0
99	0	0.20325203252	0.0	0.0	0.0	0.0	0.0	0.183251231527	0.0	0.0	0.186960690316	0.0	0.266055045872	0.0	0.0	0.0	0.292604501608	0.287018255578	0.248761149653	0.16330451489	0.0
