#chr	position	description	normal	sample0	sample1	sample2	sample3	sample4
1	1	1	0	0.0	0.0	0.0	0.0	0.0
2	1	1	0	0.0	0.0	0.25756097561	0.222680412371	0.220977596741
3	1	1	0	0.0	0.0	0.252620545073	0.227135678392	0.226305609284
4	1	1	0	0.0	0.0	0.0	0.0	0.0
5	1	1	0	0.0	0.0	0.245356793744	0.218556701031	0.20932642487
6	1	1	0	0.0	0.0	0.0	0.0	0.0
7	1	1	0	0.0	0.145113524186	0.0	0.0	0.0
8	1	1	0	0.0	0.158163265306	0.0	0.0	0.0
9	1	1	0	0.0	0.0	0.232862903226	0.205578512397	0.207207207207
10	1	1	0	0.0	0.0	0.0	0.0	0.0
11	1	1	0	0.0	0.0	0.0	0.0	0.0
12	1	1	0	0.0	0.0	0.251016260163	0.198076923077	0.241590214067
13	1	1	0	0.0	0.0	0.0	0.0	0.0
14	1	1	0	0.493646138807	0.310659898477	0.474103585657	0.207305034551	0.225352112676
15	1	1	0	0.219234746639	0.300407331976	0.522842639594	0.487411883182	0.477182539683
16	1	1	0	0.0	0.0	0.252964426877	0.232698094283	0.233977619532
17	1	1	0	0.252279635258	0.338567222767	0.535113748764	0.506366307542	0.502057613169
18	1	1	0	0.0	0.0	0.241900647948	0.240375586854	0.229930624381
19	1	1	0	0.0	0.0	0.278	0.247991967871	0.227761485826
20	1	1	0	0.494483450351	0.326347305389	0.496963562753	0.190571715145	0.220424671385
21	1	1	0	0.0	0.0	0.0	0.0	0.0
22	1	1	0	0.0	0.0	0.256825075834	0.228338430173	0.229124236253
23	1	1	0	0.0	0.0	0.0	0.0	0.0
24	1	1	0	0.0	0.0	0.24727992087	0.23673870334	0.208375893769
25	1	1	0	0.0	0.0	0.263902932255	0.225074037512	0.214638971316
26	1	1	0	0.463536463536	0.33569979716	0.472417251755	0.24079915878	0.207677165354
27	1	1	0	0.0	0.0	0.0	0.0	0.0
28	1	1	0	0.0	0.0	0.245631067961	0.202634245187	0.224630541872
29	1	1	0	0.0	0.0	0.0	0.0	0.0
30	1	1	0	0.0	0.0	0.0	0.0	0.0
31	1	1	0	0.246778989098	0.323359073359	0.5	0.490134994808	0.491787439614
32	1	1	0	0.245454545455	0.325581395349	0.518262586377	0.509146341463	0.5
33	1	1	0	0.0	0.0	0.254048582996	0.240721102863	0.213649851632
34	1	1	0	0.0	0.0	0.0	0.0	0.0
35	1	1	0	0.0	0.158464566929	0.0	0.0	0.0
36	1	1	0	0.0	0.0	0.0	0.0	0.0
37	1	1	0	0.0	0.161323681489	0.0	0.0	0.0
38	1	1	0	0.0	0.0	0.0	0.0	0.0
39	1	1	0	0.277661795407	0.182938388626	0.0	0.0	0.0
40	1	1	0	0.0	0.0	0.224899598394	0.216494845361	0.220543806647
41	1	1	0	0.0	0.0	0.0	0.0	0.0
42	1	1	0	0.0	0.152888888889	0.228840125392	0.232227488152	0.230326295585
43	1	1	0	0.305389221557	0.163784333672	0.0	0.0	0.0
44	1	1	0	0.500518134715	0.327885597549	0.482421875	0.209598432909	0.252243270189
45	1	1	0	0.0	0.0	0.0	0.0	0.0
46	1	1	0	0.0	0.0	0.0	0.0	0.0
47	1	1	0	0.0	0.169260700389	0.252016129032	0.213147410359	0.235976789168
48	1	1	0	0.0	0.0	0.0	0.0	0.0
49	1	1	0	0.0	0.147637795276	0.0	0.0	0.0
50	1	1	0	0.0	0.0	0.0	0.0	0.0
51	1	1	0	0.0	0.14194722475	0.239644970414	0.242521367521	0.236976506639
52	1	1	0	0.0	0.0	0.266409266409	0.237424547284	0.230166503428
53	1	1	0	0.0	0.137351778656	0.0	0.0	0.0
54	1	1	0	0.0	0.0	0.0	0.0	0.0
55	1	1	0	0.0	0.0	0.0	0.0	0.0
56	1	1	0	0.268582755203	0.177370030581	0.0	0.0	0.0
57	1	1	0	0.0	0.0	0.0	0.0	0.0
58	1	1	0	0.0	0.0	0.235470941884	0.243460764588	0.229038854806
59	1	1	0	0.0	0.0	0.0	0.0	0.0
60	1	1	0	0.0	0.0	0.219164118247	0.205257836198	0.20366598778
61	1	1	0	0.0	0.0	0.26614481409	0.235655737705	0.241414141414
62	1	1	0	0.0	0.0	0.0	0.0	0.0
63	1	1	0	0.0	0.0	0.245647969052	0.231132075472	0.22619047619
64	1	1	0	0.0	0.0	0.0	0.0	0.0
65	1	1	0	0.211422845691	0.314491264132	0.49049049049	0.502004008016	0.513402061856
66	1	1	0	0.0	0.0	0.251497005988	0.228070175439	0.216990788127
67	1	1	0	0.0	0.0	0.236976506639	0.225806451613	0.207778915046
68	1	1	0	0.250255362615	0.329907502569	0.486965589155	0.494094488189	0.496585365854
69	1	1	0	0.0	0.157073170732	0.0	0.0	0.0
70	1	1	0	0.0	0.0	0.0	0.0	0.0
71	1	1	0	0.0	0.0	0.225941422594	0.234951456311	0.211946050096
72	1	1	0	0.231003039514	0.307142857143	0.523178807947	0.467005076142	0.523
73	1	1	0	0.24032586558	0.333001988072	0.506103286385	0.491983967936	0.499499499499
74	1	1	0	0.0	0.0	0.0	0.0	0.0
75	1	1	0	0.230694037146	0.328342245989	0.51568627451	0.478578892372	0.521649484536
76	1	1	0	0.0	0.0	0.0	0.0	0.0
77	1	1	0	0.229591836735	0.346808510638	0.473354231975	0.493791786055	0.487523992322
78	1	1	0	0.0	0.0	0.0	0.0	0.0
79	1	1	0	0.0	0.0	0.0	0.0	0.0
80	1	1	0	0.0	0.0	0.0	0.0	0.0
81	1	1	0	0.0	0.0	0.252261306533	0.235414534289	0.230150753769
82	1	1	0	0.0	0.0	0.0	0.0	0.0
83	1	1	0	0.0	0.0	0.0	0.0	0.0
84	1	1	0	0.0	0.0	0.257082896118	0.219234746639	0.213213213213
85	1	1	0	0.0	0.0	0.240543161979	0.20998980632	0.239152371342
86	1	1	0	0.0	0.0	0.0	0.0	0.0
87	1	1	0	0.0	0.0	0.282208588957	0.204590818363	0.226957383548
88	1	1	0	0.0	0.0	0.0	0.0	0.0
89	1	1	0	0.0	0.0	0.0	0.0	0.0
90	1	1	0	0.277153558052	0.164570230608	0.0	0.0	0.0
91	1	1	0	0.0	0.0	0.244734202608	0.216904276986	0.208791208791
92	1	1	0	0.0	0.0	0.0	0.0	0.0
93	1	1	0	0.0	0.0	0.249488752556	0.23132780083	0.204522096608
94	1	1	0	0.230396902227	0.346115035318	0.490909090909	0.506391347099	0.497104247104
95	1	1	0	0.0	0.0	0.226179018287	0.228395061728	0.208713272543
96	1	1	0	0.0	0.0	0.257056451613	0.227634194831	0.244421906694
97	1	1	0	0.22629969419	0.337110481586	0.498003992016	0.498525073746	0.495540138751
98	1	1	0	0.0	0.0	0.260219341974	0.225806451613	0.219272369715
99	1	1	0	0.0	0.0	0.258130081301	0.251720747296	0.203076923077
100	1	1	0	0.0	0.0	0.0	0.0	0.0
