gene_id	sample0	sample0	sample1	sample1	sample2	sample2	sample3	sample3	sample4	sample4	sample5	sample5	sample6	sample6	sample7	sample7	sample8	sample8	sample9	sample9
0	115	0	84	0	83	17	98	0	99	0	106	0	85	11	79	8	108	0	110	0
1	83	0	99	18	83	0	98	0	94	17	88	0	88	0	94	0	103	0	92	13
2	54	50	72	24	65	28	47	46	82	18	49	53	66	72	85	15	78	18	62	23
3	45	48	49	45	50	67	63	56	56	52	54	39	41	48	51	48	55	57	52	71
4	112	0	65	21	98	0	91	0	78	25	106	0	79	0	98	0	97	0	91	13
5	46	51	77	21	68	36	38	44	98	21	41	43	59	50	98	10	74	12	77	28
6	37	54	67	35	84	20	43	54	79	23	58	60	60	48	92	12	77	24	104	21
7	41	52	56	26	58	24	50	61	84	13	43	56	45	57	85	20	88	23	75	18
8	101	0	97	0	80	10	104	0	92	0	108	0	86	10	97	16	82	0	104	0
9	110	0	79	27	76	0	77	0	65	16	115	0	100	0	89	0	98	0	84	20
10	95	15	82	28	103	15	71	16	90	0	71	15	66	25	93	12	97	11	85	10
11	50	47	72	21	64	28	44	39	92	11	52	56	62	61	92	12	69	13	70	33
12	67	16	73	25	84	10	92	19	104	0	88	14	72	29	95	14	81	16	98	4
13	92	0	100	14	89	0	97	0	68	19	102	0	108	0	88	0	111	0	76	13
14	60	47	84	17	59	37	42	46	78	15	51	47	45	38	82	8	73	19	95	23
15	88	17	92	28	93	10	69	19	111	0	93	13	77	38	82	15	70	19	79	5
16	90	15	81	0	113	0	112	0	95	0	83	0	104	0	93	0	94	12	109	0
17	111	0	104	0	75	15	67	27	82	11	106	0	92	0	109	0	95	0	107	0
18	105	0	87	0	82	19	83	35	85	19	103	0	110	0	107	0	109	0	107	0
19	73	19	73	25	78	11	82	17	98	0	69	13	60	28	93	9	88	14	93	6
20	46	56	72	25	62	38	47	58	79	14	56	55	44	60	92	9	98	18	85	28
21	79	17	96	0	86	0	95	0	110	0	111	0	92	0	97	0	97	11	102	0
22	43	63	69	25	79	30	51	54	75	12	49	61	47	49	77	11	83	22	69	31
23	111	0	97	0	70	18	110	0	87	0	96	0	90	11	93	8	99	0	100	0
24	109	0	77	23	111	0	96	0	93	21	120	0	119	0	111	0	102	0	85	9
25	101	0	78	21	102	0	102	0	70	20	113	0	108	0	109	0	104	0	94	13
26	61	39	72	28	68	33	65	54	79	9	52	41	55	45	106	11	67	17	73	27
27	94	0	102	0	93	9	111	0	103	0	105	0	77	12	92	6	113	0	92	0
28	39	56	72	22	59	23	57	56	82	15	37	43	53	47	70	15	77	16	77	18
29	59	46	73	25	89	34	54	44	91	17	42	52	50	50	89	19	82	24	75	32
30	102	0	101	0	94	0	67	25	101	0	72	20	101	0	106	0	103	10	90	6
31	45	51	65	27	51	39	43	53	96	16	44	45	47	41	94	16	81	16	93	16
32	104	0	97	0	96	15	91	0	85	0	114	0	102	10	110	9	104	0	86	0
33	76	22	76	23	88	8	92	25	117	0	76	17	52	30	77	12	84	26	89	6
34	93	0	83	25	87	0	111	0	78	17	112	0	91	0	91	0	91	0	91	14
35	90	7	103	0	110	0	98	0	95	0	91	0	99	0	96	0	84	10	84	0
36	77	16	95	0	86	0	114	0	100	0	119	0	107	0	102	0	113	13	96	0
37	111	0	84	23	88	0	99	0	71	17	112	0	102	0	107	0	103	0	95	12
38	48	45	78	25	60	28	47	42	96	13	50	58	59	53	99	8	90	19	97	19
39	88	18	115	0	104	0	86	0	115	0	105	0	92	0	77	0	94	11	97	0
40	97	0	67	24	88	0	114	0	89	21	91	0	98	0	98	0	113	0	90	8
41	50	40	71	26	64	26	53	39	83	13	51	46	53	50	69	11	85	21	94	26
42	82	0	109	0	79	19	86	0	84	15	93	0	95	0	78	28	94	16	84	9
43	41	61	79	22	74	35	52	52	97	14	52	48	41	42	90	19	93	17	79	31
44	117	0	93	13	96	0	102	0	84	17	101	0	91	0	100	0	100	0	96	19
45	115	0	85	0	90	15	100	0	88	0	100	0	93	11	83	5	88	0	87	0
46	52	47	77	22	56	35	50	48	74	16	69	52	47	49	94	13	83	25	71	20
47	78	14	73	21	84	16	74	22	115	0	89	19	70	24	82	6	80	26	103	16
48	85	0	74	29	93	0	77	0	78	17	105	0	105	0	95	0	99	0	79	13
49	41	47	69	37	71	32	43	59	84	16	57	50	65	38	91	15	95	15	79	16
50	89	0	81	22	97	0	102	0	76	16	90	0	93	0	88	0	93	0	82	16
51	96	0	108	0	71	9	107	0	86	0	95	0	110	14	100	6	92	0	87	0
52	110	0	82	21	97	0	95	0	80	20	113	0	82	0	70	0	113	0	82	13
53	81	26	84	0	86	0	85	0	89	0	105	0	102	0	118	0	76	10	94	0
54	91	0	79	22	104	0	91	0	100	18	115	0	118	0	98	0	91	0	77	13
55	47	49	79	22	61	33	62	47	80	10	47	44	51	36	92	7	75	21	62	24
56	100	0	100	0	69	14	83	0	76	15	97	0	107	0	81	15	96	19	76	11
57	85	23	91	35	84	15	81	24	108	0	78	15	71	37	98	12	68	20	89	5
58	85	0	94	0	93	16	94	0	97	0	99	0	81	10	75	14	101	0	110	0
59	47	47	73	33	69	33	47	58	77	14	33	49	42	49	89	6	71	19	88	21
60	86	0	81	0	101	14	108	0	102	0	90	0	98	15	87	13	86	0	87	0
61	89	0	97	0	99	10	93	0	106	0	90	0	99	9	104	17	105	0	91	0
62	44	48	66	19	69	29	57	38	82	21	57	53	59	60	104	9	90	24	83	24
63	42	41	45	39	60	46	43	53	51	41	50	42	40	41	44	55	51	56	50	52
64	107	0	72	31	113	0	115	0	86	19	101	0	110	0	94	0	92	0	98	16
65	91	24	95	0	88	0	103	0	92	0	108	0	94	0	93	0	66	9	91	0
66	85	0	91	25	80	0	105	0	81	14	99	0	94	0	91	0	112	0	89	16
67	101	0	106	0	92	16	98	0	105	0	92	0	69	12	104	22	113	0	85	0
68	107	0	79	23	97	0	121	0	93	25	92	0	101	0	93	0	87	0	87	14
69	103	0	89	17	85	0	99	0	75	17	94	0	91	0	91	0	104	0	88	14
70	79	16	94	0	110	0	98	0	99	0	102	0	99	0	112	0	92	15	91	0
71	87	0	112	0	92	10	101	0	120	0	94	0	80	13	76	10	130	0	90	0
72	93	0	93	26	87	0	97	0	74	19	100	0	95	0	92	0	115	0	83	19
73	75	16	71	18	78	15	72	24	105	0	93	16	77	18	88	8	81	20	88	6
74	96	21	111	0	97	0	100	0	107	0	88	0	89	0	102	0	78	11	108	0
75	61	49	74	24	74	30	38	50	81	12	56	48	49	43	102	21	89	19	83	19
76	99	0	75	19	99	0	98	0	89	14	96	0	102	0	83	0	71	0	97	19
77	46	46	77	21	77	27	63	51	88	11	57	45	57	54	81	12	73	12	91	23
78	93	0	116	0	89	21	83	0	100	12	90	0	101	0	80	22	80	15	81	9
79	88	21	89	23	99	16	83	16	104	0	81	11	62	33	85	8	85	24	97	6
80	101	0	108	0	92	15	108	0	108	0	84	0	84	18	86	11	110	0	109	0
81	105	0	116	0	77	19	111	0	77	30	104	0	88	0	78	19	80	17	98	15
82	46	37	78	23	81	37	50	45	106	15	48	60	62	48	77	13	86	15	87	21
83	68	19	95	0	103	0	100	0	95	0	101	0	106	0	107	0	72	9	94	0
84	104	0	111	0	82	11	106	0	92	0	102	0	101	13	107	18	93	0	91	0
85	49	50	73	18	70	30	58	47	78	25	44	57	52	49	92	15	83	16	76	11
86	52	54	86	17	57	29	56	59	83	12	56	58	44	45	105	11	88	22	77	21
87	107	0	68	25	122	0	99	0	71	16	117	0	109	0	100	0	109	0	80	14
88	86	19	95	0	99	0	107	0	92	0	92	0	102	0	95	0	95	8	117	0
89	95	0	95	0	90	12	101	0	87	0	101	0	92	12	97	7	107	0	118	0
90	54	17	106	0	100	0	124	0	88	0	80	0	96	0	112	0	83	6	103	0
91	77	16	85	27	92	25	77	20	111	0	73	25	67	32	90	14	78	19	108	4
92	94	0	98	0	89	16	94	0	87	0	80	0	100	9	68	12	99	0	111	0
93	46	48	74	25	62	31	43	55	82	14	60	50	43	47	78	15	78	24	72	20
94	49	35	81	27	77	29	44	37	77	17	47	42	47	47	95	13	84	23	85	15
95	104	0	77	17	88	0	79	0	74	14	114	0	114	0	102	0	115	0	80	15
96	95	0	91	0	74	13	97	0	86	0	88	0	85	12	87	16	87	0	87	0
97	106	0	66	16	88	0	97	0	102	26	90	0	96	0	94	0	102	0	77	21
98	46	53	83	30	78	35	60	46	69	11	41	43	53	50	106	10	74	16	81	22
99	107	0	86	31	114	0	83	0	85	13	98	0	120	0	105	0	134	0	92	9
