Chromosome	Position	Change	Gene	sample0	sample1	sample2	sample3	sample4
1	0	G>T	1	0	0	9	26	13
1	1	G>A	1	0	0	0	10	27
1	2	C>T	1	0	0	0	0	18
1	3	G>T	1	0	0	0	10	24
1	4	T>A	1	0	0	11	10	13
1	5	G>C	1	33	0	0	0	0
1	6	A>G	1	0	0	13	32	16
1	7	G>T	1	0	0	0	0	0
1	8	T>G	1	0	0	0	11	0
1	9	T>G	1	26	0	0	0	0
1	10	A>T	1	0	0	17	24	13
1	11	C>G	1	0	0	0	0	0
1	12	C>A	1	0	0	0	11	0
1	13	T>G	1	0	0	13	18	0
1	14	C>G	1	0	0	13	5	0
1	15	C>A	1	0	0	0	0	9
1	16	G>C	1	0	18	5	11	25
1	17	T>G	1	21	0	9	32	17
1	18	G>A	1	0	14	11	16	15
1	19	T>A	1	0	0	0	0	22
1	20	T>G	1	16	25	0	0	0
1	21	C>A	1	0	0	17	25	17
1	22	C>G	1	0	0	11	11	0
1	23	T>G	1	24	0	32	42	14
1	24	T>C	1	0	0	11	13	18
1	25	C>A	1	0	0	9	32	17
1	26	A>C	1	0	0	15	13	0
1	27	G>T	1	0	0	0	0	0
1	28	A>C	1	0	0	0	0	31
1	29	A>C	1	0	31	11	6	21
1	30	G>C	1	0	0	0	0	0
1	31	G>A	1	0	0	0	0	0
1	32	G>A	1	26	0	0	0	0
1	33	C>T	1	0	0	0	10	22
1	34	G>A	1	0	0	21	24	15
1	35	A>T	1	26	22	0	0	0
1	36	A>C	1	20	0	0	0	0
1	37	T>C	1	0	0	7	16	0
1	38	A>T	1	29	0	30	46	13
1	39	T>A	1	28	0	0	0	0
1	40	T>C	1	0	0	0	0	0
1	41	C>A	1	0	0	0	11	0
1	42	C>G	1	0	0	12	31	19
1	43	G>A	1	0	0	0	8	0
1	44	T>C	1	0	0	0	0	19
1	45	C>G	1	0	0	12	18	13
1	46	C>T	1	0	0	13	19	16
1	47	G>A	1	25	0	0	0	0
1	48	T>A	1	0	0	10	12	0
1	49	G>T	1	27	0	10	27	17
1	50	G>A	1	25	0	31	51	15
1	51	G>A	1	0	0	0	0	15
1	52	G>C	1	0	0	16	10	0
1	53	A>G	1	0	0	0	0	0
1	54	C>T	1	33	0	20	44	23
1	55	G>C	1	0	24	13	8	22
1	56	T>G	1	0	0	17	20	8
1	57	A>T	1	0	0	0	0	19
1	58	T>A	1	0	0	8	11	0
1	59	G>A	1	27	0	0	0	0
1	60	A>C	1	0	0	0	10	0
1	61	T>C	1	37	0	23	40	10
1	62	C>G	1	23	0	0	0	0
1	63	G>A	1	24	0	0	0	0
1	64	C>T	1	28	0	20	34	14
1	65	G>C	1	0	0	0	0	17
1	66	T>C	1	0	0	0	0	14
1	67	T>A	1	26	0	28	39	14
1	68	G>T	1	0	0	13	35	8
1	69	C>A	1	0	18	4	8	14
1	70	C>G	1	0	0	12	9	0
1	71	T>A	1	0	0	9	13	0
1	72	A>G	1	0	0	0	13	24
1	73	T>C	1	23	0	13	25	15
1	74	T>C	1	0	0	0	11	0
1	75	T>A	1	20	0	33	38	16
1	76	T>A	1	25	0	0	0	0
1	77	T>A	1	29	0	19	33	13
1	78	T>A	1	0	0	17	27	16
1	79	T>C	1	0	0	0	10	23
1	80	C>G	1	0	0	11	13	10
1	81	A>C	1	0	0	0	11	0
1	82	C>T	1	35	0	0	0	0
1	83	C>G	1	33	0	0	0	0
1	84	T>A	1	0	0	19	12	0
1	85	T>C	1	25	0	15	24	12
1	86	T>C	1	28	0	25	39	24
1	87	A>T	1	28	0	20	43	8
1	88	A>C	1	28	0	29	41	16
1	89	G>C	1	0	0	11	15	20
1	90	G>C	1	0	0	17	32	7
1	91	T>C	1	0	0	8	7	0
1	92	T>G	1	19	0	0	0	0
1	93	T>G	1	14	25	0	0	0
1	94	G>C	1	22	0	0	0	0
1	95	C>G	1	0	0	14	23	22
1	96	T>G	1	0	0	22	15	6
1	97	C>A	1	29	0	0	0	0
1	98	C>A	1	0	19	10	7	13
1	99	A>C	1	0	0	0	0	23
1	100	T>G	1	27	0	22	34	12
1	101	C>T	1	0	0	0	0	0
1	102	C>T	1	0	0	20	38	18
1	103	A>G	1	0	22	12	13	26
1	104	C>G	1	0	0	0	15	0
1	105	A>G	1	0	0	0	0	14
1	106	A>G	1	23	0	13	30	16
1	107	C>A	1	0	0	11	22	14
1	108	T>G	1	0	0	0	0	22
1	109	A>T	1	30	0	0	0	0
1	110	A>T	1	18	26	0	0	0
1	111	C>G	1	21	0	20	40	12
1	112	G>C	1	21	39	0	0	0
1	113	T>G	1	0	0	16	11	19
1	114	G>A	1	0	10	17	11	23
1	115	G>T	1	20	0	0	0	0
1	116	G>T	1	26	0	22	46	15
1	117	A>T	1	0	0	14	12	0
1	118	G>A	1	0	0	24	22	17
1	119	G>A	1	0	0	0	9	21
1	120	C>T	1	29	0	0	0	0
1	121	T>G	1	0	0	9	10	14
1	122	C>A	1	22	0	0	0	0
1	123	A>G	1	0	0	0	0	21
1	124	G>T	1	0	0	0	12	0
1	125	A>C	1	0	0	0	0	0
1	126	C>G	1	0	0	11	11	0
1	127	C>T	1	0	0	12	8	0
1	128	A>T	1	0	0	0	0	20
1	129	A>T	1	0	26	8	8	22
1	130	T>G	1	20	0	0	0	0
1	131	C>T	1	0	0	0	15	0
1	132	A>G	1	0	0	14	11	13
1	133	T>A	1	0	0	0	9	0
1	134	G>A	1	0	0	0	9	0
1	135	C>T	1	15	0	28	39	14
1	136	C>G	1	0	0	0	8	13
1	137	T>G	1	35	0	0	0	0
1	138	T>A	1	0	0	0	0	0
1	139	A>G	1	21	0	33	40	13
1	140	T>C	1	0	0	0	0	18
1	141	T>G	1	0	0	5	13	0
1	142	G>T	1	0	0	9	11	0
1	143	C>T	1	0	0	15	11	13
1	144	T>G	1	0	0	17	32	15
1	145	T>G	1	0	0	13	32	10
1	146	G>C	1	0	0	7	14	0
1	147	C>A	1	0	26	8	10	13
1	148	T>C	1	0	0	15	13	11
1	149	A>T	1	0	0	0	10	0
1	150	A>T	1	0	0	14	26	17
1	151	G>T	1	26	0	0	0	0
1	152	G>C	1	0	0	13	13	0
1	153	G>T	1	0	0	0	0	12
1	154	G>C	1	0	0	0	0	16
1	155	C>A	1	44	29	22	42	11
1	156	C>A	1	0	0	0	9	0
1	157	C>A	1	0	0	15	12	0
1	158	G>T	1	0	0	0	0	28
1	159	T>A	1	28	0	0	0	0
1	160	C>G	1	20	0	13	29	9
1	161	A>G	1	28	0	0	0	0
1	162	C>A	1	0	0	16	18	0
1	163	T>G	1	14	0	0	0	0
1	164	G>A	1	32	0	0	0	0
1	165	C>A	1	0	0	17	22	16
1	166	C>G	1	0	0	8	7	0
1	167	G>C	1	0	0	0	0	0
1	168	A>C	1	0	0	0	0	13
1	169	A>T	1	0	0	8	13	0
1	170	T>G	1	0	0	0	15	0
1	171	T>G	1	0	0	23	10	11
1	172	C>T	1	0	18	13	15	21
1	173	T>C	1	0	0	0	0	0
1	174	C>T	1	0	0	19	33	13
1	175	A>G	1	0	0	0	0	0
1	176	C>T	1	23	0	36	38	14
1	177	A>G	1	0	0	0	8	0
1	178	A>G	1	15	0	0	0	0
1	179	T>G	1	0	17	9	6	16
1	180	C>T	1	0	0	0	11	0
1	181	T>C	1	31	0	0	0	0
1	182	T>C	1	29	0	0	0	0
1	183	A>C	1	50	49	39	40	49
1	184	C>T	1	0	0	0	0	0
1	185	C>T	1	0	0	0	14	0
1	186	C>A	1	0	0	0	0	0
1	187	G>C	1	26	0	0	0	0
1	188	T>A	1	0	0	12	10	0
1	189	A>T	1	0	22	9	12	20
1	190	A>G	1	31	0	14	31	14
1	191	C>A	1	0	0	11	9	0
1	192	G>A	1	24	0	0	0	0
1	193	C>T	1	0	0	12	18	19
1	194	A>T	1	0	0	16	24	20
1	195	G>C	1	0	0	0	0	22
1	196	A>G	1	0	0	6	13	0
1	197	C>A	1	0	0	0	0	0
1	198	A>T	1	0	0	0	0	0
1	199	G>T	1	0	0	0	14	0
