Chromosome	Position	Change	Gene	sample0	sample1	sample2	sample3	sample4
1	0	A>C	1	0	32	0	0	0
1	1	A>G	1	48	52	42	56	13
1	2	C>A	1	46	49	28	28	13
1	3	A>G	1	13	0	0	0	0
1	4	C>T	1	49	45	59	48	18
1	5	C>T	1	31	55	16	25	23
1	6	A>G	1	52	33	44	51	13
1	7	A>T	1	52	46	50	60	21
1	8	G>A	1	11	34	0	36	18
1	9	C>G	1	0	26	0	0	0
1	10	G>C	1	48	50	34	26	16
1	11	T>G	1	0	34	0	0	0
1	12	C>A	1	0	0	0	0	0
1	13	G>A	1	0	0	0	0	0
1	14	C>T	1	58	45	46	50	11
1	15	T>G	1	46	59	50	57	16
1	16	G>C	1	38	50	44	47	50
1	17	A>T	1	46	34	34	25	21
1	18	A>G	1	46	42	35	30	15
1	19	G>A	1	63	61	49	57	14
1	20	G>C	1	38	44	27	18	12
1	21	A>T	1	0	0	0	0	0
1	22	A>T	1	47	46	49	38	15
1	23	T>A	1	45	37	46	52	16
1	24	A>G	1	0	0	0	0	0
1	25	C>G	1	45	46	55	52	17
1	26	T>C	1	16	0	19	0	0
1	27	C>T	1	46	49	48	64	15
1	28	A>G	1	0	29	0	0	0
1	29	T>G	1	14	0	0	0	0
1	30	T>C	1	50	34	50	47	14
1	31	C>T	1	44	48	52	51	15
1	32	C>A	1	21	0	0	0	0
1	33	C>G	1	53	60	41	35	10
1	34	G>C	1	0	25	0	0	0
1	35	C>G	1	0	0	0	0	0
1	36	A>T	1	42	51	54	52	15
1	37	G>C	1	19	0	17	0	0
1	38	A>G	1	43	49	52	41	12
1	39	G>C	1	0	0	0	0	0
1	40	T>C	1	0	25	0	0	0
1	41	A>T	1	57	45	45	58	18
1	42	G>C	1	38	43	43	58	13
1	43	C>A	1	57	50	53	50	15
1	44	G>A	1	57	56	58	36	21
1	45	T>A	1	17	0	14	0	0
1	46	T>A	1	0	21	0	0	0
1	47	G>A	1	0	0	0	0	10
1	48	C>G	1	0	0	0	0	11
1	49	A>T	1	0	0	0	0	7
1	50	G>T	1	65	36	47	46	18
1	51	A>G	1	0	27	0	0	0
1	52	T>A	1	52	56	51	32	20
1	53	A>G	1	0	0	0	0	0
1	54	G>A	1	0	21	0	0	0
1	55	A>C	1	28	0	21	0	0
1	56	C>T	1	53	57	49	61	20
1	57	G>C	1	0	27	0	0	0
1	58	A>T	1	0	32	0	0	0
1	59	C>G	1	0	0	0	0	18
1	60	A>G	1	0	28	0	0	0
1	61	G>C	1	31	59	18	21	21
1	62	A>C	1	51	46	35	45	17
1	63	T>C	1	33	49	10	29	21
1	64	T>C	1	0	0	0	0	0
1	65	T>C	1	0	0	0	0	0
1	66	G>T	1	0	0	0	0	0
1	67	G>T	1	17	0	0	0	0
1	68	C>A	1	55	53	46	39	16
1	69	T>C	1	10	11	0	28	11
1	70	A>G	1	13	0	16	0	0
1	71	A>C	1	10	20	0	29	10
1	72	A>C	1	12	20	0	25	13
1	73	A>G	1	37	47	25	29	17
1	74	A>T	1	55	46	53	51	20
1	75	C>G	1	63	51	60	48	15
1	76	T>C	1	0	20	0	0	0
1	77	A>T	1	0	0	0	0	0
1	78	G>T	1	0	0	0	0	0
1	79	G>A	1	52	37	58	56	13
1	80	G>A	1	10	18	0	27	0
1	81	A>C	1	0	24	0	0	0
1	82	G>C	1	0	25	0	0	0
1	83	C>A	1	25	54	10	34	15
1	84	G>C	1	52	57	48	39	14
1	85	C>G	1	58	46	68	46	13
1	86	G>A	1	46	60	57	42	13
1	87	G>A	1	0	0	0	0	0
1	88	C>T	1	58	57	53	60	11
1	89	C>A	1	40	56	42	28	12
1	90	T>C	1	50	52	43	55	13
1	91	T>C	1	45	56	52	50	16
1	92	G>T	1	0	26	0	0	0
1	93	A>G	1	0	0	0	0	0
1	94	T>A	1	67	57	47	51	20
1	95	T>G	1	16	0	0	0	0
1	96	A>T	1	0	0	0	0	0
1	97	G>A	1	22	0	17	0	0
1	98	T>C	1	19	0	10	0	0
1	99	C>A	1	0	0	0	0	0
1	100	C>G	1	52	59	39	29	21
1	101	T>A	1	59	50	42	45	17
1	102	A>C	1	55	44	56	45	17
1	103	A>G	1	17	36	0	20	18
1	104	G>C	1	0	0	0	0	0
1	105	C>A	1	51	50	47	55	15
1	106	T>A	1	0	17	0	0	0
1	107	G>C	1	0	28	0	0	0
1	108	A>C	1	48	46	48	52	23
1	109	T>G	1	0	22	0	0	0
1	110	T>G	1	0	0	0	0	0
1	111	G>A	1	11	24	0	28	0
1	112	C>A	1	38	54	44	49	8
1	113	T>A	1	20	0	19	0	0
1	114	G>T	1	53	45	55	42	18
1	115	A>G	1	0	26	0	0	0
1	116	A>C	1	0	0	0	0	0
1	117	T>A	1	58	51	27	22	9
1	118	T>C	1	0	20	0	0	0
1	119	G>C	1	53	36	37	46	8
1	120	A>C	1	48	46	49	41	14
1	121	C>A	1	52	59	43	23	14
1	122	A>T	1	56	38	47	55	19
1	123	A>C	1	14	0	16	0	0
1	124	G>A	1	19	0	0	0	0
1	125	T>G	1	37	47	22	19	17
1	126	G>T	1	38	57	17	27	16
1	127	C>T	1	0	0	0	0	0
1	128	A>T	1	0	0	0	0	0
1	129	C>A	1	56	50	55	38	14
1	130	A>T	1	18	0	0	0	0
1	131	C>T	1	53	51	61	46	21
1	132	G>C	1	55	50	53	55	22
1	133	C>A	1	0	27	0	0	0
1	134	T>C	1	0	0	0	0	0
1	135	G>T	1	43	47	56	49	13
1	136	G>T	1	42	42	50	45	18
1	137	A>C	1	0	0	0	0	0
1	138	A>C	1	13	28	0	19	0
1	139	A>C	1	16	0	0	0	0
1	140	G>C	1	54	44	65	45	18
1	141	C>A	1	60	49	40	52	13
1	142	C>T	1	0	0	0	0	14
1	143	A>G	1	0	25	0	0	0
1	144	G>A	1	0	0	0	0	0
1	145	T>G	1	0	0	0	0	0
1	146	G>C	1	42	39	57	59	16
1	147	A>T	1	49	56	61	53	15
1	148	A>C	1	0	0	0	0	23
1	149	G>T	1	47	53	58	39	12
1	150	C>A	1	50	48	51	48	18
1	151	A>C	1	0	0	0	0	18
1	152	C>A	1	10	0	0	0	0
1	153	T>C	1	0	24	0	0	0
1	154	T>G	1	18	0	0	0	0
1	155	A>C	1	38	43	48	55	17
1	156	A>C	1	0	0	0	0	0
1	157	A>T	1	57	46	43	47	14
1	158	C>G	1	57	49	43	53	19
1	159	T>C	1	45	49	55	45	12
1	160	T>G	1	0	34	0	0	0
1	161	A>G	1	0	25	0	0	0
1	162	C>A	1	0	0	0	0	0
1	163	A>T	1	45	44	53	56	53
1	164	C>G	1	0	19	0	0	0
1	165	T>C	1	43	56	57	47	21
1	166	G>A	1	45	51	36	42	25
1	167	A>T	1	0	28	0	0	0
1	168	A>G	1	0	0	0	0	0
1	169	T>C	1	46	52	44	58	22
1	170	C>T	1	56	56	27	22	18
1	171	G>T	1	12	18	0	27	0
1	172	T>A	1	48	47	55	44	16
1	173	C>G	1	48	43	54	50	13
1	174	G>C	1	46	48	49	51	10
1	175	T>A	1	48	48	43	54	15
1	176	G>T	1	55	52	60	60	14
1	177	G>A	1	21	0	13	0	0
1	178	A>G	1	33	36	59	39	13
1	179	T>C	1	0	0	0	0	0
1	180	T>A	1	50	51	38	14	16
1	181	C>T	1	53	61	60	64	16
1	182	T>G	1	53	49	49	54	19
1	183	A>T	1	0	28	0	0	0
1	184	T>G	1	20	0	17	0	0
1	185	A>G	1	37	52	45	49	54
1	186	T>C	1	0	27	0	0	0
1	187	A>T	1	56	46	54	48	15
1	188	C>G	1	28	0	16	0	0
1	189	G>T	1	0	20	0	0	0
1	190	A>C	1	58	49	59	55	13
1	191	T>G	1	45	40	47	44	15
1	192	T>G	1	0	23	0	0	0
1	193	T>C	1	0	0	0	0	0
1	194	G>A	1	61	59	58	41	12
1	195	G>C	1	12	0	32	0	0
1	196	C>A	1	0	0	0	0	0
1	197	G>C	1	0	0	0	0	0
1	198	A>T	1	0	21	0	0	0
1	199	C>T	1	27	51	13	23	14
