Num_mutations: 100
Num_samples: 10
Error_rate: 0.080000

6.185567010309278579e-01 2.978723404255319007e-01 0.000000000000000000e+00 0.000000000000000000e+00 4.285714285714285476e-01 5.486725663716813806e-01 0.000000000000000000e+00 4.112149532710280275e-01 2.653061224489796088e-01 5.631067961165048263e-01
8.275862068965517127e-01 6.506024096385542022e-01 8.372093023255814392e-01 1.042553191489361764e+00 1.080459770114942541e+00 8.571428571428570953e-01 6.796116504854369245e-01 1.020833333333333259e+00 9.375000000000000000e-01 1.120879120879120894e+00
0.000000000000000000e+00 3.185840707964601726e-01 0.000000000000000000e+00 0.000000000000000000e+00 3.703703703703703498e-01 6.078431372549019107e-01 0.000000000000000000e+00 5.048543689320388328e-01 0.000000000000000000e+00 1.238938053097345116e-01
9.615384615384615918e-02 2.268041237113402053e-01 0.000000000000000000e+00 0.000000000000000000e+00 0.000000000000000000e+00 0.000000000000000000e+00 0.000000000000000000e+00 0.000000000000000000e+00 2.626262626262626521e-01 0.000000000000000000e+00
4.761904761904761640e-01 3.505154639175257492e-01 0.000000000000000000e+00 0.000000000000000000e+00 1.043478260869565188e+00 5.046728971962616273e-01 0.000000000000000000e+00 4.197530864197530631e-01 8.548387096774193727e-01 8.910891089108911034e-01
7.321428571428570953e-01 7.021276595744680993e-01 1.018518518518518601e+00 9.514563106796116720e-01 1.047619047619047672e+00 1.000000000000000000e+00 1.062500000000000000e+00 1.139999999999999902e+00 7.272727272727272929e-01 9.599999999999999645e-01
9.130434782608695121e-01 6.296296296296296502e-01 1.073684210526315796e+00 1.199999999999999956e+00 9.702970297029702706e-01 1.056603773584905648e+00 1.050000000000000044e+00 1.096153846153846256e+00 7.027027027027027417e-01 7.956989247311827551e-01
8.135593220338983578e-01 7.368421052631578538e-01 1.156862745098039325e+00 9.200000000000000400e-01 8.705882352941176627e-01 1.155963302752293531e+00 1.049504950495049549e+00 9.462365591397849940e-01 5.945945945945946276e-01 8.490566037735849392e-01
9.887640449438201973e-01 7.326732673267326579e-01 1.137614678899082632e+00 8.623853211009174791e-01 8.846153846153845812e-01 8.421052631578946901e-01 9.072164948453608213e-01 9.043478260869565188e-01 9.158878504672897103e-01 9.896907216494845727e-01
6.250000000000000000e-01 3.008849557522124130e-01 0.000000000000000000e+00 0.000000000000000000e+00 4.123711340206185350e-01 6.666666666666666297e-01 0.000000000000000000e+00 4.752475247524752255e-01 2.020202020202020166e-01 4.158415841584158223e-01
7.924528301886792914e-01 7.906976744186046124e-01 1.108910891089109008e+00 1.061224489795918435e+00 1.032258064516129004e+00 1.031578947368421151e+00 1.014925373134328401e+00 7.678571428571429047e-01 8.433734939759036653e-01 1.024999999999999911e+00
8.387096774193548709e-01 8.421052631578946901e-01 9.565217391304348116e-01 1.113207547169811296e+00 9.791666666666666297e-01 1.080000000000000071e+00 1.176470588235294157e+00 1.136363636363636465e+00 8.971962616822429792e-01 9.514563106796116720e-01
8.723404255319149314e-01 6.037735849056603543e-01 1.044444444444444509e+00 1.135593220338983134e+00 8.470588235294117530e-01 7.826086956521739468e-01 1.071428571428571397e+00 1.318181818181818121e+00 9.902912621359223344e-01 1.024999999999999911e+00
8.214285714285713969e-01 6.990291262135922556e-01 1.078431372549019551e+00 1.128205128205128194e+00 9.135802469135801962e-01 9.767441860465115866e-01 1.145833333333333259e+00 7.920792079207921166e-01 6.422018348623853568e-01 1.092783505154639068e+00
9.892473118279569988e-01 7.572815533980582492e-01 1.027522935779816571e+00 9.900990099009900902e-01 8.764044943820225031e-01 1.195652173913043459e+00 1.086956521739130377e+00 1.055555555555555580e+00 6.153846153846154188e-01 8.461538461538461453e-01
7.654320987654320563e-01 9.215686274509803377e-01 1.063291139240506222e+00 1.037735849056603765e+00 1.030303030303030276e+00 1.126984126984126977e+00 9.708737864077670032e-01 7.708333333333333703e-01 8.461538461538461453e-01 9.380530973451327581e-01
5.309734513274336209e-02 0.000000000000000000e+00 0.000000000000000000e+00 0.000000000000000000e+00 0.000000000000000000e+00 0.000000000000000000e+00 0.000000000000000000e+00 0.000000000000000000e+00 0.000000000000000000e+00 0.000000000000000000e+00
8.269230769230768718e-01 6.407766990291262621e-01 8.571428571428570953e-01 1.187500000000000000e+00 8.346456692913385433e-01 9.787234042553191182e-01 9.909909909909909720e-01 1.148936170212766061e+00 8.431372549019607865e-01 1.009523809523809490e+00
2.291666666666666574e-01 0.000000000000000000e+00 0.000000000000000000e+00 0.000000000000000000e+00 0.000000000000000000e+00 0.000000000000000000e+00 0.000000000000000000e+00 0.000000000000000000e+00 0.000000000000000000e+00 0.000000000000000000e+00
4.941176470588235503e-01 2.990654205607476412e-01 0.000000000000000000e+00 0.000000000000000000e+00 1.068965517241379226e+00 5.894736842105262609e-01 0.000000000000000000e+00 5.535714285714286031e-01 9.499999999999999556e-01 7.191011235955055980e-01
4.390243902439024404e-01 3.232323232323232598e-01 0.000000000000000000e+00 0.000000000000000000e+00 4.629629629629629650e-01 5.357142857142856984e-01 0.000000000000000000e+00 4.516129032258064391e-01 3.137254901960784270e-01 4.946236559139784994e-01
8.571428571428570953e-01 6.785714285714286031e-01 9.545454545454545858e-01 9.494949494949495028e-01 1.192660550458715552e+00 1.000000000000000000e+00 8.599999999999999867e-01 9.298245614035087758e-01 7.476635514018691309e-01 9.904761904761905100e-01
0.000000000000000000e+00 0.000000000000000000e+00 0.000000000000000000e+00 0.000000000000000000e+00 0.000000000000000000e+00 0.000000000000000000e+00 0.000000000000000000e+00 0.000000000000000000e+00 2.772277227722772519e-01 1.224489795918367319e-01
7.920792079207920888e-02 0.000000000000000000e+00 0.000000000000000000e+00 0.000000000000000000e+00 0.000000000000000000e+00 0.000000000000000000e+00 0.000000000000000000e+00 0.000000000000000000e+00 0.000000000000000000e+00 0.000000000000000000e+00
5.894736842105262609e-01 2.444444444444444364e-01 0.000000000000000000e+00 0.000000000000000000e+00 5.106382978723403854e-01 7.021276595744680993e-01 0.000000000000000000e+00 4.081632653061224580e-01 2.477876106194690231e-01 4.509803921568627527e-01
9.126213592233010097e-01 8.888888888888888395e-01 1.066666666666666652e+00 9.473684210526315264e-01 9.156626506024095891e-01 9.176470588235293713e-01 8.510638297872340496e-01 1.066666666666666652e+00 9.072164948453608213e-01 9.230769230769231282e-01
2.608695652173912971e-01 3.448275862068965747e-01 0.000000000000000000e+00 0.000000000000000000e+00 5.000000000000000000e-01 5.894736842105262609e-01 0.000000000000000000e+00 6.292134831460673983e-01 2.365591397849462485e-01 5.714285714285713969e-01
2.105263157894736725e-01 0.000000000000000000e+00 0.000000000000000000e+00 0.000000000000000000e+00 0.000000000000000000e+00 0.000000000000000000e+00 0.000000000000000000e+00 0.000000000000000000e+00 0.000000000000000000e+00 0.000000000000000000e+00
8.888888888888888395e-01 1.060000000000000053e+00 9.767441860465115866e-01 1.045454545454545414e+00 8.297872340425531679e-01 1.020833333333333259e+00 1.113207547169811296e+00 1.000000000000000000e+00 7.102803738317756688e-01 9.902912621359223344e-01
1.276595744680850963e-01 0.000000000000000000e+00 0.000000000000000000e+00 0.000000000000000000e+00 0.000000000000000000e+00 0.000000000000000000e+00 0.000000000000000000e+00 0.000000000000000000e+00 0.000000000000000000e+00 0.000000000000000000e+00
5.094339622641509413e-01 3.260869565217391353e-01 0.000000000000000000e+00 0.000000000000000000e+00 9.908256880733945504e-01 5.000000000000000000e-01 0.000000000000000000e+00 5.233644859813083583e-01 8.411214953271027861e-01 7.500000000000000000e-01
7.619047619047618625e-01 6.371681415929203451e-01 1.009708737864077666e+00 1.070175438596491224e+00 9.677419354838709964e-01 9.898989898989899450e-01 1.064220183486238591e+00 9.438202247191010974e-01 7.128712871287128383e-01 1.137254901960784270e+00
2.016806722689075682e-01 0.000000000000000000e+00 0.000000000000000000e+00 0.000000000000000000e+00 0.000000000000000000e+00 0.000000000000000000e+00 0.000000000000000000e+00 0.000000000000000000e+00 0.000000000000000000e+00 0.000000000000000000e+00
2.653061224489796088e-01 0.000000000000000000e+00 0.000000000000000000e+00 0.000000000000000000e+00 0.000000000000000000e+00 0.000000000000000000e+00 0.000000000000000000e+00 0.000000000000000000e+00 0.000000000000000000e+00 0.000000000000000000e+00
9.200000000000000400e-01 6.734693877551020114e-01 9.902912621359223344e-01 9.347826086956522174e-01 1.052631578947368363e+00 1.055555555555555580e+00 1.061224489795918435e+00 1.040816326530612290e+00 8.932038834951456785e-01 1.000000000000000000e+00
4.175824175824175977e-01 2.947368421052631304e-01 0.000000000000000000e+00 0.000000000000000000e+00 4.000000000000000222e-01 6.597938144329896781e-01 0.000000000000000000e+00 4.536082474226804107e-01 1.978021978021977934e-01 4.423076923076922906e-01
9.636363636363636243e-01 7.692307692307692735e-01 1.000000000000000000e+00 9.333333333333333481e-01 1.098901098901098994e+00 9.615384615384615641e-01 1.000000000000000000e+00 1.057692307692307709e+00 8.333333333333333703e-01 9.032258064516128782e-01
3.789473684210526438e-01 4.782608695652174058e-01 0.000000000000000000e+00 0.000000000000000000e+00 4.117647058823529216e-01 6.138613861386138515e-01 0.000000000000000000e+00 5.567010309278350721e-01 2.083333333333333426e-01 5.393258426966291985e-01
9.444444444444444198e-01 7.526881720430107503e-01 1.098039215686274606e+00 9.230769230769231282e-01 9.739130434782609091e-01 9.032258064516128782e-01 9.310344827586206629e-01 9.399999999999999467e-01 8.041237113402062153e-01 9.690721649484536071e-01
8.411214953271027861e-01 6.829268292682927344e-01 9.892473118279569988e-01 9.734513274336282773e-01 1.009708737864077666e+00 8.543689320388349051e-01 9.649122807017543879e-01 9.599999999999999645e-01 8.533333333333333881e-01 1.023809523809523725e+00
4.770642201834862650e-01 4.871794871794871695e-01 0.000000000000000000e+00 0.000000000000000000e+00 3.925233644859812965e-01 4.950495049504950451e-01 0.000000000000000000e+00 5.569620253164556667e-01 2.298850574712643646e-01 5.052631578947368585e-01
7.522935779816514179e-01 5.961538461538461453e-01 9.841269841269840724e-01 9.156626506024095891e-01 9.607843137254902244e-01 1.000000000000000000e+00 9.739130434782609091e-01 9.357798165137615198e-01 8.478260869565217295e-01 1.019230769230769162e+00
1.157024793388429784e-01 0.000000000000000000e+00 0.000000000000000000e+00 0.000000000000000000e+00 0.000000000000000000e+00 0.000000000000000000e+00 0.000000000000000000e+00 0.000000000000000000e+00 0.000000000000000000e+00 0.000000000000000000e+00
1.777777777777777846e-01 0.000000000000000000e+00 0.000000000000000000e+00 0.000000000000000000e+00 0.000000000000000000e+00 0.000000000000000000e+00 0.000000000000000000e+00 0.000000000000000000e+00 0.000000000000000000e+00 0.000000000000000000e+00
9.622641509433962348e-01 6.400000000000000133e-01 1.104761904761904834e+00 9.259259259259259300e-01 1.029411764705882248e+00 9.345794392523364413e-01 7.884615384615384359e-01 1.130434782608695565e+00 6.956521739130434590e-01 8.399999999999999689e-01
0.000000000000000000e+00 0.000000000000000000e+00 0.000000000000000000e+00 0.000000000000000000e+00 0.000000000000000000e+00 0.000000000000000000e+00 0.000000000000000000e+00 0.000000000000000000e+00 1.956521739130434867e-01 2.178217821782178210e-01
6.507936507936508130e-01 7.079646017699114946e-01 1.085106382978723305e+00 1.057471264367816133e+00 9.026548672566371279e-01 9.532710280373831724e-01 8.333333333333333703e-01 1.043478260869565188e+00 6.727272727272727293e-01 9.183673469387755306e-01
7.826086956521739468e-01 6.857142857142857206e-01 9.423076923076922906e-01 1.117647058823529438e+00 8.979591836734693855e-01 9.074074074074074403e-01 1.017241379310344751e+00 1.031578947368421151e+00 9.306930693069307425e-01 9.272727272727272485e-01
9.714285714285714191e-01 8.990825688073394995e-01 1.009523809523809490e+00 8.199999999999999512e-01 9.565217391304348116e-01 9.803921568627450567e-01 9.462365591397849940e-01 8.865979381443298557e-01 7.142857142857143016e-01 9.904761904761905100e-01
1.509433962264150886e-01 0.000000000000000000e+00 0.000000000000000000e+00 0.000000000000000000e+00 0.000000000000000000e+00 0.000000000000000000e+00 0.000000000000000000e+00 0.000000000000000000e+00 0.000000000000000000e+00 0.000000000000000000e+00
7.058823529411765163e-01 3.703703703703703498e-01 0.000000000000000000e+00 0.000000000000000000e+00 4.536082474226804107e-01 5.714285714285713969e-01 0.000000000000000000e+00 6.046511627906976383e-01 2.173913043478260809e-01 3.870967741935483764e-01
6.185567010309278579e-01 7.878787878787878451e-01 1.000000000000000000e+00 8.035714285714286031e-01 9.320388349514563409e-01 1.159999999999999920e+00 9.696969696969697239e-01 9.827586206896551380e-01 1.046511627906976827e+00 1.075471698113207530e+00
6.722689075630252642e-01 7.037037037037037202e-01 9.909909909909909720e-01 1.090909090909090828e+00 9.108910891089109230e-01 1.051282051282051322e+00 1.036363636363636376e+00 9.684210526315789602e-01 7.777777777777777901e-01 8.785046728971962482e-01
8.867924528301887044e-01 7.272727272727272929e-01 1.009345794392523255e+00 8.764044943820225031e-01 1.108695652173913082e+00 1.050505050505050608e+00 1.219512195121951192e+00 9.818181818181818121e-01 6.597938144329896781e-01 9.213483146067416030e-01
0.000000000000000000e+00 0.000000000000000000e+00 0.000000000000000000e+00 0.000000000000000000e+00 0.000000000000000000e+00 0.000000000000000000e+00 0.000000000000000000e+00 0.000000000000000000e+00 2.637362637362637430e-01 1.980198019801980291e-01
7.787610619469026441e-01 6.607142857142856984e-01 1.056179775280898792e+00 9.213483146067416030e-01 9.107142857142856984e-01 1.061946902654867353e+00 9.892473118279569988e-01 1.068181818181818121e+00 7.924528301886792914e-01 9.902912621359223344e-01
1.702127659574468044e-01 0.000000000000000000e+00 0.000000000000000000e+00 0.000000000000000000e+00 0.000000000000000000e+00 0.000000000000000000e+00 0.000000000000000000e+00 0.000000000000000000e+00 0.000000000000000000e+00 0.000000000000000000e+00
9.000000000000000222e-01 7.560975609756097615e-01 1.102040816326530503e+00 7.850467289719625930e-01 1.009345794392523255e+00 8.807339449541284893e-01 8.817204301075268758e-01 8.828828828828828579e-01 9.010989010989011172e-01 1.119266055045871511e+00
2.718446601941747476e-01 3.505154639175257492e-01 0.000000000000000000e+00 0.000000000000000000e+00 6.407766990291262621e-01 5.192307692307692735e-01 0.000000000000000000e+00 5.360824742268041065e-01 1.981981981981981999e-01 4.210526315789473450e-01
2.268041237113402053e-01 4.571428571428571286e-01 0.000000000000000000e+00 0.000000000000000000e+00 4.950495049504950451e-01 5.535714285714286031e-01 0.000000000000000000e+00 4.150943396226415283e-01 1.121495327102803724e-01 5.227272727272727071e-01
6.600000000000000311e-01 2.999999999999999889e-01 0.000000000000000000e+00 0.000000000000000000e+00 8.292682926829267887e-01 5.166666666666667185e-01 0.000000000000000000e+00 3.956043956043955867e-01 8.421052631578946901e-01 8.571428571428570953e-01
7.407407407407406996e-02 0.000000000000000000e+00 0.000000000000000000e+00 0.000000000000000000e+00 0.000000000000000000e+00 0.000000000000000000e+00 0.000000000000000000e+00 0.000000000000000000e+00 0.000000000000000000e+00 0.000000000000000000e+00
3.370786516853932491e-01 3.076923076923077094e-01 0.000000000000000000e+00 0.000000000000000000e+00 4.835164835164835195e-01 5.154639175257731409e-01 0.000000000000000000e+00 6.597938144329896781e-01 2.244897959183673464e-01 5.000000000000000000e-01
7.446808510638297518e-01 3.695652173913043237e-01 0.000000000000000000e+00 0.000000000000000000e+00 5.348837209302325091e-01 5.656565656565656353e-01 0.000000000000000000e+00 5.294117647058823595e-01 2.280701754385964786e-01 5.060240963855421326e-01
7.543859649122807154e-01 7.368421052631578538e-01 1.020408163265306145e+00 9.320388349514563409e-01 9.830508474576271638e-01 1.009009009009008917e+00 8.679245283018868218e-01 9.904761904761905100e-01 7.254901960784313486e-01 9.677419354838709964e-01
2.616822429906541791e-01 0.000000000000000000e+00 0.000000000000000000e+00 0.000000000000000000e+00 0.000000000000000000e+00 0.000000000000000000e+00 0.000000000000000000e+00 0.000000000000000000e+00 0.000000000000000000e+00 0.000000000000000000e+00
4.444444444444444198e-01 2.135922330097087263e-01 0.000000000000000000e+00 0.000000000000000000e+00 4.601769911504424715e-01 6.185567010309278579e-01 0.000000000000000000e+00 5.416666666666666297e-01 4.269662921348314488e-01 5.346534653465346842e-01
9.333333333333333481e-01 5.348837209302325091e-01 1.020833333333333259e+00 1.065420560747663448e+00 1.022727272727272707e+00 1.113636363636363535e+00 1.111111111111111160e+00 9.367088607594936667e-01 8.349514563106795739e-01 1.031578947368421151e+00
8.399999999999999689e-01 8.380952380952381153e-01 1.115384615384615419e+00 1.018518518518518601e+00 9.696969696969697239e-01 9.885057471264367956e-01 1.027522935779816571e+00 1.148936170212766061e+00 8.846153846153845812e-01 1.217391304347826164e+00
5.454545454545454142e-01 3.111111111111111160e-01 0.000000000000000000e+00 0.000000000000000000e+00 4.418604651162790775e-01 6.724137931034482873e-01 0.000000000000000000e+00 4.375000000000000000e-01 3.207547169811320598e-01 4.285714285714285476e-01
8.666666666666666963e-01 8.219178082191780366e-01 9.514563106796116720e-01 1.166666666666666741e+00 9.074074074074074403e-01 9.708737864077670032e-01 1.175257731958762930e+00 9.320388349514563409e-01 8.571428571428570953e-01 9.000000000000000222e-01
1.555555555555555580e-01 3.508771929824561209e-01 6.808510638297872175e-01 5.319148936170212671e-01 0.000000000000000000e+00 0.000000000000000000e+00 0.000000000000000000e+00 5.567010309278350721e-01 2.424242424242424310e-01 0.000000000000000000e+00
1.149425287356321823e-01 0.000000000000000000e+00 0.000000000000000000e+00 0.000000000000000000e+00 0.000000000000000000e+00 0.000000000000000000e+00 0.000000000000000000e+00 0.000000000000000000e+00 0.000000000000000000e+00 0.000000000000000000e+00
0.000000000000000000e+00 2.352941176470588203e-01 0.000000000000000000e+00 0.000000000000000000e+00 3.859649122807017330e-01 6.600000000000000311e-01 0.000000000000000000e+00 3.578947368421052655e-01 0.000000000000000000e+00 1.860465116279069742e-01
6.226415094339622369e-01 2.150537634408602183e-01 0.000000000000000000e+00 0.000000000000000000e+00 5.600000000000000533e-01 4.842105263157894801e-01 0.000000000000000000e+00 5.454545454545454142e-01 2.105263157894736725e-01 4.255319148936170248e-01
8.867924528301887044e-01 8.222222222222221877e-01 1.078431372549019551e+00 1.056603773584905648e+00 8.292682926829267887e-01 9.549549549549549710e-01 9.811320754716981174e-01 1.084745762711864403e+00 7.628865979381442841e-01 9.473684210526315264e-01
9.565217391304348116e-01 6.078431372549019107e-01 1.017241379310344751e+00 9.622641509433962348e-01 1.152173913043478271e+00 9.696969696969697239e-01 9.213483146067416030e-01 8.965517241379310498e-01 9.113924050632911111e-01 9.532710280373831724e-01
4.255319148936170248e-01 2.105263157894736725e-01 0.000000000000000000e+00 0.000000000000000000e+00 8.380952380952381153e-01 6.458333333333333703e-01 0.000000000000000000e+00 5.813953488372093359e-01 8.000000000000000444e-01 5.625000000000000000e-01
1.063829787234042562e-01 2.970297029702970160e-01 6.199999999999999956e-01 7.254901960784313486e-01 0.000000000000000000e+00 0.000000000000000000e+00 0.000000000000000000e+00 2.666666666666666630e-01 1.290322580645161255e-01 0.000000000000000000e+00
9.444444444444444198e-01 6.391752577319587125e-01 1.147826086956521774e+00 8.571428571428570953e-01 1.041666666666666741e+00 9.523809523809523281e-01 1.115044247787610576e+00 7.735849056603774088e-01 7.956989247311827551e-01 8.775510204081632404e-01
5.454545454545454142e-01 3.232323232323232598e-01 0.000000000000000000e+00 0.000000000000000000e+00 3.678160919540229834e-01 5.217391304347825942e-01 0.000000000000000000e+00 5.000000000000000000e-01 2.272727272727272652e-01 4.423076923076922906e-01
2.020202020202020166e-01 0.000000000000000000e+00 0.000000000000000000e+00 0.000000000000000000e+00 0.000000000000000000e+00 0.000000000000000000e+00 0.000000000000000000e+00 0.000000000000000000e+00 0.000000000000000000e+00 0.000000000000000000e+00
4.081632653061224580e-01 3.157894736842105088e-01 0.000000000000000000e+00 0.000000000000000000e+00 8.833333333333333037e-01 7.333333333333332815e-01 0.000000000000000000e+00 3.720930232558139483e-01 8.292682926829267887e-01 7.407407407407406996e-01
0.000000000000000000e+00 0.000000000000000000e+00 0.000000000000000000e+00 0.000000000000000000e+00 0.000000000000000000e+00 0.000000000000000000e+00 0.000000000000000000e+00 0.000000000000000000e+00 3.396226415094339424e-01 2.417582417582417598e-01
5.591397849462365066e-01 2.545454545454545192e-01 0.000000000000000000e+00 0.000000000000000000e+00 9.799999999999999822e-01 4.631578947368421018e-01 0.000000000000000000e+00 5.714285714285713969e-01 8.314606741573034032e-01 6.722689075630252642e-01
7.333333333333332815e-01 3.870967741935483764e-01 0.000000000000000000e+00 0.000000000000000000e+00 1.063829787234042534e+00 3.931623931623931534e-01 0.000000000000000000e+00 5.400000000000000355e-01 7.872340425531915153e-01 7.663551401869158619e-01
7.956989247311827551e-01 6.857142857142857206e-01 9.484536082474226415e-01 9.375000000000000000e-01 9.122807017543859143e-01 1.132743362831858391e+00 8.941176470588235725e-01 1.008695652173912993e+00 8.163265306122449161e-01 1.033707865168539408e+00
2.291666666666666574e-01 0.000000000000000000e+00 0.000000000000000000e+00 0.000000000000000000e+00 0.000000000000000000e+00 0.000000000000000000e+00 0.000000000000000000e+00 0.000000000000000000e+00 0.000000000000000000e+00 0.000000000000000000e+00
7.454545454545454808e-01 8.085106382978722861e-01 9.056603773584905870e-01 1.023809523809523725e+00 9.380530973451327581e-01 1.069306930693069368e+00 1.056603773584905648e+00 9.896907216494845727e-01 1.000000000000000000e+00 1.102803738317756910e+00
7.142857142857143016e-01 7.368421052631578538e-01 1.145631067961164984e+00 1.012048192771084265e+00 1.047619047619047672e+00 9.677419354838709964e-01 1.147540983606557319e+00 9.607843137254902244e-01 9.038461538461538547e-01 1.085106382978723305e+00
2.268041237113402053e-01 2.528735632183908288e-01 0.000000000000000000e+00 0.000000000000000000e+00 3.505154639175257492e-01 5.225225225225225145e-01 0.000000000000000000e+00 5.376344086021505042e-01 3.703703703703703498e-01 4.742268041237113207e-01
3.571428571428571508e-01 2.391304347826087029e-01 0.000000000000000000e+00 0.000000000000000000e+00 9.873417721518987777e-01 5.656565656565656353e-01 0.000000000000000000e+00 4.642857142857143016e-01 7.333333333333332815e-01 9.752066115702479054e-01
0.000000000000000000e+00 0.000000000000000000e+00 4.356435643564356419e-01 3.750000000000000000e-01 0.000000000000000000e+00 6.506024096385542022e-01 4.403669724770642446e-01 0.000000000000000000e+00 0.000000000000000000e+00 0.000000000000000000e+00
7.474747474747475140e-01 8.865979381443298557e-01 1.192307692307692291e+00 9.473684210526315264e-01 9.230769230769231282e-01 8.915662650602409478e-01 1.000000000000000000e+00 1.017241379310344751e+00 7.524752475247524774e-01 9.072164948453608213e-01
9.113924050632911111e-01 6.823529411764706065e-01 9.484536082474226415e-01 9.203539823008849430e-01 9.906542056074766345e-01 1.098039215686274606e+00 1.028571428571428470e+00 1.192307692307692291e+00 7.068965517241379004e-01 9.906542056074766345e-01
0.000000000000000000e+00 0.000000000000000000e+00 4.536082474226804107e-01 3.960396039603960583e-01 0.000000000000000000e+00 3.505154639175257492e-01 3.454545454545454586e-01 0.000000000000000000e+00 0.000000000000000000e+00 0.000000000000000000e+00
8.282828282828282873e-01 8.288288288288288008e-01 8.653846153846154188e-01 1.061224489795918435e+00 1.069306930693069368e+00 1.049504950495049549e+00 9.298245614035087758e-01 1.153846153846153744e+00 7.083333333333333703e-01 1.158878504672897103e+00
1.951219512195122019e-01 3.008849557522124130e-01 0.000000000000000000e+00 0.000000000000000000e+00 0.000000000000000000e+00 0.000000000000000000e+00 0.000000000000000000e+00 0.000000000000000000e+00 1.818181818181818232e-01 0.000000000000000000e+00
2.325581395348837177e-01 0.000000000000000000e+00 0.000000000000000000e+00 0.000000000000000000e+00 0.000000000000000000e+00 0.000000000000000000e+00 0.000000000000000000e+00 0.000000000000000000e+00 0.000000000000000000e+00 0.000000000000000000e+00
0.000000000000000000e+00 0.000000000000000000e+00 4.086021505376344343e-01 4.144144144144144004e-01 0.000000000000000000e+00 3.921568627450980338e-01 3.636363636363636465e-01 0.000000000000000000e+00 0.000000000000000000e+00 0.000000000000000000e+00
