#chr	normal	sample0	sample1	sample2	sample3	sample4	sample5	sample6	sample7	sample8	sample9	sample10	sample11	sample12	sample13	sample14	sample15	sample16	sample17	sample18	sample19
0	0	0.0	0.0	0.12380952381	0.0	0.0	0.0	0.0	0.112244897959	0.0	0.141509433962	0.101851851852	0.225806451613	0.0	0.0	0.0	0.0	0.0	0.0	0.0	0.0
1	0	0.0	0.121621621622	0.19387755102	0.0	0.142857142857	0.0	0.0	0.0	0.12	0.0	0.0	0.0	0.0	0.0	0.0	0.0	0.240740740741	0.237113402062	0.0	0.231707317073
2	0	0.0	0.0	0.0	0.24	0.112359550562	0.0	0.0	0.0	0.0	0.0	0.0	0.0	0.0	0.0	0.0	0.0919540229885	0.275510204082	0.0	0.20618556701	0.0
3	0	0.0	0.0	0.125	0.0	0.0	0.0	0.0	0.109756097561	0.0	0.121212121212	0.104347826087	0.188118811881	0.0	0.0	0.0	0.0	0.0	0.0	0.0	0.0
4	0	0.0	0.0	0.0	0.3	0.0891089108911	0.0	0.0	0.0	0.0	0.0	0.0	0.0	0.0	0.0	0.0	0.08	0.242424242424	0.0	0.252427184466	0.0
5	0	0.406593406593	0.298969072165	0.155339805825	0.509803921569	0.448275862069	0.317757009346	0.433962264151	0.314285714286	0.2125	0.237623762376	0.387755102041	0.287356321839	0.578947368421	0.419047619048	0.270833333333	0.543689320388	0.265060240964	0.36	0.420560747664	0.0
6	0	0.120689655172	0.0	0.0	0.0	0.0869565217391	0.142857142857	0.0	0.0	0.0900900900901	0.0	0.0	0.0	0.0	0.115789473684	0.0	0.0	0.0	0.07	0.0	0.0
7	0	0.0	0.0	0.0	0.215909090909	0.0967741935484	0.0	0.0	0.0	0.0	0.0	0.0	0.0	0.0	0.0	0.0	0.13	0.22131147541	0.0	0.245098039216	0.0
8	0	0.0	0.134020618557	0.144230769231	0.0	0.0882352941176	0.0	0.0	0.0	0.173469387755	0.0	0.0	0.0	0.0	0.0	0.0	0.0	0.168421052632	0.108695652174	0.0	0.266666666667
9	0	0.108910891089	0.0	0.0	0.0	0.121951219512	0.115789473684	0.0	0.0	0.119266055046	0.0	0.0	0.0	0.0	0.161616161616	0.0	0.0	0.0	0.17	0.0	0.0
10	0	0.0	0.0	0.0	0.329545454545	0.153846153846	0.0	0.0	0.0	0.0	0.0	0.0	0.0	0.0	0.0	0.0	0.07	0.227722772277	0.0	0.150537634409	0.0
11	0	0.0	0.119047619048	0.138613861386	0.0	0.19587628866	0.0	0.0	0.0	0.0747663551402	0.0	0.0	0.0	0.0	0.0	0.0	0.0	0.268041237113	0.221238938053	0.0	0.186046511628
12	0	0.196261682243	0.239583333333	0.134831460674	0.0	0.0	0.0	0.212389380531	0.0	0.0	0.0	0.18085106383	0.0	0.0	0.152173913043	0.0	0.178947368421	0.0	0.0	0.277777777778	0.0
13	0	0.19298245614	0.138613861386	0.152173913043	0.0	0.0	0.0	0.214285714286	0.0	0.0	0.0	0.196428571429	0.0	0.0	0.102272727273	0.0	0.180952380952	0.0	0.0	0.293577981651	0.0
14	0	0.0	0.0	0.117647058824	0.0	0.0	0.25	0.0	0.158536585366	0.19512195122	0.236842105263	0.0	0.0	0.0	0.0729166666667	0.290322580645	0.0	0.0	0.0	0.0	0.292452830189
15	0	0.514563106796	0.336363636364	0.145454545455	0.393258426966	0.406504065041	0.283018867925	0.478260869565	0.19512195122	0.312	0.157303370787	0.367924528302	0.282828282828	0.485148514851	0.436170212766	0.21686746988	0.485436893204	0.287037037037	0.330097087379	0.549019607843	0.0
16	0	0.209523809524	0.0	0.0	0.53	0.122448979592	0.155555555556	0.239583333333	0.106382978723	0.18	0.0916666666667	0.0674157303371	0.283018867925	0.5	0.0	0.0	0.257731958763	0.314606741573	0.150943396226	0.188034188034	0.0
17	0	0.0	0.0	0.0	0.279279279279	0.170454545455	0.0	0.0	0.0	0.0	0.0	0.0	0.0	0.0	0.0	0.0	0.126315789474	0.282608695652	0.0	0.23	0.0
18	0	0.126126126126	0.0	0.0	0.0	0.166666666667	0.153153153153	0.0	0.0	0.122222222222	0.0	0.0	0.0	0.0	0.0865384615385	0.0	0.0	0.0	0.122448979592	0.0	0.0
19	0	0.0	0.0	0.0	0.27	0.103448275862	0.0	0.0	0.0	0.0	0.0	0.0	0.0	0.0	0.0	0.0	0.129411764706	0.2875	0.0	0.223214285714	0.0
20	0	0.0	0.0	0.0	0.204819277108	0.153846153846	0.0	0.0	0.0	0.0	0.0	0.0	0.0	0.0	0.0	0.0	0.125	0.234567901235	0.0	0.285714285714	0.0
21	0	0.137614678899	0.0	0.0	0.0	0.161290322581	0.154639175258	0.0	0.0	0.118279569892	0.0	0.0	0.0	0.0	0.0769230769231	0.0	0.0	0.0	0.194444444444	0.0	0.0
22	0	0.20987654321	0.163043478261	0.181818181818	0.0	0.0	0.0	0.180555555556	0.0	0.0	0.0	0.180952380952	0.0	0.0	0.134020618557	0.0	0.133333333333	0.0	0.0	0.31067961165	0.0
23	0	0.148514851485	0.0	0.0	0.0	0.130081300813	0.134831460674	0.0	0.0	0.0618556701031	0.0	0.0	0.0	0.0	0.0412371134021	0.0	0.0	0.0	0.111111111111	0.0	0.0
24	0	0.0	0.0	0.0	0.298969072165	0.151162790698	0.0	0.0	0.0	0.0	0.0	0.0	0.0	0.0	0.0	0.0	0.0571428571429	0.288461538462	0.0	0.207207207207	0.0
25	0	0.152941176471	0.0	0.0	0.0	0.0	0.0	0.240740740741	0.0	0.118279569892	0.182795698925	0.0	0.247524752475	0.284090909091	0.0	0.0	0.108695652174	0.0	0.192307692308	0.0	0.0
26	0	0.154545454545	0.0	0.0	0.0	0.0	0.0	0.197916666667	0.0	0.144230769231	0.211764705882	0.0	0.25	0.306930693069	0.0	0.0	0.241758241758	0.0	0.229357798165	0.0	0.0
27	0	0.0	0.0	0.0	0.333333333333	0.136842105263	0.0	0.0	0.0	0.0	0.0	0.0	0.0	0.0	0.0	0.0	0.136842105263	0.336363636364	0.0	0.163636363636	0.0
28	0	0.0	0.0	0.0	0.357142857143	0.12380952381	0.0	0.0	0.0	0.0	0.0	0.0	0.0	0.0	0.0	0.0	0.0582524271845	0.16049382716	0.0	0.217821782178	0.0
29	0	0.0	0.0	0.0	0.299065420561	0.217821782178	0.0	0.0	0.0	0.0	0.0	0.0	0.0	0.0	0.0	0.0	0.093023255814	0.268518518519	0.0	0.244897959184	0.0
30	0	0.0	0.0	0.0	0.257425742574	0.158878504673	0.0	0.0	0.0	0.0	0.0	0.0	0.0	0.0	0.0	0.0	0.09375	0.188118811881	0.0	0.195402298851	0.0
31	0	0.166666666667	0.0	0.0	0.0	0.110169491525	0.265957446809	0.0	0.0	0.126126126126	0.0	0.0	0.0	0.0	0.0967741935484	0.0	0.0	0.0	0.0909090909091	0.0	0.0
32	0	0.0	0.0	0.0	0.288888888889	0.135416666667	0.0	0.0	0.0	0.0	0.0	0.0	0.0	0.0	0.0	0.0	0.107843137255	0.258928571429	0.0	0.206106870229	0.0
33	0	0.0	0.0	0.0947368421053	0.0	0.0	0.0	0.0	0.144444444444	0.0	0.107142857143	0.0571428571429	0.179245283019	0.0	0.0	0.0	0.0	0.0	0.0	0.0	0.0
34	0	0.0	0.0	0.0	0.298076923077	0.135922330097	0.0	0.0	0.0	0.0	0.0	0.0	0.0	0.0	0.0	0.0	0.131578947368	0.24	0.0	0.170731707317	0.0
35	0	0.0	0.0	0.0934579439252	0.0	0.0	0.0	0.0	0.148936170213	0.0	0.0873786407767	0.137614678899	0.261682242991	0.0	0.0	0.0	0.0	0.0	0.0	0.0	0.0
36	0	0.147368421053	0.0	0.0	0.0	0.10989010989	0.132653061224	0.0	0.0	0.159292035398	0.0	0.0	0.0	0.0	0.137254901961	0.0	0.0	0.0	0.190476190476	0.0	0.0
37	0	0.0	0.0	0.0	0.216494845361	0.112244897959	0.0	0.0	0.0	0.0	0.0	0.0	0.0	0.0	0.0	0.0	0.0752688172043	0.271929824561	0.0	0.233009708738	0.0
38	0	0.0	0.0	0.0	0.285714285714	0.047619047619	0.0	0.0	0.0	0.0	0.0	0.0	0.0	0.0	0.0	0.0	0.0757575757576	0.204081632653	0.0	0.246913580247	0.0
39	0	0.0	0.0	0.120879120879	0.0	0.0	0.0	0.0	0.0967741935484	0.0	0.121212121212	0.0943396226415	0.190476190476	0.0	0.0	0.0	0.0	0.0	0.0	0.0	0.0
40	0	0.174311926606	0.155339805825	0.159292035398	0.0	0.0	0.0	0.197802197802	0.0	0.0	0.0	0.160377358491	0.0	0.0	0.139130434783	0.0	0.111111111111	0.0	0.0	0.278846153846	0.0
41	0	0.139240506329	0.0	0.0	0.0	0.118644067797	0.194174757282	0.0	0.0	0.117647058824	0.0	0.0	0.0	0.0	0.0673076923077	0.0	0.0	0.0	0.186046511628	0.0	0.0
42	0	0.180952380952	0.0	0.0	0.0	0.165217391304	0.133333333333	0.0	0.0	0.154639175258	0.0	0.0	0.0	0.0	0.0849056603774	0.0	0.0	0.0	0.16	0.0	0.0
43	0	0.0	0.0	0.0	0.274509803922	0.111111111111	0.0	0.0	0.0	0.0	0.0	0.0	0.0	0.0	0.0	0.0	0.0898876404494	0.316831683168	0.0	0.196261682243	0.0
44	0	0.0	0.0	0.0	0.231578947368	0.142857142857	0.0	0.0	0.0	0.0	0.0	0.0	0.0	0.0	0.0	0.0	0.111111111111	0.254545454545	0.0	0.35593220339	0.0
45	0	0.158415841584	0.0	0.0	0.0	0.110091743119	0.182692307692	0.0	0.0	0.123711340206	0.0	0.0	0.0	0.0	0.128712871287	0.0	0.0	0.0	0.0888888888889	0.0	0.0
46	0	0.196581196581	0.0	0.0	0.542553191489	0.0964912280702	0.180952380952	0.182692307692	0.040404040404	0.144230769231	0.165137614679	0.148514851485	0.3	0.540816326531	0.0	0.0	0.38202247191	0.272727272727	0.2	0.207920792079	0.0
47	0	0.169491525424	0.0	0.0	0.0	0.0	0.0	0.263636363636	0.0	0.190909090909	0.147368421053	0.0	0.275	0.380434782609	0.0	0.0	0.154639175258	0.0	0.118181818182	0.0	0.0
48	0	0.0	0.0	0.0	0.29702970297	0.0618556701031	0.0	0.0	0.0	0.0	0.0	0.0	0.0	0.0	0.0	0.0	0.0934579439252	0.363636363636	0.0	0.239130434783	0.0
49	0	0.0	0.0	0.0978260869565	0.0	0.0	0.0	0.0	0.134020618557	0.0	0.10101010101	0.08	0.198113207547	0.0	0.0	0.0	0.0	0.0	0.0	0.0	0.0
50	0	0.178217821782	0.238095238095	0.0970873786408	0.0	0.0	0.0	0.245098039216	0.0	0.0	0.0	0.161616161616	0.0	0.0	0.148936170213	0.0	0.188888888889	0.0	0.0	0.375	0.0
51	0	0.148936170213	0.0	0.0	0.0	0.0	0.0	0.18	0.0	0.0891089108911	0.158878504673	0.0	0.30303030303	0.305555555556	0.0	0.0	0.215517241379	0.0	0.159090909091	0.0	0.0
52	0	0.129032258065	0.0	0.0	0.0	0.158878504673	0.104761904762	0.0	0.0	0.150537634409	0.0	0.0	0.0	0.0	0.142857142857	0.0	0.0	0.0	0.137931034483	0.0	0.0
53	0	0.0	0.0	0.103092783505	0.0	0.0	0.0	0.0	0.109090909091	0.0	0.0740740740741	0.0972222222222	0.21568627451	0.0	0.0	0.0	0.0	0.0	0.0	0.0	0.0
54	0	0.125	0.0	0.0	0.0	0.137614678899	0.205607476636	0.0	0.0	0.0952380952381	0.0	0.0	0.0	0.0	0.0909090909091	0.0	0.0	0.0	0.14406779661	0.0	0.0
55	0	0.534090909091	0.372881355932	0.186046511628	0.516853932584	0.367346938776	0.27358490566	0.472527472527	0.255102040816	0.2890625	0.141666666667	0.381443298969	0.371794871795	0.490196078431	0.409090909091	0.254716981132	0.479166666667	0.285714285714	0.340659340659	0.564705882353	0.0
56	0	0.0	0.0	0.0	0.293103448276	0.0941176470588	0.0	0.0	0.0	0.0	0.0	0.0	0.0	0.0	0.0	0.0	0.0602409638554	0.216666666667	0.0	0.215909090909	0.0
57	0	0.149425287356	0.0	0.0	0.0	0.0	0.0	0.184782608696	0.0	0.113402061856	0.158878504673	0.0	0.289473684211	0.367924528302	0.0	0.0	0.119266055046	0.0	0.178947368421	0.0	0.0
58	0	0.0	0.0	0.0	0.191489361702	0.104761904762	0.0	0.0	0.0	0.0	0.0	0.0	0.0	0.0	0.0	0.0	0.148514851485	0.304347826087	0.0	0.230769230769	0.0
59	0	0.132653061224	0.0	0.0	0.0	0.13	0.177083333333	0.0	0.0	0.163461538462	0.0	0.0	0.0	0.0	0.115789473684	0.0	0.0	0.0	0.181818181818	0.0	0.0
60	0	0.129310344828	0.0	0.0	0.0	0.0	0.0	0.23	0.0	0.201923076923	0.163043478261	0.0	0.29347826087	0.287037037037	0.0	0.0	0.157303370787	0.0	0.222222222222	0.0	0.0
61	0	0.0	0.0	0.0	0.2	0.163043478261	0.0	0.0	0.0	0.0	0.0	0.0	0.0	0.0	0.0	0.0	0.134831460674	0.225490196078	0.0	0.287037037037	0.0
62	0	0.183673469388	0.216216216216	0.188679245283	0.0	0.0	0.0	0.233644859813	0.0	0.0	0.0	0.101123595506	0.0	0.0	0.140625	0.0	0.148514851485	0.0	0.0	0.255555555556	0.0
63	0	0.0	0.0	0.0	0.269662921348	0.131313131313	0.0	0.0	0.0	0.0	0.0	0.0	0.0	0.0	0.0	0.0	0.054347826087	0.37962962963	0.0	0.242105263158	0.0
64	0	0.145631067961	0.0	0.0	0.0	0.0776699029126	0.108910891089	0.0	0.0	0.122222222222	0.0	0.0	0.0	0.0	0.0674157303371	0.0	0.0	0.0	0.163265306122	0.0	0.0
65	0	0.0869565217391	0.0	0.0	0.0	0.0721649484536	0.145631067961	0.0	0.0	0.168421052632	0.0	0.0	0.0	0.0	0.0833333333333	0.0	0.0	0.0	0.142857142857	0.0	0.0
66	0	0.178947368421	0.0	0.0	0.0	0.0	0.0	0.230769230769	0.0	0.114583333333	0.168539325843	0.0	0.336633663366	0.256880733945	0.0	0.0	0.152173913043	0.0	0.20652173913	0.0	0.0
67	0	0.142857142857	0.0	0.0	0.0	0.179487179487	0.188888888889	0.0	0.0	0.118181818182	0.0	0.0	0.0	0.0	0.149425287356	0.0	0.0	0.0	0.133333333333	0.0	0.0
68	0	0.182692307692	0.0	0.0	0.0	0.0	0.0	0.18	0.0	0.132075471698	0.116504854369	0.0	0.345454545455	0.348314606742	0.0	0.0	0.184466019417	0.0	0.228260869565	0.0	0.0
69	0	0.0	0.0	0.0	0.3125	0.121212121212	0.0	0.0	0.0	0.0	0.0	0.0	0.0	0.0	0.0	0.0	0.0361445783133	0.233333333333	0.0	0.20202020202	0.0
70	0	0.0	0.0	0.0	0.321100917431	0.12037037037	0.0	0.0	0.0	0.0	0.0	0.0	0.0	0.0	0.0	0.0	0.132653061224	0.265306122449	0.0	0.175257731959	0.0
71	0	0.142857142857	0.0	0.0	0.0	0.0900900900901	0.190476190476	0.0	0.0	0.105263157895	0.0	0.0	0.0	0.0	0.134615384615	0.0	0.0	0.0	0.142857142857	0.0	0.0
72	0	0.181818181818	0.0	0.0	0.0	0.118811881188	0.184210526316	0.0	0.0	0.140495867769	0.0	0.0	0.0	0.0	0.0787401574803	0.0	0.0	0.0	0.11320754717	0.0	0.0
73	0	0.12037037037	0.0	0.0	0.0	0.0769230769231	0.112359550562	0.0	0.0	0.103773584906	0.0	0.0	0.0	0.0	0.181818181818	0.0	0.0	0.0	0.224719101124	0.0	0.0
74	0	0.146788990826	0.0	0.0	0.0	0.0	0.0	0.224489795918	0.0	0.128712871287	0.147727272727	0.0	0.368932038835	0.316326530612	0.0	0.0	0.115789473684	0.0	0.235849056604	0.0	0.0
75	0	0.533980582524	0.426666666667	0.190082644628	0.452830188679	0.395348837209	0.354166666667	0.473684210526	0.219047619048	0.281553398058	0.103448275862	0.409638554217	0.236363636364	0.545454545455	0.333333333333	0.278350515464	0.481927710843	0.268817204301	0.316666666667	0.57	0.0
76	0	0.0	0.114285714286	0.134615384615	0.0	0.163043478261	0.0	0.0	0.0	0.107438016529	0.0	0.0	0.0	0.0	0.0	0.0	0.0	0.252173913043	0.0909090909091	0.0	0.245454545455
77	0	0.180952380952	0.0	0.0	0.0	0.13	0.18	0.0	0.0	0.126315789474	0.0	0.0	0.0	0.0	0.0916666666667	0.0	0.0	0.0	0.244444444444	0.0	0.0
78	0	0.0	0.0	0.0918367346939	0.0	0.0	0.0	0.0	0.0967741935484	0.0	0.0841121495327	0.106382978723	0.151515151515	0.0	0.0	0.0	0.0	0.0	0.0	0.0	0.0
79	0	0.0	0.0	0.113402061856	0.0	0.0	0.0	0.0	0.0873786407767	0.0	0.0795454545455	0.0675675675676	0.142857142857	0.0	0.0	0.0	0.0	0.0	0.0	0.0	0.0
80	0	0.0	0.0	0.0608695652174	0.0	0.0	0.0	0.0	0.127450980392	0.0	0.0897435897436	0.142857142857	0.247619047619	0.0	0.0	0.0	0.0	0.0	0.0	0.0	0.0
81	0	0.164948453608	0.0	0.0	0.0	0.121739130435	0.273684210526	0.0	0.0	0.106382978723	0.0	0.0	0.0	0.0	0.0816326530612	0.0	0.0	0.0	0.0744680851064	0.0	0.0
82	0	0.0	0.0	0.0	0.0	0.0	0.0	0.0	0.0	0.0	0.148514851485	0.0	0.0	0.0	0.0	0.247311827957	0.0	0.0	0.0	0.0	0.0
83	0	0.0	0.0	0.114583333333	0.0	0.0	0.0	0.0	0.122448979592	0.0	0.0842105263158	0.1	0.166666666667	0.0	0.0	0.0	0.0	0.0	0.0	0.0	0.0
84	0	0.148514851485	0.0	0.0	0.0	0.12037037037	0.183673469388	0.0	0.0	0.141414141414	0.0	0.0	0.0	0.0	0.178571428571	0.0	0.0	0.0	0.2	0.0	0.0
85	0	0.0	0.0	0.0	0.349593495935	0.154761904762	0.0	0.0	0.0	0.0	0.0	0.0	0.0	0.0	0.0	0.0	0.151785714286	0.288659793814	0.0	0.216216216216	0.0
86	0	0.0526315789474	0.0	0.0	0.0	0.125	0.224299065421	0.0	0.0	0.116071428571	0.0	0.0	0.0	0.0	0.11	0.0	0.0	0.0	0.141414141414	0.0	0.0
87	0	0.0	0.0	0.135922330097	0.0	0.0	0.0	0.0	0.14606741573	0.0	0.123595505618	0.153153153153	0.148936170213	0.0	0.0	0.0	0.0	0.0	0.0	0.0	0.0
88	0	0.0754716981132	0.0	0.0	0.0	0.08	0.165137614679	0.0	0.0	0.177083333333	0.0	0.0	0.0	0.0	0.104347826087	0.0	0.0	0.0	0.192660550459	0.0	0.0
89	0	0.0	0.0	0.0	0.298969072165	0.159090909091	0.0	0.0	0.0	0.0	0.0	0.0	0.0	0.0	0.0	0.0	0.11320754717	0.264150943396	0.0	0.192771084337	0.0
90	0	0.0	0.0	0.0816326530612	0.0	0.0	0.0	0.0	0.0777777777778	0.0	0.0444444444444	0.14953271028	0.247311827957	0.0	0.0	0.0	0.0	0.0	0.0	0.0	0.0
91	0	0.0	0.0	0.122222222222	0.0	0.0	0.0	0.0	0.0752688172043	0.0	0.0196078431373	0.09	0.235849056604	0.0	0.0	0.0	0.0	0.0	0.0	0.0	0.0
92	0	0.0	0.0	0.0	0.236559139785	0.114583333333	0.0	0.0	0.0	0.0	0.0	0.0	0.0	0.0	0.0	0.0	0.0612244897959	0.307692307692	0.0	0.188118811881	0.0
93	0	0.0	0.0	0.0693069306931	0.0	0.0	0.0	0.0	0.0810810810811	0.0	0.0840336134454	0.111111111111	0.21	0.0	0.0	0.0	0.0	0.0	0.0	0.0	0.0
94	0	0.247706422018	0.146788990826	0.181818181818	0.0	0.0	0.0	0.221238938053	0.0	0.0	0.0	0.170731707317	0.0	0.0	0.134146341463	0.0	0.11320754717	0.0	0.0	0.216216216216	0.0
95	0	0.165217391304	0.231578947368	0.196078431373	0.0	0.0	0.0	0.302325581395	0.0	0.0	0.0	0.0869565217391	0.0	0.0	0.163636363636	0.0	0.173469387755	0.0	0.0	0.27619047619	0.0
96	0	0.0	0.0	0.0	0.302325581395	0.15652173913	0.0	0.0	0.0	0.0	0.0	0.0	0.0	0.0	0.0	0.0	0.122222222222	0.220183486239	0.0	0.205128205128	0.0
97	0	0.0	0.0	0.0	0.30701754386	0.122641509434	0.0	0.0	0.0	0.0	0.0	0.0	0.0	0.0	0.0	0.0	0.138613861386	0.214285714286	0.0	0.179245283019	0.0
98	0	0.192307692308	0.0	0.0	0.0	0.141414141414	0.120879120879	0.0	0.0	0.0833333333333	0.0	0.0	0.0	0.0	0.140350877193	0.0	0.0	0.0	0.0625	0.0	0.0
99	0	0.0	0.0	0.0	0.282608695652	0.0989010989011	0.0	0.0	0.0	0.0	0.0	0.0	0.0	0.0	0.0	0.0	0.164556962025	0.241379310345	0.0	0.227722772277	0.0
