#chr	normal	sample0	sample1	sample2	sample3	sample4	sample5	sample6	sample7	sample8	sample9	sample10	sample11	sample12	sample13	sample14
0	0	0.181148601573	0.202837893018	0.146133549827	0.0	0.0	0.0	0.0	0.0	0.0	0.0	0.0	0.0	0.0	0.148783131343	0.0
1	0	0.0	0.0	0.0	0.13634573735	0.0	0.137229480403	0.0	0.152838864454	0.0	0.0	0.136669970268	0.0	0.133493686109	0.147162230035	0.0
2	0	0.174124417105	0.208572290975	0.146519404195	0.0	0.0	0.0	0.0	0.0	0.0	0.0	0.0	0.0	0.0	0.145619335347	0.0
3	0	0.184049694419	0.202507329896	0.147966201611	0.0	0.0	0.0	0.0	0.0	0.0	0.0	0.0	0.0	0.0	0.140775255279	0.0
4	0	0.18264977885	0.0	0.0	0.144934705184	0.0	0.0	0.0	0.0	0.0	0.0	0.138899881282	0.0	0.136264173463	0.0	0.0
5	0	0.0	0.0	0.0	0.0	0.0	0.11696024157	0.0	0.113580246914	0.0	0.164194065758	0.0	0.0	0.0	0.0	0.127492806826
6	0	0.182601723792	0.0	0.15396904643	0.411770613639	0.0	0.287290022263	0.0	0.143465346535	0.206858737912	0.0	0.401056724155	0.0	0.393559753352	0.145676029397	0.0
7	0	0.189524945339	0.0	0.0	0.144120862737	0.0	0.0	0.0	0.0	0.0	0.0	0.141053897015	0.0	0.139532600157	0.0	0.0
8	0	0.127948463826	0.0	0.0	0.0	0.225783972125	0.105688622754	0.165982580839	0.0	0.0	0.0	0.0930209470863	0.171529968454	0.0	0.0	0.114107883817
9	0	0.194645006017	0.0	0.0	0.141929772794	0.0	0.0	0.0	0.0	0.0	0.0	0.136139589905	0.0	0.135662795354	0.0	0.0
10	0	0.188175270108	0.211836449065	0.146341463415	0.0	0.0	0.0	0.0	0.0	0.0	0.0	0.0	0.0	0.0	0.1492992078	0.0
11	0	0.186235223402	0.496888274227	0.357501723968	0.0890648193963	0.0	0.0	0.326406840326	0.117071695069	0.301505506719	0.167846813603	0.0	0.328301509547	0.0980786641183	0.359556177529	0.126631981938
12	0	0.190364874479	0.500101419878	0.35477776673	0.0889155902673	0.0	0.0	0.338624863578	0.110036878302	0.299370062994	0.15368608799	0.0	0.324376199616	0.103691038922	0.350319116604	0.11281434726
13	0	0.182178610368	0.212623912604	0.146059438077	0.0	0.0	0.0	0.0	0.0	0.0	0.0	0.0	0.0	0.0	0.143971985993	0.0
14	0	0.177355822644	0.207764847512	0.148490945674	0.0	0.0	0.0	0.0	0.0	0.0	0.0	0.0	0.0	0.0	0.146232944433	0.0
15	0	0.181700259429	0.505639476334	0.35920221169	0.0867856062897	0.0	0.0	0.333467782596	0.116467876115	0.296527428284	0.159983961508	0.0	0.323926985693	0.102199223803	0.360578371322	0.110513739546
16	0	0.184684684685	0.199783698751	0.152906110283	0.0	0.0	0.0	0.0	0.0	0.0	0.0	0.0	0.0	0.0	0.14402309147	0.0
17	0	0.0	0.0	0.0	0.0	0.0	0.118400158793	0.0	0.111997606463	0.0	0.165988194586	0.0	0.0	0.0	0.0	0.131410581903
18	0	0.19129473261	0.200396039604	0.149823677582	0.0	0.0	0.0	0.0	0.0	0.0	0.0	0.0	0.0	0.0	0.146576567624	0.0
19	0	0.18540058157	0.212456747405	0.146729522687	0.0	0.0	0.0	0.0	0.0	0.0	0.0	0.0	0.0	0.0	0.146256123163	0.0
20	0	0.0	0.159569113057	0.116791230693	0.0	0.0	0.0	0.181662640902	0.115185898085	0.15901165687	0.163322915616	0.0	0.0	0.0969049737961	0.109517601043	0.0
21	0	0.177632231815	0.504051043144	0.355145746579	0.087841191067	0.0	0.0	0.33717693837	0.11685940353	0.301051577366	0.157899990019	0.0	0.323650205349	0.10331152092	0.352423343225	0.115775697171
22	0	0.180019782394	0.502134418743	0.359841348537	0.0890560063329	0.0	0.0	0.326606054551	0.109050816879	0.298315558656	0.16282155982	0.0	0.32864222002	0.10667752443	0.353480949531	0.116207342553
23	0	0.182619896948	0.204160860044	0.142601253856	0.0	0.0	0.0	0.0	0.0	0.0	0.0	0.0	0.0	0.0	0.14251639833	0.0
24	0	0.18520012098	0.200422790417	0.146040588938	0.0	0.0	0.0	0.0	0.0	0.0	0.0	0.0	0.0	0.0	0.145556895858	0.0
25	0	0.186410459588	0.497280419017	0.351337657073	0.0872292463001	0.0	0.0	0.327373308308	0.114126582278	0.295213298618	0.160887378835	0.0	0.32812033071	0.101079489696	0.351538230284	0.115017579106
26	0	0.0	0.3	0.209432616889	0.0865488996349	0.0	0.0	0.327028372325	0.110080645161	0.297246434231	0.161287099031	0.0	0.15928216567	0.100968594071	0.207662082515	0.0
27	0	0.178932612396	0.208045631942	0.15141955836	0.0	0.0	0.0	0.0	0.0	0.0	0.0	0.0	0.0	0.0	0.146437594745	0.0
28	0	0.177847588164	0.203318652054	0.150259584665	0.0	0.0	0.0	0.0	0.0	0.0	0.0	0.0	0.0	0.0	0.148328267477	0.0
29	0	0.0	0.290855636659	0.20817022985	0.0761809045226	0.0	0.0	0.339695041906	0.116352201258	0.297133789547	0.157615230461	0.0	0.150945324476	0.105840143512	0.211513518907	0.0
30	0	0.183215130024	0.499141153885	0.360580290145	0.0825833250915	0.0	0.0	0.331072187911	0.108270676692	0.292692814432	0.163963963964	0.0	0.324205914567	0.102920584117	0.347929936306	0.113777777778
31	0	0.0	0.289384246301	0.205326205326	0.0887609815208	0.0	0.0	0.334370296036	0.111797528896	0.29485771343	0.164212678937	0.0	0.156990106925	0.105047065892	0.207391784674	0.0
32	0	0.194494314782	0.0	0.0	0.143254796699	0.0	0.0	0.0	0.0	0.0	0.0	0.138217069758	0.0	0.135923309788	0.0	0.0
33	0	0.178660049628	0.204556662393	0.146199980336	0.0	0.0	0.0	0.0	0.0	0.0	0.0	0.0	0.0	0.0	0.147260946397	0.0
34	0	0.189143594324	0.0	0.0	0.136304586789	0.0	0.0	0.0	0.0	0.0	0.0	0.135075598278	0.0	0.134466458815	0.0	0.0
35	0	0.0	0.0	0.0	0.0	0.0	0.118076384723	0.0	0.113984483788	0.0	0.169581130541	0.0	0.0	0.0	0.0	0.134253197704
36	0	0.0	0.0	0.0	0.0	0.0	0.117700453858	0.0	0.110001976675	0.0	0.161924727962	0.0	0.0	0.0	0.0	0.129482071713
37	0	0.191896795001	0.0	0.0	0.141830522008	0.0	0.0	0.0	0.0	0.0	0.0	0.146453546454	0.0	0.133468972533	0.0	0.0
38	0	0.181538461538	0.202206978825	0.14827279026	0.0	0.0	0.0	0.0	0.0	0.0	0.0	0.0	0.0	0.0	0.147677212655	0.0
39	0	0.189431303473	0.0	0.141735413975	0.418029517351	0.0	0.286623570363	0.0	0.155564459581	0.20780381255	0.0	0.404491017964	0.0	0.39810330912	0.1500150015	0.0
40	0	0.184054623958	0.199352029969	0.150642312324	0.0	0.0	0.0	0.0	0.0	0.0	0.0	0.0	0.0	0.0	0.150405283699	0.0
41	0	0.181454436331	0.208461614857	0.143808387994	0.0	0.0	0.0	0.0	0.0	0.0	0.0	0.0	0.0	0.0	0.141639935846	0.0
42	0	0.18774980016	0.0	0.0	0.147661852338	0.0	0.0	0.0	0.0	0.0	0.0	0.134572640938	0.0	0.145012737605	0.0	0.0
43	0	0.0	0.0	0.0	0.0	0.0	0.108719702303	0.0	0.11653034434	0.0	0.164966828399	0.0	0.0	0.0	0.0	0.131130928253
44	0	0.127566132162	0.0	0.0	0.0	0.224888618874	0.10130558555	0.163852532721	0.0	0.0	0.0	0.0880408653846	0.175800926859	0.0	0.0	0.112580775444
45	0	0.19175644954	0.0	0.0	0.14298752662	0.0	0.0	0.0	0.0	0.0	0.0	0.139186507937	0.0	0.137037037037	0.0	0.0
46	0	0.19085285468	0.0	0.0	0.149112187248	0.0	0.0	0.0	0.0	0.0	0.0	0.139321999799	0.0	0.135481288773	0.0	0.0
47	0	0.180888714117	0.0	0.0	0.14223964616	0.0	0.0	0.0	0.0	0.0	0.0	0.137626642592	0.0	0.1415237902	0.0	0.0
48	0	0.0	0.284570742445	0.19921204162	0.0865935834255	0.0	0.0	0.330591775326	0.108740946522	0.3	0.164287150613	0.0	0.159979889392	0.101814516129	0.210688694268	0.0
49	0	0.0	0.0	0.0	0.0	0.0	0.1150255947	0.0	0.11638452237	0.0	0.170028237192	0.0	0.0	0.0	0.0	0.131697096678
50	0	0.182001410864	0.209584470731	0.148497766951	0.0	0.0	0.0	0.0	0.0	0.0	0.0	0.0	0.0	0.0	0.152273178479	0.0
51	0	0.190598459411	0.20507378209	0.150453051877	0.0	0.0	0.0	0.0	0.0	0.0	0.0	0.0	0.0	0.0	0.147829606395	0.0
52	0	0.0	0.288072312832	0.211129130347	0.0843313373253	0.0	0.0	0.338945900169	0.116369047619	0.303734107518	0.158608905418	0.0	0.157900040306	0.0975367500993	0.200773379465	0.0
53	0	0.181854396972	0.211665004985	0.14849794032	0.0	0.0	0.0	0.0	0.0	0.0	0.0	0.0	0.0	0.0	0.148837667455	0.0
54	0	0.0	0.0	0.0	0.0	0.277453740949	0.0	0.0	0.127745098039	0.0	0.176180408739	0.0	0.0	0.0	0.0	0.143784880771
55	0	0.18365106298	0.0	0.0	0.141737750446	0.0	0.0	0.0	0.0	0.0	0.0	0.139353288617	0.0	0.141224817079	0.0	0.0
56	0	0.185617394774	0.0	0.146836970733	0.401573235089	0.0	0.284853870458	0.0	0.14857606162	0.200180072029	0.0	0.406745833749	0.0	0.393899204244	0.145800473186	0.0
57	0	0.185071675729	0.0	0.0	0.143013862571	0.0	0.0	0.0	0.0	0.0	0.0	0.135216952573	0.0	0.136822958771	0.0	0.0
58	0	0.191381369427	0.0	0.147120681022	0.419047619048	0.0	0.278066840104	0.0	0.140763945028	0.203753351206	0.0	0.410893071686	0.0	0.392544080605	0.142715165971	0.0
59	0	0.0	0.0	0.0	0.0	0.0	0.114302932905	0.0	0.113283612175	0.0	0.164718920008	0.0	0.0	0.0	0.0	0.126805143422
60	0	0.187468621348	0.0	0.14305920388	0.41427424212	0.0	0.287172440868	0.0	0.155468906219	0.202650748685	0.0	0.411231884058	0.0	0.398178725108	0.138816186833	0.0
61	0	0.132853338594	0.0	0.0	0.0	0.223002810116	0.100424757282	0.160708921598	0.0	0.0	0.0	0.0916911243801	0.166766526862	0.0	0.0	0.115349773528
62	0	0.0	0.0	0.0	0.0	0.0	0.119673617407	0.0	0.118301812451	0.0	0.165753561112	0.0	0.0	0.0	0.0	0.131813576494
63	0	0.126608592358	0.0	0.0	0.0	0.231271647699	0.101708462384	0.167514716153	0.0	0.0	0.0	0.0962017744991	0.17161880155	0.0	0.0	0.119749153892
64	0	0.0	0.0	0.0	0.0	0.0	0.115979638686	0.0	0.114695705272	0.0	0.170099467497	0.0	0.0	0.0	0.0	0.125857441098
65	0	0.0	0.290637450199	0.207239459029	0.0931664680175	0.0	0.0	0.336779162866	0.112864321608	0.302990635384	0.153185903262	0.0	0.157436399217	0.0979575649415	0.211521152115	0.0
66	0	0.0	0.0	0.0	0.0	0.0	0.118022798742	0.0	0.117882517762	0.0	0.169847912626	0.0	0.0	0.0	0.0	0.132756132756
67	0	0.0	0.0	0.0	0.0	0.0	0.109914443885	0.0	0.117747784045	0.0	0.16401370139	0.0	0.0	0.0	0.0	0.133688763706
68	0	0.0	0.0	0.0	0.0	0.277407812345	0.0	0.0	0.122162485066	0.0	0.176820657656	0.0	0.0	0.0	0.0	0.139223032932
69	0	0.127158399042	0.0	0.0	0.0	0.224034587796	0.102814070352	0.168678304239	0.0	0.0	0.0	0.0978513063654	0.170529470529	0.0	0.0	0.117493995196
70	0	0.192814015639	0.216652008209	0.147293788696	0.0	0.0	0.0	0.0	0.0	0.0	0.0	0.0	0.0	0.0	0.149881046788	0.0
71	0	0.0	0.0	0.0	0.133962072812	0.0	0.149964961458	0.0	0.144245368964	0.0	0.0	0.135394984637	0.0	0.134530938124	0.145748586169	0.0
72	0	0.180945716285	0.206090158225	0.144779116466	0.0	0.0	0.0	0.0	0.0	0.0	0.0	0.0	0.0	0.0	0.143481282891	0.0
73	0	0.0	0.0	0.0	0.0	0.0	0.115533498759	0.0	0.112648221344	0.0	0.163213228539	0.0	0.0	0.0	0.0	0.133087796138
74	0	0.186892220421	0.210536858974	0.153010366826	0.0	0.0	0.0	0.0	0.0	0.0	0.0	0.0	0.0	0.0	0.157687383039	0.0
75	0	0.17579540878	0.503169572108	0.357810945274	0.0913903316021	0.0	0.0	0.329979077414	0.111301715439	0.298334324807	0.154319180088	0.0	0.32339427119	0.0992943047411	0.351528384279	0.109444830668
76	0	0.189418094859	0.0	0.0	0.13840967678	0.0	0.0	0.0	0.0	0.0	0.0	0.139982243267	0.0	0.133913391339	0.0	0.0
77	0	0.0	0.0	0.0	0.0	0.276248623761	0.0	0.0	0.13225290116	0.0	0.177406443866	0.0	0.0	0.0	0.0	0.140679485902
78	0	0.193855302279	0.0	0.0	0.141033373542	0.0	0.0	0.0	0.0	0.0	0.0	0.138814150473	0.0	0.12821797055	0.0	0.0
79	0	0.0	0.286804042005	0.213464039212	0.0849934928421	0.0	0.0	0.335955391815	0.111819812637	0.295055979392	0.154865466316	0.0	0.155242134333	0.101846216271	0.199640107968	0.0
80	0	0.186327888687	0.0	0.0	0.137467904405	0.0	0.0	0.0	0.0	0.0	0.0	0.136643495531	0.0	0.137459807074	0.0	0.0
81	0	0.0	0.0	0.0	0.0	0.0	0.114773748876	0.0	0.118369793227	0.0	0.176848229511	0.0	0.0	0.0	0.0	0.123706160185
82	0	0.178949470741	0.211748223757	0.147835693482	0.0	0.0	0.0	0.0	0.0	0.0	0.0	0.0	0.0	0.0	0.143046088107	0.0
83	0	0.183867992211	0.499070177156	0.348935740946	0.0836184342926	0.0	0.0	0.333466294376	0.113734988394	0.297622630153	0.157534246575	0.0	0.337179487179	0.104759112675	0.353278358809	0.116933036617
84	0	0.127208480565	0.0	0.0	0.0	0.226856049159	0.0990603758497	0.172637461331	0.0	0.0	0.0	0.0944928684628	0.163869693978	0.0	0.0	0.111491590291
85	0	0.184459257785	0.209512578616	0.150809716599	0.0	0.0	0.0	0.0	0.0	0.0	0.0	0.0	0.0	0.0	0.146538955268	0.0
86	0	0.130140396296	0.0	0.0	0.0	0.222757858793	0.0989467287827	0.171374007438	0.0	0.0	0.0	0.0923448345237	0.167557932264	0.0	0.0	0.112646649433
87	0	0.186991869919	0.0	0.0	0.142913854704	0.0	0.0	0.0	0.0	0.0	0.0	0.138258677526	0.0	0.138805371818	0.0	0.0
88	0	0.0	0.0	0.0	0.0	0.283506686478	0.0	0.0	0.125250903252	0.0	0.173441199684	0.0	0.0	0.0	0.0	0.142521074299
89	0	0.125547154795	0.0	0.0	0.0	0.226467940382	0.10138294697	0.156753530933	0.0	0.0	0.0	0.0965468639887	0.172930064309	0.0	0.0	0.117087339744
90	0	0.19303192025	0.0	0.0	0.149954650811	0.0	0.0	0.0	0.0	0.0	0.0	0.144911392405	0.0	0.133340042266	0.0	0.0
91	0	0.181782217387	0.489624505929	0.360878243513	0.0872283417684	0.0	0.0	0.339202116833	0.112877263581	0.297863962988	0.158766362555	0.0	0.331517972076	0.1047307349	0.359679037111	0.115076182839
92	0	0.181781821818	0.212293853073	0.145934676859	0.0	0.0	0.0	0.0	0.0	0.0	0.0	0.0	0.0	0.0	0.147208628783	0.0
93	0	0.0	0.0	0.0	0.0	0.271780115102	0.0	0.0	0.124570273003	0.0	0.171391879878	0.0	0.0	0.0	0.0	0.143216586151
94	0	0.184363709354	0.203049203049	0.149282200582	0.0	0.0	0.0	0.0	0.0	0.0	0.0	0.0	0.0	0.0	0.142842852856	0.0
95	0	0.189727673208	0.207798716921	0.147889432192	0.0	0.0	0.0	0.0	0.0	0.0	0.0	0.0	0.0	0.0	0.148492111045	0.0
96	0	0.185582365207	0.202406227884	0.151548896538	0.0	0.0	0.0	0.0	0.0	0.0	0.0	0.0	0.0	0.0	0.143328335832	0.0
97	0	0.19089176447	0.0	0.148398146282	0.409283532078	0.0	0.281127721481	0.0	0.1468029138	0.203899105618	0.0	0.406518878429	0.0	0.392474205948	0.148025987006	0.0
98	0	0.194466640032	0.0	0.0	0.146363728573	0.0	0.0	0.0	0.0	0.0	0.0	0.136980947728	0.0	0.13544291041	0.0	0.0
99	0	0.185439144903	0.205629239648	0.14915797915	0.0	0.0	0.0	0.0	0.0	0.0	0.0	0.0	0.0	0.0	0.140737810306	0.0
