gene_id	sample0	sample0	sample1	sample1	sample2	sample2	sample3	sample3	sample4	sample4	sample5	sample5	sample6	sample6	sample7	sample7	sample8	sample8	sample9	sample9	sample10	sample10	sample11	sample11	sample12	sample12	sample13	sample13	sample14	sample14	sample15	sample15	sample16	sample16	sample17	sample17	sample18	sample18	sample19	sample19
0	100	0	87	14	103	0	89	0	91	0	104	0	113	0	94	0	113	0	79	23	69	10	109	14	110	0	88	0	102	0	103	0	108	0	114	0	103	0	81	26
1	94	0	74	23	85	0	99	0	106	0	84	14	96	0	93	15	73	19	65	33	77	25	85	17	101	0	83	0	96	0	83	22	101	0	123	0	108	0	82	15
2	89	0	70	18	83	0	102	0	95	0	86	10	74	20	92	10	65	31	97	25	56	40	88	37	99	0	103	11	108	0	60	33	107	0	91	0	106	0	90	17
3	89	0	78	17	92	0	82	0	93	0	90	22	108	0	72	18	87	12	79	32	65	33	107	11	91	0	87	0	113	0	72	23	91	0	109	0	107	0	86	15
4	75	0	81	21	102	0	91	0	94	0	98	12	103	0	86	12	86	22	73	21	67	27	81	10	103	0	84	0	99	0	67	24	106	0	95	0	96	0	68	15
5	75	20	78	30	82	25	86	15	75	29	76	11	98	0	80	18	109	0	69	25	102	0	87	13	66	27	71	28	57	62	90	0	72	36	57	31	56	55	85	13
6	102	0	75	0	97	0	98	0	84	0	92	0	85	12	87	7	100	0	97	0	108	13	120	0	99	0	81	15	107	0	84	9	78	11	73	15	91	0	91	0
7	103	0	93	28	103	0	98	0	113	0	109	0	96	0	93	0	121	0	54	28	104	14	88	11	107	0	104	0	103	0	113	0	92	0	86	0	75	0	64	22
8	84	19	87	20	93	24	69	28	98	0	91	35	62	30	78	17	55	45	82	20	62	41	81	25	101	0	69	19	98	0	47	41	98	0	112	0	109	0	77	23
9	87	22	97	24	89	22	75	26	104	0	60	30	68	25	90	17	45	48	73	25	43	40	84	27	106	0	86	16	83	0	63	43	102	0	95	0	100	0	86	20
10	58	24	93	40	67	24	76	16	68	24	84	23	102	0	66	38	90	0	98	15	96	0	90	6	74	32	67	27	56	43	106	0	69	54	76	32	46	62	79	13
11	110	0	88	25	114	0	94	0	106	0	73	25	95	0	82	17	62	12	58	31	75	36	93	17	88	0	88	0	98	0	78	21	96	0	83	0	98	0	92	19
12	108	0	76	16	106	0	100	0	120	0	83	0	93	0	106	0	93	0	59	21	96	18	81	12	105	0	101	0	118	0	101	0	103	0	93	0	83	0	77	25
13	103	0	92	0	97	0	94	0	103	0	85	0	74	10	72	5	109	0	97	0	81	10	104	0	90	0	104	12	106	0	81	18	101	8	63	13	98	0	91	0
14	61	30	74	33	76	20	71	17	84	21	76	21	97	0	69	23	94	0	71	32	105	0	68	15	84	27	71	21	50	55	103	0	63	33	67	31	63	52	92	16
15	86	19	82	31	82	16	73	38	104	0	77	32	64	44	93	13	46	42	84	22	63	38	68	31	106	0	93	14	108	0	55	39	89	0	95	0	96	0	73	14
16	97	0	91	0	97	0	103	0	93	0	112	0	87	13	100	15	128	0	100	0	88	11	103	0	96	0	86	10	99	0	80	12	101	7	97	18	97	0	93	0
17	116	0	79	19	100	0	103	0	96	0	88	15	100	0	68	10	98	23	75	28	63	31	86	10	115	0	94	0	82	0	87	13	99	0	101	0	110	0	86	18
18	89	11	87	0	94	15	85	20	93	0	82	10	111	0	93	0	94	0	96	0	98	0	112	0	94	0	102	0	103	0	90	0	98	11	101	0	99	0	106	0
19	103	0	82	0	109	0	116	0	92	0	97	0	89	9	93	5	99	0	91	0	76	11	105	0	106	0	95	12	101	0	78	5	71	13	78	19	118	0	84	0
20	96	0	86	19	103	0	100	0	86	0	113	0	113	0	101	0	100	0	69	22	90	11	87	16	104	0	117	0	90	0	90	0	97	0	101	0	102	0	82	17
21	105	0	82	10	118	0	103	0	118	0	100	0	104	0	90	0	97	0	67	25	95	18	99	11	110	0	93	0	103	0	105	0	87	0	107	0	91	0	76	20
22	75	19	61	36	70	28	61	20	75	40	95	19	97	0	80	27	98	0	67	30	86	0	79	13	70	25	77	32	55	44	114	0	61	43	47	33	50	44	79	20
23	87	0	81	20	104	0	106	0	93	0	87	14	105	0	87	7	72	21	67	26	68	34	79	15	105	0	103	0	87	0	93	24	97	0	108	0	93	0	98	16
24	109	0	94	0	90	0	107	0	116	0	101	0	95	13	88	14	97	0	93	0	89	9	98	0	102	0	86	25	105	0	77	13	100	14	99	12	122	0	100	0
25	89	0	85	23	108	0	94	0	92	0	69	16	108	0	76	20	99	12	67	23	65	22	90	11	110	0	87	0	95	0	75	19	102	0	93	0	106	0	64	24
26	70	21	88	24	90	22	58	25	101	0	53	33	64	39	80	19	47	61	78	32	77	51	79	33	95	0	77	13	100	0	62	49	98	0	89	0	101	0	87	13
27	103	0	73	21	105	0	106	0	80	0	90	12	95	0	74	16	103	19	84	33	68	23	89	18	117	0	103	0	105	0	80	26	116	0	109	0	105	0	86	22
28	64	16	75	24	62	18	78	34	90	0	78	28	51	45	76	15	53	52	101	38	53	46	89	28	103	0	79	13	93	0	61	48	107	0	97	0	101	0	87	25
29	99	0	86	8	91	0	90	0	101	0	97	12	110	0	104	0	100	0	102	0	107	0	90	0	109	0	91	7	70	19	81	0	99	0	99	0	68	22	75	12
30	80	25	74	31	83	31	79	14	73	27	79	14	95	0	77	20	87	0	75	25	110	0	86	14	64	29	64	28	59	53	101	0	61	39	65	40	57	57	108	13
31	114	0	97	0	100	0	108	0	97	0	96	0	92	7	83	6	89	0	110	0	84	7	101	0	90	0	81	13	91	0	85	18	92	6	87	4	95	0	94	0
32	78	15	87	25	79	19	65	36	101	0	65	33	66	32	85	16	45	43	78	26	63	34	72	33	94	0	84	22	88	0	64	28	103	0	92	0	121	0	98	31
33	111	0	76	18	99	0	112	0	107	0	80	15	90	0	89	21	84	18	90	29	56	25	88	15	120	0	70	0	101	0	77	24	96	0	97	0	98	0	60	23
34	71	30	78	27	89	25	95	11	81	21	89	19	98	0	89	24	112	0	70	20	106	0	94	8	79	27	92	23	58	49	98	0	59	35	59	34	54	50	96	23
35	75	22	71	29	83	20	63	18	67	26	81	14	108	0	70	30	98	0	64	22	115	0	101	11	74	26	81	19	51	53	91	0	46	39	68	39	49	47	93	11
36	88	19	81	12	83	17	67	33	87	0	64	31	57	40	73	15	47	48	87	21	48	35	73	36	101	0	78	13	89	0	61	31	104	0	95	0	95	0	74	17
37	120	0	92	19	98	0	114	0	99	0	77	24	103	0	84	17	76	24	72	23	68	18	95	17	112	0	117	0	99	0	61	17	100	0	81	0	88	0	68	19
38	59	25	57	22	75	24	84	20	61	32	68	22	103	0	79	24	106	0	86	25	96	0	80	13	76	34	71	25	56	52	119	0	56	33	46	28	53	55	87	13
39	91	13	77	21	80	17	72	37	86	0	55	30	60	44	75	19	36	40	61	29	59	27	67	20	90	0	87	15	89	0	57	34	108	0	83	0	98	0	84	25
40	84	22	77	29	59	29	75	24	63	26	91	11	82	0	75	16	94	0	69	22	98	0	99	14	70	25	68	24	42	54	95	0	53	44	67	37	51	50	78	14
41	96	0	74	22	117	0	109	0	96	0	78	22	106	0	89	8	82	17	72	35	95	23	89	11	104	0	91	0	109	0	74	27	110	0	89	0	90	0	82	28
42	79	17	71	25	77	28	66	30	118	0	76	21	57	42	98	11	59	51	72	21	61	52	60	24	118	0	90	14	110	0	41	40	98	0	117	0	101	0	84	18
43	104	12	106	0	102	0	100	0	98	0	119	0	99	0	84	15	87	0	80	27	93	0	85	13	135	0	90	11	78	29	102	0	77	14	91	18	90	0	91	0
44	76	18	86	19	71	27	61	34	97	0	69	22	69	26	74	17	54	45	62	29	63	46	70	17	120	0	91	16	112	0	61	29	105	0	107	0	76	0	97	15
45	88	27	81	18	91	27	69	38	105	0	58	31	60	35	76	21	54	63	74	34	55	42	83	31	91	0	92	13	114	0	49	42	120	0	89	0	104	0	70	24
46	77	22	83	25	75	33	88	27	71	30	89	21	95	0	60	22	112	0	63	28	113	0	83	14	66	28	86	20	60	44	106	0	68	40	61	32	51	52	86	11
47	98	0	118	0	86	0	94	0	97	0	85	0	87	11	87	10	104	0	112	0	108	10	109	0	108	0	79	10	122	0	79	13	87	14	90	11	84	0	114	0
48	102	0	79	14	100	0	106	0	97	0	102	14	89	31	101	12	81	29	72	33	47	49	82	18	105	0	83	16	109	0	63	37	102	0	99	0	100	0	62	20
49	76	19	96	0	105	0	82	0	114	0	87	0	115	0	76	11	107	0	60	21	84	0	102	14	93	0	87	19	77	28	100	0	82	6	69	15	114	0	111	0
50	105	0	85	16	114	0	117	0	97	0	81	12	109	23	94	13	74	28	81	22	51	51	80	25	120	0	93	11	107	0	66	40	81	0	101	0	96	0	81	11
51	110	0	83	15	96	0	112	0	96	0	82	13	112	0	83	17	93	11	62	20	77	34	84	14	95	0	94	0	106	0	93	19	82	0	101	0	97	0	90	26
52	114	0	95	15	84	0	85	0	126	0	93	15	93	20	102	12	77	35	75	33	52	48	55	30	104	0	87	19	111	0	63	35	101	0	104	0	96	0	88	15
53	107	8	97	0	109	9	81	13	97	0	100	7	98	0	96	0	91	0	102	0	105	0	103	0	88	0	92	0	96	0	106	0	101	9	78	0	116	0	98	0
54	99	0	84	32	105	0	113	0	91	0	87	16	103	0	108	26	91	12	82	23	69	25	85	8	85	0	95	0	99	0	91	20	107	0	89	0	104	0	65	20
55	86	0	108	0	110	0	105	0	103	0	93	0	71	8	78	11	112	0	109	0	84	7	109	0	101	0	100	8	105	0	98	5	104	23	90	14	118	0	106	0
56	84	0	95	30	111	0	80	0	119	0	79	16	98	17	81	23	79	37	86	25	64	50	64	21	91	0	81	20	115	0	66	46	97	0	97	0	113	0	88	24
57	86	0	80	22	114	0	79	0	120	0	82	20	119	0	82	17	91	13	75	23	66	33	69	21	105	0	106	0	107	0	84	28	103	0	93	0	123	0	78	22
58	96	0	110	0	96	0	80	0	102	0	94	0	88	19	94	10	93	0	108	0	85	7	92	0	113	0	96	9	115	0	76	9	89	11	85	14	99	0	101	0
59	127	0	85	0	99	0	112	0	107	0	102	0	85	12	83	12	107	0	93	0	78	7	97	0	94	0	85	5	98	0	93	11	92	16	91	12	99	0	96	0
60	94	0	81	22	86	0	112	0	100	0	93	14	97	0	88	14	96	18	80	29	80	31	92	11	77	0	109	0	95	0	66	17	102	0	99	0	89	0	82	27
61	96	0	73	15	103	0	112	0	103	0	86	22	76	15	86	13	74	22	70	28	56	42	64	28	98	0	81	16	106	0	63	50	97	0	104	0	98	0	72	21
62	115	0	79	24	95	0	92	0	116	0	86	11	93	0	102	13	82	16	70	22	68	24	86	12	90	0	112	0	110	0	83	17	82	0	102	0	91	0	72	29
63	104	0	92	22	105	0	113	0	108	0	79	9	80	18	98	13	73	26	76	18	61	51	80	25	105	0	94	14	92	0	62	41	104	0	101	0	103	0	84	20
64	93	0	65	17	86	0	108	0	101	0	99	11	81	17	87	19	85	26	74	25	68	38	56	37	118	0	104	16	95	0	58	29	93	0	92	0	102	0	92	19
65	90	15	97	0	91	0	103	0	94	0	101	0	101	0	114	17	86	0	86	26	106	0	73	14	98	0	69	14	76	38	83	0	92	13	63	26	119	0	100	0
66	85	29	74	33	76	25	78	11	77	31	84	16	118	0	72	27	97	0	84	21	114	0	80	7	63	29	78	19	50	60	101	0	56	55	51	27	58	44	93	11
67	80	11	101	0	89	6	97	23	132	0	87	5	101	0	87	0	109	0	111	0	119	0	100	0	85	0	97	0	98	0	98	0	88	8	107	0	94	0	113	0
68	90	0	96	24	104	0	87	0	106	0	81	16	87	15	83	15	76	35	77	30	59	32	69	28	101	0	89	17	95	0	61	30	95	0	100	0	96	0	81	17
69	87	10	114	0	105	0	122	0	95	0	107	0	104	0	73	15	116	0	77	20	104	0	91	16	111	0	98	18	76	29	88	0	91	14	92	15	98	0	90	0
70	96	16	112	0	94	0	94	0	94	0	105	0	100	0	74	14	109	0	89	24	91	0	72	16	105	0	71	16	81	29	80	0	83	18	78	24	102	0	95	0
71	96	13	108	0	100	0	104	0	94	0	100	0	89	0	100	6	87	0	82	21	87	0	86	12	102	0	82	18	60	27	95	0	78	25	74	19	95	0	86	0
72	100	0	101	24	99	0	103	0	110	0	100	16	110	0	83	14	85	14	72	29	73	24	86	12	111	0	132	0	111	0	85	16	99	0	83	0	85	0	78	22
73	79	10	91	24	69	20	48	21	82	0	64	38	60	37	81	10	56	51	61	22	57	45	76	29	94	0	92	14	93	0	56	42	106	0	97	0	84	0	80	11
74	87	0	98	0	107	0	109	0	130	0	110	0	105	16	108	13	100	0	101	0	93	8	87	0	107	0	96	14	92	0	95	10	92	9	87	11	99	0	79	0
75	104	0	78	23	98	0	99	0	95	0	106	0	114	0	105	0	95	0	81	18	81	10	85	5	103	0	104	0	80	0	97	0	100	0	119	0	98	0	80	30
76	96	0	97	7	87	0	110	0	85	0	100	4	109	0	87	0	120	0	88	0	101	0	101	0	101	0	76	11	79	23	100	0	101	0	98	0	75	17	78	12
77	92	0	104	0	100	0	109	0	97	0	105	0	79	7	82	5	100	0	109	0	113	7	91	0	95	0	87	13	93	0	96	12	95	17	80	18	104	0	100	0
78	97	8	87	14	65	26	66	27	111	0	67	29	67	37	80	22	45	44	79	28	65	38	80	30	102	0	77	15	98	0	72	50	103	0	102	0	84	0	88	25
79	105	0	69	24	109	0	118	0	91	0	85	16	114	0	77	13	91	16	79	23	71	32	73	13	106	0	95	0	111	0	76	11	91	0	104	0	106	0	85	15
80	89	7	103	0	80	11	72	14	77	0	83	10	106	0	96	0	95	0	120	0	104	0	101	0	112	0	77	0	99	0	113	0	99	11	100	0	118	0	92	0
81	77	14	117	0	100	0	112	0	101	0	105	0	93	0	76	9	97	0	73	19	94	0	88	9	97	0	92	12	69	37	87	0	73	18	75	20	108	0	91	0
82	97	0	69	12	116	0	99	0	109	0	83	14	105	0	80	0	101	0	100	0	103	0	94	0	89	0	98	12	87	26	119	0	96	0	92	0	68	18	89	10
83	69	25	82	30	89	32	71	30	106	0	63	37	53	48	80	16	59	45	89	23	75	32	72	39	97	0	78	18	102	0	55	35	96	0	104	0	108	0	82	19
84	81	20	91	26	70	16	91	21	75	31	83	16	90	0	76	26	104	0	84	33	116	0	69	7	66	21	68	29	42	61	82	0	66	31	79	25	47	53	94	14
85	79	29	74	22	71	28	67	17	86	31	86	17	86	0	80	20	95	0	89	23	109	0	67	10	82	23	83	18	51	46	91	0	55	38	61	33	45	41	78	15
86	90	13	104	0	92	0	86	0	112	0	105	0	94	0	101	14	90	0	78	23	95	0	83	13	100	0	96	15	66	36	99	0	99	12	86	15	100	0	87	0
87	110	0	98	18	98	0	103	0	84	0	82	16	93	18	79	10	65	29	84	33	63	40	78	25	95	0	69	9	111	0	52	39	127	0	103	0	86	0	81	19
88	89	4	103	0	109	0	86	0	88	0	97	0	103	0	88	11	83	0	70	28	95	0	95	14	92	0	77	22	64	27	113	0	85	14	77	17	108	0	101	0
89	85	19	73	17	78	20	55	35	100	0	71	32	48	38	73	17	42	47	70	25	72	38	65	29	117	0	97	11	107	0	61	32	109	0	90	0	90	0	76	23
90	74	40	95	32	88	29	65	26	82	22	66	34	44	37	96	18	39	52	87	30	69	40	61	29	80	24	78	13	100	0	62	32	125	0	97	0	110	0	63	31
91	105	0	90	17	97	0	105	0	109	0	88	27	100	0	99	7	79	22	69	26	80	22	77	15	100	0	110	0	100	0	88	18	111	0	86	0	89	0	79	15
92	84	14	92	0	96	0	100	0	88	0	108	0	101	0	99	8	101	0	79	22	100	0	83	16	82	0	89	20	83	34	118	0	72	15	72	14	108	0	78	0
93	97	0	70	21	107	0	85	0	102	0	88	15	91	0	92	13	84	14	70	26	80	26	66	12	110	0	93	0	128	0	83	16	104	0	115	0	103	0	69	21
94	90	19	85	18	80	19	83	31	93	0	71	30	65	35	82	13	54	44	73	28	58	39	81	29	99	0	80	17	92	0	62	29	99	0	101	0	98	0	79	21
95	83	0	86	15	113	0	104	0	91	0	92	20	83	24	76	20	74	24	65	27	59	35	72	21	97	0	79	15	124	0	71	27	99	0	107	0	102	0	91	27
96	103	7	98	0	98	0	109	0	91	0	100	0	106	0	93	18	103	0	78	35	102	0	76	8	92	0	79	20	52	39	104	0	86	12	84	13	104	0	99	0
97	82	14	102	0	103	0	96	0	68	0	111	0	103	0	85	15	90	0	77	21	112	0	75	10	104	0	77	18	76	31	106	0	92	19	79	17	88	0	88	0
98	96	0	65	22	93	0	106	0	114	0	82	16	83	0	80	12	78	23	76	20	74	17	94	11	104	0	119	0	98	0	69	21	100	0	94	0	114	0	105	27
99	87	0	72	21	78	0	88	0	116	0	89	0	95	0	105	0	90	0	75	28	78	13	95	17	102	0	106	0	72	0	131	0	83	0	91	0	104	0	65	32
