Chromosome	Position	Change	Gene	sample0	sample1	sample2	sample3	sample4	sample5	sample6	sample7	sample8	sample9
1	0	C>A	1	86	96	95	111	86	95	93	97	91	108
1	1	C>A	1	92	100	100	118	115	109	90	101	87	97
1	2	C>T	1	116	92	111	112	96	98	96	91	79	118
1	3	T>C	1	101	108	117	101	108	98	88	98	86	96
1	4	G>T	1	96	104	98	102	101	93	100	111	104	112
1	5	C>A	1	104	104	91	82	107	92	105	107	95	97
1	6	C>A	1	104	92	97	107	99	94	117	114	96	86
1	7	A>C	1	104	92	76	101	103	113	100	107	86	88
1	8	G>A	1	102	94	109	99	113	91	94	97	86	104
1	9	A>C	1	108	100	112	102	97	91	102	95	105	103
1	10	C>T	1	85	105	101	110	94	90	93	116	98	96
1	11	A>T	1	101	104	96	85	105	102	90	115	99	121
1	12	C>T	1	91	92	105	87	101	113	88	98	102	99
1	13	C>A	1	106	102	93	101	104	88	93	94	108	95
1	14	C>T	1	83	81	105	102	92	104	106	103	108	81
1	15	T>C	1	91	82	96	117	109	94	91	100	110	111
1	16	T>G	1	106	97	112	102	106	106	106	89	109	77
1	17	T>A	1	97	101	88	88	98	110	89	94	101	96
1	18	C>G	1	85	114	100	96	88	99	111	102	97	104
1	19	A>T	1	93	105	104	93	94	78	89	92	100	105
1	20	T>A	1	105	103	121	90	111	98	97	115	108	98
1	21	C>G	1	84	97	124	96	107	80	96	98	108	96
1	22	G>A	1	93	99	108	101	107	116	99	97	112	103
1	23	T>G	1	105	100	103	105	113	94	113	115	110	100
1	24	A>C	1	92	96	94	128	101	114	107	91	114	102
1	25	A>G	1	117	93	92	106	110	84	88	109	105	103
1	26	T>C	1	120	112	123	95	97	80	99	112	111	94
1	27	T>G	1	101	113	93	92	105	95	83	109	85	88
1	28	A>G	1	82	74	105	102	98	101	89	103	101	75
1	29	C>T	1	88	119	95	84	112	92	111	93	93	114
1	30	A>G	1	92	108	84	109	110	97	104	110	99	101
1	31	G>T	1	108	94	107	100	91	99	81	94	95	110
1	32	C>A	1	98	86	106	95	88	113	86	107	86	74
1	33	C>A	1	90	88	94	111	103	90	101	94	87	98
1	34	G>A	1	85	90	98	102	78	89	100	78	98	75
1	35	C>A	1	101	116	112	106	100	98	112	88	101	85
1	36	T>A	1	106	94	100	98	87	102	110	89	97	112
1	37	T>G	1	84	87	81	85	106	88	93	92	96	109
1	38	C>A	1	113	98	106	109	107	87	93	99	101	93
1	39	A>C	1	97	114	106	107	93	86	92	93	110	97
1	40	G>A	1	82	107	102	99	112	86	99	111	88	118
1	41	T>A	1	101	109	96	91	104	90	102	95	99	89
1	42	A>G	1	111	97	100	107	91	99	112	104	99	73
1	43	G>C	1	99	94	102	96	106	106	94	114	107	96
1	44	C>T	1	118	104	104	95	105	91	121	116	100	87
1	45	T>G	1	104	108	91	100	95	117	101	98	97	113
1	46	T>G	1	101	93	85	91	100	113	100	103	106	101
1	47	A>C	1	95	112	104	117	98	105	107	123	97	83
1	48	A>T	1	126	99	106	95	96	95	93	90	97	113
1	49	A>C	1	87	102	89	94	84	95	97	100	103	108
1	50	G>T	1	104	130	109	80	101	101	106	88	90	99
1	51	C>A	1	102	111	106	102	96	91	104	103	90	94
1	52	G>A	1	113	92	120	103	94	85	92	110	103	88
1	53	G>C	1	115	90	103	108	113	112	88	108	97	80
1	54	T>C	1	100	107	93	91	103	111	96	99	88	103
1	55	C>A	1	104	98	96	110	114	93	104	100	91	90
1	56	G>T	1	119	116	109	97	101	84	105	89	98	84
1	57	A>T	1	105	102	93	102	91	113	97	118	111	111
1	58	T>C	1	101	111	101	87	93	98	95	102	94	120
1	59	G>T	1	101	104	97	102	91	97	84	116	106	92
1	60	T>C	1	97	101	108	91	105	94	84	94	90	88
1	61	C>T	1	109	109	106	103	103	98	87	104	105	85
1	62	T>G	1	92	94	111	92	87	90	86	89	92	89
1	63	T>A	1	104	107	104	86	100	112	108	108	105	104
1	64	C>G	1	119	87	94	107	88	104	103	82	94	85
1	65	C>G	1	103	110	82	100	90	106	100	118	105	114
1	66	C>A	1	100	97	106	95	92	98	79	101	93	98
1	67	G>T	1	99	82	108	109	89	103	94	93	93	99
1	68	A>G	1	92	111	97	106	104	102	108	117	96	103
1	69	A>G	1	100	104	82	109	86	79	97	93	102	108
1	70	A>T	1	102	111	111	90	85	98	109	93	91	123
1	71	A>T	1	113	112	104	107	100	111	89	97	95	114
1	72	T>C	1	113	99	106	92	112	102	94	108	80	94
1	73	G>C	1	109	95	99	105	104	110	122	116	102	93
1	74	C>A	1	107	90	94	94	115	96	88	95	97	125
1	75	A>C	1	89	119	89	107	100	105	89	99	101	109
1	76	G>A	1	96	119	89	113	105	102	119	100	95	92
1	77	T>G	1	116	95	94	98	86	91	106	99	107	100
1	78	C>T	1	87	89	114	105	113	93	112	109	97	105
1	79	T>A	1	118	107	106	83	103	97	108	98	90	109
1	80	G>C	1	102	93	88	96	108	97	99	111	98	115
1	81	C>T	1	112	87	100	95	76	103	105	103	110	118
1	82	C>A	1	119	95	112	93	119	102	112	87	91	102
1	83	A>T	1	86	90	94	109	92	106	70	108	110	98
1	84	C>T	1	90	115	92	116	109	103	98	108	104	99
1	85	A>C	1	101	105	118	106	82	88	104	104	92	107
1	86	T>C	1	75	111	94	97	110	74	100	102	114	102
1	87	C>G	1	106	91	107	96	112	98	104	109	91	103
1	88	G>C	1	106	102	92	90	100	92	95	104	108	104
1	89	T>G	1	104	115	110	90	89	108	89	93	96	104
1	90	G>A	1	100	96	113	90	102	105	104	101	84	90
1	91	G>T	1	90	97	89	106	102	97	77	91	100	110
1	92	G>T	1	104	97	119	90	98	81	109	106	96	96
1	93	G>T	1	94	100	108	98	95	114	116	120	99	106
1	94	G>A	1	99	117	98	105	89	114	116	97	106	87
1	95	C>G	1	93	92	98	90	82	95	93	94	83	98
1	96	C>T	1	111	95	106	87	94	95	104	98	99	94
1	97	T>C	1	109	105	109	81	98	116	116	105	103	86
1	98	G>T	1	96	111	111	105	104	98	116	110	107	97
1	99	A>T	1	95	97	104	97	88	84	100	104	93	113
