Chromosome	Position	Change	Gene	sample0	sample1	sample2	sample3	sample4	sample5	sample6	sample7	sample8	sample9
1	0	T>A	1	9918	9985	9932	10138	10012	10097	9996	10154	10012	10071
1	1	G>A	1	10036	10071	9845	9965	9985	9955	9985	9834	10084	9925
1	2	G>A	1	10106	10099	9779	9896	10004	10002	9962	10009	10053	9907
1	3	T>G	1	9829	9800	9807	9976	9915	10022	9855	9948	10004	9976
1	4	G>T	1	10041	10051	10028	9955	9978	9998	10062	9875	10003	10040
1	5	G>A	1	10077	9945	10023	10133	9963	10329	10097	10171	9995	9860
1	6	G>C	1	10013	10061	10120	9860	10023	10095	10023	9927	10037	10143
1	7	C>A	1	10180	10088	9873	10054	10042	10014	10050	10043	10024	9835
1	8	T>C	1	10049	10025	10143	9902	9804	10022	9952	9991	9872	9872
1	9	G>A	1	9762	9994	9929	9745	9887	9965	10056	9937	9938	10105
1	10	C>A	1	10073	9964	9871	9722	10048	9939	9863	10018	10108	9965
1	11	T>A	1	10038	10013	9859	9798	9944	10183	9967	10066	10166	9971
1	12	A>C	1	10234	9919	9912	9990	9700	9841	9964	10020	10103	9906
1	13	A>G	1	10054	10118	10137	10218	9926	10052	9875	10176	10191	9962
1	14	C>A	1	10068	9983	9983	10170	9988	9991	10039	9953	9909	10050
1	15	C>A	1	10060	9899	10009	10148	9914	9817	9974	9867	10081	10113
1	16	A>G	1	10087	9990	10048	9879	9962	10225	9959	10199	9983	9936
1	17	T>G	1	10079	10011	10272	9950	10015	9877	10181	10040	9878	9839
1	18	T>G	1	10124	9859	9927	9985	10178	9894	10038	10181	9956	10038
1	19	C>A	1	9991	9961	9978	10032	10031	10232	10103	10055	9880	9754
1	20	A>C	1	10204	10076	9918	10031	10020	10196	9917	9703	9946	10144
1	21	C>T	1	10059	10050	10199	10137	10049	10024	9956	9965	9811	10061
1	22	T>A	1	9896	10048	10002	10107	10081	9995	9993	9921	10054	9983
1	23	T>A	1	10108	9963	9989	9807	9806	9976	10004	9760	9849	9916
1	24	T>C	1	10090	10023	10138	10037	10067	9890	9936	10087	9940	10097
1	25	A>T	1	10065	10086	10075	9985	9977	9947	9825	9877	9902	9871
1	26	A>C	1	9971	10186	9997	10196	10101	9919	9915	10115	10083	9822
1	27	T>C	1	9951	10151	9910	10054	9975	10109	9877	9871	10085	10107
1	28	T>A	1	10011	9841	10143	10103	10228	10037	10071	9985	9962	10119
1	29	G>T	1	9964	10051	9892	10052	10034	10038	9782	9993	9849	9878
1	30	A>C	1	10268	9950	9999	10020	10037	9967	10105	10135	9998	10069
1	31	A>G	1	10280	10173	10165	10017	10141	9880	10108	9935	9941	10001
1	32	G>T	1	10131	10059	9918	9779	10025	10017	10146	9924	10051	9991
1	33	G>A	1	9964	9942	9947	10049	10064	10124	10107	10014	10034	10265
1	34	A>C	1	9924	9931	9922	10165	9901	9967	9966	9970	9992	10079
1	35	C>A	1	10236	9890	10013	9842	9860	9973	9915	9931	10032	10001
1	36	C>G	1	9911	10155	9894	10060	10083	9871	9973	9920	10029	10198
1	37	T>G	1	9887	10014	10090	10124	9893	10086	10029	9808	10016	9885
1	38	G>A	1	9988	9987	9971	10003	9955	9723	9958	9777	10023	9926
1	39	C>G	1	9957	9866	10028	9925	9977	9928	10120	9956	9959	9975
1	40	T>A	1	10026	10151	9926	10079	9787	10095	9901	10102	9867	9845
1	41	T>G	1	10080	9969	10044	10009	9929	9882	9955	10121	9909	10008
1	42	T>A	1	9954	10116	10101	10032	9858	10078	9882	9892	10036	10020
1	43	T>A	1	9723	10038	9950	10133	10069	10071	10024	10017	9960	10127
1	44	G>A	1	10074	9911	10023	9931	9923	9973	10029	9985	9991	10017
1	45	T>G	1	9928	9827	9964	10074	10017	10014	9948	10013	9684	9937
1	46	G>T	1	9929	9875	10097	10047	10008	9968	9693	9950	9955	9873
1	47	C>A	1	10127	10028	9927	9839	9933	10010	9880	10085	9780	9939
1	48	A>G	1	10114	9935	10025	9868	10002	9891	9901	10105	9891	10085
1	49	G>T	1	10083	10027	10087	10037	9835	9945	10115	9961	10064	9992
1	50	G>A	1	9906	10064	9922	9997	10044	9893	9777	10003	10046	10050
1	51	C>G	1	9870	9958	10116	10086	9992	9994	9956	10145	9975	9994
1	52	T>C	1	10022	10071	10002	10026	10138	10131	10140	9939	9890	9862
1	53	C>G	1	10058	10073	10067	10122	10174	9943	10058	10165	10045	9991
1	54	C>T	1	10028	10062	10119	9896	9956	9971	9964	10007	9945	9943
1	55	T>A	1	10089	10018	9892	9992	9979	10062	10027	10127	10020	10007
1	56	C>A	1	10001	10016	9927	10101	10057	9822	9972	10031	10131	9945
1	57	G>T	1	9863	10055	10042	9944	10059	10093	10025	9900	10083	9772
1	58	A>G	1	10072	10043	10013	10078	10022	9864	9830	10080	10016	9819
1	59	T>A	1	10030	10032	9973	10012	9887	10151	10036	10063	10248	9784
1	60	G>A	1	10029	9927	10057	9913	10028	10126	10171	9989	10056	10089
1	61	A>C	1	9985	10135	9963	9919	9989	10154	10061	9965	9923	9848
1	62	G>T	1	9997	9964	10092	9903	10023	10009	9999	10101	9912	10058
1	63	G>C	1	10022	10175	10182	9852	9835	10008	9809	9952	9893	9978
1	64	C>G	1	10027	10033	10049	10054	10125	9941	10138	9962	10013	9861
1	65	T>A	1	9923	9832	9914	10093	10009	9991	9892	10008	9794	9943
1	66	C>A	1	10049	10114	9940	10142	9821	10042	9834	10140	10002	10116
1	67	T>C	1	9891	10049	10139	10187	9953	9900	9971	9879	9998	9743
1	68	T>G	1	10054	10005	9974	9863	10042	10169	9932	9908	9972	9882
1	69	G>C	1	9834	9875	9883	9954	10093	10247	10057	10071	9977	10032
1	70	G>T	1	10049	10113	10162	10190	9993	10097	9929	9879	9944	9968
1	71	G>C	1	9946	10018	10109	9949	10148	9798	9902	9785	10119	9982
1	72	T>A	1	10096	10134	10077	10009	10135	10052	10104	9905	10137	10208
1	73	A>T	1	9968	10001	9976	9932	10096	10131	9973	9916	9939	10055
1	74	A>T	1	10108	9859	10057	10084	10089	10059	9903	9949	10107	9997
1	75	C>A	1	10090	9893	9983	10075	10121	9799	9908	10010	9935	10059
1	76	G>T	1	9927	10135	9965	10064	10047	10023	10009	10129	9987	10156
1	77	T>A	1	9943	9756	9910	10059	9975	10031	10097	9949	10055	9847
1	78	T>C	1	9862	10005	10004	9960	10072	9957	10027	10085	10275	9895
1	79	T>C	1	10102	10115	9980	9899	10096	9967	9984	10047	10070	10042
1	80	A>G	1	10200	10207	10012	10029	10066	9944	10026	9836	10024	9971
1	81	A>T	1	9945	10082	9909	9952	10031	10115	9995	10087	9992	9826
1	82	T>G	1	10162	10075	9985	9942	10035	9916	10021	10082	9965	9876
1	83	T>G	1	10176	9998	9830	9756	9994	9980	10058	9907	10059	10076
1	84	C>T	1	10112	10026	10064	10068	9955	9987	9893	9977	9922	9943
1	85	G>A	1	9942	9813	9738	9997	10097	10090	10090	9962	9875	10035
1	86	G>C	1	10005	9983	10004	9979	9829	10058	10037	10054	9982	10044
1	87	G>A	1	9849	9715	9978	9902	9938	9854	10017	10055	9947	9791
1	88	T>A	1	10151	10001	9974	9966	9877	9992	9924	9998	10003	10014
1	89	C>A	1	10000	10124	9984	10008	10126	9702	9813	10137	9947	10070
1	90	G>T	1	10052	10077	9931	10060	9944	9875	10083	9812	9939	9940
1	91	C>A	1	10113	9996	10101	10015	10071	10015	9958	9872	10000	9975
1	92	T>C	1	10101	9892	10127	10073	10197	10091	9983	10160	9914	10006
1	93	C>A	1	9862	9952	10055	9868	10043	9993	10038	10125	9788	9892
1	94	C>A	1	10065	10060	9763	10042	9940	9923	10007	9882	9973	9963
1	95	G>C	1	9865	9924	10147	9867	9914	9954	9963	9997	10104	10091
1	96	C>T	1	10012	10064	9968	9842	10190	9929	9958	9938	10086	10069
1	97	A>G	1	10050	10007	9951	10015	9886	9857	10138	10081	10214	9927
1	98	G>C	1	10019	10022	10012	9821	9826	9996	9852	9825	10048	10006
1	99	A>T	1	9865	10196	9940	9898	10063	10009	9892	9880	9863	9962
