#chr	position	description	normal	sample0	sample1	sample2	sample3	sample4	sample5	sample6	sample7	sample8	sample9	sample10	sample11	sample12	sample13	sample14	sample15	sample16	sample17	sample18	sample19
1	1	1	0	0.0	0.18085106383	0.266666666667	0.122448979592	0.0	0.182692307692	0.223300970874	0.182608695652	0.156862745098	0.0	0.15306122449	0.0	0.0	0.151515151515	0.0	0.18	0.311926605505	0.175675675676	0.178947368421	0.126436781609
2	1	1	0	0.516483516484	0.554545454545	0.491379310345	0.511111111111	0.558823529412	0.539325842697	0.478260869565	0.512195121951	0.494623655914	0.482352941176	0.414414414414	0.43119266055	0.471698113208	0.5875	0.527777777778	0.472440944882	0.604395604396	0.447368421053	0.5	0.54
3	1	1	0	0.0	0.300970873786	0.0	0.114583333333	0.0	0.0	0.351063829787	0.196428571429	0.171428571429	0.0	0.0	0.0	0.0	0.0	0.0	0.198113207547	0.0	0.131578947368	0.145833333333	0.0
4	1	1	0	0.0	0.114285714286	0.144329896907	0.156862745098	0.0	0.121212121212	0.261363636364	0.25	0.221238938053	0.0	0.171428571429	0.0	0.0	0.164948453608	0.0	0.162393162393	0.328	0.281818181818	0.136363636364	0.145454545455
5	1	1	0	0.0	0.240740740741	0.0	0.1	0.0	0.0	0.223404255319	0.201754385965	0.158415841584	0.0	0.0	0.0	0.0	0.0	0.0	0.204081632653	0.0	0.10843373494	0.177570093458	0.0
6	1	1	0	0.0	0.287128712871	0.181818181818	0.20987654321	0.0	0.0816326530612	0.282608695652	0.121495327103	0.139784946237	0.0	0.230158730159	0.0	0.0	0.1875	0.0	0.205882352941	0.309734513274	0.357142857143	0.212121212121	0.142857142857
7	1	1	0	0.0	0.0	0.224719101124	0.0	0.2	0.0	0.0	0.0	0.0	0.0	0.0	0.207920792079	0.0	0.0	0.0	0.0	0.0	0.0	0.0	0.0
8	1	1	0	0.0	0.0	0.0	0.0	0.0	0.0	0.29347826087	0.0	0.191919191919	0.0	0.130434782609	0.0	0.0	0.112068965517	0.0	0.247524752475	0.0	0.166666666667	0.0	0.101123595506
9	1	1	0	0.208791208791	0.268518518519	0.273684210526	0.188888888889	0.239316239316	0.0823529411765	0.280991735537	0.125	0.348214285714	0.279661016949	0.197916666667	0.525773195876	0.254237288136	0.202380952381	0.185567010309	0.158878504673	0.0	0.101123595506	0.146666666667	0.283185840708
10	1	1	0	0.24347826087	0.320388349515	0.21568627451	0.157407407407	0.21875	0.0652173913043	0.287128712871	0.136842105263	0.3125	0.353535353535	0.122222222222	0.485436893204	0.252747252747	0.298076923077	0.25	0.15306122449	0.0	0.113924050633	0.169811320755	0.159574468085
11	1	1	0	0.0	0.231578947368	0.0	0.144144144144	0.0	0.0	0.255555555556	0.244680851064	0.207547169811	0.0	0.0	0.0	0.0	0.0	0.0	0.182795698925	0.0	0.110169491525	0.133333333333	0.0
12	1	1	0	0.0	0.0	0.0	0.0	0.0	0.205882352941	0.0	0.0	0.0	0.0	0.0	0.0	0.205882352941	0.0	0.0	0.0	0.0	0.0	0.0	0.0
13	1	1	0	0.0	0.0	0.0	0.0	0.0	0.0	0.165048543689	0.0	0.177570093458	0.0	0.152941176471	0.0	0.0	0.142857142857	0.0	0.130952380952	0.0	0.121212121212	0.0	0.135135135135
14	1	1	0	0.0	0.0	0.0	0.122222222222	0.128712871287	0.0	0.0	0.222222222222	0.0	0.0	0.0	0.0	0.0	0.0	0.271604938272	0.0	0.0	0.0	0.0	0.0
15	1	1	0	0.326530612245	0.20202020202	0.274336283186	0.0533333333333	0.204918032787	0.10101010101	0.214285714286	0.125	0.333333333333	0.39	0.106382978723	0.475247524752	0.258426966292	0.329268292683	0.0957446808511	0.14	0.0	0.172043010753	0.0882352941176	0.185185185185
16	1	1	0	0.0	0.0	0.0	0.0	0.0	0.0	0.222222222222	0.0	0.163043478261	0.0	0.110091743119	0.0	0.0	0.105263157895	0.0	0.159574468085	0.0	0.0857142857143	0.0	0.14
17	1	1	0	0.0	0.223214285714	0.195652173913	0.0810810810811	0.0	0.126213592233	0.239583333333	0.233333333333	0.107843137255	0.0	0.113402061856	0.0	0.0	0.145631067961	0.0	0.204545454545	0.357142857143	0.241758241758	0.231481481481	0.166666666667
18	1	1	0	0.0	0.0	0.136842105263	0.113043478261	0.0	0.115789473684	0.0	0.115789473684	0.133333333333	0.13829787234	0.0	0.0	0.0	0.0	0.295454545455	0.0	0.0	0.0	0.125	0.104651162791
19	1	1	0	0.504761904762	0.537735849057	0.5	0.556701030928	0.466019417476	0.490909090909	0.422680412371	0.544642857143	0.540816326531	0.460784313725	0.521276595745	0.449541284404	0.407407407407	0.515463917526	0.487394957983	0.540540540541	0.522522522523	0.557692307692	0.563636363636	0.524752475248
20	1	1	0	0.0	0.0	0.0	0.0	0.0	0.0	0.235294117647	0.0	0.175925925926	0.0	0.154761904762	0.0	0.0	0.173076923077	0.0	0.111111111111	0.0	0.0925925925926	0.0	0.108108108108
21	1	1	0	0.276422764228	0.236842105263	0.357142857143	0.0776699029126	0.16	0.0857142857143	0.257142857143	0.12389380531	0.290697674419	0.207547169811	0.156626506024	0.467391304348	0.198113207547	0.176470588235	0.223404255319	0.206611570248	0.0	0.194174757282	0.0879120879121	0.148648648649
22	1	1	0	0.191919191919	0.207920792079	0.260416666667	0.422222222222	0.163793103448	0.269230769231	0.186046511628	0.366666666667	0.16049382716	0.21	0.303571428571	0.0	0.0	0.109090909091	0.228571428571	0.184782608696	0.330275229358	0.41935483871	0.377358490566	0.266666666667
23	1	1	0	0.0	0.0	0.0	0.0	0.0	0.0	0.198113207547	0.0	0.225806451613	0.0	0.137096774194	0.0	0.0	0.0947368421053	0.0	0.157894736842	0.0	0.0849056603774	0.0	0.141414141414
24	1	1	0	0.0	0.327102803738	0.185185185185	0.163461538462	0.0	0.13	0.275510204082	0.207547169811	0.155555555556	0.0	0.234693877551	0.0	0.0	0.152173913043	0.0	0.281818181818	0.339622641509	0.27380952381	0.188118811881	0.104651162791
25	1	1	0	0.0	0.269565217391	0.233333333333	0.133928571429	0.0	0.102040816327	0.323232323232	0.215053763441	0.147058823529	0.0	0.168831168831	0.0	0.0	0.134146341463	0.0	0.135135135135	0.32380952381	0.313131313131	0.161290322581	0.16
26	1	1	0	0.0	0.247191011236	0.192660550459	0.100917431193	0.0	0.126050420168	0.306666666667	0.263157894737	0.121212121212	0.0	0.196261682243	0.0	0.0	0.12037037037	0.0	0.16	0.346153846154	0.283018867925	0.274509803922	0.230769230769
27	1	1	0	0.0	0.0	0.138613861386	0.0714285714286	0.0	0.11	0.0	0.111111111111	0.17	0.102040816327	0.0	0.0	0.0	0.0	0.233644859813	0.0	0.0	0.0	0.127118644068	0.101123595506
28	1	1	0	0.236559139785	0.190476190476	0.191780821918	0.463917525773	0.110169491525	0.141414141414	0.282608695652	0.390804597701	0.240384615385	0.189189189189	0.41	0.0	0.0	0.133333333333	0.244680851064	0.182692307692	0.353535353535	0.442105263158	0.4	0.24347826087
29	1	1	0	0.0	0.0	0.0	0.0	0.0	0.151162790698	0.0	0.0	0.0	0.0	0.0	0.0	0.152380952381	0.0	0.0	0.0	0.0	0.0	0.0	0.0
30	1	1	0	0.0	0.0	0.0	0.0	0.0	0.0	0.297872340426	0.0	0.2	0.0	0.185567010309	0.0	0.0	0.0957446808511	0.0	0.228813559322	0.0	0.06	0.0	0.14606741573
31	1	1	0	0.0	0.0	0.0	0.0	0.0	0.0	0.285714285714	0.0	0.177777777778	0.0	0.142857142857	0.0	0.0	0.13	0.0	0.0555555555556	0.0	0.0666666666667	0.0	0.0824742268041
32	1	1	0	0.51724137931	0.47311827957	0.537190082645	0.488888888889	0.55	0.547368421053	0.495327102804	0.5	0.467289719626	0.427083333333	0.52380952381	0.495495495495	0.417582417582	0.489130434783	0.509803921569	0.459770114943	0.413461538462	0.428571428571	0.535714285714	0.481481481481
33	1	1	0	0.388888888889	0.5	0.551020408163	0.518867924528	0.478260869565	0.450980392157	0.528301886792	0.46017699115	0.410256410256	0.408602150538	0.45045045045	0.5	0.433962264151	0.514285714286	0.409090909091	0.540983606557	0.520325203252	0.52	0.515463917526	0.518072289157
34	1	1	0	0.263157894737	0.21359223301	0.15	0.402173913043	0.165217391304	0.185567010309	0.252336448598	0.41935483871	0.140186915888	0.15	0.380952380952	0.0	0.0	0.133333333333	0.214285714286	0.156862745098	0.356164383562	0.441666666667	0.362745098039	0.252873563218
35	1	1	0	0.0	0.0	0.0	0.0	0.0	0.0	0.22131147541	0.0	0.175257731959	0.0	0.131313131313	0.0	0.0	0.166666666667	0.0	0.151162790698	0.0	0.0714285714286	0.0	0.122222222222
36	1	1	0	0.0	0.0	0.0	0.07	0.133333333333	0.0	0.0	0.0693069306931	0.0	0.0	0.0	0.0	0.0	0.0	0.230088495575	0.0	0.0	0.0	0.0	0.0
37	1	1	0	0.0	0.0	0.0	0.0	0.0	0.0	0.252525252525	0.0	0.2	0.0	0.138613861386	0.0	0.0	0.0978260869565	0.0	0.186813186813	0.0	0.0934579439252	0.0	0.0281690140845
38	1	1	0	0.0	0.0	0.0	0.0888888888889	0.119565217391	0.0	0.0	0.161904761905	0.0	0.0	0.0	0.0	0.0	0.0	0.269565217391	0.0	0.0	0.0	0.0	0.0
39	1	1	0	0.0	0.0	0.107843137255	0.0521739130435	0.0	0.125	0.0	0.104761904762	0.141304347826	0.122222222222	0.0	0.0	0.0	0.0	0.247191011236	0.0	0.0	0.0	0.114583333333	0.129032258065
40	1	1	0	0.0	0.0	0.0	0.126213592233	0.130434782609	0.0	0.0	0.161904761905	0.0	0.0	0.0	0.0	0.0	0.0	0.322222222222	0.0	0.0	0.0	0.0	0.0
41	1	1	0	0.0	0.0	0.0	0.114285714286	0.10989010989	0.0	0.0	0.151515151515	0.0	0.0	0.0	0.0	0.0	0.0	0.230088495575	0.0	0.0	0.0	0.0	0.0
42	1	1	0	0.264462809917	0.294117647059	0.297297297297	0.0566037735849	0.23	0.15306122449	0.209523809524	0.147826086957	0.308943089431	0.29702970297	0.141592920354	0.495495495495	0.277777777778	0.287234042553	0.228571428571	0.210526315789	0.0	0.122222222222	0.138613861386	0.22641509434
43	1	1	0	0.0	0.0	0.0	0.0	0.0	0.0	0.284210526316	0.0	0.136842105263	0.0	0.13829787234	0.0	0.0	0.115789473684	0.0	0.147826086957	0.0	0.0918367346939	0.0	0.117647058824
44	1	1	0	0.0	0.0	0.0	0.0	0.0	0.11320754717	0.0	0.0	0.0	0.0	0.0	0.0	0.265306122449	0.0	0.0	0.0	0.0	0.0	0.0	0.0
45	1	1	0	0.0	0.0	0.0	0.0	0.0	0.164835164835	0.0	0.0	0.0	0.0	0.0	0.0	0.21978021978	0.0	0.0	0.0	0.0	0.0	0.0	0.0
46	1	1	0	0.0	0.285714285714	0.204301075269	0.150537634409	0.0	0.209523809524	0.288461538462	0.188235294118	0.247422680412	0.0	0.182692307692	0.0	0.0	0.137254901961	0.0	0.217821782178	0.285714285714	0.281553398058	0.197802197802	0.0927835051546
47	1	1	0	0.0	0.0	0.0	0.138613861386	0.182692307692	0.0	0.0	0.135416666667	0.0	0.0	0.0	0.0	0.0	0.0	0.259615384615	0.0	0.0	0.0	0.0	0.0
48	1	1	0	0.54954954955	0.469387755102	0.474226804124	0.468085106383	0.516949152542	0.611650485437	0.596330275229	0.572916666667	0.495798319328	0.536842105263	0.584905660377	0.568181818182	0.533898305085	0.491379310345	0.421052631579	0.518518518519	0.578313253012	0.535087719298	0.514851485149	0.560747663551
49	1	1	0	0.0	0.0	0.0	0.0978260869565	0.178861788618	0.0	0.0	0.163793103448	0.0	0.0	0.0	0.0	0.0	0.0	0.238095238095	0.0	0.0	0.0	0.0	0.0
50	1	1	0	0.0	0.0	0.0	0.0	0.0	0.0	0.224299065421	0.0	0.192307692308	0.0	0.149122807018	0.0	0.0	0.116071428571	0.0	0.192660550459	0.0	0.135416666667	0.0	0.0818181818182
51	1	1	0	0.201923076923	0.234693877551	0.214285714286	0.344827586207	0.137096774194	0.147368421053	0.318681318681	0.318181818182	0.17	0.207547169811	0.329787234043	0.0	0.0	0.154639175258	0.202127659574	0.252631578947	0.252427184466	0.317757009346	0.372340425532	0.242990654206
52	1	1	0	0.0	0.0	0.0	0.111111111111	0.222222222222	0.0	0.0	0.17	0.0	0.0	0.0	0.0	0.0	0.0	0.289473684211	0.0	0.0	0.0	0.0	0.0
53	1	1	0	0.0	0.0	0.0	0.0744680851064	0.144444444444	0.0	0.0	0.192307692308	0.0	0.0	0.0	0.0	0.0	0.0	0.341176470588	0.0	0.0	0.0	0.0	0.0
54	1	1	0	0.0	0.197802197802	0.121212121212	0.178947368421	0.0	0.116504854369	0.290909090909	0.204545454545	0.181818181818	0.0	0.149122807018	0.0	0.0	0.181818181818	0.0	0.233009708738	0.330097087379	0.306306306306	0.207547169811	0.165048543689
55	1	1	0	0.0	0.236363636364	0.222222222222	0.155963302752	0.0	0.191489361702	0.254237288136	0.218390804598	0.244680851064	0.0	0.297619047619	0.0	0.0	0.119565217391	0.0	0.105263157895	0.244680851064	0.176991150442	0.19387755102	0.127450980392
56	1	1	0	0.0	0.237113402062	0.239583333333	0.118811881188	0.0	0.176470588235	0.316326530612	0.189473684211	0.15625	0.0	0.207547169811	0.0	0.0	0.129032258065	0.0	0.224719101124	0.305882352941	0.295454545455	0.178217821782	0.205607476636
57	1	1	0	0.0	0.0	0.0	0.0	0.0	0.0	0.2	0.0	0.142857142857	0.0	0.135593220339	0.0	0.0	0.0857142857143	0.0	0.136363636364	0.0	0.126213592233	0.0	0.0989010989011
58	1	1	0	0.0	0.247311827957	0.0	0.1375	0.0	0.0	0.306306306306	0.18	0.186567164179	0.0	0.0	0.0	0.0	0.0	0.0	0.204819277108	0.0	0.161616161616	0.1875	0.0
59	1	1	0	0.0	0.0	0.121212121212	0.0927835051546	0.0	0.0787401574803	0.0	0.163043478261	0.105769230769	0.123711340206	0.0	0.0	0.0	0.0	0.260869565217	0.0	0.0	0.0	0.133928571429	0.0530973451327
60	1	1	0	0.186813186813	0.274725274725	0.204545454545	0.294736842105	0.158878504673	0.204301075269	0.19	0.4	0.182692307692	0.237113402062	0.330188679245	0.0	0.0	0.188679245283	0.213483146067	0.1	0.295918367347	0.394230769231	0.352380952381	0.292929292929
61	1	1	0	0.0	0.0	0.0	0.0	0.0	0.10843373494	0.0	0.0	0.0	0.0	0.0	0.0	0.252173913043	0.0	0.0	0.0	0.0	0.0	0.0	0.0
62	1	1	0	0.0	0.0	0.119565217391	0.0648148148148	0.0	0.0985915492958	0.0	0.130841121495	0.19	0.09	0.0	0.0	0.0	0.0	0.227722772277	0.0	0.0	0.0	0.121739130435	0.114583333333
63	1	1	0	0.0	0.0	0.0	0.1	0.131868131868	0.0	0.0	0.258823529412	0.0	0.0	0.0	0.0	0.0	0.0	0.252525252525	0.0	0.0	0.0	0.0	0.0
64	1	1	0	0.0	0.0	0.0	0.0	0.0	0.0	0.2	0.0	0.147540983607	0.0	0.0898876404494	0.0	0.0	0.178571428571	0.0	0.2125	0.0	0.106796116505	0.0	0.119047619048
65	1	1	0	0.244444444444	0.330275229358	0.351648351648	0.0333333333333	0.212121212121	0.0660377358491	0.236559139785	0.140350877193	0.25	0.326923076923	0.157303370787	0.508771929825	0.256097560976	0.234693877551	0.204819277108	0.202127659574	0.0	0.129032258065	0.189473684211	0.188679245283
66	1	1	0	0.0	0.243697478992	0.13829787234	0.165048543689	0.0	0.168224299065	0.216216216216	0.18018018018	0.166666666667	0.0	0.186274509804	0.0	0.0	0.137614678899	0.0	0.268041237113	0.324074074074	0.25	0.2	0.173913043478
67	1	1	0	0.0	0.0	0.0	0.0	0.0	0.144578313253	0.0	0.0	0.0	0.0	0.0	0.0	0.288461538462	0.0	0.0	0.0	0.0	0.0	0.0	0.0
68	1	1	0	0.0	0.0	0.0	0.0	0.0	0.149122807018	0.0	0.0	0.0	0.0	0.0	0.0	0.188235294118	0.0	0.0	0.0	0.0	0.0	0.0	0.0
69	1	1	0	0.232558139535	0.317073170732	0.288888888889	0.10989010989	0.214285714286	0.118811881188	0.174311926606	0.168316831683	0.258620689655	0.395833333333	0.125	0.577777777778	0.320754716981	0.215053763441	0.223214285714	0.197916666667	0.0	0.125	0.142857142857	0.196261682243
70	1	1	0	0.0	0.0	0.0	0.0	0.0	0.0	0.20618556701	0.0	0.136363636364	0.0	0.121495327103	0.0	0.0	0.0714285714286	0.0	0.0909090909091	0.0	0.0810810810811	0.0	0.0882352941176
71	1	1	0	0.557894736842	0.511363636364	0.550458715596	0.526315789474	0.564356435644	0.444444444444	0.456310679612	0.52380952381	0.533980582524	0.53125	0.513274336283	0.411111111111	0.488095238095	0.611111111111	0.474226804124	0.518181818182	0.439252336449	0.519230769231	0.472222222222	0.421052631579
72	1	1	0	0.0	0.191489361702	0.203703703704	0.191304347826	0.0	0.112359550562	0.194690265487	0.227272727273	0.164948453608	0.0	0.193548387097	0.0	0.0	0.2	0.0	0.19587628866	0.330097087379	0.25	0.189473684211	0.117647058824
73	1	1	0	0.0	0.0	0.0	0.0	0.0	0.0	0.198113207547	0.0	0.168421052632	0.0	0.0879120879121	0.0	0.0	0.102272727273	0.0	0.198113207547	0.0	0.113821138211	0.0	0.0884955752212
74	1	1	0	0.0	0.0	0.0	0.0	0.0	0.148936170213	0.0	0.0	0.0	0.0	0.0	0.0	0.215053763441	0.0	0.0	0.0	0.0	0.0	0.0	0.0
75	1	1	0	0.0	0.0	0.137254901961	0.109756097561	0.0	0.115384615385	0.0	0.184782608696	0.163461538462	0.197368421053	0.0	0.0	0.0	0.0	0.228571428571	0.0	0.0	0.0	0.0851063829787	0.142857142857
76	1	1	0	0.223404255319	0.25	0.237113402062	0.102040816327	0.197802197802	0.138888888889	0.222222222222	0.161290322581	0.338983050847	0.304761904762	0.108910891089	0.479166666667	0.25	0.3	0.1875	0.164835164835	0.0	0.0925925925926	0.142857142857	0.11320754717
77	1	1	0	0.0	0.0	0.0	0.0	0.0	0.0	0.230769230769	0.0	0.142857142857	0.0	0.115789473684	0.0	0.0	0.119565217391	0.0	0.197183098592	0.0	0.0747663551402	0.0	0.106382978723
78	1	1	0	0.0	0.0	0.0	0.0714285714286	0.141414141414	0.0	0.0	0.238095238095	0.0	0.0	0.0	0.0	0.0	0.0	0.230769230769	0.0	0.0	0.0	0.0	0.0
79	1	1	0	0.0	0.26	0.144329896907	0.130434782609	0.0	0.254545454545	0.3125	0.192	0.209523809524	0.0	0.158415841584	0.0	0.0	0.186046511628	0.0	0.141509433962	0.27027027027	0.220930232558	0.121212121212	0.159663865546
80	1	1	0	0.0	0.0	0.0	0.0	0.0	0.0	0.280701754386	0.0	0.120879120879	0.0	0.0952380952381	0.0	0.0	0.0760869565217	0.0	0.183673469388	0.0	0.0693069306931	0.0	0.134020618557
81	1	1	0	0.304347826087	0.233644859813	0.21	0.390476190476	0.136842105263	0.185840707965	0.279661016949	0.376237623762	0.206896551724	0.208791208791	0.336538461538	0.0	0.0	0.10843373494	0.2	0.191919191919	0.359550561798	0.351063829787	0.392857142857	0.382352941176
82	1	1	0	0.242990654206	0.233333333333	0.237623762376	0.389473684211	0.138613861386	0.229508196721	0.226804123711	0.344827586207	0.179245283019	0.177777777778	0.372727272727	0.0	0.0	0.144329896907	0.271028037383	0.19587628866	0.301075268817	0.366071428571	0.41	0.252252252252
83	1	1	0	0.0	0.0	0.0	0.0	0.0	0.0	0.216494845361	0.0	0.15	0.0	0.0980392156863	0.0	0.0	0.0825688073394	0.0	0.169811320755	0.0	0.116279069767	0.0	0.0961538461538
84	1	1	0	0.489361702128	0.446280991736	0.460674157303	0.5	0.452830188679	0.522727272727	0.47191011236	0.546391752577	0.425531914894	0.484848484848	0.504424778761	0.475806451613	0.524752475248	0.505747126437	0.556603773585	0.537634408602	0.505882352941	0.485436893204	0.510416666667	0.489130434783
85	1	1	0	0.0	0.0	0.0	0.0	0.0	0.0	0.142857142857	0.0	0.148148148148	0.0	0.125	0.0	0.0	0.112244897959	0.0	0.142857142857	0.0	0.0970873786408	0.0	0.0934579439252
86	1	1	0	0.0	0.0	0.0	0.0980392156863	0.173913043478	0.0	0.0	0.145299145299	0.0	0.0	0.0	0.0	0.0	0.0	0.315315315315	0.0	0.0	0.0	0.0	0.0
87	1	1	0	0.0	0.0	0.152941176471	0.0990099009901	0.0	0.0990099009901	0.0	0.145161290323	0.142857142857	0.158536585366	0.0	0.0	0.0	0.0	0.22	0.0	0.0	0.0	0.121212121212	0.104761904762
88	1	1	0	0.0	0.198275862069	0.230769230769	0.106382978723	0.0	0.2	0.247422680412	0.14606741573	0.216981132075	0.0	0.147368421053	0.0	0.0	0.117647058824	0.0	0.208333333333	0.297297297297	0.222222222222	0.13829787234	0.22
89	1	1	0	0.550458715596	0.470085470085	0.561224489796	0.455357142857	0.471698113208	0.621052631579	0.577981651376	0.480392156863	0.6	0.466101694915	0.537634408602	0.504201680672	0.561797752809	0.518518518519	0.455696202532	0.4375	0.5	0.463414634146	0.457142857143	0.510416666667
90	1	1	0	0.0	0.0	0.0	0.103448275862	0.134453781513	0.0	0.0	0.156862745098	0.0	0.0	0.0	0.0	0.0	0.0	0.252525252525	0.0	0.0	0.0	0.0	0.0
91	1	1	0	0.0	0.0	0.137614678899	0.105263157895	0.0	0.11320754717	0.0	0.164705882353	0.131313131313	0.101123595506	0.0	0.0	0.0	0.0	0.156862745098	0.0	0.0	0.0	0.09375	0.0412371134021
92	1	1	0	0.0	0.20202020202	0.292134831461	0.148148148148	0.0	0.152173913043	0.329896907216	0.10752688172	0.113402061856	0.0	0.227848101266	0.0	0.0	0.122807017544	0.0	0.164556962025	0.361111111111	0.218181818182	0.127659574468	0.165217391304
93	1	1	0	0.0	0.0	0.0	0.0	0.0	0.119266055046	0.0	0.0	0.0	0.0	0.0	0.0	0.278260869565	0.0	0.0	0.0	0.0	0.0	0.0	0.0
94	1	1	0	0.0	0.0	0.0	0.0	0.0	0.2	0.0	0.0	0.0	0.0	0.0	0.0	0.185567010309	0.0	0.0	0.0	0.0	0.0	0.0	0.0
95	1	1	0	0.0	0.230769230769	0.186666666667	0.102564102564	0.0	0.2	0.234693877551	0.13829787234	0.21875	0.0	0.244897959184	0.0	0.0	0.186813186813	0.0	0.208791208791	0.304347826087	0.2	0.16814159292	0.172043010753
96	1	1	0	0.0	0.0	0.0	0.0	0.0	0.0	0.145454545455	0.0	0.18	0.0	0.0897435897436	0.0	0.0	0.0736842105263	0.0	0.202247191011	0.0	0.078431372549	0.0	0.0631578947368
97	1	1	0	0.0	0.0	0.0	0.112068965517	0.155339805825	0.0	0.0	0.233009708738	0.0	0.0	0.0	0.0	0.0	0.0	0.271844660194	0.0	0.0	0.0	0.0	0.0
98	1	1	0	0.592233009709	0.534090909091	0.444444444444	0.455357142857	0.448979591837	0.504761904762	0.5	0.553571428571	0.52	0.489795918367	0.536363636364	0.520408163265	0.505050505051	0.415841584158	0.43137254902	0.535087719298	0.56880733945	0.47619047619	0.5	0.547008547009
99	1	1	0	0.0	0.276785714286	0.0	0.132075471698	0.0	0.0	0.291666666667	0.197916666667	0.208791208791	0.0	0.0	0.0	0.0	0.0	0.0	0.180952380952	0.0	0.134615384615	0.176991150442	0.0
100	1	1	0	0.469879518072	0.611111111111	0.520661157025	0.443298969072	0.541984732824	0.542553191489	0.529411764706	0.5	0.567307692308	0.511111111111	0.557692307692	0.481012658228	0.545454545455	0.469387755102	0.505154639175	0.518181818182	0.477876106195	0.51376146789	0.456310679612	0.47
