#chr	position	description	normal	sample0	sample1	sample2	sample3	sample4	sample5	sample6	sample7	sample8	sample9	sample10	sample11	sample12	sample13	sample14	sample15	sample16	sample17	sample18	sample19
1	1	1	0	0.133333333333	0.122448979592	0.0	0.0989010989011	0.192307692308	0.308411214953	0.0	0.0	0.278350515464	0.0	0.151162790698	0.0	0.326732673267	0.0	0.0	0.0	0.2	0.101851851852	0.0	0.255555555556
2	1	1	0	0.162790697674	0.0	0.09375	0.0	0.163636363636	0.0	0.122641509434	0.0	0.185840707965	0.218390804598	0.0	0.139784946237	0.0	0.0	0.0	0.32380952381	0.0	0.130434782609	0.265060240964	0.0
3	1	1	0	0.0	0.0	0.22619047619	0.0	0.0	0.0	0.0934579439252	0.0	0.0	0.174757281553	0.0	0.0990990990991	0.0	0.0	0.0	0.0	0.0	0.0	0.0	0.0
4	1	1	0	0.110091743119	0.116071428571	0.229357798165	0.0	0.0884955752212	0.0	0.0865384615385	0.0	0.0	0.0	0.11214953271	0.134020618557	0.0	0.242105263158	0.158878504673	0.0	0.115789473684	0.0	0.0	0.0
5	1	1	0	0.488372093023	0.56043956044	0.479591836735	0.521739130435	0.551020408163	0.515789473684	0.452631578947	0.525773195876	0.556818181818	0.510204081633	0.504761904762	0.545454545455	0.53488372093	0.567010309278	0.445544554455	0.5	0.504672897196	0.528846153846	0.462264150943	0.470588235294
6	1	1	0	0.158415841584	0.0	0.207317073171	0.0	0.168421052632	0.0	0.21686746988	0.0	0.22	0.138613861386	0.0	0.193548387097	0.0	0.0	0.0	0.333333333333	0.0	0.1	0.242718446602	0.0
7	1	1	0	0.356435643564	0.494845360825	0.521367521368	0.482142857143	0.538461538462	0.489795918367	0.537735849057	0.476635514019	0.485714285714	0.49504950495	0.520408163265	0.455445544554	0.482456140351	0.469135802469	0.509803921569	0.532110091743	0.52808988764	0.412844036697	0.485981308411	0.542857142857
8	1	1	0	0.0990099009901	0.0	0.128787878788	0.0	0.178947368421	0.0	0.12	0.0	0.215909090909	0.267326732673	0.0	0.129310344828	0.0	0.0	0.0	0.357142857143	0.0	0.138613861386	0.170731707317	0.0
9	1	1	0	0.104651162791	0.0	0.120879120879	0.0	0.117021276596	0.0	0.0927835051546	0.0	0.169811320755	0.165048543689	0.0	0.2	0.0	0.0	0.0	0.22	0.0	0.148936170213	0.173469387755	0.0
10	1	1	0	0.103448275862	0.0	0.138613861386	0.0	0.211764705882	0.0	0.142857142857	0.0	0.25	0.19512195122	0.0	0.145833333333	0.0	0.0	0.0	0.231578947368	0.0	0.111111111111	0.131313131313	0.0
11	1	1	0	0.163461538462	0.0	0.157894736842	0.0	0.136842105263	0.0	0.0900900900901	0.0	0.214953271028	0.194690265487	0.0	0.0947368421053	0.0	0.0	0.0	0.382608695652	0.0	0.115789473684	0.214285714286	0.0
12	1	1	0	0.146788990826	0.158415841584	0.0	0.169811320755	0.282828282828	0.230769230769	0.0	0.0	0.193548387097	0.0	0.156626506024	0.0	0.311926605505	0.0	0.0	0.0	0.25	0.108695652174	0.0	0.285714285714
13	1	1	0	0.114035087719	0.0775862068966	0.164556962025	0.0	0.150537634409	0.0	0.141304347826	0.0	0.0	0.0	0.1	0.0851063829787	0.0	0.214285714286	0.18085106383	0.0	0.114035087719	0.0	0.0	0.0
14	1	1	0	0.191011235955	0.155339805825	0.0	0.168316831683	0.104761904762	0.302521008403	0.0	0.0	0.24	0.0	0.125	0.0	0.254901960784	0.0	0.0	0.0	0.236363636364	0.179775280899	0.0	0.247311827957
15	1	1	0	0.113402061856	0.0568181818182	0.151515151515	0.0	0.214953271028	0.0	0.14	0.0	0.0	0.0	0.106382978723	0.0740740740741	0.0	0.186274509804	0.164948453608	0.0	0.0824742268041	0.0	0.0	0.0
16	1	1	0	0.100917431193	0.0606060606061	0.183908045977	0.0	0.138888888889	0.0	0.134020618557	0.0	0.0	0.0	0.130434782609	0.0884955752212	0.0	0.241071428571	0.195402298851	0.0	0.25	0.0	0.0	0.0
17	1	1	0	0.19587628866	0.0	0.18487394958	0.0	0.20202020202	0.0	0.131313131313	0.0	0.192660550459	0.122641509434	0.0	0.146788990826	0.0	0.0	0.0	0.224489795918	0.0	0.0813008130081	0.127906976744	0.0
18	1	1	0	0.121739130435	0.0	0.197674418605	0.0	0.182926829268	0.0	0.188679245283	0.0	0.244680851064	0.25	0.0	0.271028037383	0.0	0.0	0.0	0.278350515464	0.0	0.13	0.241758241758	0.0
19	1	1	0	0.145454545455	0.0	0.161616161616	0.0	0.176470588235	0.0	0.141304347826	0.0	0.263636363636	0.215053763441	0.0	0.155963302752	0.0	0.0	0.0	0.308641975309	0.0	0.118181818182	0.238938053097	0.0
20	1	1	0	0.113402061856	0.0978260869565	0.126213592233	0.0	0.12037037037	0.0	0.163636363636	0.0	0.0	0.0	0.0824742268041	0.182795698925	0.0	0.207547169811	0.137614678899	0.0	0.144144144144	0.0	0.0	0.0
21	1	1	0	0.102803738318	0.101123595506	0.151515151515	0.0	0.134831460674	0.0	0.130952380952	0.0	0.0	0.0	0.0816326530612	0.177083333333	0.0	0.252336448598	0.0900900900901	0.0	0.178217821782	0.0	0.0	0.0
22	1	1	0	0.113402061856	0.131313131313	0.150943396226	0.0	0.175925925926	0.0	0.1	0.0	0.0	0.0	0.125	0.11	0.0	0.221153846154	0.145833333333	0.0	0.127272727273	0.0	0.0	0.0
23	1	1	0	0.131868131868	0.0849056603774	0.146551724138	0.0	0.16	0.0	0.117117117117	0.0	0.0	0.0	0.0833333333333	0.163636363636	0.0	0.188118811881	0.136363636364	0.0	0.144230769231	0.0	0.0	0.0
24	1	1	0	0.0891089108911	0.0707070707071	0.0	0.0	0.0	0.0	0.095652173913	0.0	0.0	0.0	0.0877192982456	0.182692307692	0.0	0.0	0.178947368421	0.0	0.0	0.0	0.0	0.0
25	1	1	0	0.184782608696	0.0	0.19587628866	0.0	0.142857142857	0.0	0.0825688073394	0.0	0.160377358491	0.288461538462	0.0	0.185185185185	0.0	0.0	0.0	0.271739130435	0.0	0.164948453608	0.18253968254	0.0
26	1	1	0	0.52688172043	0.39603960396	0.474576271186	0.466019417476	0.360655737705	0.45652173913	0.333333333333	0.229166666667	0.321428571429	0.47619047619	0.236363636364	0.32967032967	0.38961038961	0.340659340659	0.17	0.53	0.510204081633	0.376344086022	0.314285714286	0.259259259259
27	1	1	0	0.488636363636	0.382352941176	0.5	0.468085106383	0.529914529915	0.53125	0.46017699115	0.542056074766	0.514563106796	0.548076923077	0.48275862069	0.565656565657	0.564356435644	0.546296296296	0.634408602151	0.483870967742	0.462365591398	0.392523364486	0.521739130435	0.532110091743
28	1	1	0	0.0891089108911	0.101851851852	0.0	0.0940170940171	0.197530864198	0.238095238095	0.0	0.0	0.2	0.0	0.113402061856	0.0	0.214285714286	0.0	0.0	0.0	0.186046511628	0.162790697674	0.0	0.279661016949
29	1	1	0	0.128712871287	0.0	0.163043478261	0.0	0.210526315789	0.0	0.0990990990991	0.0	0.19512195122	0.218390804598	0.0	0.203883495146	0.0	0.0	0.0	0.210526315789	0.0	0.112359550562	0.238532110092	0.0
30	1	1	0	0.119047619048	0.131578947368	0.0	0.1	0.192307692308	0.230088495575	0.0	0.0	0.14606741573	0.0	0.101851851852	0.0	0.225806451613	0.0	0.0	0.0	0.176470588235	0.0841121495327	0.0	0.264150943396
31	1	1	0	0.140186915888	0.0	0.114035087719	0.0	0.183673469388	0.0	0.113402061856	0.0	0.163043478261	0.158878504673	0.0	0.0631578947368	0.0	0.0	0.0	0.301886792453	0.0	0.106382978723	0.247787610619	0.0
32	1	1	0	0.147727272727	0.130434782609	0.114035087719	0.0	0.12	0.0	0.0919540229885	0.0	0.0	0.0	0.193548387097	0.138888888889	0.0	0.20652173913	0.18	0.0	0.185567010309	0.0	0.0	0.0
33	1	1	0	0.153846153846	0.0	0.215053763441	0.0	0.107142857143	0.0	0.0990990990991	0.0	0.188888888889	0.194444444444	0.0	0.142857142857	0.0	0.0	0.0	0.292452830189	0.0	0.11320754717	0.173469387755	0.0
34	1	1	0	0.102803738318	0.0	0.205128205128	0.0	0.255555555556	0.0	0.117117117117	0.0	0.186991869919	0.182692307692	0.0	0.192307692308	0.0	0.0	0.0	0.304347826087	0.0	0.101123595506	0.244680851064	0.0
35	1	1	0	0.135416666667	0.159292035398	0.0	0.157894736842	0.112359550562	0.3125	0.0	0.0	0.148514851485	0.0	0.165289256198	0.0	0.21568627451	0.0	0.0	0.0	0.2	0.159574468085	0.0	0.178571428571
36	1	1	0	0.0842105263158	0.103448275862	0.0973451327434	0.0	0.181818181818	0.0	0.0882352941176	0.0	0.0	0.0	0.103773584906	0.156862745098	0.0	0.235849056604	0.171717171717	0.0	0.177083333333	0.0	0.0	0.0
37	1	1	0	0.116279069767	0.0631578947368	0.0	0.0	0.0	0.0	0.0989010989011	0.0	0.0	0.0	0.156862745098	0.106796116505	0.0	0.0	0.208333333333	0.0	0.0	0.0	0.0	0.0
38	1	1	0	0.103448275862	0.0	0.14	0.0	0.146341463415	0.0	0.10752688172	0.0	0.128712871287	0.150537634409	0.0	0.20618556701	0.0	0.0	0.0	0.329113924051	0.0	0.0961538461538	0.252873563218	0.0
39	1	1	0	0.117647058824	0.118181818182	0.130434782609	0.0	0.102564102564	0.0	0.0918367346939	0.0	0.0	0.0	0.101123595506	0.131313131313	0.0	0.231578947368	0.231578947368	0.0	0.177570093458	0.0	0.0	0.0
40	1	1	0	0.0	0.0	0.126315789474	0.0	0.0	0.0	0.133928571429	0.0	0.0	0.269230769231	0.0	0.163265306122	0.0	0.0	0.0	0.0	0.0	0.0	0.0	0.0
41	1	1	0	0.632075471698	0.336734693878	0.573033707865	0.442307692308	0.444444444444	0.465346534653	0.4	0.185185185185	0.385542168675	0.233009708738	0.291262135922	0.309090909091	0.414414414414	0.29347826087	0.14	0.5	0.589473684211	0.387387387387	0.336206896552	0.244897959184
42	1	1	0	0.163461538462	0.049504950495	0.0	0.153846153846	0.231404958678	0.339449541284	0.0	0.0	0.177083333333	0.0	0.116504854369	0.0	0.252100840336	0.0	0.0	0.0	0.188524590164	0.0776699029126	0.0	0.252336448598
43	1	1	0	0.111111111111	0.0	0.169642857143	0.0	0.24	0.0	0.111111111111	0.0	0.0792079207921	0.184782608696	0.0	0.2	0.0	0.0	0.0	0.285714285714	0.0	0.149425287356	0.207920792079	0.0
44	1	1	0	0.516853932584	0.50495049505	0.583333333333	0.509615384615	0.602739726027	0.529914529915	0.56976744186	0.533333333333	0.428571428571	0.483516483516	0.451327433628	0.587628865979	0.40350877193	0.58	0.515463917526	0.464646464646	0.568965517241	0.510416666667	0.47311827957	0.494252873563
45	1	1	0	0.0808080808081	0.148514851485	0.161016949153	0.0	0.144144144144	0.0	0.0943396226415	0.0	0.0	0.0	0.133333333333	0.107142857143	0.0	0.271929824561	0.20202020202	0.0	0.135416666667	0.0	0.0	0.0
46	1	1	0	0.0865384615385	0.148148148148	0.0	0.12380952381	0.192660550459	0.306306306306	0.0	0.0	0.174757281553	0.0	0.163461538462	0.0	0.18018018018	0.0	0.0	0.0	0.208333333333	0.100840336134	0.0	0.260416666667
47	1	1	0	0.263157894737	0.122641509434	0.367346938776	0.141509433962	0.271028037383	0.0	0.218390804598	0.0752688172043	0.230769230769	0.392156862745	0.108910891089	0.367924528302	0.0714285714286	0.23595505618	0.139784946237	0.422018348624	0.316326530612	0.136842105263	0.330275229358	0.0
48	1	1	0	0.146551724138	0.0	0.11320754717	0.0	0.159292035398	0.0	0.106194690265	0.0	0.217391304348	0.213675213675	0.0	0.152941176471	0.0	0.0	0.0	0.251968503937	0.0	0.111111111111	0.258426966292	0.0
49	1	1	0	0.171428571429	0.0	0.147826086957	0.0	0.212765957447	0.0	0.125	0.0	0.162393162393	0.225225225225	0.0	0.185185185185	0.0	0.0	0.0	0.245454545455	0.0	0.10752688172	0.176470588235	0.0
50	1	1	0	0.192771084337	0.0	0.15	0.0	0.185185185185	0.0	0.118811881188	0.0	0.168316831683	0.20618556701	0.0	0.150442477876	0.0	0.0	0.0	0.329545454545	0.0	0.134020618557	0.16	0.0
51	1	1	0	0.140350877193	0.0	0.144329896907	0.0	0.128712871287	0.0	0.0983606557377	0.0	0.189473684211	0.174757281553	0.0	0.134615384615	0.0	0.0	0.0	0.348314606742	0.0	0.0934579439252	0.2	0.0
52	1	1	0	0.15	0.0947368421053	0.0555555555556	0.0	0.161904761905	0.0	0.047619047619	0.0	0.0	0.0	0.112244897959	0.155844155844	0.0	0.218390804598	0.136363636364	0.0	0.180952380952	0.0	0.0	0.0
53	1	1	0	0.132075471698	0.0	0.163265306122	0.0	0.152380952381	0.0	0.132653061224	0.0	0.181818181818	0.154639175258	0.0	0.148514851485	0.0	0.0	0.0	0.324074074074	0.0	0.115044247788	0.257731958763	0.0
54	1	1	0	0.106796116505	0.0714285714286	0.229166666667	0.0	0.0925925925926	0.0	0.145833333333	0.0	0.0	0.0	0.0625	0.08	0.0	0.216666666667	0.15625	0.0	0.153846153846	0.0	0.0	0.0
55	1	1	0	0.0869565217391	0.114942528736	0.0	0.0	0.0	0.0	0.047619047619	0.0	0.0	0.0	0.0813953488372	0.141414141414	0.0	0.0	0.0975609756098	0.0	0.0	0.0	0.0	0.0
56	1	1	0	0.132653061224	0.153846153846	0.0	0.175438596491	0.21	0.275510204082	0.0	0.0	0.245283018868	0.0	0.104761904762	0.0	0.336633663366	0.0	0.0	0.0	0.182795698925	0.169642857143	0.0	0.282608695652
57	1	1	0	0.0987654320988	0.101123595506	0.0	0.0	0.0	0.0	0.0782608695652	0.0	0.0	0.0	0.118811881188	0.163636363636	0.0	0.0	0.16091954023	0.0	0.0	0.0	0.0	0.0
58	1	1	0	0.152173913043	0.0	0.193548387097	0.0	0.203883495146	0.0	0.114583333333	0.0	0.19	0.208695652174	0.0	0.161616161616	0.0	0.0	0.0	0.29203539823	0.0	0.133333333333	0.20202020202	0.0
59	1	1	0	0.149606299213	0.0	0.158878504673	0.0	0.19587628866	0.0	0.1	0.0	0.222222222222	0.276785714286	0.0	0.144329896907	0.0	0.0	0.0	0.287356321839	0.0	0.12	0.264150943396	0.0
60	1	1	0	0.510869565217	0.344086021505	0.463917525773	0.375	0.536363636364	0.480392156863	0.389380530973	0.271844660194	0.405940594059	0.4	0.299065420561	0.333333333333	0.353535353535	0.236559139785	0.166666666667	0.456790123457	0.485148514851	0.329896907216	0.39175257732	0.255319148936
61	1	1	0	0.122222222222	0.165217391304	0.0	0.134020618557	0.19512195122	0.263157894737	0.0	0.0	0.159090909091	0.0	0.15306122449	0.0	0.26582278481	0.0	0.0	0.0	0.213483146067	0.0568181818182	0.0	0.242718446602
62	1	1	0	0.553191489362	0.504201680672	0.549019607843	0.504587155963	0.484848484848	0.448275862069	0.490384615385	0.504424778761	0.549019607843	0.464285714286	0.494736842105	0.491071428571	0.468085106383	0.5625	0.387755102041	0.469387755102	0.520408163265	0.56976744186	0.463917525773	0.48275862069
63	1	1	0	0.109243697479	0.157894736842	0.0	0.19387755102	0.0531914893617	0.25	0.0	0.0	0.24	0.0	0.1	0.0	0.240740740741	0.0	0.0	0.0	0.19801980198	0.0857142857143	0.0	0.247524752475
64	1	1	0	0.0666666666667	0.0737704918033	0.144144144144	0.0	0.0869565217391	0.0	0.0978260869565	0.0	0.0	0.0	0.126126126126	0.103448275862	0.0	0.261261261261	0.0990099009901	0.0	0.113924050633	0.0	0.0	0.0
65	1	1	0	0.103448275862	0.0	0.222222222222	0.0	0.152542372881	0.0	0.131868131868	0.0	0.191666666667	0.218181818182	0.0	0.168674698795	0.0	0.0	0.0	0.275229357798	0.0	0.159574468085	0.231578947368	0.0
66	1	1	0	0.153846153846	0.0	0.188679245283	0.0	0.152173913043	0.0	0.112244897959	0.0	0.18	0.204819277108	0.0	0.157303370787	0.0	0.0	0.0	0.226804123711	0.0	0.173913043478	0.203389830508	0.0
67	1	1	0	0.0816326530612	0.0853658536585	0.131578947368	0.0	0.113821138211	0.0	0.120481927711	0.0	0.0	0.0	0.0860215053763	0.157407407407	0.0	0.191919191919	0.18691588785	0.0	0.163265306122	0.0	0.0	0.0
68	1	1	0	0.537634408602	0.411764705882	0.528735632184	0.389380530973	0.506666666667	0.471698113208	0.265957446809	0.210526315789	0.34375	0.317073170732	0.240740740741	0.324074074074	0.381355932203	0.231578947368	0.127659574468	0.448717948718	0.476635514019	0.317647058824	0.345132743363	0.307692307692
69	1	1	0	0.0736842105263	0.0943396226415	0.19801980198	0.0	0.12037037037	0.0	0.0841121495327	0.0	0.0	0.0	0.108695652174	0.126315789474	0.0	0.240384615385	0.247058823529	0.0	0.19801980198	0.0	0.0	0.0
70	1	1	0	0.0808080808081	0.0943396226415	0.191489361702	0.0	0.140186915888	0.0	0.0879120879121	0.0	0.0	0.0	0.0707070707071	0.181818181818	0.0	0.254385964912	0.121212121212	0.0	0.102272727273	0.0	0.0	0.0
71	1	1	0	0.0	0.0	0.177777777778	0.0	0.0	0.0	0.211111111111	0.0	0.0	0.123966942149	0.0	0.137254901961	0.0	0.0	0.0	0.0	0.0	0.0	0.0	0.0
72	1	1	0	0.190909090909	0.0	0.170212765957	0.0	0.11	0.0	0.114285714286	0.0	0.19387755102	0.157894736842	0.0	0.190476190476	0.0	0.0	0.0	0.285714285714	0.0	0.0841121495327	0.191489361702	0.0
73	1	1	0	0.186813186813	0.0	0.130952380952	0.0	0.197530864198	0.0	0.0537634408602	0.0	0.234693877551	0.184782608696	0.0	0.188118811881	0.0	0.0	0.0	0.298076923077	0.0	0.10752688172	0.191489361702	0.0
74	1	1	0	0.545454545455	0.438202247191	0.50495049505	0.478723404255	0.495495495495	0.51	0.48	0.490196078431	0.336842105263	0.333333333333	0.405660377358	0.516393442623	0.447368421053	0.547368421053	0.339130434783	0.452631578947	0.56880733945	0.47619047619	0.421568627451	0.568421052632
75	1	1	0	0.486486486486	0.553191489362	0.425925925926	0.564814814815	0.595238095238	0.438095238095	0.576271186441	0.489795918367	0.37	0.387387387387	0.3	0.41935483871	0.53	0.448275862069	0.405940594059	0.488636363636	0.410526315789	0.493827160494	0.314814814815	0.577586206897
76	1	1	0	0.168539325843	0.0	0.155555555556	0.0	0.15	0.0	0.154471544715	0.0	0.237623762376	0.175438596491	0.0	0.227272727273	0.0	0.0	0.0	0.266055045872	0.0	0.127118644068	0.233644859813	0.0
77	1	1	0	0.113636363636	0.0	0.145631067961	0.0	0.166666666667	0.0	0.127659574468	0.0	0.191011235955	0.217821782178	0.0	0.180952380952	0.0	0.0	0.0	0.380434782609	0.0	0.153846153846	0.24	0.0
78	1	1	0	0.493827160494	0.505376344086	0.504761904762	0.555555555556	0.529411764706	0.586956521739	0.427272727273	0.52380952381	0.494505494505	0.489130434783	0.506329113924	0.481818181818	0.557894736842	0.446808510638	0.561403508772	0.459016393443	0.526315789474	0.504587155963	0.478632478632	0.580357142857
79	1	1	0	0.132075471698	0.122222222222	0.0	0.203703703704	0.186274509804	0.245454545455	0.0	0.0	0.147368421053	0.0	0.160714285714	0.0	0.287234042553	0.0	0.0	0.0	0.185185185185	0.150442477876	0.0	0.168421052632
80	1	1	0	0.190909090909	0.0	0.225225225225	0.0	0.103773584906	0.0	0.142857142857	0.0	0.18691588785	0.204545454545	0.0	0.107843137255	0.0	0.0	0.0	0.245283018868	0.0	0.108910891089	0.264462809917	0.0
81	1	1	0	0.0	0.0	0.237113402062	0.0	0.0	0.0	0.0648148148148	0.0	0.0	0.168421052632	0.0	0.116504854369	0.0	0.0	0.0	0.0	0.0	0.0	0.0	0.0
82	1	1	0	0.0679611650485	0.126315789474	0.151515151515	0.0	0.0824742268041	0.0	0.0707070707071	0.0	0.0	0.0	0.13	0.15	0.0	0.190476190476	0.133333333333	0.0	0.156626506024	0.0	0.0	0.0
83	1	1	0	0.14606741573	0.0	0.130952380952	0.0	0.197674418605	0.0	0.126315789474	0.0	0.162162162162	0.158415841584	0.0	0.221153846154	0.0	0.0	0.0	0.270833333333	0.0	0.193181818182	0.238095238095	0.0
84	1	1	0	0.551282051282	0.505154639175	0.510204081633	0.535353535354	0.588235294118	0.494505494505	0.438095238095	0.525252525253	0.539215686275	0.511363636364	0.583333333333	0.474226804124	0.395604395604	0.516853932584	0.453608247423	0.5	0.539325842697	0.510869565217	0.47572815534	0.333333333333
85	1	1	0	0.495238095238	0.490384615385	0.459770114943	0.393258426966	0.483516483516	0.453608247423	0.321428571429	0.285714285714	0.39175257732	0.383177570093	0.278260869565	0.362831858407	0.415841584158	0.225490196078	0.142857142857	0.442307692308	0.5	0.457446808511	0.485148514851	0.407407407407
86	1	1	0	0.192307692308	0.184782608696	0.0	0.144144144144	0.0970873786408	0.2	0.0	0.0	0.214285714286	0.0	0.117021276596	0.0	0.258064516129	0.0	0.0	0.0	0.121212121212	0.180952380952	0.0	0.287234042553
87	1	1	0	0.144578313253	0.0	0.188679245283	0.0	0.208333333333	0.0	0.175257731959	0.0	0.126315789474	0.243243243243	0.0	0.111111111111	0.0	0.0	0.0	0.242424242424	0.0	0.0898876404494	0.247706422018	0.0
88	1	1	0	0.0888888888889	0.137254901961	0.19387755102	0.0	0.111111111111	0.0	0.0882352941176	0.0	0.0	0.0	0.12380952381	0.18	0.0	0.222222222222	0.147826086957	0.0	0.247422680412	0.0	0.0	0.0
89	1	1	0	0.133333333333	0.13829787234	0.0	0.137931034483	0.188034188034	0.290697674419	0.0	0.0	0.241758241758	0.0	0.166666666667	0.0	0.245098039216	0.0	0.0	0.0	0.154929577465	0.157894736842	0.0	0.266666666667
90	1	1	0	0.119047619048	0.0	0.18	0.0	0.116504854369	0.0	0.144578313253	0.0	0.193181818182	0.166666666667	0.0	0.19	0.0	0.0	0.0	0.357894736842	0.0	0.0722891566265	0.183673469388	0.0
91	1	1	0	0.0	0.0	0.0	0.191489361702	0.163461538462	0.275229357798	0.0	0.0	0.189189189189	0.0	0.0	0.0	0.108695652174	0.0	0.0	0.0	0.0	0.0	0.0	0.0
92	1	1	0	0.448275862069	0.484848484848	0.47311827957	0.536842105263	0.50495049505	0.486486486486	0.510869565217	0.554545454545	0.483870967742	0.547169811321	0.462962962963	0.555555555556	0.489795918367	0.490909090909	0.445544554455	0.571428571429	0.448598130841	0.459183673469	0.476635514019	0.529411764706
93	1	1	0	0.0957446808511	0.09375	0.142857142857	0.0	0.163461538462	0.0	0.147826086957	0.0	0.0	0.0	0.103448275862	0.158878504673	0.0	0.234234234234	0.16049382716	0.0	0.158415841584	0.0	0.0	0.0
94	1	1	0	0.510869565217	0.425742574257	0.570093457944	0.283018867925	0.530612244898	0.418181818182	0.377952755906	0.211538461538	0.302083333333	0.357142857143	0.257731958763	0.254385964912	0.356435643564	0.266666666667	0.175257731959	0.470588235294	0.478260869565	0.306306306306	0.371134020619	0.230769230769
95	1	1	0	0.0851063829787	0.118811881188	0.0	0.0	0.0	0.0	0.173076923077	0.0	0.0	0.0	0.146788990826	0.226804123711	0.0	0.0	0.241379310345	0.0	0.0	0.0	0.0	0.0
96	1	1	0	0.126213592233	0.147727272727	0.0	0.161616161616	0.201923076923	0.228813559322	0.0	0.0	0.207547169811	0.0	0.150943396226	0.0	0.314606741573	0.0	0.0	0.0	0.174757281553	0.0891089108911	0.0	0.288659793814
97	1	1	0	0.172043010753	0.0	0.131578947368	0.0	0.146551724138	0.0	0.0961538461538	0.0	0.15306122449	0.228571428571	0.0	0.157303370787	0.0	0.0	0.0	0.245098039216	0.0	0.121951219512	0.229166666667	0.0
98	1	1	0	0.06	0.0740740740741	0.0	0.0	0.0	0.0	0.173553719008	0.0	0.0	0.0	0.0593220338983	0.115789473684	0.0	0.0	0.125	0.0	0.0	0.0	0.0	0.0
99	1	1	0	0.0693069306931	0.182692307692	0.0	0.10989010989	0.171428571429	0.214285714286	0.0	0.0	0.165048543689	0.0	0.126436781609	0.0	0.230088495575	0.0	0.0	0.0	0.191011235955	0.2	0.0	0.271929824561
100	1	1	0	0.509433962264	0.408163265306	0.409090909091	0.373831775701	0.510638297872	0.535353535354	0.336363636364	0.247422680412	0.353982300885	0.333333333333	0.296296296296	0.304761904762	0.404761904762	0.171717171717	0.19387755102	0.52808988764	0.54	0.380952380952	0.364583333333	0.241379310345
