Chromosome	Position	Change	Gene	sample0	sample1	sample2	sample3	sample4
1	0	A>G	1	96	89	100	111	103
1	1	T>A	1	91	93	101	91	99
1	2	C>T	1	95	104	93	92	93
1	3	G>C	1	87	105	92	110	95
1	4	A>G	1	99	102	119	125	109
1	5	G>C	1	117	106	108	111	78
1	6	A>C	1	116	110	110	78	96
1	7	G>C	1	103	107	92	104	113
1	8	C>A	1	76	106	93	81	96
1	9	A>T	1	89	104	93	101	105
1	10	G>T	1	98	108	105	106	110
1	11	C>T	1	92	99	87	99	95
1	12	A>G	1	107	105	86	110	108
1	13	A>C	1	113	102	112	108	95
1	14	C>G	1	105	96	104	94	85
1	15	C>G	1	112	72	125	95	82
1	16	A>G	1	90	85	86	84	81
1	17	A>T	1	108	109	101	90	92
1	18	G>A	1	112	104	94	103	92
1	19	G>A	1	90	100	104	100	86
1	20	C>G	1	98	108	95	111	93
1	21	G>A	1	109	107	100	91	98
1	22	A>T	1	106	93	122	104	86
1	23	C>A	1	105	91	104	98	89
1	24	A>G	1	111	96	100	106	96
1	25	T>A	1	91	96	105	101	105
1	26	T>G	1	102	112	91	92	108
1	27	C>G	1	92	105	96	90	97
1	28	A>C	1	115	90	107	104	106
1	29	G>A	1	105	125	92	114	101
1	30	T>C	1	86	100	105	108	111
1	31	G>A	1	94	103	93	118	123
1	32	A>T	1	108	117	101	100	117
1	33	A>T	1	84	111	97	113	122
1	34	C>G	1	103	92	105	92	94
1	35	A>T	1	72	106	94	111	102
1	36	T>G	1	89	112	102	94	103
1	37	C>T	1	104	99	101	103	100
1	38	C>T	1	109	108	105	106	83
1	39	C>G	1	105	97	100	98	92
1	40	T>C	1	97	113	109	87	96
1	41	G>T	1	85	100	92	96	113
1	42	C>A	1	97	90	88	106	97
1	43	C>A	1	114	102	82	107	110
1	44	G>C	1	88	110	99	92	85
1	45	C>T	1	96	93	111	91	105
1	46	T>C	1	93	113	105	109	92
1	47	C>A	1	108	95	84	94	94
1	48	G>C	1	113	114	118	103	114
1	49	T>G	1	117	98	96	105	96
1	50	G>C	1	93	108	99	108	86
1	51	G>A	1	88	91	107	109	76
1	52	T>A	1	95	95	102	114	101
1	53	A>C	1	103	112	91	114	125
1	54	G>A	1	105	110	104	102	105
1	55	G>A	1	91	96	99	91	106
1	56	G>C	1	102	101	113	105	109
1	57	A>G	1	101	105	87	104	107
1	58	C>G	1	93	105	97	107	94
1	59	A>G	1	125	105	95	92	94
1	60	T>G	1	99	108	102	90	101
1	61	A>T	1	101	96	90	127	103
1	62	C>G	1	98	89	96	97	110
1	63	T>G	1	106	98	112	83	96
1	64	C>T	1	88	86	96	115	84
1	65	T>C	1	94	90	99	103	103
1	66	A>C	1	109	89	93	100	87
1	67	T>A	1	110	104	100	88	89
1	68	T>G	1	106	105	109	111	80
1	69	T>G	1	103	95	108	106	94
1	70	A>T	1	104	100	106	93	104
1	71	T>C	1	91	98	112	96	100
1	72	C>T	1	93	98	108	99	95
1	73	A>G	1	108	94	95	101	112
1	74	C>A	1	108	96	85	103	105
1	75	A>T	1	109	102	108	94	86
1	76	A>C	1	101	94	96	83	91
1	77	C>A	1	94	100	100	103	102
1	78	T>C	1	109	95	98	103	115
1	79	T>G	1	103	106	85	87	113
1	80	G>C	1	108	112	100	104	87
1	81	A>T	1	107	100	113	87	115
1	82	T>C	1	103	95	117	107	104
1	83	T>C	1	105	110	112	83	104
1	84	A>C	1	100	88	93	107	112
1	85	G>T	1	92	104	110	120	96
1	86	A>T	1	90	88	104	115	92
1	87	A>T	1	95	95	114	94	108
1	88	A>T	1	113	101	99	100	107
1	89	A>T	1	87	93	101	88	84
1	90	G>C	1	98	92	102	105	90
1	91	T>G	1	108	90	88	91	92
1	92	T>A	1	107	105	101	104	95
1	93	A>C	1	95	105	106	109	113
1	94	C>T	1	91	100	104	95	104
1	95	C>G	1	84	93	82	101	123
1	96	C>A	1	104	106	104	93	99
1	97	G>C	1	126	106	91	99	105
1	98	G>C	1	106	103	97	95	112
1	99	C>A	1	102	95	79	91	89
1	100	C>A	1	99	91	79	103	103
1	101	A>C	1	89	112	111	111	94
1	102	A>C	1	89	104	94	101	87
1	103	T>A	1	102	101	111	95	114
1	104	A>C	1	113	100	98	91	94
1	105	A>G	1	83	101	108	105	105
1	106	C>T	1	93	100	110	99	100
1	107	C>G	1	92	91	87	93	115
1	108	A>T	1	97	111	96	110	106
1	109	G>C	1	104	93	100	80	99
1	110	C>A	1	100	84	101	141	114
1	111	T>C	1	90	119	130	106	99
1	112	A>C	1	106	94	107	90	121
1	113	C>G	1	85	97	116	99	111
1	114	A>G	1	122	101	92	96	113
1	115	C>G	1	103	94	86	98	92
1	116	C>A	1	107	92	112	95	99
1	117	C>G	1	94	109	94	87	106
1	118	A>G	1	103	98	113	74	88
1	119	G>C	1	106	92	108	83	107
1	120	A>G	1	100	86	112	87	111
1	121	C>T	1	88	89	97	105	121
1	122	A>G	1	102	102	113	93	83
1	123	T>C	1	84	128	95	94	90
1	124	T>C	1	102	99	110	116	113
1	125	A>C	1	109	102	84	99	117
1	126	A>G	1	95	117	101	98	85
1	127	A>G	1	88	91	103	108	99
1	128	G>A	1	116	92	81	95	104
1	129	C>G	1	117	99	100	93	105
1	130	C>T	1	115	101	110	98	104
1	131	G>C	1	109	95	76	100	91
1	132	C>G	1	84	94	112	113	96
1	133	G>A	1	89	87	113	108	102
1	134	C>T	1	94	94	78	99	103
1	135	T>C	1	92	97	97	97	97
1	136	G>T	1	102	107	104	112	79
1	137	C>T	1	111	110	95	106	122
1	138	C>T	1	101	94	108	109	89
1	139	A>C	1	98	90	92	92	95
1	140	A>G	1	89	96	94	92	109
1	141	C>G	1	106	116	99	100	112
1	142	G>A	1	97	107	84	102	120
1	143	C>G	1	103	91	105	90	85
1	144	A>T	1	93	93	102	103	110
1	145	A>T	1	96	80	92	96	98
1	146	G>A	1	122	93	97	114	101
1	147	C>G	1	94	96	104	89	109
1	148	A>C	1	96	106	112	85	90
1	149	A>C	1	108	111	125	95	86
1	150	G>T	1	100	101	97	104	108
1	151	T>C	1	99	103	101	111	97
1	152	T>C	1	103	108	118	109	91
1	153	T>G	1	101	93	105	109	109
1	154	C>G	1	101	102	110	89	81
1	155	A>T	1	94	101	100	103	99
1	156	A>G	1	95	123	103	99	78
1	157	C>A	1	103	106	97	82	83
1	158	T>A	1	94	103	108	106	112
1	159	A>T	1	116	96	99	94	85
1	160	G>A	1	109	99	83	107	103
1	161	C>A	1	94	105	99	92	105
1	162	A>G	1	97	107	92	109	92
1	163	T>G	1	100	79	99	101	101
1	164	T>C	1	103	91	96	96	101
1	165	T>C	1	104	95	110	100	93
1	166	T>A	1	98	107	106	112	106
1	167	C>T	1	91	105	93	80	99
1	168	G>A	1	91	107	92	98	119
1	169	G>C	1	88	98	100	91	112
1	170	C>T	1	93	97	98	85	85
1	171	A>T	1	110	102	102	100	86
1	172	T>C	1	103	98	110	98	107
1	173	G>A	1	99	105	97	102	89
1	174	C>A	1	96	85	81	90	111
1	175	A>C	1	95	101	98	112	113
1	176	C>A	1	66	110	117	111	81
1	177	G>A	1	100	113	92	108	90
1	178	G>T	1	90	96	110	103	112
1	179	C>A	1	95	92	101	113	98
1	180	A>C	1	102	95	118	92	97
1	181	C>G	1	103	87	102	111	88
1	182	G>C	1	115	103	106	99	115
1	183	C>T	1	105	107	108	129	93
1	184	G>C	1	91	118	107	94	116
1	185	C>A	1	83	98	96	97	80
1	186	A>C	1	85	78	95	113	76
1	187	T>G	1	96	113	102	92	92
1	188	G>T	1	93	103	109	91	115
1	189	C>T	1	97	89	82	104	111
1	190	G>T	1	101	100	89	85	115
1	191	G>A	1	101	109	105	113	116
1	192	G>T	1	107	90	76	126	95
1	193	T>A	1	105	105	88	92	96
1	194	T>A	1	92	100	110	96	94
1	195	A>C	1	92	106	100	99	88
1	196	G>A	1	112	112	82	110	103
1	197	A>C	1	97	104	109	78	97
1	198	C>T	1	106	108	94	113	98
1	199	T>C	1	106	96	93	84	102
