Chromosome	Position	Change	Gene	sample0	sample1	sample2	sample3	sample4
1	0	C>T	1	0	0	0	0	0
1	1	A>G	1	0	0	0	0	0
1	2	C>G	1	57	26	35	26	45
1	3	G>A	1	0	13	0	15	29
1	4	G>T	1	16	0	9	14	32
1	5	G>T	1	0	0	0	0	0
1	6	T>G	1	26	0	0	0	0
1	7	C>G	1	23	0	0	0	0
1	8	C>A	1	0	0	0	0	0
1	9	G>T	1	0	11	0	16	29
1	10	T>C	1	32	31	41	30	18
1	11	C>G	1	0	0	0	0	0
1	12	T>A	1	0	0	0	0	0
1	13	T>G	1	0	0	0	0	0
1	14	A>C	1	50	27	30	34	54
1	15	G>C	1	0	0	0	0	0
1	16	T>A	1	0	0	0	0	0
1	17	A>G	1	53	26	23	42	65
1	18	C>G	1	17	0	0	0	0
1	19	C>T	1	13	0	0	0	0
1	20	G>A	1	42	30	38	37	54
1	21	T>A	1	0	0	0	0	0
1	22	T>C	1	0	0	0	0	0
1	23	T>A	1	0	0	0	0	0
1	24	C>A	1	0	0	0	0	0
1	25	A>G	1	0	12	0	15	0
1	26	T>A	1	0	16	0	17	12
1	27	G>C	1	16	0	0	0	0
1	28	A>G	1	0	0	0	0	0
1	29	A>G	1	30	0	0	0	0
1	30	C>T	1	39	42	35	22	40
1	31	G>T	1	51	55	25	38	63
1	32	C>G	1	0	12	0	21	13
1	33	G>T	1	23	0	0	0	0
1	34	G>C	1	23	0	0	0	0
1	35	C>G	1	0	0	0	0	0
1	36	T>C	1	38	16	38	13	30
1	37	G>T	1	59	28	32	30	47
1	38	T>A	1	0	0	0	0	0
1	39	C>A	1	9	0	0	0	0
1	40	A>G	1	50	21	34	28	48
1	41	A>C	1	0	0	0	0	0
1	42	G>T	1	0	0	0	0	0
1	43	T>A	1	0	0	0	0	0
1	44	C>T	1	0	0	0	0	0
1	45	C>T	1	0	0	0	0	0
1	46	A>T	1	0	0	0	0	0
1	47	G>A	1	0	24	12	18	0
1	48	T>A	1	0	0	0	0	0
1	49	T>A	1	21	0	0	0	0
1	50	G>A	1	19	0	0	0	0
1	51	A>G	1	19	0	0	0	0
1	52	G>C	1	0	15	0	17	19
1	53	T>G	1	15	0	12	0	0
1	54	G>A	1	37	25	44	17	18
1	55	T>C	1	0	6	0	18	16
1	56	G>T	1	0	0	0	0	0
1	57	G>A	1	0	0	0	0	0
1	58	C>T	1	0	0	0	0	0
1	59	A>C	1	0	0	0	0	0
1	60	T>A	1	15	0	0	0	0
1	61	T>A	1	18	0	0	0	0
1	62	C>T	1	0	0	0	0	0
1	63	C>G	1	57	29	36	35	53
1	64	C>T	1	0	0	0	0	0
1	65	C>A	1	25	0	0	0	0
1	66	C>A	1	15	0	0	0	0
1	67	G>A	1	0	9	0	14	30
1	68	G>C	1	33	29	33	38	19
1	69	C>G	1	0	0	0	0	0
1	70	G>C	1	16	0	0	0	0
1	71	A>C	1	23	0	0	0	0
1	72	T>G	1	0	0	0	0	0
1	73	A>G	1	39	30	45	29	23
1	74	T>G	1	0	0	0	0	0
1	75	G>A	1	47	34	34	31	42
1	76	T>A	1	0	0	0	0	0
1	77	T>C	1	0	9	12	21	0
1	78	C>G	1	0	16	0	8	27
1	79	G>C	1	0	16	0	18	27
1	80	C>G	1	16	0	0	0	0
1	81	T>C	1	0	0	0	0	0
1	82	C>T	1	17	0	0	0	0
1	83	G>T	1	54	34	34	21	54
1	84	A>G	1	0	0	0	0	0
1	85	A>G	1	0	18	0	16	28
1	86	T>A	1	0	7	0	13	31
1	87	C>T	1	18	0	0	0	0
1	88	G>C	1	25	22	35	20	18
1	89	T>A	1	0	0	0	0	0
1	90	A>G	1	23	0	0	0	0
1	91	C>G	1	0	0	0	0	0
1	92	G>C	1	0	0	0	0	0
1	93	A>C	1	0	0	0	0	0
1	94	G>T	1	20	0	0	0	0
1	95	C>T	1	22	0	0	0	0
1	96	C>G	1	0	0	0	0	0
1	97	G>T	1	0	0	0	0	0
1	98	C>A	1	54	39	27	30	50
1	99	A>C	1	25	0	0	0	0
1	100	G>T	1	0	0	0	0	0
1	101	A>T	1	0	25	0	20	0
1	102	A>C	1	0	0	0	0	0
1	103	C>G	1	0	0	0	0	0
1	104	T>A	1	0	0	0	0	0
1	105	A>G	1	0	0	0	0	0
1	106	C>A	1	25	0	0	0	0
1	107	C>A	1	32	21	35	18	30
1	108	C>T	1	57	27	30	30	54
1	109	C>T	1	0	0	0	0	0
1	110	A>C	1	40	36	45	30	51
1	111	C>T	1	29	0	0	0	0
1	112	A>T	1	19	0	0	0	0
1	113	T>A	1	0	0	0	0	0
1	114	T>G	1	20	0	0	0	0
1	115	C>A	1	11	0	0	0	0
1	116	A>G	1	0	0	0	0	0
1	117	T>C	1	0	11	0	13	32
1	118	G>A	1	0	0	0	0	0
1	119	C>A	1	0	0	18	0	0
1	120	C>A	1	0	0	0	0	0
1	121	A>G	1	0	9	0	24	24
1	122	C>G	1	0	0	13	0	0
1	123	G>T	1	26	0	0	0	0
1	124	T>G	1	0	0	0	0	0
1	125	A>C	1	0	0	0	0	0
1	126	T>A	1	57	35	29	33	59
1	127	G>T	1	0	0	17	0	0
1	128	T>G	1	0	0	0	0	0
1	129	T>G	1	17	0	0	0	0
1	130	A>C	1	14	0	0	0	0
1	131	C>T	1	0	0	0	0	0
1	132	T>A	1	12	0	0	0	0
1	133	C>T	1	0	0	0	0	0
1	134	T>C	1	0	0	0	0	0
1	135	G>C	1	0	0	0	0	0
1	136	T>G	1	0	19	25	17	0
1	137	G>C	1	21	25	35	11	24
1	138	C>T	1	0	0	0	0	0
1	139	C>T	1	0	0	0	0	0
1	140	C>G	1	14	0	0	0	0
1	141	T>G	1	54	27	29	35	46
1	142	G>C	1	24	0	0	0	0
1	143	C>A	1	0	0	0	0	0
1	144	C>G	1	0	0	0	0	0
1	145	A>C	1	18	0	12	0	0
1	146	A>T	1	39	12	34	12	24
1	147	C>T	1	21	0	0	0	0
1	148	T>A	1	0	0	0	0	0
1	149	G>C	1	0	0	18	0	0
1	150	C>A	1	0	0	0	0	0
1	151	C>T	1	27	16	30	19	36
1	152	G>T	1	0	6	0	14	25
1	153	C>G	1	0	0	0	0	0
1	154	T>A	1	0	23	12	21	0
1	155	T>A	1	11	0	0	0	0
1	156	A>G	1	48	32	38	23	52
1	157	G>C	1	33	0	0	0	0
1	158	A>G	1	60	42	31	34	58
1	159	G>T	1	18	0	0	0	0
1	160	C>G	1	0	9	0	16	25
1	161	A>C	1	22	0	0	0	0
1	162	T>G	1	22	0	0	0	0
1	163	T>C	1	30	21	32	12	21
1	164	G>A	1	0	16	16	19	0
1	165	G>T	1	19	0	25	0	0
1	166	T>A	1	26	0	0	0	0
1	167	C>T	1	24	0	0	0	0
1	168	A>T	1	28	0	0	0	0
1	169	T>C	1	56	37	36	26	40
1	170	A>G	1	14	0	0	0	0
1	171	T>G	1	0	19	0	16	28
1	172	G>C	1	16	0	0	0	0
1	173	G>T	1	24	0	0	0	0
1	174	C>T	1	0	0	0	0	0
1	175	C>T	1	0	0	0	0	0
1	176	A>C	1	25	0	0	0	0
1	177	C>A	1	0	16	0	11	23
1	178	C>T	1	0	14	0	17	30
1	179	C>A	1	0	0	0	0	0
1	180	T>G	1	0	20	0	15	28
1	181	A>C	1	0	0	0	0	0
1	182	G>T	1	0	15	0	17	26
1	183	T>G	1	0	0	0	0	0
1	184	A>G	1	28	16	30	13	16
1	185	T>A	1	0	12	0	19	36
1	186	C>G	1	0	0	0	0	0
1	187	T>C	1	22	0	0	0	0
1	188	C>A	1	0	0	0	0	0
1	189	G>A	1	0	0	0	0	0
1	190	G>T	1	52	26	33	38	60
1	191	C>A	1	0	0	0	0	0
1	192	C>T	1	0	0	0	0	0
1	193	C>A	1	0	14	0	13	23
1	194	C>T	1	0	17	0	22	0
1	195	A>T	1	0	0	0	0	0
1	196	G>A	1	0	0	0	0	0
1	197	G>A	1	0	0	0	0	0
1	198	T>C	1	14	0	0	0	0
1	199	A>C	1	17	0	0	0	0
