Chromosome	Position	Change	Gene	sample0	sample1	sample2	sample3	sample4
1	0	C>T	1	18	0	0	0	0
1	1	C>A	1	0	0	15	0	0
1	2	G>T	1	0	0	0	0	0
1	3	A>T	1	24	0	0	0	0
1	4	T>A	1	0	0	15	19	0
1	5	C>G	1	16	55	36	40	23
1	6	T>C	1	8	40	38	33	22
1	7	A>C	1	0	0	19	15	0
1	8	C>T	1	0	0	0	0	0
1	9	C>A	1	7	0	0	0	0
1	10	A>C	1	16	0	0	0	0
1	11	T>C	1	0	0	0	0	0
1	12	T>A	1	7	0	0	0	0
1	13	A>G	1	18	52	41	38	21
1	14	T>A	1	13	51	45	57	20
1	15	A>G	1	0	0	0	0	0
1	16	T>C	1	30	0	0	0	0
1	17	C>T	1	0	0	11	0	0
1	18	A>T	1	14	58	33	43	30
1	19	G>C	1	0	0	0	0	0
1	20	C>G	1	0	0	0	0	0
1	21	C>T	1	0	0	0	0	23
1	22	G>T	1	0	0	14	0	0
1	23	C>A	1	11	0	0	0	0
1	24	C>T	1	14	0	0	0	0
1	25	T>G	1	0	0	18	10	0
1	26	G>T	1	0	0	0	0	0
1	27	A>T	1	0	0	0	0	0
1	28	A>T	1	20	35	31	58	25
1	29	A>C	1	0	0	13	17	0
1	30	C>G	1	21	48	45	35	22
1	31	C>T	1	0	0	0	0	22
1	32	G>T	1	0	0	0	0	21
1	33	C>G	1	11	0	0	0	0
1	34	A>C	1	17	46	28	39	17
1	35	T>C	1	0	0	0	0	25
1	36	T>G	1	10	0	0	0	0
1	37	G>A	1	0	0	0	0	0
1	38	T>G	1	0	0	0	0	0
1	39	T>G	1	0	0	0	0	0
1	40	G>C	1	0	0	0	0	0
1	41	C>G	1	0	0	0	0	0
1	42	A>T	1	0	0	0	0	0
1	43	C>T	1	0	0	20	15	0
1	44	A>T	1	0	0	15	13	0
1	45	C>A	1	16	0	0	0	0
1	46	T>G	1	0	0	0	0	0
1	47	G>C	1	0	0	0	0	0
1	48	A>G	1	17	0	0	0	0
1	49	T>C	1	0	0	7	0	0
1	50	A>G	1	0	0	0	0	26
1	51	A>G	1	0	0	17	0	0
1	52	T>A	1	8	0	0	0	0
1	53	A>C	1	16	28	15	16	23
1	54	G>T	1	0	0	0	0	0
1	55	C>G	1	13	0	0	0	0
1	56	C>A	1	0	0	16	15	0
1	57	G>T	1	0	0	19	0	0
1	58	C>A	1	11	47	27	33	23
1	59	C>A	1	0	0	15	0	0
1	60	G>C	1	0	0	14	0	0
1	61	C>G	1	0	0	0	0	0
1	62	G>A	1	0	0	0	0	0
1	63	A>G	1	7	0	0	0	0
1	64	T>C	1	0	0	0	0	0
1	65	A>C	1	19	19	16	14	28
1	66	T>C	1	13	39	33	51	13
1	67	A>C	1	0	0	12	18	0
1	68	T>A	1	0	0	18	20	0
1	69	T>C	1	0	0	0	0	0
1	70	C>G	1	0	0	19	18	0
1	71	T>G	1	0	0	0	0	0
1	72	G>T	1	10	0	0	0	0
1	73	C>T	1	12	0	0	0	0
1	74	G>T	1	0	0	0	0	0
1	75	T>G	1	0	0	17	22	0
1	76	T>G	1	17	0	0	0	0
1	77	C>G	1	0	0	0	0	0
1	78	A>T	1	0	0	0	0	0
1	79	C>A	1	0	0	0	0	0
1	80	C>G	1	13	0	0	0	0
1	81	C>G	1	0	0	0	0	17
1	82	G>C	1	0	0	0	0	28
1	83	C>G	1	0	0	0	0	0
1	84	A>C	1	0	0	0	0	27
1	85	A>T	1	13	46	42	50	32
1	86	G>A	1	19	45	36	46	21
1	87	A>T	1	7	0	0	0	0
1	88	T>G	1	0	0	13	17	0
1	89	G>A	1	0	0	0	0	21
1	90	G>C	1	0	0	0	0	0
1	91	C>T	1	10	18	17	12	30
1	92	A>G	1	0	0	0	0	0
1	93	G>T	1	37	0	0	0	24
1	94	A>G	1	39	0	0	0	40
1	95	C>T	1	0	0	17	0	0
1	96	T>C	1	0	0	0	0	21
1	97	A>T	1	0	0	0	0	30
1	98	G>C	1	13	56	42	55	20
1	99	C>A	1	17	45	44	47	24
1	100	G>C	1	0	0	0	0	0
1	101	T>C	1	0	0	18	0	0
1	102	A>T	1	14	0	0	0	0
1	103	A>C	1	0	0	0	0	29
1	104	T>A	1	11	0	0	0	0
1	105	A>T	1	0	0	0	0	0
1	106	G>T	1	0	0	17	0	0
1	107	G>C	1	0	0	20	0	0
1	108	C>G	1	0	0	0	0	0
1	109	G>C	1	0	0	0	0	21
1	110	C>A	1	0	0	23	0	0
1	111	C>A	1	21	53	45	48	23
1	112	G>T	1	0	0	0	0	0
1	113	G>T	1	0	0	0	0	35
1	114	T>C	1	0	0	14	18	0
1	115	C>T	1	0	0	16	0	0
1	116	A>G	1	0	0	0	0	0
1	117	A>G	1	0	0	0	0	0
1	118	A>G	1	11	0	0	0	0
1	119	G>T	1	9	0	0	0	0
1	120	A>T	1	0	0	0	0	23
1	121	A>C	1	0	0	0	0	0
1	122	A>G	1	0	0	16	0	0
1	123	A>T	1	31	0	0	0	0
1	124	C>A	1	0	0	0	0	36
1	125	A>T	1	0	0	0	0	26
1	126	T>C	1	0	0	0	0	0
1	127	T>C	1	11	31	24	9	19
1	128	G>A	1	0	0	0	0	0
1	129	T>A	1	30	0	0	0	24
1	130	A>C	1	23	0	0	0	0
1	131	G>T	1	14	66	36	45	26
1	132	A>T	1	0	0	0	0	28
1	133	G>C	1	0	0	24	15	0
1	134	G>A	1	0	0	0	0	0
1	135	C>G	1	0	0	0	0	28
1	136	T>G	1	0	0	17	0	0
1	137	G>A	1	16	57	30	47	20
1	138	C>A	1	0	0	0	0	0
1	139	A>C	1	25	0	0	0	0
1	140	G>A	1	12	47	32	54	20
1	141	T>G	1	20	0	0	0	0
1	142	C>A	1	12	0	0	0	0
1	143	A>T	1	16	49	34	48	27
1	144	G>C	1	27	0	0	0	0
1	145	A>C	1	11	32	19	14	32
1	146	G>A	1	11	0	0	0	0
1	147	T>C	1	33	0	0	0	36
1	148	G>T	1	0	0	0	0	0
1	149	T>G	1	0	0	0	0	0
1	150	T>A	1	11	23	6	18	22
1	151	T>G	1	0	0	17	22	0
1	152	C>A	1	12	55	35	39	27
1	153	C>A	1	8	0	0	0	0
1	154	A>T	1	0	0	0	0	0
1	155	A>T	1	0	0	21	0	0
1	156	C>T	1	0	0	14	15	0
1	157	C>G	1	0	0	0	0	0
1	158	T>C	1	0	0	14	22	0
1	159	C>T	1	0	0	22	22	0
1	160	C>T	1	0	0	0	0	0
1	161	A>T	1	0	0	0	0	25
1	162	G>T	1	15	20	16	14	24
1	163	A>G	1	0	0	9	0	0
1	164	C>A	1	0	0	24	0	0
1	165	C>G	1	0	0	0	0	0
1	166	T>G	1	0	0	0	0	0
1	167	A>G	1	28	19	19	18	24
1	168	A>T	1	0	0	12	0	0
1	169	T>A	1	0	0	0	0	0
1	170	A>T	1	8	0	0	0	0
1	171	G>A	1	0	0	0	0	0
1	172	C>A	1	37	0	0	0	31
1	173	T>C	1	8	0	0	0	0
1	174	A>C	1	0	0	0	0	0
1	175	T>C	1	15	29	22	21	38
1	176	T>C	1	0	0	15	19	0
1	177	C>G	1	21	41	28	54	27
1	178	G>C	1	17	59	34	46	20
1	179	C>A	1	0	0	0	0	0
1	180	G>A	1	0	0	0	0	0
1	181	G>C	1	0	0	18	15	0
1	182	G>A	1	0	0	0	0	0
1	183	T>G	1	0	0	0	0	0
1	184	A>C	1	39	0	0	0	29
1	185	T>G	1	0	0	0	0	0
1	186	A>T	1	9	0	0	0	0
1	187	A>T	1	9	0	0	0	0
1	188	C>G	1	0	0	0	0	0
1	189	C>G	1	0	0	15	0	0
1	190	G>T	1	18	47	29	54	16
1	191	C>A	1	0	0	0	0	21
1	192	A>C	1	0	0	0	0	0
1	193	G>A	1	0	0	0	0	39
1	194	C>T	1	0	0	0	0	0
1	195	A>C	1	0	0	11	13	0
1	196	C>T	1	0	0	0	0	0
1	197	G>T	1	0	0	18	22	0
1	198	G>T	1	28	0	0	0	0
1	199	A>G	1	11	0	0	0	0
