#chr	position	description	normal	sample0	sample1	sample2	sample3	sample4	sample5	sample6	sample7	sample8	sample9	sample10	sample11	sample12	sample13	sample14
1	1	1	0	0.112540192926	0.0978372811535	0.0	0.0	0.0	0.0	0.0	0.0	0.0	0.0	0.0734989648033	0.0994035785288	0.0	0.0838323353293	0.0
2	1	1	0	0.0	0.0	0.151885830785	0.164133738602	0.111670020121	0.0	0.0	0.229613733906	0.116346153846	0.0	0.128497409326	0.0	0.141335914811	0.124352331606	0.188622754491
3	1	1	0	0.19881305638	0.170254403131	0.169404517454	0.184368737475	0.104838709677	0.212851405622	0.214717741935	0.230847803882	0.123548046463	0.0	0.128151260504	0.191235059761	0.265625	0.24692526017	0.175421209118
4	1	1	0	0.0	0.162882527147	0.0	0.0	0.126357354393	0.0	0.139626352016	0.0	0.0	0.0	0.0	0.0	0.0922279792746	0.140845070423	0.146798029557
5	1	1	0	0.31704885344	0.257620452311	0.196787148594	0.209466263847	0.411996066863	0.254403131115	0.148185483871	0.24777887463	0.147852147852	0.0	0.258726899384	0.303462321792	0.10396039604	0.230605738576	0.140019860973
6	1	1	0	0.0	0.0	0.153153153153	0.155753968254	0.102926337033	0.0	0.0	0.22695035461	0.112024665982	0.0	0.128630705394	0.0	0.109165808445	0.130653266332	0.158186864015
7	1	1	0	0.29898989899	0.256231306082	0.213098729228	0.231632653061	0.380228136882	0.253112033195	0.145708582834	0.24008138352	0.153182308522	0.0	0.276162790698	0.305322128852	0.0847280334728	0.239173228346	0.144083969466
8	1	1	0	0.321392016377	0.2646484375	0.195378151261	0.223516949153	0.420498084291	0.273612463486	0.139979859013	0.253319713994	0.138916256158	0.0	0.285434995112	0.321997874601	0.0994923857868	0.247	0.154589371981
9	1	1	0	0.18549905838	0.167652859961	0.170191339376	0.156345177665	0.099297893681	0.236269430052	0.219895287958	0.221800947867	0.114432989691	0.0	0.109126984127	0.207778915046	0.314531548757	0.287848605578	0.167818361303
10	1	1	0	0.0	0.0	0.151767151767	0.171487603306	0.107485604607	0.0	0.0	0.235236220472	0.127016129032	0.0	0.129937629938	0.0	0.12093495935	0.124357656732	0.164519326065
11	1	1	0	0.304022450889	0.284158415842	0.217131474104	0.218163869694	0.376996805112	0.273652085453	0.150887573964	0.259448416752	0.15479876161	0.0	0.251844046365	0.305135951662	0.102296450939	0.250263991552	0.11801242236
12	1	1	0	0.293824701195	0.24248496994	0.215053763441	0.228751311647	0.410204081633	0.242548818088	0.130831643002	0.2939453125	0.137512639029	0.0	0.284848484848	0.297297297297	0.0876656472987	0.229636898921	0.116302186879
13	1	1	0	0.0	0.0	0.0	0.0	0.0	0.0	0.133202742409	0.0	0.0	0.0	0.0	0.0	0.0909090909091	0.0	0.136111111111
14	1	1	0	0.0	0.0	0.0	0.0	0.0	0.0	0.156686626747	0.0	0.0	0.0	0.0	0.0	0.0974874371859	0.0	0.141187925998
15	1	1	0	0.115660184237	0.10598626104	0.0	0.0	0.0	0.0	0.0	0.0	0.0	0.0	0.0905472636816	0.10510805501	0.0	0.0821114369501	0.0
16	1	1	0	0.0	0.0855130784708	0.0	0.127976190476	0.0	0.0	0.124229979466	0.0	0.0	0.126346718903	0.0	0.0	0.0	0.0	0.0
17	1	1	0	0.310932798395	0.281648675172	0.185858585859	0.196858638743	0.386773547094	0.274949083503	0.144724556489	0.286706349206	0.157480314961	0.0	0.253306205493	0.323284823285	0.107740585774	0.210579857579	0.140733399405
18	1	1	0	0.0	0.1	0.0	0.108468125595	0.0	0.0	0.115678776291	0.0	0.0	0.117346938776	0.0	0.0	0.0	0.0	0.0
19	1	1	0	0.294527363184	0.249482401656	0.189759036145	0.207293666027	0.391044776119	0.257023933403	0.146	0.260997067449	0.152723735409	0.0	0.24213836478	0.327235772358	0.0984924623116	0.243076923077	0.119842829077
20	1	1	0	0.0900809716599	0.0891191709845	0.0	0.0	0.0	0.0	0.0	0.0	0.0	0.0	0.0625	0.125248508946	0.0	0.0884543761639	0.0
21	1	1	0	0.0	0.0	0.0	0.0	0.0	0.0	0.148606811146	0.0	0.0	0.0	0.0	0.0	0.103646833013	0.0	0.150809716599
22	1	1	0	0.207171314741	0.162109375	0.157786885246	0.164959016393	0.114314115308	0.262311557789	0.265797392177	0.225269343781	0.12426035503	0.0	0.12077294686	0.175048355899	0.260019550342	0.259941804074	0.173189823875
23	1	1	0	0.0	0.0	0.117073170732	0.0	0.0	0.0	0.0	0.0	0.115884115884	0.155378486056	0.0922431865828	0.0	0.0	0.0	0.0
24	1	1	0	0.307150050352	0.234279918864	0.216566866267	0.211382113821	0.388943731491	0.267591674926	0.148514851485	0.258415841584	0.128205128205	0.0	0.271825396825	0.347567030785	0.0969827586207	0.229061553986	0.123595505618
25	1	1	0	0.0	0.0794979079498	0.0	0.119186046512	0.0	0.0	0.126204238921	0.0	0.0	0.117302052786	0.0	0.0	0.0	0.0	0.0
26	1	1	0	0.110647181628	0.0947580645161	0.0	0.0	0.0	0.0	0.0	0.0	0.0	0.0	0.104125736739	0.0991649269311	0.0	0.0877531340405	0.0
27	1	1	0	0.0979797979798	0.0731244064577	0.0	0.0	0.0	0.0	0.0	0.0	0.0	0.0	0.0860860860861	0.119477911647	0.0	0.0865758754864	0.0
28	1	1	0	0.0	0.0897959183673	0.0	0.110659898477	0.0	0.0	0.125719769674	0.0	0.0	0.126732673267	0.0	0.0	0.0	0.0	0.0
29	1	1	0	0.107614213198	0.098311817279	0.0	0.0	0.0	0.0	0.0	0.0	0.0	0.0	0.0916666666667	0.100105374078	0.0	0.0815738963532	0.0
30	1	1	0	0.483168316832	0.416502946955	0.330392156863	0.250533049041	0.402584493042	0.486540378863	0.368471953578	0.275691699605	0.3671875	0.357071213641	0.339896373057	0.481963927856	0.386875612145	0.364729458918	0.335030549898
31	1	1	0	0.488721804511	0.413962635202	0.327852004111	0.218309859155	0.415094339623	0.516582914573	0.394605394605	0.241098677518	0.37890625	0.36393442623	0.40847983454	0.503891050584	0.370149253731	0.375498007968	0.31654676259
32	1	1	0	0.5163599182	0.438974358974	0.319538017324	0.227450980392	0.402623612513	0.507583417594	0.353734439834	0.270684371808	0.375	0.391089108911	0.387192118227	0.470766129032	0.377985462098	0.374213836478	0.334657398213
33	1	1	0	0.0	0.0	0.182839632278	0.188720173536	0.0916666666667	0.0	0.0	0.246713852376	0.122489959839	0.0	0.141129032258	0.0	0.107429718876	0.116895874263	0.181818181818
34	1	1	0	0.0	0.157425742574	0.1907957814	0.224568138196	0.268172888016	0.28338762215	0.154845154845	0.0	0.155844155844	0.0	0.189017951426	0.205544933078	0.0971153846154	0.145127118644	0.132368148914
35	1	1	0	0.493815413892	0.39898989899	0.333333333333	0.221991701245	0.407179487179	0.485380116959	0.344930417495	0.244755244755	0.35	0.374115267947	0.382851445663	0.524291497976	0.377581120944	0.355648535565	0.331282051282
36	1	1	0	0.0	0.0826359832636	0.0	0.109207708779	0.0	0.0	0.120857699805	0.0	0.0	0.135991820041	0.0	0.0	0.0	0.0	0.0
37	1	1	0	0.0	0.0	0.170829170829	0.165280665281	0.110243902439	0.0	0.0	0.206206206206	0.111445783133	0.0	0.125	0.0	0.114503816794	0.135108481262	0.166494312306
38	1	1	0	0.0976331360947	0.0824949698189	0.0	0.0	0.0	0.0	0.0	0.0	0.0	0.0	0.101765316719	0.125123152709	0.0	0.0786948176583	0.0
39	1	1	0	0.186180422265	0.144869215292	0.159663865546	0.181725888325	0.118908382066	0.234607218684	0.230541871921	0.227366255144	0.13768115942	0.0	0.151821862348	0.194	0.264794383149	0.276985743381	0.198
40	1	1	0	0.134061569017	0.0977068793619	0.0	0.0	0.0	0.0	0.0	0.0	0.0	0.0	0.0977822580645	0.0927218344965	0.0	0.083	0.0
41	1	1	0	0.110091743119	0.0886075949367	0.0	0.0	0.0	0.0	0.0	0.0	0.0	0.0	0.113360323887	0.102590673575	0.0	0.0858283433134	0.0
42	1	1	0	0.495609756098	0.39367816092	0.35129740519	0.233974358974	0.35663627153	0.50206185567	0.390197926484	0.287401574803	0.383756345178	0.407156673114	0.355005159959	0.508180943215	0.390715667311	0.398580121704	0.313300492611
43	1	1	0	0.0	0.0882647943831	0.0	0.102145045965	0.0	0.0	0.139653414883	0.0	0.0	0.131379962193	0.0	0.0	0.0	0.0	0.0
44	1	1	0	0.184340931615	0.148717948718	0.154154154154	0.172172172172	0.0892307692308	0.248688352571	0.205348615091	0.216757741348	0.119565217391	0.0	0.131422924901	0.186758893281	0.274096385542	0.265674814028	0.171314741036
45	1	1	0	0.0	0.160932297447	0.209278350515	0.243216080402	0.272121788773	0.26432160804	0.155638397018	0.0	0.145833333333	0.0	0.180244399185	0.209279368213	0.113590263692	0.181	0.137998056365
46	1	1	0	0.0	0.0	0.15369261477	0.168571428571	0.099297893681	0.0	0.0	0.22607879925	0.134042553191	0.0	0.134221311475	0.0	0.11921182266	0.130805687204	0.177202072539
47	1	1	0	0.0982986767486	0.0781089414183	0.0	0.0	0.0	0.0	0.0	0.0	0.0	0.0	0.0796019900498	0.114837398374	0.0	0.0813253012048	0.0
48	1	1	0	0.0	0.0912820512821	0.0	0.106503298775	0.0	0.0	0.111770524233	0.0	0.0	0.1137487636	0.0	0.0	0.0	0.0	0.0
49	1	1	0	0.200610997963	0.153444676409	0.160282258065	0.166495375128	0.086491739553	0.238001958864	0.217853347503	0.235637779942	0.107142857143	0.0	0.133464180569	0.203339882122	0.257650542942	0.265609514371	0.168462291871
50	1	1	0	0.205177372963	0.146294513956	0.173346693387	0.164179104478	0.123975409836	0.245994344958	0.238862559242	0.241850683491	0.123910939013	0.0	0.141039236479	0.179254783484	0.280612244898	0.257142857143	0.179385530228
51	1	1	0	0.301905717151	0.272727272727	0.205588822355	0.217255717256	0.40730067243	0.258032128514	0.149402390438	0.295341922696	0.162085308057	0.0	0.238390092879	0.304852320675	0.0873983739837	0.24081237911	0.133333333333
52	1	1	0	0.0	0.0785498489426	0.0	0.0978593272171	0.0	0.0	0.115384615385	0.0	0.0	0.133399209486	0.0	0.0	0.0	0.0	0.0
53	1	1	0	0.187030075188	0.16253716551	0.171890798787	0.183477425552	0.0918972332016	0.239463601533	0.223458038423	0.217871485944	0.133200795229	0.0	0.163509471585	0.196390658174	0.252216748768	0.293279022403	0.180685358255
54	1	1	0	0.173228346457	0.13508260447	0.147557328016	0.167167167167	0.0969637610186	0.25383828045	0.241869918699	0.238047808765	0.11394891945	0.0	0.127619047619	0.195610687023	0.262327416174	0.277617675312	0.16091954023
55	1	1	0	0.312438785504	0.251776649746	0.203515263645	0.205357142857	0.389473684211	0.258032128514	0.135275754422	0.267748478702	0.161964472309	0.0	0.269268292683	0.30297029703	0.0959843290891	0.235467980296	0.137897782064
56	1	1	0	0.0	0.0856067732832	0.0	0.123370110331	0.0	0.0	0.123505976096	0.0	0.0	0.140478668054	0.0	0.0	0.0	0.0	0.0
57	1	1	0	0.113821138211	0.0997963340122	0.0	0.0	0.0	0.0	0.0	0.0	0.0	0.0	0.084452975048	0.110557768924	0.0	0.0699233716475	0.0
58	1	1	0	0.123209169054	0.0867768595041	0.0	0.0	0.0	0.0	0.0	0.0	0.0	0.0	0.0971943887776	0.112513144059	0.0	0.0944498539435	0.0
59	1	1	0	0.0	0.0	0.0	0.0	0.0	0.0	0.142561983471	0.0	0.0	0.0	0.0	0.0	0.103547459252	0.0	0.120041753653
60	1	1	0	0.202213279678	0.163245356794	0.150360453141	0.156050955414	0.111445783133	0.240570846075	0.250984251969	0.236269430052	0.0980392156863	0.0	0.130616509927	0.184	0.269308943089	0.269906928645	0.157407407407
61	1	1	0	0.0	0.0882061446977	0.0	0.114052953157	0.0	0.0	0.119092627599	0.0	0.0	0.120634920635	0.0	0.0	0.0	0.0	0.0
62	1	1	0	0.482178217822	0.414358974359	0.360655737705	0.229102167183	0.436734693878	0.470355731225	0.395463510848	0.259858442872	0.379710144928	0.375249500998	0.371794871795	0.483300589391	0.361271676301	0.365497076023	0.34126984127
63	1	1	0	0.0	0.073673870334	0.0	0.1088794926	0.0	0.0	0.127530364372	0.0	0.0	0.133470225873	0.0	0.0	0.0	0.0	0.0
64	1	1	0	0.11690821256	0.100952380952	0.0	0.0	0.0	0.0	0.0	0.0	0.0	0.0	0.0938661710037	0.112008072654	0.0	0.076608784474	0.0
65	1	1	0	0.0	0.0	0.147115384615	0.0	0.0	0.0	0.0	0.0	0.102123356926	0.167964404894	0.107429718876	0.0	0.0	0.0	0.0
66	1	1	0	0.187692307692	0.149381541389	0.143002028398	0.172307692308	0.115736040609	0.229968782518	0.23353909465	0.235167206041	0.119	0.0	0.117706237425	0.194258373206	0.303462321792	0.254841997961	0.191616766467
67	1	1	0	0.0	0.0	0.165208940719	0.182089552239	0.103921568627	0.0	0.0	0.221782178218	0.130260521042	0.0	0.119959677419	0.0	0.133196721311	0.116438356164	0.190900098912
68	1	1	0	0.0	0.0	0.163836163836	0.166169154229	0.0971817298348	0.0	0.0	0.231898238748	0.123983739837	0.0	0.114978902954	0.0	0.132924335378	0.117010816126	0.16715542522
69	1	1	0	0.0	0.0	0.0	0.0	0.0	0.0	0.136363636364	0.0	0.0	0.0	0.0	0.0	0.0888661899898	0.0	0.137463697967
70	1	1	0	0.0960163432074	0.085977482088	0.0	0.0	0.0	0.0	0.0	0.0	0.0	0.0	0.0908212560386	0.127394636015	0.0	0.0848303393214	0.0
71	1	1	0	0.105691056911	0.0970970970971	0.0	0.0	0.0	0.0	0.0	0.0	0.0	0.0	0.0915712799168	0.116011505273	0.0	0.0900900900901	0.0
72	1	1	0	0.120833333333	0.0984095427435	0.0	0.0	0.0	0.0	0.0	0.0	0.0	0.0	0.0897435897436	0.100518134715	0.0	0.074	0.0
73	1	1	0	0.1201171875	0.0932286555447	0.0	0.0	0.0	0.0	0.0	0.0	0.0	0.0	0.0891393442623	0.135841170324	0.0	0.100652376514	0.0
74	1	1	0	0.0	0.101678183613	0.0	0.11	0.0	0.0	0.140120967742	0.0	0.0	0.122115384615	0.0	0.0	0.0	0.0	0.0
75	1	1	0	0.105480868666	0.0776031434185	0.0	0.0	0.0	0.0	0.0	0.0	0.0	0.0	0.0902708124373	0.0970970970971	0.0	0.0600193610842	0.0
76	1	1	0	0.205938697318	0.159728944821	0.137180700095	0.164	0.0944498539435	0.265524625268	0.210321324245	0.226061204344	0.121343445287	0.0	0.143856143856	0.185294117647	0.283073929961	0.255600814664	0.17571884984
77	1	1	0	0.109343936382	0.109090909091	0.0	0.0	0.0	0.0	0.0	0.0	0.0	0.0	0.0843023255814	0.110337972167	0.0	0.0830945558739	0.0
78	1	1	0	0.0	0.14552605703	0.0	0.0	0.127701375246	0.0	0.164812942366	0.0	0.0	0.0	0.0	0.0	0.0813093980993	0.158266129032	0.13508260447
79	1	1	0	0.0	0.0948191593353	0.0	0.12012012012	0.0	0.0	0.134462151394	0.0	0.0	0.129533678756	0.0	0.0	0.0	0.0	0.0
80	1	1	0	0.0	0.0	0.147245762712	0.173913043478	0.112934362934	0.0	0.0	0.217700915565	0.131578947368	0.0	0.131736526946	0.0	0.131034482759	0.143141153082	0.175146771037
81	1	1	0	0.104581673307	0.0839024390244	0.0	0.0	0.0	0.0	0.0	0.0	0.0	0.0	0.0884030418251	0.120798319328	0.0	0.0718816067653	0.0
82	1	1	0	0.118	0.0857142857143	0.0	0.0	0.0	0.0	0.0	0.0	0.0	0.0	0.0940082644628	0.10298661174	0.0	0.0755873340143	0.0
83	1	1	0	0.0	0.0	0.135406218656	0.0	0.0	0.0	0.0	0.0	0.0940438871473	0.174265450861	0.11889596603	0.0	0.0	0.0	0.0
84	1	1	0	0.0	0.098078867543	0.0	0.102021174206	0.0	0.0	0.110547667343	0.0	0.0	0.127077223851	0.0	0.0	0.0	0.0	0.0
85	1	1	0	0.288954635108	0.27079303675	0.195583596215	0.192534381139	0.380619380619	0.255523535062	0.147738693467	0.243445692884	0.13627254509	0.0	0.220820189274	0.340143003064	0.0968421052632	0.232649071359	0.134358974359
86	1	1	0	0.105699481865	0.0986460348162	0.0	0.0	0.0	0.0	0.0	0.0	0.0	0.0	0.0960076045627	0.109360518999	0.0	0.0835051546392	0.0
87	1	1	0	0.0	0.0870425321464	0.0	0.108050847458	0.0	0.0	0.122772277228	0.0	0.0	0.125408942203	0.0	0.0	0.0	0.0	0.0
88	1	1	0	0.316894018888	0.25937183384	0.20636550308	0.235236220472	0.379276637341	0.249258160237	0.14936440678	0.270833333333	0.141843971631	0.0	0.267477203647	0.30583501006	0.104187946885	0.260385005066	0.136141038198
89	1	1	0	0.185185185185	0.161094224924	0.145061728395	0.168032786885	0.089519650655	0.24925224327	0.236051502146	0.232198142415	0.116374871267	0.0	0.11833171678	0.190854870775	0.240118577075	0.277083333333	0.213471502591
90	1	1	0	0.0	0.163965681602	0.209236569274	0.228338430173	0.267561983471	0.260700389105	0.129981024668	0.0	0.176470588235	0.0	0.173155737705	0.187891440501	0.103773584906	0.14889123548	0.137724550898
91	1	1	0	0.0	0.0	0.0	0.0	0.0	0.0	0.146315789474	0.0	0.0	0.0	0.0	0.0	0.0902708124373	0.0	0.138211382114
92	1	1	0	0.0	0.0	0.137895812053	0.176811594203	0.0929791271347	0.0	0.0	0.23512195122	0.114451988361	0.0	0.130303030303	0.0	0.115727002967	0.144855144855	0.181308411215
93	1	1	0	0.0	0.0	0.0	0.0	0.0	0.0	0.144519883608	0.0	0.0	0.0	0.0	0.0	0.101593625498	0.0	0.136590229312
94	1	1	0	0.217301750772	0.14554973822	0.152834008097	0.160312805474	0.0949119373777	0.249007936508	0.222947761194	0.239193083573	0.123848515865	0.0	0.137313432836	0.190669371197	0.277426160338	0.255297679112	0.158562367865
95	1	1	0	0.298611111111	0.258671952428	0.203007518797	0.24245472837	0.399802566634	0.265285996055	0.153614457831	0.280464216634	0.1494140625	0.0	0.276097560976	0.293658536585	0.108808290155	0.226041666667	0.130391173521
96	1	1	0	0.105154639175	0.0787401574803	0.0	0.0	0.0	0.0	0.0	0.0	0.0	0.0	0.0853540252182	0.116514690983	0.0	0.0855397148676	0.0
97	1	1	0	0.196324951644	0.158051689861	0.180883864337	0.186597938144	0.112068965517	0.229015544041	0.236763236763	0.230452674897	0.115871470302	0.0	0.13627254509	0.201816347124	0.27657480315	0.266	0.144422310757
98	1	1	0	0.0	0.0822596630327	0.0	0.0941883767535	0.0	0.0	0.129571577847	0.0	0.0	0.12987012987	0.0	0.0	0.0	0.0	0.0
99	1	1	0	0.116618075802	0.0898321816387	0.0	0.0	0.0	0.0	0.0	0.0	0.0	0.0	0.0959752321981	0.114173228346	0.0	0.0787321063395	0.0
100	1	1	0	0.0	0.0848427073403	0.0	0.12027833002	0.0	0.0	0.128205128205	0.0	0.0	0.14678030303	0.0	0.0	0.0	0.0	0.0
