#chr	normal	sample0	sample1	sample2	sample3	sample4	sample5	sample6	sample7	sample8	sample9
0	0	0.0	0.141414141414	0.0	0.0	0.0	0.0	0.0	0.121739130435	0.0	0.0
1	0	0.0897435897436	0.0810810810811	0.0	0.0	0.15	0.239583333333	0.0	0.0	0.12	0.0
2	0	0.0	0.0	0.0	0.0	0.0	0.326086956522	0.0	0.228260869565	0.259615384615	0.289719626168
3	0	0.0	0.0	0.0	0.0	0.0	0.268817204301	0.0	0.111111111111	0.283018867925	0.258426966292
4	0	0.0	0.106382978723	0.0952380952381	0.232558139535	0.0	0.286956521739	0.147368421053	0.190909090909	0.252747252747	0.321100917431
5	0	0.222222222222	0.116883116883	0.0	0.0	0.15625	0.245098039216	0.0	0.0	0.13	0.0
6	0	0.0	0.0	0.0	0.0	0.0	0.247311827957	0.0	0.0990990990991	0.27380952381	0.295238095238
7	0	0.196581196581	0.0851063829787	0.0	0.0	0.147058823529	0.212121212121	0.0	0.0	0.198113207547	0.0
8	0	0.188679245283	0.115384615385	0.0	0.0	0.151785714286	0.227722772277	0.0	0.0	0.209302325581	0.0
9	0	0.330434782609	0.339449541284	0.377551020408	0.21978021978	0.408602150538	0.538461538462	0.369047619048	0.268817204301	0.53982300885	0.4375
10	0	0.0	0.105263157895	0.0	0.0	0.0	0.0	0.0	0.188679245283	0.0	0.0
11	0	0.201834862385	0.171717171717	0.0	0.0	0.121212121212	0.216494845361	0.0	0.0	0.25	0.0
12	0	0.111111111111	0.136842105263	0.0	0.0	0.0877192982456	0.168224299065	0.0	0.0	0.19801980198	0.0
13	0	0.116883116883	0.0786516853933	0.0	0.0	0.214285714286	0.287234042553	0.0	0.0	0.198275862069	0.0
14	0	0.0	0.0	0.0	0.0	0.0	0.225806451613	0.0	0.127450980392	0.279569892473	0.265306122449
15	0	0.0	0.148936170213	0.0	0.269230769231	0.0	0.298969072165	0.28	0.270588235294	0.266666666667	0.363636363636
16	0	0.0957446808511	0.12380952381	0.0	0.0	0.0	0.0	0.0	0.191304347826	0.0	0.0
17	0	0.0	0.17	0.0	0.0	0.159090909091	0.0	0.140350877193	0.0	0.0	0.0
18	0	0.0	0.0	0.0	0.0	0.0	0.327102803738	0.0	0.137096774194	0.271739130435	0.275229357798
19	0	0.168539325843	0.12962962963	0.0	0.0	0.18018018018	0.151260504202	0.0	0.0	0.225490196078	0.0
20	0	0.394495412844	0.383838383838	0.377777777778	0.191489361702	0.5625	0.510416666667	0.322916666667	0.259615384615	0.510638297872	0.431578947368
21	0	0.0	0.0	0.0	0.0	0.0	0.342857142857	0.0	0.0659340659341	0.268817204301	0.274725274725
22	0	0.161290322581	0.127272727273	0.0	0.0	0.0625	0.168316831683	0.0	0.0	0.168421052632	0.0
23	0	0.210526315789	0.144230769231	0.0	0.0	0.0	0.0	0.0	0.101851851852	0.0	0.0
24	0	0.161290322581	0.0731707317073	0.0	0.0	0.136363636364	0.211111111111	0.0	0.0	0.175438596491	0.0
25	0	0.20202020202	0.0963855421687	0.0	0.0	0.132075471698	0.25	0.0	0.0	0.178571428571	0.0
26	0	0.142857142857	0.127659574468	0.0	0.0	0.0982142857143	0.214285714286	0.0	0.0	0.15306122449	0.0
27	0	0.0	0.15625	0.0	0.271844660194	0.0	0.333333333333	0.140350877193	0.351351351351	0.274509803922	0.227722772277
28	0	0.145631067961	0.155555555556	0.0	0.0	0.121495327103	0.27358490566	0.0	0.0	0.166666666667	0.0
29	0	0.0	0.0	0.0	0.0	0.0	0.0	0.0	0.0	0.0	0.0
30	0	0.0	0.0	0.0	0.0	0.0	0.0	0.0	0.0	0.0	0.0
31	0	0.0	0.0	0.0	0.0	0.0	0.226804123711	0.0	0.125	0.258064516129	0.243243243243
32	0	0.189473684211	0.136363636364	0.0	0.0	0.1	0.140350877193	0.0	0.0	0.148514851485	0.0
33	0	0.0	0.0	0.0	0.0	0.0	0.260869565217	0.0	0.14606741573	0.317307692308	0.317307692308
34	0	0.0	0.139130434783	0.0	0.219047619048	0.0	0.28431372549	0.19587628866	0.263157894737	0.268817204301	0.295454545455
35	0	0.164948453608	0.107843137255	0.0	0.0	0.186274509804	0.1875	0.0	0.0	0.168421052632	0.0
36	0	0.0	0.0505050505051	0.0	0.25	0.0	0.281553398058	0.192307692308	0.224299065421	0.326086956522	0.275
37	0	0.0515463917526	0.102564102564	0.0	0.0	0.205479452055	0.233009708738	0.0	0.0	0.229357798165	0.0
38	0	0.367924528302	0.361904761905	0.397959183673	0.223404255319	0.475247524752	0.510869565217	0.3	0.261682242991	0.545454545455	0.566666666667
39	0	0.340425531915	0.350877192982	0.40625	0.255319148936	0.467391304348	0.5	0.290322580645	0.240384615385	0.548780487805	0.509615384615
40	0	0.0	0.0	0.0	0.0	0.0	0.287037037037	0.0	0.159090909091	0.314606741573	0.267326732673
41	0	0.0	0.0	0.0	0.0	0.0	0.0	0.0	0.0	0.0	0.0
42	0	0.189473684211	0.0849056603774	0.0	0.0	0.117647058824	0.294117647059	0.0	0.0	0.25	0.0
43	0	0.133333333333	0.134615384615	0.0	0.0	0.126436781609	0.268817204301	0.0	0.0	0.132530120482	0.0
44	0	0.0	0.0	0.162790697674	0.203883495146	0.0	0.0	0.111111111111	0.127118644068	0.0	0.0
45	0	0.24	0.103092783505	0.0	0.0	0.0561797752809	0.144230769231	0.0	0.0	0.157894736842	0.0
46	0	0.154639175258	0.0740740740741	0.0	0.0	0.15652173913	0.2	0.0	0.0	0.172043010753	0.0
47	0	0.0	0.0	0.0	0.0	0.0	0.351851851852	0.0	0.161616161616	0.277777777778	0.287128712871
48	0	0.19298245614	0.137254901961	0.0	0.0	0.151515151515	0.203539823009	0.0	0.0	0.25	0.0
49	0	0.0	0.0	0.0	0.0	0.0	0.0	0.0	0.0	0.0	0.0
50	0	0.190476190476	0.106194690265	0.0	0.0	0.135135135135	0.271844660194	0.0	0.0	0.191919191919	0.0
51	0	0.12987012987	0.10101010101	0.0	0.0	0.161290322581	0.181818181818	0.0	0.0	0.254237288136	0.0
52	0	0.165137614679	0.128712871287	0.0	0.0	0.151162790698	0.201923076923	0.0	0.0	0.21	0.0
53	0	0.0	0.0	0.0	0.0	0.0	0.326530612245	0.0	0.148148148148	0.339130434783	0.228915662651
54	0	0.123595505618	0.0909090909091	0.0	0.0	0.131313131313	0.177777777778	0.0	0.0	0.16	0.0
55	0	0.0	0.102040816327	0.0	0.223529411765	0.0	0.285714285714	0.1875	0.298969072165	0.247524752475	0.224489795918
56	0	0.121212121212	0.0744680851064	0.0	0.0	0.122448979592	0.283018867925	0.0	0.0	0.147058823529	0.0
57	0	0.196261682243	0.0900900900901	0.0	0.0	0.0978260869565	0.256637168142	0.0	0.0	0.233644859813	0.0
58	0	0.21875	0.106382978723	0.0	0.0	0.102272727273	0.189473684211	0.0	0.0	0.255102040816	0.0
59	0	0.0	0.0795454545455	0.0	0.254716981132	0.0	0.355140186916	0.158536585366	0.269230769231	0.189873417722	0.190476190476
60	0	0.365384615385	0.383838383838	0.283950617284	0.26	0.457446808511	0.5	0.422222222222	0.263157894737	0.444444444444	0.56043956044
61	0	0.0	0.0	0.0	0.0	0.0	0.266055045872	0.0	0.170212765957	0.388888888889	0.323529411765
62	0	0.211538461538	0.0823529411765	0.0	0.0	0.128205128205	0.219047619048	0.0	0.0	0.197674418605	0.0
63	0	0.0	0.0645161290323	0.0	0.236559139785	0.0	0.369369369369	0.18	0.272727272727	0.315315315315	0.268817204301
64	0	0.0	0.163265306122	0.0	0.0	0.252525252525	0.0	0.2	0.0	0.0	0.0
65	0	0.0	0.0	0.0	0.0	0.0	0.0	0.0	0.0	0.0	0.0
66	0	0.141666666667	0.0918367346939	0.0	0.0	0.141509433962	0.233644859813	0.0	0.0	0.0714285714286	0.0
67	0	0.108910891089	0.117021276596	0.0	0.0	0.142857142857	0.268817204301	0.0	0.0	0.175257731959	0.0
68	0	0.0	0.132075471698	0.0	0.259615384615	0.0	0.298850574713	0.22	0.154639175258	0.306306306306	0.275510204082
69	0	0.130434782609	0.135802469136	0.0	0.0	0.0882352941176	0.223529411765	0.0	0.0	0.236559139785	0.0
70	0	0.21875	0.0952380952381	0.0	0.0	0.109756097561	0.192660550459	0.0	0.0	0.216981132075	0.0
71	0	0.0909090909091	0.135416666667	0.0	0.0	0.145299145299	0.144329896907	0.0	0.0	0.225806451613	0.0
72	0	0.129032258065	0.117647058824	0.0	0.0	0.170212765957	0.236363636364	0.0	0.0	0.21	0.0
73	0	0.0	0.0	0.0	0.0	0.0	0.0	0.0	0.0	0.0	0.0
74	0	0.0	0.049504950495	0.0	0.0	0.189473684211	0.0	0.192307692308	0.0	0.0	0.0
75	0	0.0	0.0	0.0	0.0	0.0	0.298969072165	0.0	0.130841121495	0.344444444444	0.24
76	0	0.0989010989011	0.111111111111	0.0	0.0	0.184466019417	0.25	0.0	0.0	0.212389380531	0.0
77	0	0.18085106383	0.135416666667	0.0	0.0	0.0	0.0	0.0	0.1	0.0	0.0
78	0	0.0	0.160377358491	0.0	0.245283018868	0.0	0.279279279279	0.178947368421	0.194444444444	0.323232323232	0.288888888889
79	0	0.10843373494	0.223684210526	0.0	0.0	0.0	0.0	0.0	0.103092783505	0.0	0.0
80	0	0.173469387755	0.0618556701031	0.0	0.0	0.169811320755	0.179245283019	0.0	0.0	0.134615384615	0.0
81	0	0.0	0.13829787234	0.0	0.25641025641	0.0	0.281818181818	0.202127659574	0.217821782178	0.323529411765	0.141414141414
82	0	0.336448598131	0.338582677165	0.373737373737	0.194174757282	0.581395348837	0.511363636364	0.336842105263	0.237623762376	0.395833333333	0.536585365854
83	0	0.0	0.0927835051546	0.131313131313	0.216981132075	0.0	0.221153846154	0.188118811881	0.261363636364	0.287356321839	0.34
84	0	0.0	0.0	0.0	0.0	0.0	0.264150943396	0.0	0.151515151515	0.263636363636	0.179775280899
85	0	0.10989010989	0.125	0.0	0.0	0.147058823529	0.202247191011	0.0	0.0	0.210526315789	0.0
86	0	0.0	0.0	0.0	0.0	0.0	0.25	0.0	0.0957446808511	0.38202247191	0.205357142857
87	0	0.163461538462	0.131313131313	0.0	0.0	0.214285714286	0.220338983051	0.0	0.0	0.225490196078	0.0
88	0	0.0736842105263	0.0510204081633	0.0	0.0	0.144444444444	0.21875	0.0	0.0	0.166666666667	0.0
89	0	0.0	0.0	0.0	0.0	0.0	0.247311827957	0.0	0.155555555556	0.354166666667	0.282608695652
90	0	0.318181818182	0.39603960396	0.361904761905	0.216666666667	0.509615384615	0.488888888889	0.362831858407	0.285714285714	0.50495049505	0.584158415842
91	0	0.151515151515	0.0919540229885	0.0	0.0	0.0	0.0	0.0	0.177777777778	0.0	0.0
92	0	0.0	0.0	0.0	0.0	0.0	0.0	0.0	0.0	0.0	0.0
93	0	0.0	0.153846153846	0.0	0.252173913043	0.0	0.30303030303	0.0919540229885	0.20202020202	0.29	0.320388349515
94	0	0.161016949153	0.0963855421687	0.0	0.0	0.139130434783	0.152173913043	0.0	0.0	0.16049382716	0.0
95	0	0.197368421053	0.0853658536585	0.0	0.0	0.0777777777778	0.24	0.0	0.0	0.18085106383	0.0
96	0	0.0	0.0	0.0	0.0	0.0	0.336734693878	0.0	0.18018018018	0.30081300813	0.237623762376
97	0	0.0	0.111111111111	0.0	0.207920792079	0.0	0.364583333333	0.0576923076923	0.214953271028	0.34375	0.34
98	0	0.0	0.0	0.0	0.0	0.0	0.287356321839	0.0	0.116071428571	0.252336448598	0.26
99	0	0.0	0.150537634409	0.15625	0.0875	0.0	0.359223300971	0.153846153846	0.301075268817	0.30303030303	0.20618556701
