Num_mutations: 100
Num_samples: 10
Error_rate: 0.050000

1.972656250000000000e-01 0.000000000000000000e+00 0.000000000000000000e+00 0.000000000000000000e+00 3.035714285714285476e-01 0.000000000000000000e+00 0.000000000000000000e+00 0.000000000000000000e+00 0.000000000000000000e+00 3.157894736842105088e-01
2.404809619238476859e-01 0.000000000000000000e+00 0.000000000000000000e+00 5.884691848906560274e-01 0.000000000000000000e+00 0.000000000000000000e+00 0.000000000000000000e+00 3.138401559454190859e-01 0.000000000000000000e+00 0.000000000000000000e+00
0.000000000000000000e+00 0.000000000000000000e+00 0.000000000000000000e+00 0.000000000000000000e+00 1.967526265520534723e-01 2.539370078740157410e-01 4.564564564564564386e-01 0.000000000000000000e+00 3.224568138195777478e-01 0.000000000000000000e+00
2.175290390707497468e-01 0.000000000000000000e+00 0.000000000000000000e+00 5.697560975609755607e-01 0.000000000000000000e+00 0.000000000000000000e+00 0.000000000000000000e+00 3.053140096618357502e-01 0.000000000000000000e+00 0.000000000000000000e+00
9.638318670576735414e-01 1.004985044865403854e+00 9.823874755381604151e-01 1.018043684710351338e+00 9.742533470648815364e-01 1.044559585492228049e+00 1.000000000000000000e+00 1.028511087645195277e+00 1.006869479882237517e+00 1.023023023023023059e+00
1.918604651162790775e-01 0.000000000000000000e+00 0.000000000000000000e+00 6.172588832487310162e-01 0.000000000000000000e+00 0.000000000000000000e+00 0.000000000000000000e+00 3.298178331735378555e-01 0.000000000000000000e+00 0.000000000000000000e+00
2.217659137577002171e-01 0.000000000000000000e+00 0.000000000000000000e+00 6.418511066398390197e-01 0.000000000000000000e+00 0.000000000000000000e+00 0.000000000000000000e+00 3.310613437195715769e-01 0.000000000000000000e+00 0.000000000000000000e+00
2.393669634025717141e-01 0.000000000000000000e+00 0.000000000000000000e+00 5.838383838383838231e-01 0.000000000000000000e+00 0.000000000000000000e+00 0.000000000000000000e+00 3.349282296650717972e-01 0.000000000000000000e+00 0.000000000000000000e+00
2.670744138634046916e-01 0.000000000000000000e+00 0.000000000000000000e+00 6.129970902036857572e-01 0.000000000000000000e+00 0.000000000000000000e+00 0.000000000000000000e+00 3.095975232198142635e-01 0.000000000000000000e+00 0.000000000000000000e+00
0.000000000000000000e+00 0.000000000000000000e+00 0.000000000000000000e+00 0.000000000000000000e+00 1.842650103519668792e-01 2.326530612244897822e-01 4.623655913978494403e-01 0.000000000000000000e+00 3.690476190476190688e-01 0.000000000000000000e+00
1.904761904761904656e-01 0.000000000000000000e+00 0.000000000000000000e+00 0.000000000000000000e+00 3.141683778234086177e-01 0.000000000000000000e+00 0.000000000000000000e+00 0.000000000000000000e+00 0.000000000000000000e+00 3.100775193798449569e-01
3.326959847036328743e-01 6.018808777429467405e-01 0.000000000000000000e+00 0.000000000000000000e+00 3.479105928085519661e-01 4.658869395711500716e-01 0.000000000000000000e+00 3.568075117370891891e-01 6.917874396135266224e-01 3.858643744030563760e-01
0.000000000000000000e+00 0.000000000000000000e+00 0.000000000000000000e+00 0.000000000000000000e+00 2.036290322580645296e-01 2.461538461538461675e-01 5.573080967402733732e-01 0.000000000000000000e+00 3.446327683615819093e-01 0.000000000000000000e+00
0.000000000000000000e+00 0.000000000000000000e+00 0.000000000000000000e+00 0.000000000000000000e+00 1.945288753799392090e-01 2.474437627811860996e-01 5.467059980334316727e-01 0.000000000000000000e+00 3.415597235932872899e-01 0.000000000000000000e+00
2.037037037037036924e-01 0.000000000000000000e+00 0.000000000000000000e+00 0.000000000000000000e+00 2.977905859750240025e-01 0.000000000000000000e+00 0.000000000000000000e+00 0.000000000000000000e+00 0.000000000000000000e+00 3.029682702149437135e-01
5.389930898321816377e-01 5.937183383991894159e-01 5.922421948912015566e-01 0.000000000000000000e+00 3.759689922480620172e-01 4.618556701030928080e-01 0.000000000000000000e+00 6.941297631307929983e-01 7.227533460803059473e-01 3.111111111111111160e-01
2.454458293384467749e-01 0.000000000000000000e+00 0.000000000000000000e+00 6.059405940594059237e-01 0.000000000000000000e+00 0.000000000000000000e+00 0.000000000000000000e+00 3.288718929254302314e-01 0.000000000000000000e+00 0.000000000000000000e+00
0.000000000000000000e+00 0.000000000000000000e+00 0.000000000000000000e+00 0.000000000000000000e+00 1.841332027424094075e-01 2.160555004955401481e-01 4.451219512195122019e-01 0.000000000000000000e+00 3.542510121457490002e-01 0.000000000000000000e+00
0.000000000000000000e+00 0.000000000000000000e+00 0.000000000000000000e+00 0.000000000000000000e+00 1.853759011328527384e-01 2.352941176470588203e-01 4.816650148662041664e-01 0.000000000000000000e+00 3.526011560693641522e-01 0.000000000000000000e+00
5.722656250000000000e-01 6.272066458982347159e-01 5.980392156862744946e-01 0.000000000000000000e+00 3.611911623439000851e-01 4.663316582914572850e-01 0.000000000000000000e+00 6.862348178137651633e-01 6.251217137293086923e-01 3.216080402010050299e-01
1.887179487179487247e-01 0.000000000000000000e+00 0.000000000000000000e+00 0.000000000000000000e+00 3.170731707317073211e-01 0.000000000000000000e+00 0.000000000000000000e+00 0.000000000000000000e+00 0.000000000000000000e+00 2.571692876965772645e-01
1.004024144869215318e+00 1.021231422505307851e+00 9.785992217898832335e-01 9.664138678223185286e-01 1.052430886558627154e+00 1.063045586808923471e+00 1.043478260869565188e+00 9.813664596273291574e-01 1.046033300685602407e+00 9.715407262021590329e-01
0.000000000000000000e+00 0.000000000000000000e+00 0.000000000000000000e+00 0.000000000000000000e+00 1.738219895287958228e-01 2.487462387161484545e-01 4.816753926701570765e-01 0.000000000000000000e+00 3.380000000000000226e-01 0.000000000000000000e+00
2.479674796747967369e-01 3.850050658561297023e-01 4.199004975124377981e-01 9.910802775024777356e-01 0.000000000000000000e+00 2.905472636815920606e-01 0.000000000000000000e+00 3.093596059113300489e-01 0.000000000000000000e+00 3.663075416258569916e-01
2.532402791625124605e-01 0.000000000000000000e+00 0.000000000000000000e+00 6.082677165354331006e-01 0.000000000000000000e+00 0.000000000000000000e+00 0.000000000000000000e+00 2.724580454096742210e-01 0.000000000000000000e+00 0.000000000000000000e+00
1.050916496945010215e+00 9.142857142857142572e-01 9.881656804733728316e-01 1.099009900990099098e+00 1.019067796610169552e+00 9.882583170254403138e-01 9.928934010152283829e-01 9.511718750000000000e-01 9.878787878787879118e-01 1.023983315954118956e+00
2.451081359423274986e-01 3.785425101214575094e-01 4.496919917864476424e-01 9.788461538461538103e-01 0.000000000000000000e+00 2.774451097804391253e-01 0.000000000000000000e+00 2.601787487586891823e-01 0.000000000000000000e+00 4.248302618816682807e-01
2.509881422924901129e-01 3.686818632309217247e-01 4.517412935323383283e-01 9.630331753554501883e-01 0.000000000000000000e+00 2.420634920634920639e-01 0.000000000000000000e+00 3.120155038759689914e-01 0.000000000000000000e+00 3.893805309734513220e-01
0.000000000000000000e+00 0.000000000000000000e+00 0.000000000000000000e+00 0.000000000000000000e+00 1.821596244131455378e-01 2.712215320910972838e-01 4.805725971370143346e-01 0.000000000000000000e+00 3.652875882946518549e-01 0.000000000000000000e+00
0.000000000000000000e+00 0.000000000000000000e+00 0.000000000000000000e+00 0.000000000000000000e+00 1.805128205128205265e-01 2.510288065843621630e-01 5.340000000000000302e-01 0.000000000000000000e+00 3.484390735146022378e-01 0.000000000000000000e+00
0.000000000000000000e+00 0.000000000000000000e+00 0.000000000000000000e+00 0.000000000000000000e+00 2.087682672233820425e-01 2.593659942363112370e-01 4.837696335078534027e-01 0.000000000000000000e+00 2.908067542213883527e-01 0.000000000000000000e+00
2.340862422997946612e-01 0.000000000000000000e+00 0.000000000000000000e+00 6.392156862745097534e-01 0.000000000000000000e+00 0.000000000000000000e+00 0.000000000000000000e+00 2.881002087682671964e-01 0.000000000000000000e+00 0.000000000000000000e+00
0.000000000000000000e+00 0.000000000000000000e+00 0.000000000000000000e+00 0.000000000000000000e+00 1.709894332372718651e-01 2.839248434237995888e-01 5.253731343283581934e-01 0.000000000000000000e+00 3.349657198824681492e-01 0.000000000000000000e+00
2.465753424657534110e-01 0.000000000000000000e+00 0.000000000000000000e+00 5.703125000000000000e-01 0.000000000000000000e+00 0.000000000000000000e+00 0.000000000000000000e+00 3.092783505154639290e-01 0.000000000000000000e+00 0.000000000000000000e+00
2.466019417475728281e-01 0.000000000000000000e+00 0.000000000000000000e+00 5.751765893037336097e-01 0.000000000000000000e+00 0.000000000000000000e+00 0.000000000000000000e+00 2.790243902439024648e-01 0.000000000000000000e+00 0.000000000000000000e+00
3.383991894630192232e-01 6.030769230769230660e-01 0.000000000000000000e+00 0.000000000000000000e+00 3.486410496719775098e-01 4.562814070351758899e-01 0.000000000000000000e+00 4.024144869215292020e-01 6.194690265486725300e-01 3.037433155080214164e-01
0.000000000000000000e+00 0.000000000000000000e+00 0.000000000000000000e+00 0.000000000000000000e+00 1.600810536980749876e-01 2.910216718266253610e-01 5.390781563126252340e-01 0.000000000000000000e+00 3.556910569105691255e-01 0.000000000000000000e+00
5.574468085106383253e-01 6.573705179282868238e-01 5.705824284304047422e-01 0.000000000000000000e+00 3.285024154589372136e-01 4.814422057264051147e-01 0.000000000000000000e+00 6.480000000000000204e-01 6.571699905033238087e-01 3.536231884057970953e-01
0.000000000000000000e+00 0.000000000000000000e+00 0.000000000000000000e+00 0.000000000000000000e+00 1.567877629063097467e-01 2.831142568250758496e-01 5.359848484848485084e-01 0.000000000000000000e+00 3.605313092979127165e-01 0.000000000000000000e+00
1.663366336633663456e-01 0.000000000000000000e+00 0.000000000000000000e+00 0.000000000000000000e+00 0.000000000000000000e+00 0.000000000000000000e+00 0.000000000000000000e+00 0.000000000000000000e+00 0.000000000000000000e+00 0.000000000000000000e+00
0.000000000000000000e+00 0.000000000000000000e+00 0.000000000000000000e+00 0.000000000000000000e+00 1.807228915662650592e-01 2.304609218436873830e-01 4.749999999999999778e-01 0.000000000000000000e+00 3.680485338725985600e-01 0.000000000000000000e+00
0.000000000000000000e+00 0.000000000000000000e+00 0.000000000000000000e+00 0.000000000000000000e+00 1.587939698492462359e-01 2.625641025641025639e-01 4.394531250000000000e-01 0.000000000000000000e+00 3.708206686930091145e-01 0.000000000000000000e+00
2.668004012036108152e-01 0.000000000000000000e+00 0.000000000000000000e+00 5.701357466063348145e-01 0.000000000000000000e+00 0.000000000000000000e+00 0.000000000000000000e+00 2.543689320388349273e-01 0.000000000000000000e+00 0.000000000000000000e+00
1.021072796934865856e+00 1.044747081712062320e+00 9.248677248677248386e-01 1.054794520547945202e+00 1.009920634920634885e+00 1.000966183574879320e+00 9.900990099009900902e-01 1.066410009624639166e+00 1.051010587102983562e+00 1.047804878048780530e+00
0.000000000000000000e+00 0.000000000000000000e+00 0.000000000000000000e+00 0.000000000000000000e+00 1.839762611275964355e-01 2.256097560975609817e-01 5.151219512195122086e-01 0.000000000000000000e+00 3.420796890184645278e-01 0.000000000000000000e+00
2.648221343873518041e-01 3.630769230769230749e-01 4.429400386847195392e-01 6.195426195426195770e-01 0.000000000000000000e+00 2.733812949640287981e-01 0.000000000000000000e+00 3.309644670050761461e-01 0.000000000000000000e+00 1.521298174442190787e-01
2.403177755710029784e-01 0.000000000000000000e+00 0.000000000000000000e+00 5.955734406438631945e-01 0.000000000000000000e+00 0.000000000000000000e+00 0.000000000000000000e+00 3.293650793650793607e-01 0.000000000000000000e+00 0.000000000000000000e+00
1.947926711668273858e-01 0.000000000000000000e+00 0.000000000000000000e+00 0.000000000000000000e+00 2.677484787018255541e-01 0.000000000000000000e+00 0.000000000000000000e+00 0.000000000000000000e+00 0.000000000000000000e+00 2.884210526315789669e-01
5.505735140771637059e-01 6.421825813221405665e-01 5.359223300970873405e-01 0.000000000000000000e+00 3.347193347193347379e-01 5.080645161290322509e-01 0.000000000000000000e+00 6.704225352112676006e-01 6.686449060336300265e-01 3.179074446680080213e-01
0.000000000000000000e+00 0.000000000000000000e+00 0.000000000000000000e+00 0.000000000000000000e+00 2.068965517241379282e-01 2.752475247524752699e-01 4.960629921259842590e-01 0.000000000000000000e+00 3.745019920318725104e-01 0.000000000000000000e+00
1.873767258382643131e-01 0.000000000000000000e+00 0.000000000000000000e+00 0.000000000000000000e+00 0.000000000000000000e+00 0.000000000000000000e+00 0.000000000000000000e+00 0.000000000000000000e+00 0.000000000000000000e+00 0.000000000000000000e+00
0.000000000000000000e+00 0.000000000000000000e+00 0.000000000000000000e+00 0.000000000000000000e+00 1.536964980544747172e-01 2.795275590551181133e-01 4.874118831822759068e-01 0.000000000000000000e+00 3.270321361058601273e-01 0.000000000000000000e+00
0.000000000000000000e+00 0.000000000000000000e+00 0.000000000000000000e+00 0.000000000000000000e+00 1.746192893401015134e-01 2.414800389483933718e-01 5.297184567257560150e-01 0.000000000000000000e+00 3.682664054848188151e-01 0.000000000000000000e+00
2.862985685071574582e-01 0.000000000000000000e+00 0.000000000000000000e+00 6.193415637860082423e-01 0.000000000000000000e+00 0.000000000000000000e+00 0.000000000000000000e+00 3.079999999999999960e-01 0.000000000000000000e+00 0.000000000000000000e+00
2.099343955014058016e-01 0.000000000000000000e+00 0.000000000000000000e+00 0.000000000000000000e+00 0.000000000000000000e+00 0.000000000000000000e+00 0.000000000000000000e+00 0.000000000000000000e+00 0.000000000000000000e+00 0.000000000000000000e+00
2.482341069626639862e-01 3.857280617164898784e-01 4.647887323943661886e-01 5.647058823529411686e-01 0.000000000000000000e+00 2.785065590312815198e-01 0.000000000000000000e+00 3.023023023023023170e-01 0.000000000000000000e+00 1.669980119284294184e-01
2.299306243805748218e-01 0.000000000000000000e+00 0.000000000000000000e+00 5.996015936254980305e-01 0.000000000000000000e+00 0.000000000000000000e+00 0.000000000000000000e+00 2.937198067632850185e-01 0.000000000000000000e+00 0.000000000000000000e+00
2.572283150548355102e-01 3.888888888888888951e-01 4.423076923076922906e-01 1.070707070707070718e+00 0.000000000000000000e+00 2.599795291709314227e-01 0.000000000000000000e+00 3.170488534396809777e-01 0.000000000000000000e+00 3.588748787584868927e-01
1.868020304568527856e-01 0.000000000000000000e+00 0.000000000000000000e+00 0.000000000000000000e+00 0.000000000000000000e+00 0.000000000000000000e+00 0.000000000000000000e+00 0.000000000000000000e+00 0.000000000000000000e+00 0.000000000000000000e+00
5.452755905511811330e-01 6.315789473684210176e-01 5.647517039922103077e-01 0.000000000000000000e+00 3.211267605633802980e-01 4.124124124124123880e-01 0.000000000000000000e+00 6.919032597266036033e-01 6.740665993945509360e-01 3.211678832116788285e-01
5.792129162462159586e-01 6.582768635043562133e-01 5.952626158599382267e-01 0.000000000000000000e+00 3.283877349159248227e-01 4.612403100775193665e-01 0.000000000000000000e+00 6.744680851063830085e-01 5.711422845691382921e-01 3.043043043043043294e-01
2.609582059123343734e-01 3.460410557184750990e-01 4.600577478344561877e-01 9.690309690309690804e-01 0.000000000000000000e+00 2.441977800201816373e-01 0.000000000000000000e+00 3.161157024793388448e-01 0.000000000000000000e+00 4.052684903748733358e-01
5.633802816901408717e-01 6.174242424242424310e-01 5.377456049638056346e-01 0.000000000000000000e+00 3.689138576779026346e-01 5.053449951409134666e-01 0.000000000000000000e+00 7.777777777777777901e-01 6.286248830682881206e-01 2.932038834951456452e-01
0.000000000000000000e+00 0.000000000000000000e+00 0.000000000000000000e+00 0.000000000000000000e+00 1.941747572815533951e-01 2.620689655172414034e-01 4.925816023738872618e-01 0.000000000000000000e+00 3.579999999999999849e-01 0.000000000000000000e+00
2.433297758804695843e-01 3.388189738625362879e-01 4.172932330827067715e-01 1.028798411122145096e+00 0.000000000000000000e+00 2.629482071713147295e-01 0.000000000000000000e+00 3.275862068965517127e-01 0.000000000000000000e+00 3.835897435897435703e-01
9.243523316062176587e-01 9.897330595482546345e-01 9.959183673469387266e-01 1.063745019920318668e+00 9.535113748763600627e-01 1.030864197530864113e+00 9.814634146341463250e-01 1.038662486938348950e+00 1.003027245206861817e+00 1.007345225603357708e+00
0.000000000000000000e+00 0.000000000000000000e+00 0.000000000000000000e+00 0.000000000000000000e+00 1.950207468879668060e-01 2.832201745877788723e-01 5.146316851664984870e-01 0.000000000000000000e+00 3.395485770363100841e-01 0.000000000000000000e+00
2.155919153031761182e-01 0.000000000000000000e+00 0.000000000000000000e+00 6.248736097067745243e-01 0.000000000000000000e+00 0.000000000000000000e+00 0.000000000000000000e+00 2.952101661779081287e-01 0.000000000000000000e+00 0.000000000000000000e+00
1.793534932221063638e-01 0.000000000000000000e+00 0.000000000000000000e+00 0.000000000000000000e+00 0.000000000000000000e+00 0.000000000000000000e+00 0.000000000000000000e+00 0.000000000000000000e+00 0.000000000000000000e+00 0.000000000000000000e+00
2.392156862745098145e-01 3.833017077798861472e-01 4.446601941747572728e-01 9.728155339805825141e-01 0.000000000000000000e+00 2.615859938208032753e-01 0.000000000000000000e+00 2.961460446247464739e-01 0.000000000000000000e+00 3.685800604229607091e-01
2.500000000000000000e-01 3.537981269510925841e-01 4.271653543307086798e-01 1.016806722689075571e+00 0.000000000000000000e+00 2.681451612903225645e-01 0.000000000000000000e+00 3.003952569169960340e-01 0.000000000000000000e+00 3.653250773993808043e-01
5.760322255790534252e-01 6.610800744878957413e-01 6.008146639511201537e-01 0.000000000000000000e+00 2.976066597294484972e-01 4.375000000000000000e-01 0.000000000000000000e+00 7.608069164265129913e-01 6.315789473684210176e-01 3.618290258449304297e-01
0.000000000000000000e+00 0.000000000000000000e+00 0.000000000000000000e+00 0.000000000000000000e+00 2.007722007722007596e-01 2.732447817836812232e-01 5.120481927710843761e-01 0.000000000000000000e+00 3.682604272634791287e-01 0.000000000000000000e+00
2.278978388998035287e-01 0.000000000000000000e+00 0.000000000000000000e+00 5.647773279352226172e-01 0.000000000000000000e+00 0.000000000000000000e+00 0.000000000000000000e+00 3.583815028901733979e-01 0.000000000000000000e+00 0.000000000000000000e+00
0.000000000000000000e+00 0.000000000000000000e+00 0.000000000000000000e+00 0.000000000000000000e+00 2.074074074074074014e-01 2.517911975435004890e-01 5.485148514851485579e-01 0.000000000000000000e+00 3.395061728395061817e-01 0.000000000000000000e+00
1.002036659877800329e+00 9.580348004094165759e-01 1.017085427135678399e+00 9.732408325074330957e-01 9.980582524271844891e-01 9.928498467824310447e-01 9.855670103092784018e-01 9.979423868312756740e-01 1.005096839959225274e+00 1.005428881650380024e+00
2.559055118110236116e-01 0.000000000000000000e+00 0.000000000000000000e+00 5.935114503816794063e-01 0.000000000000000000e+00 0.000000000000000000e+00 0.000000000000000000e+00 2.722722722722722977e-01 0.000000000000000000e+00 0.000000000000000000e+00
0.000000000000000000e+00 0.000000000000000000e+00 0.000000000000000000e+00 0.000000000000000000e+00 1.857142857142857206e-01 2.309236947791164785e-01 4.835589941972920913e-01 0.000000000000000000e+00 3.550051599587203399e-01 0.000000000000000000e+00
2.661370407149950545e-01 0.000000000000000000e+00 0.000000000000000000e+00 5.744680851063830307e-01 0.000000000000000000e+00 0.000000000000000000e+00 0.000000000000000000e+00 3.113207547169811185e-01 0.000000000000000000e+00 0.000000000000000000e+00
2.316831683168316947e-01 0.000000000000000000e+00 0.000000000000000000e+00 5.354969574036511082e-01 0.000000000000000000e+00 0.000000000000000000e+00 0.000000000000000000e+00 2.956033676333021387e-01 0.000000000000000000e+00 0.000000000000000000e+00
0.000000000000000000e+00 0.000000000000000000e+00 0.000000000000000000e+00 0.000000000000000000e+00 2.074521651560926605e-01 2.657200811359026194e-01 4.734774066797642345e-01 0.000000000000000000e+00 3.603960396039603831e-01 0.000000000000000000e+00
2.884012539184953039e-01 0.000000000000000000e+00 0.000000000000000000e+00 5.771543086172344905e-01 0.000000000000000000e+00 0.000000000000000000e+00 0.000000000000000000e+00 3.280000000000000138e-01 0.000000000000000000e+00 0.000000000000000000e+00
2.342857142857142916e-01 3.398821218074656314e-01 4.532803180914513064e-01 1.060240963855421770e+00 0.000000000000000000e+00 2.521994134897360684e-01 0.000000000000000000e+00 3.677685950413223104e-01 0.000000000000000000e+00 3.795620437956204185e-01
2.497670083876980529e-01 0.000000000000000000e+00 0.000000000000000000e+00 5.502092050209205221e-01 0.000000000000000000e+00 0.000000000000000000e+00 0.000000000000000000e+00 3.223223223223223299e-01 0.000000000000000000e+00 0.000000000000000000e+00
2.415458937198067535e-01 3.679342240493319593e-01 4.473953013278855750e-01 9.918200408997954742e-01 0.000000000000000000e+00 2.752867570385818530e-01 0.000000000000000000e+00 3.088391906283279864e-01 0.000000000000000000e+00 3.792415169660678376e-01
2.641509433962264120e-01 0.000000000000000000e+00 0.000000000000000000e+00 5.951417004048582537e-01 0.000000000000000000e+00 0.000000000000000000e+00 0.000000000000000000e+00 3.254901960784313819e-01 0.000000000000000000e+00 0.000000000000000000e+00
2.612872238232468725e-01 0.000000000000000000e+00 0.000000000000000000e+00 5.641025641025640969e-01 0.000000000000000000e+00 0.000000000000000000e+00 0.000000000000000000e+00 2.870905587668593495e-01 0.000000000000000000e+00 0.000000000000000000e+00
2.793650793650793718e-01 3.629032258064516236e-01 3.878550440744368277e-01 5.549019607843137525e-01 0.000000000000000000e+00 2.960077896786757479e-01 0.000000000000000000e+00 2.862944162436548146e-01 0.000000000000000000e+00 1.901960784313725394e-01
2.075098814229248967e-01 0.000000000000000000e+00 0.000000000000000000e+00 0.000000000000000000e+00 2.712871287128713060e-01 0.000000000000000000e+00 0.000000000000000000e+00 0.000000000000000000e+00 0.000000000000000000e+00 2.745098039215686514e-01
1.699078812691914020e-01 0.000000000000000000e+00 0.000000000000000000e+00 0.000000000000000000e+00 0.000000000000000000e+00 0.000000000000000000e+00 0.000000000000000000e+00 0.000000000000000000e+00 0.000000000000000000e+00 0.000000000000000000e+00
2.688274547187797792e-01 0.000000000000000000e+00 0.000000000000000000e+00 5.924453280318091597e-01 0.000000000000000000e+00 0.000000000000000000e+00 0.000000000000000000e+00 3.323383084577114510e-01 0.000000000000000000e+00 0.000000000000000000e+00
2.828077314343845350e-01 3.767258382642997838e-01 3.988212180746562030e-01 9.364278506559031712e-01 0.000000000000000000e+00 2.519083969465648609e-01 0.000000000000000000e+00 2.732012513034410839e-01 0.000000000000000000e+00 3.935418768920282417e-01
0.000000000000000000e+00 0.000000000000000000e+00 0.000000000000000000e+00 0.000000000000000000e+00 1.810613943808532800e-01 2.523461939520333930e-01 4.772497472194135448e-01 0.000000000000000000e+00 3.567888999008919648e-01 0.000000000000000000e+00
1.922330097087378564e-01 0.000000000000000000e+00 0.000000000000000000e+00 0.000000000000000000e+00 0.000000000000000000e+00 0.000000000000000000e+00 0.000000000000000000e+00 0.000000000000000000e+00 0.000000000000000000e+00 0.000000000000000000e+00
1.032124352331606154e+00 1.045725646123260466e+00 9.431372549019607643e-01 1.049847405900305120e+00 9.747572815533980251e-01 9.937759336099585283e-01 9.651046859421734680e-01 1.028459273797841078e+00 9.725158562367864912e-01 9.608826479438314916e-01
2.368932038834951348e-01 3.412127440904419440e-01 3.960975609756097748e-01 5.981688708036622115e-01 0.000000000000000000e+00 2.605128205128204866e-01 0.000000000000000000e+00 3.050153531218014469e-01 0.000000000000000000e+00 1.761761761761761746e-01
2.644466209598432815e-01 3.835616438356164171e-01 4.060913705583756306e-01 1.040084388185654074e+00 0.000000000000000000e+00 2.387161484453360072e-01 0.000000000000000000e+00 3.295336787564767111e-01 0.000000000000000000e+00 4.251805985552115641e-01
2.576064908722109359e-01 0.000000000000000000e+00 0.000000000000000000e+00 5.771812080536913303e-01 0.000000000000000000e+00 0.000000000000000000e+00 0.000000000000000000e+00 2.967479674796748013e-01 0.000000000000000000e+00 0.000000000000000000e+00
3.416149068322981153e-01 6.223908918406072521e-01 0.000000000000000000e+00 0.000000000000000000e+00 3.215767634854772017e-01 4.975222993062438093e-01 0.000000000000000000e+00 3.956043956043955867e-01 6.413586413586414015e-01 3.228271251193887137e-01
3.027343750000000000e-01 3.451059535822401658e-01 4.024896265560166109e-01 6.092977250247280097e-01 0.000000000000000000e+00 2.720000000000000195e-01 0.000000000000000000e+00 2.625250501002003856e-01 0.000000000000000000e+00 1.910569105691057035e-01
