gene_id	sample0	sample0	sample1	sample1	sample2	sample2	sample3	sample3	sample4	sample4	sample5	sample5	sample6	sample6	sample7	sample7	sample8	sample8	sample9	sample9
0	844	168	634	393	1006	0	860	156	946	0	885	121	705	308	812	213	1013	0	1010	0
1	834	187	658	350	697	305	753	323	724	273	636	369	736	288	489	461	471	530	738	243
2	1047	0	814	218	969	0	884	139	970	0	1023	0	723	278	756	257	1017	0	997	0
3	798	181	895	127	1014	0	910	90	969	0	996	0	801	205	975	0	992	0	962	0
4	979	0	993	0	956	0	1035	0	671	295	975	0	973	0	703	295	859	161	983	0
5	813	161	660	377	1024	0	873	136	987	0	874	161	732	311	748	244	988	0	998	0
6	972	0	1053	0	1054	0	848	121	784	216	943	0	990	0	1024	0	1066	0	878	168
7	952	0	944	0	1013	0	1037	0	695	264	757	205	1013	0	738	245	656	325	993	0
8	692	329	657	378	498	494	693	297	712	283	489	495	635	291	515	495	519	544	657	341
9	828	171	611	364	967	0	897	153	973	0	826	146	664	305	787	243	1041	0	988	0
10	1024	0	775	207	1017	0	867	119	991	0	950	0	692	304	730	235	985	0	977	0
11	940	0	1021	0	1014	0	875	106	758	186	1017	0	1003	0	975	0	1026	0	873	144
12	865	154	836	137	973	0	957	80	994	0	1048	0	766	196	1025	0	1019	0	1001	0
13	806	146	612	376	614	314	677	288	719	264	671	347	717	319	522	497	494	525	777	241
14	967	0	782	212	1006	0	886	116	994	0	996	0	689	322	775	254	974	0	1040	0
15	1002	0	827	216	1000	0	850	122	1055	0	949	0	681	333	809	224	1004	0	996	0
16	837	168	688	368	1004	0	843	136	1013	0	835	132	672	279	757	221	1024	0	1031	0
17	888	177	687	381	981	0	927	139	987	0	850	130	700	289	767	241	1016	0	1003	0
18	831	168	644	358	1005	0	888	123	1030	0	897	125	689	346	736	210	1003	0	1007	0
19	774	174	656	371	1014	0	853	148	1042	0	901	149	625	293	769	202	1042	0	1007	0
20	817	161	632	349	981	0	858	130	1038	0	831	117	666	321	767	260	994	0	1040	0
21	822	191	864	125	1032	0	971	81	973	0	1025	0	819	185	1024	0	946	0	973	0
22	798	156	663	368	970	0	800	140	1039	0	854	141	729	307	791	245	1007	0	1021	0
23	846	191	903	131	980	0	846	84	990	0	979	0	809	174	982	0	990	0	985	0
24	791	165	869	145	1009	0	856	91	959	0	1013	0	850	200	1032	0	973	0	1024	0
25	869	161	610	347	1081	0	862	138	989	0	849	123	751	319	758	222	1003	0	989	0
26	834	174	646	390	979	0	873	112	992	0	868	135	675	306	693	250	1034	0	991	0
27	837	167	667	335	1009	0	847	147	1055	0	850	141	756	309	723	217	954	0	1027	0
28	948	0	759	214	973	0	864	134	950	0	996	0	652	303	796	210	965	0	1003	0
29	852	163	672	354	1049	0	871	135	1037	0	848	160	718	274	816	215	1005	0	972	0
30	802	163	643	379	688	356	673	293	691	284	616	383	711	276	537	509	483	493	772	239
31	863	171	649	385	1008	0	821	151	1023	0	855	149	715	288	747	234	966	0	980	0
32	825	169	625	353	1023	0	890	156	973	0	917	140	684	348	742	238	956	0	963	0
33	663	325	655	374	478	529	729	320	513	478	478	485	703	314	515	483	560	509	509	472
34	1034	0	754	223	1009	0	884	130	983	0	1042	0	692	321	758	228	1038	0	1054	0
35	826	155	611	378	1013	0	855	125	967	0	857	143	687	270	737	260	1048	0	1066	0
36	653	327	627	407	495	477	698	282	484	500	489	494	693	279	479	514	510	503	458	513
37	815	153	635	345	1052	0	853	113	950	0	919	146	699	325	751	240	976	0	962	0
38	846	168	591	337	1028	0	848	144	920	0	833	138	683	293	770	214	994	0	994	0
39	813	162	671	338	1011	0	864	155	996	0	855	155	689	296	825	230	987	0	1004	0
40	898	167	691	359	1003	0	911	127	1027	0	890	138	708	322	780	230	993	0	977	0
41	841	155	842	157	1003	0	903	88	1005	0	1009	0	838	202	1010	0	1038	0	1003	0
42	812	169	642	352	975	0	834	131	1035	0	875	137	711	341	800	250	953	0	995	0
43	873	169	614	339	653	326	752	305	729	301	668	375	693	296	522	483	513	502	793	236
44	797	167	647	365	978	0	863	149	982	0	893	166	683	281	797	270	994	0	941	0
45	980	0	787	219	1008	0	857	138	983	0	1037	0	742	303	785	252	1020	0	1014	0
46	812	196	619	382	670	303	689	326	707	250	588	378	675	321	465	458	493	531	777	229
47	801	143	639	373	1034	0	856	154	1038	0	838	139	683	315	782	237	952	0	1005	0
48	596	368	612	358	486	494	747	274	479	480	499	503	697	302	488	516	479	468	524	515
49	789	151	613	372	1010	0	830	144	990	0	891	148	724	323	737	240	990	0	991	0
50	1017	0	945	0	979	0	859	109	781	205	1019	0	996	0	940	0	972	0	854	175
51	1018	0	816	203	1026	0	823	122	938	0	992	0	656	290	784	243	974	0	958	0
52	809	177	642	364	970	0	885	133	954	0	851	136	671	293	730	243	965	0	1020	0
53	809	155	672	338	988	0	870	133	978	0	899	143	682	310	817	225	1007	0	990	0
54	1028	0	794	257	993	0	904	148	994	0	1043	0	661	301	754	249	1029	0	979	0
55	647	316	622	352	474	488	648	282	468	516	484	479	708	327	472	494	451	511	507	538
56	855	181	635	406	1015	0	817	133	1003	0	864	124	698	256	758	217	1032	0	964	0
57	1023	0	950	0	995	0	840	159	1017	0	1043	0	980	0	1001	0	991	0	979	0
58	843	159	862	129	938	0	909	85	1025	0	975	0	757	193	1026	0	1005	0	1013	0
59	1004	0	802	229	981	0	917	141	948	0	990	0	660	264	832	229	1001	0	1000	0
60	859	159	653	358	984	0	867	130	975	0	849	132	666	314	730	212	1003	0	1001	0
61	1016	0	778	241	978	0	871	139	999	0	984	0	707	321	744	234	1006	0	1026	0
62	992	0	750	216	980	0	888	120	1029	0	1025	0	698	314	755	237	1030	0	994	0
63	844	154	852	134	1025	0	964	75	989	0	1038	0	837	201	992	0	1012	0	985	0
64	809	157	838	149	1000	0	876	105	1007	0	1000	0	790	187	971	0	969	0	948	0
65	806	164	663	411	979	0	882	126	1007	0	843	141	741	312	799	230	990	0	1019	0
66	838	159	687	365	962	0	869	126	997	0	810	148	666	345	758	229	1043	0	974	0
67	768	181	844	136	969	0	825	78	987	0	1043	0	846	200	989	0	1030	0	962	0
68	801	170	641	328	989	0	851	148	975	0	891	144	679	334	794	227	955	0	1021	0
69	825	188	630	389	1025	0	799	120	1007	0	838	137	709	312	786	216	1008	0	988	0
70	805	163	661	349	1004	0	880	134	988	0	821	150	733	277	774	242	1010	0	1001	0
71	838	172	647	362	983	0	842	132	1010	0	802	133	674	322	763	238	967	0	991	0
72	821	174	861	125	964	0	913	91	1019	0	987	0	787	186	987	0	1024	0	967	0
73	817	151	640	354	1013	0	848	137	990	0	846	122	689	304	842	259	967	0	973	0
74	1019	0	973	0	1008	0	1014	0	741	265	965	0	906	0	737	284	847	183	981	0
75	1005	0	980	0	999	0	1021	0	766	276	1000	0	988	0	678	302	878	149	924	0
76	1000	0	970	0	1007	0	815	141	922	0	1003	0	1056	0	974	0	986	0	973	0
77	1024	0	798	209	983	0	868	150	1022	0	1010	0	721	291	799	216	1038	0	991	0
78	850	168	676	381	994	0	869	132	979	0	892	152	692	277	758	245	999	0	1052	0
79	812	154	642	409	1009	0	900	124	1002	0	848	143	700	322	837	207	1026	0	1006	0
80	974	0	828	231	977	0	828	145	1033	0	999	0	717	310	757	220	990	0	959	0
81	801	157	860	127	1005	0	917	77	1022	0	1017	0	770	166	1019	0	941	0	1026	0
82	999	0	750	210	988	0	878	140	1008	0	991	0	721	313	790	252	1026	0	961	0
83	787	151	661	392	987	0	898	133	1023	0	849	148	702	318	790	227	978	0	1008	0
84	838	175	596	341	938	0	892	140	1015	0	866	113	712	294	775	257	1006	0	992	0
85	847	147	618	354	985	0	847	142	1001	0	859	148	714	305	743	240	1014	0	979	0
86	639	309	634	365	464	490	697	298	696	297	488	489	677	323	510	475	525	509	655	324
87	1029	0	965	0	970	0	1025	0	692	284	1006	0	1086	0	745	238	831	171	1012	0
88	853	180	695	388	676	384	728	265	717	273	665	407	677	287	503	486	488	473	764	237
89	969	0	809	205	996	0	874	153	973	0	938	0	659	285	745	241	992	0	1044	0
90	1013	0	762	223	1000	0	913	137	1036	0	995	0	732	316	744	255	1008	0	998	0
91	870	157	660	394	649	290	727	302	730	313	639	345	706	271	501	495	498	488	806	224
92	641	335	632	377	493	469	697	290	513	494	497	524	655	294	522	512	490	539	518	485
93	850	163	856	131	944	0	928	75	1023	0	986	0	766	179	1016	0	1046	0	1014	0
94	820	188	650	351	1006	0	870	123	942	0	913	138	666	311	795	254	1009	0	999	0
95	832	195	624	353	1053	0	849	130	965	0	863	149	672	271	791	247	968	0	1036	0
96	991	0	745	196	993	0	851	112	1038	0	954	0	681	305	754	249	978	0	995	0
97	959	0	778	204	989	0	919	114	992	0	1036	0	717	314	741	228	1057	0	1033	0
98	968	0	1007	0	985	0	911	115	768	185	1019	0	1007	0	978	0	934	0	829	150
99	811	175	685	348	1012	0	885	136	981	0	789	138	708	311	743	203	1037	0	979	0
