Chromosome	Position	Change	Gene	sample0	sample1	sample2	sample3	sample4
1	0	G>C	1	0	0	15	0	0
1	1	C>G	1	50	16	33	32	43
1	2	T>A	1	18	0	0	7	33
1	3	A>G	1	0	0	0	0	0
1	4	G>T	1	62	16	39	33	54
1	5	C>G	1	32	41	33	36	40
1	6	C>A	1	57	47	50	54	45
1	7	C>G	1	0	16	9	16	23
1	8	T>A	1	0	0	0	0	0
1	9	T>A	1	0	0	0	0	0
1	10	T>G	1	64	9	41	36	54
1	11	A>C	1	0	18	14	22	0
1	12	A>G	1	0	0	0	0	0
1	13	G>T	1	52	14	30	36	53
1	14	G>T	1	49	14	37	39	49
1	15	T>A	1	54	12	39	27	44
1	16	T>A	1	0	0	0	0	0
1	17	C>A	1	0	0	0	0	0
1	18	C>G	1	45	33	31	29	56
1	19	A>G	1	47	31	26	27	46
1	20	C>T	1	0	18	17	12	37
1	21	A>T	1	0	0	0	0	0
1	22	A>T	1	0	22	18	25	19
1	23	C>T	1	66	51	65	57	53
1	24	T>G	1	0	0	0	0	0
1	25	C>T	1	0	0	11	0	0
1	26	G>T	1	0	0	18	0	0
1	27	G>C	1	0	0	0	0	0
1	28	T>G	1	0	17	11	25	18
1	29	C>T	1	0	0	12	0	0
1	30	T>G	1	48	24	41	38	43
1	31	T>A	1	0	14	22	15	25
1	32	T>C	1	58	9	41	33	52
1	33	G>T	1	32	19	19	39	55
1	34	G>T	1	0	0	15	0	0
1	35	A>T	1	0	0	0	0	0
1	36	T>A	1	60	24	32	26	55
1	37	T>A	1	0	0	0	0	0
1	38	G>T	1	60	34	28	30	53
1	39	C>A	1	64	20	45	27	52
1	40	T>C	1	49	28	29	29	52
1	41	C>G	1	42	53	42	56	42
1	42	G>A	1	0	19	13	19	24
1	43	A>G	1	55	34	23	33	44
1	44	A>T	1	0	30	13	18	27
1	45	T>G	1	0	0	0	0	0
1	46	C>A	1	68	14	38	29	46
1	47	G>T	1	0	20	17	18	0
1	48	T>A	1	45	12	39	42	31
1	49	T>A	1	63	16	34	27	39
1	50	G>C	1	49	51	54	51	48
1	51	T>A	1	50	16	34	33	40
1	52	C>T	1	55	19	21	33	46
1	53	T>G	1	57	9	36	34	53
1	54	T>A	1	0	0	0	0	0
1	55	C>A	1	48	13	37	30	45
1	56	T>C	1	55	16	44	35	55
1	57	A>G	1	56	18	28	39	52
1	58	C>G	1	41	17	30	31	58
1	59	T>A	1	53	12	46	31	47
1	60	G>C	1	23	19	25	28	49
1	61	G>C	1	0	0	0	0	0
1	62	T>G	1	0	0	0	0	0
1	63	T>A	1	44	9	36	36	50
1	64	T>C	1	48	9	37	29	46
1	65	A>G	1	61	13	47	33	59
1	66	T>A	1	0	0	0	0	0
1	67	C>A	1	46	46	59	50	44
1	68	T>G	1	0	0	0	0	0
1	69	A>C	1	0	0	0	0	0
1	70	G>T	1	51	34	26	30	49
1	71	T>G	1	0	0	0	0	0
1	72	A>G	1	49	53	55	53	40
1	73	C>T	1	53	19	37	34	55
1	74	A>G	1	19	0	0	10	22
1	75	G>A	1	0	0	0	0	0
1	76	A>G	1	0	0	0	0	0
1	77	G>T	1	0	0	0	0	0
1	78	A>G	1	0	19	15	14	27
1	79	A>C	1	39	16	24	31	45
1	80	G>C	1	0	0	0	0	0
1	81	G>T	1	0	15	16	20	35
1	82	G>A	1	0	0	13	0	0
1	83	G>C	1	54	58	62	50	38
1	84	T>A	1	0	0	0	0	0
1	85	C>G	1	0	0	14	0	0
1	86	C>T	1	0	0	14	0	0
1	87	C>T	1	0	13	16	12	26
1	88	T>A	1	0	0	18	0	0
1	89	G>T	1	38	45	58	48	35
1	90	A>G	1	52	31	32	37	58
1	91	C>T	1	58	12	43	31	42
1	92	G>A	1	55	66	51	57	44
1	93	T>G	1	0	0	0	0	0
1	94	A>G	1	0	0	0	0	0
1	95	G>T	1	38	45	33	27	49
1	96	T>A	1	0	0	0	0	0
1	97	C>T	1	0	21	15	19	23
1	98	G>A	1	0	0	0	0	0
1	99	G>C	1	25	0	0	12	22
