#chr	position	description	normal	sample0	sample1	sample2	sample3	sample4	sample5	sample6	sample7	sample8	sample9
1	1	1	0	0.0	0.0	0.0	0.117420791578	0.158392199781	0.0	0.0	0.0	0.0	0.0
2	1	1	0	0.0976457733188	0.0	0.0	0.0	0.0	0.0	0.14700562701	0.0	0.0	0.0
3	1	1	0	0.0	0.0	0.0	0.0	0.0	0.0	0.0	0.217072687661	0.245215798046	0.0
4	1	1	0	0.0	0.262659489633	0.211969575661	0.1464	0.185240513893	0.0	0.0	0.277573346594	0.0	0.140690901788
5	1	1	0	0.251105749899	0.0	0.0	0.0	0.15799031477	0.0	0.170992214015	0.0	0.263331336129	0.124140679486
6	1	1	0	0.0992987092184	0.0	0.0	0.0	0.0	0.0	0.151644770343	0.0	0.0	0.0
7	1	1	0	0.152289349765	0.0	0.0	0.0	0.158974358974	0.0	0.166616023498	0.0	0.262918234013	0.120372243577
8	1	1	0	0.0	0.0	0.0	0.120437593237	0.15459178575	0.0	0.0	0.0	0.0	0.0
9	1	1	0	0.143864878291	0.0	0.16012145749	0.112296847464	0.0	0.150820002012	0.0	0.0	0.0	0.112310151878
10	1	1	0	0.0	0.235382458951	0.0	0.0	0.0	0.166266025641	0.0	0.0	0.0	0.123454347611
11	1	1	0	0.0989635240183	0.0	0.0	0.0	0.0	0.0	0.152167473092	0.0	0.0	0.0
12	1	1	0	0.236285227159	0.0	0.284845463609	0.108671679198	0.0	0.149216237942	0.0	0.221517074645	0.245982939893	0.107517130189
13	1	1	0	0.0	0.23768174475	0.0	0.0	0.0	0.161628136732	0.0	0.0	0.0	0.121870286576
14	1	1	0	0.253342646178	0.0	0.0	0.0	0.158592964824	0.0	0.16572601334	0.0	0.250171551809	0.123830600543
15	1	1	0	0.0	0.0	0.0	0.114173228346	0.157270606532	0.0	0.0	0.0	0.0	0.0
16	1	1	0	0.0981725888325	0.0	0.0	0.0	0.0	0.0	0.152341020266	0.0	0.0	0.0
17	1	1	0	0.248309958632	0.0	0.286406297305	0.242221110555	0.0	0.333810010215	0.1804	0.220807638751	0.240726202159	0.111222847949
18	1	1	0	0.0989997958767	0.0	0.0	0.0	0.0	0.0	0.156558672461	0.0	0.0	0.0
19	1	1	0	0.252457063437	0.0	0.0	0.0	0.161103915513	0.0	0.164902117459	0.0	0.260908458404	0.119075946857
20	1	1	0	0.14710297208	0.0	0.165258869125	0.111770524233	0.0	0.153293534352	0.0	0.0	0.0	0.115912005524
21	1	1	0	0.252110857256	0.0	0.0	0.0	0.162713233068	0.0	0.16827681388	0.0	0.251001201442	0.119136408243
22	1	1	0	0.0	0.267871567044	0.219373796737	0.142054010642	0.19081027668	0.0	0.0	0.281691542289	0.0	0.14256886288
23	1	1	0	0.0	0.0	0.0	0.118630493543	0.153129161119	0.0	0.0	0.0	0.0	0.0
24	1	1	0	0.0	0.26400476758	0.211729724187	0.146346228996	0.188379573784	0.0	0.0	0.28591160221	0.0	0.145339652449
25	1	1	0	0.255937755938	0.0	0.28156502645	0.108192118721	0.0	0.151902497027	0.0	0.224585580188	0.240820842974	0.108904109589
26	1	1	0	0.0	0.0	0.0	0.119319906892	0.151415470494	0.0	0.0	0.0	0.0	0.0
27	1	1	0	0.0	0.0	0.0	0.11815446339	0.158220271349	0.0	0.0	0.0	0.0	0.0
28	1	1	0	0.24693055692	0.0	0.285456369107	0.10888758093	0.0	0.148148148148	0.0	0.2201	0.23898989899	0.112545942187
29	1	1	0	0.0	0.230599779714	0.0	0.0	0.0	0.170252664824	0.0	0.0	0.0	0.135351113775
30	1	1	0	0.257965260546	0.0	0.0	0.0	0.15286369986	0.0	0.16273939637	0.0	0.259423722124	0.111390875214
31	1	1	0	0.0	0.228815281447	0.0	0.0	0.0	0.171776690303	0.0	0.0	0.0	0.127541406327
32	1	1	0	0.253363899133	0.0	0.286005711954	0.239453595822	0.0	0.331285253828	0.182401282822	0.219458595545	0.235399284863	0.110737591457
33	1	1	0	0.141203703704	0.0	0.162701612903	0.108680725846	0.0	0.150300601202	0.0	0.0	0.0	0.114184397163
34	1	1	0	0.252355917072	0.0	0.0	0.0	0.159034907598	0.0	0.163287947554	0.0	0.256568935782	0.125110132159
35	1	1	0	0.0	0.0	0.0	0.120433960386	0.158817086528	0.0	0.0	0.0	0.0	0.0
36	1	1	0	0.143946899148	0.0	0.162456315527	0.111906181674	0.0	0.146213041717	0.0	0.0	0.0	0.109398609852
37	1	1	0	0.156911457816	0.0	0.0	0.0	0.169034931912	0.0	0.165446706106	0.0	0.253349211075	0.121895032051
38	1	1	0	0.0979966446265	0.0	0.0	0.0	0.0	0.0	0.153120031797	0.0	0.0	0.0
39	1	1	0	0.0976171405687	0.0	0.0	0.0	0.0	0.0	0.157280772325	0.0	0.0	0.0
40	1	1	0	0.0	0.265374129052	0.209819639279	0.145791980945	0.183874825593	0.0	0.0	0.277827872959	0.0	0.138911371914
41	1	1	0	0.0	0.266847444009	0.213324025132	0.141148325359	0.19112256019	0.0	0.0	0.27856135402	0.0	0.140420863668
42	1	1	0	0.0	0.0	0.0	0.118845843422	0.149477871706	0.0	0.0	0.0	0.0	0.0
43	1	1	0	0.250247279921	0.0	0.0	0.0	0.156720185802	0.0	0.163217926718	0.0	0.25708279107	0.11940890608
44	1	1	0	0.0	0.0	0.0	0.116729962023	0.15662770952	0.0	0.0	0.0	0.0	0.0
45	1	1	0	0.249876249876	0.0	0.0	0.0	0.153598389532	0.0	0.166333666334	0.0	0.256933279743	0.120131815458
46	1	1	0	0.151928783383	0.0	0.0	0.0	0.159722222222	0.0	0.162859685553	0.0	0.257134334295	0.12292051756
47	1	1	0	0.0	0.258646172037	0.214696099184	0.140241448692	0.185441598259	0.0	0.0	0.2730991818	0.0	0.142229763449
48	1	1	0	0.0	0.0	0.0	0.121748810849	0.150976909414	0.0	0.0	0.0	0.0	0.0
49	1	1	0	0.0	0.0	0.0	0.0	0.0	0.0	0.0	0.215588557759	0.234583915386	0.0
50	1	1	0	0.0	0.265635841015	0.219454094293	0.13891695292	0.18834125099	0.0	0.0	0.272846744844	0.0	0.139150242646
51	1	1	0	0.0	0.261543104315	0.21256281407	0.145586897179	0.182995382453	0.0	0.0	0.283801602597	0.0	0.141686413902
52	1	1	0	0.100604229607	0.0	0.0	0.0	0.0	0.0	0.153638274447	0.0	0.0	0.0
53	1	1	0	0.0	0.0	0.0	0.121152328335	0.153722978383	0.0	0.0	0.0	0.0	0.0
54	1	1	0	0.0	0.0	0.0	0.12223888056	0.151330266053	0.0	0.0	0.0	0.0	0.0
55	1	1	0	0.0	0.0	0.0	0.118442292171	0.153712770298	0.0	0.0	0.0	0.0	0.0
56	1	1	0	0.138350968257	0.0	0.168052561339	0.104724646404	0.0	0.149772612431	0.0	0.0	0.0	0.110707437683
57	1	1	0	0.157858067085	0.0	0.0	0.0	0.151236112501	0.0	0.165487977369	0.0	0.261751707513	0.125786163522
58	1	1	0	0.0988877654196	0.0	0.0	0.0	0.0	0.0	0.151048951049	0.0	0.0	0.0
59	1	1	0	0.246379726468	0.0	0.29104249465	0.236544051318	0.0	0.329888790473	0.179650238474	0.224539135691	0.244170788331	0.114107466291
60	1	1	0	0.0	0.0	0.0	0.116117326882	0.163320891758	0.0	0.0	0.0	0.0	0.0
61	1	1	0	0.251690533015	0.0	0.295147573787	0.232364321857	0.0	0.338429256595	0.183624801272	0.224592473335	0.241657425144	0.11412240071
62	1	1	0	0.0	0.263499138892	0.219787985866	0.141221750715	0.183710046799	0.0	0.0	0.283223974146	0.0	0.144577104445
63	1	1	0	0.249298878205	0.0	0.287492471391	0.106752282532	0.0	0.152005701486	0.0	0.21609538003	0.247067011334	0.112011863569
64	1	1	0	0.14952428643	0.0	0.165859564165	0.10728316712	0.0	0.145579724606	0.0	0.0	0.0	0.112657720809
65	1	1	0	0.144976600617	0.0	0.162899532012	0.115588441156	0.0	0.149059046102	0.0	0.0	0.0	0.108658401371
66	1	1	0	0.138515196811	0.0	0.169294105834	0.10811085169	0.0	0.150459265176	0.0	0.0	0.0	0.11003236246
67	1	1	0	0.255760826381	0.0	0.0	0.0	0.16086034535	0.0	0.165433826469	0.0	0.248921873433	0.130037720866
68	1	1	0	0.105531659498	0.0	0.0	0.0	0.0	0.0	0.15378533307	0.0	0.0	0.0
69	1	1	0	0.0939937202471	0.0	0.0	0.0	0.0	0.0	0.149042798436	0.0	0.0	0.0
70	1	1	0	0.249185185185	0.0	0.0	0.0	0.15529148893	0.0	0.167507568113	0.0	0.251909931645	0.117282696994
71	1	1	0	0.0	0.261498810468	0.210500198491	0.141160027952	0.190466811109	0.0	0.0	0.285938573251	0.0	0.145083932854
72	1	1	0	0.0	0.0	0.0	0.119856172593	0.162967406519	0.0	0.0	0.0	0.0	0.0
73	1	1	0	0.249373307931	0.0	0.0	0.0	0.153075677863	0.0	0.161335050015	0.0	0.254662840746	0.118928642814
74	1	1	0	0.244394157581	0.0	0.278196981732	0.249297470895	0.0	0.329919678715	0.187015601409	0.214148946891	0.247536820721	0.106456724104
75	1	1	0	0.153648408147	0.0	0.0	0.0	0.155047350393	0.0	0.169012668409	0.0	0.258984883372	0.120492524186
76	1	1	0	0.141154077339	0.0	0.163913344544	0.110637876387	0.0	0.15219319862	0.0	0.0	0.0	0.108018488746
77	1	1	0	0.0965212145586	0.0	0.0	0.0	0.0	0.0	0.154552796285	0.0	0.0	0.0
78	1	1	0	0.0	0.23693273906	0.0	0.0	0.0	0.168429376297	0.0	0.0	0.0	0.128845385537
79	1	1	0	0.151642208246	0.0	0.164803640321	0.109980237154	0.0	0.150404522858	0.0	0.0	0.0	0.106621324265
80	1	1	0	0.0	0.0	0.0	0.117388700339	0.157773088132	0.0	0.0	0.0	0.0	0.0
81	1	1	0	0.0	0.0	0.0	0.121233217305	0.156651049094	0.0	0.0	0.0	0.0	0.0
82	1	1	0	0.135993647012	0.0	0.168236472946	0.106678754911	0.0	0.147615672775	0.0	0.0	0.0	0.1177877429
83	1	1	0	0.0	0.263110667996	0.215724363562	0.141975932855	0.185177746535	0.0	0.0	0.274967574578	0.0	0.139167426314
84	1	1	0	0.254270957489	0.0	0.0	0.0	0.16250862834	0.0	0.174382561744	0.0	0.248695118207	0.120019821606
85	1	1	0	0.0994246492379	0.0	0.0	0.0	0.0	0.0	0.153448799757	0.0	0.0	0.0
86	1	1	0	0.253828445601	0.0	0.0	0.0	0.155385227951	0.0	0.17016484079	0.0	0.259936721376	0.117153138745
87	1	1	0	0.0	0.0	0.0	0.12144003209	0.157930966663	0.0	0.0	0.0	0.0	0.0
88	1	1	0	0.250901442308	0.0	0.0	0.0	0.162520226537	0.0	0.159607489737	0.0	0.257151521278	0.126722588376
89	1	1	0	0.0	0.27078313253	0.210568696527	0.141761307033	0.182489030714	0.0	0.0	0.275848223248	0.0	0.145054728331
90	1	1	0	0.154915590864	0.0	0.0	0.0	0.155093055834	0.0	0.166831389603	0.0	0.25567093457	0.11973816717
91	1	1	0	0.25074955027	0.0	0.278528454483	0.241241640882	0.0	0.327176517572	0.177467300832	0.217956408718	0.241718530416	0.106645284154
92	1	1	0	0.0	0.262542474515	0.211686770813	0.145583316939	0.196080382014	0.0	0.0	0.281482225346	0.0	0.14334539606
93	1	1	0	0.140731122653	0.0	0.167154832845	0.108770858771	0.0	0.154708295807	0.0	0.0	0.0	0.107842152827
94	1	1	0	0.0	0.0	0.0	0.0	0.0	0.0	0.0	0.221388748099	0.248810467883	0.0
95	1	1	0	0.0975926480871	0.0	0.0	0.0	0.0	0.0	0.153221815302	0.0	0.0	0.0
96	1	1	0	0.143262698976	0.0	0.16474596653	0.108225535697	0.0	0.148092065415	0.0	0.0	0.0	0.109144244386
97	1	1	0	0.0	0.268758249568	0.219387755102	0.142628685657	0.192269176848	0.0	0.0	0.280344793024	0.0	0.146368602064
98	1	1	0	0.0	0.259211312488	0.210747103476	0.145121347202	0.190649606299	0.0	0.0	0.277583624563	0.0	0.150861634586
99	1	1	0	0.0	0.269234627345	0.212991692523	0.1365	0.18280113177	0.0	0.0	0.272	0.0	0.137587939698
100	1	1	0	0.140526473826	0.0	0.170279578606	0.109557575152	0.0	0.151801116185	0.0	0.0	0.0	0.107950039651
