Chromosome	Position	Change	Gene	sample0	sample1	sample2	sample3	sample4	sample5	sample6	sample7	sample8	sample9
1	0	A>T	1	109	112	103	110	110	97	99	104	102	103
1	1	A>G	1	111	99	94	105	98	115	93	103	102	94
1	2	T>G	1	84	83	89	100	93	107	94	103	104	102
1	3	C>G	1	86	95	99	105	118	101	110	95	98	114
1	4	A>T	1	85	116	98	105	106	116	92	93	103	111
1	5	A>G	1	102	86	96	99	113	106	91	106	87	93
1	6	A>C	1	106	89	91	101	97	103	104	101	98	107
1	7	T>G	1	102	100	108	103	91	102	106	84	99	88
1	8	C>A	1	85	89	95	119	101	93	108	105	108	115
1	9	A>C	1	93	101	105	104	85	97	106	88	104	96
1	10	G>A	1	123	92	102	102	112	114	102	109	105	100
1	11	T>C	1	90	105	92	118	101	115	114	113	89	110
1	12	T>C	1	95	108	78	112	88	89	89	105	106	71
1	13	G>C	1	97	103	94	102	114	114	98	99	98	97
1	14	A>C	1	111	96	105	99	104	95	84	95	114	85
1	15	T>A	1	116	96	94	109	107	85	85	106	100	98
1	16	A>G	1	99	99	89	100	101	101	101	104	105	103
1	17	A>T	1	113	105	96	100	90	112	102	109	84	107
1	18	G>C	1	80	86	83	113	119	102	97	104	94	105
1	19	A>C	1	98	72	90	87	101	114	110	121	109	104
1	20	A>G	1	90	98	88	88	84	98	112	89	99	97
1	21	A>T	1	93	77	102	81	103	98	93	88	96	113
1	22	C>G	1	94	101	90	113	100	102	97	91	106	108
1	23	A>G	1	97	99	110	96	86	89	108	110	113	94
1	24	T>A	1	96	86	109	101	93	110	87	84	106	89
1	25	G>T	1	107	98	108	87	95	86	82	104	104	113
1	26	C>A	1	101	96	101	85	87	106	121	108	102	90
1	27	A>T	1	110	116	88	104	94	99	105	96	144	98
1	28	C>G	1	113	111	100	105	95	96	92	98	106	88
1	29	A>G	1	108	92	88	115	93	120	90	90	108	110
1	30	T>G	1	97	92	91	119	90	83	101	105	100	117
1	31	T>C	1	98	113	90	100	99	93	80	90	107	109
1	32	T>C	1	84	86	100	78	101	101	106	107	102	113
1	33	G>T	1	102	105	94	104	109	81	105	103	95	112
1	34	C>A	1	94	107	91	86	94	120	113	88	107	122
1	35	A>C	1	79	86	103	115	118	88	117	109	114	100
1	36	G>A	1	79	108	87	106	111	106	100	96	102	117
1	37	C>G	1	118	107	93	95	108	107	115	101	99	122
1	38	T>A	1	92	85	109	95	85	98	97	104	97	106
1	39	A>C	1	93	82	101	95	84	98	97	101	101	98
1	40	G>A	1	104	113	112	93	118	85	91	101	89	110
1	41	G>C	1	95	106	116	105	96	90	127	102	98	102
1	42	G>C	1	93	99	82	105	84	95	102	103	94	93
1	43	A>C	1	104	92	108	106	82	90	114	116	99	110
1	44	C>G	1	106	99	97	105	100	86	95	89	107	122
1	45	G>T	1	102	89	84	90	111	130	95	127	102	102
1	46	A>G	1	103	78	111	99	97	83	104	94	79	105
1	47	C>A	1	97	99	106	89	99	115	125	108	94	86
1	48	T>G	1	99	98	99	100	87	91	105	103	99	87
1	49	C>G	1	104	97	110	114	110	90	110	105	112	96
1	50	G>A	1	99	111	108	111	91	106	122	97	105	97
1	51	T>C	1	101	95	82	111	91	107	91	97	93	116
1	52	C>G	1	82	106	112	85	88	100	108	106	92	115
1	53	A>G	1	91	107	112	84	95	100	89	102	89	78
1	54	G>A	1	105	88	93	90	94	102	89	101	78	107
1	55	C>A	1	96	104	107	89	112	110	99	91	105	81
1	56	C>A	1	104	87	99	98	99	106	112	110	85	82
1	57	A>T	1	92	87	92	107	90	100	96	99	105	108
1	58	G>C	1	114	106	77	89	113	100	111	105	94	87
1	59	C>A	1	102	91	109	104	71	93	104	103	94	101
1	60	C>A	1	103	104	102	102	92	85	103	95	120	77
1	61	T>C	1	95	114	92	98	81	117	105	85	93	98
1	62	G>T	1	93	79	90	120	90	132	95	91	101	105
1	63	G>T	1	98	96	102	111	99	98	106	113	105	107
1	64	C>A	1	88	91	95	95	96	87	99	97	92	121
1	65	A>G	1	87	105	107	83	109	119	86	89	93	94
1	66	G>T	1	126	115	119	101	117	98	92	118	103	114
1	67	T>G	1	120	107	86	85	94	103	94	94	97	101
1	68	G>T	1	100	98	91	102	121	90	99	110	102	109
1	69	G>C	1	104	109	100	104	91	101	100	106	96	96
1	70	G>T	1	91	103	97	115	91	108	95	109	91	112
1	71	A>C	1	92	93	95	113	101	116	93	88	109	100
1	72	G>T	1	102	90	106	99	91	113	109	92	97	100
1	73	C>A	1	92	103	112	115	92	91	105	94	90	94
1	74	G>T	1	96	102	100	93	108	99	96	104	91	101
1	75	C>A	1	89	116	85	111	112	100	94	89	85	87
1	76	T>G	1	94	113	125	93	90	94	83	111	95	110
1	77	A>T	1	93	90	95	94	80	99	110	91	115	82
1	78	C>G	1	107	85	122	114	109	109	94	98	99	100
1	79	G>C	1	107	104	115	122	99	91	113	88	93	122
1	80	C>A	1	100	90	96	95	108	108	79	94	98	90
1	81	C>A	1	102	100	106	104	125	112	102	75	87	100
1	82	G>T	1	107	103	100	91	86	101	99	93	92	104
1	83	A>T	1	107	94	91	101	99	93	106	100	106	104
1	84	T>C	1	90	100	108	113	84	115	113	122	101	110
1	85	C>T	1	111	86	86	103	99	107	91	85	119	114
1	86	A>T	1	95	89	98	97	114	91	97	102	99	95
1	87	T>A	1	90	122	100	76	110	104	94	100	105	101
1	88	G>T	1	100	116	98	89	95	102	105	105	82	101
1	89	T>G	1	115	100	99	103	103	97	103	100	111	112
1	90	G>T	1	96	78	98	117	95	104	86	108	106	97
1	91	T>C	1	114	94	95	83	113	86	94	123	91	112
1	92	A>T	1	89	86	104	93	109	118	100	114	91	127
1	93	T>G	1	97	99	99	94	119	109	107	101	106	111
1	94	T>G	1	109	111	92	84	82	103	97	92	105	90
1	95	C>T	1	108	102	115	98	95	105	88	83	101	92
1	96	A>G	1	105	91	87	101	114	87	107	114	101	103
1	97	T>G	1	104	101	97	92	90	93	101	99	106	78
1	98	C>T	1	95	77	104	100	106	99	100	111	75	87
1	99	T>C	1	91	87	93	92	127	93	92	112	92	109
