Chromosome	Position	Change	Gene	sample0	sample1	sample2	sample3	sample4	sample5	sample6	sample7	sample8	sample9
1	0	C>A	1	93	113	101	104	96	99	110	115	100	95
1	1	C>G	1	82	102	100	96	98	107	101	105	103	95
1	2	T>A	1	112	85	90	90	87	108	87	91	103	104
1	3	C>G	1	110	98	93	105	112	111	115	108	95	97
1	4	T>C	1	108	94	99	93	100	96	95	98	109	114
1	5	T>C	1	109	111	108	103	88	94	102	101	103	96
1	6	G>C	1	105	92	95	116	122	102	104	88	115	107
1	7	A>G	1	113	95	100	119	118	108	100	93	91	107
1	8	A>G	1	104	89	88	122	114	80	100	98	106	89
1	9	G>C	1	82	95	89	115	98	108	114	89	108	89
1	10	A>G	1	90	112	93	99	91	91	100	106	109	87
1	11	A>G	1	84	108	93	109	109	82	90	92	94	85
1	12	C>T	1	89	97	98	88	96	119	92	97	105	82
1	13	C>T	1	112	115	105	100	82	108	90	83	97	84
1	14	A>G	1	100	107	86	73	105	114	106	109	87	104
1	15	G>C	1	97	93	101	87	104	99	99	107	113	123
1	16	C>G	1	100	108	98	87	112	107	101	93	98	104
1	17	A>T	1	106	106	94	106	98	105	105	89	95	93
1	18	A>G	1	86	104	101	110	86	94	97	101	79	93
1	19	A>C	1	111	106	94	91	106	104	117	101	107	112
1	20	G>A	1	93	95	92	99	108	96	108	108	96	97
1	21	G>T	1	102	108	108	93	108	97	113	116	86	92
1	22	T>C	1	100	86	84	98	84	103	117	99	95	108
1	23	G>A	1	97	86	76	109	115	108	90	94	100	78
1	24	T>C	1	108	107	115	93	96	90	98	107	112	94
1	25	G>C	1	95	117	104	101	99	92	102	97	105	88
1	26	C>G	1	98	103	99	96	98	92	106	85	99	92
1	27	G>A	1	94	102	100	85	119	93	97	96	86	83
1	28	A>T	1	86	103	102	95	104	128	96	97	108	85
1	29	T>C	1	79	120	106	102	107	94	85	97	89	88
1	30	G>C	1	108	107	101	107	92	102	98	100	99	93
1	31	T>C	1	96	89	94	91	120	85	82	77	101	106
1	32	C>T	1	100	85	102	113	99	111	82	111	101	108
1	33	A>G	1	96	106	93	96	85	99	102	103	101	115
1	34	T>G	1	96	71	103	83	94	96	103	93	100	89
1	35	C>A	1	117	99	86	101	86	92	101	94	96	119
1	36	C>T	1	99	112	93	88	111	113	100	98	112	101
1	37	C>G	1	108	95	100	126	108	101	95	103	107	92
1	38	C>G	1	68	105	94	99	91	102	98	88	99	110
1	39	T>C	1	92	97	96	83	111	100	93	90	95	84
1	40	G>C	1	102	106	117	106	121	103	99	130	102	93
1	41	C>G	1	105	91	82	114	103	122	109	115	104	102
1	42	C>G	1	110	93	102	107	104	95	97	100	87	89
1	43	C>A	1	99	92	112	93	95	115	93	109	78	99
1	44	C>G	1	84	90	101	88	89	96	99	102	108	99
1	45	A>G	1	115	99	102	107	105	84	114	102	109	100
1	46	C>A	1	100	106	117	107	89	103	101	121	101	91
1	47	G>A	1	85	102	100	92	101	121	87	100	98	91
1	48	A>T	1	87	95	105	88	102	94	93	93	90	108
1	49	C>T	1	101	82	101	79	100	103	105	113	98	103
1	50	C>T	1	107	118	100	92	100	91	105	110	106	87
1	51	A>T	1	103	106	124	108	107	93	90	88	107	112
1	52	C>G	1	116	97	99	112	114	109	108	106	112	95
1	53	G>T	1	104	123	96	92	92	98	110	112	107	106
1	54	C>A	1	102	91	99	103	109	93	107	76	89	97
1	55	A>G	1	101	103	93	111	81	108	89	93	87	95
1	56	A>C	1	102	104	111	96	99	103	109	111	97	105
1	57	C>T	1	111	108	79	88	79	99	104	98	90	85
1	58	C>G	1	108	89	103	109	94	94	92	95	97	99
1	59	G>C	1	77	98	92	98	104	99	94	107	122	112
1	60	C>A	1	116	98	94	96	76	86	116	111	103	94
1	61	C>T	1	90	90	106	78	105	86	106	95	93	108
1	62	G>A	1	90	94	81	89	107	105	97	94	105	94
1	63	C>T	1	116	98	98	95	113	107	96	104	101	93
1	64	T>C	1	107	105	103	111	84	102	90	111	106	95
1	65	C>G	1	104	96	113	92	97	86	99	104	101	94
1	66	G>A	1	82	93	101	96	103	97	84	90	104	102
1	67	G>T	1	89	132	112	86	108	110	97	112	99	88
1	68	C>A	1	115	111	90	90	91	83	100	118	101	97
1	69	T>A	1	107	113	102	93	111	106	83	103	87	109
1	70	A>G	1	74	110	79	108	100	110	95	111	91	91
1	71	T>A	1	93	120	109	104	117	124	92	105	111	77
1	72	C>T	1	82	95	107	102	83	108	129	106	109	105
1	73	A>T	1	92	102	82	88	92	113	110	106	117	110
1	74	G>T	1	95	102	101	98	98	94	92	88	98	92
1	75	C>A	1	110	105	100	109	99	107	90	103	104	102
1	76	T>C	1	93	90	92	107	103	86	108	114	92	88
1	77	C>T	1	103	94	114	118	92	103	95	105	110	90
1	78	C>T	1	99	94	96	113	97	90	110	116	81	91
1	79	C>G	1	95	100	109	110	87	89	107	96	108	109
1	80	A>C	1	97	119	87	100	119	79	104	105	106	87
1	81	A>C	1	95	91	95	90	101	87	99	97	98	85
1	82	T>A	1	100	98	96	102	109	90	121	107	97	86
1	83	A>C	1	111	87	88	87	93	98	109	111	96	109
1	84	T>G	1	115	114	104	90	105	106	91	88	88	87
1	85	C>T	1	87	117	103	78	85	94	104	107	89	97
1	86	T>A	1	105	79	88	102	94	87	117	85	94	104
1	87	A>C	1	95	95	106	104	94	112	105	95	104	103
1	88	A>C	1	104	119	99	124	98	83	106	104	106	102
1	89	C>T	1	109	107	78	109	101	84	104	94	113	86
1	90	C>G	1	103	83	106	120	114	95	86	98	92	109
1	91	G>A	1	103	109	97	91	93	90	102	100	95	81
1	92	T>C	1	101	108	116	100	100	98	93	86	115	91
1	93	T>G	1	103	104	103	99	94	102	108	91	96	109
1	94	G>T	1	88	113	101	107	96	98	99	97	109	111
1	95	T>A	1	79	99	98	88	83	89	85	114	86	94
1	96	A>G	1	107	90	98	81	93	92	99	93	91	82
1	97	T>G	1	99	125	106	95	107	91	98	86	102	105
1	98	T>A	1	92	115	91	106	115	111	102	94	113	102
1	99	C>G	1	77	81	93	96	107	99	119	105	90	106
