#chr	normal	sample0	sample1	sample2	sample3	sample4	sample5	sample6	sample7	sample8	sample9
0	0	0.0	0.242051282051	0.0	0.0	0.0	0.0	0.270729270729	0.0	0.0	0.131082423039
1	0	0.36487804878	0.236893203883	0.227132579651	0.143277723258	0.21626984127	0.40444015444	0.237563451777	0.338677354709	0.311300639659	0.275510204082
2	0	0.0	0.0	0.0	0.192816635161	0.0	0.0	0.0	0.140298507463	0.0	0.0
3	0	0.0	0.256572029443	0.0	0.0	0.0	0.0	0.25343189018	0.0	0.0	0.139630390144
4	0	0.133333333333	0.0	0.0855991943605	0.126262626263	0.11959798995	0.072265625	0.0	0.086511627907	0.0	0.0
5	0	0.0	0.0	0.0	0.0	0.0	0.159491193738	0.0	0.19504950495	0.300595238095	0.0
6	0	0.157796451914	0.250513347023	0.113265306122	0.164	0.134655532359	0.0	0.240079365079	0.0	0.184290030211	0.233429394813
7	0	0.0	0.0	0.0	0.0	0.0	0.164328657315	0.0	0.164705882353	0.314065510597	0.0
8	0	0.0	0.0	0.0	0.0	0.0	0.129666011788	0.0	0.179863147605	0.301130524152	0.0
9	0	0.0	0.238145416228	0.0	0.0	0.0	0.0	0.243190661479	0.0	0.0	0.139603960396
10	0	0.136874361593	0.266538830297	0.116781157998	0.149087221095	0.130478087649	0.0	0.25745526839	0.0	0.213701431493	0.22722820764
11	0	0.0	0.0	0.0	0.0	0.137040714995	0.0944333996024	0.0	0.0	0.0	0.0
12	0	0.125786163522	0.250252270434	0.0952380952381	0.158906882591	0.120123203285	0.0	0.234345351044	0.0	0.187258687259	0.235532994924
13	0	0.11569416499	0.0	0.0910871694417	0.139534883721	0.118395303327	0.0763052208835	0.0	0.081308411215	0.0	0.0
14	0	0.326150832517	0.266733266733	0.229249011858	0.128412537917	0.220883534137	0.395203336809	0.264189886481	0.340748230536	0.311394891945	0.280538302277
15	0	0.0	0.0	0.0	0.0	0.0	0.149598393574	0.0	0.173870333988	0.299898682877	0.0
16	0	0.0	0.0	0.0	0.0	0.0	0.139086294416	0.0	0.181110029211	0.290872617854	0.0
17	0	0.0	0.0	0.0	0.0	0.0	0.0	0.241176470588	0.0	0.0	0.135190918473
18	0	0.0	0.0	0.0	0.0	0.0	0.0	0.26883910387	0.0	0.0	0.148717948718
19	0	0.0	0.255587949466	0.0	0.0	0.0	0.0	0.250255362615	0.0	0.0	0.146560319043
20	0	0.0	0.0	0.0	0.0	0.107948969578	0.0	0.0	0.0944333996024	0.0	0.0
21	0	0.0	0.0	0.0	0.201195219124	0.0	0.0	0.0	0.166832174777	0.0	0.0
22	0	0.15415821501	0.248688352571	0.11099796334	0.171117705242	0.140232108317	0.0	0.256256256256	0.0	0.20893970894	0.238331678252
23	0	0.0	0.225140712946	0.0	0.0	0.0	0.0	0.260956175299	0.0	0.0	0.127461139896
24	0	0.0	0.0	0.0	0.0	0.0	0.145978152929	0.0	0.184738955823	0.305613305613	0.0
25	0	0.0	0.263929618768	0.0	0.0	0.0	0.0	0.242455775234	0.0	0.0	0.146771037182
26	0	0.0	0.0	0.0	0.0	0.130597014925	0.12984496124	0.0	0.0	0.0	0.0
27	0	0.0	0.0	0.0	0.0	0.0	0.132339235788	0.0	0.172273190622	0.30608365019	0.0
28	0	0.0	0.0	0.0	0.0	0.0	0.0	0.249280920422	0.0	0.0	0.145621181263
29	0	0.0	0.0	0.0	0.0	0.0	0.0	0.275598086124	0.0	0.0	0.146439317954
30	0	0.125910509886	0.0	0.0889787664307	0.154639175258	0.113285272915	0.0915564598169	0.0	0.0890410958904	0.0	0.0
31	0	0.0	0.0	0.0	0.0	0.0	0.0	0.246246246246	0.0	0.0	0.144268774704
32	0	0.0	0.0	0.0	0.0	0.144126357354	0.122554067971	0.0	0.0	0.0	0.0
33	0	0.0	0.0	0.0	0.0	0.11558854719	0.0	0.0	0.0917248255234	0.0	0.0
34	0	0.0	0.26380952381	0.0	0.0	0.0	0.0	0.243055555556	0.0	0.0	0.153470185728
35	0	0.0	0.0	0.0	0.0	0.0	0.141975308642	0.0	0.164225941423	0.298212605833	0.0
36	0	0.144927536232	0.257606490872	0.11961722488	0.176412289395	0.138095238095	0.0	0.253968253968	0.0	0.22453016815	0.227360308285
37	0	0.0	0.0	0.0	0.0	0.0	0.0	0.273987206823	0.0	0.0	0.130392156863
38	0	0.152195121951	0.256048387097	0.283687943262	0.15512195122	0.163902439024	0.0	0.254237288136	0.0	0.190228690229	0.222767419038
39	0	0.0	0.0	0.0	0.0	0.115778688525	0.0	0.0	0.111223458038	0.0	0.0
40	0	0.0	0.0	0.0	0.0	0.0	0.0	0.25	0.0	0.0	0.124876114965
41	0	0.0	0.0	0.0	0.0	0.0	0.0	0.248226950355	0.0	0.0	0.136040609137
42	0	0.0	0.0	0.0	0.0	0.0	0.14387755102	0.0	0.152173913043	0.287934186472	0.0
43	0	0.13567839196	0.0	0.106747230614	0.136	0.108571428571	0.0812619502868	0.0	0.0976361767729	0.0	0.0
44	0	0.0	0.0	0.0	0.192113245703	0.0	0.0	0.0	0.129	0.0	0.0
45	0	0.0	0.0	0.0	0.0	0.0	0.0	0.243512974052	0.0	0.0	0.133744855967
46	0	0.0	0.0	0.0	0.0	0.0	0.153922542205	0.0	0.155358898722	0.296022201665	0.0
47	0	0.0	0.0	0.0	0.0	0.0	0.150559511699	0.0	0.20366598778	0.281339712919	0.0
48	0	0.0	0.0	0.0	0.0	0.0	0.0	0.231958762887	0.0	0.0	0.11122554068
49	0	0.0	0.0	0.0	0.0	0.0	0.139240506329	0.0	0.155155155155	0.317635270541	0.0
50	0	0.0	0.0	0.0	0.0	0.0	0.129459734964	0.0	0.166836215666	0.27352085354	0.0
51	0	0.0	0.231759656652	0.0	0.0	0.0	0.0	0.25219941349	0.0	0.0	0.111842105263
52	0	0.0	0.0	0.0	0.0	0.0	0.0	0.235354573484	0.0	0.0	0.120740019474
53	0	0.0	0.0	0.0	0.0	0.0	0.142857142857	0.0	0.179342723005	0.308678500986	0.0
54	0	0.132642487047	0.260178748759	0.115044247788	0.165137614679	0.137964774951	0.0	0.24358974359	0.0	0.199065420561	0.232580961727
55	0	0.0	0.0	0.0	0.0	0.0	0.0	0.243979057592	0.0	0.0	0.148936170213
56	0	0.0	0.0	0.0	0.0	0.0	0.155789473684	0.0	0.176237623762	0.302564102564	0.0
57	0	0.0	0.0	0.0	0.0	0.0	0.0	0.238095238095	0.0	0.0	0.127066115702
58	0	0.0	0.23865877712	0.0	0.0	0.0	0.0	0.240882917466	0.0	0.0	0.14135021097
59	0	0.0	0.0	0.0	0.0	0.142557651992	0.11078140455	0.0	0.0	0.0	0.0
60	0	0.0	0.0	0.0	0.0	0.0	0.154479917611	0.0	0.140875133404	0.290891283056	0.0
61	0	0.13810483871	0.255040322581	0.105906313646	0.173023255814	0.133874239351	0.0	0.269592476489	0.0	0.184865900383	0.214643931795
62	0	0.0	0.0	0.0	0.185185185185	0.0	0.0	0.0	0.150982419855	0.0	0.0
63	0	0.0	0.0	0.0	0.0	0.147835269271	0.105316973415	0.0	0.0	0.0	0.0
64	0	0.0	0.0	0.0	0.0	0.0	0.0	0.243878550441	0.0	0.0	0.119565217391
65	0	0.0	0.255765199161	0.0	0.0	0.0	0.0	0.264050901379	0.0	0.0	0.145290581162
66	0	0.0	0.0	0.0	0.0	0.0	0.0	0.252326783868	0.0	0.0	0.147325933401
67	0	0.0	0.0	0.0	0.0	0.0	0.0	0.228194726166	0.0	0.0	0.131131131131
68	0	0.123236124177	0.0	0.0685203574975	0.119024390244	0.105522682446	0.0892857142857	0.0	0.0981781376518	0.0	0.0
69	0	0.132437619962	0.0	0.0997008973081	0.148785425101	0.103448275862	0.0876826722338	0.0	0.091	0.0	0.0
70	0	0.0	0.0	0.0	0.185108583247	0.0	0.0	0.0	0.134820562561	0.0	0.0
71	0	0.0	0.0	0.0	0.0	0.0	0.0	0.240039840637	0.0	0.0	0.132093933464
72	0	0.0	0.0	0.0	0.0	0.0	0.162337662338	0.0	0.174636174636	0.29674796748	0.0
73	0	0.0	0.0	0.0	0.0	0.0	0.0	0.256769374416	0.0	0.0	0.138775510204
74	0	0.0	0.0	0.0	0.0	0.0	0.138266796495	0.0	0.145575642245	0.314685314685	0.0
75	0	0.0	0.0	0.0	0.204747774481	0.0	0.0	0.0	0.152641878669	0.0	0.0
76	0	0.0	0.231490159325	0.0	0.0	0.0	0.0	0.240927419355	0.0	0.0	0.13141025641
77	0	0.0	0.0	0.0	0.0	0.0	0.154223968566	0.0	0.134854771784	0.310824230387	0.0
78	0	0.0	0.0	0.0	0.0	0.0	0.154929577465	0.0	0.160320641283	0.305220883534	0.0
79	0	0.0	0.0	0.0	0.19881305638	0.0	0.0	0.0	0.133333333333	0.0	0.0
80	0	0.0	0.0	0.0	0.0	0.133064516129	0.118126272912	0.0	0.0	0.0	0.0
81	0	0.0	0.0	0.0	0.0	0.0	0.0	0.252279635258	0.0	0.0	0.15296566077
82	0	0.0	0.0	0.0	0.196097560976	0.0	0.0	0.0	0.140243902439	0.0	0.0
83	0	0.0	0.26380952381	0.0	0.0	0.0	0.0	0.234106962664	0.0	0.0	0.14371257485
84	0	0.129518072289	0.0	0.0788675429727	0.131302521008	0.108324974925	0.0945273631841	0.0	0.0958498023715	0.0	0.0
85	0	0.0	0.252	0.0	0.0	0.0	0.0	0.270526315789	0.0	0.0	0.142436149312
86	0	0.0	0.0	0.0	0.223748773307	0.0	0.0	0.0	0.15061963775	0.0	0.0
87	0	0.119711042312	0.0	0.0963035019455	0.124064171123	0.105371900826	0.0834990059642	0.0	0.11359223301	0.0	0.0
88	0	0.12996031746	0.246406570842	0.260080645161	0.180894308943	0.130952380952	0.0	0.259042033236	0.0	0.221902017291	0.196307094266
89	0	0.0	0.0	0.0	0.0	0.119796954315	0.0	0.0	0.089521871821	0.0	0.0
90	0	0.0	0.0	0.0	0.0	0.0	0.0	0.236710130391	0.0	0.0	0.147492625369
91	0	0.135826771654	0.0	0.0932475884244	0.144319344933	0.112825458052	0.087358684481	0.0	0.0974456007569	0.0	0.0
92	0	0.0	0.0	0.0	0.0	0.0	0.146971201589	0.0	0.157114624506	0.311715481172	0.0
93	0	0.143724696356	0.0	0.0743243243243	0.13676042677	0.0997008973081	0.0887755102041	0.0	0.106692531523	0.0	0.0
94	0	0.0	0.0	0.0	0.0	0.0	0.145061728395	0.0	0.163565132223	0.307996051333	0.0
95	0	0.0	0.0	0.0	0.0	0.0	0.136550308008	0.0	0.175916230366	0.307203389831	0.0
96	0	0.0	0.0	0.0	0.22754491018	0.0	0.0	0.0	0.133068520357	0.0	0.0
97	0	0.0	0.0	0.0	0.0	0.0	0.166015625	0.0	0.163601161665	0.301554404145	0.0
98	0	0.0	0.0	0.0	0.0	0.155279503106	0.113636363636	0.0	0.0	0.0	0.0
99	0	0.0	0.274319066148	0.0	0.0	0.0	0.0	0.250509164969	0.0	0.0	0.142710472279
