gene_id	sample0	sample0	sample1	sample1	sample2	sample2	sample3	sample3	sample4	sample4	sample5	sample5	sample6	sample6	sample7	sample7	sample8	sample8	sample9	sample9
0	845	137	982	0	1014	0	842	189	967	0	1017	0	957	0	995	0	841	155	1021	0
1	900	136	901	0	896	120	816	150	1046	0	748	279	1064	0	806	152	701	290	978	0
2	887	163	982	0	1002	0	794	168	977	0	1005	0	989	0	1007	0	867	178	1026	0
3	800	123	973	0	1049	0	812	156	1003	0	978	0	972	0	1031	0	887	155	1040	0
4	890	94	1031	0	1026	0	991	0	999	0	980	0	1017	0	1016	0	888	117	1046	0
5	935	78	1003	0	989	0	998	0	1033	0	1031	0	992	0	1044	0	878	96	914	0
6	912	95	995	0	988	0	1033	0	989	0	1069	0	1017	0	1000	0	924	86	960	0
7	860	110	1006	0	1002	0	855	129	1055	0	968	0	869	130	881	166	880	141	1039	0
8	821	120	988	0	1037	0	793	180	1009	0	1004	0	1016	0	995	0	909	156	988	0
9	836	167	997	0	824	169	1040	0	1012	0	991	0	786	212	992	0	1018	0	787	208
10	809	124	933	0	1005	0	814	174	960	0	1029	0	972	0	1005	0	861	133	995	0
11	992	0	736	214	951	108	1014	0	751	268	757	233	1050	0	1000	0	999	0	920	133
12	872	136	987	0	938	0	798	206	992	0	1021	0	959	0	926	0	862	157	954	0
13	912	108	973	0	1010	0	874	121	959	0	968	0	878	146	887	157	929	129	971	0
14	903	83	1038	0	1060	0	982	0	1013	0	1010	0	1009	0	1007	0	910	89	947	0
15	831	145	933	0	993	0	856	180	1011	0	1009	0	1004	0	972	0	846	166	1043	0
16	803	157	1001	0	1063	0	866	166	994	0	952	0	1040	0	1047	0	820	150	1011	0
17	920	131	996	0	1004	0	821	163	1049	0	984	0	1018	0	1034	0	862	131	1013	0
18	871	160	954	0	838	158	1031	0	985	0	1045	0	841	218	1000	0	1053	0	819	220
19	984	0	754	219	888	96	984	0	806	230	728	207	984	0	1029	0	1028	0	851	122
20	837	161	1031	0	985	0	823	192	1033	0	990	0	987	0	1040	0	849	147	1055	0
21	864	120	1066	0	979	0	785	185	973	0	991	0	955	0	1030	0	878	165	1017	0
22	903	138	927	0	999	0	820	181	1017	0	985	0	1008	0	972	0	876	166	1046	0
23	866	153	979	0	991	0	774	179	990	0	1014	0	990	0	958	0	820	162	1020	0
24	831	178	1037	0	769	169	976	0	1061	0	969	0	792	224	979	0	983	0	819	201
25	857	175	980	0	802	165	979	0	1099	0	991	0	821	195	1016	0	984	0	793	211
26	919	100	1004	0	1017	0	974	0	1026	0	917	0	975	0	959	0	919	85	949	0
27	849	85	978	0	1015	0	1002	0	974	0	1016	0	1065	0	980	0	939	102	996	0
28	882	131	1013	0	1032	0	813	199	962	0	985	0	1061	0	1006	0	845	156	1018	0
29	849	149	963	0	1012	0	858	180	954	0	1038	0	1001	0	915	0	834	157	1025	0
30	854	122	1049	0	999	0	864	192	1016	0	1071	0	1016	0	1058	0	804	140	976	0
31	936	102	982	0	976	0	1011	0	995	0	966	0	973	0	1022	0	874	101	967	0
32	897	128	1008	0	993	0	874	147	1066	0	984	0	868	134	839	152	855	142	1010	0
33	844	181	507	465	619	366	1008	0	545	516	805	229	660	398	816	184	979	0	512	503
34	884	154	1000	0	958	0	770	207	995	0	1038	0	1037	0	995	0	868	161	919	0
35	855	98	1018	0	1037	0	1048	0	944	0	972	0	992	0	993	0	918	101	1000	0
36	878	104	1020	0	985	0	834	127	953	0	975	0	818	124	816	155	855	145	985	0
37	813	154	1046	0	1024	0	818	178	978	0	996	0	979	0	985	0	872	147	1043	0
38	884	130	991	0	1011	0	854	131	986	0	1013	0	852	118	882	141	902	135	1006	0
39	891	130	1050	0	1010	0	885	157	1026	0	974	0	964	0	916	0	873	147	974	0
40	886	104	1088	0	992	0	878	129	991	0	981	0	907	138	873	141	916	106	986	0
41	903	117	989	0	1014	0	872	130	975	0	1005	0	902	150	899	157	909	116	993	0
42	898	82	1013	0	1040	0	952	0	936	0	1037	0	991	0	980	0	886	81	979	0
43	1047	0	497	493	864	91	1007	0	515	549	793	235	1033	0	1061	0	1020	0	870	116
44	904	124	1002	0	975	0	822	183	1009	0	947	0	1019	0	986	0	854	165	973	0
45	830	126	967	0	961	0	799	174	1016	0	988	0	982	0	1039	0	798	161	1018	0
46	904	116	996	0	981	0	879	145	1052	0	1012	0	826	116	889	155	849	121	1000	0
47	851	153	1049	0	1020	0	835	172	1022	0	1019	0	1014	0	962	0	838	143	957	0
48	837	125	1011	0	892	119	787	167	1041	0	733	258	1014	0	791	178	767	271	963	0
49	836	130	1030	0	1025	0	848	165	1044	0	977	0	975	0	1015	0	790	152	978	0
50	869	97	1058	0	963	0	982	0	977	0	989	0	996	0	946	0	935	90	988	0
51	871	97	982	0	945	0	835	128	998	0	1076	0	835	137	829	144	845	106	990	0
52	896	102	977	0	1002	0	900	140	1019	0	1002	0	894	127	835	144	859	125	1002	0
53	768	264	464	509	486	503	828	151	478	530	486	499	590	360	577	301	758	247	511	521
54	830	129	1027	0	950	90	817	195	929	0	763	266	979	0	828	156	672	337	1010	0
55	922	85	1057	0	1007	0	983	0	1011	0	1005	0	975	0	1001	0	867	112	1026	0
56	951	92	992	0	942	0	993	0	1073	0	980	0	1011	0	1010	0	940	101	998	0
57	914	91	1008	0	946	0	970	0	1037	0	1018	0	926	0	1015	0	901	96	1062	0
58	887	131	1022	0	904	114	821	181	1013	0	759	232	943	0	835	178	683	273	972	0
59	893	151	1008	0	1023	0	818	174	996	0	986	0	1027	0	993	0	850	147	1018	0
60	725	250	511	502	494	522	862	182	526	493	507	478	605	382	669	346	741	223	479	489
61	954	98	1002	0	976	0	998	0	1037	0	986	0	966	0	945	0	873	92	1017	0
62	879	108	1019	0	1028	0	842	191	1012	0	988	0	987	0	980	0	859	157	1001	0
63	795	130	1024	0	878	107	824	188	980	0	758	288	1009	0	807	155	705	300	990	0
64	901	99	1036	0	1026	0	958	0	1030	0	1015	0	997	0	1001	0	913	113	987	0
65	846	111	1031	0	1006	0	877	203	995	0	956	0	932	0	982	0	823	140	1015	0
66	936	108	1015	0	985	0	888	149	995	0	1019	0	839	148	863	141	861	115	1023	0
67	882	121	966	0	947	0	879	135	963	0	974	0	882	138	890	170	861	103	958	0
68	866	129	1023	0	940	0	807	171	982	0	1009	0	1001	0	1015	0	844	130	1010	0
69	930	84	984	0	1018	0	1010	0	1016	0	984	0	995	0	1031	0	950	71	980	0
70	816	152	1005	0	830	162	1006	0	1010	0	998	0	799	203	998	0	1027	0	793	208
71	838	145	966	0	937	0	802	195	1017	0	973	0	1049	0	1015	0	820	166	933	0
72	872	128	951	0	982	0	773	149	1013	0	1008	0	990	0	939	0	801	155	997	0
73	989	0	505	486	906	93	990	0	504	499	754	247	1030	0	1043	0	964	0	921	117
74	812	182	525	490	584	371	947	0	475	528	749	239	627	333	826	195	955	0	497	457
75	825	135	995	0	907	126	887	167	1035	0	740	262	1018	0	828	186	719	263	1041	0
76	869	135	1037	0	1018	0	867	194	928	0	973	0	962	0	1013	0	865	174	1043	0
77	947	95	1004	0	969	0	855	138	956	0	999	0	839	117	847	164	853	122	1007	0
78	928	91	1034	0	994	0	967	0	991	0	1005	0	975	0	953	0	937	86	1015	0
79	898	83	989	0	1013	0	1034	0	993	0	974	0	1027	0	952	0	903	95	965	0
80	944	84	1039	0	1021	0	978	0	993	0	999	0	1033	0	986	0	896	81	1024	0
81	853	142	1057	0	1023	0	805	176	991	0	953	0	969	0	1004	0	923	143	1025	0
82	1017	0	517	511	866	109	984	0	556	474	793	225	1031	0	989	0	1060	0	882	121
83	856	100	1057	0	999	0	828	136	1011	0	964	0	816	132	806	137	896	114	1041	0
84	993	0	482	486	899	113	999	0	479	507	790	244	972	0	930	0	1030	0	879	140
85	828	91	986	0	1035	0	912	137	1014	0	1029	0	855	138	853	171	850	101	986	0
86	870	78	1014	0	988	0	1016	0	1032	0	1008	0	962	0	1017	0	918	103	934	0
87	911	143	1026	0	976	0	817	171	1020	0	1026	0	1049	0	1025	0	854	160	942	0
88	917	95	977	0	988	0	954	0	971	0	1094	0	968	0	1005	0	921	104	944	0
89	873	155	1018	0	864	112	829	153	980	0	697	300	1001	0	883	171	666	289	1023	0
90	858	151	984	0	971	0	786	191	974	0	1013	0	1001	0	1015	0	869	165	1032	0
91	728	257	516	546	491	501	867	163	499	508	495	487	659	357	667	312	719	237	497	494
92	930	99	1048	0	1018	0	1006	0	990	0	1008	0	1008	0	992	0	905	89	974	0
93	970	0	511	499	911	97	1010	0	495	518	781	231	933	0	1061	0	995	0	853	122
94	928	129	969	0	980	0	866	126	1015	0	1000	0	899	115	822	171	852	116	1018	0
95	911	89	1005	0	1051	0	844	160	974	0	1041	0	857	150	865	150	871	136	990	0
96	960	96	1030	0	1009	0	995	0	1010	0	974	0	946	0	1029	0	912	117	951	0
97	942	59	999	0	1040	0	1009	0	949	0	968	0	1027	0	1023	0	886	103	1039	0
98	867	142	1027	0	948	0	794	173	1013	0	1017	0	1014	0	965	0	854	143	1013	0
99	849	135	969	0	928	93	774	185	1044	0	755	300	976	0	809	183	765	286	1043	0
