#chr	position	description	normal	sample0	sample1	sample2	sample3	sample4
1	1	1	0	0.0	0.284482758621	0.297297297297	0.47311827957	0.0833333333333
2	1	1	0	0.0	0.281818181818	0.0	0.0	0.0
3	1	1	0	0.0	0.308641975309	0.0	0.0	0.0
4	1	1	0	0.0	0.0	0.0	0.0	0.0
5	1	1	0	0.0	0.252525252525	0.128440366972	0.0	0.372549019608
6	1	1	0	0.0	0.279569892473	0.25	0.345794392523	0.0909090909091
7	1	1	0	0.325757575758	0.0	0.0	0.0818181818182	0.0
8	1	1	0	0.0	0.237623762376	0.122448979592	0.0	0.0
9	1	1	0	0.0	0.298969072165	0.30303030303	0.441176470588	0.12
10	1	1	0	0.0	0.288659793814	0.221153846154	0.291139240506	0.195652173913
11	1	1	0	0.0	0.0	0.147727272727	0.0	0.0
12	1	1	0	0.0	0.0	0.0	0.0	0.0
13	1	1	0	0.0	0.0	0.0	0.0	0.0
14	1	1	0	0.0	0.0	0.129032258065	0.0	0.0
15	1	1	0	0.0	0.0	0.0	0.0	0.223529411765
16	1	1	0	0.0	0.237623762376	0.247619047619	0.333333333333	0.0824742268041
17	1	1	0	0.482352941176	0.0	0.0	0.106796116505	0.0
18	1	1	0	0.0	0.357798165138	0.0	0.0	0.0
19	1	1	0	0.359649122807	0.273684210526	0.289156626506	0.518518518519	0.128440366972
20	1	1	0	0.0	0.336283185841	0.235849056604	0.322580645161	0.12380952381
21	1	1	0	0.0	0.247619047619	0.268817204301	0.375	0.159292035398
22	1	1	0	0.0	0.23	0.09	0.0	0.0
23	1	1	0	0.0	0.0	0.0	0.0	0.192307692308
24	1	1	0	0.32380952381	0.0	0.0	0.184466019417	0.0
25	1	1	0	0.280898876404	0.0	0.0	0.153153153153	0.0
26	1	1	0	0.0	0.19	0.105263157895	0.0	0.0
27	1	1	0	0.0	0.2	0.0	0.0	0.0
28	1	1	0	0.0	0.0	0.0	0.0	0.0
29	1	1	0	0.0	0.0	0.150537634409	0.0	0.0
30	1	1	0	0.0	0.257425742574	0.106796116505	0.0	0.0
31	1	1	0	0.462962962963	0.0	0.0	0.148514851485	0.0
32	1	1	0	0.383720930233	0.0	0.0	0.119266055046	0.0
33	1	1	0	0.406976744186	0.0	0.0	0.229885057471	0.0
34	1	1	0	0.0	0.0	0.0	0.0	0.0
35	1	1	0	0.0	0.245283018868	0.0	0.0	0.0
36	1	1	0	0.0	0.0	0.150537634409	0.0	0.0
37	1	1	0	0.0	0.0	0.0	0.0	0.0
38	1	1	0	0.4	0.235294117647	0.293577981651	0.476635514019	0.177570093458
39	1	1	0	0.0	0.20202020202	0.178217821782	0.0	0.0
40	1	1	0	0.0	0.170454545455	0.126315789474	0.0	0.0
41	1	1	0	0.0	0.0	0.15306122449	0.0	0.0
42	1	1	0	0.0	0.0	0.0	0.217821782178	0.0
43	1	1	0	0.0	0.0	0.0	0.0	0.134615384615
44	1	1	0	0.0	0.0	0.141509433962	0.0	0.0
45	1	1	0	0.0	0.28125	0.172839506173	0.396396396396	0.0606060606061
46	1	1	0	0.0	0.0	0.0	0.0	0.0
47	1	1	0	0.0	0.0	0.12389380531	0.0	0.0
48	1	1	0	0.0	0.0	0.0	0.0	0.0
49	1	1	0	0.387755102041	0.0	0.0	0.182795698925	0.0
50	1	1	0	0.0	0.0	0.0	0.0	0.146788990826
51	1	1	0	0.0	0.288888888889	0.219298245614	0.469387755102	0.104651162791
52	1	1	0	0.0	0.224489795918	0.0917431192661	0.0	0.376237623762
53	1	1	0	0.380952380952	0.260416666667	0.215053763441	0.412280701754	0.118279569892
54	1	1	0	0.0	0.0	0.0	0.0	0.210526315789
55	1	1	0	0.0	0.0	0.0	0.0	0.0
56	1	1	0	0.0	0.0	0.0	0.0	0.0
57	1	1	0	0.0	0.0	0.0	0.165048543689	0.0
58	1	1	0	0.0	0.287356321839	0.0	0.0	0.0
59	1	1	0	0.0	0.0	0.0	0.0	0.169811320755
60	1	1	0	0.0	0.0	0.0963855421687	0.0	0.0
61	1	1	0	0.0	0.0	0.0	0.0	0.0
62	1	1	0	0.0	0.298850574713	0.0760869565217	0.0	0.0
63	1	1	0	0.0	0.338983050847	0.0	0.0	0.0
64	1	1	0	0.171428571429	0.280898876404	0.28	0.408163265306	0.181818181818
65	1	1	0	0.0	0.326530612245	0.218390804598	0.351351351351	0.12
66	1	1	0	0.415384615385	0.0	0.0	0.15652173913	0.0
67	1	1	0	0.0	0.0	0.0	0.111111111111	0.0
68	1	1	0	0.0	0.234693877551	0.0526315789474	0.0	0.0
69	1	1	0	0.0	0.0	0.0	0.0	0.138613861386
70	1	1	0	0.0	0.336633663366	0.0	0.0	0.0
71	1	1	0	0.0	0.274336283186	0.353982300885	0.315217391304	0.168674698795
72	1	1	0	0.0	0.21978021978	0.262626262626	0.314606741573	0.0879120879121
73	1	1	0	0.0	0.0	0.0	0.0	0.165048543689
74	1	1	0	0.0	0.306306306306	0.242718446602	0.422222222222	0.168421052632
75	1	1	0	0.0	0.0	0.0	0.0	0.137614678899
76	1	1	0	0.0	0.0	0.0	0.0	0.174311926606
77	1	1	0	0.0	0.244680851064	0.236842105263	0.428571428571	0.183486238532
78	1	1	0	0.0	0.201834862385	0.132075471698	0.0	0.0
79	1	1	0	0.0	0.306306306306	0.127906976744	0.0	0.0
80	1	1	0	0.223684210526	0.273684210526	0.291666666667	0.333333333333	0.117117117117
81	1	1	0	0.0	0.0	0.111111111111	0.104166666667	0.0
82	1	1	0	0.0	0.263736263736	0.0	0.0	0.0
83	1	1	0	0.0	0.0	0.0	0.0	0.139784946237
84	1	1	0	0.0	0.0	0.0	0.0	0.0
85	1	1	0	0.0	0.275510204082	0.0697674418605	0.0	0.406593406593
86	1	1	0	0.0	0.0	0.0	0.0	0.234693877551
87	1	1	0	0.0	0.0	0.0	0.0	0.233333333333
88	1	1	0	0.0	0.0	0.0860215053763	0.0	0.0
89	1	1	0	0.0	0.0	0.115384615385	0.0	0.0
90	1	1	0	0.0	0.0	0.0943396226415	0.0	0.0
91	1	1	0	0.0	0.0	0.0	0.0	0.0
92	1	1	0	0.0	0.259259259259	0.274509803922	0.319587628866	0.120481927711
93	1	1	0	0.366071428571	0.0	0.0	0.163461538462	0.0
94	1	1	0	0.0	0.0	0.0	0.159663865546	0.0
95	1	1	0	0.0	0.216494845361	0.288888888889	0.278846153846	0.132075471698
96	1	1	0	0.38202247191	0.0	0.0	0.178217821782	0.0
97	1	1	0	0.0	0.273684210526	0.266666666667	0.366666666667	0.127659574468
98	1	1	0	0.0	0.259615384615	0.252427184466	0.336283185841	0.102803738318
99	1	1	0	0.392156862745	0.0	0.0	0.118811881188	0.0
100	1	1	0	0.0	0.0	0.0	0.0	0.0
101	1	1	0	0.0	0.0	0.0	0.0	0.0
102	1	1	0	0.0	0.2	0.0847457627119	0.0	0.336842105263
103	1	1	0	0.0	0.0	0.0	0.0	0.115044247788
104	1	1	0	0.0	0.297619047619	0.0	0.0	0.0
105	1	1	0	0.0	0.313725490196	0.235294117647	0.494623655914	0.168539325843
106	1	1	0	0.0	0.232323232323	0.0	0.0	0.0
107	1	1	0	0.0	0.0	0.0	0.0	0.12037037037
108	1	1	0	0.0	0.0	0.0	0.0	0.0
109	1	1	0	0.0	0.0	0.0	0.0	0.0
110	1	1	0	0.0	0.0	0.0	0.0	0.131868131868
111	1	1	0	0.0	0.186274509804	0.132653061224	0.0	0.0
112	1	1	0	0.0	0.0	0.0	0.0	0.0
113	1	1	0	0.0	0.0	0.0	0.0	0.0
114	1	1	0	0.0	0.0	0.0	0.0	0.189473684211
115	1	1	0	0.0	0.0	0.0	0.0	0.163461538462
116	1	1	0	0.0	0.252747252747	0.156626506024	0.0	0.361904761905
117	1	1	0	0.0	0.0	0.0	0.0	0.0
118	1	1	0	0.0	0.21978021978	0.101851851852	0.0	0.0
119	1	1	0	0.0	0.275229357798	0.222222222222	0.32	0.168316831683
120	1	1	0	0.0	0.225	0.0841121495327	0.0	0.423076923077
121	1	1	0	0.0	0.0	0.0	0.0	0.0
122	1	1	0	0.0	0.0	0.0	0.0	0.0
123	1	1	0	0.0	0.0	0.0	0.0	0.0
124	1	1	0	0.0	0.201680672269	0.0	0.0	0.0
125	1	1	0	0.0	0.0	0.0	0.0	0.0
126	1	1	0	0.0	0.0	0.0	0.0	0.0
127	1	1	0	0.0	0.0	0.0	0.0	0.0
128	1	1	0	0.0	0.0	0.0	0.0	0.0
129	1	1	0	0.0	0.0	0.0	0.0	0.0
130	1	1	0	0.0	0.271739130435	0.285714285714	0.336206896552	0.130841121495
131	1	1	0	0.0	0.0	0.0	0.0	0.188118811881
132	1	1	0	0.0	0.0	0.0	0.0	0.0
133	1	1	0	0.0	0.0	0.139784946237	0.0	0.0
134	1	1	0	0.0	0.26	0.116071428571	0.0	0.406593406593
135	1	1	0	0.182795698925	0.231707317073	0.247524752475	0.430107526882	0.0740740740741
136	1	1	0	0.0	0.0	0.0	0.0	0.177777777778
137	1	1	0	0.0	0.217821782178	0.0568181818182	0.0	0.38
138	1	1	0	0.418181818182	0.0	0.0	0.137931034483	0.0
139	1	1	0	0.0	0.318584070796	0.247524752475	0.450980392157	0.0927835051546
140	1	1	0	0.0	0.285714285714	0.203883495146	0.393939393939	0.123595505618
141	1	1	0	0.0	0.0	0.0	0.0	0.0
142	1	1	0	0.317757009346	0.271604938272	0.322222222222	0.441176470588	0.11214953271
143	1	1	0	0.0	0.227722772277	0.0612244897959	0.0	0.0
144	1	1	0	0.0	0.0	0.0	0.142857142857	0.0
145	1	1	0	0.0	0.0	0.0	0.0	0.157894736842
146	1	1	0	0.0	0.277777777778	0.0	0.0	0.0
147	1	1	0	0.0	0.267857142857	0.126213592233	0.0	0.0
148	1	1	0	0.0	0.261363636364	0.221238938053	0.368421052632	0.158415841584
149	1	1	0	0.0	0.0	0.0	0.134020618557	0.0
150	1	1	0	0.0	0.3	0.276785714286	0.457831325301	0.11320754717
151	1	1	0	0.0	0.0	0.0	0.0	0.134020618557
152	1	1	0	0.0	0.25	0.0	0.0	0.0
153	1	1	0	0.0	0.245098039216	0.272727272727	0.43	0.1
154	1	1	0	0.422680412371	0.0	0.0	0.0917431192661	0.0
155	1	1	0	0.0	0.0	0.0	0.0	0.0
156	1	1	0	0.0	0.296296296296	0.337078651685	0.395833333333	0.127272727273
157	1	1	0	0.425531914894	0.0	0.0	0.147727272727	0.0
158	1	1	0	0.0	0.155339805825	0.108910891089	0.0	0.3125
159	1	1	0	0.318681318681	0.0	0.0	0.0714285714286	0.0
160	1	1	0	0.0	0.0	0.0	0.0	0.15
161	1	1	0	0.0	0.34693877551	0.0	0.0	0.0
162	1	1	0	0.0	0.0	0.0	0.0	0.0
163	1	1	0	0.0	0.0	0.0	0.0	0.148148148148
164	1	1	0	0.0	0.0	0.103896103896	0.0	0.0
165	1	1	0	0.0	0.0	0.136363636364	0.0	0.0
166	1	1	0	0.0	0.196078431373	0.361445783133	0.362637362637	0.102564102564
167	1	1	0	0.0	0.230769230769	0.223404255319	0.322580645161	0.10101010101
168	1	1	0	0.373626373626	0.0	0.0	0.105263157895	0.0
169	1	1	0	0.0	0.287037037037	0.21875	0.345794392523	0.168421052632
170	1	1	0	0.340659340659	0.0	0.0	0.138888888889	0.0
171	1	1	0	0.0	0.362745098039	0.227722772277	0.404255319149	0.0777777777778
172	1	1	0	0.0	0.203883495146	0.0535714285714	0.0	0.0
173	1	1	0	0.0	0.0	0.0	0.0	0.163636363636
174	1	1	0	0.0	0.333333333333	0.245098039216	0.307692307692	0.188235294118
175	1	1	0	0.0	0.0	0.0	0.0	0.14953271028
176	1	1	0	0.0	0.276785714286	0.19801980198	0.325581395349	0.103896103896
177	1	1	0	0.0	0.0	0.0	0.0	0.162790697674
178	1	1	0	0.355140186916	0.0	0.0	0.0842105263158	0.0
179	1	1	0	0.0	0.0	0.0	0.0	0.151515151515
180	1	1	0	0.0	0.25	0.242424242424	0.369369369369	0.0963855421687
181	1	1	0	0.431578947368	0.0	0.0	0.1	0.0
182	1	1	0	0.0	0.0	0.18	0.0	0.0
183	1	1	0	0.0	0.193548387097	0.284210526316	0.320388349515	0.113402061856
184	1	1	0	0.0	0.268041237113	0.188235294118	0.323232323232	0.14953271028
185	1	1	0	0.0	0.235849056604	0.163265306122	0.0	0.352380952381
186	1	1	0	0.0	0.223404255319	0.110169491525	0.0	0.38
187	1	1	0	0.0	0.0	0.0	0.0	0.0
188	1	1	0	0.0	0.0	0.119266055046	0.0	0.0
189	1	1	0	0.0	0.274725274725	0.20202020202	0.415841584158	0.0823529411765
190	1	1	0	0.0	0.268292682927	0.142857142857	0.0	0.0
191	1	1	0	0.0	0.0	0.0	0.0	0.0
192	1	1	0	0.536585365854	0.283464566929	0.350515463918	0.438775510204	0.154639175258
193	1	1	0	0.0	0.192	0.0744680851064	0.0	0.0
194	1	1	0	0.294117647059	0.0	0.0	0.14953271028	0.0
195	1	1	0	0.407766990291	0.0	0.0	0.181818181818	0.0
196	1	1	0	0.422680412371	0.0	0.0	0.192660550459	0.0
197	1	1	0	0.0	0.0	0.0	0.0	0.0
198	1	1	0	0.0	0.0	0.0	0.0	0.0
199	1	1	0	0.0	0.276595744681	0.0	0.0	0.0
200	1	1	0	0.0	0.1875	0.169811320755	0.0	0.454545454545
