#chr	position	description	normal	sample0	sample1	sample2	sample3	sample4
1	1	1	0	0.138888888889	0.0	0.290322580645	0.279069767442	0.238095238095
2	1	1	0	0.0	0.0	0.0	0.0	0.0
3	1	1	0	0.0	0.0	0.0	0.0	0.205607476636
4	1	1	0	0.0	0.0	0.0	0.0	0.233870967742
5	1	1	0	0.0	0.0	0.0	0.0	0.0
6	1	1	0	0.0	0.0	0.20202020202	0.202247191011	0.0
7	1	1	0	0.0	0.0	0.0	0.0	0.0
8	1	1	0	0.0	0.0	0.0	0.0	0.0
9	1	1	0	0.280701754386	0.228915662651	0.557692307692	0.340909090909	0.510638297872
10	1	1	0	0.161616161616	0.0	0.27358490566	0.203539823009	0.203703703704
11	1	1	0	0.0	0.0	0.0	0.0	0.0
12	1	1	0	0.0	0.0	0.0	0.0	0.0
13	1	1	0	0.0	0.0	0.0	0.0	0.0
14	1	1	0	0.2	0.0	0.252525252525	0.142857142857	0.25
15	1	1	0	0.0	0.0	0.0	0.0	0.0
16	1	1	0	0.311320754717	0.31914893617	0.513274336283	0.325842696629	0.52808988764
17	1	1	0	0.495495495495	0.466019417476	0.472727272727	0.548387096774	0.403669724771
18	1	1	0	0.0	0.0	0.0	0.0	0.0
19	1	1	0	0.271028037383	0.494505494505	0.5	0.579545454545	0.4
20	1	1	0	0.0	0.0	0.0	0.0	0.0
21	1	1	0	0.0	0.0	0.0	0.0	0.0
22	1	1	0	0.0	0.0	0.0	0.0	0.196078431373
23	1	1	0	0.0	0.0	0.203125	0.181818181818	0.0
24	1	1	0	0.275229357798	0.474747474747	0.5	0.514563106796	0.434426229508
25	1	1	0	0.0	0.0	0.0	0.0	0.0
26	1	1	0	0.0	0.0	0.0	0.0	0.0
27	1	1	0	0.148148148148	0.0	0.219298245614	0.177083333333	0.288659793814
28	1	1	0	0.153846153846	0.282828282828	0.0	0.0	0.0
29	1	1	0	0.333333333333	0.5	0.263157894737	0.59595959596	0.552380952381
30	1	1	0	0.0	0.0	0.0	0.0	0.220930232558
31	1	1	0	0.0	0.0	0.0	0.0	0.0
32	1	1	0	0.0	0.0	0.0	0.0	0.0
33	1	1	0	0.0	0.0	0.0	0.0	0.0
34	1	1	0	0.0	0.0	0.260869565217	0.184210526316	0.216494845361
35	1	1	0	0.0	0.0	0.0	0.0	0.0
36	1	1	0	0.107142857143	0.182608695652	0.0	0.0	0.0
37	1	1	0	0.176470588235	0.0	0.233333333333	0.148514851485	0.320512820513
38	1	1	0	0.510869565217	0.444444444444	0.561797752809	0.556818181818	0.411764705882
39	1	1	0	0.0952380952381	0.0	0.141509433962	0.201834862385	0.299065420561
40	1	1	0	0.0	0.0	0.0	0.0	0.0
41	1	1	0	0.0	0.0	0.298245614035	0.136363636364	0.2
42	1	1	0	0.0	0.0	0.0	0.0	0.0
43	1	1	0	0.211111111111	0.247311827957	0.0	0.0	0.0
44	1	1	0	0.0	0.0	0.0	0.0	0.202247191011
45	1	1	0	0.0	0.0	0.0	0.0	0.0
46	1	1	0	0.0	0.0	0.0	0.0	0.0
47	1	1	0	0.132075471698	0.267326732673	0.0	0.0	0.0
48	1	1	0	0.0	0.0	0.0	0.0	0.0
49	1	1	0	0.0	0.0	0.0	0.0	0.0
50	1	1	0	0.176470588235	0.201834862385	0.0	0.0	0.0
51	1	1	0	0.0	0.0	0.239130434783	0.131578947368	0.219047619048
52	1	1	0	0.0808080808081	0.0	0.215909090909	0.216666666667	0.266666666667
53	1	1	0	0.0	0.0	0.205607476636	0.148148148148	0.223404255319
54	1	1	0	0.0	0.0	0.0	0.0	0.0
55	1	1	0	0.0	0.0	0.234042553191	0.145454545455	0.0
56	1	1	0	0.0	0.0	0.197802197802	0.158536585366	0.223214285714
57	1	1	0	0.0	0.0	0.0	0.0	0.0
58	1	1	0	0.0	0.0	0.0	0.0	0.0
59	1	1	0	0.0	0.0	0.0	0.0	0.0
60	1	1	0	0.0	0.0	0.0	0.0	0.0
61	1	1	0	0.325	0.516949152542	0.235294117647	0.509615384615	0.552380952381
62	1	1	0	0.0	0.0	0.0	0.0	0.0
63	1	1	0	0.289473684211	0.255319148936	0.457831325301	0.30487804878	0.514851485149
64	1	1	0	0.0	0.0	0.0	0.0	0.0
65	1	1	0	0.0	0.0	0.0	0.0	0.0
66	1	1	0	0.0	0.0	0.0	0.0	0.0
67	1	1	0	0.0	0.0	0.0	0.0	0.0
68	1	1	0	0.0	0.0	0.0	0.0	0.0
69	1	1	0	0.342857142857	0.537634408602	0.209302325581	0.530973451327	0.494949494949
70	1	1	0	0.0	0.0	0.225	0.123711340206	0.252427184466
71	1	1	0	0.0	0.0	0.0	0.0	0.0
72	1	1	0	0.0	0.0	0.19387755102	0.0	0.0
73	1	1	0	0.0	0.0	0.0	0.0	0.0
74	1	1	0	0.0	0.0	0.0	0.0	0.0
75	1	1	0	0.0	0.0	0.0	0.0	0.0
76	1	1	0	0.0	0.0	0.201923076923	0.2	0.0
77	1	1	0	0.0	0.0	0.204301075269	0.0	0.0
78	1	1	0	0.159292035398	0.258426966292	0.0	0.0	0.0
79	1	1	0	0.247191011236	0.314606741573	0.487179487179	0.343434343434	0.519230769231
80	1	1	0	0.0	0.0	0.0	0.0	0.0
81	1	1	0	0.0	0.0	0.0	0.0	0.0
82	1	1	0	0.0	0.0	0.0	0.0	0.0
83	1	1	0	0.0	0.0	0.233333333333	0.0	0.0
84	1	1	0	0.0	0.0	0.252631578947	0.155555555556	0.0
85	1	1	0	0.0	0.0	0.243697478992	0.142857142857	0.2
86	1	1	0	0.0	0.0	0.0	0.0	0.217821782178
87	1	1	0	0.0	0.0	0.0	0.0	0.224299065421
88	1	1	0	0.0	0.0	0.0	0.0	0.210526315789
89	1	1	0	0.0	0.0	0.0	0.0	0.0
90	1	1	0	0.0	0.0	0.0	0.0	0.0
91	1	1	0	0.0	0.0	0.0	0.0	0.0
92	1	1	0	0.0	0.0	0.0	0.0	0.0
93	1	1	0	0.0	0.0	0.0	0.0	0.0
94	1	1	0	0.0	0.0	0.0	0.0	0.0
95	1	1	0	0.0	0.0	0.0	0.0	0.242424242424
96	1	1	0	0.0	0.0	0.0	0.0	0.0
97	1	1	0	0.0	0.0	0.0	0.0	0.0
98	1	1	0	0.0	0.0	0.0	0.0	0.0
99	1	1	0	0.0	0.0	0.0	0.0	0.217391304348
100	1	1	0	0.216494845361	0.236363636364	0.0	0.0	0.0
101	1	1	0	0.0	0.0	0.0	0.0	0.0
102	1	1	0	0.0	0.284482758621	0.0	0.186046511628	0.0
103	1	1	0	0.224	0.445454545455	0.225806451613	0.532608695652	0.465346534653
104	1	1	0	0.0	0.277227722772	0.0	0.148514851485	0.0
105	1	1	0	0.23	0.53125	0.271739130435	0.5	0.45
106	1	1	0	0.0	0.0	0.0	0.0	0.0
107	1	1	0	0.0	0.0	0.0	0.0	0.0
108	1	1	0	0.15625	0.0	0.211111111111	0.235294117647	0.222222222222
109	1	1	0	0.0	0.0	0.0	0.0	0.0
110	1	1	0	0.313131313131	0.518518518519	0.212121212121	0.538461538462	0.541666666667
111	1	1	0	0.0	0.0	0.245283018868	0.15	0.276785714286
112	1	1	0	0.0	0.0	0.0	0.0	0.0
113	1	1	0	0.278350515464	0.585106382979	0.37	0.452830188679	0.482352941176
114	1	1	0	0.0	0.0	0.28431372549	0.144144144144	0.0
115	1	1	0	0.244444444444	0.555555555556	0.53	0.470588235294	0.490909090909
116	1	1	0	0.0	0.0	0.241379310345	0.145833333333	0.166666666667
117	1	1	0	0.0	0.0	0.14606741573	0.148148148148	0.0
118	1	1	0	0.0	0.0	0.0	0.0	0.0
119	1	1	0	0.0	0.0	0.254385964912	0.0952380952381	0.177083333333
120	1	1	0	0.0	0.29	0.0	0.163461538462	0.0
121	1	1	0	0.0	0.0	0.0	0.0	0.0
122	1	1	0	0.0	0.0	0.0	0.0	0.0
123	1	1	0	0.0	0.0	0.0	0.0	0.0
124	1	1	0	0.152542372881	0.0	0.255102040816	0.231578947368	0.272727272727
125	1	1	0	0.0	0.0	0.0	0.0	0.172043010753
126	1	1	0	0.284482758621	0.453488372093	0.224299065421	0.52380952381	0.489795918367
127	1	1	0	0.336734693878	0.393258426966	0.564814814815	0.359550561798	0.52688172043
128	1	1	0	0.0	0.0	0.0	0.0	0.0
129	1	1	0	0.0	0.0	0.0	0.0	0.0
130	1	1	0	0.538461538462	0.494736842105	0.504424778761	0.58	0.45045045045
131	1	1	0	0.0	0.0	0.0	0.0	0.0
132	1	1	0	0.0	0.0	0.303370786517	0.126315789474	0.173469387755
133	1	1	0	0.0	0.0	0.0	0.0	0.0
134	1	1	0	0.0	0.0	0.0	0.0	0.0
135	1	1	0	0.0	0.0	0.0	0.0	0.0
136	1	1	0	0.0	0.0	0.0	0.0	0.0
137	1	1	0	0.0	0.0	0.0	0.0	0.0
138	1	1	0	0.0	0.0	0.0	0.0	0.0
139	1	1	0	0.0	0.0	0.0	0.0	0.0
140	1	1	0	0.0	0.0	0.0	0.0	0.0
141	1	1	0	0.0	0.0	0.0	0.0	0.0
142	1	1	0	0.0	0.0	0.221052631579	0.214876033058	0.265957446809
143	1	1	0	0.0	0.0	0.0	0.0	0.0
144	1	1	0	0.0	0.0	0.0	0.0	0.0
145	1	1	0	0.0	0.0	0.231578947368	0.125	0.259259259259
146	1	1	0	0.0	0.0	0.0	0.0	0.0
147	1	1	0	0.0	0.0	0.0	0.0	0.0
148	1	1	0	0.0	0.0	0.0	0.0	0.0
149	1	1	0	0.0	0.0	0.0	0.0	0.0
150	1	1	0	0.166666666667	0.242424242424	0.0	0.0	0.0
151	1	1	0	0.0	0.0	0.0	0.0	0.0
152	1	1	0	0.0	0.0	0.0	0.0	0.0
153	1	1	0	0.0	0.0	0.0	0.0	0.0
154	1	1	0	0.0	0.0	0.0	0.0	0.0
155	1	1	0	0.0	0.0	0.0	0.0	0.0
156	1	1	0	0.0	0.0	0.0	0.0	0.0
157	1	1	0	0.128440366972	0.0	0.27358490566	0.228571428571	0.337078651685
158	1	1	0	0.265306122449	0.475	0.265306122449	0.48	0.514018691589
159	1	1	0	0.0	0.212121212121	0.0	0.169642857143	0.0
160	1	1	0	0.0	0.0	0.211009174312	0.158878504673	0.173076923077
161	1	1	0	0.0	0.0	0.0	0.0	0.227722772277
162	1	1	0	0.0	0.0	0.0	0.0	0.0
163	1	1	0	0.0	0.0	0.0	0.0	0.0
164	1	1	0	0.284552845528	0.51376146789	0.282352941176	0.534090909091	0.55
165	1	1	0	0.0824742268041	0.0	0.317647058824	0.145833333333	0.233009708738
166	1	1	0	0.0	0.225806451613	0.0	0.136363636364	0.0
167	1	1	0	0.0	0.0	0.0	0.0	0.0
168	1	1	0	0.0	0.0	0.0	0.0	0.0
169	1	1	0	0.361111111111	0.277777777778	0.571428571429	0.33734939759	0.509615384615
170	1	1	0	0.0	0.0	0.0	0.0	0.0
171	1	1	0	0.0	0.0	0.0	0.0	0.0
172	1	1	0	0.0	0.0	0.0	0.0	0.0
173	1	1	0	0.52	0.565217391304	0.545454545455	0.485714285714	0.440860215054
174	1	1	0	0.0	0.0	0.222222222222	0.190476190476	0.19801980198
175	1	1	0	0.0	0.0	0.0	0.0	0.0
176	1	1	0	0.0	0.0	0.0	0.0	0.209090909091
177	1	1	0	0.0	0.0	0.0	0.0	0.0
178	1	1	0	0.0	0.0	0.0	0.0	0.198198198198
179	1	1	0	0.0	0.0	0.0	0.0	0.0
180	1	1	0	0.0	0.0	0.29	0.148760330579	0.175925925926
181	1	1	0	0.0	0.0	0.0	0.0	0.0
182	1	1	0	0.0	0.0	0.0	0.0	0.0
183	1	1	0	0.0	0.0	0.26	0.147826086957	0.0
184	1	1	0	0.0	0.0	0.0	0.0	0.0
185	1	1	0	0.313253012048	0.456310679612	0.34	0.479166666667	0.598039215686
186	1	1	0	0.326530612245	0.247311827957	0.478260869565	0.191919191919	0.553398058252
187	1	1	0	0.0	0.0	0.0	0.0	0.0
188	1	1	0	0.0	0.0	0.245098039216	0.207792207792	0.212389380531
189	1	1	0	0.0	0.184466019417	0.0	0.185185185185	0.0
190	1	1	0	0.0	0.0	0.0	0.0	0.0
191	1	1	0	0.125	0.205882352941	0.0	0.0	0.0
192	1	1	0	0.278846153846	0.21875	0.58	0.385542168675	0.485074626866
193	1	1	0	0.0	0.0	0.165048543689	0.104347826087	0.145833333333
194	1	1	0	0.0	0.0	0.0	0.0	0.0
195	1	1	0	0.0	0.0	0.0	0.0	0.0
196	1	1	0	0.0	0.0	0.0	0.0	0.0
197	1	1	0	0.0	0.0	0.223300970874	0.0	0.0
198	1	1	0	0.0	0.0	0.0	0.0	0.179245283019
199	1	1	0	0.0	0.0	0.227272727273	0.217821782178	0.113402061856
200	1	1	0	0.122641509434	0.0	0.257142857143	0.136363636364	0.223404255319
