Num_mutations: 100
Num_samples: 10
Error_rate: 0.050000

0.000000000000000000e+00 9.723018147086914809e-01 0.000000000000000000e+00 0.000000000000000000e+00 6.342975206611570771e-01 2.571711177052423136e-01 0.000000000000000000e+00 4.535240040858018462e-01 4.495677233429394848e-01 2.122122122122122034e-01
0.000000000000000000e+00 1.033816425120772875e+00 0.000000000000000000e+00 0.000000000000000000e+00 6.270161290322581182e-01 2.947368421052631304e-01 0.000000000000000000e+00 5.450597176981542002e-01 4.894684052156469400e-01 1.963775023832221300e-01
0.000000000000000000e+00 9.970845481049562808e-01 0.000000000000000000e+00 0.000000000000000000e+00 5.755813953488372325e-01 2.821316614420062430e-01 0.000000000000000000e+00 5.058823529411764497e-01 4.410646387832699578e-01 2.266800401203610815e-01
0.000000000000000000e+00 1.029702970297029729e+00 0.000000000000000000e+00 0.000000000000000000e+00 5.540000000000000480e-01 2.909796314258001892e-01 0.000000000000000000e+00 4.760112888052681068e-01 4.748201438848920763e-01 2.024048096192384849e-01
0.000000000000000000e+00 9.270729270729270999e-01 0.000000000000000000e+00 0.000000000000000000e+00 6.100691016781836229e-01 2.681231380337636416e-01 0.000000000000000000e+00 4.760975609756097349e-01 4.352941176470588314e-01 1.791044776119402882e-01
0.000000000000000000e+00 1.025896414342629459e+00 0.000000000000000000e+00 0.000000000000000000e+00 6.046511627906976383e-01 2.897102897102897257e-01 0.000000000000000000e+00 5.009823182711198308e-01 4.975320829220138408e-01 2.349336057201225625e-01
0.000000000000000000e+00 1.009230769230769154e+00 0.000000000000000000e+00 0.000000000000000000e+00 6.564417177914110280e-01 2.801556420233463074e-01 0.000000000000000000e+00 4.933078393881453194e-01 4.459861248761149422e-01 2.181069958847736689e-01
5.825825825825825532e-01 9.487983281086729281e-01 0.000000000000000000e+00 5.100806451612903691e-01 6.362773029439695582e-01 4.931773879142299921e-01 1.002049180327868827e+00 7.265388496468213608e-01 7.171314741035856866e-01 1.074226804123711299e+00
5.867195242814667866e-01 1.002127659574468144e+00 0.000000000000000000e+00 4.871531346351490321e-01 6.029850746268656803e-01 5.288753799392097443e-01 1.001988071570576455e+00 9.898989898989899450e-01 7.075098814229249244e-01 9.857433808553971444e-01
0.000000000000000000e+00 0.000000000000000000e+00 4.199796126401630914e-01 2.591836734693877542e-01 0.000000000000000000e+00 2.257053291536050277e-01 0.000000000000000000e+00 0.000000000000000000e+00 0.000000000000000000e+00 0.000000000000000000e+00
0.000000000000000000e+00 1.025691699604743157e+00 0.000000000000000000e+00 0.000000000000000000e+00 6.138996138996138940e-01 2.509433962264150941e-01 0.000000000000000000e+00 4.471299093655589085e-01 4.491869918699186726e-01 2.015968063872255467e-01
0.000000000000000000e+00 1.041015625000000000e+00 0.000000000000000000e+00 0.000000000000000000e+00 5.791044776119402826e-01 2.653465346534653602e-01 0.000000000000000000e+00 5.256797583081570524e-01 4.476093591047812792e-01 2.292089249492900715e-01
3.453658536585365590e-01 9.853372434017595438e-01 0.000000000000000000e+00 2.239685658153241776e-01 6.069651741293532465e-01 5.515210991167811549e-01 6.593186372745490909e-01 7.093690248565965861e-01 7.196819085487077272e-01 8.282208588957055140e-01
0.000000000000000000e+00 6.292352371732816696e-01 0.000000000000000000e+00 0.000000000000000000e+00 4.036326942482341140e-01 2.924435721295387536e-01 0.000000000000000000e+00 3.406813627254509091e-01 2.865916069600819016e-01 0.000000000000000000e+00
0.000000000000000000e+00 0.000000000000000000e+00 0.000000000000000000e+00 0.000000000000000000e+00 0.000000000000000000e+00 2.253521126760563431e-01 3.076923076923077094e-01 2.453987730061349681e-01 0.000000000000000000e+00 2.825428859737638687e-01
0.000000000000000000e+00 9.631031220435194440e-01 0.000000000000000000e+00 0.000000000000000000e+00 6.093264248704662878e-01 2.854144805876180357e-01 0.000000000000000000e+00 5.213764337851929387e-01 5.087538619979402599e-01 1.953917050691244273e-01
3.948412698412698263e-01 1.004935834155972429e+00 0.000000000000000000e+00 2.396856581532416375e-01 5.909547738693466945e-01 4.612159329140461117e-01 6.093117408906882915e-01 7.665995975855131039e-01 7.405247813411078850e-01 8.072866730584851158e-01
3.756145526057030337e-01 0.000000000000000000e+00 6.062992125984252301e-01 3.095723014256618888e-01 4.192307692307692402e-01 2.814960629921259838e-01 0.000000000000000000e+00 2.492639842983316867e-01 3.400637619553666391e-01 0.000000000000000000e+00
0.000000000000000000e+00 0.000000000000000000e+00 0.000000000000000000e+00 0.000000000000000000e+00 0.000000000000000000e+00 2.450592885375494079e-01 3.194154488517745305e-01 2.327416173570019675e-01 0.000000000000000000e+00 3.087934560327198485e-01
0.000000000000000000e+00 9.823468328141224948e-01 0.000000000000000000e+00 0.000000000000000000e+00 6.160164271047228191e-01 2.354124748490945551e-01 0.000000000000000000e+00 4.809885931558935401e-01 4.729586426299045576e-01 1.951731374606505698e-01
0.000000000000000000e+00 0.000000000000000000e+00 4.223350253807106602e-01 1.958762886597938124e-01 0.000000000000000000e+00 2.084562438544739493e-01 0.000000000000000000e+00 0.000000000000000000e+00 0.000000000000000000e+00 0.000000000000000000e+00
0.000000000000000000e+00 0.000000000000000000e+00 0.000000000000000000e+00 0.000000000000000000e+00 0.000000000000000000e+00 2.026078234704112302e-01 3.382789317507418625e-01 2.399193548387096864e-01 0.000000000000000000e+00 2.693069306930693241e-01
0.000000000000000000e+00 6.167846309403437477e-01 0.000000000000000000e+00 0.000000000000000000e+00 3.403403403403403304e-01 2.766570605187320120e-01 0.000000000000000000e+00 3.122529644268774440e-01 2.647058823529411797e-01 0.000000000000000000e+00
3.023715415019762598e-01 1.020812685827552135e+00 0.000000000000000000e+00 2.502543234994913379e-01 6.533333333333333215e-01 4.630163304514889333e-01 6.680412371134020200e-01 7.776669990029910773e-01 6.753768844221105239e-01 7.586206896551723755e-01
3.114256825075834012e-01 1.023529411764705799e+00 0.000000000000000000e+00 2.306878306878306917e-01 6.165099268547544753e-01 4.799999999999999822e-01 6.389177939646202287e-01 7.735470941883767493e-01 6.968781470292044755e-01 8.121330724070450202e-01
0.000000000000000000e+00 9.960937500000000000e-01 0.000000000000000000e+00 0.000000000000000000e+00 6.564102564102564097e-01 3.009900990099009799e-01 0.000000000000000000e+00 5.014354066985645675e-01 4.577822990844354067e-01 1.975806451612903136e-01
5.977011494252874035e-01 1.055214723926380271e+00 0.000000000000000000e+00 4.836852207293665940e-01 6.666666666666666297e-01 4.409937888198757761e-01 1.055118110236220375e+00 7.214428857715431409e-01 7.154811715481171897e-01 9.701195219123506241e-01
0.000000000000000000e+00 1.012000000000000011e+00 0.000000000000000000e+00 0.000000000000000000e+00 6.279069767441860517e-01 2.577610536218249981e-01 0.000000000000000000e+00 4.521384928716904450e-01 4.557213930348258946e-01 2.153846153846153966e-01
0.000000000000000000e+00 9.367088607594936667e-01 0.000000000000000000e+00 0.000000000000000000e+00 5.994180407371484387e-01 3.247011952191234951e-01 0.000000000000000000e+00 5.094339622641509413e-01 4.500978473581213057e-01 1.823647294589178236e-01
0.000000000000000000e+00 1.032384690873405342e+00 0.000000000000000000e+00 0.000000000000000000e+00 6.763005780346821316e-01 2.715517241379310498e-01 0.000000000000000000e+00 4.949083503054989563e-01 5.014577259475219151e-01 2.099125364431486951e-01
0.000000000000000000e+00 9.743589743589743390e-01 0.000000000000000000e+00 0.000000000000000000e+00 6.858275520317145268e-01 2.605042016806722871e-01 0.000000000000000000e+00 5.238095238095238360e-01 4.837758112094395213e-01 2.194891201513718137e-01
0.000000000000000000e+00 9.886010362694300779e-01 0.000000000000000000e+00 0.000000000000000000e+00 5.420944558521560985e-01 2.929687500000000000e-01 0.000000000000000000e+00 4.745762711864406902e-01 4.589823468328141365e-01 2.099898063200815457e-01
0.000000000000000000e+00 6.373850868232890932e-01 0.000000000000000000e+00 0.000000000000000000e+00 3.811475409836065364e-01 2.916666666666666852e-01 0.000000000000000000e+00 2.851600387972841877e-01 2.828282828282828176e-01 0.000000000000000000e+00
0.000000000000000000e+00 6.159695817490494774e-01 0.000000000000000000e+00 0.000000000000000000e+00 4.048338368580060576e-01 2.571428571428571175e-01 0.000000000000000000e+00 2.592964824120603251e-01 3.105209397344229072e-01 0.000000000000000000e+00
0.000000000000000000e+00 1.008662175168431263e+00 0.000000000000000000e+00 0.000000000000000000e+00 6.193415637860082423e-01 2.669491525423728917e-01 0.000000000000000000e+00 4.923076923076923350e-01 4.577397910731244024e-01 2.178217821782178210e-01
0.000000000000000000e+00 6.374745417515275125e-01 0.000000000000000000e+00 0.000000000000000000e+00 3.710691823899370800e-01 2.663975782038345286e-01 0.000000000000000000e+00 2.863027806385169960e-01 3.242147922998986909e-01 0.000000000000000000e+00
0.000000000000000000e+00 1.018255578093306246e+00 0.000000000000000000e+00 0.000000000000000000e+00 6.400778210116730982e-01 2.487660414610069204e-01 0.000000000000000000e+00 5.120000000000000107e-01 5.004945598417408492e-01 2.035306334371755066e-01
0.000000000000000000e+00 1.017964071856287456e+00 0.000000000000000000e+00 0.000000000000000000e+00 6.231742940603700598e-01 3.130081300813007950e-01 0.000000000000000000e+00 4.530612244897959107e-01 4.382470119521912344e-01 2.128475551294343182e-01
0.000000000000000000e+00 9.855072463768116409e-01 0.000000000000000000e+00 0.000000000000000000e+00 6.147623862487361368e-01 2.691924227318046037e-01 0.000000000000000000e+00 4.894514767932489629e-01 4.623217922606924768e-01 2.224489795918367374e-01
2.226640159045725764e-01 0.000000000000000000e+00 0.000000000000000000e+00 0.000000000000000000e+00 0.000000000000000000e+00 0.000000000000000000e+00 4.034151547491995893e-01 0.000000000000000000e+00 0.000000000000000000e+00 1.894953656024716826e-01
0.000000000000000000e+00 5.382198952879581055e-01 0.000000000000000000e+00 0.000000000000000000e+00 3.746031746031746046e-01 2.587763289869609018e-01 0.000000000000000000e+00 3.024193548387096864e-01 2.628918099089989635e-01 0.000000000000000000e+00
3.662790697674418450e-01 1.044865403788634017e+00 0.000000000000000000e+00 2.435643564356435586e-01 5.723014256619144424e-01 4.819277108433734913e-01 6.420233463035019961e-01 7.310756972111553953e-01 7.258064516129032473e-01 8.117073170731707865e-01
0.000000000000000000e+00 5.790554414784394588e-01 0.000000000000000000e+00 0.000000000000000000e+00 3.116370808678500803e-01 2.821497120921305224e-01 0.000000000000000000e+00 3.446215139442231346e-01 2.727272727272727071e-01 0.000000000000000000e+00
0.000000000000000000e+00 9.957805907172996296e-01 0.000000000000000000e+00 0.000000000000000000e+00 6.062917063870352230e-01 3.428011753183153876e-01 0.000000000000000000e+00 5.286432160804019897e-01 3.983739837398374006e-01 1.916508538899430736e-01
0.000000000000000000e+00 0.000000000000000000e+00 0.000000000000000000e+00 0.000000000000000000e+00 0.000000000000000000e+00 2.047569803516028908e-01 2.878365831012070775e-01 2.255489021956087747e-01 0.000000000000000000e+00 2.894736842105263275e-01
3.847695390781563085e-01 1.030784508440913516e+00 0.000000000000000000e+00 2.465483234714004046e-01 5.992063492063491870e-01 5.612244897959183243e-01 9.703779366700715503e-01 7.312252964426877444e-01 7.142857142857143016e-01 7.765190525231719931e-01
0.000000000000000000e+00 1.013144590495449915e+00 0.000000000000000000e+00 0.000000000000000000e+00 5.699899295065458116e-01 2.781316348195329025e-01 0.000000000000000000e+00 5.305699481865284728e-01 4.291338582677165503e-01 2.056256062075654811e-01
0.000000000000000000e+00 1.022351797862002032e+00 0.000000000000000000e+00 0.000000000000000000e+00 6.133076181292188567e-01 2.684310018903591777e-01 0.000000000000000000e+00 4.905660377358490587e-01 4.629080118694361978e-01 2.128514056224899698e-01
3.039513677811550019e-01 1.024777006937561907e+00 0.000000000000000000e+00 2.357414448669201412e-01 5.872855701311806564e-01 5.253906250000000000e-01 5.849420849420849944e-01 7.598086124401913777e-01 7.312499999999999556e-01 7.520325203252032908e-01
0.000000000000000000e+00 6.421052631578947345e-01 0.000000000000000000e+00 0.000000000000000000e+00 3.618090452261306655e-01 3.113772455089820479e-01 0.000000000000000000e+00 2.902584493041749369e-01 3.058823529411764941e-01 0.000000000000000000e+00
0.000000000000000000e+00 1.015197568389057725e+00 0.000000000000000000e+00 0.000000000000000000e+00 5.708661417322834497e-01 3.158974358974359076e-01 0.000000000000000000e+00 4.727272727272727182e-01 5.358194308145239892e-01 2.114451988360814827e-01
0.000000000000000000e+00 9.299610894941634509e-01 0.000000000000000000e+00 0.000000000000000000e+00 6.223091976516633705e-01 2.252165543792107871e-01 0.000000000000000000e+00 4.507317073170731825e-01 4.539147670961347636e-01 2.271414821944177098e-01
0.000000000000000000e+00 1.024108003857280513e+00 0.000000000000000000e+00 0.000000000000000000e+00 6.433566433566433318e-01 2.745861733203505128e-01 0.000000000000000000e+00 4.945382323733862884e-01 5.233265720081136108e-01 2.149080348499516069e-01
2.563067608476286563e-01 0.000000000000000000e+00 0.000000000000000000e+00 0.000000000000000000e+00 0.000000000000000000e+00 0.000000000000000000e+00 3.184584178498985896e-01 0.000000000000000000e+00 0.000000000000000000e+00 2.067632850241545861e-01
3.473684210526316041e-01 9.711538461538461453e-01 0.000000000000000000e+00 2.522889114954221523e-01 6.405484818805092795e-01 5.696068012752391052e-01 6.093457943925233433e-01 7.465346534653465316e-01 6.918489065606361343e-01 7.678571428571429047e-01
0.000000000000000000e+00 0.000000000000000000e+00 0.000000000000000000e+00 0.000000000000000000e+00 0.000000000000000000e+00 2.502522704339051329e-01 3.032873806998939714e-01 2.359999999999999876e-01 0.000000000000000000e+00 2.653061224489796088e-01
0.000000000000000000e+00 9.881847475832438166e-01 0.000000000000000000e+00 0.000000000000000000e+00 5.921052631578946901e-01 2.836587872559095391e-01 0.000000000000000000e+00 5.227043390514631849e-01 4.654832347140039350e-01 2.027168234064785912e-01
3.849950641658440031e-01 9.784172661870503829e-01 0.000000000000000000e+00 2.674897119341563823e-01 5.568862275449101285e-01 5.277207392197125202e-01 6.430801248699271611e-01 7.055214723926380715e-01 7.344064386317907811e-01 8.427807486631015976e-01
0.000000000000000000e+00 0.000000000000000000e+00 0.000000000000000000e+00 0.000000000000000000e+00 0.000000000000000000e+00 2.211253701875617039e-01 3.208661417322834497e-01 2.771684945164506475e-01 0.000000000000000000e+00 3.313008130081300795e-01
0.000000000000000000e+00 1.028112449799196693e+00 0.000000000000000000e+00 0.000000000000000000e+00 6.122047244094488416e-01 2.666666666666666630e-01 0.000000000000000000e+00 5.044865403788634239e-01 4.748338081671414912e-01 2.189781021897810320e-01
0.000000000000000000e+00 1.000000000000000000e+00 0.000000000000000000e+00 0.000000000000000000e+00 6.427879961277831455e-01 3.016022620169651058e-01 0.000000000000000000e+00 4.802431610942249351e-01 4.679552390640895343e-01 2.277227722772277307e-01
0.000000000000000000e+00 9.686274509803921573e-01 0.000000000000000000e+00 0.000000000000000000e+00 6.104417670682731334e-01 2.559694364851958226e-01 0.000000000000000000e+00 5.067178502879078339e-01 4.735135135135135065e-01 1.931589537223339925e-01
5.283797729618162631e-01 9.948293691830403240e-01 0.000000000000000000e+00 4.567404426559356079e-01 5.631262525050100276e-01 5.588785046728972361e-01 9.970731707317073145e-01 1.051808406647116279e+00 7.233201581027668414e-01 1.002944062806673253e+00
2.538461538461538325e-01 0.000000000000000000e+00 0.000000000000000000e+00 0.000000000000000000e+00 0.000000000000000000e+00 0.000000000000000000e+00 3.595744680851064023e-01 0.000000000000000000e+00 0.000000000000000000e+00 2.055498458376156246e-01
0.000000000000000000e+00 1.027397260273972712e+00 0.000000000000000000e+00 0.000000000000000000e+00 5.932367149758454028e-01 2.932254802831142371e-01 0.000000000000000000e+00 5.279685966633954619e-01 4.358974358974359031e-01 1.868239921337266352e-01
0.000000000000000000e+00 9.628865979381443507e-01 0.000000000000000000e+00 0.000000000000000000e+00 6.007827788649706680e-01 2.538699690402476672e-01 0.000000000000000000e+00 5.053037608486017351e-01 4.514038876889848728e-01 2.119460500963391003e-01
3.349561830574488974e-01 1.016205910390848510e+00 0.000000000000000000e+00 2.417794970986460457e-01 6.023622047244094890e-01 5.369807497467071755e-01 5.875251509054325583e-01 7.700000000000000178e-01 6.887550200803213007e-01 7.689243027888446047e-01
0.000000000000000000e+00 0.000000000000000000e+00 0.000000000000000000e+00 0.000000000000000000e+00 0.000000000000000000e+00 2.282282282282282193e-01 3.387096774193548154e-01 2.732793522267206732e-01 0.000000000000000000e+00 3.297560975609756251e-01
0.000000000000000000e+00 6.386386386386386782e-01 0.000000000000000000e+00 0.000000000000000000e+00 3.456310679611650505e-01 2.189349112426035582e-01 0.000000000000000000e+00 2.871385842472582439e-01 2.770970782280867128e-01 0.000000000000000000e+00
4.562118126272912688e-01 0.000000000000000000e+00 5.283400809716599644e-01 2.698564593301435166e-01 3.971486761710794067e-01 2.854368932038834905e-01 0.000000000000000000e+00 2.226562500000000000e-01 2.865329512893982633e-01 0.000000000000000000e+00
4.008016032064128376e-01 0.000000000000000000e+00 5.200000000000000178e-01 2.862706913339824744e-01 4.089147286821705474e-01 2.690058479532163593e-01 0.000000000000000000e+00 1.993833504624871467e-01 3.013144590495450137e-01 0.000000000000000000e+00
0.000000000000000000e+00 6.247464503042596817e-01 0.000000000000000000e+00 0.000000000000000000e+00 4.118246687054026300e-01 2.807731434384537206e-01 0.000000000000000000e+00 2.991967871485943786e-01 2.665330661322645178e-01 0.000000000000000000e+00
4.119999999999999774e-01 0.000000000000000000e+00 5.882352941176470784e-01 2.811881188118812158e-01 3.965844402277040048e-01 2.249240121580547147e-01 0.000000000000000000e+00 2.448979591836734637e-01 3.200000000000000067e-01 0.000000000000000000e+00
0.000000000000000000e+00 6.361702127659574213e-01 0.000000000000000000e+00 0.000000000000000000e+00 4.039024390243902696e-01 2.784313725490196179e-01 0.000000000000000000e+00 2.735751295336787403e-01 2.949117341640706269e-01 0.000000000000000000e+00
0.000000000000000000e+00 1.002057613168724215e+00 0.000000000000000000e+00 0.000000000000000000e+00 6.155321188878235539e-01 2.344827586206896519e-01 0.000000000000000000e+00 5.045965270684371617e-01 5.255905511811023167e-01 1.933534743202416917e-01
3.539651837524178113e-01 1.016983016983016963e+00 0.000000000000000000e+00 2.464065708418891054e-01 6.327130264446620966e-01 4.715447154471544833e-01 6.106106106106106157e-01 7.604166666666666297e-01 6.523016650342801093e-01 7.826961770623742654e-01
0.000000000000000000e+00 9.915074309978768596e-01 0.000000000000000000e+00 0.000000000000000000e+00 6.244897959183673963e-01 2.510373443983402453e-01 0.000000000000000000e+00 4.710351377018043850e-01 4.399141630901287625e-01 1.982942430703624748e-01
0.000000000000000000e+00 9.865125240847784083e-01 0.000000000000000000e+00 0.000000000000000000e+00 6.145610278372590773e-01 2.666666666666666630e-01 0.000000000000000000e+00 5.024342745861732906e-01 4.802494802494802761e-01 2.215628090999010869e-01
4.097363083164300424e-01 0.000000000000000000e+00 5.317693059628543217e-01 3.636363636363636465e-01 3.937823834196891304e-01 3.043478260869565410e-01 0.000000000000000000e+00 2.163742690058479412e-01 2.623274161735700272e-01 0.000000000000000000e+00
5.478615071283096105e-01 1.012269938650306678e+00 0.000000000000000000e+00 4.156626506024096446e-01 5.434995112414466867e-01 4.838056680161943457e-01 9.968186638388123466e-01 9.869346733668341587e-01 6.666666666666666297e-01 1.073028237585199607e+00
0.000000000000000000e+00 9.669902912621358704e-01 0.000000000000000000e+00 0.000000000000000000e+00 5.781250000000000000e-01 2.773279352226720729e-01 0.000000000000000000e+00 5.362318840579710644e-01 4.812500000000000111e-01 2.316831683168316947e-01
0.000000000000000000e+00 1.016632016632016633e+00 0.000000000000000000e+00 0.000000000000000000e+00 6.123711340206186016e-01 2.549634273772204973e-01 0.000000000000000000e+00 5.000000000000000000e-01 5.054080629301868077e-01 2.306900102986611800e-01
3.224530168150346321e-01 9.951314508276533077e-01 0.000000000000000000e+00 2.477522477522477451e-01 6.197458455522971699e-01 4.941176470588235503e-01 6.076696165191740606e-01 7.220512820512821062e-01 6.767983789260384464e-01 7.695390781563126170e-01
0.000000000000000000e+00 1.002070393374741242e+00 0.000000000000000000e+00 0.000000000000000000e+00 6.109979633401222410e-01 2.613981762917932938e-01 0.000000000000000000e+00 4.760956175298804993e-01 4.324873096446700260e-01 1.991786447638603796e-01
4.164989939637827043e-01 0.000000000000000000e+00 6.375711574952561689e-01 3.089108910891089077e-01 3.638132295719844200e-01 2.821256038647342868e-01 0.000000000000000000e+00 2.921810699588477389e-01 3.360323886639676183e-01 0.000000000000000000e+00
2.544031311154598685e-01 0.000000000000000000e+00 0.000000000000000000e+00 0.000000000000000000e+00 0.000000000000000000e+00 0.000000000000000000e+00 3.884615384615384692e-01 0.000000000000000000e+00 0.000000000000000000e+00 1.830845771144278544e-01
0.000000000000000000e+00 5.933202357563850393e-01 0.000000000000000000e+00 0.000000000000000000e+00 3.594377510040160373e-01 2.902270483711747451e-01 0.000000000000000000e+00 3.486238532110091937e-01 2.993762993762993929e-01 0.000000000000000000e+00
6.495901639344262568e-01 1.004158004158004047e+00 0.000000000000000000e+00 4.479065238558909701e-01 5.986842105263158187e-01 5.380710659898476633e-01 1.000000000000000000e+00 7.877507919746568055e-01 6.686159844054581081e-01 9.729729729729730270e-01
0.000000000000000000e+00 0.000000000000000000e+00 4.277343750000000000e-01 2.085889570552147132e-01 0.000000000000000000e+00 2.208713272543059714e-01 0.000000000000000000e+00 0.000000000000000000e+00 0.000000000000000000e+00 0.000000000000000000e+00
0.000000000000000000e+00 0.000000000000000000e+00 0.000000000000000000e+00 0.000000000000000000e+00 0.000000000000000000e+00 2.673366834170854411e-01 2.759924385633270583e-01 2.854144805876180357e-01 0.000000000000000000e+00 2.767676767676767735e-01
0.000000000000000000e+00 1.004840271055179146e+00 0.000000000000000000e+00 0.000000000000000000e+00 5.847715736040609569e-01 2.854387656702024878e-01 0.000000000000000000e+00 4.407114624505928946e-01 4.335378323108384224e-01 2.374999999999999889e-01
0.000000000000000000e+00 9.311023622047244208e-01 0.000000000000000000e+00 0.000000000000000000e+00 6.002166847237270231e-01 3.104166666666666741e-01 0.000000000000000000e+00 5.233265720081136108e-01 4.334365325077399467e-01 2.087682672233820425e-01
0.000000000000000000e+00 0.000000000000000000e+00 0.000000000000000000e+00 0.000000000000000000e+00 0.000000000000000000e+00 2.349272349272349403e-01 3.346938775510204245e-01 2.331047992164544669e-01 0.000000000000000000e+00 2.999999999999999889e-01
0.000000000000000000e+00 5.811623246492986228e-01 0.000000000000000000e+00 0.000000000000000000e+00 3.488843813387423887e-01 2.704761904761904812e-01 0.000000000000000000e+00 3.079960513326752136e-01 2.595573440643862972e-01 0.000000000000000000e+00
0.000000000000000000e+00 9.969666329625884726e-01 0.000000000000000000e+00 0.000000000000000000e+00 6.875631951466127934e-01 2.936344969199178867e-01 0.000000000000000000e+00 4.764826175869120717e-01 4.318869828456105009e-01 2.061636556854410107e-01
0.000000000000000000e+00 9.437314906219150812e-01 0.000000000000000000e+00 0.000000000000000000e+00 6.536312849162011496e-01 2.720000000000000195e-01 0.000000000000000000e+00 4.748201438848920763e-01 4.238921001926782006e-01 2.121524201853758895e-01
6.131528046421663714e-01 9.554730983302411884e-01 0.000000000000000000e+00 4.783047426841574024e-01 6.382978723404255650e-01 5.099601593625497920e-01 1.035750766087844665e+00 1.043824701195219085e+00 7.192429022082018619e-01 9.586276488395559792e-01
3.248031496062991907e-01 1.031809145129224614e+00 0.000000000000000000e+00 2.470265324794144457e-01 6.498993963782696559e-01 5.005128205128205332e-01 5.741811175337186990e-01 7.541625857002938194e-01 7.161904761904761552e-01 7.947154471544715104e-01
0.000000000000000000e+00 9.920948616600790970e-01 0.000000000000000000e+00 0.000000000000000000e+00 6.544401544401544646e-01 2.636273538156590490e-01 0.000000000000000000e+00 4.589843750000000000e-01 4.461391801715919869e-01 1.990243902439024493e-01
0.000000000000000000e+00 9.765957446808510856e-01 0.000000000000000000e+00 0.000000000000000000e+00 6.164519326065410754e-01 2.567421790722761443e-01 0.000000000000000000e+00 5.231719876416065507e-01 4.165803108808290300e-01 2.231155778894472475e-01
