#chr	position	description	normal	sample0	sample1	sample2	sample3	sample4	sample5	sample6	sample7	sample8	sample9	sample10	sample11	sample12	sample13	sample14	sample15	sample16	sample17	sample18	sample19
1	1	1	0	0.153846153846	0.0	0.0	0.0	0.25	0.241379310345	0.0	0.0	0.0	0.175438596491	0.0	0.0	0.0	0.0	0.0	0.0	0.0	0.0	0.353448275862	0.0
2	1	1	0	0.0	0.286885245902	0.157407407407	0.378048780488	0.27619047619	0.0	0.388349514563	0.117647058824	0.0	0.192307692308	0.58	0.215909090909	0.355140186916	0.0	0.0888888888889	0.31914893617	0.238938053097	0.114942528736	0.0	0.22972972973
3	1	1	0	0.160714285714	0.0	0.113402061856	0.0	0.0	0.196261682243	0.100917431193	0.234234234234	0.16814159292	0.0	0.0	0.165137614679	0.0	0.279069767442	0.284090909091	0.0	0.257425742574	0.12962962963	0.0	0.0
4	1	1	0	0.0	0.0	0.0	0.34693877551	0.1875	0.0	0.101851851852	0.180952380952	0.0	0.144444444444	0.0891089108911	0.20652173913	0.290322580645	0.0	0.108695652174	0.0	0.0	0.0	0.0	0.23
5	1	1	0	0.0	0.243243243243	0.147368421053	0.0	0.0	0.0	0.0	0.0	0.14606741573	0.0	0.0	0.0	0.18085106383	0.0	0.172727272727	0.0	0.0	0.178947368421	0.0	0.20618556701
6	1	1	0	0.19	0.0	0.0	0.0	0.285714285714	0.236363636364	0.0	0.0	0.0	0.168316831683	0.0	0.0	0.0	0.0	0.0	0.0	0.0	0.0	0.292452830189	0.0
7	1	1	0	0.13829787234	0.0	0.0	0.0	0.267441860465	0.393258426966	0.0	0.0	0.0	0.183908045977	0.0	0.0	0.0	0.0	0.0	0.0	0.0	0.0	0.350515463918	0.0
8	1	1	0	0.2	0.0	0.0	0.0	0.19	0.293577981651	0.0	0.0	0.0	0.155844155844	0.0	0.0	0.0	0.0	0.0	0.0	0.0	0.0	0.269662921348	0.0
9	1	1	0	0.0	0.172043010753	0.192307692308	0.379310344828	0.25	0.0	0.289156626506	0.242424242424	0.0	0.118811881188	0.382978723404	0.207920792079	0.252427184466	0.0	0.163265306122	0.0	0.0	0.0	0.0	0.106382978723
10	1	1	0	0.1875	0.0	0.0	0.0	0.236559139785	0.230769230769	0.0	0.0	0.0	0.159292035398	0.0	0.0	0.0	0.0	0.0	0.0	0.0	0.0	0.284210526316	0.0
11	1	1	0	0.0	0.252336448598	0.165048543689	0.0	0.0	0.0	0.0	0.0	0.151515151515	0.0	0.0	0.0	0.168539325843	0.0	0.117021276596	0.0	0.0	0.117647058824	0.0	0.22
12	1	1	0	0.211764705882	0.0	0.0	0.0	0.287128712871	0.238095238095	0.0	0.0	0.0	0.175257731959	0.0	0.0	0.0	0.0	0.0	0.0	0.0	0.0	0.259259259259	0.0
13	1	1	0	0.133333333333	0.0	0.0	0.078431372549	0.0	0.0	0.0	0.0	0.0980392156863	0.0869565217391	0.0	0.134020618557	0.0	0.0	0.0	0.345238095238	0.0	0.0	0.0	0.0
14	1	1	0	0.245614035088	0.0	0.14	0.0	0.0	0.303921568627	0.0	0.163043478261	0.0	0.0	0.0	0.0	0.0	0.0	0.101694915254	0.0	0.252525252525	0.184210526316	0.0	0.0
15	1	1	0	0.209523809524	0.0	0.0	0.0	0.212962962963	0.2875	0.0	0.0	0.0	0.132231404959	0.0	0.0	0.0	0.0	0.0	0.0	0.0	0.0	0.286956521739	0.0
16	1	1	0	0.117647058824	0.0	0.0	0.0	0.282828282828	0.225806451613	0.0	0.0	0.0	0.172413793103	0.0	0.0	0.0	0.0	0.0	0.0	0.0	0.0	0.373913043478	0.0
17	1	1	0	0.0	0.219512195122	0.141176470588	0.333333333333	0.227722772277	0.0	0.302083333333	0.153153153153	0.0	0.138888888889	0.324074074074	0.138613861386	0.295918367347	0.0	0.118811881188	0.0	0.0	0.0	0.0	0.218181818182
18	1	1	0	0.0	0.0	0.0	0.291666666667	0.289156626506	0.0	0.156862745098	0.191489361702	0.0	0.191489361702	0.168316831683	0.162790697674	0.43	0.0	0.145631067961	0.0	0.0	0.0	0.0	0.180952380952
19	1	1	0	0.0	0.223300970874	0.108695652174	0.337209302326	0.19387755102	0.0	0.197802197802	0.164948453608	0.0	0.16	0.329545454545	0.0813953488372	0.288288288288	0.0	0.121951219512	0.0	0.0	0.0	0.0	0.197916666667
20	1	1	0	0.0	0.317647058824	0.205882352941	0.367521367521	0.34	0.0	0.389473684211	0.181818181818	0.0	0.147058823529	0.302083333333	0.161290322581	0.32967032967	0.0	0.113043478261	0.0	0.0	0.0	0.0	0.18018018018
21	1	1	0	0.142857142857	0.295918367347	0.20618556701	0.5	0.298969072165	0.0	0.336538461538	0.270588235294	0.160377358491	0.395604395604	0.531914893617	0.290322580645	0.347368421053	0.197802197802	0.119266055046	0.504132231405	0.204545454545	0.226086956522	0.220930232558	0.341666666667
22	1	1	0	0.0	0.315217391304	0.161016949153	0.36036036036	0.26	0.0	0.283018867925	0.165048543689	0.0	0.129411764706	0.361538461538	0.166666666667	0.34	0.0	0.122641509434	0.0	0.0	0.0	0.0	0.210526315789
23	1	1	0	0.0	0.28125	0.129032258065	0.4	0.357142857143	0.0	0.232142857143	0.150684931507	0.0	0.133928571429	0.438775510204	0.166666666667	0.348623853211	0.0	0.115384615385	0.0	0.0	0.0	0.0	0.184466019417
24	1	1	0	0.0	0.28431372549	0.245283018868	0.0	0.0	0.0	0.0	0.0	0.202127659574	0.0	0.0	0.0	0.164948453608	0.0	0.0722891566265	0.0	0.0	0.0630630630631	0.0	0.147368421053
25	1	1	0	0.0	0.0	0.0	0.18691588785	0.0	0.0	0.142857142857	0.184210526316	0.0	0.161290322581	0.0	0.0	0.134615384615	0.0	0.0606060606061	0.0	0.0	0.0	0.0	0.0
26	1	1	0	0.114035087719	0.244897959184	0.150943396226	0.584158415842	0.258426966292	0.0	0.391304347826	0.28125	0.11320754717	0.304347826087	0.5	0.275510204082	0.287128712871	0.208333333333	0.157894736842	0.530612244898	0.270588235294	0.308510638298	0.259615384615	0.319727891156
27	1	1	0	0.0	0.0	0.0	0.344086021505	0.229357798165	0.0	0.0537634408602	0.144578313253	0.0	0.0813953488372	0.170212765957	0.166666666667	0.310344827586	0.0	0.0857142857143	0.0	0.0	0.0	0.0	0.168224299065
28	1	1	0	0.130434782609	0.0	0.0	0.127450980392	0.0	0.0	0.0	0.0	0.104347826087	0.125	0.0	0.161904761905	0.0	0.0	0.0	0.266055045872	0.0	0.0	0.0	0.0
29	1	1	0	0.0	0.25	0.170454545455	0.392405063291	0.214953271028	0.0	0.290909090909	0.130434782609	0.0	0.127659574468	0.342105263158	0.202127659574	0.344086021505	0.0	0.106796116505	0.0	0.0	0.0	0.0	0.236363636364
30	1	1	0	0.168316831683	0.0	0.207547169811	0.0	0.0	0.191919191919	0.189473684211	0.188679245283	0.190476190476	0.0	0.0	0.14606741573	0.0	0.373737373737	0.280701754386	0.0	0.404255319149	0.163636363636	0.0	0.0
31	1	1	0	0.0	0.258620689655	0.177777777778	0.376344086022	0.252336448598	0.0	0.20618556701	0.185567010309	0.0	0.131868131868	0.410714285714	0.254098360656	0.34	0.0	0.0919540229885	0.0	0.0	0.0	0.0	0.177083333333
32	1	1	0	0.0	0.217821782178	0.16091954023	0.336134453782	0.259615384615	0.0	0.255555555556	0.168316831683	0.0	0.126126126126	0.452173913043	0.178947368421	0.294642857143	0.0	0.109375	0.0	0.0	0.0	0.0	0.170454545455
33	1	1	0	0.168224299065	0.0	0.0	0.0	0.244094488189	0.276422764228	0.0	0.0	0.0	0.146788990826	0.0	0.0	0.0	0.0	0.0	0.0	0.0	0.0	0.268907563025	0.0
34	1	1	0	0.114285714286	0.0	0.0	0.15	0.0	0.0	0.0	0.0	0.142857142857	0.0978260869565	0.0	0.127272727273	0.0	0.0	0.0	0.292452830189	0.0	0.0	0.0	0.0
35	1	1	0	0.212121212121	0.0	0.0	0.188888888889	0.0	0.0	0.0	0.0	0.186274509804	0.0970873786408	0.0	0.159574468085	0.0	0.0	0.0	0.303921568627	0.0	0.0	0.0	0.0
36	1	1	0	0.174311926606	0.0	0.0	0.141414141414	0.0	0.0	0.0	0.0	0.1	0.123595505618	0.0	0.153846153846	0.0	0.0	0.0	0.313725490196	0.0	0.0	0.0	0.0
37	1	1	0	0.205607476636	0.0	0.0	0.0	0.295238095238	0.240384615385	0.0	0.0	0.0	0.155737704918	0.0	0.0	0.0	0.0	0.0	0.0	0.0	0.0	0.385964912281	0.0
38	1	1	0	0.127659574468	0.0	0.0	0.0	0.214285714286	0.333333333333	0.0	0.0	0.0	0.121495327103	0.0	0.0	0.0	0.0	0.0	0.0	0.0	0.0	0.257731958763	0.0
39	1	1	0	0.155339805825	0.0	0.0	0.0925925925926	0.0	0.0	0.0	0.0	0.140186915888	0.13829787234	0.0	0.189473684211	0.0	0.0	0.0	0.191919191919	0.0	0.0	0.0	0.0
40	1	1	0	0.156862745098	0.0	0.0	0.0	0.244680851064	0.2	0.0	0.0	0.0	0.161904761905	0.0	0.0	0.0	0.0	0.0	0.0	0.0	0.0	0.275229357798	0.0
41	1	1	0	0.149122807018	0.0	0.0	0.0	0.298850574713	0.242424242424	0.0	0.0	0.0	0.202247191011	0.0	0.0	0.0	0.0	0.0	0.0	0.0	0.0	0.310344827586	0.0
42	1	1	0	0.0	0.34693877551	0.112	0.0	0.0	0.0	0.0	0.0	0.243243243243	0.0	0.0	0.0	0.208791208791	0.0	0.141414141414	0.0	0.0	0.137614678899	0.0	0.184782608696
43	1	1	0	0.120879120879	0.0	0.0	0.0	0.305555555556	0.294736842105	0.0	0.0	0.0	0.130434782609	0.0	0.0	0.0	0.0	0.0	0.0	0.0	0.0	0.252873563218	0.0
44	1	1	0	0.126315789474	0.193181818182	0.156862745098	0.637931034483	0.298076923077	0.0	0.377192982456	0.290322580645	0.159574468085	0.28	0.550561797753	0.298969072165	0.307692307692	0.168831168831	0.108910891089	0.514851485149	0.23	0.164948453608	0.15652173913	0.354166666667
45	1	1	0	0.242424242424	0.0	0.0	0.0	0.241758241758	0.229357798165	0.0	0.0	0.0	0.133333333333	0.0	0.0	0.0	0.0	0.0	0.0	0.0	0.0	0.258426966292	0.0
46	1	1	0	0.0	0.0	0.0	0.390909090909	0.28125	0.0	0.1125	0.205607476636	0.0	0.126436781609	0.181818181818	0.158878504673	0.264150943396	0.0	0.104166666667	0.0	0.0	0.0	0.0	0.208695652174
47	1	1	0	0.2	0.0	0.130841121495	0.0	0.0	0.259259259259	0.0	0.191919191919	0.0	0.0	0.0	0.0	0.0	0.0	0.155339805825	0.0	0.230769230769	0.197802197802	0.0	0.0
48	1	1	0	0.131868131868	0.0	0.0	0.0	0.25641025641	0.25	0.0	0.0	0.0	0.15	0.0	0.0	0.0	0.0	0.0	0.0	0.0	0.0	0.290598290598	0.0
49	1	1	0	0.218487394958	0.0	0.157303370787	0.0	0.0	0.247422680412	0.0	0.191489361702	0.0	0.0	0.0	0.0	0.0	0.0	0.0860215053763	0.0	0.257731958763	0.190476190476	0.0	0.0
50	1	1	0	0.2	0.0	0.0	0.148148148148	0.0	0.0	0.0	0.0	0.148514851485	0.12037037037	0.0	0.129310344828	0.0	0.0	0.0	0.313953488372	0.0	0.0	0.0	0.0
51	1	1	0	0.204081632653	0.0	0.0	0.0	0.232323232323	0.231578947368	0.0	0.0	0.0	0.0851063829787	0.0	0.0	0.0	0.0	0.0	0.0	0.0	0.0	0.264705882353	0.0
52	1	1	0	0.0	0.0	0.0	0.361904761905	0.207920792079	0.0	0.112244897959	0.247524752475	0.0	0.1	0.177966101695	0.252336448598	0.372093023256	0.0	0.114285714286	0.0	0.0	0.0	0.0	0.20618556701
53	1	1	0	0.172043010753	0.0	0.0989010989011	0.0	0.0	0.215053763441	0.0	0.222222222222	0.0	0.0	0.0	0.0	0.0	0.0	0.129411764706	0.0	0.24	0.128712871287	0.0	0.0
54	1	1	0	0.135593220339	0.0	0.0	0.0	0.258064516129	0.287128712871	0.0	0.0	0.0	0.186274509804	0.0	0.0	0.0	0.0	0.0	0.0	0.0	0.0	0.317757009346	0.0
55	1	1	0	0.0	0.219512195122	0.161904761905	0.0	0.0	0.0	0.0	0.0	0.18085106383	0.0	0.0	0.0	0.178082191781	0.0	0.154545454545	0.0	0.0	0.161290322581	0.0	0.238095238095
56	1	1	0	0.0	0.264705882353	0.19	0.364583333333	0.4	0.0	0.366336633663	0.179487179487	0.0	0.136842105263	0.366336633663	0.10843373494	0.35	0.0	0.11	0.0	0.0	0.0	0.0	0.222222222222
57	1	1	0	0.141414141414	0.0	0.0	0.0	0.216216216216	0.29	0.0	0.0	0.0	0.132653061224	0.0	0.0	0.0	0.0	0.0	0.0	0.0	0.0	0.287128712871	0.0
58	1	1	0	0.157894736842	0.0	0.0	0.0	0.2	0.316326530612	0.0	0.0	0.0	0.166666666667	0.0	0.0	0.0	0.0	0.0	0.0	0.0	0.0	0.28431372549	0.0
59	1	1	0	0.130841121495	0.0	0.0	0.0	0.25	0.244186046512	0.0	0.0	0.0	0.123595505618	0.0	0.0	0.0	0.0	0.0	0.0	0.0	0.0	0.307692307692	0.0
60	1	1	0	0.0	0.203703703704	0.202247191011	0.434343434343	0.31914893617	0.0	0.320754716981	0.3125	0.0	0.161904761905	0.46218487395	0.168316831683	0.329411764706	0.0	0.104651162791	0.0	0.0	0.0	0.0	0.188118811881
61	1	1	0	0.15	0.0	0.0	0.0	0.209090909091	0.284403669725	0.0	0.0	0.0	0.150684931507	0.0	0.0	0.0	0.0	0.0	0.0	0.0	0.0	0.274336283186	0.0
62	1	1	0	0.0	0.212765957447	0.185840707965	0.285714285714	0.276785714286	0.0	0.325	0.25	0.0	0.125	0.435294117647	0.20618556701	0.292929292929	0.0	0.0660377358491	0.0	0.0	0.0	0.0	0.148514851485
63	1	1	0	0.165048543689	0.0	0.0	0.0	0.203703703704	0.186991869919	0.0	0.0	0.0	0.221052631579	0.0	0.0	0.0	0.0	0.0	0.0	0.0	0.0	0.382352941176	0.0
64	1	1	0	0.168316831683	0.0	0.0	0.0	0.217391304348	0.292929292929	0.0	0.0	0.0	0.160377358491	0.0	0.0	0.0	0.0	0.0	0.0	0.0	0.0	0.373831775701	0.0
65	1	1	0	0.113402061856	0.232323232323	0.166666666667	0.633333333333	0.263157894737	0.0	0.490196078431	0.36	0.152173913043	0.336363636364	0.48275862069	0.336734693878	0.311827956989	0.196078431373	0.13	0.494505494505	0.194444444444	0.237623762376	0.16	0.326086956522
66	1	1	0	0.148514851485	0.0	0.0	0.163265306122	0.0	0.0	0.0	0.0	0.101123595506	0.0537634408602	0.0	0.145833333333	0.0	0.0	0.0	0.32380952381	0.0	0.0	0.0	0.0
67	1	1	0	0.0	0.226804123711	0.18	0.0	0.0	0.0	0.0	0.0	0.168539325843	0.0	0.0	0.0	0.20618556701	0.0	0.132075471698	0.0	0.0	0.150943396226	0.0	0.104
68	1	1	0	0.0	0.244444444444	0.161616161616	0.287128712871	0.29203539823	0.0	0.279279279279	0.14953271028	0.0	0.155172413793	0.329411764706	0.147826086957	0.369565217391	0.0	0.122448979592	0.0	0.0	0.0	0.0	0.201923076923
69	1	1	0	0.125	0.21875	0.260869565217	0.490566037736	0.320512820513	0.0	0.375	0.329268292683	0.117117117117	0.430107526882	0.452380952381	0.284090909091	0.342857142857	0.180952380952	0.104166666667	0.425925925926	0.2	0.217821782178	0.121951219512	0.373626373626
70	1	1	0	0.117647058824	0.242424242424	0.191304347826	0.429906542056	0.258426966292	0.0	0.340659340659	0.271028037383	0.176470588235	0.395604395604	0.441441441441	0.321100917431	0.326732673267	0.130952380952	0.134615384615	0.529411764706	0.208333333333	0.236842105263	0.208333333333	0.261682242991
71	1	1	0	0.108910891089	0.0	0.0	0.0	0.306930693069	0.194174757282	0.0	0.0	0.0	0.0701754385965	0.0	0.0	0.0	0.0	0.0	0.0	0.0	0.0	0.255102040816	0.0
72	1	1	0	0.189189189189	0.0	0.185567010309	0.0	0.0	0.3	0.0	0.153153153153	0.0	0.0	0.0	0.0	0.0	0.0	0.113402061856	0.0	0.276315789474	0.175824175824	0.0	0.0
73	1	1	0	0.168421052632	0.0	0.0	0.0	0.19512195122	0.22	0.0	0.0	0.0	0.148514851485	0.0	0.0	0.0	0.0	0.0	0.0	0.0	0.0	0.315217391304	0.0
74	1	1	0	0.157894736842	0.211009174312	0.142857142857	0.52688172043	0.212765957447	0.0	0.34	0.316326530612	0.108108108108	0.36	0.540229885057	0.322222222222	0.274509803922	0.208333333333	0.070796460177	0.486725663717	0.148514851485	0.156862745098	0.300970873786	0.311926605505
75	1	1	0	0.181818181818	0.0	0.0	0.0	0.277777777778	0.25	0.0	0.0	0.0	0.173469387755	0.0	0.0	0.0	0.0	0.0	0.0	0.0	0.0	0.308411214953	0.0
76	1	1	0	0.0	0.35	0.147058823529	0.302083333333	0.275862068966	0.0	0.277227722772	0.166666666667	0.0	0.104651162791	0.381355932203	0.174757281553	0.327272727273	0.0	0.163265306122	0.0	0.0	0.0	0.0	0.202127659574
77	1	1	0	0.163461538462	0.0	0.2	0.0	0.0	0.294117647059	0.0	0.218390804598	0.0	0.0	0.0	0.0	0.0	0.0	0.163461538462	0.0	0.28	0.102040816327	0.0	0.0
78	1	1	0	0.0	0.218390804598	0.162162162162	0.488095238095	0.234042553191	0.0	0.282352941176	0.185567010309	0.0	0.157407407407	0.423076923077	0.161616161616	0.28125	0.0	0.121212121212	0.0	0.0	0.0	0.0	0.151785714286
79	1	1	0	0.213675213675	0.0	0.0	0.0	0.20202020202	0.222222222222	0.0	0.0	0.0	0.197802197802	0.0	0.0	0.0	0.0	0.0	0.0	0.0	0.0	0.329545454545	0.0
80	1	1	0	0.203703703704	0.0	0.0	0.0	0.20202020202	0.291666666667	0.0	0.0	0.0	0.0927835051546	0.0	0.0	0.0	0.0	0.0	0.0	0.0	0.0	0.363636363636	0.0
81	1	1	0	0.163043478261	0.0	0.0	0.0	0.220183486239	0.165048543689	0.0	0.0	0.0	0.214285714286	0.0	0.0	0.0	0.0	0.0	0.0	0.0	0.0	0.342592592593	0.0
82	1	1	0	0.116071428571	0.0	0.0	0.0	0.254237288136	0.270588235294	0.0	0.0	0.0	0.18	0.0	0.0	0.0	0.0	0.0	0.0	0.0	0.0	0.239130434783	0.0
83	1	1	0	0.170212765957	0.0	0.0	0.0	0.235849056604	0.221052631579	0.0	0.0	0.0	0.130841121495	0.0	0.0	0.0	0.0	0.0	0.0	0.0	0.0	0.272727272727	0.0
84	1	1	0	0.194174757282	0.208791208791	0.15625	0.427272727273	0.166666666667	0.0	0.444444444444	0.418181818182	0.137931034483	0.376146788991	0.488636363636	0.211538461538	0.354838709677	0.202247191011	0.102803738318	0.489361702128	0.247058823529	0.21875	0.229166666667	0.306306306306
85	1	1	0	0.237623762376	0.0	0.174311926606	0.0	0.0	0.214953271028	0.0	0.278846153846	0.0	0.0	0.0	0.0	0.0	0.0	0.153846153846	0.0	0.348837209302	0.148514851485	0.0	0.0
86	1	1	0	0.0	0.0	0.0	0.29347826087	0.3125	0.0	0.103174603175	0.204301075269	0.0	0.150537634409	0.157303370787	0.150442477876	0.296296296296	0.0	0.174311926606	0.0	0.0	0.0	0.0	0.221153846154
87	1	1	0	0.128712871287	0.0	0.0	0.19387755102	0.0	0.0	0.0	0.0	0.175	0.18085106383	0.0	0.155555555556	0.0	0.0	0.0	0.180722891566	0.0	0.0	0.0	0.0
88	1	1	0	0.128712871287	0.207920792079	0.25	0.605263157895	0.295918367347	0.0	0.35	0.252873563218	0.075	0.474226804124	0.5	0.37037037037	0.320754716981	0.16	0.105263157895	0.514563106796	0.118279569892	0.201923076923	0.212962962963	0.337209302326
89	1	1	0	0.0625	0.0	0.0	0.177083333333	0.0	0.0	0.0	0.0	0.18018018018	0.129032258065	0.0	0.195652173913	0.0	0.0	0.0	0.28125	0.0	0.0	0.0	0.0
90	1	1	0	0.23595505618	0.0	0.0	0.0	0.275510204082	0.317307692308	0.0	0.0	0.0	0.162162162162	0.0	0.0	0.0	0.0	0.0	0.0	0.0	0.0	0.378947368421	0.0
91	1	1	0	0.237288135593	0.0	0.0	0.0	0.193181818182	0.277227722772	0.0	0.0	0.0	0.110091743119	0.0	0.0	0.0	0.0	0.0	0.0	0.0	0.0	0.415841584158	0.0
92	1	1	0	0.175257731959	0.0	0.11	0.0	0.0	0.333333333333	0.0	0.191919191919	0.0	0.0	0.0	0.0	0.0	0.0	0.104347826087	0.0	0.409090909091	0.174757281553	0.0	0.0
93	1	1	0	0.0	0.23595505618	0.16091954023	0.0	0.0	0.0	0.0	0.0	0.140186915888	0.0	0.0	0.0	0.197674418605	0.0	0.130841121495	0.0	0.0	0.0973451327434	0.0	0.196261682243
94	1	1	0	0.148936170213	0.0	0.0	0.0	0.194174757282	0.358333333333	0.0	0.0	0.0	0.0932203389831	0.0	0.0	0.0	0.0	0.0	0.0	0.0	0.0	0.316326530612	0.0
95	1	1	0	0.174757281553	0.0	0.0	0.0	0.215517241379	0.255102040816	0.0	0.0	0.0	0.159574468085	0.0	0.0	0.0	0.0	0.0	0.0	0.0	0.0	0.377551020408	0.0
96	1	1	0	0.205882352941	0.0	0.0	0.0	0.26213592233	0.1875	0.0	0.0	0.0	0.181818181818	0.0	0.0	0.0	0.0	0.0	0.0	0.0	0.0	0.285714285714	0.0
97	1	1	0	0.145454545455	0.0	0.0	0.0	0.261363636364	0.315217391304	0.0	0.0	0.0	0.156862745098	0.0	0.0	0.0	0.0	0.0	0.0	0.0	0.0	0.260416666667	0.0
98	1	1	0	0.0	0.232323232323	0.191919191919	0.362745098039	0.197802197802	0.0	0.244186046512	0.174757281553	0.0	0.141176470588	0.285714285714	0.121212121212	0.33	0.0	0.121212121212	0.0	0.0	0.0	0.0	0.182795698925
99	1	1	0	0.190476190476	0.0	0.139784946237	0.0	0.0	0.309090909091	0.185567010309	0.135593220339	0.18691588785	0.0	0.0	0.21359223301	0.0	0.252525252525	0.21359223301	0.0	0.388888888889	0.173469387755	0.0	0.0
100	1	1	0	0.164835164835	0.0	0.202127659574	0.0	0.0	0.265306122449	0.0	0.194444444444	0.0	0.0	0.0	0.0	0.0	0.0	0.148936170213	0.0	0.236363636364	0.108910891089	0.0	0.0
