Chromosome	Position	Change	Gene	sample0	sample1	sample2	sample3	sample4	sample5	sample6	sample7	sample8	sample9
1	0	G>C	1	0	0	275	0	92	104	0	149	276	0
1	1	C>G	1	0	0	0	0	0	0	0	159	0	0
1	2	T>G	1	381	277	215	328	284	148	274	179	237	257
1	3	A>T	1	0	0	272	0	100	106	0	149	262	0
1	4	T>G	1	0	106	0	0	126	116	253	156	0	110
1	5	G>T	1	125	0	0	0	138	0	236	0	0	0
1	6	A>G	1	0	102	0	0	114	113	272	149	0	100
1	7	A>T	1	0	109	0	0	135	125	219	156	0	117
1	8	G>T	1	258	0	180	145	121	0	258	166	0	135
1	9	C>A	1	126	132	0	151	0	129	0	0	0	139
1	10	A>G	1	0	0	286	0	104	97	0	132	293	0
1	11	A>T	1	134	137	0	186	0	124	0	0	0	121
1	12	A>C	1	0	0	0	0	0	0	0	178	0	0
1	13	C>T	1	0	0	269	0	112	102	0	167	274	0
1	14	G>A	1	107	0	0	0	160	0	255	0	0	0
1	15	A>T	1	388	244	205	346	249	151	248	183	208	243
1	16	A>G	1	0	0	0	0	0	0	0	151	0	0
1	17	G>T	1	0	119	0	0	140	108	240	146	0	101
1	18	A>T	1	0	0	0	0	0	0	0	150	0	0
1	19	T>G	1	249	0	200	137	120	0	255	220	0	107
1	20	C>A	1	344	251	208	336	268	138	268	224	215	249
1	21	C>T	1	110	122	0	168	0	137	0	0	0	113
1	22	C>A	1	0	0	343	0	107	91	0	150	276	0
1	23	G>A	1	134	125	0	171	0	151	0	0	0	110
1	24	C>A	1	146	111	0	185	0	118	0	0	0	131
1	25	A>G	1	0	79	0	0	121	142	233	151	0	121
1	26	G>A	1	124	0	0	0	122	0	255	0	0	0
1	27	G>C	1	0	0	0	0	0	0	0	160	0	0
1	28	C>G	1	402	264	199	352	272	154	249	197	242	291
1	29	C>G	1	0	0	295	0	118	112	0	163	292	0
1	30	A>T	1	0	0	0	0	0	121	0	0	0	0
1	31	A>G	1	0	112	0	0	101	115	259	135	0	113
1	32	A>C	1	250	0	213	136	161	0	260	200	0	97
1	33	T>A	1	0	0	338	0	94	100	0	142	283	0
1	34	A>G	1	246	0	198	155	120	0	234	194	0	108
1	35	T>G	1	130	127	0	170	0	122	0	0	0	118
1	36	C>G	1	0	110	0	0	112	111	260	144	0	119
1	37	T>A	1	415	258	186	354	272	153	247	205	209	262
1	38	A>T	1	124	100	0	160	0	99	0	0	0	128
1	39	G>A	1	360	269	203	321	301	140	245	174	213	237
1	40	T>A	1	132	122	0	165	0	100	0	0	0	125
1	41	C>G	1	0	0	294	0	98	105	0	171	312	0
1	42	A>T	1	0	118	0	0	129	125	245	156	0	126
1	43	T>G	1	0	116	0	0	108	120	215	162	0	139
1	44	T>A	1	0	0	301	0	95	100	0	149	299	0
1	45	C>A	1	0	0	0	0	0	0	0	149	0	0
1	46	C>G	1	0	0	318	0	89	95	0	154	275	0
1	47	T>A	1	0	0	277	0	109	104	0	163	319	0
1	48	A>G	1	110	125	0	166	0	127	0	0	0	135
1	49	T>C	1	0	0	0	0	0	112	0	0	0	0
1	50	G>A	1	0	106	0	0	139	126	255	157	0	111
1	51	A>G	1	0	121	0	0	124	115	256	154	0	106
1	52	T>C	1	121	0	0	0	119	0	249	0	0	0
1	53	C>A	1	124	134	0	173	0	121	0	0	0	138
1	54	G>A	1	108	0	0	0	134	0	258	0	0	0
1	55	T>G	1	0	0	0	0	0	0	0	149	0	0
1	56	T>C	1	0	118	0	0	134	116	257	168	0	126
1	57	A>T	1	226	0	205	148	112	0	275	209	0	116
1	58	A>C	1	0	104	0	0	114	100	235	148	0	111
1	59	G>T	1	361	269	195	326	285	154	277	168	219	241
1	60	G>A	1	115	157	0	155	0	131	0	0	0	141
1	61	T>A	1	258	0	210	148	117	0	256	185	0	108
1	62	C>A	1	0	0	0	0	0	0	0	146	0	0
1	63	A>C	1	133	136	0	153	0	113	0	0	0	115
1	64	T>A	1	147	118	0	178	0	117	0	0	0	140
1	65	A>G	1	132	127	0	169	0	92	0	0	0	123
1	66	G>A	1	0	0	333	0	97	97	0	152	299	0
1	67	C>G	1	0	0	308	0	108	105	0	160	296	0
1	68	G>A	1	0	101	0	0	129	138	239	150	0	117
1	69	A>T	1	0	0	0	0	0	0	0	155	0	0
1	70	G>C	1	119	109	0	197	0	129	0	0	0	141
1	71	G>T	1	364	264	209	355	308	154	268	199	230	247
1	72	A>C	1	0	121	0	0	108	130	248	178	0	116
1	73	T>A	1	0	125	0	0	127	124	252	141	0	134
1	74	A>C	1	255	0	207	141	136	0	245	199	0	116
1	75	A>G	1	349	256	210	318	278	133	254	203	192	256
1	76	A>C	1	128	135	0	177	0	126	0	0	0	141
1	77	C>G	1	127	136	0	163	0	133	0	0	0	136
1	78	A>C	1	334	250	210	324	273	148	268	205	245	246
1	79	G>A	1	0	0	0	0	0	0	0	158	0	0
1	80	A>C	1	0	104	0	0	132	121	235	142	0	114
1	81	G>A	1	228	121	201	136	268	0	276	181	223	257
1	82	C>T	1	122	122	0	180	0	109	0	0	0	117
1	83	G>C	1	416	282	202	326	269	152	231	181	223	233
1	84	A>G	1	135	124	0	189	0	104	0	0	0	125
1	85	A>C	1	240	0	194	167	112	0	244	199	0	126
1	86	A>C	1	135	132	0	160	0	111	0	0	0	157
1	87	A>T	1	0	98	0	0	122	117	258	156	0	106
1	88	A>T	1	0	131	0	0	139	136	243	145	0	116
1	89	T>C	1	0	0	304	0	109	99	0	143	328	0
1	90	T>C	1	0	0	284	0	105	99	0	155	279	0
1	91	C>T	1	387	258	203	322	255	149	264	175	223	224
1	92	T>G	1	0	0	154	0	0	0	0	0	135	0
1	93	G>A	1	111	134	0	149	0	147	0	0	0	127
1	94	T>C	1	0	0	0	0	0	0	0	138	0	0
1	95	G>T	1	0	0	0	0	0	0	0	159	0	0
1	96	T>C	1	0	0	0	0	0	128	0	0	0	0
1	97	G>T	1	0	104	0	0	142	109	249	169	0	117
1	98	T>G	1	0	0	298	0	111	100	0	171	279	0
1	99	T>G	1	0	123	0	0	125	100	258	132	0	90
