#chr	position	description	normal	sample0	sample1	sample2	sample3	sample4	sample5	sample6	sample7	sample8	sample9	sample10	sample11	sample12	sample13	sample14	sample15	sample16	sample17	sample18	sample19
1	1	1	0	0.0	0.0	0.159423152904	0.0	0.0	0.0	0.108798868573	0.110901883053	0.0	0.0	0.0	0.0	0.0	0.0	0.0	0.104985044865	0.0	0.0	0.0	0.0
2	1	1	0	0.0	0.0	0.0	0.150871568824	0.148140783456	0.0	0.0	0.0	0.0	0.0	0.0	0.0	0.0	0.0	0.306959781177	0.0	0.0	0.0	0.190999796375	0.0
3	1	1	0	0.0	0.0	0.0	0.150737463127	0.146459552148	0.0	0.0	0.0	0.0	0.0	0.0	0.0	0.0	0.0	0.314061384725	0.0	0.0	0.0	0.201934583167	0.0
4	1	1	0	0.109986977862	0.0	0.172103261957	0.0	0.0	0.0	0.0	0.11811505508	0.0	0.0	0.229414658141	0.0	0.0	0.153502538071	0.0	0.0	0.112420127796	0.0	0.0	0.0
5	1	1	0	0.112659470069	0.0	0.170657467532	0.267423014587	0.147666022577	0.0	0.0	0.0	0.0	0.0	0.0	0.0	0.0	0.1540436457	0.316975060338	0.0	0.118736714242	0.0	0.189091275033	0.0
6	1	1	0	0.0	0.0	0.0	0.151533433886	0.144265961773	0.0	0.0	0.0	0.0	0.0	0.0	0.0	0.0	0.0	0.317272274764	0.0	0.0	0.0	0.185382527395	0.0
7	1	1	0	0.148992200952	0.258565737052	0.0	0.0	0.0	0.0	0.154314822213	0.0	0.0	0.0	0.0	0.0	0.179814500848	0.0	0.0	0.15643778938	0.0	0.0	0.195521948345	0.175470188075
8	1	1	0	0.0	0.244267097687	0.0	0.0	0.0	0.141750503018	0.145775209247	0.0	0.0	0.0	0.273722991138	0.198859657897	0.0	0.189216275807	0.0	0.141834095882	0.140162795315	0.0	0.0	0.164028631919
9	1	1	0	0.137276561559	0.259990084284	0.0	0.0	0.0	0.0	0.151554663992	0.0	0.0	0.0	0.0	0.0	0.185722807715	0.0	0.0	0.159639164808	0.0	0.0	0.19248395967	0.17769620002
10	1	1	0	0.114051545374	0.0	0.169910625621	0.271797896392	0.146300337235	0.0	0.0	0.0	0.0	0.0	0.0	0.0	0.0	0.149014533148	0.313690652453	0.0	0.112158808933	0.0	0.197305863708	0.0
11	1	1	0	0.14554641831	0.260061611845	0.0	0.0	0.0	0.0	0.156376109766	0.0	0.0	0.0	0.0	0.0	0.174466379397	0.0	0.0	0.152704884941	0.0	0.0	0.189496587875	0.174995042633
12	1	1	0	0.149222695316	0.258519036674	0.0	0.0	0.0	0.0	0.152352352352	0.0	0.0	0.0	0.0	0.0	0.179068602904	0.0	0.0	0.156097560976	0.0	0.0	0.191020408163	0.176488244122
13	1	1	0	0.0	0.0	0.0	0.154391492714	0.147152528873	0.0	0.0	0.0	0.0	0.0	0.0	0.0	0.0	0.0	0.317921399136	0.0	0.0	0.0	0.197300835935	0.0
14	1	1	0	0.0	0.240607513989	0.0	0.0	0.0	0.138681033623	0.148405972559	0.0	0.0	0.0	0.274381151208	0.199121821709	0.0	0.18733086098	0.0	0.149135950455	0.147803199028	0.0	0.0	0.169399980359
15	1	1	0	0.0	0.0	0.0	0.153097434858	0.142217802089	0.0	0.0	0.0	0.0	0.0	0.0	0.0	0.0	0.0	0.315277777778	0.0	0.0	0.0	0.192249470179	0.0
16	1	1	0	0.0	0.236207926708	0.0	0.0	0.0	0.140484148688	0.14465472116	0.0	0.0	0.0	0.270199476123	0.194210369783	0.0	0.187694469537	0.0	0.150930115636	0.136715566422	0.0	0.0	0.166733186989
17	1	1	0	0.147079450957	0.25870104115	0.0	0.0	0.0	0.0	0.155694668821	0.0	0.0	0.0	0.0	0.0	0.173826768529	0.0	0.0	0.156733326766	0.0	0.0	0.196345217996	0.177406602095
18	1	1	0	0.141032039126	0.257091846856	0.0	0.0	0.0	0.0	0.154234379732	0.0	0.0	0.0	0.0	0.0	0.177797924851	0.0	0.0	0.15607803902	0.0	0.0	0.192606616182	0.174352750809
19	1	1	0	0.0	0.240674603175	0.0	0.0	0.0	0.140434655492	0.143755527169	0.0	0.0	0.0	0.277050654411	0.188541039534	0.0	0.18897955072	0.0	0.148724204534	0.141039767605	0.0	0.0	0.166832076221
20	1	1	0	0.111711711712	0.0	0.172109797636	0.267531944864	0.148469036133	0.0	0.0	0.0	0.0	0.0	0.0	0.0	0.0	0.160388699659	0.319457105237	0.0	0.110024203308	0.0	0.190741662519	0.0
21	1	1	0	0.0	0.0	0.0	0.147279081378	0.143648108274	0.0	0.0	0.0	0.0	0.0	0.0	0.0	0.0	0.0	0.308294052753	0.0	0.0	0.0	0.198164039114	0.0
22	1	1	0	0.116069641785	0.0	0.17717838163	0.26089128697	0.144522613065	0.0	0.0	0.0	0.0	0.0	0.0	0.0	0.0	0.155694668821	0.321112767014	0.0	0.114820685556	0.0	0.197944727128	0.0
23	1	1	0	0.1113	0.0	0.169345981028	0.261999206664	0.147906793049	0.0	0.0	0.0	0.0	0.0	0.0	0.0	0.0	0.156505279936	0.317109584951	0.0	0.109951845907	0.0	0.192524682652	0.0
24	1	1	0	0.143730283912	0.263351201112	0.0	0.0	0.0	0.0	0.155163778423	0.0	0.0	0.0	0.0	0.0	0.172090237572	0.0	0.0	0.154469916909	0.0	0.0	0.192985932237	0.171885804603
25	1	1	0	0.111880986346	0.0	0.175675675676	0.0879021750025	0.085396411747	0.0990762359151	0.085396411747	0.118246279836	0.201353125316	0.201395207765	0.226987759976	0.114784840111	0.0	0.157972732662	0.179083803305	0.0878787878788	0.119855812556	0.0	0.113986013986	0.0
26	1	1	0	0.222443097108	0.24287856072	0.342714570858	0.504441561034	0.493844601413	0.367919799499	0.236764124852	0.254936808847	0.197107765452	0.193852952993	0.504451335401	0.504165819955	0.164164063287	0.505578450095	0.497200559888	0.236526644505	0.494476537955	0.332307997619	0.295290581162	0.166864725688
27	1	1	0	0.0	0.0	0.149223429093	0.0	0.0	0.0	0.104720944189	0.108050847458	0.0	0.0	0.0	0.0	0.0	0.0	0.0	0.110424556508	0.0	0.0	0.0	0.0
28	1	1	0	0.144693242293	0.259755853512	0.0	0.0	0.0	0.0	0.154499654253	0.0	0.0	0.0	0.0	0.0	0.175324675325	0.0	0.0	0.152944681696	0.0	0.0	0.196931965335	0.173800517619
29	1	1	0	0.109083576973	0.0	0.170594059406	0.262149348084	0.14827723561	0.0	0.0	0.0	0.0	0.0	0.0	0.0	0.0	0.154492108458	0.309405448399	0.0	0.111823647295	0.0	0.19494047619	0.0
30	1	1	0	0.145230707637	0.260985221675	0.0	0.0	0.0	0.0	0.153605648008	0.0	0.0	0.0	0.0	0.0	0.176225027333	0.0	0.0	0.162746280659	0.0	0.0	0.2	0.180936187237
31	1	1	0	0.142115768463	0.263555865088	0.0	0.0	0.0	0.0	0.152677938645	0.0	0.0	0.0	0.0	0.0	0.179476901493	0.0	0.0	0.154770177703	0.0	0.0	0.19099756691	0.1784779545
32	1	1	0	0.0	0.0	0.0	0.15131245566	0.149200890148	0.0	0.0	0.0	0.0	0.0	0.0	0.0	0.0	0.0	0.314645193759	0.0	0.0	0.0	0.191885535084	0.0
33	1	1	0	0.0	0.244491185897	0.0	0.0	0.0	0.141501816714	0.151678657074	0.0	0.0	0.0	0.273123732252	0.198903441974	0.0	0.18881962598	0.0	0.144087313508	0.138370459563	0.0	0.0	0.167087839887
34	1	1	0	0.0	0.0	0.0	0.154709418838	0.150769846031	0.0	0.0	0.0	0.0	0.0	0.0	0.0	0.0	0.0	0.315848441638	0.0	0.0	0.0	0.186523340301	0.0
35	1	1	0	0.0	0.0	0.0	0.154023218575	0.14367702355	0.0	0.0	0.0	0.0	0.0	0.0	0.0	0.0	0.0	0.321677614957	0.0	0.0	0.0	0.191944810794	0.0
36	1	1	0	0.112908056304	0.0	0.170851194121	0.272763459051	0.145775209247	0.0	0.0	0.0	0.0	0.0	0.0	0.0	0.0	0.150396825397	0.316201565951	0.0	0.113627214171	0.0	0.192338547934	0.0
37	1	1	0	0.230293192655	0.243381468111	0.348373451506	0.357426923842	0.359328134373	0.365961732125	0.238588798087	0.257347020934	0.197621225984	0.198806379024	0.497582107596	0.493909191584	0.0	0.502201780996	0.508237894314	0.238665358194	0.497287522604	0.159626768336	0.306244397968	0.164294306335
38	1	1	0	0.112360678783	0.0	0.173651493884	0.0	0.0	0.0	0.0	0.115269461078	0.0	0.0	0.223553299492	0.0	0.0	0.15874600639	0.0	0.0	0.111725227004	0.0	0.0	0.0
39	1	1	0	0.114920948617	0.0	0.172607879925	0.262303297584	0.146007679433	0.0	0.0	0.0	0.0	0.0	0.0	0.0	0.0	0.156749201278	0.318411479386	0.0	0.108854427214	0.0	0.192989484226	0.0
40	1	1	0	0.141344521027	0.264311935708	0.0	0.0	0.0	0.0	0.156864683206	0.0	0.0	0.0	0.0	0.0	0.176524764634	0.0	0.0	0.155735219808	0.0	0.0	0.198207955888	0.174697600635
41	1	1	0	0.151009745805	0.254124748491	0.0	0.0	0.0	0.0	0.155741844258	0.0	0.0	0.0	0.0	0.0	0.184042340723	0.0	0.0	0.157131505761	0.0	0.0	0.195035460993	0.166161309885
42	1	1	0	0.124862541238	0.0	0.0	0.0	0.0	0.133293063526	0.0	0.138444399433	0.302130213021	0.302580452326	0.0	0.0	0.155264483627	0.0	0.0	0.0	0.0	0.164204263758	0.0	0.158722260921
43	1	1	0	0.0	0.0	0.0	0.157295373665	0.145944316012	0.0	0.0	0.0	0.0	0.0	0.0	0.0	0.0	0.0	0.304759963306	0.0	0.0	0.0	0.194538201902	0.0
44	1	1	0	0.147588845263	0.254462934947	0.0	0.0	0.0	0.0	0.157016485726	0.0	0.0	0.0	0.0	0.0	0.17621579051	0.0	0.0	0.153306918622	0.0	0.0	0.190761249127	0.176253613797
45	1	1	0	0.147159204979	0.254292161287	0.0	0.0	0.0	0.0	0.157066993464	0.0	0.0	0.0	0.0	0.0	0.18468202402	0.0	0.0	0.156758916975	0.0	0.0	0.193947315504	0.1847
46	1	1	0	0.112867498993	0.0	0.169125877684	0.26825381014	0.141639409258	0.0	0.0	0.0	0.0	0.0	0.0	0.0	0.0	0.153243404086	0.312910726923	0.0	0.113334674175	0.0	0.19959798995	0.0
47	1	1	0	0.143717987346	0.257270029674	0.0	0.0	0.0	0.0	0.153566377046	0.0	0.0	0.0	0.0	0.0	0.176010301109	0.0	0.0	0.162631154157	0.0	0.0	0.20177008751	0.181246194439
48	1	1	0	0.143617545589	0.258298859853	0.0	0.0	0.0	0.0	0.161745571014	0.0	0.0	0.0	0.0	0.0	0.175726802071	0.0	0.0	0.155246034974	0.0	0.0	0.192457348099	0.171724206547
49	1	1	0	0.148302976013	0.252270232512	0.0	0.0	0.0	0.0	0.153770524039	0.0	0.0	0.0	0.0	0.0	0.179043234588	0.0	0.0	0.158472125262	0.0	0.0	0.194664031621	0.172965983688
50	1	1	0	0.108826727291	0.0	0.166208091307	0.280875088215	0.147927229347	0.0	0.0	0.0	0.0	0.0	0.0	0.0	0.0	0.152269546091	0.312209889001	0.0	0.116064257028	0.0	0.1883681423	0.0
51	1	1	0	0.13142282554	0.0	0.0	0.0	0.0	0.132732732733	0.0	0.135346534653	0.30145386213	0.306497175141	0.0	0.0	0.155581947743	0.0	0.0	0.0	0.0	0.160951714486	0.0	0.153714170367
52	1	1	0	0.111340815121	0.0	0.164371434192	0.26202992317	0.148690993632	0.0	0.0	0.0	0.0	0.0	0.0	0.0	0.0	0.152752752753	0.321178120617	0.0	0.111512596607	0.0	0.195187969925	0.0
53	1	1	0	0.113196306226	0.0	0.171295828704	0.267659826361	0.142542982807	0.0	0.0	0.0	0.0	0.0	0.0	0.0	0.0	0.154169166167	0.316176470588	0.0	0.112975280453	0.0	0.191902834008	0.0
54	1	1	0	0.0	0.0	0.0	0.146815508821	0.14332998997	0.0	0.0	0.0	0.0	0.0	0.0	0.0	0.0	0.0	0.310567010309	0.0	0.0	0.0	0.186247271284	0.0
55	1	1	0	0.144831064044	0.254365831753	0.0	0.0	0.0	0.0	0.16052657432	0.0	0.0	0.0	0.0	0.0	0.17738336714	0.0	0.0	0.159240759241	0.0	0.0	0.190304487179	0.170595842037
56	1	1	0	0.0	0.0	0.0	0.146377672209	0.142714271427	0.0	0.0	0.0	0.0	0.0	0.0	0.0	0.0	0.0	0.316197673262	0.0	0.0	0.0	0.194840393495	0.0
57	1	1	0	0.10630864444	0.0	0.174840510367	0.0933616247348	0.0843724859212	0.0872880505669	0.0908454227114	0.121459912246	0.192323151125	0.199676146139	0.226126662696	0.120732806087	0.0	0.15826763796	0.182661612131	0.0879826207169	0.110321353489	0.0	0.109168997203	0.0
58	1	1	0	0.0	0.0	0.0	0.154964644956	0.142403808013	0.0	0.0	0.0	0.0	0.0	0.0	0.0	0.0	0.0	0.313934917149	0.0	0.0	0.0	0.184632228526	0.0
59	1	1	0	0.150812524772	0.248399359744	0.0	0.0	0.0	0.0	0.152092788704	0.0	0.0	0.0	0.0	0.0	0.178439034165	0.0	0.0	0.153558808682	0.0	0.0	0.202582324092	0.179095416372
60	1	1	0	0.0	0.0	0.0	0.142313470205	0.152359867163	0.0	0.0	0.0	0.0	0.0	0.0	0.0	0.0	0.0	0.310674671823	0.0	0.0	0.0	0.1875	0.0
61	1	1	0	0.115182206335	0.0	0.170935080405	0.265109752431	0.145131178147	0.0	0.0	0.0	0.0	0.0	0.0	0.0	0.0	0.155352350661	0.325822532403	0.0	0.110049751244	0.0	0.187487386478	0.0
62	1	1	0	0.11034344648	0.0	0.173782019086	0.0853916725476	0.0859030837004	0.0847290640394	0.0916771875303	0.113147726147	0.206158097306	0.198181091345	0.22434992945	0.122280419017	0.0	0.152191314789	0.181450419339	0.0904354664307	0.111819519372	0.0	0.111088911089	0.0
63	1	1	0	0.131367829924	0.0	0.0	0.0	0.0	0.13254580038	0.0	0.135372471633	0.294170225444	0.306281935678	0.0	0.0	0.151584612318	0.0	0.0	0.0	0.0	0.160657051282	0.0	0.157640803466
64	1	1	0	0.112666269605	0.0	0.177193512642	0.26313709996	0.142985253089	0.0	0.0	0.0	0.0	0.0	0.0	0.0	0.0	0.15426182708	0.318113245499	0.0	0.113491430849	0.0	0.193959462171	0.0
65	1	1	0	0.22087548833	0.242901265318	0.33423073088	0.364085003525	0.356896900952	0.368028991343	0.239015642124	0.267343485618	0.202443627694	0.201326338711	0.499850790809	0.495353252723	0.0	0.510500152176	0.49115132233	0.236976814213	0.503720836685	0.164560770156	0.308571996818	0.171451355662
66	1	1	0	0.0	0.0	0.0	0.14868368568	0.148697788698	0.0	0.0	0.0	0.0	0.0	0.0	0.0	0.0	0.0	0.31304868316	0.0	0.0	0.0	0.193775100402	0.0
67	1	1	0	0.141009055627	0.254418745581	0.0	0.0	0.0	0.0	0.149632863663	0.0	0.0	0.0	0.0	0.0	0.172358856915	0.0	0.0	0.15671641791	0.0	0.0	0.205135861451	0.184031936128
68	1	1	0	0.0	0.23923539265	0.0	0.0	0.0	0.140216183453	0.143951452447	0.0	0.0	0.0	0.271558169674	0.202137312229	0.0	0.190195280716	0.0	0.14977929374	0.148376033891	0.0	0.0	0.172698860772
69	1	1	0	0.108445580572	0.0	0.166315578293	0.263152559554	0.140536723164	0.0	0.0	0.0	0.0	0.0	0.0	0.0	0.0	0.149310036732	0.325537420382	0.0	0.112690252999	0.0	0.19587014792	0.0
70	1	1	0	0.0	0.237145126067	0.0	0.0	0.0	0.141641337386	0.141892572811	0.0	0.0	0.0	0.278722769323	0.195056581298	0.0	0.191829837988	0.0	0.146492924768	0.143886331799	0.0	0.0	0.168212312549
71	1	1	0	0.108374885519	0.0	0.171248625412	0.0892270963891	0.0884485752221	0.0834317197954	0.0899255583127	0.115933353287	0.1973189804	0.195728116579	0.231049858127	0.120374094932	0.0	0.156253144179	0.186672019269	0.0906648089172	0.118768619662	0.0	0.11054247697	0.0
72	1	1	0	0.142743221691	0.258718572587	0.0	0.0	0.0	0.0	0.150821304131	0.0	0.0	0.0	0.0	0.0	0.182135032862	0.0	0.0	0.153831002561	0.0	0.0	0.193815461347	0.179927043281
73	1	1	0	0.114723133512	0.0	0.167230065619	0.0883620689655	0.0855496005663	0.0875112129971	0.0873572430375	0.116218905473	0.197737284742	0.199511241447	0.225281851741	0.122595916757	0.0	0.166054590571	0.181660014328	0.0915429823688	0.116119252148	0.0	0.107603872529	0.0
74	1	1	0	0.0	0.0	0.153497089869	0.0	0.0	0.0	0.103060712494	0.108326677316	0.0	0.0	0.0	0.0	0.0	0.0	0.0	0.103670835014	0.0	0.0	0.0	0.0
75	1	1	0	0.0	0.236860546601	0.0	0.0	0.0	0.139807576669	0.140525838622	0.0	0.0	0.0	0.276667998402	0.196039006736	0.0	0.185478217326	0.0	0.143624569228	0.138203957382	0.0	0.0	0.167467948718
76	1	1	0	0.0	0.238536682616	0.0	0.0	0.0	0.142601787488	0.149044713414	0.0	0.0	0.0	0.273120818575	0.199684137795	0.0	0.19705229154	0.0	0.150589175155	0.135165056361	0.0	0.0	0.162354134957
77	1	1	0	0.11163775716	0.0	0.17256281407	0.26518117033	0.148931861901	0.0	0.0	0.0	0.0	0.0	0.0	0.0	0.0	0.161202461414	0.32105834732	0.0	0.115982463133	0.0	0.195479115479	0.0
78	1	1	0	0.143407707911	0.25913253497	0.0	0.0	0.0	0.0	0.15331255655	0.0	0.0	0.0	0.0	0.0	0.173530587765	0.0	0.0	0.149776230731	0.0	0.0	0.188758641419	0.182433778132
79	1	1	0	0.0	0.0	0.0	0.152742954568	0.152028710996	0.0	0.0	0.0	0.0	0.0	0.0	0.0	0.0	0.0	0.304922560915	0.0	0.0	0.0	0.189507281069	0.0
80	1	1	0	0.146445591739	0.264755987574	0.0	0.0	0.0	0.0	0.154839992049	0.0	0.0	0.0	0.0	0.0	0.178121479054	0.0	0.0	0.151863041289	0.0	0.0	0.195963412209	0.181194511703
81	1	1	0	0.134224111752	0.0	0.0	0.0	0.0	0.133068125311	0.0	0.133366434955	0.298057669203	0.303402174998	0.0	0.0	0.158531665994	0.0	0.0	0.0	0.0	0.167240680713	0.0	0.153954376445
82	1	1	0	0.0	0.0	0.0	0.150900228787	0.146118721461	0.0	0.0	0.0	0.0	0.0	0.0	0.0	0.0	0.0	0.313510798594	0.0	0.0	0.0	0.193059433586	0.0
83	1	1	0	0.106972111554	0.0	0.170414201183	0.0888776541962	0.0815364557216	0.089577863058	0.0880306544318	0.116084750821	0.193454763811	0.197719771977	0.22935964559	0.127751532817	0.0	0.158455660567	0.183675503289	0.0973782771536	0.115062972292	0.0	0.114167256548	0.0
84	1	1	0	0.0	0.0	0.0	0.156552678395	0.144252590035	0.0	0.0	0.0	0.0	0.0	0.0	0.0	0.0	0.0	0.316144387148	0.0	0.0	0.0	0.198642934408	0.0
85	1	1	0	0.0	0.0	0.15963914493	0.0	0.0	0.0	0.105728643216	0.10499001996	0.0	0.0	0.0	0.0	0.0	0.0	0.0	0.109256449165	0.0	0.0	0.0	0.0
86	1	1	0	0.0	0.246284289277	0.0	0.0	0.0	0.145370925815	0.138241308793	0.0	0.0	0.0	0.283128896039	0.19355806742	0.0	0.181526748147	0.0	0.144606121425	0.1413476874	0.0	0.0	0.16430020284
87	1	1	0	0.144232678181	0.259104477612	0.0	0.0	0.0	0.0	0.158778476041	0.0	0.0	0.0	0.0	0.0	0.176690589306	0.0	0.0	0.157722122838	0.0	0.0	0.203898050975	0.174524070567
88	1	1	0	0.0	0.0	0.0	0.144402871878	0.14341123819	0.0	0.0	0.0	0.0	0.0	0.0	0.0	0.0	0.0	0.323394495413	0.0	0.0	0.0	0.189270343309	0.0
89	1	1	0	0.113295245473	0.0	0.168202764977	0.267377527412	0.143972332016	0.0	0.0	0.0	0.0	0.0	0.0	0.0	0.0	0.154224856827	0.30658395037	0.0	0.116750250752	0.0	0.200141944642	0.0
90	1	1	0	0.112577563282	0.0	0.172722697534	0.267587311118	0.153410240842	0.0	0.0	0.0	0.0	0.0	0.0	0.0	0.0	0.155530543334	0.311135371179	0.0	0.111491245723	0.0	0.195645660641	0.0
91	1	1	0	0.131805718762	0.0	0.0	0.0	0.0	0.133690360273	0.0	0.138678869877	0.298963986186	0.3000999001	0.0	0.0	0.163144717076	0.0	0.0	0.0	0.0	0.165965123271	0.0	0.153139662574
92	1	1	0	0.113939035218	0.0	0.178831026586	0.0837433477257	0.0817215189873	0.0914646363454	0.0907975460123	0.116446578631	0.200315302	0.201041771011	0.221543874172	0.116969995081	0.0	0.154476418865	0.182677799014	0.0949196526599	0.115598182736	0.0	0.112782703995	0.0
93	1	1	0	0.0	0.245096056623	0.0	0.0	0.0	0.138651283071	0.150890813178	0.0	0.0	0.0	0.273908730159	0.192269076305	0.0	0.184533227848	0.0	0.147287584917	0.136731871172	0.0	0.0	0.163489662128
94	1	1	0	0.113004484305	0.0	0.173805274638	0.086529794692	0.0851963746224	0.0919808923671	0.0938990965384	0.114786570268	0.194606560676	0.201023823587	0.230330448466	0.120517928287	0.0	0.149171821992	0.180191050779	0.0907733651836	0.118218218218	0.0	0.106986899563	0.0
95	1	1	0	0.145802061443	0.262113659023	0.0	0.0	0.0	0.0	0.156614495065	0.0	0.0	0.0	0.0	0.0	0.179830127892	0.0	0.0	0.154034479241	0.0	0.0	0.189997971191	0.178582171864
96	1	1	0	0.100273196398	0.0	0.175482203221	0.267611255238	0.143314011593	0.0	0.0	0.0	0.0	0.0	0.0	0.0	0.0	0.153258605297	0.309935639582	0.0	0.114554178329	0.0	0.183876365784	0.0
97	1	1	0	0.0	0.23984063745	0.0	0.0	0.0	0.142717210305	0.145856133718	0.0	0.0	0.0	0.280769998005	0.190718055971	0.0	0.195347900514	0.0	0.147082658023	0.141830000985	0.0	0.0	0.163426064413
98	1	1	0	0.146368268558	0.256693711968	0.0	0.0	0.0	0.0	0.153274407393	0.0	0.0	0.0	0.0	0.0	0.173301166064	0.0	0.0	0.164800488599	0.0	0.0	0.199252676227	0.178879743023
99	1	1	0	0.145822936421	0.25789680204	0.0	0.0	0.0	0.0	0.156216056088	0.0	0.0	0.0	0.0	0.0	0.176188094047	0.0	0.0	0.152336637669	0.0	0.0	0.201384708007	0.171573090541
100	1	1	0	0.227928105866	0.245803008248	0.337254901961	0.360907539404	0.358273950911	0.366400157931	0.235424205871	0.254291100308	0.196501749125	0.198945588382	0.501561083694	0.502724660656	0.0	0.495573440644	0.495916560071	0.242529534399	0.50840251063	0.161825309076	0.298551016301	0.169956573233
