Chromosome	Position	Change	Gene	sample0	sample1	sample2	sample3	sample4	sample5	sample6	sample7	sample8	sample9
1	0	A>C	1	1009	966	953	1001	1013	1017	986	997	1036	1038
1	1	T>A	1	988	988	1033	1045	1038	971	1025	1045	1064	1026
1	2	T>A	1	973	987	1026	962	968	928	964	1028	1014	1023
1	3	C>T	1	1034	1017	1011	1030	1040	1019	1033	1006	994	989
1	4	T>C	1	1039	999	961	978	1004	999	1014	1002	1074	981
1	5	T>G	1	1001	992	987	990	1007	994	992	1006	973	963
1	6	C>T	1	1011	942	966	1009	998	975	982	1022	919	1003
1	7	C>A	1	959	1024	1017	1001	1071	998	993	971	1040	1012
1	8	A>T	1	1008	955	1010	1019	986	996	1029	1028	1076	1014
1	9	G>T	1	1042	1003	1003	984	1057	1002	997	983	986	981
1	10	G>A	1	1021	980	975	1028	959	1051	1021	1009	999	1010
1	11	G>C	1	940	1010	959	1020	1016	983	1020	997	978	986
1	12	C>A	1	1031	977	956	1096	987	1071	955	969	977	970
1	13	G>T	1	1017	1046	1007	982	963	989	964	1020	995	1046
1	14	T>G	1	966	1067	1007	1051	1051	980	1024	939	1014	1044
1	15	G>A	1	1025	989	947	988	952	983	968	1021	1018	980
1	16	A>C	1	977	1017	974	973	1019	995	1054	1001	992	998
1	17	T>A	1	962	972	1038	1025	962	953	1010	1030	996	999
1	18	G>T	1	1033	1005	1026	951	1019	1043	995	999	1089	988
1	19	A>C	1	983	986	1025	990	985	970	1013	960	1015	959
1	20	C>G	1	905	1026	969	1021	1035	990	1069	1010	947	1088
1	21	C>G	1	965	1049	1011	1081	984	1024	1046	1032	992	999
1	22	A>C	1	1026	1017	1022	1026	912	1002	944	983	1025	994
1	23	T>A	1	995	998	1007	979	1042	1017	1003	995	1033	990
1	24	A>G	1	981	981	1041	1037	1020	940	1027	1001	944	1015
1	25	C>G	1	1013	1001	999	968	1009	999	990	1009	994	962
1	26	G>A	1	930	1001	1001	964	1034	1023	1008	1053	983	1010
1	27	T>A	1	1013	1113	942	1032	975	1048	946	1042	971	967
1	28	A>T	1	1024	966	1001	967	1025	1067	1041	964	1045	986
1	29	A>C	1	994	962	938	961	1030	1021	1020	987	976	1012
1	30	G>T	1	1032	990	977	982	970	993	991	974	1013	950
1	31	T>C	1	1043	1039	962	1010	1005	967	994	1006	1021	1025
1	32	A>G	1	981	1022	992	1038	945	1037	979	1051	996	966
1	33	T>A	1	958	947	1031	988	985	986	994	1012	1003	984
1	34	G>T	1	1044	1046	1011	978	1018	1019	979	1046	988	1041
1	35	T>A	1	1010	968	958	1003	987	979	947	946	980	1011
1	36	T>G	1	1026	954	1029	953	1024	1001	991	1007	990	1006
1	37	A>G	1	1019	1046	1041	956	982	988	934	1009	954	1030
1	38	C>T	1	1008	950	973	935	954	1012	948	1033	1014	1033
1	39	C>G	1	1016	1038	944	998	969	1050	1095	989	1049	1017
1	40	C>A	1	1030	991	987	1021	998	1002	1013	1036	955	1040
1	41	A>G	1	1005	976	1021	975	1064	1000	1003	972	1089	977
1	42	A>T	1	965	1003	1006	976	1033	1042	1058	1009	990	947
1	43	C>G	1	967	1008	1022	966	1042	966	1025	1056	1002	985
1	44	A>C	1	1042	1004	998	949	1005	1009	1017	1012	960	980
1	45	G>A	1	971	977	1028	1004	970	1062	1028	1003	998	978
1	46	T>C	1	974	979	976	1010	1000	1001	949	1015	994	980
1	47	T>A	1	984	978	957	1057	1009	1037	1035	919	1046	1011
1	48	T>A	1	941	1009	983	1022	1051	993	1086	951	1003	1020
1	49	C>A	1	975	1019	979	996	993	995	1001	1061	1010	1030
1	50	C>T	1	971	1029	970	998	1039	1011	969	1014	995	1016
1	51	C>A	1	1067	960	991	964	1035	971	976	992	999	1021
1	52	C>G	1	979	962	995	972	1033	1007	1026	1007	990	1013
1	53	T>A	1	989	959	991	1017	1003	1034	1018	1011	973	955
1	54	G>T	1	1033	1015	1008	960	977	972	1033	960	1045	939
1	55	A>T	1	1031	992	973	950	973	999	984	981	962	948
1	56	A>T	1	1007	969	974	1058	948	1026	981	1024	946	1040
1	57	C>T	1	1009	1019	966	938	970	993	975	1006	964	1014
1	58	C>T	1	991	969	1010	1038	1003	1042	1028	967	1046	963
1	59	C>G	1	980	1017	979	1001	953	980	949	967	970	1038
1	60	C>G	1	994	1003	1021	950	1032	994	1007	1023	977	982
1	61	C>A	1	981	996	1016	948	1037	983	1034	999	1012	976
1	62	A>G	1	1056	991	989	953	960	1001	1016	980	969	1003
1	63	A>G	1	985	1058	1011	996	1024	984	943	1076	1086	985
1	64	A>G	1	1008	977	1059	1038	985	953	934	993	983	1034
1	65	T>A	1	984	1091	1010	1045	980	1058	985	1086	1033	997
1	66	G>C	1	924	1023	1051	989	976	1024	1005	980	976	1046
1	67	C>G	1	967	1032	1016	1022	1019	1032	965	979	1005	988
1	68	T>G	1	981	979	1013	979	989	1017	977	1033	1003	1022
1	69	C>T	1	982	1011	990	1012	935	1015	973	989	1014	1035
1	70	A>C	1	985	1053	999	992	1008	999	966	988	978	1001
1	71	A>C	1	1036	989	1054	938	985	1040	997	1054	1020	1035
1	72	A>T	1	1045	949	1004	998	976	1008	1053	1010	969	1003
1	73	G>A	1	994	989	1030	974	963	1033	999	1011	989	1026
1	74	C>A	1	946	981	957	969	987	1023	1028	983	971	1049
1	75	C>T	1	1019	973	1045	988	1024	1038	999	1010	994	1025
1	76	C>G	1	1031	1056	956	903	952	967	985	1000	998	934
1	77	T>G	1	1023	984	935	1001	1033	1015	1050	968	1096	934
1	78	G>A	1	1031	1010	1009	1005	985	1066	968	1048	953	1002
1	79	G>T	1	1030	968	947	972	1012	1014	982	1004	1000	996
1	80	C>G	1	1001	1013	959	1029	1029	1007	962	995	1021	1057
1	81	C>G	1	968	1011	1024	984	1003	1004	1000	1021	1006	975
1	82	T>A	1	992	995	958	981	1041	1058	975	1029	925	998
1	83	T>G	1	1034	1050	977	1072	949	984	998	1051	1020	983
1	84	A>G	1	1011	1015	1011	1001	951	1005	998	998	1071	994
1	85	C>T	1	1027	985	1051	1028	964	972	988	969	966	1022
1	86	A>T	1	980	1027	969	991	1053	963	1005	1017	1023	985
1	87	A>C	1	973	1058	988	975	990	1019	1020	1029	1027	1071
1	88	C>G	1	970	1041	982	977	1011	1036	981	991	960	995
1	89	G>T	1	1050	1003	988	974	1021	963	1004	1021	1038	979
1	90	A>G	1	978	999	1015	1012	995	1054	1000	972	1005	1007
1	91	A>C	1	1038	933	1022	992	1047	1020	1080	1044	995	991
1	92	C>G	1	1007	1026	1043	986	974	998	1021	1033	952	1020
1	93	G>T	1	1014	946	979	1003	1023	938	988	1027	1050	973
1	94	C>G	1	1049	987	962	988	966	1061	920	962	1029	1034
1	95	C>T	1	1022	1013	992	1011	1008	1041	1004	986	975	1008
1	96	T>C	1	1034	999	1001	955	990	1014	997	1013	1017	952
1	97	C>G	1	1023	1029	955	948	986	972	1033	993	1015	989
1	98	C>T	1	993	1005	1038	999	983	975	959	992	995	990
1	99	C>G	1	1025	986	1016	1001	1035	983	1028	947	1040	1021
