#chr	normal	sample0	sample1	sample2	sample3	sample4
0	0	0.137405350833	0.129640659122	0.165808860632	0.24789410349	0.0
1	0	0.0	0.0	0.0	0.0	0.0
2	0	0.112840076298	0.2545382794	0.129792644757	0.243724776061	0.0
3	0	0.121746933892	0.250918114144	0.133837619768	0.254188559532	0.0
4	0	0.112935126582	0.109557802895	0.0	0.0	0.0
5	0	0.0	0.0	0.0	0.0	0.0
6	0	0.115870018881	0.106361729751	0.0	0.0	0.0
7	0	0.500150015002	0.245837902502	0.166816681668	0.247000495786	0.214685383332
8	0	0.0	0.0	0.0	0.0	0.0
9	0	0.11683030844	0.110792079208	0.0	0.0	0.0
10	0	0.120983177194	0.260370961308	0.134638080252	0.249099639856	0.0
11	0	0.141738606705	0.127848356523	0.163694973305	0.243280907824	0.0
12	0	0.0	0.0	0.0	0.0	0.0
13	0	0.0	0.0	0.0	0.0	0.0
14	0	0.0	0.0	0.0	0.0	0.0
15	0	0.0	0.0	0.0	0.0	0.0
16	0	0.378238341969	0.243805748266	0.165004533092	0.503565330923	0.206260592164
17	0	0.0	0.0	0.0	0.254120467486	0.0
18	0	0.114002227397	0.10611419909	0.0	0.0	0.0
19	0	0.0	0.0	0.0	0.25825165033	0.0
20	0	0.381483325037	0.244879697753	0.162696810658	0.2395173454	0.205735411671
21	0	0.49970125473	0.237344649894	0.163989688677	0.245234567901	0.207470119522
22	0	0.500793650794	0.245712566443	0.159018036072	0.246955821677	0.207175341081
23	0	0.0	0.0	0.0	0.248003194888	0.0
24	0	0.113166268894	0.10979020979	0.0	0.0	0.0
25	0	0.0	0.0	0.0	0.0	0.0
26	0	0.11707755265	0.113853341458	0.0	0.0	0.0
27	0	0.119823356232	0.103728202044	0.0	0.0	0.0
28	0	0.500845855309	0.241243565156	0.157777327114	0.239197994987	0.206592956593
29	0	0.500149001689	0.246202720143	0.164158415842	0.247121873759	0.211199516568
30	0	0.496489468405	0.240526367864	0.159863604453	0.246130803794	0.212768099889
31	0	0.0	0.0	0.0	0.255841584158	0.0
32	0	0.0	0.0	0.0	0.0	0.0
33	0	0.0	0.0	0.0	0.259957860941	0.0
34	0	0.120096317849	0.253056356227	0.135084054511	0.250445103858	0.0
35	0	0.122943373372	0.245851137832	0.130155276432	0.260218941448	0.0
36	0	0.121314404845	0.249600159936	0.133730920853	0.248175902189	0.0
37	0	0.112240789209	0.11096963761	0.0	0.0	0.0
38	0	0.0	0.0	0.0	0.249169435216	0.0
39	0	0.500798243864	0.238462308539	0.162037037037	0.247015982197	0.210510297251
40	0	0.493197621687	0.246809803524	0.16455063481	0.251268278126	0.214235447874
41	0	0.111223560368	0.107305484063	0.0	0.0	0.0
42	0	0.112466527819	0.110544217687	0.0	0.0	0.0
43	0	0.0	0.0	0.0	0.254634243572	0.0
44	0	0.116048144433	0.106346826587	0.0	0.0	0.0
45	0	0.117529482311	0.25509089103	0.132686404595	0.251848890666	0.0
46	0	0.11746413883	0.256132972865	0.13986013986	0.24902646031	0.0
47	0	0.113873947021	0.103005573248	0.0	0.0	0.0
48	0	0.502198680792	0.252785092161	0.160064509626	0.241783338298	0.211005420886
49	0	0.0	0.0	0.0	0.2565325385	0.0
50	0	0.495484767292	0.244711490714	0.167297351125	0.239963960356	0.215762661073
51	0	0.0	0.0	0.0	0.0	0.0
52	0	0.120747778118	0.256326287586	0.133415308946	0.254671488849	0.0
53	0	0.12244696596	0.256711738193	0.136713215948	0.25614858659	0.0
54	0	0.0	0.0	0.204579692679	0.0	0.286079685194
55	0	0.116754814889	0.2543903165	0.136809447558	0.256793615517	0.0
56	0	0.112764682381	0.10757773976	0.0	0.0	0.0
57	0	0.143334007688	0.133027979687	0.154313003681	0.23968762515	0.0
58	0	0.11396039604	0.107001190004	0.0	0.0	0.0
59	0	0.114300100705	0.109645590012	0.0	0.0	0.0
60	0	0.49643323621	0.241255246852	0.164110275689	0.24423134552	0.204322395162
61	0	0.115376884422	0.107767669699	0.0	0.0	0.0
62	0	0.49442042827	0.391953211657	0.155965120888	0.49733695106	0.205182496471
63	0	0.112111616861	0.112793941809	0.0	0.0	0.0
64	0	0.121130417416	0.250025295963	0.131329433125	0.252899287894	0.0
65	0	0.116848658026	0.253640776699	0.140049140049	0.259668508287	0.0
66	0	0.381392045455	0.24520615996	0.162446830059	0.500494951495	0.216668326197
67	0	0.114212193191	0.111334405145	0.0	0.0	0.0
68	0	0.113381410256	0.112450199203	0.0	0.0	0.0
69	0	0.0	0.0	0.0	0.0	0.0
70	0	0.508749508455	0.244070161451	0.166209866875	0.249076938429	0.21283509342
71	0	0.1174	0.113251078343	0.0	0.0	0.0
72	0	0.133286389699	0.142412060302	0.17132367938	0.245450024863	0.0
73	0	0.116783216783	0.260273972603	0.132236380054	0.251037974684	0.0
74	0	0.0	0.0	0.0	0.255495897072	0.0
75	0	0.116990818442	0.110470892112	0.0	0.0	0.0
76	0	0.116032248189	0.260583723478	0.124524904981	0.253125312531	0.0
77	0	0.112247968703	0.107524732687	0.0	0.0	0.0
78	0	0.116066035837	0.108656537385	0.0	0.0	0.0
79	0	0.494229061853	0.245452767456	0.166953528399	0.241358337557	0.209268942889
80	0	0.0	0.0	0.0	0.0	0.0
81	0	0.501507537688	0.240067540723	0.162113116242	0.239465875371	0.202472162632
82	0	0.111648528819	0.109379623237	0.0	0.0	0.0
83	0	0.135418728965	0.1388247112	0.159507985319	0.250846107904	0.0
84	0	0.121038333836	0.10994712162	0.0	0.0	0.0
85	0	0.493955440104	0.232197230135	0.163374689826	0.249133920618	0.214558232932
86	0	0.114208090159	0.106623910211	0.0	0.0	0.0
87	0	0.497301079568	0.238317283325	0.160717886671	0.245349777598	0.21235015614
88	0	0.496306648034	0.245243757432	0.162555154432	0.252315045305	0.212936405895
89	0	0.11617882919	0.259574468085	0.132977114628	0.255747691098	0.0
90	0	0.379557680813	0.239292929293	0.163193395752	0.24824212779	0.209749190939
91	0	0.114257327372	0.105523658681	0.0	0.0	0.0
92	0	0.0	0.0	0.0	0.0	0.0
93	0	0.116050866126	0.107541899441	0.0	0.0	0.0
94	0	0.109598569157	0.112103073958	0.0	0.0	0.0
95	0	0.0	0.0	0.0	0.0	0.0
96	0	0.11437037037	0.111267605634	0.0	0.0	0.0
97	0	0.115897638573	0.111621405751	0.0	0.0	0.0
98	0	0.11564420268	0.108762835211	0.0	0.0	0.0
99	0	0.133721513904	0.133845693183	0.15912043978	0.242885973764	0.0
