Chromosome	Position	Change	Gene	sample0	sample1	sample2	sample3	sample4
1	0	G>A	1	95	92	97	76	81
1	1	T>A	1	106	105	89	99	114
1	2	T>A	1	90	109	116	101	96
1	3	T>A	1	98	120	94	111	111
1	4	A>G	1	80	105	103	107	93
1	5	T>G	1	98	119	100	98	82
1	6	A>C	1	103	96	94	87	106
1	7	C>A	1	88	109	98	118	93
1	8	C>G	1	87	91	107	88	97
1	9	C>T	1	96	73	110	92	97
1	10	C>G	1	101	97	114	97	98
1	11	G>C	1	86	105	115	100	100
1	12	A>C	1	88	116	110	98	102
1	13	T>A	1	113	106	113	90	122
1	14	G>A	1	84	84	80	104	103
1	15	C>G	1	93	110	111	92	78
1	16	G>T	1	101	99	89	92	113
1	17	T>C	1	106	85	117	90	111
1	18	T>A	1	92	115	79	89	97
1	19	A>T	1	98	105	94	97	90
1	20	T>G	1	100	103	115	108	110
1	21	T>C	1	104	120	110	105	100
1	22	A>T	1	102	112	98	101	100
1	23	C>T	1	101	93	82	101	94
1	24	G>C	1	93	88	102	113	121
1	25	T>G	1	114	103	90	103	102
1	26	T>C	1	106	114	103	89	90
1	27	C>T	1	104	104	95	106	94
1	28	A>T	1	116	95	92	97	94
1	29	C>T	1	117	100	88	97	98
1	30	G>C	1	89	93	95	95	103
1	31	T>A	1	102	95	100	98	95
1	32	G>C	1	100	106	96	110	101
1	33	T>C	1	97	90	102	94	87
1	34	G>A	1	96	116	106	96	75
1	35	G>T	1	94	83	90	110	96
1	36	C>A	1	99	102	101	105	105
1	37	T>A	1	100	91	89	100	88
1	38	T>C	1	94	85	111	92	105
1	39	G>T	1	110	96	98	100	93
1	40	A>G	1	113	119	101	81	100
1	41	G>T	1	100	106	90	88	103
1	42	T>A	1	92	120	110	111	84
1	43	C>G	1	100	110	104	106	104
1	44	T>G	1	111	79	83	79	110
1	45	G>T	1	113	102	94	79	124
1	46	A>G	1	107	95	90	106	123
1	47	A>G	1	96	113	96	109	98
1	48	A>G	1	93	96	90	101	123
1	49	C>A	1	107	95	87	88	86
1	50	A>C	1	118	103	106	110	103
1	51	A>C	1	100	99	116	105	103
1	52	C>G	1	112	100	98	105	82
1	53	A>T	1	81	94	80	106	116
1	54	T>G	1	95	87	84	114	85
1	55	T>A	1	106	95	99	112	89
1	56	A>G	1	123	92	88	87	111
1	57	T>G	1	104	108	100	111	94
1	58	A>C	1	108	100	96	123	84
1	59	G>A	1	91	114	107	109	97
1	60	T>C	1	103	96	68	94	109
1	61	G>T	1	97	106	104	97	85
1	62	C>G	1	97	113	96	110	98
1	63	C>A	1	96	93	104	101	92
1	64	G>T	1	109	83	97	81	97
1	65	G>T	1	104	107	90	106	94
1	66	G>T	1	121	109	105	110	125
1	67	A>G	1	101	106	103	111	76
1	68	G>A	1	95	88	111	97	102
1	69	T>G	1	108	97	93	82	91
1	70	A>G	1	98	95	107	82	91
1	71	A>C	1	111	96	97	103	111
1	72	G>T	1	117	106	94	95	84
1	73	A>G	1	86	93	98	102	98
1	74	C>T	1	105	91	111	110	109
1	75	C>G	1	89	96	104	85	114
1	76	C>T	1	96	91	114	101	99
1	77	G>C	1	111	82	103	102	108
1	78	G>C	1	99	97	103	87	101
1	79	T>A	1	111	95	100	95	96
1	80	C>T	1	106	92	96	95	105
1	81	G>A	1	96	101	110	101	105
1	82	T>C	1	102	87	118	100	99
1	83	C>A	1	101	104	107	97	113
1	84	T>G	1	102	97	99	72	96
1	85	C>G	1	98	96	87	118	107
1	86	A>C	1	89	89	108	99	95
1	87	C>T	1	105	99	95	98	107
1	88	G>A	1	95	106	89	109	92
1	89	A>T	1	99	91	113	102	110
1	90	C>A	1	95	85	105	100	90
1	91	A>T	1	86	114	114	104	111
1	92	C>G	1	112	100	113	106	93
1	93	T>A	1	89	104	94	103	95
1	94	C>T	1	98	92	89	103	106
1	95	C>T	1	108	109	109	107	94
1	96	C>A	1	95	117	106	88	87
1	97	C>T	1	88	110	115	95	105
1	98	G>A	1	99	111	107	109	106
1	99	T>C	1	87	90	103	79	93
1	100	C>A	1	94	91	109	105	93
1	101	A>G	1	98	111	113	102	81
1	102	A>C	1	90	93	94	96	89
1	103	C>T	1	106	91	108	99	99
1	104	C>T	1	84	89	108	113	93
1	105	T>C	1	106	90	96	95	105
1	106	T>C	1	110	83	112	103	116
1	107	A>C	1	108	117	106	88	97
1	108	C>G	1	100	105	97	101	102
1	109	G>A	1	105	94	112	95	110
1	110	C>T	1	111	123	100	93	85
1	111	T>G	1	93	90	115	95	113
1	112	G>T	1	90	90	110	102	118
1	113	T>A	1	94	102	104	88	93
1	114	C>T	1	92	93	105	116	100
1	115	C>A	1	107	96	106	98	98
1	116	C>A	1	94	93	88	83	87
1	117	C>G	1	104	96	119	116	94
1	118	C>A	1	90	99	114	97	115
1	119	A>T	1	97	86	90	108	97
1	120	C>G	1	102	96	121	108	103
1	121	T>G	1	108	101	89	88	98
1	122	T>C	1	108	113	91	97	85
1	123	A>C	1	85	93	98	96	97
1	124	G>C	1	93	108	99	100	94
1	125	A>T	1	96	99	100	119	102
1	126	C>G	1	114	111	89	104	109
1	127	T>G	1	114	102	107	90	102
1	128	T>C	1	102	89	95	95	113
1	129	T>G	1	86	116	98	93	106
1	130	G>C	1	97	108	107	100	108
1	131	T>G	1	81	99	111	111	102
1	132	T>G	1	95	106	85	101	99
1	133	T>G	1	105	101	119	98	92
1	134	C>T	1	109	87	86	117	117
1	135	G>C	1	103	83	101	85	90
1	136	G>C	1	91	96	112	116	89
1	137	A>C	1	113	115	102	99	99
1	138	C>T	1	73	115	114	97	95
1	139	C>G	1	89	106	99	102	85
1	140	T>C	1	111	92	93	107	119
1	141	A>C	1	111	88	108	110	94
1	142	A>C	1	104	103	96	92	91
1	143	G>C	1	101	91	114	114	91
1	144	A>G	1	89	99	95	99	117
1	145	C>T	1	98	106	107	93	99
1	146	A>G	1	111	101	106	94	120
1	147	T>A	1	111	116	113	91	93
1	148	T>C	1	83	104	105	102	100
1	149	C>T	1	99	101	88	101	91
1	150	C>G	1	108	95	97	105	103
1	151	T>C	1	99	111	97	97	94
1	152	A>G	1	89	87	103	103	91
1	153	G>C	1	108	104	91	101	93
1	154	T>C	1	109	92	111	102	89
1	155	T>G	1	97	94	101	104	101
1	156	T>C	1	107	104	95	107	115
1	157	A>C	1	88	85	98	87	93
1	158	G>T	1	102	106	92	108	83
1	159	A>G	1	88	99	120	127	110
1	160	T>C	1	89	107	89	96	103
1	161	C>G	1	97	103	110	89	89
1	162	C>A	1	98	83	99	93	110
1	163	A>C	1	86	95	104	109	102
1	164	C>T	1	92	106	101	106	115
1	165	G>A	1	111	106	93	99	95
1	166	A>G	1	93	102	104	100	89
1	167	C>T	1	97	103	112	87	99
1	168	T>G	1	89	111	94	97	94
1	169	A>T	1	97	81	108	103	103
1	170	C>G	1	96	96	114	83	87
1	171	C>A	1	95	110	104	91	113
1	172	G>A	1	95	116	101	112	118
1	173	T>C	1	101	104	97	116	113
1	174	G>C	1	96	105	103	96	92
1	175	C>T	1	87	92	105	102	92
1	176	T>G	1	95	83	113	103	108
1	177	G>C	1	90	105	96	108	93
1	178	A>C	1	108	96	89	93	90
1	179	C>T	1	95	100	86	98	100
1	180	A>C	1	98	120	97	97	107
1	181	G>A	1	95	100	70	81	100
1	182	G>C	1	93	101	93	104	101
1	183	A>G	1	95	97	103	97	113
1	184	C>G	1	85	117	95	120	102
1	185	G>C	1	106	101	105	98	102
1	186	T>A	1	110	101	102	106	98
1	187	C>A	1	107	121	89	108	111
1	188	C>T	1	116	112	107	87	79
1	189	C>T	1	97	98	88	91	83
1	190	T>A	1	84	93	97	110	106
1	191	C>A	1	102	103	109	96	100
1	192	A>C	1	111	94	113	115	103
1	193	A>C	1	93	89	96	99	112
1	194	G>A	1	108	90	94	96	96
1	195	C>A	1	86	95	101	112	97
1	196	T>A	1	98	84	100	103	98
1	197	C>G	1	105	92	102	98	103
1	198	T>G	1	103	93	91	102	74
1	199	G>A	1	86	97	94	99	96
