Chromosome	Position	Change	Gene	sample0	sample1	sample2	sample3	sample4
1	0	G>T	1	124	95	105	83	103
1	1	A>G	1	100	116	95	110	109
1	2	T>A	1	102	105	97	106	97
1	3	A>C	1	124	104	106	87	116
1	4	T>A	1	100	83	94	107	100
1	5	T>G	1	112	108	80	99	80
1	6	T>C	1	85	94	108	85	103
1	7	T>G	1	91	125	89	97	106
1	8	C>G	1	90	100	105	99	100
1	9	A>G	1	93	94	96	104	101
1	10	C>T	1	93	112	101	98	99
1	11	T>C	1	93	110	87	84	92
1	12	T>A	1	96	88	109	104	96
1	13	G>A	1	104	97	83	109	94
1	14	T>A	1	93	106	120	99	103
1	15	G>T	1	93	103	106	93	87
1	16	T>G	1	93	96	98	120	95
1	17	C>G	1	79	109	76	105	114
1	18	T>A	1	118	116	109	86	104
1	19	C>G	1	88	95	97	94	97
1	20	C>A	1	98	108	89	90	90
1	21	T>G	1	126	112	105	112	98
1	22	C>A	1	94	90	101	94	120
1	23	A>G	1	97	114	98	86	99
1	24	A>C	1	111	97	86	90	112
1	25	A>T	1	99	100	87	103	97
1	26	A>T	1	96	108	104	103	97
1	27	A>C	1	103	108	105	92	96
1	28	G>A	1	113	94	108	109	114
1	29	A>C	1	92	105	97	96	95
1	30	G>C	1	86	94	84	118	91
1	31	C>G	1	107	90	93	116	91
1	32	G>A	1	86	102	104	93	93
1	33	G>C	1	104	104	109	99	98
1	34	G>T	1	99	104	98	111	96
1	35	C>T	1	121	115	100	108	92
1	36	C>A	1	102	92	87	91	103
1	37	A>C	1	99	106	99	95	101
1	38	A>C	1	103	99	99	98	85
1	39	A>C	1	113	86	89	93	97
1	40	G>A	1	97	94	91	96	107
1	41	A>G	1	114	82	85	116	84
1	42	G>C	1	88	93	100	97	87
1	43	T>G	1	99	91	109	88	91
1	44	T>A	1	95	87	117	100	108
1	45	T>A	1	88	97	94	93	88
1	46	C>A	1	109	105	99	97	112
1	47	A>C	1	106	109	85	115	96
1	48	G>T	1	95	108	118	98	95
1	49	G>C	1	98	102	120	101	125
1	50	T>C	1	89	74	109	114	105
1	51	T>A	1	85	102	108	96	107
1	52	T>C	1	85	99	109	109	121
1	53	G>C	1	91	97	125	94	108
1	54	T>C	1	127	103	107	114	98
1	55	A>G	1	103	95	95	104	115
1	56	A>C	1	103	105	106	103	123
1	57	A>G	1	109	86	108	104	95
1	58	G>T	1	90	88	95	100	103
1	59	C>A	1	93	93	109	103	95
1	60	T>A	1	96	88	102	110	107
1	61	A>T	1	97	105	99	113	100
1	62	T>C	1	102	101	95	89	90
1	63	T>A	1	107	121	122	102	112
1	64	C>G	1	93	119	93	86	115
1	65	T>A	1	86	104	100	94	113
1	66	A>C	1	99	101	89	113	90
1	67	C>T	1	96	86	104	102	81
1	68	A>T	1	96	103	100	109	96
1	69	C>A	1	87	119	107	95	113
1	70	C>A	1	97	95	95	115	85
1	71	T>A	1	107	101	95	77	105
1	72	C>G	1	105	105	92	100	119
1	73	C>T	1	89	145	84	130	102
1	74	C>A	1	111	100	99	102	116
1	75	A>T	1	89	99	96	97	87
1	76	C>T	1	99	97	110	104	96
1	77	T>C	1	99	83	106	91	95
1	78	G>C	1	113	86	115	106	112
1	79	G>T	1	91	110	91	119	83
1	80	C>A	1	107	107	97	124	109
1	81	G>A	1	82	87	104	83	99
1	82	C>A	1	104	92	100	114	98
1	83	T>G	1	96	95	103	96	98
1	84	G>A	1	107	89	95	96	102
1	85	G>C	1	93	91	109	96	85
1	86	G>C	1	109	94	80	94	100
1	87	A>T	1	99	100	100	96	107
1	88	A>G	1	94	84	89	99	97
1	89	A>G	1	104	100	106	125	103
1	90	A>C	1	93	104	104	88	106
1	91	G>T	1	94	106	107	87	98
1	92	A>T	1	85	108	93	97	106
1	93	T>C	1	97	97	103	104	89
1	94	T>G	1	88	91	116	118	117
1	95	A>C	1	87	98	116	102	98
1	96	C>T	1	102	117	99	95	90
1	97	G>T	1	113	91	101	104	104
1	98	C>A	1	98	96	102	117	102
1	99	A>C	1	97	107	101	94	108
1	100	T>G	1	96	92	105	94	104
1	101	A>G	1	97	105	95	132	102
1	102	C>A	1	92	94	82	120	126
1	103	A>C	1	111	99	120	95	116
1	104	G>T	1	109	103	87	83	105
1	105	T>C	1	97	97	98	87	103
1	106	T>G	1	101	126	91	95	99
1	107	G>A	1	106	111	102	109	105
1	108	T>A	1	112	102	100	94	102
1	109	T>G	1	97	94	104	101	92
1	110	G>A	1	88	104	106	104	89
1	111	C>A	1	117	79	84	108	101
1	112	T>G	1	95	92	110	100	101
1	113	A>T	1	91	101	103	110	89
1	114	A>G	1	90	97	92	96	96
1	115	G>C	1	107	93	108	127	89
1	116	G>A	1	92	86	93	111	94
1	117	T>A	1	92	100	103	84	89
1	118	G>C	1	115	103	92	100	105
1	119	T>G	1	115	120	105	108	108
1	120	T>A	1	104	96	109	119	90
1	121	G>T	1	112	84	114	95	104
1	122	T>C	1	83	85	98	106	98
1	123	T>C	1	92	92	96	85	112
1	124	G>T	1	91	108	109	101	101
1	125	G>C	1	93	102	113	98	90
1	126	G>T	1	100	105	86	85	109
1	127	A>C	1	101	98	93	91	116
1	128	G>C	1	85	94	104	109	109
1	129	C>T	1	90	99	109	107	94
1	130	G>T	1	110	107	103	108	101
1	131	C>T	1	76	97	91	102	90
1	132	G>A	1	100	98	103	85	102
1	133	A>G	1	91	98	94	118	108
1	134	G>C	1	100	97	105	99	86
1	135	T>G	1	99	90	98	107	103
1	136	A>G	1	92	90	97	95	122
1	137	G>A	1	97	102	109	107	106
1	138	A>C	1	101	92	94	95	99
1	139	G>A	1	104	108	99	105	92
1	140	A>T	1	84	104	98	96	95
1	141	C>T	1	103	109	95	110	93
1	142	A>C	1	88	105	101	117	95
1	143	T>G	1	96	110	106	107	104
1	144	T>G	1	90	103	107	97	104
1	145	C>A	1	90	96	106	99	103
1	146	T>C	1	121	92	92	101	106
1	147	C>G	1	102	121	104	106	91
1	148	G>C	1	93	90	95	96	108
1	149	T>G	1	108	116	110	106	113
1	150	A>C	1	104	98	90	91	88
1	151	G>T	1	95	94	96	111	73
1	152	G>T	1	107	99	100	90	108
1	153	A>C	1	121	91	93	104	119
1	154	T>C	1	91	92	115	112	101
1	155	C>G	1	93	106	83	104	125
1	156	A>C	1	88	78	110	117	108
1	157	G>C	1	99	117	111	101	102
1	158	C>A	1	95	120	87	100	109
1	159	C>A	1	94	100	110	121	105
1	160	G>T	1	100	92	100	112	90
1	161	A>T	1	106	102	111	107	102
1	162	C>G	1	103	99	120	96	74
1	163	T>A	1	77	103	95	85	98
1	164	G>C	1	104	116	90	87	111
1	165	G>C	1	104	110	103	103	86
1	166	T>C	1	86	102	84	104	105
1	167	T>G	1	99	102	110	97	98
1	168	G>A	1	91	90	99	95	94
1	169	A>G	1	89	100	104	87	95
1	170	C>A	1	108	107	107	106	105
1	171	T>A	1	99	107	89	107	124
1	172	G>C	1	91	79	98	105	102
1	173	T>A	1	92	102	104	94	131
1	174	C>A	1	89	89	91	107	104
1	175	T>A	1	94	106	115	99	113
1	176	G>A	1	101	77	107	87	97
1	177	A>C	1	108	91	94	109	111
1	178	T>A	1	85	97	100	101	105
1	179	C>G	1	111	102	95	106	107
1	180	C>G	1	102	112	79	111	95
1	181	T>A	1	98	111	100	121	98
1	182	C>T	1	99	101	91	106	79
1	183	G>T	1	115	105	83	97	102
1	184	T>C	1	111	92	100	90	101
1	185	G>C	1	109	113	95	102	105
1	186	C>T	1	105	104	103	111	120
1	187	G>A	1	103	114	124	94	112
1	188	G>T	1	83	98	100	113	102
1	189	C>G	1	94	89	117	93	98
1	190	A>G	1	79	95	107	91	115
1	191	G>T	1	101	97	91	110	102
1	192	G>C	1	75	89	104	110	101
1	193	C>T	1	96	84	97	95	90
1	194	A>C	1	98	65	92	96	115
1	195	T>G	1	103	109	105	90	108
1	196	A>G	1	106	86	121	97	89
1	197	G>C	1	96	98	100	115	107
1	198	G>C	1	107	90	93	93	94
1	199	A>T	1	95	103	97	102	106
