#chr	normal	sample0	sample1	sample2	sample3	sample4
0	0	0.0	0.0	0.0	0.0	0.0
1	0	0.0	0.0	0.265306122449	0.152380952381	0.186274509804
2	0	0.0	0.0	0.0	0.0	0.0
3	0	0.210526315789	0.247058823529	0.0752688172043	0.340206185567	0.176470588235
4	0	0.0	0.0	0.0	0.191919191919	0.151162790698
5	0	0.333333333333	0.201754385965	0.156862745098	0.388888888889	0.0875
6	0	0.0	0.0	0.178217821782	0.0	0.0
7	0	0.212121212121	0.221238938053	0.0	0.0	0.0
8	0	0.161290322581	0.194915254237	0.0	0.0	0.0
9	0	0.0	0.0	0.184782608696	0.0	0.0
10	0	0.224299065421	0.0	0.0	0.177083333333	0.0
11	0	0.0	0.0	0.0	0.156862745098	0.0
12	0	0.0	0.0	0.0	0.135922330097	0.0
13	0	0.0	0.0	0.148148148148	0.111111111111	0.15625
14	0	0.0	0.0	0.0	0.102564102564	0.0
15	0	0.237623762376	0.291262135922	0.0	0.0	0.0
16	0	0.0	0.0	0.0	0.0	0.0
17	0	0.0	0.0	0.0	0.0	0.0
18	0	0.0	0.0	0.197802197802	0.0	0.149122807018
19	0	0.0	0.0	0.0	0.192307692308	0.0
20	0	0.0	0.0	0.0	0.0	0.0
21	0	0.0	0.0	0.0	0.126315789474	0.0
22	0	0.234042553191	0.314960629921	0.0	0.0	0.0
23	0	0.240740740741	0.231404958678	0.0	0.0	0.0
24	0	0.333333333333	0.240740740741	0.0	0.0	0.0
25	0	0.0	0.0	0.0	0.0	0.0
26	0	0.0	0.0	0.0	0.0	0.0
27	0	0.0	0.0	0.0	0.0	0.0
28	0	0.0	0.0	0.148936170213	0.12962962963	0.12
29	0	0.0	0.0	0.0	0.0	0.0
30	0	0.181818181818	0.278846153846	0.0	0.0	0.0
31	0	0.0	0.0	0.0	0.123711340206	0.198113207547
32	0	0.0	0.0	0.145631067961	0.163043478261	0.166666666667
33	0	0.0	0.0	0.223529411765	0.128712871287	0.177083333333
34	0	0.0	0.0	0.171717171717	0.195652173913	0.0957446808511
35	0	0.244680851064	0.40625	0.0	0.0	0.0
36	0	0.0	0.0	0.0	0.156862745098	0.176470588235
37	0	0.0	0.0	0.183908045977	0.0	0.2
38	0	0.0	0.0	0.0	0.175925925926	0.0
39	0	0.265957446809	0.21	0.166666666667	0.37	0.09
40	0	0.0	0.0	0.196078431373	0.18	0.215189873418
41	0	0.0	0.0	0.0	0.0	0.0
42	0	0.0	0.0	0.14953271028	0.0	0.0
43	0	0.202380952381	0.201923076923	0.156626506024	0.26213592233	0.134146341463
44	0	0.0	0.0	0.161290322581	0.130434782609	0.224489795918
45	0	0.0	0.0	0.0	0.144144144144	0.0
46	0	0.0	0.0	0.175257731959	0.112244897959	0.0792079207921
47	0	0.0	0.0	0.0	0.11320754717	0.0
48	0	0.3125	0.263736263736	0.154761904762	0.383720930233	0.15652173913
49	0	0.0	0.0	0.137254901961	0.0947368421053	0.224299065421
50	0	0.227272727273	0.190476190476	0.0	0.0	0.0
51	0	0.31067961165	0.257142857143	0.10843373494	0.410526315789	0.1875
52	0	0.0	0.0	0.0	0.0	0.0
53	0	0.0	0.0	0.215909090909	0.0	0.0
54	0	0.0	0.0	0.0	0.0	0.0
55	0	0.0	0.0	0.0	0.125	0.0
56	0	0.0	0.0	0.152380952381	0.0	0.0
57	0	0.28	0.268041237113	0.0	0.0	0.0
58	0	0.276595744681	0.296703296703	0.0	0.0	0.0
59	0	0.0	0.0	0.142857142857	0.168421052632	0.216494845361
60	0	0.0	0.0	0.19298245614	0.0	0.0
61	0	0.234693877551	0.174757281553	0.0978260869565	0.278350515464	0.138888888889
62	0	0.0	0.0	0.132231404959	0.177083333333	0.144329896907
63	0	0.183908045977	0.326315789474	0.0	0.0	0.0
64	0	0.0	0.0	0.0	0.15	0.0
65	0	0.0	0.0	0.0	0.130434782609	0.0
66	0	0.247058823529	0.242718446602	0.0	0.0	0.0
67	0	0.0	0.0	0.0	0.177083333333	0.0
68	0	0.0	0.0	0.0	0.0	0.0
69	0	0.244680851064	0.27027027027	0.147368421053	0.376237623762	0.0810810810811
70	0	0.225490196078	0.271028037383	0.114942528736	0.277777777778	0.133333333333
71	0	0.265306122449	0.242718446602	0.116279069767	0.387755102041	0.120879120879
72	0	0.223684210526	0.27868852459	0.0	0.0	0.0
73	0	0.0	0.0	0.18	0.158415841584	0.225806451613
74	0	0.0	0.0	0.166666666667	0.0	0.0
75	0	0.252032520325	0.237288135593	0.122448979592	0.340909090909	0.196078431373
76	0	0.0	0.0	0.0963855421687	0.207792207792	0.147540983607
77	0	0.0	0.0	0.0	0.0	0.0
78	0	0.0	0.0	0.158415841584	0.212765957447	0.217821782178
79	0	0.0	0.0	0.161290322581	0.168224299065	0.20202020202
80	0	0.0	0.0	0.216494845361	0.0	0.0
81	0	0.0	0.0	0.116279069767	0.279569892473	0.170454545455
82	0	0.282828282828	0.272727272727	0.0	0.0	0.0
83	0	0.0	0.0	0.185185185185	0.0	0.0
84	0	0.0	0.0	0.0	0.0	0.0
85	0	0.306306306306	0.0	0.208333333333	0.408450704225	0.192307692308
86	0	0.0	0.0	0.192771084337	0.0	0.141414141414
87	0	0.0	0.0	0.0	0.135416666667	0.168316831683
88	0	0.184466019417	0.0	0.201754385965	0.388888888889	0.174418604651
89	0	0.156626506024	0.0	0.0	0.207547169811	0.0
90	0	0.0	0.0	0.166666666667	0.203703703704	0.0681818181818
91	0	0.257731958763	0.15625	0.133333333333	0.288659793814	0.093023255814
92	0	0.242990654206	0.181818181818	0.144230769231	0.443298969072	0.14
93	0	0.175925925926	0.3	0.0	0.0	0.0
94	0	0.0	0.0	0.127450980392	0.0	0.147727272727
95	0	0.0	0.0	0.188679245283	0.0	0.0
96	0	0.20253164557	0.222222222222	0.0	0.0	0.0
97	0	0.0	0.0	0.238095238095	0.21359223301	0.211538461538
98	0	0.0	0.0	0.0	0.178947368421	0.0
99	0	0.203883495146	0.278350515464	0.0	0.0	0.0
100	0	0.232558139535	0.294736842105	0.0	0.0	0.0
101	0	0.0	0.0	0.188679245283	0.204545454545	0.201754385965
102	0	0.271739130435	0.298850574713	0.0	0.0	0.0
103	0	0.0	0.0	0.25	0.133333333333	0.210526315789
104	0	0.0	0.0	0.0	0.0	0.0
105	0	0.308411214953	0.33	0.12	0.342342342342	0.127659574468
106	0	0.0	0.0	0.157303370787	0.166666666667	0.258064516129
107	0	0.0	0.0	0.255102040816	0.0	0.0
108	0	0.262626262626	0.2	0.0	0.0	0.0
109	0	0.0	0.0	0.0	0.0	0.0
110	0	0.0	0.0	0.175257731959	0.228571428571	0.148760330579
111	0	0.257731958763	0.223880597015	0.0	0.0	0.0
112	0	0.0	0.0	0.192660550459	0.179487179487	0.159292035398
113	0	0.0	0.0	0.0	0.0	0.0
114	0	0.0	0.0	0.155339805825	0.133333333333	0.148936170213
115	0	0.0	0.0	0.0	0.0	0.0
116	0	0.309523809524	0.351648351648	0.0	0.0	0.0
117	0	0.0	0.0	0.139784946237	0.133333333333	0.223404255319
118	0	0.0	0.0	0.2	0.152380952381	0.095652173913
119	0	0.282608695652	0.0	0.0	0.120879120879	0.0
120	0	0.239583333333	0.194444444444	0.0	0.0	0.0
121	0	0.0	0.0	0.144329896907	0.162790697674	0.13829787234
122	0	0.227722772277	0.28431372549	0.0	0.0	0.0
123	0	0.207547169811	0.27027027027	0.0	0.0	0.0
124	0	0.0	0.0	0.17	0.12	0.128712871287
125	0	0.298076923077	0.297619047619	0.142857142857	0.368421052632	0.144444444444
126	0	0.0	0.0	0.0	0.0	0.0
127	0	0.0	0.0	0.0	0.190476190476	0.0
128	0	0.0	0.0	0.162790697674	0.155963302752	0.139784946237
129	0	0.0	0.0	0.168224299065	0.221153846154	0.177083333333
130	0	0.0	0.0	0.0	0.0	0.0
131	0	0.0	0.0	0.217391304348	0.186046511628	0.125
132	0	0.263736263736	0.272727272727	0.0	0.0	0.0
133	0	0.351851851852	0.252336448598	0.234042553191	0.404761904762	0.118811881188
134	0	0.258064516129	0.26	0.0	0.0	0.0
135	0	0.0	0.0	0.191011235955	0.162393162393	0.211764705882
136	0	0.0	0.0	0.108910891089	0.173469387755	0.109090909091
137	0	0.0	0.0	0.118279569892	0.134146341463	0.191919191919
138	0	0.0	0.0	0.0	0.135922330097	0.211009174312
139	0	0.0	0.0	0.188679245283	0.136842105263	0.175257731959
140	0	0.0	0.0	0.0	0.168539325843	0.0
141	0	0.0	0.0	0.172043010753	0.0	0.0
142	0	0.224299065421	0.242718446602	0.0	0.0	0.0
143	0	0.0	0.0	0.141592920354	0.0	0.0
144	0	0.0	0.0	0.191919191919	0.262626262626	0.0674157303371
145	0	0.281818181818	0.309278350515	0.0	0.0	0.0
146	0	0.327102803738	0.0	0.0990990990991	0.323529411765	0.173076923077
147	0	0.264150943396	0.323232323232	0.0	0.0	0.0
148	0	0.0	0.0	0.161616161616	0.0	0.0
149	0	0.0	0.0	0.19801980198	0.19387755102	0.0987654320988
150	0	0.0	0.0	0.19387755102	0.194444444444	0.113924050633
151	0	0.0	0.0	0.0	0.163461538462	0.0
152	0	0.0	0.0	0.0	0.0	0.0
153	0	0.0	0.0	0.0	0.0	0.0
154	0	0.221052631579	0.414893617021	0.0	0.0	0.0
155	0	0.0	0.0	0.172727272727	0.174311926606	0.217821782178
156	0	0.0	0.0	0.111111111111	0.0	0.195652173913
157	0	0.0	0.0	0.208695652174	0.121212121212	0.0660377358491
158	0	0.0	0.0	0.0	0.0	0.0
159	0	0.0	0.0	0.131313131313	0.201923076923	0.111111111111
160	0	0.0	0.0	0.0851063829787	0.185185185185	0.179487179487
161	0	0.0	0.0	0.0	0.0	0.0
162	0	0.0	0.0	0.151260504202	0.208695652174	0.157024793388
163	0	0.241758241758	0.277777777778	0.0	0.0	0.0
164	0	0.23	0.322580645161	0.0	0.0	0.0
165	0	0.0	0.0	0.178217821782	0.0	0.172043010753
166	0	0.0	0.0	0.0	0.13829787234	0.21875
167	0	0.0	0.0	0.123966942149	0.177777777778	0.164948453608
168	0	0.0	0.0	0.26582278481	0.0	0.0
169	0	0.0	0.0	0.0	0.163636363636	0.0
170	0	0.291262135922	0.290076335878	0.0	0.0	0.0
171	0	0.0	0.0	0.197530864198	0.0	0.0
172	0	0.0	0.0	0.179487179487	0.0919540229885	0.166666666667
173	0	0.252525252525	0.256198347107	0.163793103448	0.314285714286	0.102040816327
174	0	0.282608695652	0.0	0.132075471698	0.392156862745	0.188118811881
175	0	0.0	0.0	0.247863247863	0.147368421053	0.216494845361
176	0	0.288659793814	0.28	0.117021276596	0.260416666667	0.137931034483
177	0	0.0	0.0	0.0	0.0	0.0
178	0	0.0	0.0	0.159292035398	0.158415841584	0.153846153846
179	0	0.0	0.0	0.274725274725	0.0	0.0
180	0	0.243243243243	0.339622641509	0.0	0.0	0.0
181	0	0.0	0.0	0.0	0.211111111111	0.0
182	0	0.0	0.0	0.0	0.0	0.0
183	0	0.0	0.0	0.0	0.131578947368	0.0
184	0	0.283185840708	0.232142857143	0.131868131868	0.382978723404	0.121212121212
185	0	0.0	0.0	0.151162790698	0.0	0.162790697674
186	0	0.226804123711	0.16	0.185185185185	0.307692307692	0.216666666667
187	0	0.0	0.0	0.0	0.0	0.0
188	0	0.0	0.0	0.0	0.0	0.0
189	0	0.0	0.0	0.159574468085	0.0	0.0
190	0	0.242105263158	0.209302325581	0.0747663551402	0.377777777778	0.118644067797
191	0	0.266666666667	0.23	0.0	0.0	0.0
192	0	0.0	0.0	0.113636363636	0.15	0.0978260869565
193	0	0.0	0.0	0.25	0.0	0.0
194	0	0.206896551724	0.280701754386	0.142857142857	0.343434343434	0.173913043478
195	0	0.0	0.0	0.0	0.144230769231	0.214285714286
196	0	0.0	0.0	0.0	0.0	0.0
197	0	0.0	0.0	0.0	0.0	0.0
198	0	0.0	0.0	0.163461538462	0.12037037037	0.15625
199	0	0.0	0.0	0.130841121495	0.205607476636	0.0865384615385
