Chromosome	Position	Change	Gene	sample0	sample1	sample2	sample3	sample4
1	0	A>C	1	0	242	0	0	0
1	1	T>G	1	0	266	0	0	0
1	2	A>T	1	0	0	283	0	0
1	3	G>A	1	0	0	0	0	94
1	4	G>A	1	0	259	0	0	0
1	5	T>C	1	0	0	272	0	0
1	6	G>A	1	138	0	0	162	102
1	7	A>G	1	389	282	285	320	499
1	8	C>T	1	105	246	0	182	115
1	9	G>A	1	0	0	271	0	0
1	10	C>G	1	0	0	268	0	0
1	11	C>G	1	0	0	305	0	0
1	12	A>C	1	0	0	265	0	0
1	13	C>A	1	0	251	0	0	0
1	14	T>G	1	0	0	0	177	0
1	15	G>C	1	109	0	0	153	106
1	16	T>C	1	0	259	0	0	0
1	17	G>T	1	118	262	0	161	125
1	18	C>G	1	103	285	0	214	106
1	19	G>T	1	100	272	0	205	115
1	20	G>A	1	372	269	295	311	508
1	21	A>G	1	0	275	0	0	0
1	22	C>A	1	0	246	0	0	0
1	23	A>G	1	0	0	294	0	0
1	24	A>G	1	0	0	0	190	0
1	25	T>A	1	0	0	268	0	0
1	26	C>G	1	95	283	0	167	96
1	27	G>C	1	374	251	304	346	487
1	28	G>A	1	107	275	0	180	96
1	29	G>T	1	0	0	0	0	105
1	30	A>C	1	109	237	0	176	92
1	31	G>A	1	97	233	0	185	98
1	32	G>A	1	122	0	0	163	103
1	33	T>G	1	0	0	295	0	0
1	34	C>G	1	103	244	0	168	116
1	35	G>T	1	366	272	272	359	484
1	36	A>C	1	128	249	0	156	120
1	37	C>A	1	106	263	0	175	101
1	38	T>C	1	0	253	0	0	0
1	39	A>C	1	107	243	0	185	93
1	40	T>A	1	89	260	0	185	103
1	41	T>G	1	0	246	0	0	0
1	42	G>A	1	109	261	0	166	89
1	43	A>G	1	83	253	0	189	114
1	44	A>G	1	0	234	0	0	0
1	45	T>G	1	111	0	0	151	106
1	46	A>T	1	113	272	0	186	99
1	47	A>C	1	493	483	480	458	494
1	48	G>C	1	0	281	0	0	0
1	49	T>G	1	0	0	0	173	0
1	50	G>T	1	105	219	0	172	106
1	51	C>T	1	0	240	0	0	0
1	52	A>C	1	114	0	0	140	97
1	53	A>G	1	106	231	0	199	102
1	54	G>C	1	0	0	252	0	0
1	55	G>T	1	0	0	267	0	0
1	56	T>G	1	116	244	0	0	113
1	57	G>C	1	0	0	293	0	0
1	58	T>G	1	0	273	0	0	0
1	59	G>C	1	113	265	0	194	102
1	60	A>C	1	138	0	0	154	96
1	61	T>C	1	0	0	0	194	0
1	62	C>G	1	111	246	0	178	109
1	63	G>A	1	0	0	0	0	94
1	64	A>C	1	115	266	0	172	123
1	65	G>T	1	0	0	0	184	0
1	66	G>A	1	0	236	0	0	0
1	67	A>C	1	107	0	0	150	102
1	68	G>A	1	0	235	0	0	0
1	69	G>T	1	112	271	0	172	101
1	70	C>A	1	0	243	0	0	0
1	71	G>C	1	105	257	0	178	109
1	72	C>A	1	116	238	0	194	107
1	73	A>G	1	0	0	279	0	0
1	74	G>A	1	518	523	500	503	523
1	75	G>A	1	0	244	0	0	0
1	76	G>A	1	114	249	0	186	109
1	77	C>G	1	0	0	284	0	0
1	78	A>C	1	96	250	0	169	119
1	79	C>T	1	122	274	0	176	95
1	80	T>C	1	0	220	0	0	0
1	81	C>G	1	466	462	523	484	510
1	82	C>T	1	0	0	0	0	84
1	83	T>C	1	106	267	0	176	100
1	84	A>C	1	0	0	0	0	93
1	85	T>C	1	114	252	0	180	96
1	86	C>G	1	384	260	282	340	517
1	87	G>T	1	123	0	0	159	84
1	88	T>G	1	0	0	0	0	96
1	89	T>A	1	148	0	297	0	134
1	90	G>A	1	101	0	0	159	96
1	91	G>A	1	0	0	260	0	0
1	92	A>T	1	386	274	287	322	526
1	93	T>A	1	500	493	506	482	514
1	94	T>G	1	114	262	0	184	121
1	95	T>C	1	107	0	0	163	79
1	96	G>A	1	130	248	0	196	115
1	97	T>G	1	0	295	0	0	0
1	98	G>T	1	0	251	0	0	0
1	99	A>G	1	0	0	276	0	0
