#chr	position	description	normal	sample0	sample1	sample2	sample3	sample4	sample5	sample6	sample7	sample8	sample9
1	1	1	0	0.361421319797	0.508629441624	0.493963782696	0.470529470529	0.252270433905	0.40847983454	0.497047244094	0.494725738397	0.343621399177	0.48766041461
2	1	1	0	0.345309381238	0.513645224172	0.497565725414	0.530674846626	0.235546038544	0.414872798434	0.522299306244	0.500959692898	0.324269889225	0.53050672182
3	1	1	0	0.119521912351	0.0	0.502420135528	0.242334322453	0.0	0.149560117302	0.0	0.0	0.0	0.210116731518
4	1	1	0	0.0	0.0	0.0	0.0	0.119387755102	0.0856327307326	0.0	0.0	0.145052833814	0.0
5	1	1	0	0.0	0.0	0.0	0.0	0.0	0.129558541267	0.0	0.0	0.0	0.165637860082
6	1	1	0	0.123015873016	0.0	0.341584158416	0.227783452503	0.0	0.144708423326	0.0	0.0	0.0	0.201895734597
7	1	1	0	0.0	0.0	0.0	0.0	0.0	0.0	0.0	0.0	0.175983436853	0.0
8	1	1	0	0.128542510121	0.0	0.501953125	0.244444444444	0.0	0.142433234421	0.0	0.0	0.0	0.208984375
9	1	1	0	0.0	0.0	0.197640117994	0.239366963403	0.0	0.153617443013	0.0	0.0	0.0	0.211350293542
10	1	1	0	0.0	0.0	0.173570019724	0.233090530697	0.0	0.149165848871	0.0	0.0	0.0	0.199056603774
11	1	1	0	0.250266240682	0.0	0.468415937804	0.214750542299	0.134157944814	0.422330097087	0.0	0.29387755102	0.0	0.386458333333
12	1	1	0	0.127744510978	0.0	0.511330049261	0.245398773006	0.0	0.155578300921	0.0	0.0	0.0	0.207818930041
13	1	1	0	0.108823529412	0.0	0.507782101167	0.242393509128	0.0	0.141372141372	0.0	0.0	0.0	0.208823529412
14	1	1	0	0.145161290323	0.0	0.497041420118	0.246653919694	0.0	0.157200811359	0.0	0.0	0.0	0.208986415883
15	1	1	0	0.0	0.0	0.0	0.0	0.0	0.11189516129	0.0	0.0	0.0	0.15014720314
16	1	1	0	0.254881808839	0.0	0.496544916091	0.216753926702	0.142156862745	0.401215805471	0.0	0.331300813008	0.0	0.362970711297
17	1	1	0	0.0	0.0	0.0	0.0	0.114173228346	0.0997942386831	0.0	0.0	0.157680569685	0.0
18	1	1	0	0.128326996198	0.0	0.0	0.0	0.147058823529	0.0	0.0	0.0	0.0	0.0
19	1	1	0	0.0	0.0	0.0	0.0	0.0	0.112407211029	0.0	0.0	0.0	0.159045725646
20	1	1	0	0.13804004215	0.0	0.489517819706	0.238336713996	0.0	0.152663934426	0.0	0.0	0.0	0.227411167513
21	1	1	0	0.0	0.0	0.159957627119	0.217842323651	0.0	0.143162393162	0.0	0.0	0.0	0.22602739726
22	1	1	0	0.13478691774	0.0	0.482142857143	0.22906641001	0.0	0.155897435897	0.0	0.0	0.0	0.2
23	1	1	0	0.120706575074	0.0	0.339587242026	0.220119521912	0.0	0.164237123421	0.0	0.0	0.0	0.183198380567
24	1	1	0	0.129831516353	0.0	0.497398543184	0.21978021978	0.0	0.154072620216	0.0	0.0	0.0	0.225152129817
25	1	1	0	0.388308977035	0.512845849802	0.501988071571	0.486459378134	0.233791748527	0.415851272016	0.497326203209	0.506916996047	0.335616438356	0.501037344398
26	1	1	0	0.115459882583	0.0	0.502092050209	0.236580516899	0.0	0.152694610778	0.0	0.0	0.0	0.183673469388
27	1	1	0	0.360639360639	0.493801652893	0.504081632653	0.468277945619	0.241141732283	0.375961538462	0.520504731861	0.519441674975	0.352824578791	0.491666666667
28	1	1	0	0.0	0.0	0.0	0.0	0.0976602238047	0.0957683741648	0.0	0.0	0.165346534653	0.0
29	1	1	0	0.110228401192	0.0	0.507772020725	0.250252270434	0.0	0.142166344294	0.0	0.0	0.0	0.209439528024
30	1	1	0	0.0	0.0	0.186626746507	0.222005842259	0.0	0.154081632653	0.0	0.0	0.0	0.214570858283
31	1	1	0	0.133123689727	0.0	0.492798353909	0.214501510574	0.0	0.147144240077	0.0	0.0	0.0	0.205561072493
32	1	1	0	0.128722382325	0.0	0.333674513818	0.2351797862	0.0	0.144697720515	0.0	0.0	0.0	0.2002002002
33	1	1	0	0.251762336354	0.0	0.498536585366	0.230690010299	0.157157157157	0.383399209486	0.0	0.302114803625	0.0	0.385818561001
34	1	1	0	0.142703862661	0.0	0.325049701789	0.220618556701	0.0	0.145896656535	0.0	0.0	0.0	0.214
35	1	1	0	0.0	0.0	0.174924165824	0.227048371175	0.0	0.158043273754	0.0	0.0	0.0	0.204684317719
36	1	1	0	0.130841121495	0.0	0.491405460061	0.236180904523	0.0	0.139465875371	0.0	0.0	0.0	0.203494347379
37	1	1	0	0.113475177305	0.0	0.270403146509	0.259893048128	0.0	0.150579150579	0.0	0.0	0.0	0.21875
38	1	1	0	0.0	0.0	0.192614770459	0.213293650794	0.0	0.151295336788	0.0	0.0	0.0	0.193158953722
39	1	1	0	0.379450661241	0.448770491803	0.513347022587	0.485743380855	0.238878143133	0.403643336529	0.463968410661	0.50916496945	0.357212953876	0.5
40	1	1	0	0.364173228346	0.486182190379	0.490471414243	0.48137254902	0.252725470763	0.397089397089	0.49577167019	0.518413597734	0.348906560636	0.511270491803
41	1	1	0	0.143003064351	0.0	0.500497512438	0.238514173998	0.0	0.151603498542	0.0	0.0	0.0	0.205561072493
42	1	1	0	0.113636363636	0.0	0.505472636816	0.231380337637	0.0	0.129666011788	0.0	0.0	0.0	0.220616570328
43	1	1	0	0.115009746589	0.0	0.316247582205	0.230366492147	0.0	0.157127991675	0.0	0.0	0.0	0.230919765166
44	1	1	0	0.12864321608	0.0	0.319264069264	0.223516949153	0.0	0.142578125	0.0	0.0	0.0	0.207003089598
45	1	1	0	0.0	0.0	0.205	0.229524772497	0.0	0.144787644788	0.0	0.0	0.0	0.194726166329
46	1	1	0	0.124151309408	0.0	0.518298714144	0.24	0.0	0.15296566077	0.0	0.0	0.0	0.209677419355
47	1	1	0	0.0	0.0	0.177325581395	0.218687872763	0.0	0.154985192498	0.0	0.0	0.0	0.194472876151
48	1	1	0	0.116700201207	0.0	0.488439306358	0.222448979592	0.0	0.147058823529	0.0	0.0	0.0	0.227772227772
49	1	1	0	0.0	0.0	0.182939362795	0.22869022869	0.0	0.148075024679	0.0	0.0	0.0	0.197470817121
50	1	1	0	0.0	0.0	0.194637537239	0.217137293087	0.0	0.160804020101	0.0	0.0	0.0	0.223076923077
51	1	1	0	0.0	0.0	0.168604651163	0.22483537159	0.0	0.145650048876	0.0	0.0	0.0	0.205348615091
52	1	1	0	0.0	0.0	0.0	0.0	0.0	0.145383104126	0.0	0.0	0.0	0.181
53	1	1	0	0.287601626016	0.0	0.481012658228	0.241631799163	0.14481409002	0.424007744434	0.0	0.286673058485	0.0	0.371884346959
54	1	1	0	0.0	0.0	0.174363807729	0.25	0.0	0.142857142857	0.0	0.0	0.0	0.205549845838
55	1	1	0	0.123287671233	0.0	0.326219512195	0.232023010547	0.0	0.145146088596	0.0	0.0	0.0	0.191866527633
56	1	1	0	0.0	0.0	0.0	0.0	0.0	0.0	0.0	0.0	0.195804195804	0.0
57	1	1	0	0.132056451613	0.0	0.0	0.0	0.132887189293	0.0	0.0	0.0	0.0	0.0
58	1	1	0	0.0	0.0	0.0	0.0	0.0	0.138429752066	0.0	0.0	0.0	0.156709108717
59	1	1	0	0.0	0.0	0.0	0.0	0.0	0.0	0.0	0.0	0.174129353234	0.0
60	1	1	0	0.376128385155	0.475814412636	0.505040322581	0.505233111323	0.242902208202	0.398398398398	0.501532175689	0.539014373717	0.364541832669	0.497942386831
61	1	1	0	0.0	0.0	0.195718654434	0.220716360116	0.0	0.147263681592	0.0	0.0	0.0	0.199600798403
62	1	1	0	0.0	0.0	0.180987202925	0.241985522234	0.0	0.133663366337	0.0	0.0	0.0	0.186116700201
63	1	1	0	0.126379137412	0.0	0.509644670051	0.230921704658	0.0	0.146627565982	0.0	0.0	0.0	0.190954773869
64	1	1	0	0.0	0.0	0.197834645669	0.241080038573	0.0	0.141	0.0	0.0	0.0	0.211267605634
65	1	1	0	0.252873563218	0.0	0.513374485597	0.259587020649	0.120111731844	0.406396989652	0.0	0.290419161677	0.0	0.373592630502
66	1	1	0	0.0	0.0	0.0	0.0	0.0	0.118006103764	0.0	0.0	0.0	0.167791706847
67	1	1	0	0.0	0.0	0.184549356223	0.246305418719	0.0	0.137577002053	0.0	0.0	0.0	0.230769230769
68	1	1	0	0.0	0.0	0.190571715145	0.244837758112	0.0	0.135051546392	0.0	0.0	0.0	0.202941176471
69	1	1	0	0.0	0.0	0.0	0.0	0.0	0.0	0.0	0.0	0.168483647175	0.0
70	1	1	0	0.0905472636816	0.259223300971	0.0	0.144750254842	0.0	0.0	0.292980671414	0.0	0.336653386454	0.121661721068
71	1	1	0	0.0	0.0	0.188235294118	0.23630831643	0.0	0.153770812929	0.0	0.0	0.0	0.213098729228
72	1	1	0	0.0	0.0	0.0	0.0	0.0	0.129265770424	0.0	0.0	0.0	0.167176350663
73	1	1	0	0.0	0.0	0.0	0.0	0.0	0.129778672032	0.0	0.0	0.0	0.165631469979
74	1	1	0	0.0	0.0	0.0	0.0	0.0	0.0	0.0	0.0	0.164208456244	0.0
75	1	1	0	0.123209169054	0.0	0.305719921105	0.226	0.0	0.151115618661	0.0	0.0	0.0	0.21197252208
76	1	1	0	0.131655372701	0.0	0.492323439099	0.220424671385	0.0	0.11974789916	0.0	0.0	0.0	0.227450980392
77	1	1	0	0.0	0.0	0.0	0.0	0.0	0.148475909538	0.0	0.0	0.0	0.168639053254
78	1	1	0	0.119962511715	0.0	0.47633744856	0.231306081755	0.0	0.135265700483	0.0	0.0	0.0	0.218910585817
79	1	1	0	0.270772238514	0.0	0.55545112782	0.221797323136	0.149659863946	0.384186046512	0.0	0.303497942387	0.0	0.385015608741
80	1	1	0	0.363173957274	0.492904446547	0.505976095618	0.513903192585	0.229083665339	0.394916911046	0.503482587065	0.50146627566	0.340257171118	0.483805668016
81	1	1	0	0.0	0.0	0.0	0.0	0.0	0.117082533589	0.0	0.0	0.0	0.19425173439
82	1	1	0	0.0	0.0	0.178270042194	0.235976789168	0.0	0.161127895267	0.0	0.0	0.0	0.22188449848
83	1	1	0	0.0	0.0	0.190476190476	0.254132231405	0.0	0.165650406504	0.0	0.0	0.0	0.210961737332
84	1	1	0	0.123107971746	0.0	0.509109311741	0.238514173998	0.0	0.15015015015	0.0	0.0	0.0	0.234215885947
85	1	1	0	0.103842159917	0.255698711596	0.0	0.129574678536	0.0	0.0	0.253608247423	0.0	0.324927255092	0.121730382294
86	1	1	0	0.123829344433	0.0	0.329305135952	0.207960199005	0.0	0.144761904762	0.0	0.0	0.0	0.201680672269
87	1	1	0	0.123107971746	0.0	0.330827067669	0.214884696017	0.0	0.166504381694	0.0	0.0	0.0	0.176470588235
88	1	1	0	0.263702171665	0.0	0.487257900102	0.254028436019	0.151093439364	0.4	0.0	0.30839231547	0.0	0.364745011086
89	1	1	0	0.129970902037	0.0	0.313550939664	0.205506391347	0.0	0.153617443013	0.0	0.0	0.0	0.211480362538
90	1	1	0	0.146779303062	0.0	0.332011892963	0.211742059673	0.0	0.137688442211	0.0	0.0	0.0	0.198552223371
91	1	1	0	0.134634146341	0.0	0.494347379239	0.227824463119	0.0	0.142017629775	0.0	0.0	0.0	0.221335992024
92	1	1	0	0.0	0.0	0.202416918429	0.236311239193	0.0	0.148223350254	0.0	0.0	0.0	0.213925327952
93	1	1	0	0.376321353066	0.494685990338	0.492244053775	0.520792079208	0.232067510549	0.387539598733	0.502066115702	0.515217391304	0.333984375	0.498035363458
94	1	1	0	0.113146551724	0.0	0.343087790111	0.240506329114	0.0	0.14656964657	0.0	0.0	0.0	0.190569744597
95	1	1	0	0.0	0.0	0.0	0.0	0.0	0.133333333333	0.0	0.0	0.0	0.176817288802
96	1	1	0	0.0	0.0	0.191129883844	0.218218218218	0.0	0.160732451679	0.0	0.0	0.0	0.197518097208
97	1	1	0	0.145436308927	0.0	0.0	0.0	0.164047151277	0.0	0.0	0.0	0.0	0.0
98	1	1	0	0.0	0.0	0.185112634672	0.218631178707	0.0	0.164453524004	0.0	0.0	0.0	0.194931773879
99	1	1	0	0.0	0.0	0.176176176176	0.24487704918	0.0	0.143302180685	0.0	0.0	0.0	0.203219315895
100	1	1	0	0.0	0.0	0.182730923695	0.246601941748	0.0	0.146198830409	0.0	0.0	0.0	0.197834645669
