#chr	position	description	normal	sample0	sample1	sample2	sample3	sample4
1	1	1	0	0.0	0.0	0.0	0.0	0.139632023869
2	1	1	0	0.0	0.0	0.0	0.157714400887	0.0967318942909
3	1	1	0	0.0	0.0	0.0	0.0	0.0
4	1	1	0	0.0	0.128079311035	0.0	0.157637433902	0.218287898602
5	1	1	0	0.0	0.0	0.0	0.0	0.143043434647
6	1	1	0	0.224299065421	0.0804153094463	0.0	0.123921332531	0.0
7	1	1	0	0.0	0.0	0.0	0.152858694579	0.0966683242168
8	1	1	0	0.0	0.136085166215	0.0	0.217476874631	0.0
9	1	1	0	0.0	0.0	0.0	0.149296050059	0.0990437845999
10	1	1	0	0.0	0.0	0.0	0.151235778737	0.100560858014
11	1	1	0	0.0	0.0	0.0	0.0	0.139364545185
12	1	1	0	0.228049145939	0.0801576872536	0.0	0.128073357517	0.0
13	1	1	0	0.0	0.141767386566	0.0	0.2312	0.0
14	1	1	0	0.0	0.415012155592	0.266746292426	0.373630790875	0.225150300601
15	1	1	0	0.0	0.130957069712	0.0	0.15397597538	0.228568590444
16	1	1	0	0.227517369606	0.0810111464968	0.0	0.128860275626	0.0
17	1	1	0	0.228718151294	0.0795364500792	0.0	0.130233494364	0.0
18	1	1	0	0.0	0.0	0.0	0.157830837718	0.0970149253731
19	1	1	0	0.0	0.0	0.0	0.0	0.0
20	1	1	0	0.0	0.140465209545	0.0	0.223359840954	0.0
21	1	1	0	0.0	0.0	0.0	0.156407161537	0.0970275375286
22	1	1	0	0.0	0.146498093518	0.0	0.214023239646	0.0
23	1	1	0	0.0	0.139279350624	0.0	0.221093907098	0.0
24	1	1	0	0.223092947128	0.0802414168398	0.0	0.128055527613	0.0
25	1	1	0	0.0	0.0	0.0	0.0	0.13484740951
26	1	1	0	0.22355745357	0.0843228013685	0.0	0.124403341289	0.0
27	1	1	0	0.222884386174	0.0845845845846	0.0	0.133697813121	0.0
28	1	1	0	0.0	0.0	0.0	0.0	0.13946528332
29	1	1	0	0.0	0.141062705613	0.0	0.223545624569	0.0
30	1	1	0	0.0	0.0	0.0	0.152494729445	0.0979288156043
31	1	1	0	0.28341222681	0.413402266852	0.496869720759	0.369502343672	0.361819980218
32	1	1	0	0.282167935911	0.421162237207	0.504276944752	0.369636963696	0.364879595679
33	1	1	0	0.0	0.0	0.0	0.0	0.0
34	1	1	0	0.226138178914	0.0797723642173	0.0	0.128033980583	0.0
35	1	1	0	0.0	0.0	0.0	0.157580661475	0.0984925646771
36	1	1	0	0.0	0.421404682274	0.26143330988	0.376893939394	0.223850832586
37	1	1	0	0.0	0.145783373301	0.0	0.232148252593	0.0
38	1	1	0	0.0	0.0	0.0	0.147954141135	0.102597017873
39	1	1	0	0.0	0.0	0.0	0.151590954573	0.0986215284817
40	1	1	0	0.223498323	0.0806629834254	0.0	0.126931897497	0.0
41	1	1	0	0.0	0.0	0.0	0.153207245072	0.0985449071751
42	1	1	0	0.0	0.12353347136	0.0	0.151140966117	0.220712230929
43	1	1	0	0.224985256536	0.0834675795409	0.0	0.123445737591	0.0
44	1	1	0	0.0	0.125862241328	0.0	0.151463341044	0.230058607331
45	1	1	0	0.0	0.0	0.0	0.0	0.144535958216
46	1	1	0	0.0	0.127871134533	0.0	0.151881188119	0.218156228008
47	1	1	0	0.0	0.138662963698	0.0	0.215670755837	0.0
48	1	1	0	0.0	0.1269	0.0	0.152986550633	0.231325301205
49	1	1	0	0.0	0.0	0.0	0.0	0.0
50	1	1	0	0.22152528873	0.0847121767562	0.0	0.124727344834	0.0
51	1	1	0	0.0	0.0	0.0	0.157276527971	0.0963330029732
52	1	1	0	0.0	0.0	0.0	0.0	0.144405418966
53	1	1	0	0.0	0.117410129896	0.0	0.151807948999	0.232532421836
54	1	1	0	0.228221231767	0.0862878258264	0.0	0.126774745746	0.0
55	1	1	0	0.225065484586	0.0770990847593	0.0	0.125294539494	0.0
56	1	1	0	0.220077992201	0.0780497592295	0.0	0.125024727992	0.0
57	1	1	0	0.0	0.424611973392	0.268387096774	0.368694588811	0.226754164563
58	1	1	0	0.0	0.0	0.0	0.153171994821	0.100759696122
59	1	1	0	0.0	0.128879959819	0.0	0.15343424982	0.223159821065
60	1	1	0	0.228876046234	0.0825669530066	0.0	0.125821876868	0.0
61	1	1	0	0.0	0.0	0.0	0.0	0.1418
62	1	1	0	0.0	0.0	0.0	0.0	0.0
63	1	1	0	0.0	0.0	0.0	0.0	0.0
64	1	1	0	0.0	0.139937266012	0.0	0.218122140442	0.0
65	1	1	0	0.0	0.0	0.0	0.0	0.136657708769
66	1	1	0	0.0	0.137848126628	0.0	0.221139354968	0.0
67	1	1	0	0.0	0.0	0.0	0.0	0.0
68	1	1	0	0.0	0.141913530825	0.0	0.224178403756	0.0
69	1	1	0	0.0	0.0	0.0	0.0	0.140377434655
70	1	1	0	0.0	0.0	0.0	0.0	0.0
71	1	1	0	0.227529481716	0.0773590533956	0.0	0.124690747155	0.0
72	1	1	0	0.224026629009	0.0813597386688	0.0	0.130313031303	0.0
73	1	1	0	0.0	0.0	0.0	0.150962309543	0.0963096309631
74	1	1	0	0.0	0.0	0.0	0.0	0.0
75	1	1	0	0.0	0.0	0.0	0.151321695761	0.0967055245819
76	1	1	0	0.0	0.0	0.0	0.0	0.0
77	1	1	0	0.0	0.429095596985	0.263766352297	0.379989893886	0.224989874443
78	1	1	0	0.221752691418	0.0828473758295	0.0	0.123774631152	0.0
79	1	1	0	0.0	0.145596165368	0.0	0.217868654311	0.0
80	1	1	0	0.0	0.0	0.0	0.158998783948	0.100301204819
81	1	1	0	0.0	0.119216548416	0.0	0.150594583791	0.218055838598
82	1	1	0	0.0	0.0	0.0	0.0	0.0
83	1	1	0	0.0	0.0	0.0	0.0	0.137393054857
84	1	1	0	0.223573151125	0.0770620108368	0.0	0.127834205397	0.0
85	1	1	0	0.0	0.0	0.0	0.154335318462	0.102325581395
86	1	1	0	0.224106602059	0.0	0.0	0.0	0.0
87	1	1	0	0.228252114378	0.081985220691	0.0	0.121364596961	0.0
88	1	1	0	0.0	0.136893012238	0.0	0.220981252493	0.0
89	1	1	0	0.0	0.0	0.0	0.150885219813	0.100268843971
90	1	1	0	0.0	0.0	0.0	0.151716717206	0.0947208121827
91	1	1	0	0.0	0.0	0.0	0.153060202344	0.100742851328
92	1	1	0	0.0	0.1379	0.0	0.213118062563	0.0
93	1	1	0	0.219534139758	0.0832657200811	0.0	0.12568735271	0.0
94	1	1	0	0.0	0.0	0.0	0.0	0.141765533883
95	1	1	0	0.222368421053	0.0814080317303	0.0	0.124686528238	0.0
96	1	1	0	0.23037747154	0.0798403193613	0.0	0.131694644285	0.0
97	1	1	0	0.22350440328	0.0825218845284	0.0	0.126171952922	0.0
98	1	1	0	0.221107025738	0.0825160970778	0.0	0.131541725601	0.0
99	1	1	0	0.224495937406	0.0815701008503	0.0	0.132194244604	0.0
100	1	1	0	0.0	0.0	0.0	0.155414269856	0.0961746484413
