#chr	position	description	normal	sample0	sample1	sample2	sample3	sample4	sample5	sample6	sample7	sample8	sample9	sample10	sample11	sample12	sample13	sample14	sample15	sample16	sample17	sample18	sample19
1	1	1	0	0.234234234234	0.0	0.114285714286	0.148936170213	0.173913043478	0.207920792079	0.22641509434	0.313253012048	0.294117647059	0.20618556701	0.207920792079	0.218181818182	0.274509803922	0.282828282828	0.189473684211	0.453608247423	0.0	0.0	0.0	0.206896551724
2	1	1	0	0.215053763441	0.0	0.0	0.0	0.168224299065	0.115789473684	0.115384615385	0.078431372549	0.295454545455	0.0	0.0	0.119266055046	0.0	0.153846153846	0.0	0.1	0.0	0.0	0.0	0.144230769231
3	1	1	0	0.219047619048	0.0	0.325842696629	0.5	0.410526315789	0.339805825243	0.258928571429	0.455357142857	0.17	0.214285714286	0.20253164557	0.245098039216	0.286956521739	0.254098360656	0.194444444444	0.48	0.111111111111	0.166666666667	0.216494845361	0.2625
4	1	1	0	0.0	0.0	0.223404255319	0.0	0.0	0.0	0.0	0.0	0.0	0.0	0.210526315789	0.0	0.0	0.0	0.206896551724	0.0	0.0	0.0	0.0	0.0
5	1	1	0	0.0	0.0	0.175	0.0	0.0	0.0	0.0	0.0	0.0	0.0	0.236363636364	0.0	0.0	0.0	0.12380952381	0.0	0.0	0.0	0.0	0.0
6	1	1	0	0.0	0.0	0.216981132075	0.0	0.0	0.0	0.0	0.0	0.0	0.0	0.3	0.0	0.0	0.0	0.163043478261	0.0	0.0	0.0	0.0	0.0
7	1	1	0	0.18691588785	0.0	0.0	0.0	0.108910891089	0.0693069306931	0.135416666667	0.0980392156863	0.261904761905	0.0	0.0	0.0792079207921	0.0	0.19801980198	0.0	0.128712871287	0.0	0.0	0.0	0.0917431192661
8	1	1	0	0.0	0.0	0.188888888889	0.0	0.0	0.0	0.0	0.0	0.0	0.0	0.322580645161	0.0	0.0	0.0	0.229885057471	0.0	0.0	0.0	0.0	0.0
9	1	1	0	0.0	0.0	0.18085106383	0.0	0.0	0.0	0.0	0.0	0.0	0.0	0.256097560976	0.0	0.0	0.0	0.225806451613	0.0	0.0	0.0	0.0	0.0
10	1	1	0	0.0	0.0	0.136363636364	0.0	0.0	0.0	0.0	0.0	0.0	0.0	0.318681318681	0.0	0.0	0.0	0.168316831683	0.0	0.0	0.0	0.0	0.0
11	1	1	0	0.0	0.0	0.25	0.0	0.0	0.0	0.0	0.0	0.0	0.0	0.261261261261	0.0	0.0	0.0	0.131313131313	0.0	0.0	0.0	0.0	0.0
12	1	1	0	0.0	0.0	0.166666666667	0.0	0.0	0.0	0.0	0.0	0.0	0.0	0.3	0.0	0.0	0.0	0.125	0.0	0.0	0.0	0.0	0.0
13	1	1	0	0.281553398058	0.255555555556	0.198113207547	0.0	0.185185185185	0.163043478261	0.155555555556	0.03	0.0	0.151162790698	0.247524752475	0.0	0.0	0.0	0.21	0.0	0.0919540229885	0.206896551724	0.256880733945	0.268518518519
14	1	1	0	0.2	0.0	0.0	0.0	0.122448979592	0.174757281553	0.105263157895	0.10101010101	0.247524752475	0.0	0.0	0.0736842105263	0.0	0.168224299065	0.0	0.119266055046	0.0	0.0	0.0	0.0865384615385
15	1	1	0	0.0	0.0	0.301075268817	0.0	0.0	0.0	0.0	0.0	0.0	0.0	0.271028037383	0.0	0.0	0.0	0.152380952381	0.0	0.0	0.0	0.0	0.0
16	1	1	0	0.0	0.0	0.144329896907	0.179245283019	0.0	0.117647058824	0.0510204081633	0.0	0.0	0.0	0.269230769231	0.0	0.25	0.0	0.0	0.0851063829787	0.0	0.0	0.0	0.0602409638554
17	1	1	0	0.0	0.0	0.118181818182	0.22641509434	0.0	0.0841121495327	0.0865384615385	0.0	0.0	0.0	0.158878504673	0.0	0.311827956989	0.0	0.0	0.0744680851064	0.0	0.0	0.0	0.123595505618
18	1	1	0	0.0	0.0	0.25	0.0	0.0	0.0	0.0	0.0	0.0	0.0	0.24	0.0	0.0	0.0	0.1875	0.0	0.0	0.0	0.0	0.0
19	1	1	0	0.186274509804	0.0	0.0	0.0	0.16	0.0957446808511	0.0947368421053	0.11	0.214285714286	0.0	0.0	0.166666666667	0.0	0.188118811881	0.0	0.141414141414	0.0	0.0	0.0	0.11320754717
20	1	1	0	0.0	0.0	0.161616161616	0.0	0.0	0.0	0.0	0.0	0.0	0.0	0.173913043478	0.0	0.0	0.0	0.15	0.0	0.0	0.0	0.0	0.0
21	1	1	0	0.0	0.0	0.0	0.0	0.0	0.0	0.0	0.0	0.0	0.157407407407	0.0	0.0	0.0	0.263636363636	0.0	0.0	0.128205128205	0.254716981132	0.0	0.0
22	1	1	0	0.0	0.0	0.0	0.0	0.0	0.0	0.0	0.0	0.0	0.13829787234	0.0	0.0	0.0	0.309278350515	0.0	0.0	0.152173913043	0.233333333333	0.0	0.0
23	1	1	0	0.0	0.0	0.0	0.0	0.0	0.0	0.0	0.0	0.0	0.0480769230769	0.0	0.0	0.0	0.212389380531	0.0	0.0	0.12380952381	0.161616161616	0.0	0.0
24	1	1	0	0.272727272727	0.0	0.0	0.0	0.113402061856	0.132653061224	0.144230769231	0.104166666667	0.224299065421	0.0	0.0	0.119266055046	0.0	0.288461538462	0.0	0.0967741935484	0.0	0.0	0.0	0.1125
25	1	1	0	0.107438016529	0.0	0.126315789474	0.147368421053	0.197916666667	0.103448275862	0.1875	0.298850574713	0.277777777778	0.168316831683	0.190476190476	0.339622641509	0.292682926829	0.205128205128	0.2	0.305882352941	0.0	0.0	0.0	0.240384615385
26	1	1	0	0.0	0.0	0.237704918033	0.0	0.0	0.0	0.0	0.0	0.0	0.0	0.330434782609	0.0	0.0	0.0	0.163636363636	0.0	0.0	0.0	0.0	0.0
27	1	1	0	0.168316831683	0.0	0.405660377358	0.49	0.326732673267	0.349397590361	0.210526315789	0.355140186916	0.299065420561	0.141304347826	0.185567010309	0.336842105263	0.221153846154	0.231578947368	0.234567901235	0.444444444444	0.112068965517	0.119565217391	0.211111111111	0.1875
28	1	1	0	0.0	0.0	0.194174757282	0.0	0.0	0.0	0.0	0.0	0.0	0.0	0.271844660194	0.0	0.0	0.0	0.123711340206	0.0	0.0	0.0	0.0	0.0
29	1	1	0	0.0	0.0	0.185567010309	0.0	0.0	0.0	0.0	0.0	0.0	0.0	0.31914893617	0.0	0.0	0.0	0.158878504673	0.0	0.0	0.0	0.0	0.0
30	1	1	0	0.216494845361	0.0	0.0	0.0	0.14	0.0810810810811	0.15	0.181818181818	0.261904761905	0.0	0.0	0.102803738318	0.0	0.185185185185	0.0	0.105882352941	0.0	0.0	0.0	0.038961038961
31	1	1	0	0.223404255319	0.0	0.0	0.0	0.142857142857	0.0940170940171	0.152380952381	0.0683760683761	0.205357142857	0.0	0.0	0.08	0.0	0.174757281553	0.0	0.12	0.0	0.0	0.0	0.107142857143
32	1	1	0	0.0	0.0	0.0	0.0	0.0	0.0	0.0	0.0	0.0	0.175824175824	0.0	0.0	0.0	0.311926605505	0.0	0.0	0.16935483871	0.2	0.0	0.0
33	1	1	0	0.0	0.0	0.0	0.0	0.0	0.0	0.0	0.0	0.0	0.162162162162	0.0	0.0	0.0	0.326086956522	0.0	0.0	0.175824175824	0.1875	0.0	0.0
34	1	1	0	0.0	0.0	0.0853658536585	0.211009174312	0.0	0.131578947368	0.14	0.0	0.0	0.0	0.21568627451	0.0	0.227272727273	0.0	0.0	0.0582524271845	0.0	0.0	0.0	0.0537634408602
35	1	1	0	0.0	0.0	0.212121212121	0.0	0.0	0.0	0.0	0.0	0.0	0.0	0.214285714286	0.0	0.0	0.0	0.193181818182	0.0	0.0	0.0	0.0	0.0
36	1	1	0	0.0	0.0	0.261261261261	0.0	0.0	0.0	0.0	0.0	0.0	0.0	0.295652173913	0.0	0.0	0.0	0.159574468085	0.0	0.0	0.0	0.0	0.0
37	1	1	0	0.0	0.0	0.141414141414	0.0	0.0	0.0	0.0	0.0	0.0	0.0	0.309278350515	0.0	0.0	0.0	0.113636363636	0.0	0.0	0.0	0.0	0.0
38	1	1	0	0.0	0.0	0.0	0.0	0.0	0.0	0.137254901961	0.0	0.295918367347	0.113402061856	0.0	0.102803738318	0.292134831461	0.0	0.0	0.0	0.0	0.0	0.0888888888889	0.0
39	1	1	0	0.0	0.0	0.0888888888889	0.310344827586	0.0	0.0932203389831	0.11214953271	0.0	0.0	0.0	0.263736263736	0.0	0.142857142857	0.0	0.0	0.0736842105263	0.0	0.0	0.0	0.0824742268041
40	1	1	0	0.295454545455	0.0	0.0	0.0	0.174757281553	0.139784946237	0.0747663551402	0.140845070423	0.300970873786	0.0	0.0	0.0842105263158	0.0	0.23	0.0	0.0810810810811	0.0	0.0	0.0	0.127450980392
41	1	1	0	0.25	0.0	0.0	0.0	0.155555555556	0.163636363636	0.11	0.107843137255	0.234693877551	0.0	0.0	0.125	0.0	0.141176470588	0.0	0.095652173913	0.0	0.0	0.0	0.103092783505
42	1	1	0	0.183673469388	0.0	0.0	0.0	0.137254901961	0.0337078651685	0.102040816327	0.0925925925926	0.291262135922	0.0	0.0	0.165289256198	0.0	0.247191011236	0.0	0.0555555555556	0.0	0.0	0.0	0.112359550562
43	1	1	0	0.19587628866	0.0	0.304347826087	0.455555555556	0.422222222222	0.34693877551	0.221052631579	0.351063829787	0.288461538462	0.18085106383	0.222222222222	0.302083333333	0.225225225225	0.208791208791	0.204081632653	0.461538461538	0.130841121495	0.144329896907	0.161290322581	0.263736263736
44	1	1	0	0.0	0.0	0.151785714286	0.0	0.0	0.0	0.0	0.0	0.0	0.0	0.288659793814	0.0	0.0	0.0	0.154761904762	0.0	0.0	0.0	0.0	0.0
45	1	1	0	0.0	0.0	0.0	0.0	0.0	0.0	0.151260504202	0.0	0.274725274725	0.0833333333333	0.0	0.132075471698	0.253731343284	0.0	0.0	0.0	0.0	0.0	0.158415841584	0.0
46	1	1	0	0.135416666667	0.0	0.260416666667	0.533980582524	0.245283018868	0.303370786517	0.227722772277	0.362831858407	0.315789473684	0.172043010753	0.198113207547	0.296296296296	0.235772357724	0.157303370787	0.216494845361	0.53125	0.172839506173	0.155555555556	0.12	0.223529411765
47	1	1	0	0.0	0.0	0.0	0.0	0.0	0.0	0.1375	0.0	0.237288135593	0.0990990990991	0.0	0.114942528736	0.297619047619	0.0	0.0	0.0	0.0	0.0	0.0862068965517	0.0
48	1	1	0	0.0	0.0	0.207317073171	0.0	0.0	0.0	0.0	0.0	0.0	0.0	0.318681318681	0.0	0.0	0.0	0.175824175824	0.0	0.0	0.0	0.0	0.0
49	1	1	0	0.0	0.0	0.135922330097	0.0	0.0	0.0	0.0	0.0	0.0	0.0	0.233009708738	0.0	0.0	0.0	0.131868131868	0.0	0.0	0.0	0.0	0.0
50	1	1	0	0.0	0.0	0.161904761905	0.0	0.0	0.0	0.0	0.0	0.0	0.0	0.238532110092	0.0	0.0	0.0	0.150943396226	0.0	0.0	0.0	0.0	0.0
51	1	1	0	0.188034188034	0.158878504673	0.342592592593	0.536585365854	0.296703296703	0.366071428571	0.260416666667	0.405405405405	0.22	0.134020618557	0.247619047619	0.449438202247	0.16814159292	0.189189189189	0.336363636364	0.479591836735	0.247422680412	0.115702479339	0.10101010101	0.150442477876
52	1	1	0	0.196078431373	0.0	0.0	0.0	0.170212765957	0.146788990826	0.128712871287	0.111111111111	0.30612244898	0.0	0.0	0.0612244897959	0.0	0.228571428571	0.0	0.144230769231	0.0	0.0	0.0	0.130952380952
53	1	1	0	0.0	0.0	0.166666666667	0.0	0.0	0.0	0.0	0.0	0.0	0.0	0.247191011236	0.0	0.0	0.0	0.204081632653	0.0	0.0	0.0	0.0	0.0
54	1	1	0	0.214953271028	0.0	0.347107438017	0.486956521739	0.340206185567	0.387755102041	0.235294117647	0.427083333333	0.302325581395	0.126213592233	0.169642857143	0.238532110092	0.168224299065	0.1875	0.325301204819	0.505263157895	0.12389380531	0.122448979592	0.158878504673	0.2
55	1	1	0	0.0	0.0	0.218181818182	0.165048543689	0.0	0.132075471698	0.122807017544	0.0	0.0	0.0	0.12	0.0	0.270588235294	0.0	0.0	0.0925925925926	0.0	0.0	0.0	0.0714285714286
56	1	1	0	0.188118811881	0.0	0.153846153846	0.230769230769	0.141304347826	0.28431372549	0.210526315789	0.236842105263	0.223404255319	0.133333333333	0.155172413793	0.277227722772	0.231481481481	0.175925925926	0.231578947368	0.316326530612	0.0	0.0	0.0	0.257425742574
57	1	1	0	0.0	0.0	0.151785714286	0.0	0.0	0.0	0.0	0.0	0.0	0.0	0.293577981651	0.0	0.0	0.0	0.127906976744	0.0	0.0	0.0	0.0	0.0
58	1	1	0	0.194915254237	0.0	0.0	0.0	0.147368421053	0.144329896907	0.197916666667	0.0818181818182	0.333333333333	0.0	0.0	0.108910891089	0.0	0.25	0.0	0.0948275862069	0.0	0.0	0.0	0.0918367346939
59	1	1	0	0.0	0.0	0.0	0.0	0.1875	0.171428571429	0.107843137255	0.0	0.0	0.0	0.0	0.0	0.0	0.0	0.0	0.0	0.188888888889	0.0744680851064	0.0	0.20202020202
60	1	1	0	0.0	0.0	0.155172413793	0.0	0.0	0.0	0.0	0.0	0.0	0.0	0.215909090909	0.0	0.0	0.0	0.123711340206	0.0	0.0	0.0	0.0	0.0
61	1	1	0	0.0	0.0	0.138613861386	0.0	0.0	0.0	0.0	0.0	0.0	0.0	0.326732673267	0.0	0.0	0.0	0.147058823529	0.0	0.0	0.0	0.0	0.0
62	1	1	0	0.203883495146	0.0	0.357894736842	0.431578947368	0.336842105263	0.307692307692	0.271739130435	0.352941176471	0.317307692308	0.172413793103	0.229357798165	0.353535353535	0.259259259259	0.232323232323	0.225806451613	0.52427184466	0.131313131313	0.173913043478	0.175257731959	0.186813186813
63	1	1	0	0.0	0.0	0.181818181818	0.0	0.0	0.0	0.0	0.0	0.0	0.0	0.313725490196	0.0	0.0	0.0	0.18018018018	0.0	0.0	0.0	0.0	0.0
64	1	1	0	0.0	0.0	0.138613861386	0.205882352941	0.0	0.0652173913043	0.0510204081633	0.0	0.0	0.0	0.235294117647	0.0	0.182795698925	0.0	0.0	0.105769230769	0.0	0.0	0.0	0.0243902439024
65	1	1	0	0.216494845361	0.186813186813	0.39175257732	0.504201680672	0.308641975309	0.308510638298	0.20618556701	0.428571428571	0.211538461538	0.20202020202	0.212765957447	0.43956043956	0.232142857143	0.19298245614	0.26213592233	0.446808510638	0.35632183908	0.155339805825	0.19	0.230088495575
66	1	1	0	0.215053763441	0.0	0.0	0.0	0.0964912280702	0.09	0.0882352941176	0.0833333333333	0.16	0.0	0.0	0.0818181818182	0.0	0.203883495146	0.0	0.0891089108911	0.0	0.0	0.0	0.0947368421053
67	1	1	0	0.0	0.0	0.0	0.0	0.0	0.0	0.10101010101	0.0	0.283018867925	0.046511627907	0.0	0.0833333333333	0.290322580645	0.0	0.0	0.0	0.0	0.0	0.116279069767	0.0
68	1	1	0	0.0	0.0	0.238095238095	0.0	0.0	0.0	0.0	0.0	0.0	0.0	0.305555555556	0.0	0.0	0.0	0.111111111111	0.0	0.0	0.0	0.0	0.0
69	1	1	0	0.0	0.0	0.0	0.0	0.0	0.0	0.0	0.0	0.0	0.13829787234	0.0	0.0	0.0	0.264705882353	0.0	0.0	0.10843373494	0.16091954023	0.0	0.0
70	1	1	0	0.0	0.0	0.230088495575	0.0	0.0	0.0	0.0	0.0	0.0	0.0	0.268907563025	0.0	0.0	0.0	0.141025641026	0.0	0.0	0.0	0.0	0.0
71	1	1	0	0.0	0.0	0.127659574468	0.209523809524	0.0	0.158536585366	0.141414141414	0.0	0.0	0.0	0.237623762376	0.0	0.292452830189	0.0	0.0	0.0673076923077	0.0	0.0	0.0	0.0618556701031
72	1	1	0	0.0	0.0	0.151515151515	0.0	0.0	0.0	0.0	0.0	0.0	0.0	0.291262135922	0.0	0.0	0.0	0.177570093458	0.0	0.0	0.0	0.0	0.0
73	1	1	0	0.0	0.0	0.129411764706	0.22619047619	0.0	0.0877192982456	0.09375	0.0	0.0	0.0	0.165048543689	0.0	0.1875	0.0	0.0	0.106796116505	0.0	0.0	0.0	0.108527131783
74	1	1	0	0.0	0.0	0.137614678899	0.244444444444	0.0	0.0679611650485	0.132653061224	0.0	0.0	0.0	0.240740740741	0.0	0.207920792079	0.0	0.0	0.215053763441	0.0	0.0	0.0	0.108695652174
75	1	1	0	0.0	0.0	0.0869565217391	0.216494845361	0.0	0.0919540229885	0.0769230769231	0.0	0.0	0.0	0.27619047619	0.0	0.271929824561	0.0	0.0	0.111111111111	0.0	0.0	0.0	0.0918367346939
76	1	1	0	0.0	0.0	0.153846153846	0.0	0.0	0.0	0.0	0.0	0.0	0.0	0.242718446602	0.0	0.0	0.0	0.173913043478	0.0	0.0	0.0	0.0	0.0
77	1	1	0	0.280898876404	0.197916666667	0.291666666667	0.508196721311	0.342105263158	0.31	0.31	0.294117647059	0.320388349515	0.0917431192661	0.26	0.405172413793	0.239669421488	0.178217821782	0.276315789474	0.444444444444	0.22641509434	0.0947368421053	0.170731707317	0.204081632653
78	1	1	0	0.0	0.0	0.195652173913	0.0	0.0	0.0	0.0	0.0	0.0	0.0	0.273684210526	0.0	0.0	0.0	0.202127659574	0.0	0.0	0.0	0.0	0.0
79	1	1	0	0.0	0.0	0.0	0.0	0.0	0.0	0.0	0.0	0.0	0.163043478261	0.0	0.0	0.0	0.375	0.0	0.0	0.138613861386	0.217821782178	0.0	0.0
80	1	1	0	0.0	0.0	0.193548387097	0.0	0.0	0.0	0.0	0.0	0.0	0.0	0.218390804598	0.0	0.0	0.0	0.162790697674	0.0	0.0	0.0	0.0	0.0
81	1	1	0	0.0	0.0	0.190476190476	0.0	0.0	0.0	0.0	0.0	0.0	0.0	0.35	0.0	0.0	0.0	0.159090909091	0.0	0.0	0.0	0.0	0.0
82	1	1	0	0.0	0.0	0.222222222222	0.0	0.0	0.0	0.0	0.0	0.0	0.0	0.178947368421	0.0	0.0	0.0	0.144230769231	0.0	0.0	0.0	0.0	0.0
83	1	1	0	0.21568627451	0.229357798165	0.369565217391	0.536842105263	0.350515463918	0.354838709677	0.247933884298	0.340425531915	0.224489795918	0.108695652174	0.247058823529	0.360824742268	0.223214285714	0.252747252747	0.364485981308	0.418181818182	0.186046511628	0.13	0.144329896907	0.225490196078
84	1	1	0	0.0	0.0	0.17	0.1875	0.0	0.0686274509804	0.118279569892	0.0	0.0	0.0	0.231578947368	0.0	0.225490196078	0.0	0.0	0.111111111111	0.0	0.0	0.0	0.121212121212
85	1	1	0	0.233333333333	0.0	0.35	0.511363636364	0.372881355932	0.313253012048	0.211009174312	0.329896907216	0.254901960784	0.131868131868	0.195402298851	0.236363636364	0.114285714286	0.225563909774	0.230088495575	0.5	0.0714285714286	0.117021276596	0.104761904762	0.191489361702
86	1	1	0	0.0	0.0	0.0	0.0	0.0	0.0	0.0	0.0	0.0	0.130841121495	0.0	0.0	0.0	0.320987654321	0.0	0.0	0.0934579439252	0.165289256198	0.0	0.0
87	1	1	0	0.0	0.0	0.0	0.0	0.0	0.0	0.0	0.0	0.0	0.163265306122	0.0	0.0	0.0	0.265306122449	0.0	0.0	0.121495327103	0.122222222222	0.0	0.0
88	1	1	0	0.194444444444	0.0	0.342342342342	0.505882352941	0.376237623762	0.432989690722	0.164705882353	0.353535353535	0.315217391304	0.178217821782	0.185185185185	0.25	0.224	0.215053763441	0.173913043478	0.553571428571	0.0860215053763	0.134831460674	0.135135135135	0.184210526316
89	1	1	0	0.193548387097	0.194690265487	0.292929292929	0.474747474747	0.324786324786	0.333333333333	0.263157894737	0.360824742268	0.302325581395	0.130434782609	0.313725490196	0.429824561404	0.21568627451	0.15652173913	0.326315789474	0.529411764706	0.177966101695	0.126436781609	0.193548387097	0.201834862385
90	1	1	0	0.3125	0.287356321839	0.126582278481	0.0	0.104761904762	0.128712871287	0.145833333333	0.188679245283	0.0	0.144230769231	0.3	0.0	0.0	0.0	0.144	0.0	0.14	0.162162162162	0.278481012658	0.373831775701
91	1	1	0	0.0	0.0	0.230769230769	0.0	0.0	0.0	0.0	0.0	0.0	0.0	0.316831683168	0.0	0.0	0.0	0.157303370787	0.0	0.0	0.0	0.0	0.0
92	1	1	0	0.0	0.0	0.0	0.0	0.0	0.0	0.0	0.0	0.0	0.130081300813	0.0	0.0	0.0	0.283185840708	0.0	0.0	0.132530120482	0.205882352941	0.0	0.0
93	1	1	0	0.0	0.0	0.169491525424	0.0	0.0	0.0	0.0	0.0	0.0	0.0	0.296703296703	0.0	0.0	0.0	0.0733944954128	0.0	0.0	0.0	0.0	0.0
94	1	1	0	0.0	0.0	0.204819277108	0.0	0.0	0.0	0.0	0.0	0.0	0.0	0.197916666667	0.0	0.0	0.0	0.147058823529	0.0	0.0	0.0	0.0	0.0
95	1	1	0	0.235772357724	0.0	0.242990654206	0.522222222222	0.358695652174	0.339130434783	0.271028037383	0.307692307692	0.288659793814	0.118279569892	0.277108433735	0.274725274725	0.295454545455	0.227272727273	0.245098039216	0.443298969072	0.117117117117	0.134615384615	0.160377358491	0.141592920354
96	1	1	0	0.0	0.0	0.115044247788	0.0	0.0	0.0	0.0	0.0	0.0	0.0	0.314814814815	0.0	0.0	0.0	0.140495867769	0.0	0.0	0.0	0.0	0.0
97	1	1	0	0.171717171717	0.0	0.262626262626	0.471153846154	0.28125	0.315789473684	0.287234042553	0.343137254902	0.212121212121	0.0909090909091	0.206896551724	0.238095238095	0.208333333333	0.152941176471	0.127659574468	0.484536082474	0.0720720720721	0.106382978723	0.178571428571	0.247422680412
98	1	1	0	0.0	0.0	0.110091743119	0.262711864407	0.0	0.0909090909091	0.121212121212	0.0	0.0	0.0	0.224489795918	0.0	0.234234234234	0.0	0.0	0.112244897959	0.0	0.0	0.0	0.10752688172
99	1	1	0	0.222222222222	0.0	0.0	0.0	0.110091743119	0.10101010101	0.157407407407	0.0660377358491	0.340425531915	0.0	0.0	0.11214953271	0.0	0.226804123711	0.0	0.1	0.0	0.0	0.0	0.0759493670886
100	1	1	0	0.0	0.0	0.0	0.0	0.0	0.0	0.0	0.0	0.0	0.121495327103	0.0	0.0	0.0	0.245283018868	0.0	0.0	0.114583333333	0.2	0.0	0.0
