#chr	position	description	normal	sample0	sample1	sample2	sample3	sample4	sample5	sample6	sample7	sample8	sample9	sample10	sample11	sample12	sample13	sample14	sample15	sample16	sample17	sample18	sample19
1	1	1	0	0.0	0.0	0.0	0.0	0.0	0.0	0.0	0.0	0.20618556701	0.0970873786408	0.15625	0.241379310345	0.0	0.0	0.203703703704	0.0	0.288659793814	0.0	0.105263157895	0.0
2	1	1	0	0.0	0.0	0.0	0.0	0.0	0.0	0.0	0.0	0.333333333333	0.103773584906	0.252631578947	0.329268292683	0.0	0.0	0.23	0.0	0.282828282828	0.0	0.121739130435	0.0
3	1	1	0	0.0	0.0	0.0	0.0	0.0	0.0	0.0	0.0	0.184782608696	0.144578313253	0.20202020202	0.222222222222	0.0	0.0	0.153846153846	0.0	0.229885057471	0.0	0.19	0.0
4	1	1	0	0.443298969072	0.427184466019	0.253012048193	0.0	0.272727272727	0.2	0.0	0.613861386139	0.0	0.104761904762	0.179487179487	0.281818181818	0.467289719626	0.46017699115	0.12	0.485714285714	0.26	0.3125	0.130841121495	0.434343434343
5	1	1	0	0.35593220339	0.162162162162	0.306930693069	0.0	0.245283018868	0.0	0.0	0.424242424242	0.0	0.103773584906	0.0	0.0	0.136363636364	0.164948453608	0.216216216216	0.222222222222	0.0	0.145833333333	0.0	0.378640776699
6	1	1	0	0.0	0.123595505618	0.0	0.0	0.0	0.0	0.0	0.0	0.0	0.0	0.0	0.0	0.152173913043	0.0	0.0	0.237288135593	0.0	0.208695652174	0.186274509804	0.258064516129
7	1	1	0	0.358490566038	0.135135135135	0.277777777778	0.0	0.31914893617	0.0	0.0	0.345794392523	0.0	0.0964912280702	0.0	0.0	0.130434782609	0.238532110092	0.166666666667	0.191011235955	0.0	0.178947368421	0.0	0.234567901235
8	1	1	0	0.0	0.0	0.288888888889	0.233644859813	0.0	0.0	0.340909090909	0.0	0.0	0.0	0.0	0.0	0.0	0.0	0.0	0.0	0.0	0.0	0.0	0.0
9	1	1	0	0.170454545455	0.0	0.242105263158	0.0	0.141509433962	0.0	0.0	0.169811320755	0.0	0.130434782609	0.0	0.0	0.129032258065	0.0	0.0	0.289719626168	0.0	0.0	0.0	0.0
10	1	1	0	0.320987654321	0.40206185567	0.297520661157	0.0	0.239316239316	0.149122807018	0.0	0.456140350877	0.0	0.105263157895	0.182692307692	0.229885057471	0.4	0.451612903226	0.247787610619	0.491525423729	0.176470588235	0.330434782609	0.224489795918	0.6
11	1	1	0	0.174418604651	0.0	0.0	0.0	0.0733944954128	0.0	0.206611570248	0.0	0.0	0.0	0.151515151515	0.0	0.0	0.0733944954128	0.141509433962	0.0	0.0	0.0695652173913	0.0	0.0
12	1	1	0	0.366071428571	0.442477876106	0.223404255319	0.0	0.297872340426	0.186046511628	0.0	0.495412844037	0.0	0.0948275862069	0.165137614679	0.311827956989	0.418367346939	0.434782608696	0.22641509434	0.52	0.258064516129	0.413461538462	0.157894736842	0.423529411765
13	1	1	0	0.378151260504	0.424242424242	0.275862068966	0.0	0.30303030303	0.24	0.0	0.528846153846	0.0	0.0909090909091	0.254385964912	0.264705882353	0.444444444444	0.347826086957	0.177777777778	0.491071428571	0.264705882353	0.284210526316	0.158415841584	0.528301886792
14	1	1	0	0.0	0.0	0.0	0.0	0.0	0.0	0.0	0.0	0.141304347826	0.162162162162	0.148936170213	0.240740740741	0.0	0.0	0.166666666667	0.0	0.212121212121	0.0	0.136363636364	0.0
15	1	1	0	0.0	0.0921052631579	0.0	0.0	0.0	0.0	0.0	0.0	0.0	0.0	0.0	0.0	0.19	0.0	0.0	0.25	0.0	0.136363636364	0.178217821782	0.237623762376
16	1	1	0	0.0	0.0	0.0	0.25	0.134615384615	0.204081632653	0.0	0.0	0.278846153846	0.171717171717	0.0	0.0	0.0	0.0	0.0	0.0	0.0	0.0	0.204081632653	0.0
17	1	1	0	0.376237623762	0.417721518987	0.142857142857	0.0	0.264150943396	0.173913043478	0.0	0.581196581197	0.0	0.101265822785	0.2	0.213333333333	0.427184466019	0.494845360825	0.204918032787	0.453608247423	0.318181818182	0.369565217391	0.138613861386	0.548076923077
18	1	1	0	0.41	0.404255319149	0.162790697674	0.0	0.247422680412	0.173913043478	0.0	0.546391752577	0.0	0.148148148148	0.164948453608	0.325842696629	0.445454545455	0.46875	0.225806451613	0.505376344086	0.278350515464	0.363636363636	0.183673469388	0.572916666667
19	1	1	0	0.182608695652	0.0	0.223404255319	0.0	0.0888888888889	0.0	0.0	0.155963302752	0.0	0.0989010989011	0.0	0.0	0.109090909091	0.0	0.0	0.233333333333	0.0	0.0	0.0	0.0
20	1	1	0	0.204545454545	0.0	0.285714285714	0.0	0.0666666666667	0.0	0.0	0.103448275862	0.0	0.0769230769231	0.0	0.0	0.136842105263	0.0	0.0	0.262626262626	0.0	0.0	0.0	0.0
21	1	1	0	0.205882352941	0.0	0.193548387097	0.0	0.102040816327	0.0	0.0	0.21	0.0	0.112244897959	0.0	0.0	0.125	0.0	0.0	0.26724137931	0.0	0.0	0.0	0.0
22	1	1	0	0.454545454545	0.393939393939	0.345238095238	0.0	0.304347826087	0.173076923077	0.0	0.505050505051	0.0	0.112244897959	0.183673469388	0.252525252525	0.420454545455	0.406779661017	0.19387755102	0.56	0.26	0.289473684211	0.116504854369	0.510869565217
23	1	1	0	0.122448979592	0.0	0.293103448276	0.0	0.105769230769	0.0	0.0	0.19801980198	0.0	0.119658119658	0.0	0.0	0.138888888889	0.0	0.0	0.236363636364	0.0	0.0	0.0	0.0
24	1	1	0	0.0	0.0909090909091	0.0	0.0	0.0	0.0	0.0	0.0	0.0	0.0	0.0	0.0	0.103448275862	0.0	0.0	0.177570093458	0.0	0.177777777778	0.0918367346939	0.222222222222
25	1	1	0	0.0	0.0841121495327	0.0	0.0	0.0	0.0	0.0	0.0	0.0	0.0	0.0	0.0	0.115044247788	0.0	0.0	0.325396825397	0.0	0.170731707317	0.133333333333	0.220338983051
26	1	1	0	0.0659340659341	0.0	0.0	0.0	0.103448275862	0.0	0.183486238532	0.0	0.0	0.0	0.168674698795	0.0	0.0	0.194174757282	0.117117117117	0.0	0.0	0.137254901961	0.0	0.0
27	1	1	0	0.0652173913043	0.0	0.0	0.0	0.0857142857143	0.0	0.201834862385	0.0	0.0	0.0	0.114285714286	0.0	0.0	0.111111111111	0.145833333333	0.0	0.0	0.170454545455	0.0	0.0
28	1	1	0	0.0	0.0	0.0	0.0	0.0	0.0	0.0	0.0	0.174311926606	0.0873786407767	0.16091954023	0.201680672269	0.0	0.0	0.222222222222	0.0	0.21875	0.0	0.158878504673	0.0
29	1	1	0	0.231481481481	0.0	0.224299065421	0.0	0.126126126126	0.0	0.0	0.145833333333	0.0	0.130841121495	0.0	0.0	0.0571428571429	0.0	0.0	0.223300970874	0.0	0.0	0.0	0.0
30	1	1	0	0.0	0.0	0.0	0.0	0.0	0.0	0.0	0.0	0.28	0.182926829268	0.236559139785	0.212765957447	0.0	0.0	0.2	0.0	0.215909090909	0.0	0.178947368421	0.0
31	1	1	0	0.0	0.0	0.0	0.0	0.0	0.0	0.0	0.0	0.13829787234	0.171717171717	0.19801980198	0.220338983051	0.0	0.0	0.2	0.0	0.262626262626	0.0	0.148148148148	0.0
32	1	1	0	0.188679245283	0.0	0.207317073171	0.0	0.148936170213	0.0	0.0	0.075	0.0	0.141666666667	0.0	0.0	0.0980392156863	0.0	0.0	0.232142857143	0.0	0.0	0.0	0.0
33	1	1	0	0.0	0.0	0.0	0.0	0.0	0.0	0.0	0.0	0.252873563218	0.117647058824	0.135922330097	0.22641509434	0.0	0.0	0.174757281553	0.0	0.268041237113	0.0	0.219047619048	0.0
34	1	1	0	0.116071428571	0.0	0.0	0.0	0.0990099009901	0.0	0.239583333333	0.0	0.0	0.0	0.14953271028	0.0	0.0	0.134831460674	0.0754716981132	0.0	0.0	0.107843137255	0.0	0.0
35	1	1	0	0.0	0.0	0.0	0.0	0.0	0.0	0.0	0.0	0.192771084337	0.117647058824	0.223529411765	0.20987654321	0.0	0.0	0.21	0.0	0.264705882353	0.0	0.119565217391	0.0
36	1	1	0	0.0	0.0	0.254716981132	0.277777777778	0.0	0.0	0.322916666667	0.0	0.0	0.0	0.0	0.0	0.0	0.0	0.0	0.0	0.0	0.0	0.0	0.0
37	1	1	0	0.0	0.0	0.0	0.228915662651	0.127659574468	0.202380952381	0.0	0.0	0.21568627451	0.153153153153	0.0	0.0	0.0	0.0	0.0	0.0	0.0	0.0	0.145454545455	0.0
38	1	1	0	0.165048543689	0.0	0.252427184466	0.0	0.12380952381	0.0	0.0	0.168539325843	0.0	0.126213592233	0.0	0.0	0.123966942149	0.0	0.0	0.280373831776	0.0	0.0	0.0	0.0
39	1	1	0	0.0	0.103092783505	0.0	0.0	0.0	0.0	0.0	0.0	0.0	0.0	0.0	0.0	0.157407407407	0.0	0.0	0.184615384615	0.0	0.151515151515	0.285714285714	0.181818181818
40	1	1	0	0.0	0.0	0.0	0.0	0.0	0.0	0.0	0.0	0.215909090909	0.128440366972	0.0952380952381	0.257731958763	0.0	0.0	0.159090909091	0.0	0.27358490566	0.0	0.129032258065	0.0
41	1	1	0	0.0	0.0	0.0	0.238095238095	0.128205128205	0.215517241379	0.0	0.0	0.301886792453	0.173469387755	0.0	0.0	0.0	0.0	0.0	0.0	0.0	0.0	0.177083333333	0.0
42	1	1	0	0.0	0.0786516853933	0.0	0.0	0.0	0.0	0.0	0.0	0.0	0.0	0.0	0.0	0.0990990990991	0.0	0.0	0.234567901235	0.0	0.0917431192661	0.0897435897436	0.18691588785
43	1	1	0	0.393939393939	0.10752688172	0.25	0.0	0.295918367347	0.0	0.0	0.319327731092	0.0	0.158878504673	0.0	0.0	0.174757281553	0.19801980198	0.202127659574	0.269230769231	0.0	0.144329896907	0.0	0.302083333333
44	1	1	0	0.0	0.110091743119	0.0	0.0	0.0	0.0	0.0	0.0	0.0	0.0	0.0	0.0	0.0952380952381	0.0	0.0	0.252336448598	0.0	0.12037037037	0.207547169811	0.154761904762
45	1	1	0	0.0	0.0686274509804	0.0	0.0	0.0	0.0	0.0	0.0	0.0	0.0	0.0	0.0	0.0947368421053	0.0	0.0	0.186813186813	0.0	0.11320754717	0.158878504673	0.275510204082
46	1	1	0	0.0	0.117647058824	0.0	0.0	0.0	0.0	0.0	0.0	0.0	0.0	0.0	0.0	0.151515151515	0.0	0.0	0.226804123711	0.0	0.0636363636364	0.178217821782	0.214285714286
47	1	1	0	0.0	0.0	0.0	0.0	0.0	0.0	0.0	0.0	0.228070175439	0.135593220339	0.236363636364	0.218390804598	0.0	0.0	0.181818181818	0.0	0.336956521739	0.0	0.190909090909	0.0
48	1	1	0	0.445652173913	0.395604395604	0.247311827957	0.0	0.265306122449	0.213675213675	0.0	0.622222222222	0.0	0.126213592233	0.18	0.256637168142	0.470085470085	0.417582417582	0.26213592233	0.576923076923	0.289156626506	0.298969072165	0.18	0.48623853211
49	1	1	0	0.333333333333	0.345132743363	0.21359223301	0.0	0.265957446809	0.290909090909	0.0	0.494623655914	0.0	0.113402061856	0.163043478261	0.264367816092	0.469565217391	0.355769230769	0.177083333333	0.443181818182	0.217391304348	0.351851851852	0.210526315789	0.458333333333
50	1	1	0	0.0	0.0	0.208791208791	0.228260869565	0.0	0.0	0.306930693069	0.0	0.0	0.0	0.0	0.0	0.0	0.0	0.0	0.0	0.0	0.0	0.0	0.0
51	1	1	0	0.0	0.158415841584	0.0	0.0	0.0	0.0	0.0	0.0	0.0	0.0	0.0	0.0	0.203883495146	0.0	0.0	0.168539325843	0.0	0.157894736842	0.175824175824	0.19512195122
52	1	1	0	0.0	0.138888888889	0.0	0.0	0.0	0.0	0.0	0.0	0.0	0.0	0.0	0.0	0.099173553719	0.0	0.0	0.3125	0.0	0.129411764706	0.232142857143	0.188118811881
53	1	1	0	0.325581395349	0.105263157895	0.317307692308	0.0	0.211538461538	0.0	0.0	0.394736842105	0.0	0.0618556701031	0.0	0.0	0.156862745098	0.223300970874	0.19801980198	0.275510204082	0.0	0.0860215053763	0.0	0.28
54	1	1	0	0.224719101124	0.0	0.232558139535	0.0	0.102803738318	0.0	0.0	0.204301075269	0.0	0.0917431192661	0.0	0.0	0.132075471698	0.0	0.0	0.285714285714	0.0	0.0	0.0	0.0
55	1	1	0	0.0	0.19387755102	0.0	0.0	0.0	0.0	0.0	0.0	0.0	0.0	0.0	0.0	0.0752688172043	0.0	0.0	0.231481481481	0.0	0.129032258065	0.0917431192661	0.196261682243
56	1	1	0	0.203883495146	0.0	0.237288135593	0.0	0.15306122449	0.0	0.0	0.182795698925	0.0	0.039603960396	0.0	0.0	0.196581196581	0.0	0.0	0.268041237113	0.0	0.0	0.0	0.0
57	1	1	0	0.406593406593	0.292929292929	0.25	0.0	0.284482758621	0.171428571429	0.0	0.5	0.0	0.0574712643678	0.241379310345	0.279569892473	0.362831858407	0.401960784314	0.204545454545	0.444444444444	0.270833333333	0.222222222222	0.144144144144	0.393258426966
58	1	1	0	0.15	0.0	0.181818181818	0.0	0.141304347826	0.0	0.0	0.158878504673	0.0	0.134020618557	0.0	0.0	0.0923076923077	0.0	0.0	0.283018867925	0.0	0.0	0.0	0.0
59	1	1	0	0.0434782608696	0.0	0.0	0.0	0.105769230769	0.0	0.228571428571	0.0	0.0	0.0	0.0654205607477	0.0	0.0	0.0689655172414	0.142857142857	0.0	0.0	0.0526315789474	0.0	0.0
60	1	1	0	0.2125	0.0	0.141414141414	0.0	0.115384615385	0.0	0.0	0.103092783505	0.0	0.108108108108	0.0	0.0	0.152173913043	0.0	0.0	0.292134831461	0.0	0.0	0.0	0.0
61	1	1	0	0.0	0.0	0.0	0.0	0.0	0.0	0.0	0.0	0.245283018868	0.150943396226	0.238532110092	0.179775280899	0.0	0.0	0.11320754717	0.0	0.26	0.0	0.202247191011	0.0
62	1	1	0	0.196261682243	0.0	0.0	0.0	0.0824742268041	0.0	0.23595505618	0.0	0.0	0.0	0.0625	0.0	0.0	0.113636363636	0.0782608695652	0.0	0.0	0.0666666666667	0.0	0.0
63	1	1	0	0.0	0.131578947368	0.0	0.0	0.0	0.0	0.0	0.0	0.0	0.0	0.0	0.0	0.153846153846	0.0	0.0	0.275510204082	0.0	0.150537634409	0.121212121212	0.160714285714
64	1	1	0	0.0	0.0	0.0	0.0	0.0	0.0	0.0	0.0	0.261261261261	0.168224299065	0.18487394958	0.18	0.0	0.0	0.205607476636	0.0	0.284210526316	0.0	0.102272727273	0.0
65	1	1	0	0.0	0.0727272727273	0.0	0.0	0.0	0.0	0.0	0.0	0.0	0.0	0.0	0.0	0.155172413793	0.0	0.0	0.317647058824	0.0	0.102803738318	0.186274509804	0.2
66	1	1	0	0.39603960396	0.357142857143	0.166666666667	0.0	0.292452830189	0.173469387755	0.0	0.485981308411	0.0	0.162162162162	0.157894736842	0.295238095238	0.464285714286	0.467213114754	0.280373831776	0.587628865979	0.305263157895	0.357142857143	0.161616161616	0.453608247423
67	1	1	0	0.254545454545	0.0	0.261363636364	0.0	0.154639175258	0.0	0.0	0.176470588235	0.0	0.114285714286	0.0	0.0	0.161904761905	0.0	0.0	0.230769230769	0.0	0.0	0.0	0.0
68	1	1	0	0.0	0.0	0.0	0.0	0.0	0.0	0.0	0.0	0.266055045872	0.0526315789474	0.240384615385	0.218181818182	0.0	0.0	0.204301075269	0.0	0.205607476636	0.0	0.179775280899	0.0
69	1	1	0	0.31	0.395348837209	0.213675213675	0.0	0.263157894737	0.218390804598	0.0	0.474747474747	0.0	0.145454545455	0.126436781609	0.234042553191	0.36036036036	0.396226415094	0.222222222222	0.547169811321	0.175	0.34375	0.12380952381	0.514285714286
70	1	1	0	0.353535353535	0.347826086957	0.268292682927	0.0	0.252873563218	0.215053763441	0.0	0.457446808511	0.0	0.126984126984	0.191489361702	0.264367816092	0.362637362637	0.350515463918	0.180952380952	0.459459459459	0.247619047619	0.366071428571	0.191919191919	0.5
71	1	1	0	0.0	0.106382978723	0.0	0.0	0.0	0.0	0.0	0.0	0.0	0.0	0.0	0.0	0.0843373493976	0.0	0.0	0.266666666667	0.0	0.195652173913	0.182795698925	0.221153846154
72	1	1	0	0.174311926606	0.0	0.25	0.0	0.168224299065	0.0	0.0	0.118811881188	0.0	0.12037037037	0.0	0.0	0.152380952381	0.0	0.0	0.265306122449	0.0	0.0	0.0	0.0
73	1	1	0	0.0	0.0	0.0	0.0	0.0	0.0	0.0	0.0	0.240384615385	0.205357142857	0.174757281553	0.224719101124	0.0	0.0	0.234782608696	0.0	0.286956521739	0.0	0.15652173913	0.0
74	1	1	0	0.413043478261	0.425925925926	0.265957446809	0.0	0.230769230769	0.130841121495	0.0	0.52	0.0	0.137614678899	0.119565217391	0.25	0.37	0.426966292135	0.193181818182	0.485981308411	0.204301075269	0.304761904762	0.174757281553	0.5
75	1	1	0	0.0	0.0	0.0	0.0	0.0	0.0	0.0	0.0	0.252252252252	0.112244897959	0.135416666667	0.245098039216	0.0	0.0	0.241758241758	0.0	0.173076923077	0.0	0.175925925926	0.0
76	1	1	0	0.362637362637	0.481927710843	0.265306122449	0.0	0.309090909091	0.211538461538	0.0	0.444444444444	0.0	0.150537634409	0.127659574468	0.302083333333	0.393939393939	0.413793103448	0.219298245614	0.533898305085	0.282352941176	0.25	0.105769230769	0.52380952381
77	1	1	0	0.410256410256	0.456310679612	0.198198198198	0.0	0.271028037383	0.189473684211	0.0	0.46875	0.0	0.144444444444	0.21	0.139240506329	0.446808510638	0.475247524752	0.263157894737	0.494845360825	0.270833333333	0.311320754717	0.228260869565	0.552941176471
78	1	1	0	0.0	0.0	0.0	0.0	0.0	0.0	0.0	0.0	0.257425742574	0.0900900900901	0.171717171717	0.216981132075	0.0	0.0	0.174311926606	0.0	0.270833333333	0.0	0.161290322581	0.0
79	1	1	0	0.0	0.0	0.0	0.0	0.0	0.0	0.0	0.0	0.204545454545	0.144578313253	0.15306122449	0.21568627451	0.0	0.0	0.2	0.0	0.269565217391	0.0	0.179245283019	0.0
80	1	1	0	0.0	0.0	0.0	0.204081632653	0.132653061224	0.207920792079	0.0	0.0	0.362745098039	0.0879120879121	0.0	0.0	0.0	0.0	0.0	0.0	0.0	0.0	0.160714285714	0.0
81	1	1	0	0.0	0.063829787234	0.0	0.0	0.0	0.0	0.0	0.0	0.0	0.0	0.0	0.0	0.114583333333	0.0	0.0	0.212765957447	0.0	0.173333333333	0.158415841584	0.296610169492
82	1	1	0	0.321100917431	0.112359550562	0.244897959184	0.0	0.25	0.0	0.0	0.274725274725	0.0	0.122222222222	0.0	0.0	0.0990990990991	0.197916666667	0.238095238095	0.229166666667	0.0	0.138888888889	0.0	0.255102040816
83	1	1	0	0.0	0.136752136752	0.0	0.0	0.0	0.0	0.0	0.0	0.0	0.0	0.0	0.0	0.112359550562	0.0	0.0	0.252747252747	0.0	0.11214953271	0.139534883721	0.247422680412
84	1	1	0	0.168316831683	0.0	0.21978021978	0.0	0.129032258065	0.0	0.0	0.120481927711	0.0	0.100917431193	0.0	0.0	0.135922330097	0.0	0.0	0.208333333333	0.0	0.0	0.0	0.0
85	1	1	0	0.166666666667	0.0	0.227272727273	0.0	0.12962962963	0.0	0.0	0.194174757282	0.0	0.137614678899	0.0	0.0	0.155555555556	0.0	0.0	0.25	0.0	0.0	0.0	0.0
86	1	1	0	0.381443298969	0.137254901961	0.230769230769	0.0	0.229166666667	0.0	0.0	0.390243902439	0.0	0.0841121495327	0.0	0.0	0.0961538461538	0.194690265487	0.220183486239	0.274336283186	0.0	0.188235294118	0.0	0.272727272727
87	1	1	0	0.0	0.0873786407767	0.0	0.0	0.0	0.0	0.0	0.0	0.0	0.0	0.0	0.0	0.142857142857	0.0	0.0	0.244897959184	0.0	0.136842105263	0.130434782609	0.266129032258
88	1	1	0	0.130434782609	0.0	0.279069767442	0.0	0.107843137255	0.0	0.0	0.19512195122	0.0	0.141176470588	0.0	0.0	0.116504854369	0.0	0.0	0.223404255319	0.0	0.0	0.0	0.0
89	1	1	0	0.423076923077	0.157407407407	0.18	0.0	0.0849056603774	0.0	0.0	0.0957446808511	0.0	0.113636363636	0.0	0.0	0.122222222222	0.182795698925	0.203703703704	0.307692307692	0.0	0.0	0.0	0.252427184466
90	1	1	0	0.0	0.0	0.0	0.0	0.0	0.0	0.0	0.0	0.266055045872	0.142857142857	0.292134831461	0.271739130435	0.0	0.0	0.151162790698	0.0	0.206896551724	0.0	0.152173913043	0.0
91	1	1	0	0.166666666667	0.153846153846	0.0	0.0	0.0833333333333	0.13829787234	0.139784946237	0.0	0.0	0.09	0.125	0.0	0.0707070707071	0.148936170213	0.104761904762	0.0	0.0	0.179245283019	0.0	0.0
92	1	1	0	0.477876106195	0.465346534653	0.291666666667	0.0	0.268518518519	0.161290322581	0.0	0.483870967742	0.0	0.153153153153	0.17	0.15	0.412280701754	0.348314606742	0.193181818182	0.544444444444	0.272727272727	0.313725490196	0.063829787234	0.494949494949
93	1	1	0	0.48	0.207547169811	0.188888888889	0.0	0.275510204082	0.0	0.0	0.325842696629	0.0	0.147058823529	0.0	0.0	0.118279569892	0.228813559322	0.216216216216	0.193548387097	0.0	0.163461538462	0.0	0.237623762376
94	1	1	0	0.151785714286	0.0	0.0	0.0	0.0537634408602	0.0	0.15	0.0	0.0	0.0	0.114583333333	0.0	0.0	0.118279569892	0.108910891089	0.0	0.0	0.0869565217391	0.0	0.0
95	1	1	0	0.0796460176991	0.0	0.0	0.0	0.0963855421687	0.0	0.269230769231	0.0	0.0	0.0	0.110169491525	0.0	0.0	0.166666666667	0.108695652174	0.0	0.0	0.145631067961	0.0	0.0
96	1	1	0	0.0	0.0	0.0	0.0	0.0	0.0	0.0	0.0	0.254545454545	0.130841121495	0.149122807018	0.264705882353	0.0	0.0	0.287234042553	0.0	0.27027027027	0.0	0.220588235294	0.0
97	1	1	0	0.0	0.147368421053	0.0	0.0	0.0	0.0	0.0	0.0	0.0	0.0	0.0	0.0	0.138888888889	0.0	0.0	0.255319148936	0.0	0.183908045977	0.114285714286	0.171717171717
98	1	1	0	0.403669724771	0.21568627451	0.252100840336	0.0	0.242424242424	0.0	0.0	0.276785714286	0.0	0.19	0.0	0.0	0.210526315789	0.195402298851	0.183673469388	0.272727272727	0.0	0.116504854369	0.0	0.198113207547
99	1	1	0	0.0	0.0	0.326315789474	0.229166666667	0.0	0.0	0.289719626168	0.0	0.0	0.0	0.0	0.0	0.0	0.0	0.0	0.0	0.0	0.0	0.0	0.0
100	1	1	0	0.0	0.0957446808511	0.0	0.0	0.0	0.0	0.0	0.0	0.0	0.0	0.0	0.0	0.118811881188	0.0	0.0	0.25	0.0	0.222222222222	0.213483146067	0.161904761905
