Num_mutations: 100
Num_samples: 15
Error_rate: 0.050000

8.148873653281096807e-01 6.611909650924024939e-01 7.234449760765550019e-01 5.587364264560710225e-01 8.146679881070366669e-01 9.917184265010351440e-01 7.708947885939035904e-01 6.038834951456311106e-01 7.811244979919679254e-01 1.030051813471502653e+00 7.677725118483412770e-01 1.019019019019018923e+00 9.872340425531914709e-01 1.025490196078431282e+00 1.006147540983606481e+00
0.000000000000000000e+00 3.260663507109004544e-01 0.000000000000000000e+00 2.609561752988047711e-01 0.000000000000000000e+00 3.658536585365853577e-01 0.000000000000000000e+00 5.945945945945946276e-01 2.626262626262626521e-01 4.878048780487804770e-01 2.961538461538461564e-01 5.476673427991886056e-01 0.000000000000000000e+00 4.824824824824824887e-01 1.592554291623577978e-01
2.574850299401197362e-01 0.000000000000000000e+00 0.000000000000000000e+00 0.000000000000000000e+00 2.784313725490196179e-01 0.000000000000000000e+00 2.671755725190839703e-01 0.000000000000000000e+00 2.963752665245202311e-01 0.000000000000000000e+00 0.000000000000000000e+00 3.804679552390640707e-01 0.000000000000000000e+00 0.000000000000000000e+00 3.130434782608695898e-01
2.219938335046248712e-01 0.000000000000000000e+00 0.000000000000000000e+00 0.000000000000000000e+00 2.368692070030896102e-01 0.000000000000000000e+00 2.598187311178247749e-01 0.000000000000000000e+00 2.249240121580547147e-01 0.000000000000000000e+00 0.000000000000000000e+00 3.570057581573896077e-01 0.000000000000000000e+00 0.000000000000000000e+00 2.874251497005987921e-01
0.000000000000000000e+00 3.248347497639282322e-01 0.000000000000000000e+00 2.940584088620342151e-01 0.000000000000000000e+00 3.804034582132564957e-01 0.000000000000000000e+00 6.620278330019880864e-01 2.462159434914228118e-01 5.310274669379451140e-01 3.031496062992126150e-01 6.197458455522971699e-01 0.000000000000000000e+00 4.941176470588235503e-01 1.661600810536980888e-01
0.000000000000000000e+00 0.000000000000000000e+00 3.807615230460921762e-01 0.000000000000000000e+00 0.000000000000000000e+00 0.000000000000000000e+00 2.868068833652007710e-01 0.000000000000000000e+00 0.000000000000000000e+00 0.000000000000000000e+00 0.000000000000000000e+00 0.000000000000000000e+00 0.000000000000000000e+00 2.340000000000000135e-01 0.000000000000000000e+00
2.536873156342183133e-01 6.265560165975103679e-01 3.461538461538461453e-01 2.432701894317048918e-01 5.197628458498023685e-01 4.019704433497536811e-01 7.371428571428570997e-01 6.183953033268101418e-01 4.610717896865520471e-01 5.524344569288389684e-01 4.538461538461538436e-01 9.495967741935483764e-01 4.725490196078431238e-01 7.554671968190854736e-01 7.388781431334622285e-01
2.171767028627838159e-01 0.000000000000000000e+00 0.000000000000000000e+00 0.000000000000000000e+00 2.490196078431372584e-01 0.000000000000000000e+00 2.287449392712550544e-01 0.000000000000000000e+00 2.119341563786008298e-01 0.000000000000000000e+00 0.000000000000000000e+00 3.585657370517928433e-01 0.000000000000000000e+00 0.000000000000000000e+00 2.644628099173553792e-01
2.821576763485477146e-01 6.538071065989847774e-01 3.417968750000000000e-01 2.213279678068410528e-01 4.409448818897637734e-01 4.476683937823834336e-01 7.757936507936508130e-01 6.761710794297352001e-01 4.786494538232373142e-01 5.679758308157100144e-01 4.791878172588832641e-01 1.015511892450879028e+00 4.288840262582057083e-01 7.628657921291625010e-01 7.226562500000000000e-01
2.773869346733668362e-01 6.941066417212348183e-01 3.240556660039761172e-01 2.613168724279835153e-01 4.716073147256977793e-01 4.551863041289023193e-01 7.302231237322515112e-01 6.361702127659574213e-01 5.000000000000000000e-01 5.686900958466453160e-01 4.959514170040486003e-01 1.007380073800737907e+00 4.264849074975657350e-01 7.622950819672130729e-01 7.112810707456979076e-01
2.698249227600412192e-01 0.000000000000000000e+00 3.884892086330935523e-01 4.862745098039215619e-01 2.770970782280867128e-01 0.000000000000000000e+00 2.743091095189355011e-01 3.837563451776649925e-01 4.975222993062438093e-01 0.000000000000000000e+00 2.823984526112185423e-01 0.000000000000000000e+00 5.558852621167160724e-01 2.476780185758513941e-01 0.000000000000000000e+00
2.635658914728682412e-01 0.000000000000000000e+00 3.512476007677542977e-01 5.964912280701754055e-01 2.685950413223140432e-01 0.000000000000000000e+00 2.629482071713147295e-01 3.503054989816700715e-01 5.197628458498023685e-01 0.000000000000000000e+00 2.764705882352941346e-01 0.000000000000000000e+00 5.785440613026819889e-01 2.502443792766373409e-01 0.000000000000000000e+00
2.819999999999999729e-01 0.000000000000000000e+00 3.905325443786982209e-01 5.192909280500521696e-01 2.877263581488933575e-01 0.000000000000000000e+00 2.103321033210332203e-01 3.800000000000000044e-01 4.875124875124874912e-01 0.000000000000000000e+00 2.863070539419086957e-01 0.000000000000000000e+00 5.524974515800203934e-01 2.913165266106442775e-01 0.000000000000000000e+00
2.315573770491803351e-01 0.000000000000000000e+00 0.000000000000000000e+00 0.000000000000000000e+00 2.346832814122533639e-01 0.000000000000000000e+00 2.676200204290091755e-01 0.000000000000000000e+00 2.155085599194360435e-01 0.000000000000000000e+00 0.000000000000000000e+00 3.632812500000000000e-01 0.000000000000000000e+00 0.000000000000000000e+00 2.903225806451613100e-01
2.706913339824732478e-01 0.000000000000000000e+00 3.156881616939364865e-01 5.598335067637877360e-01 2.912820512820512575e-01 0.000000000000000000e+00 2.517343904856293446e-01 3.852295409181636932e-01 5.219123505976095423e-01 0.000000000000000000e+00 3.132036847492323250e-01 0.000000000000000000e+00 5.644402634054562773e-01 2.999999999999999889e-01 0.000000000000000000e+00
3.014778325123152469e-01 0.000000000000000000e+00 3.835897435897435703e-01 4.708209693372897853e-01 2.825870646766169281e-01 0.000000000000000000e+00 2.567164179104477473e-01 3.674698795180723065e-01 5.055165496489468779e-01 0.000000000000000000e+00 2.789820923656927687e-01 0.000000000000000000e+00 5.798941798941799064e-01 3.070866141732283561e-01 0.000000000000000000e+00
0.000000000000000000e+00 0.000000000000000000e+00 0.000000000000000000e+00 0.000000000000000000e+00 0.000000000000000000e+00 3.769309989701338792e-01 0.000000000000000000e+00 2.315996074582924447e-01 0.000000000000000000e+00 0.000000000000000000e+00 0.000000000000000000e+00 2.609542356377799188e-01 0.000000000000000000e+00 0.000000000000000000e+00 1.756097560975609650e-01
2.593320235756385039e-01 0.000000000000000000e+00 4.095139607032057816e-01 5.233265720081136108e-01 3.033932135728543145e-01 0.000000000000000000e+00 2.754491017964071919e-01 3.853211009174312141e-01 5.035677879714577365e-01 0.000000000000000000e+00 2.904808635917566217e-01 0.000000000000000000e+00 5.642023346303501885e-01 3.158878504672897325e-01 0.000000000000000000e+00
0.000000000000000000e+00 0.000000000000000000e+00 0.000000000000000000e+00 0.000000000000000000e+00 0.000000000000000000e+00 4.495049504950495156e-01 0.000000000000000000e+00 2.481751824817518270e-01 0.000000000000000000e+00 0.000000000000000000e+00 0.000000000000000000e+00 2.323232323232323204e-01 0.000000000000000000e+00 0.000000000000000000e+00 1.900739176346356862e-01
0.000000000000000000e+00 0.000000000000000000e+00 0.000000000000000000e+00 0.000000000000000000e+00 0.000000000000000000e+00 4.195223260643821117e-01 0.000000000000000000e+00 2.312925170068027281e-01 0.000000000000000000e+00 0.000000000000000000e+00 0.000000000000000000e+00 2.482621648460774655e-01 0.000000000000000000e+00 0.000000000000000000e+00 1.862845445240532138e-01
2.246305418719211910e-01 0.000000000000000000e+00 0.000000000000000000e+00 0.000000000000000000e+00 2.866108786610878645e-01 0.000000000000000000e+00 2.604166666666666852e-01 0.000000000000000000e+00 2.393669634025717141e-01 0.000000000000000000e+00 0.000000000000000000e+00 3.632694248234106804e-01 0.000000000000000000e+00 0.000000000000000000e+00 2.973760932944606306e-01
0.000000000000000000e+00 0.000000000000000000e+00 0.000000000000000000e+00 2.633663366336633782e-01 0.000000000000000000e+00 0.000000000000000000e+00 0.000000000000000000e+00 0.000000000000000000e+00 2.550607287449392913e-01 5.422993492407809368e-01 2.683643486777668730e-01 4.041666666666666741e-01 0.000000000000000000e+00 2.696850393700787607e-01 0.000000000000000000e+00
2.480957562568008590e-01 0.000000000000000000e+00 0.000000000000000000e+00 0.000000000000000000e+00 2.374245472837022142e-01 0.000000000000000000e+00 2.589473684210526483e-01 0.000000000000000000e+00 2.308457711442785942e-01 0.000000000000000000e+00 0.000000000000000000e+00 3.648648648648648574e-01 0.000000000000000000e+00 0.000000000000000000e+00 2.724458204334365141e-01
0.000000000000000000e+00 0.000000000000000000e+00 3.158974358974359076e-01 0.000000000000000000e+00 0.000000000000000000e+00 0.000000000000000000e+00 2.948846539618856788e-01 0.000000000000000000e+00 0.000000000000000000e+00 0.000000000000000000e+00 0.000000000000000000e+00 0.000000000000000000e+00 0.000000000000000000e+00 2.399150743099787708e-01 0.000000000000000000e+00
2.335907335907335958e-01 6.436781609195402210e-01 3.787575150300601101e-01 2.728146013448606855e-01 4.705882352941176405e-01 4.214711729622266367e-01 7.195979899497487731e-01 6.473988439306358478e-01 4.574898785425101089e-01 4.870565675934803718e-01 4.926108374384236543e-01 9.535353535353535692e-01 4.685598377281947058e-01 7.433808553971487099e-01 7.492850333651096539e-01
0.000000000000000000e+00 0.000000000000000000e+00 0.000000000000000000e+00 2.598425196850393526e-01 0.000000000000000000e+00 0.000000000000000000e+00 0.000000000000000000e+00 0.000000000000000000e+00 2.627450980392156965e-01 4.666666666666666741e-01 2.666666666666666630e-01 4.137931034482758563e-01 0.000000000000000000e+00 2.521008403361344463e-01 0.000000000000000000e+00
2.923976608187134341e-01 0.000000000000000000e+00 4.465648854961832281e-01 5.315682281059063152e-01 3.100303951367781030e-01 0.000000000000000000e+00 2.625641025641025639e-01 3.824451410658307182e-01 5.230125523012552069e-01 0.000000000000000000e+00 2.848360655737705027e-01 0.000000000000000000e+00 5.353159851301114713e-01 2.706131078224101594e-01 0.000000000000000000e+00
2.389813907933398540e-01 0.000000000000000000e+00 0.000000000000000000e+00 0.000000000000000000e+00 2.096436058700209548e-01 0.000000000000000000e+00 2.698249227600412192e-01 0.000000000000000000e+00 2.224371373307543476e-01 0.000000000000000000e+00 0.000000000000000000e+00 3.605313092979127165e-01 0.000000000000000000e+00 0.000000000000000000e+00 2.794411177644710587e-01
2.358870967741935609e-01 0.000000000000000000e+00 0.000000000000000000e+00 0.000000000000000000e+00 2.994974874371859053e-01 0.000000000000000000e+00 2.723004694835680639e-01 0.000000000000000000e+00 2.392821535393818422e-01 0.000000000000000000e+00 0.000000000000000000e+00 3.719999999999999973e-01 0.000000000000000000e+00 0.000000000000000000e+00 2.653508771929824483e-01
0.000000000000000000e+00 0.000000000000000000e+00 0.000000000000000000e+00 2.462760675273088506e-01 0.000000000000000000e+00 0.000000000000000000e+00 0.000000000000000000e+00 0.000000000000000000e+00 2.161060142711518917e-01 5.439153439153439074e-01 2.519685039370078705e-01 3.493013972055888372e-01 0.000000000000000000e+00 2.644466209598432815e-01 0.000000000000000000e+00
2.118088097469540687e-01 3.138755980861244188e-01 2.714285714285714080e-01 2.004008016032064188e-01 2.189638318670576733e-01 0.000000000000000000e+00 0.000000000000000000e+00 0.000000000000000000e+00 0.000000000000000000e+00 0.000000000000000000e+00 2.200198216055500589e-01 0.000000000000000000e+00 0.000000000000000000e+00 0.000000000000000000e+00 0.000000000000000000e+00
0.000000000000000000e+00 0.000000000000000000e+00 3.505572441742654255e-01 0.000000000000000000e+00 0.000000000000000000e+00 0.000000000000000000e+00 2.642998027613412404e-01 0.000000000000000000e+00 0.000000000000000000e+00 0.000000000000000000e+00 0.000000000000000000e+00 0.000000000000000000e+00 0.000000000000000000e+00 2.465208747514910648e-01 0.000000000000000000e+00
2.427860696517412931e-01 6.880165289256198191e-01 3.181357649442755897e-01 2.675026123301985637e-01 4.626407369498464761e-01 4.000000000000000222e-01 7.394957983193277684e-01 6.542239685658153281e-01 4.546360917248254974e-01 5.174418604651163101e-01 4.975798644724104824e-01 1.036960985626283360e+00 4.273858921161825530e-01 7.231527093596059608e-01 7.532729103726082398e-01
2.456852791878172682e-01 6.807228915662650870e-01 3.191278493557977991e-01 3.102378490175801695e-01 4.585465711361310093e-01 3.908996897621510036e-01 6.957364341085271464e-01 6.020503261882572676e-01 4.505703422053232154e-01 5.283757338551858806e-01 4.789833822091886795e-01 1.018108651911468820e+00 4.082840236686390289e-01 7.500000000000000000e-01 6.406570841889116519e-01
0.000000000000000000e+00 0.000000000000000000e+00 0.000000000000000000e+00 0.000000000000000000e+00 0.000000000000000000e+00 4.133858267716535306e-01 0.000000000000000000e+00 2.635342185903983836e-01 0.000000000000000000e+00 0.000000000000000000e+00 0.000000000000000000e+00 2.635658914728682412e-01 0.000000000000000000e+00 0.000000000000000000e+00 2.194871794871794957e-01
1.942148760330578428e-01 0.000000000000000000e+00 0.000000000000000000e+00 0.000000000000000000e+00 2.453016815034619325e-01 0.000000000000000000e+00 2.721342031686859175e-01 0.000000000000000000e+00 2.431052093973442296e-01 0.000000000000000000e+00 0.000000000000000000e+00 3.567888999008919648e-01 0.000000000000000000e+00 0.000000000000000000e+00 2.834951456310679796e-01
0.000000000000000000e+00 0.000000000000000000e+00 0.000000000000000000e+00 2.791625124626121446e-01 0.000000000000000000e+00 0.000000000000000000e+00 0.000000000000000000e+00 0.000000000000000000e+00 2.517766497461929043e-01 5.637305699481864885e-01 2.487757100881488603e-01 3.555555555555555691e-01 0.000000000000000000e+00 2.673267326732673421e-01 0.000000000000000000e+00
2.554890219560878029e-01 6.790971540726201683e-01 3.398963730569948272e-01 3.032069970845481244e-01 4.585465711361310093e-01 3.646723646723646906e-01 7.686350435624395017e-01 5.904203323558162575e-01 4.246713852376137743e-01 5.167652859960552014e-01 4.469914040114613130e-01 1.001984126984126977e+00 4.865979381443298890e-01 7.357001972386587596e-01 7.062436028659160314e-01
2.781065088757396220e-01 0.000000000000000000e+00 0.000000000000000000e+00 0.000000000000000000e+00 0.000000000000000000e+00 5.854166666666666963e-01 0.000000000000000000e+00 0.000000000000000000e+00 0.000000000000000000e+00 5.050916496945010437e-01 0.000000000000000000e+00 0.000000000000000000e+00 0.000000000000000000e+00 0.000000000000000000e+00 2.913165266106442775e-01
2.383316782522343635e-01 0.000000000000000000e+00 0.000000000000000000e+00 0.000000000000000000e+00 0.000000000000000000e+00 6.086105675146771254e-01 0.000000000000000000e+00 0.000000000000000000e+00 0.000000000000000000e+00 5.096899224806201723e-01 0.000000000000000000e+00 0.000000000000000000e+00 0.000000000000000000e+00 0.000000000000000000e+00 2.798122065727699503e-01
2.739174219536757438e-01 0.000000000000000000e+00 3.996043521266073317e-01 4.928092042186001942e-01 2.986247544204322368e-01 0.000000000000000000e+00 2.193158953722333937e-01 3.778437190900099107e-01 5.190243902439024559e-01 0.000000000000000000e+00 3.057851239669421295e-01 0.000000000000000000e+00 5.595959595959596466e-01 2.899408284023668458e-01 0.000000000000000000e+00
0.000000000000000000e+00 0.000000000000000000e+00 3.092406221408965927e-01 0.000000000000000000e+00 0.000000000000000000e+00 0.000000000000000000e+00 2.748717948717948611e-01 0.000000000000000000e+00 0.000000000000000000e+00 0.000000000000000000e+00 0.000000000000000000e+00 0.000000000000000000e+00 0.000000000000000000e+00 2.541871921182266014e-01 0.000000000000000000e+00
3.432539682539682557e-01 0.000000000000000000e+00 3.673469387755102233e-01 5.334706488156539805e-01 2.958693563880883670e-01 0.000000000000000000e+00 2.487257900101936814e-01 3.868921775898520043e-01 4.948875255623721992e-01 0.000000000000000000e+00 2.630085146641438221e-01 0.000000000000000000e+00 5.696846388606306988e-01 2.284569138276553169e-01 0.000000000000000000e+00
2.782258064516128782e-01 0.000000000000000000e+00 0.000000000000000000e+00 0.000000000000000000e+00 2.874493927125505999e-01 0.000000000000000000e+00 2.347918890074706388e-01 0.000000000000000000e+00 2.274052478134110655e-01 0.000000000000000000e+00 0.000000000000000000e+00 3.578336557059961232e-01 0.000000000000000000e+00 0.000000000000000000e+00 2.916666666666666852e-01
0.000000000000000000e+00 0.000000000000000000e+00 0.000000000000000000e+00 0.000000000000000000e+00 0.000000000000000000e+00 3.896353166986564198e-01 0.000000000000000000e+00 2.711555959963603546e-01 0.000000000000000000e+00 0.000000000000000000e+00 0.000000000000000000e+00 2.634245187436676794e-01 0.000000000000000000e+00 0.000000000000000000e+00 1.788617886178861804e-01
2.446916076845298271e-01 6.746031746031746490e-01 3.831494483450351152e-01 2.625000000000000111e-01 4.408084696823869053e-01 3.911290322580645018e-01 7.706057596822244449e-01 6.659877800407332238e-01 4.937560038424591569e-01 5.625606207565470029e-01 4.590495449949443807e-01 9.838383838383838453e-01 4.051638530287984263e-01 7.046186895810956363e-01 7.355371900826446208e-01
2.622950819672131284e-01 0.000000000000000000e+00 0.000000000000000000e+00 0.000000000000000000e+00 2.773279352226720729e-01 0.000000000000000000e+00 2.699386503067484622e-01 0.000000000000000000e+00 2.327837051406401458e-01 0.000000000000000000e+00 0.000000000000000000e+00 3.909928352098259730e-01 0.000000000000000000e+00 0.000000000000000000e+00 2.662601626016259937e-01
2.419354838709677491e-01 0.000000000000000000e+00 0.000000000000000000e+00 0.000000000000000000e+00 2.270916334661354508e-01 0.000000000000000000e+00 2.672811059907834186e-01 0.000000000000000000e+00 2.440476190476190410e-01 0.000000000000000000e+00 0.000000000000000000e+00 3.776223776223776030e-01 0.000000000000000000e+00 0.000000000000000000e+00 2.994871794871795112e-01
0.000000000000000000e+00 0.000000000000000000e+00 0.000000000000000000e+00 0.000000000000000000e+00 0.000000000000000000e+00 4.178498985801217258e-01 0.000000000000000000e+00 2.260000000000000064e-01 0.000000000000000000e+00 0.000000000000000000e+00 0.000000000000000000e+00 2.670565302144249364e-01 0.000000000000000000e+00 0.000000000000000000e+00 1.892682926829268308e-01
0.000000000000000000e+00 3.602362204724409711e-01 0.000000000000000000e+00 2.768595041322314265e-01 0.000000000000000000e+00 4.135864135864135704e-01 0.000000000000000000e+00 6.533864541832669071e-01 2.426095820591233354e-01 5.527638190954773378e-01 2.704280155642023176e-01 5.914634146341463117e-01 0.000000000000000000e+00 5.147507629704984877e-01 2.104187946884576166e-01
3.130081300813007950e-01 0.000000000000000000e+00 3.790983606557377095e-01 4.965380811078140555e-01 3.197616683217477385e-01 0.000000000000000000e+00 2.399193548387096864e-01 3.605236656596172984e-01 5.015544041450776813e-01 0.000000000000000000e+00 3.103081827842720242e-01 0.000000000000000000e+00 5.097276264591439343e-01 2.642320085929108497e-01 0.000000000000000000e+00
2.594484167517875361e-01 0.000000000000000000e+00 0.000000000000000000e+00 0.000000000000000000e+00 2.551928783382789168e-01 0.000000000000000000e+00 3.032705649157581562e-01 0.000000000000000000e+00 2.670565302144249364e-01 0.000000000000000000e+00 0.000000000000000000e+00 3.645621181262729271e-01 0.000000000000000000e+00 0.000000000000000000e+00 2.727272727272727071e-01
2.350597609561753121e-01 6.767676767676767957e-01 3.416030534351144898e-01 2.559833506763787847e-01 4.507042253521126862e-01 4.054910242872228343e-01 7.739938080495356587e-01 6.485473289597001312e-01 4.698672114402451250e-01 5.450733752620544603e-01 5.058201058201058364e-01 9.452736318407960470e-01 4.008394543546694444e-01 7.076313181367690497e-01 6.971762414800389829e-01
2.880161127895267126e-01 0.000000000000000000e+00 3.450351053159478321e-01 5.098814229249012397e-01 2.865792129162462176e-01 0.000000000000000000e+00 2.565130260521041872e-01 4.059040590405904037e-01 5.338983050847457834e-01 0.000000000000000000e+00 3.007812500000000000e-01 0.000000000000000000e+00 5.433300876338851282e-01 2.699507389162561499e-01 0.000000000000000000e+00
2.704918032786885473e-01 6.679960119641076277e-01 3.535253227408142740e-01 2.612966601178781656e-01 4.612365063788027575e-01 4.113060428849902306e-01 7.541666666666666519e-01 6.373411534701857173e-01 4.796905222437137239e-01 4.737363726461843449e-01 4.731861198738170349e-01 1.044334975369458185e+00 4.045174537987679675e-01 7.265547877591312931e-01 7.403751233958538736e-01
0.000000000000000000e+00 0.000000000000000000e+00 0.000000000000000000e+00 2.618328298086606276e-01 0.000000000000000000e+00 0.000000000000000000e+00 0.000000000000000000e+00 0.000000000000000000e+00 2.381432896064581139e-01 5.356793743890517767e-01 2.706002034587995930e-01 4.102564102564102422e-01 0.000000000000000000e+00 2.720000000000000195e-01 0.000000000000000000e+00
2.628676470588235392e-01 0.000000000000000000e+00 3.658536585365853577e-01 5.263157894736841813e-01 2.845188284518828659e-01 0.000000000000000000e+00 2.028397565922920864e-01 3.336745138178096037e-01 5.005005005005005447e-01 0.000000000000000000e+00 3.225172074729596994e-01 0.000000000000000000e+00 5.392354124748490740e-01 2.877697841726618577e-01 0.000000000000000000e+00
2.569373072970195238e-01 0.000000000000000000e+00 0.000000000000000000e+00 0.000000000000000000e+00 0.000000000000000000e+00 5.950570342205323549e-01 0.000000000000000000e+00 0.000000000000000000e+00 0.000000000000000000e+00 4.920318725099601664e-01 0.000000000000000000e+00 0.000000000000000000e+00 0.000000000000000000e+00 0.000000000000000000e+00 3.044354838709677491e-01
2.713567839195979992e-01 0.000000000000000000e+00 0.000000000000000000e+00 0.000000000000000000e+00 2.557442557442557440e-01 0.000000000000000000e+00 2.400813835198372381e-01 0.000000000000000000e+00 2.455089820359281361e-01 0.000000000000000000e+00 0.000000000000000000e+00 3.967446592065106969e-01 0.000000000000000000e+00 0.000000000000000000e+00 2.787878787878788067e-01
2.335907335907335958e-01 0.000000000000000000e+00 0.000000000000000000e+00 0.000000000000000000e+00 2.825428859737638687e-01 0.000000000000000000e+00 2.398414271555996125e-01 0.000000000000000000e+00 2.199798183652875994e-01 0.000000000000000000e+00 0.000000000000000000e+00 3.650107991360690973e-01 0.000000000000000000e+00 0.000000000000000000e+00 2.495238095238095366e-01
2.562499999999999778e-01 0.000000000000000000e+00 0.000000000000000000e+00 0.000000000000000000e+00 2.537593984962406291e-01 0.000000000000000000e+00 2.415458937198067535e-01 0.000000000000000000e+00 2.446483180428134507e-01 0.000000000000000000e+00 0.000000000000000000e+00 3.606557377049180446e-01 0.000000000000000000e+00 0.000000000000000000e+00 2.811244979919678699e-01
2.996031746031745935e-01 0.000000000000000000e+00 3.919308357348703087e-01 5.230166503428012037e-01 3.070787637088733812e-01 0.000000000000000000e+00 2.980472764645426542e-01 3.615934627170582227e-01 4.861538461538461586e-01 0.000000000000000000e+00 2.854349951124144913e-01 0.000000000000000000e+00 5.499485066941297573e-01 2.478873239436619746e-01 0.000000000000000000e+00
2.381432896064581139e-01 0.000000000000000000e+00 0.000000000000000000e+00 0.000000000000000000e+00 2.600806451612903136e-01 0.000000000000000000e+00 2.383316782522343635e-01 0.000000000000000000e+00 2.065439672801636095e-01 0.000000000000000000e+00 0.000000000000000000e+00 3.301343570057581611e-01 0.000000000000000000e+00 0.000000000000000000e+00 2.532402791625124605e-01
2.386587771203155794e-01 0.000000000000000000e+00 0.000000000000000000e+00 0.000000000000000000e+00 2.869198312236286852e-01 0.000000000000000000e+00 2.797494780793319258e-01 0.000000000000000000e+00 2.610441767068273355e-01 0.000000000000000000e+00 0.000000000000000000e+00 3.228962818003913715e-01 0.000000000000000000e+00 0.000000000000000000e+00 2.985386221294363263e-01
1.832669322709163384e-01 3.419483101391649904e-01 2.995073891625615881e-01 2.305418719211822787e-01 2.295409181636726414e-01 0.000000000000000000e+00 0.000000000000000000e+00 0.000000000000000000e+00 0.000000000000000000e+00 0.000000000000000000e+00 2.369942196531791834e-01 0.000000000000000000e+00 0.000000000000000000e+00 0.000000000000000000e+00 0.000000000000000000e+00
2.282828282828282818e-01 0.000000000000000000e+00 0.000000000000000000e+00 0.000000000000000000e+00 2.514177693761814880e-01 0.000000000000000000e+00 2.142121524201853755e-01 0.000000000000000000e+00 2.191235059760956172e-01 0.000000000000000000e+00 0.000000000000000000e+00 3.560528992878941867e-01 0.000000000000000000e+00 0.000000000000000000e+00 3.367983367983368170e-01
2.569002123142250515e-01 7.234449760765550019e-01 3.768115942028985588e-01 2.820512820512820484e-01 4.646061814556330938e-01 3.671794871794871740e-01 7.092050209205020828e-01 7.131782945736434565e-01 4.963503649635036541e-01 5.199610516066212051e-01 4.480986639260020610e-01 9.979338842975206125e-01 4.373056994818652621e-01 7.182095625635809277e-01 7.257559958289885316e-01
2.533748701973000950e-01 0.000000000000000000e+00 0.000000000000000000e+00 0.000000000000000000e+00 2.187802516940948738e-01 0.000000000000000000e+00 2.730627306273062938e-01 0.000000000000000000e+00 2.142857142857142738e-01 0.000000000000000000e+00 0.000000000000000000e+00 3.615702479338843145e-01 0.000000000000000000e+00 0.000000000000000000e+00 3.188976377952755792e-01
2.540650406504065262e-01 6.791707798617966363e-01 3.538928210313447842e-01 2.313725490196078538e-01 4.620000000000000218e-01 4.159999999999999809e-01 7.198404785643071069e-01 6.356435643564356530e-01 4.765625000000000000e-01 4.851390220517737273e-01 4.796116504854369134e-01 9.899999999999999911e-01 4.152457372116348799e-01 6.963103122043519111e-01 7.719298245614034659e-01
2.273201251303441084e-01 6.839481555333998264e-01 3.711967545638945043e-01 2.628918099089989635e-01 5.177453027139874431e-01 3.874538745387454131e-01 8.290258449304175326e-01 6.639919759277833622e-01 5.318940137389597256e-01 4.909819639278557024e-01 4.895936570862239878e-01 1.014605647517039966e+00 3.904761904761904767e-01 7.448275862068965969e-01 6.850937808489634406e-01
2.465208747514910648e-01 0.000000000000000000e+00 3.898477157360406009e-01 4.955401387512388678e-01 3.026584867075664542e-01 0.000000000000000000e+00 2.295719844357976547e-01 3.419483101391649904e-01 4.882729211087419863e-01 0.000000000000000000e+00 3.372465314834578454e-01 0.000000000000000000e+00 5.508982035928143839e-01 2.725409836065573743e-01 0.000000000000000000e+00
2.825070159027128214e-01 0.000000000000000000e+00 3.665987780040733113e-01 5.387840670859538328e-01 3.036238981390793068e-01 0.000000000000000000e+00 2.367346938775510279e-01 3.601161665053242977e-01 4.960474308300395485e-01 0.000000000000000000e+00 3.124357656731757693e-01 0.000000000000000000e+00 5.775193798449612670e-01 2.946954813359528580e-01 0.000000000000000000e+00
2.251256281407035265e-01 0.000000000000000000e+00 0.000000000000000000e+00 0.000000000000000000e+00 2.923523717328170290e-01 0.000000000000000000e+00 2.670744138634046916e-01 0.000000000000000000e+00 2.634615384615384692e-01 0.000000000000000000e+00 0.000000000000000000e+00 4.092741935483871218e-01 0.000000000000000000e+00 0.000000000000000000e+00 2.638469284994964803e-01
2.259332023575638393e-01 6.750000000000000444e-01 3.209876543209876365e-01 2.364532019704433385e-01 4.715789473684210420e-01 3.629112662013957991e-01 7.135362014690451726e-01 6.504751847940866138e-01 4.703517587939698430e-01 4.915758176412289293e-01 4.810606060606060774e-01 1.023923444976076569e+00 4.685598377281947058e-01 7.661691542288556755e-01 7.255909558067831222e-01
0.000000000000000000e+00 3.568548387096774355e-01 0.000000000000000000e+00 2.723492723492723644e-01 0.000000000000000000e+00 4.156097560975609562e-01 0.000000000000000000e+00 6.194523135033049854e-01 2.678936605316973307e-01 5.157480314960629642e-01 2.740585774058577617e-01 6.056782334384858135e-01 0.000000000000000000e+00 4.694082246740220454e-01 1.775147928994082747e-01
3.012295081967212851e-01 6.732477788746298319e-01 3.164179104477611859e-01 2.413452027695351110e-01 4.655870445344129638e-01 4.593495934959349603e-01 7.604790419161676640e-01 6.638023630504833461e-01 5.099685204616999368e-01 5.545893719806763711e-01 5.015479876160990891e-01 1.052208835341365445e+00 4.162537165510406534e-01 7.391304347826086474e-01 7.333994053518334555e-01
0.000000000000000000e+00 0.000000000000000000e+00 3.309499489274770334e-01 0.000000000000000000e+00 0.000000000000000000e+00 0.000000000000000000e+00 2.702702702702702853e-01 0.000000000000000000e+00 0.000000000000000000e+00 0.000000000000000000e+00 0.000000000000000000e+00 0.000000000000000000e+00 0.000000000000000000e+00 2.470817120622568197e-01 0.000000000000000000e+00
0.000000000000000000e+00 3.170254403131115284e-01 0.000000000000000000e+00 2.461832061068702227e-01 0.000000000000000000e+00 4.083769633507853269e-01 0.000000000000000000e+00 5.908629441624365652e-01 2.448559670781892961e-01 4.589843750000000000e-01 2.553606237816763991e-01 5.782178217821781763e-01 0.000000000000000000e+00 4.762954796030871019e-01 1.829145728643216118e-01
2.036659877800407470e-01 6.758620689655172598e-01 3.617463617463617664e-01 2.654867256637168382e-01 4.444444444444444198e-01 4.473161033797216635e-01 7.632653061224490276e-01 6.153846153846154188e-01 4.791029561671763526e-01 5.519348268839103788e-01 5.015806111696522462e-01 1.075025693730729648e+00 4.143947655398037000e-01 7.543186180422264409e-01 7.439999999999999947e-01
0.000000000000000000e+00 0.000000000000000000e+00 0.000000000000000000e+00 0.000000000000000000e+00 0.000000000000000000e+00 3.746161719549641611e-01 0.000000000000000000e+00 2.665350444225074167e-01 0.000000000000000000e+00 0.000000000000000000e+00 0.000000000000000000e+00 2.620967741935483764e-01 0.000000000000000000e+00 0.000000000000000000e+00 2.000000000000000111e-01
0.000000000000000000e+00 3.568548387096774355e-01 0.000000000000000000e+00 2.321792260692464305e-01 0.000000000000000000e+00 3.788634097706879422e-01 0.000000000000000000e+00 6.211055276381909351e-01 2.272727272727272652e-01 5.290068829891838575e-01 2.604470359572400584e-01 6.706827309236947920e-01 0.000000000000000000e+00 5.025025025025025016e-01 1.833333333333333204e-01
2.457879088206144647e-01 0.000000000000000000e+00 0.000000000000000000e+00 0.000000000000000000e+00 2.569373072970195238e-01 0.000000000000000000e+00 2.291021671826625472e-01 0.000000000000000000e+00 2.123356926188068872e-01 0.000000000000000000e+00 0.000000000000000000e+00 3.665987780040733113e-01 0.000000000000000000e+00 0.000000000000000000e+00 2.999999999999999889e-01
2.354124748490945551e-01 3.147605083088954037e-01 2.968906720160481294e-01 2.245322245322245447e-01 2.404580152671755844e-01 0.000000000000000000e+00 0.000000000000000000e+00 0.000000000000000000e+00 0.000000000000000000e+00 0.000000000000000000e+00 2.179226069246435749e-01 0.000000000000000000e+00 0.000000000000000000e+00 0.000000000000000000e+00 0.000000000000000000e+00
2.289156626506023973e-01 0.000000000000000000e+00 0.000000000000000000e+00 0.000000000000000000e+00 2.460629921259842590e-01 0.000000000000000000e+00 2.590775269872424014e-01 0.000000000000000000e+00 2.497816593886462988e-01 0.000000000000000000e+00 0.000000000000000000e+00 3.592814371257485040e-01 0.000000000000000000e+00 0.000000000000000000e+00 3.166496424923391229e-01
0.000000000000000000e+00 0.000000000000000000e+00 0.000000000000000000e+00 2.261208576998050557e-01 0.000000000000000000e+00 0.000000000000000000e+00 0.000000000000000000e+00 0.000000000000000000e+00 2.637130801687763704e-01 4.881422924901185900e-01 2.344827586206896519e-01 3.820000000000000062e-01 0.000000000000000000e+00 2.563067608476286563e-01 0.000000000000000000e+00
2.720000000000000195e-01 6.760000000000000453e-01 3.326403326403326588e-01 2.711864406779661008e-01 4.984740590030518614e-01 3.943965517241379559e-01 7.057692307692308153e-01 6.874350986500519234e-01 4.980544747081712131e-01 5.131440588853838358e-01 4.909456740442655898e-01 1.013333333333333419e+00 4.067127344521224153e-01 7.458617332035053504e-01 7.221135029354207591e-01
0.000000000000000000e+00 0.000000000000000000e+00 0.000000000000000000e+00 0.000000000000000000e+00 0.000000000000000000e+00 3.964143426294820527e-01 0.000000000000000000e+00 2.722820763956905199e-01 0.000000000000000000e+00 0.000000000000000000e+00 0.000000000000000000e+00 2.409402546523016775e-01 0.000000000000000000e+00 0.000000000000000000e+00 2.231491136600625702e-01
2.541871921182266014e-01 0.000000000000000000e+00 3.567134268537074382e-01 5.211538461538461897e-01 3.061224489795918435e-01 0.000000000000000000e+00 2.058212058212058326e-01 3.864077669902912793e-01 4.938016528925620041e-01 0.000000000000000000e+00 3.238866396761133637e-01 0.000000000000000000e+00 5.643070787637088914e-01 2.297702297702297614e-01 0.000000000000000000e+00
0.000000000000000000e+00 0.000000000000000000e+00 0.000000000000000000e+00 0.000000000000000000e+00 0.000000000000000000e+00 3.963782696177062248e-01 0.000000000000000000e+00 2.696850393700787607e-01 0.000000000000000000e+00 0.000000000000000000e+00 0.000000000000000000e+00 2.421353670162059157e-01 0.000000000000000000e+00 0.000000000000000000e+00 1.951219512195122019e-01
2.412451361867704314e-01 0.000000000000000000e+00 0.000000000000000000e+00 0.000000000000000000e+00 0.000000000000000000e+00 6.360975609756097660e-01 0.000000000000000000e+00 0.000000000000000000e+00 0.000000000000000000e+00 4.553483807654563065e-01 0.000000000000000000e+00 0.000000000000000000e+00 0.000000000000000000e+00 0.000000000000000000e+00 2.845188284518828659e-01
0.000000000000000000e+00 0.000000000000000000e+00 0.000000000000000000e+00 0.000000000000000000e+00 0.000000000000000000e+00 4.023668639053254448e-01 0.000000000000000000e+00 2.980392156862745057e-01 0.000000000000000000e+00 0.000000000000000000e+00 0.000000000000000000e+00 2.622950819672131284e-01 0.000000000000000000e+00 0.000000000000000000e+00 2.019047619047618924e-01
2.015968063872255467e-01 0.000000000000000000e+00 0.000000000000000000e+00 0.000000000000000000e+00 2.697947214076246158e-01 0.000000000000000000e+00 2.453748782862706923e-01 0.000000000000000000e+00 2.307692307692307820e-01 0.000000000000000000e+00 0.000000000000000000e+00 3.652694610778443041e-01 0.000000000000000000e+00 0.000000000000000000e+00 2.759315206445115964e-01
2.534930139720558695e-01 6.868495742667928283e-01 3.608562691131498301e-01 2.868447082096933776e-01 4.534759358288770192e-01 3.984142715559960135e-01 7.798254122211445427e-01 6.318897637795275468e-01 4.879999999999999893e-01 5.667752442996742968e-01 4.891089108910890992e-01 1.012684989429175397e+00 3.769633507853403231e-01 7.524366471734892370e-01 7.012127894156560126e-01
0.000000000000000000e+00 0.000000000000000000e+00 3.255813953488372325e-01 0.000000000000000000e+00 0.000000000000000000e+00 0.000000000000000000e+00 2.577519379844961378e-01 0.000000000000000000e+00 0.000000000000000000e+00 0.000000000000000000e+00 0.000000000000000000e+00 0.000000000000000000e+00 0.000000000000000000e+00 2.050781250000000000e-01 0.000000000000000000e+00
0.000000000000000000e+00 0.000000000000000000e+00 3.476562500000000000e-01 0.000000000000000000e+00 0.000000000000000000e+00 0.000000000000000000e+00 2.593718338399189638e-01 0.000000000000000000e+00 0.000000000000000000e+00 0.000000000000000000e+00 0.000000000000000000e+00 0.000000000000000000e+00 0.000000000000000000e+00 2.226640159045725764e-01 0.000000000000000000e+00
2.560975609756097615e-01 0.000000000000000000e+00 3.270189431704885186e-01 4.989898989898989834e-01 2.967244701348747404e-01 0.000000000000000000e+00 2.384378211716341178e-01 3.519394512771996109e-01 4.985221674876847420e-01 0.000000000000000000e+00 2.882352941176470340e-01 0.000000000000000000e+00 5.679999999999999494e-01 2.766169154228855787e-01 0.000000000000000000e+00
2.418235877106045539e-01 0.000000000000000000e+00 0.000000000000000000e+00 0.000000000000000000e+00 3.054474708171206476e-01 0.000000000000000000e+00 2.364729458917835536e-01 0.000000000000000000e+00 2.459677419354838745e-01 0.000000000000000000e+00 0.000000000000000000e+00 3.418628454452405374e-01 0.000000000000000000e+00 0.000000000000000000e+00 2.677012609117361830e-01
2.740524781341107663e-01 0.000000000000000000e+00 3.543078412391094112e-01 5.356454720616570242e-01 2.992922143579372918e-01 0.000000000000000000e+00 2.378592666005946432e-01 3.674242424242424310e-01 5.019920318725099584e-01 0.000000000000000000e+00 2.957198443579766578e-01 0.000000000000000000e+00 5.161923454367026709e-01 3.056680161943319818e-01 0.000000000000000000e+00
0.000000000000000000e+00 0.000000000000000000e+00 3.983983983983984123e-01 0.000000000000000000e+00 0.000000000000000000e+00 0.000000000000000000e+00 2.678936605316973307e-01 0.000000000000000000e+00 0.000000000000000000e+00 0.000000000000000000e+00 0.000000000000000000e+00 0.000000000000000000e+00 0.000000000000000000e+00 2.605932203389830781e-01 0.000000000000000000e+00
0.000000000000000000e+00 3.220174587778855679e-01 0.000000000000000000e+00 2.713567839195979992e-01 0.000000000000000000e+00 4.094025465230166638e-01 0.000000000000000000e+00 6.457489878542510553e-01 2.403258655804480781e-01 5.488281250000000000e-01 2.694106641721235040e-01 6.088709677419354982e-01 0.000000000000000000e+00 4.369414101290963193e-01 1.728880157170923360e-01
