Num_mutations: 100
Num_samples: 15
Error_rate: 0.050000

0.000000000000000000e+00 0.000000000000000000e+00 0.000000000000000000e+00 3.095477386934673558e-01 0.000000000000000000e+00 0.000000000000000000e+00 0.000000000000000000e+00 2.497441146366427833e-01 0.000000000000000000e+00 0.000000000000000000e+00 0.000000000000000000e+00 3.426911907066795826e-01 0.000000000000000000e+00 3.386342376052385306e-01 5.097236438075741782e-01
0.000000000000000000e+00 0.000000000000000000e+00 0.000000000000000000e+00 2.868217054263565990e-01 0.000000000000000000e+00 0.000000000000000000e+00 0.000000000000000000e+00 2.690677966101694962e-01 0.000000000000000000e+00 0.000000000000000000e+00 0.000000000000000000e+00 3.955823293172690547e-01 0.000000000000000000e+00 3.711747285291214227e-01 4.868549172346640641e-01
0.000000000000000000e+00 0.000000000000000000e+00 3.178137651821862364e-01 0.000000000000000000e+00 0.000000000000000000e+00 3.967935871743487053e-01 0.000000000000000000e+00 2.974874371859296263e-01 0.000000000000000000e+00 3.497053045186640508e-01 0.000000000000000000e+00 0.000000000000000000e+00 0.000000000000000000e+00 3.721881390593047012e-01 5.051759834368529933e-01
0.000000000000000000e+00 0.000000000000000000e+00 0.000000000000000000e+00 0.000000000000000000e+00 0.000000000000000000e+00 0.000000000000000000e+00 3.375858684985279523e-01 0.000000000000000000e+00 0.000000000000000000e+00 3.007968127490039945e-01 2.092555331991951817e-01 0.000000000000000000e+00 0.000000000000000000e+00 0.000000000000000000e+00 0.000000000000000000e+00
0.000000000000000000e+00 0.000000000000000000e+00 1.766497461928933921e-01 2.641878669275929403e-01 0.000000000000000000e+00 2.815432742440041602e-01 1.994017946161515398e-01 2.084210526315789513e-01 0.000000000000000000e+00 0.000000000000000000e+00 1.902834008097165908e-01 0.000000000000000000e+00 5.387596899224805780e-01 0.000000000000000000e+00 0.000000000000000000e+00
0.000000000000000000e+00 1.026415094339622636e+00 4.365079365079365115e-01 4.575936883629191376e-01 5.766497461928934420e-01 6.382978723404255650e-01 1.022000000000000020e+00 4.502923976608186885e-01 1.006896551724137945e+00 6.381243628950050706e-01 9.979466119096509491e-01 6.536585365853658791e-01 4.985451018428709857e-01 3.836163836163836161e-01 5.696594427244582315e-01
0.000000000000000000e+00 0.000000000000000000e+00 2.727272727272727071e-01 0.000000000000000000e+00 0.000000000000000000e+00 3.623188405797101441e-01 0.000000000000000000e+00 3.215369059656218442e-01 0.000000000000000000e+00 3.359073359073359022e-01 0.000000000000000000e+00 0.000000000000000000e+00 0.000000000000000000e+00 4.008221993833504526e-01 5.020661157024793875e-01
0.000000000000000000e+00 0.000000000000000000e+00 0.000000000000000000e+00 3.189926547743966445e-01 0.000000000000000000e+00 0.000000000000000000e+00 0.000000000000000000e+00 3.089267803410230551e-01 0.000000000000000000e+00 0.000000000000000000e+00 0.000000000000000000e+00 3.576719576719576965e-01 0.000000000000000000e+00 3.806706114398422103e-01 4.861538461538461586e-01
5.629335976214073778e-01 0.000000000000000000e+00 5.625000000000000000e-01 2.809573361082206011e-01 4.400785854616895976e-01 3.766364551863041199e-01 0.000000000000000000e+00 2.670744138634046916e-01 0.000000000000000000e+00 3.133903133903133686e-01 0.000000000000000000e+00 3.700189753320682895e-01 0.000000000000000000e+00 3.779069767441860517e-01 4.411473788328387768e-01
0.000000000000000000e+00 1.031775700934579376e+00 1.748526522593320254e-01 1.910447761194029870e-01 5.381526104417670986e-01 2.384937238493723966e-01 9.969230769230769118e-01 2.043650793650793607e-01 4.503816793893129500e-01 3.239436619718309984e-01 7.661290322580645018e-01 2.906155398587285665e-01 5.396825396825396526e-01 0.000000000000000000e+00 0.000000000000000000e+00
0.000000000000000000e+00 0.000000000000000000e+00 0.000000000000000000e+00 2.933333333333333348e-01 0.000000000000000000e+00 0.000000000000000000e+00 0.000000000000000000e+00 2.753195673549655997e-01 0.000000000000000000e+00 0.000000000000000000e+00 0.000000000000000000e+00 4.037267080745341463e-01 0.000000000000000000e+00 3.650637880274779090e-01 4.912280701754385692e-01
0.000000000000000000e+00 0.000000000000000000e+00 0.000000000000000000e+00 0.000000000000000000e+00 0.000000000000000000e+00 0.000000000000000000e+00 3.406374501992031623e-01 0.000000000000000000e+00 0.000000000000000000e+00 3.487903225806451846e-01 2.244289970208540319e-01 0.000000000000000000e+00 0.000000000000000000e+00 0.000000000000000000e+00 0.000000000000000000e+00
0.000000000000000000e+00 6.496945010183299285e-01 0.000000000000000000e+00 0.000000000000000000e+00 6.082578046324269572e-01 0.000000000000000000e+00 7.229660144181256909e-01 0.000000000000000000e+00 0.000000000000000000e+00 3.222656250000000000e-01 5.996015936254980305e-01 0.000000000000000000e+00 0.000000000000000000e+00 0.000000000000000000e+00 0.000000000000000000e+00
0.000000000000000000e+00 0.000000000000000000e+00 1.600000000000000033e-01 1.971830985915492829e-01 0.000000000000000000e+00 2.922922922922923106e-01 2.314540059347180989e-01 1.948186528497409253e-01 0.000000000000000000e+00 0.000000000000000000e+00 1.558164354322305323e-01 0.000000000000000000e+00 5.227722772277227925e-01 0.000000000000000000e+00 0.000000000000000000e+00
0.000000000000000000e+00 0.000000000000000000e+00 0.000000000000000000e+00 3.181357649442755897e-01 0.000000000000000000e+00 0.000000000000000000e+00 0.000000000000000000e+00 2.745861733203505128e-01 0.000000000000000000e+00 0.000000000000000000e+00 0.000000000000000000e+00 3.759689922480620172e-01 0.000000000000000000e+00 3.499999999999999778e-01 4.231536926147704825e-01
0.000000000000000000e+00 6.679881070366699980e-01 0.000000000000000000e+00 0.000000000000000000e+00 6.333687566418703119e-01 0.000000000000000000e+00 7.450572320499480039e-01 0.000000000000000000e+00 0.000000000000000000e+00 3.376884422110552619e-01 5.901639344262294973e-01 0.000000000000000000e+00 0.000000000000000000e+00 0.000000000000000000e+00 0.000000000000000000e+00
0.000000000000000000e+00 0.000000000000000000e+00 0.000000000000000000e+00 0.000000000000000000e+00 0.000000000000000000e+00 0.000000000000000000e+00 3.150548354935194251e-01 0.000000000000000000e+00 0.000000000000000000e+00 3.128153380423814300e-01 2.298624754420432181e-01 0.000000000000000000e+00 0.000000000000000000e+00 0.000000000000000000e+00 0.000000000000000000e+00
0.000000000000000000e+00 1.042224510813594129e+00 1.941747572815533951e-01 2.244897959183673464e-01 5.719960278053625169e-01 2.810920121334681276e-01 9.960629921259842590e-01 2.170385395537525464e-01 4.842707340324118315e-01 3.118503118503118676e-01 7.492682926829268286e-01 2.709923664122137477e-01 4.938271604938271331e-01 0.000000000000000000e+00 0.000000000000000000e+00
0.000000000000000000e+00 9.839999999999999858e-01 1.898617511520737378e-01 2.359882005899704982e-01 5.837723919915700499e-01 2.806652806652806809e-01 1.037113402061855760e+00 2.157996146435452733e-01 4.810644831115660214e-01 3.241525423728813804e-01 8.038095238095238626e-01 2.998102466793168830e-01 5.287356321839080664e-01 0.000000000000000000e+00 0.000000000000000000e+00
0.000000000000000000e+00 1.000979431929480912e+00 4.720149253731343308e-01 4.898828541001065129e-01 5.673758865248227368e-01 6.277372262773722733e-01 1.020730503455083982e+00 4.618599791013583977e-01 1.009174311926605450e+00 6.779359430604982029e-01 1.044145873320537321e+00 6.352261790182868184e-01 5.461928934010151782e-01 3.602726387536513974e-01 5.502538071065989911e-01
0.000000000000000000e+00 9.912366114897760427e-01 4.767801857585139413e-01 4.838709677419354982e-01 6.132812500000000000e-01 6.514399205561072215e-01 1.004192872117400492e+00 5.277777777777777901e-01 1.048582995951417018e+00 6.227897838899804084e-01 9.557522123893805732e-01 5.959271168274383745e-01 5.248780487804878270e-01 3.706640237859266662e-01 5.333333333333333259e-01
0.000000000000000000e+00 0.000000000000000000e+00 0.000000000000000000e+00 2.562065541211519526e-01 0.000000000000000000e+00 0.000000000000000000e+00 0.000000000000000000e+00 2.690763052208835493e-01 0.000000000000000000e+00 0.000000000000000000e+00 0.000000000000000000e+00 3.811475409836065364e-01 0.000000000000000000e+00 3.850806451612903136e-01 5.173116089613034596e-01
0.000000000000000000e+00 0.000000000000000000e+00 0.000000000000000000e+00 0.000000000000000000e+00 0.000000000000000000e+00 0.000000000000000000e+00 3.745173745173744906e-01 0.000000000000000000e+00 0.000000000000000000e+00 2.924335378323108525e-01 2.753195673549655997e-01 0.000000000000000000e+00 0.000000000000000000e+00 0.000000000000000000e+00 0.000000000000000000e+00
0.000000000000000000e+00 1.072834645669291431e+00 7.368421052631578538e-01 7.616334283000949501e-01 9.655850540806293347e-01 5.899999999999999689e-01 9.540709812108559840e-01 7.741935483870967527e-01 9.852796859666339557e-01 7.018943170488534111e-01 1.028790786948176494e+00 1.030907278165503538e+00 5.322896281800391094e-01 7.641129032258064946e-01 9.697560975609755829e-01
0.000000000000000000e+00 6.072477962781586136e-01 0.000000000000000000e+00 0.000000000000000000e+00 6.109936575052854479e-01 0.000000000000000000e+00 7.551867219917012264e-01 0.000000000000000000e+00 0.000000000000000000e+00 3.108808290155440357e-01 6.332350049164208183e-01 0.000000000000000000e+00 0.000000000000000000e+00 0.000000000000000000e+00 0.000000000000000000e+00
0.000000000000000000e+00 9.826923076923076428e-01 2.054794520547945091e-01 2.344546381243629019e-01 5.809045226130653550e-01 2.676056338028168780e-01 9.753593429158110562e-01 2.568627450980391913e-01 5.026624068157614644e-01 3.284210526315789469e-01 7.611496531219028583e-01 3.089887640449437978e-01 5.194805194805194315e-01 0.000000000000000000e+00 0.000000000000000000e+00
0.000000000000000000e+00 0.000000000000000000e+00 0.000000000000000000e+00 3.312629399585921286e-01 0.000000000000000000e+00 0.000000000000000000e+00 0.000000000000000000e+00 3.162303664921465862e-01 0.000000000000000000e+00 0.000000000000000000e+00 0.000000000000000000e+00 3.972194637537239115e-01 0.000000000000000000e+00 3.343653250773993557e-01 5.121713729308665641e-01
0.000000000000000000e+00 0.000000000000000000e+00 0.000000000000000000e+00 2.757936507936508130e-01 0.000000000000000000e+00 0.000000000000000000e+00 0.000000000000000000e+00 2.576808721506442246e-01 0.000000000000000000e+00 0.000000000000000000e+00 0.000000000000000000e+00 3.589743589743589758e-01 0.000000000000000000e+00 3.504098360655737432e-01 5.240963855421686413e-01
0.000000000000000000e+00 0.000000000000000000e+00 0.000000000000000000e+00 0.000000000000000000e+00 0.000000000000000000e+00 0.000000000000000000e+00 3.409770687936191647e-01 0.000000000000000000e+00 0.000000000000000000e+00 3.370558375634517545e-01 2.606924643584521140e-01 0.000000000000000000e+00 0.000000000000000000e+00 0.000000000000000000e+00 0.000000000000000000e+00
0.000000000000000000e+00 9.694656488549617812e-01 1.626506024096385505e-01 2.538382804503582224e-01 5.920651068158697683e-01 2.591431556948798343e-01 9.887410440122824662e-01 1.764102564102563997e-01 4.763819095477386800e-01 3.076923076923077094e-01 7.715133531157269964e-01 3.053278688524589946e-01 5.428840716305372016e-01 0.000000000000000000e+00 0.000000000000000000e+00
0.000000000000000000e+00 0.000000000000000000e+00 1.776900296150049352e-01 2.130987292277614908e-01 0.000000000000000000e+00 2.583643122676579917e-01 2.382382382382382258e-01 2.257053291536050277e-01 0.000000000000000000e+00 0.000000000000000000e+00 1.889763779527559029e-01 0.000000000000000000e+00 5.160000000000000142e-01 0.000000000000000000e+00 0.000000000000000000e+00
0.000000000000000000e+00 1.006993006993007089e+00 4.692737430167597812e-01 4.597701149425287293e-01 5.625625625625625403e-01 6.221374045801526531e-01 9.876543209876542662e-01 5.420560747663550893e-01 9.838383838383838453e-01 6.710402999062793361e-01 9.881847475832438166e-01 5.995893223819301898e-01 5.175526579739218036e-01 4.320154291224686527e-01 5.176715176715176447e-01
5.498007968127489598e-01 0.000000000000000000e+00 5.363457760314341849e-01 2.857142857142856984e-01 4.567901234567900981e-01 3.186372745490981817e-01 0.000000000000000000e+00 2.509727626459143934e-01 0.000000000000000000e+00 3.209876543209876365e-01 0.000000000000000000e+00 3.589743589743589758e-01 0.000000000000000000e+00 3.386923901393354974e-01 4.777887462981244004e-01
5.960637300843486530e-01 0.000000000000000000e+00 5.524752475247525219e-01 3.187817258883248739e-01 4.264849074975657350e-01 3.469591226321037114e-01 0.000000000000000000e+00 2.712215320910972838e-01 0.000000000000000000e+00 3.336663336663336921e-01 0.000000000000000000e+00 3.996194100856327314e-01 0.000000000000000000e+00 3.340292275574112679e-01 4.595141700404858365e-01
0.000000000000000000e+00 0.000000000000000000e+00 0.000000000000000000e+00 2.899118511263467091e-01 0.000000000000000000e+00 0.000000000000000000e+00 0.000000000000000000e+00 2.763561924257932345e-01 0.000000000000000000e+00 0.000000000000000000e+00 0.000000000000000000e+00 4.048096192384769698e-01 0.000000000000000000e+00 3.706563706563706373e-01 4.990099009900990090e-01
0.000000000000000000e+00 6.716738197424892975e-01 0.000000000000000000e+00 0.000000000000000000e+00 5.768844221105527970e-01 0.000000000000000000e+00 6.998982706002034870e-01 0.000000000000000000e+00 0.000000000000000000e+00 3.231707317073170826e-01 5.888125613346417708e-01 0.000000000000000000e+00 0.000000000000000000e+00 0.000000000000000000e+00 0.000000000000000000e+00
0.000000000000000000e+00 0.000000000000000000e+00 0.000000000000000000e+00 3.075335397316821262e-01 0.000000000000000000e+00 0.000000000000000000e+00 0.000000000000000000e+00 2.603664416586306540e-01 0.000000000000000000e+00 0.000000000000000000e+00 0.000000000000000000e+00 3.607924921793534967e-01 0.000000000000000000e+00 3.582718651211801997e-01 4.266144814090019333e-01
0.000000000000000000e+00 0.000000000000000000e+00 0.000000000000000000e+00 2.740814299900695139e-01 0.000000000000000000e+00 0.000000000000000000e+00 0.000000000000000000e+00 2.935420743639921559e-01 0.000000000000000000e+00 0.000000000000000000e+00 0.000000000000000000e+00 4.135922330097087651e-01 0.000000000000000000e+00 3.319919517102615791e-01 4.849074975657254316e-01
0.000000000000000000e+00 0.000000000000000000e+00 0.000000000000000000e+00 2.788365095285857409e-01 0.000000000000000000e+00 0.000000000000000000e+00 0.000000000000000000e+00 2.671905697445972616e-01 0.000000000000000000e+00 0.000000000000000000e+00 0.000000000000000000e+00 3.604531410916581025e-01 0.000000000000000000e+00 3.639921722113502733e-01 4.292589027911453137e-01
0.000000000000000000e+00 0.000000000000000000e+00 0.000000000000000000e+00 0.000000000000000000e+00 0.000000000000000000e+00 0.000000000000000000e+00 3.251859723698193316e-01 0.000000000000000000e+00 0.000000000000000000e+00 3.302564102564102821e-01 2.182539682539682557e-01 0.000000000000000000e+00 0.000000000000000000e+00 0.000000000000000000e+00 0.000000000000000000e+00
0.000000000000000000e+00 6.379310344827586743e-01 0.000000000000000000e+00 0.000000000000000000e+00 5.893037336024218309e-01 0.000000000000000000e+00 7.459999999999999964e-01 0.000000000000000000e+00 0.000000000000000000e+00 2.846003898635477425e-01 6.141078838174274246e-01 0.000000000000000000e+00 0.000000000000000000e+00 0.000000000000000000e+00 0.000000000000000000e+00
0.000000000000000000e+00 9.459734964322120687e-01 1.921921921921921905e-01 2.365591397849462485e-01 5.651302605210420937e-01 2.698744769874477090e-01 1.015906680805938489e+00 2.113659022931206333e-01 4.518743667679838150e-01 3.313492063492063378e-01 7.866273352999016977e-01 3.135245901639344135e-01 5.493827160493827133e-01 0.000000000000000000e+00 0.000000000000000000e+00
0.000000000000000000e+00 9.757639620653318913e-01 4.510813594232749857e-01 4.680432645034414696e-01 5.249755142017630272e-01 6.927029804727646844e-01 9.980039920159680111e-01 4.994617868675995664e-01 9.930624380574826215e-01 6.577042399172698950e-01 1.003089598352214118e+00 6.235521235521235273e-01 4.753086419753086433e-01 4.238281250000000000e-01 5.064805583250249210e-01
6.072874493927125084e-01 0.000000000000000000e+00 5.722599418040736907e-01 2.930327868852459217e-01 4.268774703557312034e-01 3.555093555093555291e-01 0.000000000000000000e+00 2.476390346274921217e-01 0.000000000000000000e+00 3.438735177865612780e-01 0.000000000000000000e+00 3.636363636363636465e-01 0.000000000000000000e+00 4.208416833667334433e-01 5.127238454288407521e-01
0.000000000000000000e+00 0.000000000000000000e+00 0.000000000000000000e+00 0.000000000000000000e+00 0.000000000000000000e+00 0.000000000000000000e+00 3.208121827411167248e-01 0.000000000000000000e+00 0.000000000000000000e+00 3.059313215400624175e-01 2.421875000000000000e-01 0.000000000000000000e+00 0.000000000000000000e+00 0.000000000000000000e+00 0.000000000000000000e+00
5.723014256619144424e-01 0.000000000000000000e+00 5.135406218655967914e-01 2.948593598448108755e-01 4.023099133782483405e-01 3.625730994152046582e-01 0.000000000000000000e+00 2.505219206680584509e-01 0.000000000000000000e+00 3.477366255144033191e-01 0.000000000000000000e+00 3.693779904306220274e-01 0.000000000000000000e+00 3.938775510204081676e-01 4.769539078156312395e-01
0.000000000000000000e+00 6.238532110091743466e-01 0.000000000000000000e+00 0.000000000000000000e+00 6.128078817733990658e-01 0.000000000000000000e+00 7.795648060548723279e-01 0.000000000000000000e+00 0.000000000000000000e+00 3.146292585170340494e-01 5.795454545454545858e-01 0.000000000000000000e+00 0.000000000000000000e+00 0.000000000000000000e+00 0.000000000000000000e+00
0.000000000000000000e+00 6.096153846153846700e-01 0.000000000000000000e+00 0.000000000000000000e+00 5.632183908045976795e-01 0.000000000000000000e+00 7.244582043343653632e-01 0.000000000000000000e+00 0.000000000000000000e+00 2.774922918807811167e-01 5.618860510805501196e-01 0.000000000000000000e+00 0.000000000000000000e+00 0.000000000000000000e+00 0.000000000000000000e+00
0.000000000000000000e+00 0.000000000000000000e+00 0.000000000000000000e+00 0.000000000000000000e+00 0.000000000000000000e+00 0.000000000000000000e+00 2.920443101711983624e-01 0.000000000000000000e+00 0.000000000000000000e+00 2.970297029702970160e-01 2.504892367906066397e-01 0.000000000000000000e+00 0.000000000000000000e+00 0.000000000000000000e+00 0.000000000000000000e+00
0.000000000000000000e+00 0.000000000000000000e+00 0.000000000000000000e+00 0.000000000000000000e+00 0.000000000000000000e+00 0.000000000000000000e+00 3.186705767350928586e-01 0.000000000000000000e+00 0.000000000000000000e+00 2.947799385875127798e-01 1.988416988416988329e-01 0.000000000000000000e+00 0.000000000000000000e+00 0.000000000000000000e+00 0.000000000000000000e+00
0.000000000000000000e+00 0.000000000000000000e+00 1.984282907662082429e-01 2.174338883447600457e-01 0.000000000000000000e+00 2.091097308488612805e-01 2.460896767466110580e-01 2.447698744769874479e-01 0.000000000000000000e+00 0.000000000000000000e+00 1.654894046417759723e-01 0.000000000000000000e+00 5.255474452554744769e-01 0.000000000000000000e+00 0.000000000000000000e+00
0.000000000000000000e+00 0.000000000000000000e+00 0.000000000000000000e+00 2.746212121212120993e-01 0.000000000000000000e+00 0.000000000000000000e+00 0.000000000000000000e+00 2.985971943887775759e-01 0.000000000000000000e+00 0.000000000000000000e+00 0.000000000000000000e+00 3.829383886255924296e-01 0.000000000000000000e+00 3.501483679525222437e-01 5.075834175935287629e-01
0.000000000000000000e+00 6.517073170731707554e-01 0.000000000000000000e+00 0.000000000000000000e+00 6.074380165289255951e-01 0.000000000000000000e+00 7.672064777327934904e-01 0.000000000000000000e+00 0.000000000000000000e+00 2.991026919242273374e-01 5.576730190571714818e-01 0.000000000000000000e+00 0.000000000000000000e+00 0.000000000000000000e+00 0.000000000000000000e+00
0.000000000000000000e+00 0.000000000000000000e+00 1.901960784313725394e-01 1.702127659574468044e-01 0.000000000000000000e+00 2.198443579766536926e-01 2.474849094567404539e-01 2.038345105953582315e-01 0.000000000000000000e+00 0.000000000000000000e+00 1.920172599784250311e-01 0.000000000000000000e+00 5.047801147227533036e-01 0.000000000000000000e+00 0.000000000000000000e+00
0.000000000000000000e+00 0.000000000000000000e+00 0.000000000000000000e+00 0.000000000000000000e+00 0.000000000000000000e+00 0.000000000000000000e+00 2.997002997002997104e-01 0.000000000000000000e+00 0.000000000000000000e+00 2.875816993464052063e-01 2.411194833153929018e-01 0.000000000000000000e+00 0.000000000000000000e+00 0.000000000000000000e+00 0.000000000000000000e+00
0.000000000000000000e+00 0.000000000000000000e+00 0.000000000000000000e+00 0.000000000000000000e+00 0.000000000000000000e+00 0.000000000000000000e+00 3.540372670807453437e-01 0.000000000000000000e+00 0.000000000000000000e+00 3.103448275862069061e-01 2.573099415204678220e-01 0.000000000000000000e+00 0.000000000000000000e+00 0.000000000000000000e+00 0.000000000000000000e+00
0.000000000000000000e+00 0.000000000000000000e+00 0.000000000000000000e+00 0.000000000000000000e+00 0.000000000000000000e+00 0.000000000000000000e+00 3.458038422649140631e-01 0.000000000000000000e+00 0.000000000000000000e+00 3.005291005291005346e-01 2.323733862959284913e-01 0.000000000000000000e+00 0.000000000000000000e+00 0.000000000000000000e+00 0.000000000000000000e+00
0.000000000000000000e+00 0.000000000000000000e+00 0.000000000000000000e+00 3.130608175473579280e-01 0.000000000000000000e+00 0.000000000000000000e+00 0.000000000000000000e+00 3.209876543209876365e-01 0.000000000000000000e+00 0.000000000000000000e+00 0.000000000000000000e+00 3.787439613526570326e-01 0.000000000000000000e+00 3.854473942969517952e-01 4.929577464788732488e-01
0.000000000000000000e+00 0.000000000000000000e+00 2.329916123019571406e-01 0.000000000000000000e+00 0.000000000000000000e+00 3.747609942638623348e-01 0.000000000000000000e+00 3.359223300970873849e-01 0.000000000000000000e+00 3.874873864783047184e-01 0.000000000000000000e+00 0.000000000000000000e+00 0.000000000000000000e+00 3.682664054848188151e-01 5.294725956566701530e-01
0.000000000000000000e+00 0.000000000000000000e+00 0.000000000000000000e+00 3.217477656405163811e-01 0.000000000000000000e+00 0.000000000000000000e+00 0.000000000000000000e+00 2.541666666666666519e-01 0.000000000000000000e+00 0.000000000000000000e+00 0.000000000000000000e+00 3.917322834645669549e-01 0.000000000000000000e+00 3.654419066534260185e-01 4.537487828627069231e-01
0.000000000000000000e+00 6.377649325626204568e-01 0.000000000000000000e+00 0.000000000000000000e+00 5.708200212992545763e-01 0.000000000000000000e+00 7.480314960629921295e-01 0.000000000000000000e+00 0.000000000000000000e+00 3.680154142581888443e-01 5.678756476683938237e-01 0.000000000000000000e+00 0.000000000000000000e+00 0.000000000000000000e+00 0.000000000000000000e+00
0.000000000000000000e+00 0.000000000000000000e+00 0.000000000000000000e+00 3.343224530168150133e-01 0.000000000000000000e+00 0.000000000000000000e+00 0.000000000000000000e+00 2.593718338399189638e-01 0.000000000000000000e+00 0.000000000000000000e+00 0.000000000000000000e+00 3.693239152371342038e-01 0.000000000000000000e+00 3.902439024390244038e-01 5.126646403242147709e-01
0.000000000000000000e+00 0.000000000000000000e+00 0.000000000000000000e+00 0.000000000000000000e+00 0.000000000000000000e+00 0.000000000000000000e+00 3.464249748237663851e-01 0.000000000000000000e+00 0.000000000000000000e+00 3.184584178498985896e-01 2.280701754385964786e-01 0.000000000000000000e+00 0.000000000000000000e+00 0.000000000000000000e+00 0.000000000000000000e+00
0.000000000000000000e+00 1.038135593220338881e+00 1.832829808660624282e-01 2.142857142857142738e-01 6.093906093906094057e-01 2.610402355250245332e-01 1.014245014245014342e+00 2.613065326633166041e-01 4.644644644644644882e-01 3.507751937984496249e-01 7.946336429308565874e-01 3.407550822846079353e-01 5.251282051282051277e-01 0.000000000000000000e+00 0.000000000000000000e+00
0.000000000000000000e+00 0.000000000000000000e+00 0.000000000000000000e+00 0.000000000000000000e+00 0.000000000000000000e+00 0.000000000000000000e+00 2.999999999999999889e-01 0.000000000000000000e+00 0.000000000000000000e+00 3.429137760158572634e-01 2.222222222222222099e-01 0.000000000000000000e+00 0.000000000000000000e+00 0.000000000000000000e+00 0.000000000000000000e+00
6.246362754607177603e-01 0.000000000000000000e+00 5.705521472392638405e-01 3.223300970873786420e-01 4.524053224155578090e-01 3.248031496062991907e-01 0.000000000000000000e+00 3.081570996978851840e-01 0.000000000000000000e+00 3.790575916230366493e-01 0.000000000000000000e+00 3.568548387096774355e-01 0.000000000000000000e+00 3.481701285855588468e-01 4.848484848484848619e-01
0.000000000000000000e+00 6.219151036525172316e-01 0.000000000000000000e+00 0.000000000000000000e+00 5.787908820614470207e-01 0.000000000000000000e+00 7.910863509749304079e-01 0.000000000000000000e+00 0.000000000000000000e+00 3.031496062992126150e-01 6.227544910179640958e-01 0.000000000000000000e+00 0.000000000000000000e+00 0.000000000000000000e+00 0.000000000000000000e+00
0.000000000000000000e+00 6.012024048096192841e-01 0.000000000000000000e+00 0.000000000000000000e+00 5.443548387096773800e-01 0.000000000000000000e+00 7.246093750000000000e-01 0.000000000000000000e+00 0.000000000000000000e+00 3.414634146341463672e-01 6.340425531914893886e-01 0.000000000000000000e+00 0.000000000000000000e+00 0.000000000000000000e+00 0.000000000000000000e+00
0.000000000000000000e+00 6.119999999999999885e-01 0.000000000000000000e+00 0.000000000000000000e+00 5.347912524850894078e-01 0.000000000000000000e+00 7.340823970037453350e-01 0.000000000000000000e+00 0.000000000000000000e+00 2.882527147087857733e-01 5.858585858585858563e-01 0.000000000000000000e+00 0.000000000000000000e+00 0.000000000000000000e+00 0.000000000000000000e+00
4.665226781857451654e-01 0.000000000000000000e+00 0.000000000000000000e+00 2.398452611218568620e-01 0.000000000000000000e+00 0.000000000000000000e+00 0.000000000000000000e+00 2.284569138276553169e-01 0.000000000000000000e+00 0.000000000000000000e+00 0.000000000000000000e+00 0.000000000000000000e+00 5.240431795878311982e-01 2.845849802371541726e-01 0.000000000000000000e+00
0.000000000000000000e+00 6.259689922480620172e-01 0.000000000000000000e+00 0.000000000000000000e+00 6.302439024390243949e-01 0.000000000000000000e+00 7.305502846299810615e-01 0.000000000000000000e+00 0.000000000000000000e+00 3.209876543209876365e-01 5.722656250000000000e-01 0.000000000000000000e+00 0.000000000000000000e+00 0.000000000000000000e+00 0.000000000000000000e+00
0.000000000000000000e+00 6.422200198216055922e-01 0.000000000000000000e+00 0.000000000000000000e+00 5.812441968430825945e-01 0.000000000000000000e+00 7.117585848074922117e-01 0.000000000000000000e+00 0.000000000000000000e+00 3.202357563850687372e-01 5.987525987525987858e-01 0.000000000000000000e+00 0.000000000000000000e+00 0.000000000000000000e+00 0.000000000000000000e+00
0.000000000000000000e+00 0.000000000000000000e+00 0.000000000000000000e+00 0.000000000000000000e+00 0.000000000000000000e+00 0.000000000000000000e+00 3.096646942800789226e-01 0.000000000000000000e+00 0.000000000000000000e+00 2.911266201395812381e-01 2.479508196721311453e-01 0.000000000000000000e+00 0.000000000000000000e+00 0.000000000000000000e+00 0.000000000000000000e+00
0.000000000000000000e+00 0.000000000000000000e+00 0.000000000000000000e+00 0.000000000000000000e+00 0.000000000000000000e+00 0.000000000000000000e+00 3.056603773584905537e-01 0.000000000000000000e+00 0.000000000000000000e+00 3.121272365805168869e-01 2.324649298597194491e-01 0.000000000000000000e+00 0.000000000000000000e+00 0.000000000000000000e+00 0.000000000000000000e+00
0.000000000000000000e+00 6.790971540726201683e-01 0.000000000000000000e+00 0.000000000000000000e+00 5.937500000000000000e-01 0.000000000000000000e+00 7.572016460905349744e-01 0.000000000000000000e+00 0.000000000000000000e+00 3.299389002036660079e-01 6.410515672396359665e-01 0.000000000000000000e+00 0.000000000000000000e+00 0.000000000000000000e+00 0.000000000000000000e+00
5.651302605210420937e-01 0.000000000000000000e+00 5.293532338308457597e-01 2.885973763874873921e-01 4.169124877089478987e-01 3.310344827586206851e-01 0.000000000000000000e+00 2.633663366336633782e-01 0.000000000000000000e+00 3.554687500000000000e-01 0.000000000000000000e+00 3.891577928363988415e-01 0.000000000000000000e+00 3.410404624277456609e-01 4.964394710071210470e-01
0.000000000000000000e+00 6.516853932584270037e-01 0.000000000000000000e+00 0.000000000000000000e+00 6.078234704112337461e-01 0.000000000000000000e+00 7.747572815533980695e-01 0.000000000000000000e+00 0.000000000000000000e+00 3.136863136863136670e-01 6.253630203291384859e-01 0.000000000000000000e+00 0.000000000000000000e+00 0.000000000000000000e+00 0.000000000000000000e+00
0.000000000000000000e+00 0.000000000000000000e+00 0.000000000000000000e+00 0.000000000000000000e+00 0.000000000000000000e+00 0.000000000000000000e+00 3.049792531120332217e-01 0.000000000000000000e+00 0.000000000000000000e+00 3.231083844580777131e-01 2.457264957264957139e-01 0.000000000000000000e+00 0.000000000000000000e+00 0.000000000000000000e+00 0.000000000000000000e+00
0.000000000000000000e+00 9.591002044989774822e-01 6.822335025380710238e-01 8.039024390243902918e-01 9.573170731707316694e-01 6.342451874366767939e-01 1.014548981571290032e+00 7.902439024390244260e-01 1.011518324607329822e+00 6.941649899396378220e-01 1.071500503524672743e+00 9.979797979797979668e-01 5.124481327800829433e-01 7.229601518026564921e-01 9.893307468477207101e-01
0.000000000000000000e+00 0.000000000000000000e+00 0.000000000000000000e+00 3.153770812928501366e-01 0.000000000000000000e+00 0.000000000000000000e+00 0.000000000000000000e+00 3.125599232981783326e-01 0.000000000000000000e+00 0.000000000000000000e+00 0.000000000000000000e+00 3.845391476709613676e-01 0.000000000000000000e+00 3.293413173652694481e-01 4.696016771488469854e-01
0.000000000000000000e+00 0.000000000000000000e+00 0.000000000000000000e+00 0.000000000000000000e+00 0.000000000000000000e+00 0.000000000000000000e+00 3.241182078169685399e-01 0.000000000000000000e+00 0.000000000000000000e+00 2.639175257731958824e-01 2.842842842842842610e-01 0.000000000000000000e+00 0.000000000000000000e+00 0.000000000000000000e+00 0.000000000000000000e+00
0.000000000000000000e+00 0.000000000000000000e+00 0.000000000000000000e+00 3.254901960784313819e-01 0.000000000000000000e+00 0.000000000000000000e+00 0.000000000000000000e+00 2.800751879699248104e-01 0.000000000000000000e+00 0.000000000000000000e+00 0.000000000000000000e+00 3.920145190562613347e-01 0.000000000000000000e+00 3.846153846153846367e-01 4.559099437148217415e-01
0.000000000000000000e+00 1.001013171225937137e+00 2.026078234704112302e-01 2.444678609062170827e-01 5.906838453914766696e-01 2.512171372930866453e-01 1.019455252918287869e+00 2.166666666666666741e-01 4.641775983854692367e-01 3.377148634984833420e-01 7.209533267130089351e-01 3.192771084337349130e-01 4.820717131474103745e-01 0.000000000000000000e+00 0.000000000000000000e+00
5.848670756646217050e-01 0.000000000000000000e+00 5.354497354497353978e-01 2.837573385518590841e-01 4.201355275895450325e-01 3.582640812557710275e-01 0.000000000000000000e+00 2.509881422924901129e-01 0.000000000000000000e+00 3.066538090646094283e-01 0.000000000000000000e+00 3.808532778355879223e-01 0.000000000000000000e+00 3.239130434782608869e-01 4.753451676528599457e-01
0.000000000000000000e+00 0.000000000000000000e+00 0.000000000000000000e+00 0.000000000000000000e+00 0.000000000000000000e+00 0.000000000000000000e+00 3.214285714285714524e-01 0.000000000000000000e+00 0.000000000000000000e+00 3.061630218687872995e-01 2.275077559462254373e-01 0.000000000000000000e+00 0.000000000000000000e+00 0.000000000000000000e+00 0.000000000000000000e+00
0.000000000000000000e+00 0.000000000000000000e+00 0.000000000000000000e+00 0.000000000000000000e+00 0.000000000000000000e+00 0.000000000000000000e+00 3.617463617463617664e-01 0.000000000000000000e+00 0.000000000000000000e+00 3.297350343473994250e-01 2.160555004955401481e-01 0.000000000000000000e+00 0.000000000000000000e+00 0.000000000000000000e+00 0.000000000000000000e+00
0.000000000000000000e+00 6.952191235059761443e-01 0.000000000000000000e+00 0.000000000000000000e+00 5.668016194331984003e-01 0.000000000000000000e+00 7.314172447968285695e-01 0.000000000000000000e+00 0.000000000000000000e+00 3.133543638275499421e-01 6.049149338374291140e-01 0.000000000000000000e+00 0.000000000000000000e+00 0.000000000000000000e+00 0.000000000000000000e+00
5.528455284552845628e-01 0.000000000000000000e+00 5.144566301096710204e-01 2.977022977022977246e-01 4.252758274824473550e-01 4.093211752786221069e-01 0.000000000000000000e+00 3.078491335372069426e-01 0.000000000000000000e+00 3.499043977055449339e-01 0.000000000000000000e+00 4.247967479674796820e-01 0.000000000000000000e+00 3.759842519685039353e-01 4.608879492600422845e-01
0.000000000000000000e+00 0.000000000000000000e+00 1.726479146459747871e-01 2.230997038499506480e-01 0.000000000000000000e+00 2.745098039215686514e-01 1.773399014778325178e-01 2.262703739213806353e-01 0.000000000000000000e+00 0.000000000000000000e+00 2.183673469387755195e-01 0.000000000000000000e+00 4.684684684684684575e-01 0.000000000000000000e+00 0.000000000000000000e+00
0.000000000000000000e+00 0.000000000000000000e+00 0.000000000000000000e+00 2.973760932944606306e-01 0.000000000000000000e+00 0.000000000000000000e+00 0.000000000000000000e+00 2.650356778797146040e-01 0.000000000000000000e+00 0.000000000000000000e+00 0.000000000000000000e+00 3.653250773993808043e-01 0.000000000000000000e+00 3.320000000000000173e-01 4.694932781799379673e-01
0.000000000000000000e+00 0.000000000000000000e+00 0.000000000000000000e+00 0.000000000000000000e+00 0.000000000000000000e+00 0.000000000000000000e+00 3.415637860082304522e-01 0.000000000000000000e+00 0.000000000000000000e+00 3.119777158774373338e-01 2.687499999999999889e-01 0.000000000000000000e+00 0.000000000000000000e+00 0.000000000000000000e+00 0.000000000000000000e+00
0.000000000000000000e+00 0.000000000000000000e+00 0.000000000000000000e+00 0.000000000000000000e+00 0.000000000000000000e+00 0.000000000000000000e+00 3.058103975535167995e-01 0.000000000000000000e+00 0.000000000000000000e+00 2.948846539618856788e-01 2.211155378486055756e-01 0.000000000000000000e+00 0.000000000000000000e+00 0.000000000000000000e+00 0.000000000000000000e+00
0.000000000000000000e+00 0.000000000000000000e+00 0.000000000000000000e+00 0.000000000000000000e+00 0.000000000000000000e+00 0.000000000000000000e+00 3.156881616939364865e-01 0.000000000000000000e+00 0.000000000000000000e+00 3.402571711177052594e-01 2.550478214665249932e-01 0.000000000000000000e+00 0.000000000000000000e+00 0.000000000000000000e+00 0.000000000000000000e+00
0.000000000000000000e+00 0.000000000000000000e+00 2.027833001988071648e-01 2.175824175824175866e-01 0.000000000000000000e+00 2.245540398740818455e-01 2.645914396887159570e-01 1.947643979057591679e-01 0.000000000000000000e+00 0.000000000000000000e+00 2.002042900919305535e-01 0.000000000000000000e+00 5.247225025227043593e-01 0.000000000000000000e+00 0.000000000000000000e+00
0.000000000000000000e+00 0.000000000000000000e+00 0.000000000000000000e+00 0.000000000000000000e+00 0.000000000000000000e+00 0.000000000000000000e+00 3.274745605920443836e-01 0.000000000000000000e+00 0.000000000000000000e+00 3.084479371316306562e-01 2.367101303911735288e-01 0.000000000000000000e+00 0.000000000000000000e+00 0.000000000000000000e+00 0.000000000000000000e+00
0.000000000000000000e+00 0.000000000000000000e+00 0.000000000000000000e+00 0.000000000000000000e+00 0.000000000000000000e+00 0.000000000000000000e+00 3.218390804597701105e-01 0.000000000000000000e+00 0.000000000000000000e+00 2.823297137216189689e-01 2.355140186915887779e-01 0.000000000000000000e+00 0.000000000000000000e+00 0.000000000000000000e+00 0.000000000000000000e+00
0.000000000000000000e+00 1.036608863198458463e+00 2.012195121951219634e-01 2.209414024975984714e-01 5.778611632270168608e-01 2.876190476190476075e-01 1.031185031185031242e+00 2.118380062305295908e-01 4.519883608147429732e-01 2.734225621414914098e-01 7.917121046892039438e-01 2.646766169154228798e-01 5.208545269582909309e-01 0.000000000000000000e+00 0.000000000000000000e+00
0.000000000000000000e+00 0.000000000000000000e+00 1.759530791788856408e-01 2.485549132947976747e-01 0.000000000000000000e+00 2.554027504911591251e-01 2.581300813008129968e-01 1.812807881773398910e-01 0.000000000000000000e+00 0.000000000000000000e+00 2.195845697329376900e-01 0.000000000000000000e+00 5.240431795878311982e-01 0.000000000000000000e+00 0.000000000000000000e+00
0.000000000000000000e+00 6.560449859418931995e-01 0.000000000000000000e+00 0.000000000000000000e+00 5.404339250493096491e-01 0.000000000000000000e+00 7.411067193675889841e-01 0.000000000000000000e+00 0.000000000000000000e+00 3.216374269005847775e-01 5.597609561752987517e-01 0.000000000000000000e+00 0.000000000000000000e+00 0.000000000000000000e+00 0.000000000000000000e+00
5.826612903225806273e-01 0.000000000000000000e+00 5.320000000000000284e-01 2.960151802656546538e-01 4.024640657084189166e-01 3.597430406852248352e-01 0.000000000000000000e+00 3.004115226337448763e-01 0.000000000000000000e+00 3.442622950819672067e-01 0.000000000000000000e+00 3.779677113010446177e-01 0.000000000000000000e+00 3.541048466864490374e-01 4.904862579281183965e-01
