Num_mutations: 100
Num_samples: 15
Error_rate: 0.050000

2.991967871485943786e-01 0.000000000000000000e+00 4.476093591047812792e-01 0.000000000000000000e+00 2.413452027695351110e-01 0.000000000000000000e+00 0.000000000000000000e+00 4.692849949647532881e-01 5.290068829891838575e-01 0.000000000000000000e+00 6.566566566566566232e-01 2.587064676616915304e-01 0.000000000000000000e+00 0.000000000000000000e+00 6.974789915966386200e-01
0.000000000000000000e+00 0.000000000000000000e+00 3.804971319311663547e-01 0.000000000000000000e+00 0.000000000000000000e+00 0.000000000000000000e+00 0.000000000000000000e+00 0.000000000000000000e+00 5.306122448979592177e-01 0.000000000000000000e+00 3.929618768328445588e-01 2.530364372469635637e-01 0.000000000000000000e+00 0.000000000000000000e+00 3.568627450980392246e-01
0.000000000000000000e+00 0.000000000000000000e+00 0.000000000000000000e+00 3.095004897159647217e-01 3.214285714285714524e-01 6.410515672396359665e-01 0.000000000000000000e+00 0.000000000000000000e+00 0.000000000000000000e+00 0.000000000000000000e+00 0.000000000000000000e+00 2.240000000000000047e-01 4.342379958246346816e-01 3.236514522821576922e-01 0.000000000000000000e+00
0.000000000000000000e+00 0.000000000000000000e+00 3.896620278330019671e-01 0.000000000000000000e+00 0.000000000000000000e+00 0.000000000000000000e+00 0.000000000000000000e+00 0.000000000000000000e+00 5.205479452054794232e-01 0.000000000000000000e+00 3.650485436893203817e-01 2.892307692307692357e-01 0.000000000000000000e+00 0.000000000000000000e+00 3.535062439961575431e-01
0.000000000000000000e+00 0.000000000000000000e+00 4.129400570884871335e-01 0.000000000000000000e+00 0.000000000000000000e+00 0.000000000000000000e+00 0.000000000000000000e+00 0.000000000000000000e+00 5.326829268292683217e-01 0.000000000000000000e+00 3.592330978809283315e-01 2.587763289869609018e-01 0.000000000000000000e+00 0.000000000000000000e+00 3.813306852035749928e-01
3.028515240904621209e-01 0.000000000000000000e+00 3.508424182358770849e-01 0.000000000000000000e+00 2.438524590163934358e-01 0.000000000000000000e+00 0.000000000000000000e+00 4.082840236686390289e-01 5.505505505505505770e-01 0.000000000000000000e+00 6.423645320197044484e-01 2.610483042137718424e-01 0.000000000000000000e+00 0.000000000000000000e+00 6.408376963350785882e-01
3.241650294695481160e-01 0.000000000000000000e+00 3.760848601735776175e-01 0.000000000000000000e+00 2.673366834170854411e-01 0.000000000000000000e+00 0.000000000000000000e+00 4.140625000000000000e-01 5.465116279069767158e-01 0.000000000000000000e+00 6.782608695652173614e-01 2.550607287449392913e-01 0.000000000000000000e+00 0.000000000000000000e+00 6.178861788617886486e-01
2.899999999999999800e-01 0.000000000000000000e+00 3.544303797468354444e-01 0.000000000000000000e+00 2.827868852459016202e-01 0.000000000000000000e+00 0.000000000000000000e+00 4.398422090729783296e-01 4.800817160367722436e-01 0.000000000000000000e+00 6.606060606060606410e-01 2.314911366006256466e-01 0.000000000000000000e+00 0.000000000000000000e+00 5.942622950819672623e-01
2.592223330009970073e-01 0.000000000000000000e+00 3.629112662013957991e-01 0.000000000000000000e+00 2.614770459081836584e-01 0.000000000000000000e+00 0.000000000000000000e+00 3.921568627450980338e-01 4.952978056426332043e-01 0.000000000000000000e+00 6.580000000000000293e-01 2.489711934156378648e-01 0.000000000000000000e+00 0.000000000000000000e+00 5.974282888229476285e-01
2.781586679725758793e-01 0.000000000000000000e+00 3.952569169960474249e-01 0.000000000000000000e+00 2.468354430379746944e-01 0.000000000000000000e+00 0.000000000000000000e+00 3.984600577478344396e-01 4.723404255319149092e-01 0.000000000000000000e+00 6.138415245737212089e-01 2.453608247422680300e-01 0.000000000000000000e+00 0.000000000000000000e+00 6.033057851239669311e-01
3.100303951367781030e-01 0.000000000000000000e+00 3.867735470941883746e-01 0.000000000000000000e+00 2.492809204218600083e-01 0.000000000000000000e+00 0.000000000000000000e+00 4.177489177489177585e-01 4.906444906444906717e-01 0.000000000000000000e+00 6.277227722772277252e-01 2.565172054223149312e-01 0.000000000000000000e+00 0.000000000000000000e+00 6.214574898785425461e-01
0.000000000000000000e+00 0.000000000000000000e+00 0.000000000000000000e+00 3.665716999050332436e-01 2.902902902902902982e-01 5.728542914171657063e-01 0.000000000000000000e+00 0.000000000000000000e+00 0.000000000000000000e+00 0.000000000000000000e+00 0.000000000000000000e+00 1.912350597609561720e-01 4.613880742913000765e-01 3.379721669980119136e-01 0.000000000000000000e+00
2.994241842610364523e-01 0.000000000000000000e+00 3.842459173871277667e-01 0.000000000000000000e+00 2.233104799216454328e-01 0.000000000000000000e+00 0.000000000000000000e+00 3.773965691220989016e-01 5.249500998003991947e-01 0.000000000000000000e+00 6.214355948869223489e-01 2.206185567010309212e-01 0.000000000000000000e+00 0.000000000000000000e+00 6.511627906976744651e-01
0.000000000000000000e+00 4.392712550607287270e-01 0.000000000000000000e+00 3.653444676409186020e-01 2.854406130268199449e-01 6.442687747035573675e-01 0.000000000000000000e+00 0.000000000000000000e+00 4.536679536679536495e-01 0.000000000000000000e+00 0.000000000000000000e+00 1.969543147208121792e-01 4.592445328031808938e-01 3.470031545741324996e-01 0.000000000000000000e+00
2.769230769230769384e-01 0.000000000000000000e+00 3.953033268101761033e-01 0.000000000000000000e+00 2.429718875502007991e-01 0.000000000000000000e+00 0.000000000000000000e+00 4.369414101290963193e-01 5.376569037656904193e-01 0.000000000000000000e+00 5.865284974093264436e-01 2.552380952380952639e-01 0.000000000000000000e+00 0.000000000000000000e+00 6.189516129032257563e-01
0.000000000000000000e+00 0.000000000000000000e+00 0.000000000000000000e+00 3.638190954773869445e-01 3.060217176702862973e-01 6.466466466466466168e-01 0.000000000000000000e+00 0.000000000000000000e+00 0.000000000000000000e+00 0.000000000000000000e+00 0.000000000000000000e+00 2.447342026078234700e-01 4.057416267942583477e-01 3.515151515151515027e-01 0.000000000000000000e+00
0.000000000000000000e+00 0.000000000000000000e+00 0.000000000000000000e+00 3.702213279678068236e-01 3.147410358565737032e-01 5.501066098081023314e-01 0.000000000000000000e+00 0.000000000000000000e+00 0.000000000000000000e+00 0.000000000000000000e+00 0.000000000000000000e+00 2.343594836146971339e-01 4.267453294001966602e-01 3.284210526315789469e-01 0.000000000000000000e+00
0.000000000000000000e+00 0.000000000000000000e+00 3.582677165354330451e-01 0.000000000000000000e+00 0.000000000000000000e+00 0.000000000000000000e+00 0.000000000000000000e+00 0.000000000000000000e+00 4.800817160367722436e-01 0.000000000000000000e+00 3.620352250489236590e-01 2.713675213675213471e-01 0.000000000000000000e+00 0.000000000000000000e+00 3.864118895966029976e-01
2.348258706467661605e-01 0.000000000000000000e+00 3.648393194706994191e-01 0.000000000000000000e+00 2.956167176350662507e-01 0.000000000000000000e+00 0.000000000000000000e+00 4.090462143559488450e-01 4.911242603550295960e-01 0.000000000000000000e+00 6.076696165191740606e-01 2.554890219560878029e-01 0.000000000000000000e+00 0.000000000000000000e+00 6.526315789473684514e-01
2.738669238187078081e-01 0.000000000000000000e+00 3.966065747613997661e-01 0.000000000000000000e+00 2.247191011235954994e-01 0.000000000000000000e+00 0.000000000000000000e+00 4.388714733542319890e-01 5.137420718816068099e-01 0.000000000000000000e+00 5.964566929133858775e-01 2.936660268714011424e-01 0.000000000000000000e+00 0.000000000000000000e+00 6.202158979391559912e-01
4.330312185297079397e-01 0.000000000000000000e+00 0.000000000000000000e+00 0.000000000000000000e+00 0.000000000000000000e+00 0.000000000000000000e+00 0.000000000000000000e+00 0.000000000000000000e+00 0.000000000000000000e+00 6.045589692765114265e-01 0.000000000000000000e+00 0.000000000000000000e+00 5.681098204857444323e-01 0.000000000000000000e+00 0.000000000000000000e+00
0.000000000000000000e+00 0.000000000000000000e+00 0.000000000000000000e+00 3.992094861660079319e-01 3.059071729957805741e-01 5.632411067193675569e-01 0.000000000000000000e+00 0.000000000000000000e+00 0.000000000000000000e+00 0.000000000000000000e+00 0.000000000000000000e+00 2.228976697061803569e-01 4.300666032350142776e-01 3.682604272634791287e-01 0.000000000000000000e+00
3.294346978557504690e-01 0.000000000000000000e+00 3.478260869565217295e-01 0.000000000000000000e+00 2.581300813008129968e-01 0.000000000000000000e+00 0.000000000000000000e+00 4.000000000000000222e-01 5.004868549172346581e-01 0.000000000000000000e+00 6.322067594433399274e-01 2.562620423892100208e-01 0.000000000000000000e+00 0.000000000000000000e+00 6.469428007889546084e-01
0.000000000000000000e+00 0.000000000000000000e+00 0.000000000000000000e+00 3.578947368421052655e-01 3.033472803347280200e-01 6.189516129032257563e-01 0.000000000000000000e+00 0.000000000000000000e+00 0.000000000000000000e+00 0.000000000000000000e+00 0.000000000000000000e+00 2.422360248447205100e-01 4.003964321110010105e-01 3.301343570057581611e-01 0.000000000000000000e+00
0.000000000000000000e+00 0.000000000000000000e+00 0.000000000000000000e+00 3.678861788617885931e-01 2.697576396206533000e-01 5.569892473118279730e-01 0.000000000000000000e+00 0.000000000000000000e+00 0.000000000000000000e+00 0.000000000000000000e+00 0.000000000000000000e+00 1.880998080614203483e-01 4.994984954864593596e-01 3.582677165354330451e-01 0.000000000000000000e+00
2.517911975435004890e-01 0.000000000000000000e+00 3.432406519654842003e-01 0.000000000000000000e+00 2.350557244174265314e-01 0.000000000000000000e+00 0.000000000000000000e+00 4.128256513026052343e-01 5.080645161290322509e-01 0.000000000000000000e+00 6.309403437815975790e-01 2.440041710114702889e-01 0.000000000000000000e+00 0.000000000000000000e+00 6.584867075664622149e-01
2.939297124600638855e-01 0.000000000000000000e+00 3.781676413255360414e-01 0.000000000000000000e+00 2.481203007518796855e-01 0.000000000000000000e+00 0.000000000000000000e+00 4.423480083857442291e-01 5.238095238095238360e-01 0.000000000000000000e+00 5.911823647294589534e-01 2.690058479532163593e-01 0.000000000000000000e+00 0.000000000000000000e+00 6.131979695431472033e-01
0.000000000000000000e+00 0.000000000000000000e+00 3.833167825223435798e-01 0.000000000000000000e+00 0.000000000000000000e+00 0.000000000000000000e+00 0.000000000000000000e+00 0.000000000000000000e+00 5.071868583162217892e-01 0.000000000000000000e+00 3.857868020304568435e-01 2.428430404738400883e-01 0.000000000000000000e+00 0.000000000000000000e+00 3.594377510040160373e-01
2.977905859750240025e-01 0.000000000000000000e+00 4.213709677419354982e-01 0.000000000000000000e+00 2.532402791625124605e-01 0.000000000000000000e+00 0.000000000000000000e+00 4.458333333333333592e-01 5.142857142857142350e-01 0.000000000000000000e+00 6.735751295336787070e-01 2.746942615239887364e-01 0.000000000000000000e+00 0.000000000000000000e+00 6.020202020202020110e-01
3.089267803410230551e-01 0.000000000000000000e+00 3.636363636363636465e-01 0.000000000000000000e+00 2.319749216300940331e-01 0.000000000000000000e+00 0.000000000000000000e+00 4.954499494438827090e-01 4.566596194503171335e-01 0.000000000000000000e+00 6.660268714011515767e-01 2.713567839195979992e-01 0.000000000000000000e+00 0.000000000000000000e+00 5.966850828729282075e-01
2.662538699690402688e-01 0.000000000000000000e+00 4.015670910871694255e-01 0.000000000000000000e+00 2.447342026078234700e-01 0.000000000000000000e+00 0.000000000000000000e+00 4.312977099236641187e-01 4.894433781190019039e-01 0.000000000000000000e+00 6.570841889117042811e-01 2.235528942115768414e-01 0.000000000000000000e+00 0.000000000000000000e+00 6.187050359712230607e-01
2.628458498023715229e-01 0.000000000000000000e+00 3.781094527363184077e-01 0.000000000000000000e+00 2.776148582600195258e-01 0.000000000000000000e+00 0.000000000000000000e+00 4.524053224155578090e-01 4.852320675105485370e-01 0.000000000000000000e+00 6.136145733461170204e-01 2.710280373831775447e-01 0.000000000000000000e+00 0.000000000000000000e+00 6.925373134328358660e-01
4.739776951672862726e-01 0.000000000000000000e+00 0.000000000000000000e+00 0.000000000000000000e+00 0.000000000000000000e+00 0.000000000000000000e+00 0.000000000000000000e+00 0.000000000000000000e+00 0.000000000000000000e+00 6.266094420600858417e-01 0.000000000000000000e+00 0.000000000000000000e+00 5.517970401691332238e-01 0.000000000000000000e+00 0.000000000000000000e+00
0.000000000000000000e+00 0.000000000000000000e+00 0.000000000000000000e+00 3.530612244897959329e-01 2.984771573604060868e-01 6.067907995618838646e-01 0.000000000000000000e+00 0.000000000000000000e+00 0.000000000000000000e+00 0.000000000000000000e+00 0.000000000000000000e+00 1.978021978021977934e-01 4.339999999999999969e-01 3.926002055498458154e-01 0.000000000000000000e+00
7.183513248282630270e-01 6.184340931615460724e-01 2.468168462291870646e-01 9.940711462450593228e-01 7.485148514851485135e-01 1.024439918533604832e+00 6.601752677702045213e-01 0.000000000000000000e+00 4.664664664664664451e-01 9.337539432176655829e-01 0.000000000000000000e+00 4.484126984126984294e-01 1.007984031936127733e+00 1.035225048923679170e+00 0.000000000000000000e+00
4.607543323139653424e-01 2.386587771203155794e-01 2.578616352201257844e-01 2.699386503067484622e-01 2.286902286902287029e-01 0.000000000000000000e+00 0.000000000000000000e+00 0.000000000000000000e+00 0.000000000000000000e+00 9.970149253731342975e-01 0.000000000000000000e+00 0.000000000000000000e+00 5.293511843460350086e-01 0.000000000000000000e+00 0.000000000000000000e+00
3.076923076923077094e-01 0.000000000000000000e+00 3.976833976833976658e-01 0.000000000000000000e+00 2.283950617283950490e-01 0.000000000000000000e+00 0.000000000000000000e+00 3.967446592065106969e-01 5.286923800564440334e-01 0.000000000000000000e+00 6.327800829875518396e-01 2.579324462640736892e-01 0.000000000000000000e+00 0.000000000000000000e+00 6.220391349124614333e-01
3.140000000000000013e-01 0.000000000000000000e+00 3.472356935014548895e-01 0.000000000000000000e+00 2.608695652173912971e-01 0.000000000000000000e+00 0.000000000000000000e+00 4.105571847507331618e-01 5.225603357817418804e-01 0.000000000000000000e+00 6.302681992337164640e-01 2.591493570722057105e-01 0.000000000000000000e+00 0.000000000000000000e+00 6.256517205422315042e-01
2.817460317460317443e-01 0.000000000000000000e+00 3.900000000000000133e-01 0.000000000000000000e+00 2.395209580838323360e-01 0.000000000000000000e+00 0.000000000000000000e+00 4.145077720207253624e-01 5.124626121635095233e-01 0.000000000000000000e+00 6.519916142557652394e-01 2.743091095189355011e-01 0.000000000000000000e+00 0.000000000000000000e+00 6.468172484599589156e-01
4.499054820415879230e-01 2.606177606177605965e-01 2.470119521912350624e-01 2.350557244174265314e-01 2.059123343527013150e-01 0.000000000000000000e+00 0.000000000000000000e+00 0.000000000000000000e+00 0.000000000000000000e+00 9.932104752667313408e-01 0.000000000000000000e+00 0.000000000000000000e+00 5.268595041322313710e-01 0.000000000000000000e+00 0.000000000000000000e+00
2.914046121593291128e-01 0.000000000000000000e+00 3.513513513513513709e-01 0.000000000000000000e+00 2.859941234084231176e-01 0.000000000000000000e+00 0.000000000000000000e+00 3.609756097560975485e-01 4.719999999999999751e-01 0.000000000000000000e+00 5.855130784708248992e-01 2.495274102079395040e-01 0.000000000000000000e+00 0.000000000000000000e+00 6.378802747791952887e-01
3.059999999999999942e-01 0.000000000000000000e+00 3.650637880274779090e-01 0.000000000000000000e+00 2.309236947791164785e-01 0.000000000000000000e+00 0.000000000000000000e+00 4.419778002018163732e-01 4.965652600588812415e-01 0.000000000000000000e+00 6.131979695431472033e-01 2.284607938044530551e-01 0.000000000000000000e+00 0.000000000000000000e+00 6.679574056147143946e-01
4.331337325349301492e-01 2.475247524752475226e-01 2.534381139489194634e-01 2.567287784679089246e-01 2.226762002042901034e-01 0.000000000000000000e+00 0.000000000000000000e+00 0.000000000000000000e+00 0.000000000000000000e+00 9.939271255060728727e-01 0.000000000000000000e+00 0.000000000000000000e+00 5.376569037656904193e-01 0.000000000000000000e+00 0.000000000000000000e+00
0.000000000000000000e+00 3.731490621915103389e-01 0.000000000000000000e+00 3.294573643410852459e-01 3.066132264529057849e-01 5.558974358974358987e-01 0.000000000000000000e+00 0.000000000000000000e+00 4.767932489451476852e-01 0.000000000000000000e+00 0.000000000000000000e+00 2.363455809334657487e-01 4.906015037593984829e-01 2.805611222444889807e-01 0.000000000000000000e+00
2.963752665245202311e-01 0.000000000000000000e+00 4.054848188050930724e-01 0.000000000000000000e+00 2.558593750000000000e-01 0.000000000000000000e+00 0.000000000000000000e+00 4.019417475728155331e-01 4.863281250000000000e-01 0.000000000000000000e+00 6.130030959752321706e-01 2.460317460317460181e-01 0.000000000000000000e+00 0.000000000000000000e+00 6.473429951690821138e-01
2.983870967741935609e-01 0.000000000000000000e+00 3.600823045267489975e-01 0.000000000000000000e+00 2.323232323232323204e-01 0.000000000000000000e+00 0.000000000000000000e+00 4.188911704312114903e-01 5.474525474525474555e-01 0.000000000000000000e+00 6.423220973782771681e-01 2.740524781341107663e-01 0.000000000000000000e+00 0.000000000000000000e+00 6.615236258437801053e-01
2.703777335984095531e-01 0.000000000000000000e+00 3.514056224899598235e-01 0.000000000000000000e+00 2.897959183673469163e-01 0.000000000000000000e+00 0.000000000000000000e+00 3.976833976833976658e-01 5.261044176706827225e-01 0.000000000000000000e+00 6.304761904761905233e-01 2.705515088449531591e-01 0.000000000000000000e+00 0.000000000000000000e+00 6.055930568948890702e-01
3.053892215568862478e-01 0.000000000000000000e+00 3.752417794970986376e-01 0.000000000000000000e+00 2.715809893307468692e-01 0.000000000000000000e+00 0.000000000000000000e+00 4.337101747173689459e-01 5.069033530571992463e-01 0.000000000000000000e+00 6.274881516587678121e-01 2.557651991614255937e-01 0.000000000000000000e+00 0.000000000000000000e+00 6.226053639846743648e-01
3.416506717850287811e-01 0.000000000000000000e+00 3.773965691220989016e-01 0.000000000000000000e+00 2.442442442442442352e-01 0.000000000000000000e+00 0.000000000000000000e+00 4.157635467980295707e-01 4.950495049504950451e-01 0.000000000000000000e+00 6.824196597353496818e-01 2.559523809523809312e-01 0.000000000000000000e+00 0.000000000000000000e+00 6.564885496183205937e-01
3.250743310208126791e-01 0.000000000000000000e+00 3.979797979797979890e-01 0.000000000000000000e+00 2.777777777777777901e-01 0.000000000000000000e+00 0.000000000000000000e+00 4.470820969337289674e-01 4.956268221574344213e-01 0.000000000000000000e+00 6.811881188118812380e-01 2.621259029927760498e-01 0.000000000000000000e+00 0.000000000000000000e+00 6.281156530408773531e-01
6.889352818371607956e-01 9.829488465396188923e-01 6.507462686567163646e-01 1.058710298363811253e+00 7.083734359961501026e-01 1.011190233977619535e+00 9.980198019801980180e-01 6.282828282828283317e-01 4.622918707149852868e-01 1.020812685827552135e+00 4.396467124631991963e-01 7.042842215256008842e-01 9.877551020408162907e-01 1.013171225937183451e+00 3.265306122448979331e-01
0.000000000000000000e+00 0.000000000000000000e+00 4.271653543307086798e-01 0.000000000000000000e+00 0.000000000000000000e+00 0.000000000000000000e+00 0.000000000000000000e+00 0.000000000000000000e+00 5.015166835187057082e-01 0.000000000000000000e+00 3.949169110459432863e-01 2.421159715157680525e-01 0.000000000000000000e+00 0.000000000000000000e+00 4.132553606237816535e-01
3.099703849950641854e-01 0.000000000000000000e+00 3.399602385685884798e-01 0.000000000000000000e+00 2.756539235412474587e-01 0.000000000000000000e+00 0.000000000000000000e+00 4.492753623188405765e-01 4.989979959919839669e-01 0.000000000000000000e+00 6.194871794871794624e-01 2.883064516129032473e-01 0.000000000000000000e+00 0.000000000000000000e+00 6.866537717601547408e-01
0.000000000000000000e+00 0.000000000000000000e+00 0.000000000000000000e+00 3.556034482758620441e-01 2.683158896289248307e-01 6.023856858846918794e-01 0.000000000000000000e+00 0.000000000000000000e+00 0.000000000000000000e+00 0.000000000000000000e+00 0.000000000000000000e+00 2.376445846477392154e-01 4.251805985552115641e-01 3.270833333333333370e-01 0.000000000000000000e+00
2.707692307692307621e-01 0.000000000000000000e+00 3.479125248508946333e-01 0.000000000000000000e+00 2.464358452138492861e-01 0.000000000000000000e+00 0.000000000000000000e+00 3.942505133470226020e-01 4.961832061068702227e-01 0.000000000000000000e+00 6.686449060336300265e-01 2.920168067226890929e-01 0.000000000000000000e+00 0.000000000000000000e+00 6.064257028112449710e-01
2.801556420233463074e-01 0.000000000000000000e+00 3.548067393458870233e-01 0.000000000000000000e+00 2.551020408163265363e-01 0.000000000000000000e+00 0.000000000000000000e+00 4.310344827586206629e-01 5.033492822966507685e-01 0.000000000000000000e+00 6.443514644351464593e-01 2.367906066536203391e-01 0.000000000000000000e+00 0.000000000000000000e+00 6.200787401574803237e-01
2.987804878048780366e-01 0.000000000000000000e+00 4.131551901336074084e-01 0.000000000000000000e+00 2.472137791286727337e-01 0.000000000000000000e+00 0.000000000000000000e+00 4.008350730688935437e-01 4.750499001996008053e-01 0.000000000000000000e+00 6.528189910979228516e-01 2.884210526315789669e-01 0.000000000000000000e+00 0.000000000000000000e+00 6.791338582677165503e-01
2.341013824884792538e-01 0.000000000000000000e+00 3.400966183574879453e-01 0.000000000000000000e+00 2.261904761904761918e-01 0.000000000000000000e+00 0.000000000000000000e+00 4.071630537229029012e-01 4.921259842519685179e-01 0.000000000000000000e+00 6.159999999999999920e-01 2.280701754385964786e-01 0.000000000000000000e+00 0.000000000000000000e+00 6.860103626943004906e-01
3.223880597014925353e-01 0.000000000000000000e+00 3.888354186717998262e-01 0.000000000000000000e+00 2.086614173228346358e-01 0.000000000000000000e+00 0.000000000000000000e+00 3.695652173913043237e-01 5.269709543568464882e-01 0.000000000000000000e+00 6.058823529411764275e-01 2.930186823992133593e-01 0.000000000000000000e+00 0.000000000000000000e+00 5.969849246231155870e-01
0.000000000000000000e+00 0.000000000000000000e+00 0.000000000000000000e+00 3.572170301142263971e-01 3.138461538461538303e-01 5.903614457831325435e-01 0.000000000000000000e+00 0.000000000000000000e+00 0.000000000000000000e+00 0.000000000000000000e+00 0.000000000000000000e+00 2.328767123287671104e-01 4.628099173553719137e-01 3.369245837414299727e-01 0.000000000000000000e+00
0.000000000000000000e+00 0.000000000000000000e+00 3.910505836575875471e-01 0.000000000000000000e+00 0.000000000000000000e+00 0.000000000000000000e+00 0.000000000000000000e+00 0.000000000000000000e+00 4.919354838709677491e-01 0.000000000000000000e+00 3.397435897435897578e-01 2.320754716981132115e-01 0.000000000000000000e+00 0.000000000000000000e+00 3.128712871287128716e-01
2.808080808080807844e-01 0.000000000000000000e+00 4.335664335664335400e-01 0.000000000000000000e+00 2.592223330009970073e-01 0.000000000000000000e+00 0.000000000000000000e+00 4.255319148936170248e-01 4.798345398138572637e-01 0.000000000000000000e+00 6.030245746691871300e-01 2.445759368836291914e-01 0.000000000000000000e+00 0.000000000000000000e+00 6.801210898082744594e-01
0.000000000000000000e+00 0.000000000000000000e+00 4.166666666666666852e-01 0.000000000000000000e+00 0.000000000000000000e+00 0.000000000000000000e+00 0.000000000000000000e+00 0.000000000000000000e+00 5.408678102926337550e-01 0.000000000000000000e+00 3.717171717171717238e-01 2.670454545454545303e-01 0.000000000000000000e+00 0.000000000000000000e+00 3.636363636363636465e-01
6.487603305785123453e-01 1.043390514631685084e+00 6.358267716535432879e-01 1.030181086519114775e+00 7.615230460921843525e-01 9.850427350427350959e-01 9.829545454545454142e-01 5.719769673704414581e-01 5.211864406779661563e-01 9.557344064386318339e-01 3.620178041543026803e-01 7.551219512195121997e-01 9.679999999999999716e-01 9.952153110047846640e-01 3.873517786561264664e-01
0.000000000000000000e+00 0.000000000000000000e+00 4.137273593898951329e-01 0.000000000000000000e+00 0.000000000000000000e+00 0.000000000000000000e+00 0.000000000000000000e+00 0.000000000000000000e+00 5.188284518828452097e-01 0.000000000000000000e+00 3.845371312309257550e-01 2.719033232628398911e-01 0.000000000000000000e+00 0.000000000000000000e+00 3.689320388349514590e-01
2.837162837162837126e-01 0.000000000000000000e+00 4.066471163245357068e-01 0.000000000000000000e+00 2.344961240310077522e-01 0.000000000000000000e+00 0.000000000000000000e+00 4.667328699106256251e-01 5.355731225296442854e-01 0.000000000000000000e+00 6.257545271629778583e-01 2.398452611218568620e-01 0.000000000000000000e+00 0.000000000000000000e+00 6.343873517786561278e-01
2.854188210961737249e-01 0.000000000000000000e+00 3.890020366598778145e-01 0.000000000000000000e+00 2.400793650793650869e-01 0.000000000000000000e+00 0.000000000000000000e+00 4.041450777202072464e-01 5.019685039370078705e-01 0.000000000000000000e+00 6.770833333333333703e-01 2.634146341463414753e-01 0.000000000000000000e+00 0.000000000000000000e+00 6.374045801526717625e-01
0.000000000000000000e+00 0.000000000000000000e+00 0.000000000000000000e+00 3.639883833494675924e-01 3.251879699248120259e-01 6.002014098690835464e-01 0.000000000000000000e+00 0.000000000000000000e+00 0.000000000000000000e+00 0.000000000000000000e+00 0.000000000000000000e+00 2.339544513457556818e-01 4.374364191251271516e-01 3.858585858585858452e-01 0.000000000000000000e+00
3.214990138067060910e-01 0.000000000000000000e+00 3.663967611336032548e-01 0.000000000000000000e+00 2.260692464358452225e-01 0.000000000000000000e+00 0.000000000000000000e+00 4.474708171206225882e-01 4.859086491739553204e-01 0.000000000000000000e+00 6.358695652173913526e-01 2.974358974358974339e-01 0.000000000000000000e+00 0.000000000000000000e+00 6.797642436149312628e-01
3.068783068783068613e-01 0.000000000000000000e+00 3.479105928085519661e-01 0.000000000000000000e+00 2.294757665677547021e-01 0.000000000000000000e+00 0.000000000000000000e+00 4.020000000000000240e-01 5.373737373737373924e-01 0.000000000000000000e+00 6.554121151936445067e-01 2.391752577319587736e-01 0.000000000000000000e+00 0.000000000000000000e+00 6.393762183235867091e-01
7.132867132867133364e-01 1.036344755970924236e+00 6.549707602339180923e-01 9.819639278557114048e-01 7.716849451645064750e-01 1.006802721088435382e+00 9.920318725099601664e-01 6.189555125725338947e-01 4.532019704433497553e-01 9.713155291790306345e-01 3.206672845227062085e-01 7.591674925668979723e-01 9.979838709677418818e-01 9.848024316109422749e-01 3.761018609206659979e-01
3.007063572149343833e-01 0.000000000000000000e+00 3.779366700715015570e-01 0.000000000000000000e+00 2.092050209205020828e-01 0.000000000000000000e+00 0.000000000000000000e+00 4.094025465230166638e-01 5.062801932367150259e-01 0.000000000000000000e+00 6.820365033621518247e-01 2.279484638255698803e-01 0.000000000000000000e+00 0.000000000000000000e+00 6.427104722792608138e-01
4.140875133404482433e-01 6.437684003925416842e-01 2.705882352941176294e-01 9.676767676767676907e-01 5.313496280552603146e-01 5.961538461538461453e-01 3.720930232558139483e-01 0.000000000000000000e+00 5.059288537549406772e-01 1.008902077151335286e+00 0.000000000000000000e+00 5.120671563483735200e-01 1.040164778578784865e+00 7.066115702479338623e-01 0.000000000000000000e+00
0.000000000000000000e+00 4.089581304771178205e-01 0.000000000000000000e+00 3.200836820083681755e-01 3.450351053159478321e-01 6.176470588235294379e-01 0.000000000000000000e+00 0.000000000000000000e+00 5.157360406091370253e-01 0.000000000000000000e+00 0.000000000000000000e+00 2.439999999999999947e-01 4.495238095238095477e-01 3.579766536964980594e-01 0.000000000000000000e+00
0.000000000000000000e+00 3.824701195219123440e-01 0.000000000000000000e+00 2.934362934362934605e-01 3.203125000000000000e-01 5.616438356164383805e-01 0.000000000000000000e+00 0.000000000000000000e+00 4.421052631578947234e-01 0.000000000000000000e+00 0.000000000000000000e+00 2.285115303983228374e-01 4.234326824254882049e-01 3.506224066390041250e-01 0.000000000000000000e+00
2.665330661322645178e-01 0.000000000000000000e+00 4.249999999999999889e-01 0.000000000000000000e+00 2.502522704339051329e-01 0.000000000000000000e+00 0.000000000000000000e+00 4.485219164118246504e-01 5.075528700906344337e-01 0.000000000000000000e+00 6.434619002822201672e-01 2.275795564127290338e-01 0.000000000000000000e+00 0.000000000000000000e+00 6.494845360824742508e-01
3.329798515376458101e-01 0.000000000000000000e+00 3.959798994974874642e-01 0.000000000000000000e+00 2.635342185903983836e-01 0.000000000000000000e+00 0.000000000000000000e+00 4.069529652351738247e-01 5.113974231912784552e-01 0.000000000000000000e+00 6.429298067141403505e-01 2.773393461104847746e-01 0.000000000000000000e+00 0.000000000000000000e+00 5.491803278688525136e-01
2.947976878612716956e-01 0.000000000000000000e+00 3.720472440944881942e-01 0.000000000000000000e+00 2.080471050049067794e-01 0.000000000000000000e+00 0.000000000000000000e+00 3.862068965517241326e-01 5.038022813688213253e-01 0.000000000000000000e+00 6.127049180327869271e-01 2.273180458624127487e-01 0.000000000000000000e+00 0.000000000000000000e+00 6.565656565656565746e-01
2.872687704026115618e-01 0.000000000000000000e+00 3.921933085501858596e-01 0.000000000000000000e+00 2.167689161554192112e-01 0.000000000000000000e+00 0.000000000000000000e+00 4.291666666666666408e-01 4.909264565425023874e-01 0.000000000000000000e+00 6.741344195519348714e-01 2.549019607843137081e-01 0.000000000000000000e+00 0.000000000000000000e+00 6.195546950629234884e-01
0.000000000000000000e+00 0.000000000000000000e+00 0.000000000000000000e+00 3.350050150451354125e-01 3.083164300202839714e-01 5.362035225048923381e-01 0.000000000000000000e+00 0.000000000000000000e+00 0.000000000000000000e+00 0.000000000000000000e+00 0.000000000000000000e+00 2.633165829145728831e-01 4.104104104104104311e-01 3.826429980276134235e-01 0.000000000000000000e+00
0.000000000000000000e+00 0.000000000000000000e+00 3.899127061105722714e-01 0.000000000000000000e+00 0.000000000000000000e+00 0.000000000000000000e+00 0.000000000000000000e+00 0.000000000000000000e+00 5.080000000000000071e-01 0.000000000000000000e+00 3.606237816764132353e-01 2.543950361944157246e-01 0.000000000000000000e+00 0.000000000000000000e+00 3.734115347018572839e-01
2.862862862862862734e-01 0.000000000000000000e+00 4.027916251246261292e-01 0.000000000000000000e+00 2.237354085603112941e-01 0.000000000000000000e+00 0.000000000000000000e+00 4.302554027504911782e-01 5.567410281280310569e-01 0.000000000000000000e+00 6.391129032258064946e-01 2.190669371196754533e-01 0.000000000000000000e+00 0.000000000000000000e+00 6.134615384615385025e-01
4.845463609172482311e-01 0.000000000000000000e+00 0.000000000000000000e+00 0.000000000000000000e+00 0.000000000000000000e+00 0.000000000000000000e+00 0.000000000000000000e+00 0.000000000000000000e+00 0.000000000000000000e+00 6.035015447991760595e-01 0.000000000000000000e+00 0.000000000000000000e+00 5.369261477045907949e-01 0.000000000000000000e+00 0.000000000000000000e+00
3.105835806132541954e-01 0.000000000000000000e+00 3.921951219512195275e-01 0.000000000000000000e+00 2.427184466019417508e-01 0.000000000000000000e+00 0.000000000000000000e+00 4.365482233502537834e-01 4.641775983854692367e-01 0.000000000000000000e+00 6.783144912641315694e-01 2.859960552268244749e-01 0.000000000000000000e+00 0.000000000000000000e+00 6.532110091743119629e-01
2.991026919242273374e-01 0.000000000000000000e+00 3.842364532019704182e-01 0.000000000000000000e+00 2.685370741482965840e-01 0.000000000000000000e+00 0.000000000000000000e+00 4.610837438423645573e-01 5.078043704474505260e-01 0.000000000000000000e+00 6.850393700787401619e-01 2.388663967611336092e-01 0.000000000000000000e+00 0.000000000000000000e+00 5.855670103092783796e-01
2.899999999999999800e-01 0.000000000000000000e+00 3.699059561128526519e-01 0.000000000000000000e+00 2.458677685950413361e-01 0.000000000000000000e+00 0.000000000000000000e+00 4.380165289256198191e-01 5.005025125628140836e-01 0.000000000000000000e+00 6.190935390549662243e-01 2.885572139303482775e-01 0.000000000000000000e+00 0.000000000000000000e+00 6.215686274509804043e-01
2.919563058589870752e-01 0.000000000000000000e+00 3.917137476459510159e-01 0.000000000000000000e+00 2.527805864509605760e-01 0.000000000000000000e+00 0.000000000000000000e+00 4.250248262164846302e-01 5.221579961464354325e-01 0.000000000000000000e+00 6.659898477157359942e-01 2.238493723849372397e-01 0.000000000000000000e+00 0.000000000000000000e+00 6.541501976284584963e-01
0.000000000000000000e+00 0.000000000000000000e+00 0.000000000000000000e+00 3.368200836820083865e-01 3.385826771653543399e-01 5.424769703172978019e-01 0.000000000000000000e+00 0.000000000000000000e+00 0.000000000000000000e+00 0.000000000000000000e+00 0.000000000000000000e+00 1.993957703927492497e-01 4.031620553359683834e-01 3.581213307240704302e-01 0.000000000000000000e+00
3.027245206861755578e-01 0.000000000000000000e+00 4.000000000000000222e-01 0.000000000000000000e+00 2.459173871277617607e-01 0.000000000000000000e+00 0.000000000000000000e+00 4.281282316442606151e-01 5.249755142017630272e-01 0.000000000000000000e+00 6.529411764705882470e-01 3.093812375249501145e-01 0.000000000000000000e+00 0.000000000000000000e+00 6.240157480314960647e-01
0.000000000000000000e+00 0.000000000000000000e+00 3.893805309734513220e-01 0.000000000000000000e+00 0.000000000000000000e+00 0.000000000000000000e+00 0.000000000000000000e+00 0.000000000000000000e+00 4.885343968095712808e-01 0.000000000000000000e+00 3.723196881091617727e-01 2.818930041152263311e-01 0.000000000000000000e+00 0.000000000000000000e+00 4.404404404404404505e-01
2.880829015544041360e-01 0.000000000000000000e+00 3.902912621359223566e-01 0.000000000000000000e+00 2.780536246276067436e-01 0.000000000000000000e+00 0.000000000000000000e+00 4.041884816753926746e-01 5.327695560253700169e-01 0.000000000000000000e+00 6.549586776859503967e-01 2.585170340681362533e-01 0.000000000000000000e+00 0.000000000000000000e+00 6.803455723542116695e-01
4.440000000000000058e-01 0.000000000000000000e+00 0.000000000000000000e+00 0.000000000000000000e+00 0.000000000000000000e+00 0.000000000000000000e+00 0.000000000000000000e+00 0.000000000000000000e+00 0.000000000000000000e+00 6.195069667738477559e-01 0.000000000000000000e+00 0.000000000000000000e+00 5.805168986083498739e-01 0.000000000000000000e+00 0.000000000000000000e+00
0.000000000000000000e+00 0.000000000000000000e+00 0.000000000000000000e+00 3.936696340257170856e-01 3.349561830574488974e-01 5.942173479561315697e-01 0.000000000000000000e+00 0.000000000000000000e+00 0.000000000000000000e+00 0.000000000000000000e+00 0.000000000000000000e+00 2.263779527559054983e-01 4.064064064064064064e-01 3.482587064676617161e-01 0.000000000000000000e+00
0.000000000000000000e+00 3.453658536585365590e-01 0.000000000000000000e+00 3.381924198250728653e-01 2.988281250000000000e-01 5.752032520325203180e-01 0.000000000000000000e+00 0.000000000000000000e+00 4.868154158215010074e-01 0.000000000000000000e+00 0.000000000000000000e+00 2.257742257742257619e-01 4.906403940886699400e-01 3.727865796831313916e-01 0.000000000000000000e+00
0.000000000000000000e+00 0.000000000000000000e+00 4.138594802694898767e-01 0.000000000000000000e+00 0.000000000000000000e+00 0.000000000000000000e+00 0.000000000000000000e+00 0.000000000000000000e+00 5.341246290801187069e-01 0.000000000000000000e+00 3.742454728370221417e-01 2.723577235772357552e-01 0.000000000000000000e+00 0.000000000000000000e+00 3.636363636363636465e-01
0.000000000000000000e+00 0.000000000000000000e+00 0.000000000000000000e+00 3.148936170212766061e-01 3.051591657519209799e-01 5.711318795430945228e-01 0.000000000000000000e+00 0.000000000000000000e+00 0.000000000000000000e+00 0.000000000000000000e+00 0.000000000000000000e+00 2.062689585439838325e-01 4.869215291750503272e-01 3.447580645161290591e-01 0.000000000000000000e+00
4.757185332011892864e-01 0.000000000000000000e+00 0.000000000000000000e+00 0.000000000000000000e+00 0.000000000000000000e+00 0.000000000000000000e+00 0.000000000000000000e+00 0.000000000000000000e+00 0.000000000000000000e+00 6.337033299697275579e-01 0.000000000000000000e+00 0.000000000000000000e+00 5.308151093439363866e-01 0.000000000000000000e+00 0.000000000000000000e+00
2.634615384615384692e-01 0.000000000000000000e+00 3.833671399594320572e-01 0.000000000000000000e+00 2.601787487586891823e-01 0.000000000000000000e+00 0.000000000000000000e+00 4.256951102588686364e-01 4.870565675934803718e-01 0.000000000000000000e+00 6.014897579143388961e-01 2.695570216776626005e-01 0.000000000000000000e+00 0.000000000000000000e+00 6.576402321083172353e-01
2.924819773429453984e-01 0.000000000000000000e+00 3.976608187134502703e-01 0.000000000000000000e+00 2.500000000000000000e-01 0.000000000000000000e+00 0.000000000000000000e+00 4.244186046511627675e-01 5.170212765957447054e-01 0.000000000000000000e+00 6.474103585657370319e-01 2.689243027888446047e-01 0.000000000000000000e+00 0.000000000000000000e+00 7.259858442871587325e-01
2.950819672131147486e-01 0.000000000000000000e+00 3.788634097706879422e-01 0.000000000000000000e+00 2.532588454376163978e-01 0.000000000000000000e+00 0.000000000000000000e+00 4.191387559808612551e-01 5.206030150753768737e-01 0.000000000000000000e+00 6.598322460391425892e-01 2.490118577075098871e-01 0.000000000000000000e+00 0.000000000000000000e+00 6.331753554502369541e-01
