Num_mutations: 100
Num_samples: 15
Error_rate: 0.050000

0.000000000000000000e+00 0.000000000000000000e+00 2.786561264822134398e-01 0.000000000000000000e+00 2.339776195320447671e-01 3.535062439961575431e-01 0.000000000000000000e+00 0.000000000000000000e+00 0.000000000000000000e+00 0.000000000000000000e+00 4.621359223300970931e-01 0.000000000000000000e+00 3.263681592039801016e-01 2.136317395727365120e-01 0.000000000000000000e+00
2.874493927125505999e-01 0.000000000000000000e+00 0.000000000000000000e+00 0.000000000000000000e+00 1.571871768355739274e-01 0.000000000000000000e+00 0.000000000000000000e+00 2.825428859737638687e-01 0.000000000000000000e+00 2.062868369351670006e-01 0.000000000000000000e+00 0.000000000000000000e+00 0.000000000000000000e+00 0.000000000000000000e+00 1.984435797665369539e-01
0.000000000000000000e+00 3.654223968565815106e-01 0.000000000000000000e+00 0.000000000000000000e+00 2.696629213483145993e-01 0.000000000000000000e+00 5.935984481086323816e-01 0.000000000000000000e+00 0.000000000000000000e+00 0.000000000000000000e+00 5.967741935483871218e-01 0.000000000000000000e+00 0.000000000000000000e+00 0.000000000000000000e+00 3.102439024390243882e-01
0.000000000000000000e+00 0.000000000000000000e+00 3.028455284552845628e-01 0.000000000000000000e+00 0.000000000000000000e+00 0.000000000000000000e+00 0.000000000000000000e+00 0.000000000000000000e+00 0.000000000000000000e+00 0.000000000000000000e+00 0.000000000000000000e+00 0.000000000000000000e+00 0.000000000000000000e+00 0.000000000000000000e+00 0.000000000000000000e+00
2.543352601156069204e-01 0.000000000000000000e+00 0.000000000000000000e+00 0.000000000000000000e+00 1.686274509803921684e-01 0.000000000000000000e+00 0.000000000000000000e+00 3.147605083088954037e-01 0.000000000000000000e+00 1.427212178877259874e-01 0.000000000000000000e+00 0.000000000000000000e+00 0.000000000000000000e+00 0.000000000000000000e+00 2.007952286282306265e-01
0.000000000000000000e+00 3.405128205128205021e-01 4.856860809476801766e-01 5.276679841897232714e-01 0.000000000000000000e+00 4.035433070866141780e-01 0.000000000000000000e+00 0.000000000000000000e+00 2.920168067226890929e-01 3.356231599607458205e-01 0.000000000000000000e+00 5.505505505505505770e-01 0.000000000000000000e+00 5.573770491803278215e-01 0.000000000000000000e+00
2.962962962962962798e-01 0.000000000000000000e+00 0.000000000000000000e+00 0.000000000000000000e+00 1.752677702044790620e-01 0.000000000000000000e+00 0.000000000000000000e+00 2.327837051406401458e-01 0.000000000000000000e+00 1.973816717019133971e-01 0.000000000000000000e+00 0.000000000000000000e+00 0.000000000000000000e+00 0.000000000000000000e+00 1.755485893416927901e-01
0.000000000000000000e+00 3.454367026496565352e-01 4.783464566929133688e-01 5.175097276264591928e-01 0.000000000000000000e+00 4.011741682974559464e-01 0.000000000000000000e+00 0.000000000000000000e+00 3.140333660451423148e-01 2.874015748031495954e-01 0.000000000000000000e+00 5.553319919517102354e-01 0.000000000000000000e+00 5.871369294605809364e-01 0.000000000000000000e+00
0.000000000000000000e+00 0.000000000000000000e+00 2.707509881422924813e-01 0.000000000000000000e+00 0.000000000000000000e+00 0.000000000000000000e+00 0.000000000000000000e+00 0.000000000000000000e+00 0.000000000000000000e+00 0.000000000000000000e+00 0.000000000000000000e+00 0.000000000000000000e+00 0.000000000000000000e+00 0.000000000000000000e+00 0.000000000000000000e+00
0.000000000000000000e+00 0.000000000000000000e+00 2.535787321063394661e-01 0.000000000000000000e+00 0.000000000000000000e+00 0.000000000000000000e+00 0.000000000000000000e+00 0.000000000000000000e+00 0.000000000000000000e+00 0.000000000000000000e+00 0.000000000000000000e+00 0.000000000000000000e+00 0.000000000000000000e+00 0.000000000000000000e+00 0.000000000000000000e+00
0.000000000000000000e+00 0.000000000000000000e+00 2.326574172892209302e-01 0.000000000000000000e+00 3.259402121504339500e-01 0.000000000000000000e+00 0.000000000000000000e+00 0.000000000000000000e+00 2.886597938144329634e-01 2.955032119914347000e-01 0.000000000000000000e+00 0.000000000000000000e+00 3.854922279792746265e-01 0.000000000000000000e+00 0.000000000000000000e+00
4.092276830491474171e-01 2.845927379784102262e-01 2.612085769980506678e-01 4.442361761949391030e-01 2.500000000000000000e-01 6.086956521739130821e-01 0.000000000000000000e+00 3.659999999999999920e-01 2.477876106194690231e-01 0.000000000000000000e+00 4.686868686868687073e-01 2.543234994913530223e-01 3.528225806451613100e-01 2.533470648815653870e-01 2.871385842472582439e-01
0.000000000000000000e+00 0.000000000000000000e+00 2.918807810894141763e-01 5.372233400402414150e-01 0.000000000000000000e+00 3.764940239043824688e-01 0.000000000000000000e+00 0.000000000000000000e+00 2.999999999999999889e-01 0.000000000000000000e+00 0.000000000000000000e+00 2.876318312559923429e-01 0.000000000000000000e+00 3.069306930693069257e-01 0.000000000000000000e+00
0.000000000000000000e+00 0.000000000000000000e+00 2.479999999999999982e-01 0.000000000000000000e+00 2.874251497005987921e-01 0.000000000000000000e+00 0.000000000000000000e+00 0.000000000000000000e+00 2.876847290640394128e-01 2.923976608187134341e-01 0.000000000000000000e+00 0.000000000000000000e+00 3.873684210526315841e-01 0.000000000000000000e+00 0.000000000000000000e+00
0.000000000000000000e+00 3.398558187435633537e-01 4.773820981713186029e-01 5.764023210831721311e-01 0.000000000000000000e+00 3.793814432989690566e-01 0.000000000000000000e+00 0.000000000000000000e+00 3.062500000000000222e-01 3.001007049345417732e-01 0.000000000000000000e+00 5.677031093279839569e-01 0.000000000000000000e+00 5.774378585086041848e-01 0.000000000000000000e+00
4.047151277013752435e-01 2.984189723320158083e-01 2.484342379958246472e-01 4.421272158498436022e-01 2.640000000000000124e-01 6.060606060606060774e-01 0.000000000000000000e+00 3.333333333333333148e-01 2.206332992849846797e-01 0.000000000000000000e+00 4.130434782608695676e-01 2.393340270551508886e-01 2.727272727272727071e-01 2.199592668024439868e-01 2.840236686390532617e-01
0.000000000000000000e+00 0.000000000000000000e+00 2.267620020429009231e-01 0.000000000000000000e+00 2.833675564681724657e-01 0.000000000000000000e+00 0.000000000000000000e+00 0.000000000000000000e+00 2.918807810894141763e-01 3.380547686496694904e-01 0.000000000000000000e+00 0.000000000000000000e+00 4.188376753507013772e-01 0.000000000000000000e+00 0.000000000000000000e+00
0.000000000000000000e+00 0.000000000000000000e+00 2.558853633572159558e-01 0.000000000000000000e+00 3.283582089552238847e-01 0.000000000000000000e+00 0.000000000000000000e+00 0.000000000000000000e+00 2.747474747474747403e-01 3.080124869927159392e-01 0.000000000000000000e+00 0.000000000000000000e+00 4.213709677419354982e-01 0.000000000000000000e+00 0.000000000000000000e+00
0.000000000000000000e+00 0.000000000000000000e+00 2.663975782038345286e-01 0.000000000000000000e+00 2.983539094650205503e-01 0.000000000000000000e+00 0.000000000000000000e+00 0.000000000000000000e+00 2.919563058589870752e-01 2.958139534883720834e-01 0.000000000000000000e+00 0.000000000000000000e+00 4.206426484907497820e-01 0.000000000000000000e+00 0.000000000000000000e+00
0.000000000000000000e+00 6.904276985743380557e-01 5.090909090909090384e-01 5.225409836065574298e-01 3.048543689320388217e-01 3.903846153846153855e-01 1.011111111111111072e+00 3.721804511278195560e-01 2.906641000962463806e-01 2.702149437052200343e-01 6.083333333333332815e-01 5.172774869109947327e-01 2.344045368620037706e-01 5.883534136546184623e-01 5.231719876416065507e-01
0.000000000000000000e+00 0.000000000000000000e+00 2.696411251212414983e-01 5.348615090735434618e-01 0.000000000000000000e+00 3.842975206611570216e-01 0.000000000000000000e+00 0.000000000000000000e+00 2.953156822810590887e-01 0.000000000000000000e+00 0.000000000000000000e+00 2.979127134724857684e-01 0.000000000000000000e+00 3.299798792756539201e-01 0.000000000000000000e+00
0.000000000000000000e+00 0.000000000000000000e+00 2.719033232628398911e-01 0.000000000000000000e+00 0.000000000000000000e+00 0.000000000000000000e+00 0.000000000000000000e+00 0.000000000000000000e+00 0.000000000000000000e+00 0.000000000000000000e+00 0.000000000000000000e+00 0.000000000000000000e+00 0.000000000000000000e+00 0.000000000000000000e+00 0.000000000000000000e+00
0.000000000000000000e+00 0.000000000000000000e+00 2.651356993736951884e-01 0.000000000000000000e+00 2.512768130745658968e-01 2.938856015779092723e-01 0.000000000000000000e+00 0.000000000000000000e+00 0.000000000000000000e+00 0.000000000000000000e+00 4.832347140039447986e-01 0.000000000000000000e+00 3.508771929824561209e-01 2.295390404515522120e-01 0.000000000000000000e+00
0.000000000000000000e+00 0.000000000000000000e+00 3.066538090646094283e-01 0.000000000000000000e+00 2.313060817547357984e-01 3.149606299212598381e-01 0.000000000000000000e+00 0.000000000000000000e+00 0.000000000000000000e+00 0.000000000000000000e+00 4.413347685683530752e-01 0.000000000000000000e+00 3.305263157894736681e-01 2.537764350453172169e-01 0.000000000000000000e+00
0.000000000000000000e+00 0.000000000000000000e+00 2.368972746331236834e-01 0.000000000000000000e+00 0.000000000000000000e+00 0.000000000000000000e+00 0.000000000000000000e+00 0.000000000000000000e+00 0.000000000000000000e+00 0.000000000000000000e+00 0.000000000000000000e+00 0.000000000000000000e+00 0.000000000000000000e+00 0.000000000000000000e+00 0.000000000000000000e+00
0.000000000000000000e+00 0.000000000000000000e+00 2.777202072538860200e-01 0.000000000000000000e+00 0.000000000000000000e+00 0.000000000000000000e+00 0.000000000000000000e+00 0.000000000000000000e+00 0.000000000000000000e+00 0.000000000000000000e+00 0.000000000000000000e+00 0.000000000000000000e+00 0.000000000000000000e+00 0.000000000000000000e+00 0.000000000000000000e+00
0.000000000000000000e+00 0.000000000000000000e+00 2.110762800417972929e-01 0.000000000000000000e+00 2.946058091286307135e-01 0.000000000000000000e+00 0.000000000000000000e+00 0.000000000000000000e+00 2.905472636815920606e-01 3.019230769230769051e-01 0.000000000000000000e+00 0.000000000000000000e+00 3.634517766497462055e-01 0.000000000000000000e+00 0.000000000000000000e+00
4.071146245059288349e-01 3.521878335112059721e-01 2.535496957403651219e-01 4.657814096016343330e-01 2.459349593495935016e-01 5.760980592441267145e-01 0.000000000000000000e+00 4.262626262626262874e-01 1.884057971014492794e-01 0.000000000000000000e+00 4.300411522633744710e-01 2.533333333333333548e-01 3.076923076923077094e-01 2.317327766179540782e-01 3.109327983951855612e-01
0.000000000000000000e+00 0.000000000000000000e+00 2.430703624733475399e-01 0.000000000000000000e+00 0.000000000000000000e+00 0.000000000000000000e+00 0.000000000000000000e+00 0.000000000000000000e+00 0.000000000000000000e+00 0.000000000000000000e+00 0.000000000000000000e+00 0.000000000000000000e+00 0.000000000000000000e+00 0.000000000000000000e+00 0.000000000000000000e+00
0.000000000000000000e+00 0.000000000000000000e+00 2.691943127962085347e-01 0.000000000000000000e+00 0.000000000000000000e+00 0.000000000000000000e+00 0.000000000000000000e+00 0.000000000000000000e+00 0.000000000000000000e+00 0.000000000000000000e+00 0.000000000000000000e+00 0.000000000000000000e+00 0.000000000000000000e+00 0.000000000000000000e+00 0.000000000000000000e+00
0.000000000000000000e+00 0.000000000000000000e+00 2.727272727272727071e-01 0.000000000000000000e+00 2.304761904761904734e-01 2.886812045690550499e-01 0.000000000000000000e+00 0.000000000000000000e+00 0.000000000000000000e+00 0.000000000000000000e+00 4.210526315789473450e-01 0.000000000000000000e+00 3.245869776482021574e-01 2.845691382765531130e-01 0.000000000000000000e+00
3.980582524271844558e-01 3.133903133903133686e-01 2.917103882476390075e-01 4.716242661448140638e-01 2.319430315361139250e-01 6.198347107438016979e-01 0.000000000000000000e+00 4.245917387127761677e-01 2.092793682132280397e-01 0.000000000000000000e+00 5.019607843137254832e-01 2.658610271903323330e-01 2.888446215139442441e-01 2.319688109161793244e-01 2.719033232628398911e-01
0.000000000000000000e+00 3.632694248234106804e-01 0.000000000000000000e+00 0.000000000000000000e+00 3.144654088050314322e-01 0.000000000000000000e+00 5.836653386454183634e-01 0.000000000000000000e+00 0.000000000000000000e+00 0.000000000000000000e+00 5.882352941176470784e-01 0.000000000000000000e+00 0.000000000000000000e+00 0.000000000000000000e+00 3.310344827586206851e-01
0.000000000000000000e+00 0.000000000000000000e+00 2.871189773844641246e-01 5.399014778325122998e-01 0.000000000000000000e+00 3.473895582329317167e-01 0.000000000000000000e+00 0.000000000000000000e+00 2.813102119460501038e-01 0.000000000000000000e+00 0.000000000000000000e+00 3.063063063063062863e-01 0.000000000000000000e+00 2.879841112214498455e-01 0.000000000000000000e+00
2.960840496657115573e-01 0.000000000000000000e+00 0.000000000000000000e+00 0.000000000000000000e+00 2.024291497975708454e-01 0.000000000000000000e+00 0.000000000000000000e+00 2.648221343873518041e-01 0.000000000000000000e+00 1.776900296150049352e-01 0.000000000000000000e+00 0.000000000000000000e+00 0.000000000000000000e+00 0.000000000000000000e+00 1.890547263681592038e-01
0.000000000000000000e+00 0.000000000000000000e+00 2.520491803278688270e-01 0.000000000000000000e+00 2.589771490750816252e-01 3.350785340314136329e-01 0.000000000000000000e+00 0.000000000000000000e+00 0.000000000000000000e+00 0.000000000000000000e+00 4.640776699029126040e-01 0.000000000000000000e+00 3.293413173652694481e-01 2.492401215805471193e-01 0.000000000000000000e+00
0.000000000000000000e+00 6.816720257234726299e-01 5.249500998003991947e-01 6.025369978858351461e-01 2.792527040314650710e-01 3.679525222551928709e-01 1.014605647517039966e+00 3.601990049751243594e-01 2.735381565906838675e-01 3.039014373716632522e-01 4.995083579154375730e-01 5.878906250000000000e-01 2.937365010799136145e-01 5.318275154004107330e-01 5.284147557328016109e-01
0.000000000000000000e+00 7.426841574167507565e-01 4.845463609172482311e-01 5.548780487804878536e-01 3.024390243902438935e-01 3.761562178828365965e-01 1.012474012474012364e+00 3.612512613521695060e-01 3.152610441767068061e-01 2.732012513034410839e-01 5.471877979027645056e-01 5.805825242718446466e-01 2.744702320887991709e-01 5.628042843232716752e-01 5.617283950617284471e-01
0.000000000000000000e+00 0.000000000000000000e+00 2.427497314715359733e-01 0.000000000000000000e+00 0.000000000000000000e+00 0.000000000000000000e+00 0.000000000000000000e+00 0.000000000000000000e+00 0.000000000000000000e+00 0.000000000000000000e+00 0.000000000000000000e+00 0.000000000000000000e+00 0.000000000000000000e+00 0.000000000000000000e+00 0.000000000000000000e+00
0.000000000000000000e+00 0.000000000000000000e+00 2.267620020429009231e-01 5.497326203208555695e-01 0.000000000000000000e+00 4.211618257261410814e-01 0.000000000000000000e+00 0.000000000000000000e+00 2.747035573122529883e-01 0.000000000000000000e+00 0.000000000000000000e+00 2.984189723320158083e-01 0.000000000000000000e+00 2.900919305413687255e-01 0.000000000000000000e+00
2.988281250000000000e-01 0.000000000000000000e+00 0.000000000000000000e+00 0.000000000000000000e+00 1.620000000000000051e-01 0.000000000000000000e+00 0.000000000000000000e+00 2.422997946611909759e-01 0.000000000000000000e+00 1.839999999999999969e-01 0.000000000000000000e+00 0.000000000000000000e+00 0.000000000000000000e+00 0.000000000000000000e+00 1.897959183673469385e-01
0.000000000000000000e+00 0.000000000000000000e+00 2.526724975704567333e-01 0.000000000000000000e+00 0.000000000000000000e+00 0.000000000000000000e+00 0.000000000000000000e+00 0.000000000000000000e+00 0.000000000000000000e+00 0.000000000000000000e+00 0.000000000000000000e+00 0.000000000000000000e+00 0.000000000000000000e+00 0.000000000000000000e+00 0.000000000000000000e+00
0.000000000000000000e+00 0.000000000000000000e+00 2.607843137254902133e-01 0.000000000000000000e+00 0.000000000000000000e+00 0.000000000000000000e+00 0.000000000000000000e+00 0.000000000000000000e+00 0.000000000000000000e+00 0.000000000000000000e+00 0.000000000000000000e+00 0.000000000000000000e+00 0.000000000000000000e+00 0.000000000000000000e+00 0.000000000000000000e+00
0.000000000000000000e+00 0.000000000000000000e+00 2.444228903976721767e-01 0.000000000000000000e+00 0.000000000000000000e+00 0.000000000000000000e+00 0.000000000000000000e+00 0.000000000000000000e+00 0.000000000000000000e+00 0.000000000000000000e+00 0.000000000000000000e+00 0.000000000000000000e+00 0.000000000000000000e+00 0.000000000000000000e+00 0.000000000000000000e+00
0.000000000000000000e+00 0.000000000000000000e+00 2.740247383444338602e-01 0.000000000000000000e+00 0.000000000000000000e+00 0.000000000000000000e+00 0.000000000000000000e+00 0.000000000000000000e+00 0.000000000000000000e+00 0.000000000000000000e+00 0.000000000000000000e+00 0.000000000000000000e+00 0.000000000000000000e+00 0.000000000000000000e+00 0.000000000000000000e+00
0.000000000000000000e+00 0.000000000000000000e+00 2.720510095642932891e-01 0.000000000000000000e+00 2.618181818181818388e-01 0.000000000000000000e+00 0.000000000000000000e+00 0.000000000000000000e+00 3.005076142131979933e-01 3.180914512922465298e-01 0.000000000000000000e+00 0.000000000000000000e+00 3.627152988855116278e-01 0.000000000000000000e+00 0.000000000000000000e+00
3.098039215686274606e-01 0.000000000000000000e+00 0.000000000000000000e+00 0.000000000000000000e+00 1.654601861427094089e-01 0.000000000000000000e+00 0.000000000000000000e+00 2.644964394710070943e-01 0.000000000000000000e+00 1.918328584995251662e-01 0.000000000000000000e+00 0.000000000000000000e+00 0.000000000000000000e+00 0.000000000000000000e+00 1.903765690376569009e-01
3.821656050955414274e-01 3.069306930693069257e-01 2.620000000000000107e-01 4.481086323957322870e-01 2.107317073170731636e-01 6.143790849673202992e-01 0.000000000000000000e+00 4.239130434782608647e-01 2.320000000000000118e-01 0.000000000000000000e+00 4.316831683168316780e-01 2.148936170212766006e-01 3.015706806282722474e-01 2.215628090999010869e-01 2.351758793969849215e-01
0.000000000000000000e+00 0.000000000000000000e+00 2.495126705653021304e-01 5.697211155378486547e-01 0.000000000000000000e+00 3.963599595551061672e-01 0.000000000000000000e+00 0.000000000000000000e+00 3.031496062992126150e-01 0.000000000000000000e+00 0.000000000000000000e+00 2.721518987341772222e-01 0.000000000000000000e+00 2.987630827783063769e-01 0.000000000000000000e+00
0.000000000000000000e+00 0.000000000000000000e+00 2.507522567703109329e-01 5.103448275862069172e-01 0.000000000000000000e+00 3.753784056508577271e-01 0.000000000000000000e+00 0.000000000000000000e+00 2.806691449814126549e-01 0.000000000000000000e+00 0.000000000000000000e+00 3.150548354935194251e-01 0.000000000000000000e+00 2.886597938144329634e-01 0.000000000000000000e+00
4.073714839961202760e-01 2.617382617382617571e-01 2.714843750000000000e-01 4.285714285714285476e-01 2.645833333333333370e-01 6.284584980237154506e-01 0.000000000000000000e+00 3.735408560311284099e-01 2.401500938086303938e-01 0.000000000000000000e+00 4.433593750000000000e-01 2.608695652173912971e-01 2.956167176350662507e-01 2.806673209028459071e-01 2.656250000000000000e-01
0.000000000000000000e+00 0.000000000000000000e+00 2.442307692307692235e-01 0.000000000000000000e+00 0.000000000000000000e+00 0.000000000000000000e+00 0.000000000000000000e+00 0.000000000000000000e+00 0.000000000000000000e+00 0.000000000000000000e+00 0.000000000000000000e+00 0.000000000000000000e+00 0.000000000000000000e+00 0.000000000000000000e+00 0.000000000000000000e+00
0.000000000000000000e+00 3.333333333333333148e-01 4.839044652128764445e-01 5.645004849660524293e-01 0.000000000000000000e+00 3.947368421052631637e-01 0.000000000000000000e+00 0.000000000000000000e+00 2.821833161688980240e-01 3.206412825651302478e-01 0.000000000000000000e+00 5.688800792864221467e-01 0.000000000000000000e+00 5.183098591549295531e-01 0.000000000000000000e+00
0.000000000000000000e+00 0.000000000000000000e+00 2.621082621082621023e-01 0.000000000000000000e+00 2.542204568023833100e-01 2.860125260960333926e-01 0.000000000000000000e+00 0.000000000000000000e+00 0.000000000000000000e+00 0.000000000000000000e+00 4.177598385469222797e-01 0.000000000000000000e+00 3.352380952380952239e-01 2.228682170542635732e-01 0.000000000000000000e+00
0.000000000000000000e+00 0.000000000000000000e+00 2.530864197530864335e-01 0.000000000000000000e+00 2.967607105538139778e-01 0.000000000000000000e+00 0.000000000000000000e+00 0.000000000000000000e+00 2.965116279069767713e-01 2.904911180773249724e-01 0.000000000000000000e+00 0.000000000000000000e+00 3.928944618599791161e-01 0.000000000000000000e+00 0.000000000000000000e+00
2.870905587668593495e-01 0.000000000000000000e+00 0.000000000000000000e+00 0.000000000000000000e+00 1.790437436419125006e-01 0.000000000000000000e+00 0.000000000000000000e+00 2.788844621513943967e-01 0.000000000000000000e+00 1.717670286278381031e-01 0.000000000000000000e+00 0.000000000000000000e+00 0.000000000000000000e+00 0.000000000000000000e+00 1.820020222446916136e-01
3.111587982832618171e-01 0.000000000000000000e+00 0.000000000000000000e+00 0.000000000000000000e+00 1.772406847935548979e-01 0.000000000000000000e+00 0.000000000000000000e+00 2.650602409638554424e-01 0.000000000000000000e+00 1.786064769381746908e-01 0.000000000000000000e+00 0.000000000000000000e+00 0.000000000000000000e+00 0.000000000000000000e+00 2.008368200836820050e-01
0.000000000000000000e+00 3.756050338818973655e-01 4.974093264248704571e-01 5.623130608175473943e-01 0.000000000000000000e+00 4.179408766564730038e-01 0.000000000000000000e+00 0.000000000000000000e+00 2.871690427698574410e-01 2.938856015779092723e-01 0.000000000000000000e+00 6.093750000000000000e-01 0.000000000000000000e+00 6.076210092687950315e-01 0.000000000000000000e+00
0.000000000000000000e+00 3.446153846153846012e-01 4.719999999999999751e-01 5.226615236258437269e-01 0.000000000000000000e+00 3.746283448959365492e-01 0.000000000000000000e+00 0.000000000000000000e+00 3.186705767350928586e-01 2.925430210325047908e-01 0.000000000000000000e+00 5.700389105058365491e-01 0.000000000000000000e+00 5.430051813471502564e-01 0.000000000000000000e+00
0.000000000000000000e+00 0.000000000000000000e+00 2.567703109327983957e-01 0.000000000000000000e+00 0.000000000000000000e+00 0.000000000000000000e+00 0.000000000000000000e+00 0.000000000000000000e+00 0.000000000000000000e+00 0.000000000000000000e+00 0.000000000000000000e+00 0.000000000000000000e+00 0.000000000000000000e+00 0.000000000000000000e+00 0.000000000000000000e+00
0.000000000000000000e+00 0.000000000000000000e+00 2.476780185758513941e-01 0.000000000000000000e+00 2.621648460774577694e-01 2.768304914744232903e-01 0.000000000000000000e+00 0.000000000000000000e+00 0.000000000000000000e+00 0.000000000000000000e+00 4.251497005988024158e-01 0.000000000000000000e+00 3.272023233301064593e-01 2.369765066394279862e-01 0.000000000000000000e+00
0.000000000000000000e+00 0.000000000000000000e+00 2.909796314258001892e-01 0.000000000000000000e+00 0.000000000000000000e+00 0.000000000000000000e+00 0.000000000000000000e+00 0.000000000000000000e+00 0.000000000000000000e+00 0.000000000000000000e+00 0.000000000000000000e+00 0.000000000000000000e+00 0.000000000000000000e+00 0.000000000000000000e+00 0.000000000000000000e+00
2.481598317560462785e-01 0.000000000000000000e+00 0.000000000000000000e+00 0.000000000000000000e+00 1.885245901639344135e-01 0.000000000000000000e+00 0.000000000000000000e+00 2.868525896414342857e-01 0.000000000000000000e+00 1.919504643962848256e-01 0.000000000000000000e+00 0.000000000000000000e+00 0.000000000000000000e+00 0.000000000000000000e+00 1.796407185628742520e-01
0.000000000000000000e+00 0.000000000000000000e+00 2.517343904856293446e-01 5.060728744939271273e-01 0.000000000000000000e+00 4.249748237663645289e-01 0.000000000000000000e+00 0.000000000000000000e+00 3.257142857142857340e-01 0.000000000000000000e+00 0.000000000000000000e+00 3.090727816550348783e-01 0.000000000000000000e+00 2.622009569377990457e-01 0.000000000000000000e+00
0.000000000000000000e+00 0.000000000000000000e+00 2.809099901088031870e-01 0.000000000000000000e+00 2.819203268641470861e-01 0.000000000000000000e+00 0.000000000000000000e+00 0.000000000000000000e+00 2.960077896786757479e-01 3.420000000000000262e-01 0.000000000000000000e+00 0.000000000000000000e+00 3.617463617463617664e-01 0.000000000000000000e+00 0.000000000000000000e+00
0.000000000000000000e+00 0.000000000000000000e+00 2.357642357642357744e-01 0.000000000000000000e+00 0.000000000000000000e+00 0.000000000000000000e+00 0.000000000000000000e+00 0.000000000000000000e+00 0.000000000000000000e+00 0.000000000000000000e+00 0.000000000000000000e+00 0.000000000000000000e+00 0.000000000000000000e+00 0.000000000000000000e+00 0.000000000000000000e+00
0.000000000000000000e+00 0.000000000000000000e+00 2.567703109327983957e-01 0.000000000000000000e+00 3.075313807531380728e-01 0.000000000000000000e+00 0.000000000000000000e+00 0.000000000000000000e+00 2.931726907630521906e-01 3.073770491803278770e-01 0.000000000000000000e+00 0.000000000000000000e+00 3.902953586497890370e-01 0.000000000000000000e+00 0.000000000000000000e+00
2.391304347826087029e-01 0.000000000000000000e+00 0.000000000000000000e+00 0.000000000000000000e+00 1.628140703517587939e-01 0.000000000000000000e+00 0.000000000000000000e+00 2.772861356932153631e-01 0.000000000000000000e+00 1.811023622047244208e-01 0.000000000000000000e+00 0.000000000000000000e+00 0.000000000000000000e+00 0.000000000000000000e+00 1.992263056092843376e-01
0.000000000000000000e+00 7.358121330724070042e-01 5.039682539682539542e-01 5.190380761523045727e-01 2.930693069306930520e-01 3.624868282402529118e-01 9.861660079051383088e-01 3.556443556443556475e-01 3.177033492822966543e-01 3.157894736842105088e-01 5.728542914171657063e-01 5.928270042194092593e-01 2.831505483549351943e-01 5.403788634097707044e-01 5.364431486880466560e-01
0.000000000000000000e+00 0.000000000000000000e+00 2.743091095189355011e-01 0.000000000000000000e+00 3.058103975535167995e-01 0.000000000000000000e+00 0.000000000000000000e+00 0.000000000000000000e+00 2.906504065040650397e-01 3.159922928709055778e-01 0.000000000000000000e+00 0.000000000000000000e+00 3.876404494382022503e-01 0.000000000000000000e+00 0.000000000000000000e+00
0.000000000000000000e+00 3.508424182358770849e-01 5.053868756121449035e-01 5.561172901921132006e-01 0.000000000000000000e+00 4.135922330097087651e-01 0.000000000000000000e+00 0.000000000000000000e+00 2.728184553660982781e-01 2.752293577981651529e-01 0.000000000000000000e+00 5.123456790123457338e-01 0.000000000000000000e+00 5.294725956566701530e-01 0.000000000000000000e+00
4.073319755600814940e-01 2.776699029126213358e-01 2.906976744186046679e-01 4.603330068560235189e-01 2.182952182952183073e-01 5.818181818181817899e-01 0.000000000000000000e+00 3.715953307392996230e-01 2.229367631296891861e-01 0.000000000000000000e+00 4.473197781885397406e-01 2.507645259938837690e-01 3.296032553407934884e-01 2.446916076845298271e-01 2.589641434262948128e-01
3.118712273641850996e-01 0.000000000000000000e+00 0.000000000000000000e+00 0.000000000000000000e+00 1.810699588477366340e-01 0.000000000000000000e+00 0.000000000000000000e+00 2.893347412882787961e-01 0.000000000000000000e+00 1.681503461918892051e-01 0.000000000000000000e+00 0.000000000000000000e+00 0.000000000000000000e+00 0.000000000000000000e+00 1.484453360080240647e-01
0.000000000000000000e+00 0.000000000000000000e+00 2.406471183013144666e-01 0.000000000000000000e+00 2.880161127895267126e-01 0.000000000000000000e+00 0.000000000000000000e+00 0.000000000000000000e+00 2.742090124640459980e-01 3.196803196803196800e-01 0.000000000000000000e+00 0.000000000000000000e+00 3.779366700715015570e-01 0.000000000000000000e+00 0.000000000000000000e+00
2.785340314136125484e-01 0.000000000000000000e+00 0.000000000000000000e+00 0.000000000000000000e+00 1.649269311064718024e-01 0.000000000000000000e+00 0.000000000000000000e+00 2.751937984496123923e-01 0.000000000000000000e+00 1.658240647118301436e-01 0.000000000000000000e+00 0.000000000000000000e+00 0.000000000000000000e+00 0.000000000000000000e+00 2.266401590457256532e-01
0.000000000000000000e+00 0.000000000000000000e+00 2.688064192577733214e-01 0.000000000000000000e+00 0.000000000000000000e+00 0.000000000000000000e+00 0.000000000000000000e+00 0.000000000000000000e+00 0.000000000000000000e+00 0.000000000000000000e+00 0.000000000000000000e+00 0.000000000000000000e+00 0.000000000000000000e+00 0.000000000000000000e+00 0.000000000000000000e+00
0.000000000000000000e+00 0.000000000000000000e+00 3.166023166023165802e-01 0.000000000000000000e+00 0.000000000000000000e+00 0.000000000000000000e+00 0.000000000000000000e+00 0.000000000000000000e+00 0.000000000000000000e+00 0.000000000000000000e+00 0.000000000000000000e+00 0.000000000000000000e+00 0.000000000000000000e+00 0.000000000000000000e+00 0.000000000000000000e+00
2.642276422764227584e-01 0.000000000000000000e+00 0.000000000000000000e+00 0.000000000000000000e+00 1.551189245087900848e-01 0.000000000000000000e+00 0.000000000000000000e+00 2.500000000000000000e-01 0.000000000000000000e+00 1.711442786069651834e-01 0.000000000000000000e+00 0.000000000000000000e+00 0.000000000000000000e+00 0.000000000000000000e+00 2.168441432720232265e-01
2.447418738049713105e-01 0.000000000000000000e+00 0.000000000000000000e+00 0.000000000000000000e+00 1.745589600742804004e-01 0.000000000000000000e+00 0.000000000000000000e+00 3.076923076923077094e-01 0.000000000000000000e+00 1.883767535070140220e-01 0.000000000000000000e+00 0.000000000000000000e+00 0.000000000000000000e+00 0.000000000000000000e+00 2.168925964546402629e-01
0.000000000000000000e+00 0.000000000000000000e+00 2.566633761105626688e-01 5.283400809716599644e-01 0.000000000000000000e+00 3.885714285714285676e-01 0.000000000000000000e+00 0.000000000000000000e+00 3.227053140096618478e-01 0.000000000000000000e+00 0.000000000000000000e+00 2.974051896207584589e-01 0.000000000000000000e+00 3.069105691056910334e-01 0.000000000000000000e+00
0.000000000000000000e+00 0.000000000000000000e+00 2.390670553935859977e-01 5.595854922279792643e-01 0.000000000000000000e+00 3.403403403403403304e-01 0.000000000000000000e+00 0.000000000000000000e+00 3.275862068965517127e-01 0.000000000000000000e+00 0.000000000000000000e+00 3.456543456543456627e-01 0.000000000000000000e+00 3.120706575073601829e-01 0.000000000000000000e+00
0.000000000000000000e+00 0.000000000000000000e+00 2.313883299798792648e-01 0.000000000000000000e+00 2.918367346938775531e-01 0.000000000000000000e+00 0.000000000000000000e+00 0.000000000000000000e+00 2.873563218390804419e-01 3.012392755004766332e-01 0.000000000000000000e+00 0.000000000000000000e+00 3.809523809523809312e-01 0.000000000000000000e+00 0.000000000000000000e+00
0.000000000000000000e+00 7.030430220356768123e-01 5.105042016806722316e-01 5.442043222003929426e-01 2.991631799163179672e-01 3.672260612043435346e-01 1.058823529411764719e+00 3.353658536585366057e-01 2.354085603112840430e-01 2.923387096774193727e-01 5.848303393213573065e-01 5.553319919517102354e-01 2.940038684719535889e-01 5.479452054794520244e-01 5.262096774193548709e-01
3.967611336032388913e-01 3.227722772277227814e-01 2.461220268872802430e-01 4.027777777777777901e-01 2.791586998087954297e-01 5.677546983184965645e-01 0.000000000000000000e+00 3.513789581205311596e-01 2.368692070030896102e-01 0.000000000000000000e+00 4.160156250000000000e-01 2.472582253240279138e-01 3.149606299212598381e-01 1.987577639751552661e-01 2.224428997020853893e-01
2.766570605187320120e-01 0.000000000000000000e+00 0.000000000000000000e+00 0.000000000000000000e+00 1.731343283582089665e-01 0.000000000000000000e+00 0.000000000000000000e+00 2.967359050445103619e-01 0.000000000000000000e+00 1.506024096385542299e-01 0.000000000000000000e+00 0.000000000000000000e+00 0.000000000000000000e+00 0.000000000000000000e+00 1.875000000000000000e-01
9.861660079051383088e-01 1.028629856850715729e+00 1.009708737864077666e+00 9.541832669322709570e-01 1.023397761953204421e+00 9.621513944223107906e-01 9.876796714579055836e-01 1.040935672514619936e+00 9.625984251968503491e-01 1.002132196162046851e+00 1.030888030888030826e+00 1.000000000000000000e+00 1.019853709508881989e+00 9.719806763285023798e-01 9.689922480620154488e-01
1.022704837117472954e+00 9.807692307692307265e-01 9.571836346336821677e-01 1.008097165991902910e+00 1.039848197343453462e+00 1.006060606060606100e+00 9.717171717171717571e-01 1.018078020932445371e+00 1.041372351160444021e+00 9.862475442043221463e-01 1.032882011605415817e+00 9.721362229102167296e-01 9.898785425101214175e-01 1.018292682926829285e+00 9.271137026239066881e-01
0.000000000000000000e+00 0.000000000000000000e+00 2.897959183673469163e-01 0.000000000000000000e+00 0.000000000000000000e+00 0.000000000000000000e+00 0.000000000000000000e+00 0.000000000000000000e+00 0.000000000000000000e+00 0.000000000000000000e+00 0.000000000000000000e+00 0.000000000000000000e+00 0.000000000000000000e+00 0.000000000000000000e+00 0.000000000000000000e+00
3.650336215177713561e-01 3.389162561576354871e-01 2.369200394866732562e-01 4.391217564870259493e-01 2.359999999999999876e-01 6.376811594202898004e-01 0.000000000000000000e+00 4.085801838610827463e-01 2.374245472837022142e-01 0.000000000000000000e+00 4.284341978866474387e-01 2.421621621621621590e-01 3.300970873786407966e-01 2.517911975435004890e-01 2.684157416750757030e-01
2.784313725490196179e-01 0.000000000000000000e+00 0.000000000000000000e+00 0.000000000000000000e+00 1.730580137659783746e-01 0.000000000000000000e+00 0.000000000000000000e+00 2.431372549019607809e-01 0.000000000000000000e+00 1.555555555555555580e-01 0.000000000000000000e+00 0.000000000000000000e+00 0.000000000000000000e+00 0.000000000000000000e+00 2.113502935420743523e-01
0.000000000000000000e+00 3.200836820083681755e-01 5.210420841683366389e-01 5.551102204408817631e-01 0.000000000000000000e+00 3.666026871401151799e-01 0.000000000000000000e+00 0.000000000000000000e+00 3.072289156626505924e-01 3.247156153050672067e-01 0.000000000000000000e+00 5.120167189132706076e-01 0.000000000000000000e+00 5.682507583417593100e-01 0.000000000000000000e+00
0.000000000000000000e+00 6.838842975206611552e-01 5.089463220675943811e-01 5.433403805496829220e-01 3.169968717413972903e-01 3.819095477386934556e-01 1.055937193326790924e+00 3.281412253374870192e-01 3.076923076923077094e-01 2.924901185770750756e-01 5.166130760986066273e-01 5.173076923076923572e-01 3.139190523198420735e-01 5.953389830508474256e-01 5.024154589371980784e-01
0.000000000000000000e+00 3.470588235294117530e-01 4.737363726461843449e-01 5.443668993020936986e-01 0.000000000000000000e+00 3.643724696356275272e-01 0.000000000000000000e+00 0.000000000000000000e+00 2.993890020366598570e-01 2.849056603773584828e-01 0.000000000000000000e+00 5.826446280991735005e-01 0.000000000000000000e+00 5.251937984496124479e-01 0.000000000000000000e+00
0.000000000000000000e+00 0.000000000000000000e+00 2.676056338028168780e-01 0.000000000000000000e+00 2.836587872559095391e-01 0.000000000000000000e+00 0.000000000000000000e+00 0.000000000000000000e+00 3.249749247743229930e-01 3.274974253347064934e-01 0.000000000000000000e+00 0.000000000000000000e+00 3.975782038345105907e-01 0.000000000000000000e+00 0.000000000000000000e+00
4.020512820512820440e-01 2.843232716650438419e-01 2.351738241308793387e-01 4.093686354378818781e-01 2.427385892116182553e-01 6.136595310907237977e-01 0.000000000000000000e+00 3.562189054726367932e-01 2.348178137651821817e-01 0.000000000000000000e+00 4.965380811078140555e-01 2.833675564681724657e-01 3.078512396694214615e-01 1.991786447638603796e-01 3.241106719367589095e-01
0.000000000000000000e+00 0.000000000000000000e+00 2.835249042145593923e-01 0.000000000000000000e+00 3.302373581011351922e-01 0.000000000000000000e+00 0.000000000000000000e+00 0.000000000000000000e+00 2.953667953667953872e-01 2.995260663507108845e-01 0.000000000000000000e+00 0.000000000000000000e+00 3.835616438356164171e-01 0.000000000000000000e+00 0.000000000000000000e+00
0.000000000000000000e+00 0.000000000000000000e+00 2.935960591133005004e-01 0.000000000000000000e+00 2.205029013539651916e-01 2.950152594099694769e-01 0.000000000000000000e+00 0.000000000000000000e+00 0.000000000000000000e+00 0.000000000000000000e+00 3.954372623574144430e-01 0.000000000000000000e+00 3.410852713178294526e-01 2.465753424657534110e-01 0.000000000000000000e+00
2.646464646464646298e-01 0.000000000000000000e+00 0.000000000000000000e+00 0.000000000000000000e+00 1.709053916581892152e-01 0.000000000000000000e+00 0.000000000000000000e+00 2.562065541211519526e-01 0.000000000000000000e+00 1.855249745158002173e-01 0.000000000000000000e+00 0.000000000000000000e+00 0.000000000000000000e+00 0.000000000000000000e+00 1.814389989572471329e-01
0.000000000000000000e+00 3.483483483483483245e-01 4.918032786885245811e-01 5.916585838991270663e-01 0.000000000000000000e+00 3.727087576374745193e-01 0.000000000000000000e+00 0.000000000000000000e+00 2.735849056603773533e-01 2.810590631364562331e-01 0.000000000000000000e+00 6.206896551724138122e-01 0.000000000000000000e+00 6.049149338374291140e-01 0.000000000000000000e+00
2.760675273088381565e-01 0.000000000000000000e+00 0.000000000000000000e+00 0.000000000000000000e+00 1.653696498054474662e-01 0.000000000000000000e+00 0.000000000000000000e+00 2.786069651741293618e-01 0.000000000000000000e+00 1.770623742454728311e-01 0.000000000000000000e+00 0.000000000000000000e+00 0.000000000000000000e+00 0.000000000000000000e+00 1.793814432989690733e-01
