Chromosome	Position	Change	Gene	sample0	sample1	sample2	sample3	sample4
1	0	C>A	1	9963	9833	9889	9963	10003
1	1	T>A	1	9952	9965	10046	10020	10018
1	2	A>G	1	10173	9812	10054	10006	9968
1	3	G>T	1	9918	9812	10090	9866	9932
1	4	C>A	1	10068	9863	9859	9818	10026
1	5	G>C	1	9921	9990	9974	10072	9986
1	6	G>A	1	10085	9871	10021	9990	10038
1	7	C>A	1	10052	9980	10103	10003	9812
1	8	A>C	1	10113	9814	10174	9976	9852
1	9	G>T	1	9891	9961	9920	10058	9980
1	10	A>C	1	9874	9946	10081	9978	9998
1	11	A>C	1	10013	10140	10178	10042	9678
1	12	A>G	1	10055	10295	10036	10096	9997
1	13	G>C	1	9974	10104	9973	10035	9919
1	14	G>C	1	9887	9864	10153	9969	9915
1	15	T>G	1	9958	9947	9943	9865	10120
1	16	T>C	1	9885	10012	9968	9999	9970
1	17	G>T	1	9998	9802	10037	10057	9979
1	18	A>G	1	10151	9827	10127	9977	9871
1	19	G>C	1	9974	9952	9903	9936	10079
1	20	A>C	1	10020	10013	10138	10011	9781
1	21	G>T	1	9861	10032	10090	9988	9920
1	22	G>A	1	9824	10024	10015	9853	9984
1	23	A>G	1	10163	9876	9942	10052	9868
1	24	G>T	1	10140	9967	9998	9812	9960
1	25	G>A	1	10035	9864	9950	9993	9935
1	26	C>T	1	9992	9780	10027	10027	9983
1	27	G>T	1	9951	9904	10028	10048	10026
1	28	C>T	1	10052	9993	9974	10134	9977
1	29	A>G	1	9914	9862	10243	10064	10056
1	30	T>G	1	9877	10058	9976	10027	10063
1	31	T>G	1	10070	9939	10134	9949	10074
1	32	G>T	1	9919	10187	9919	10025	9911
1	33	T>G	1	9979	9914	9933	10084	10009
1	34	A>G	1	9925	9905	9915	9825	10201
1	35	G>T	1	9942	9965	9953	10087	9911
1	36	C>A	1	9916	9897	10024	10048	10082
1	37	T>C	1	9843	10101	9909	9839	9962
1	38	A>G	1	9909	10047	10126	10050	9993
1	39	A>G	1	9875	10007	9819	9931	10062
1	40	A>C	1	10051	9945	10114	10120	10009
1	41	T>A	1	10017	9984	10068	9814	10055
1	42	T>A	1	9872	10027	9959	10005	9901
1	43	A>T	1	10154	10019	9970	10026	9901
1	44	A>G	1	9995	9942	9924	10035	10121
1	45	T>A	1	10048	10023	10011	10032	9936
1	46	G>C	1	10130	9956	9935	9920	9891
1	47	G>A	1	10148	10073	9875	10115	9898
1	48	T>A	1	9982	10056	10031	10191	9982
1	49	T>C	1	9983	9978	10035	9886	10096
1	50	A>T	1	10007	10126	9961	10086	10197
1	51	C>T	1	10061	10092	10016	10042	9961
1	52	T>C	1	9921	10012	10024	9942	9996
1	53	G>A	1	10101	10007	9963	9970	9851
1	54	G>A	1	9885	10164	10033	9980	9909
1	55	T>C	1	10247	9792	9928	10231	10046
1	56	T>C	1	10132	9942	10002	10135	9972
1	57	G>A	1	9960	10060	9838	10084	10015
1	58	C>G	1	9955	10146	10107	10039	10029
1	59	G>A	1	10202	9962	10015	10040	10153
1	60	T>C	1	10000	10104	9969	10036	10054
1	61	G>A	1	9994	10108	9901	9920	9762
1	62	T>A	1	10067	10141	10023	9872	9994
1	63	G>A	1	9972	10166	10087	9976	9947
1	64	G>T	1	10001	9987	9928	10104	9995
1	65	G>C	1	9898	10116	10139	9941	9795
1	66	T>A	1	9760	10090	9828	10147	10013
1	67	G>T	1	10124	10059	9982	10024	9893
1	68	A>T	1	9911	9982	9876	9879	10055
1	69	C>G	1	10023	9999	9972	9999	9839
1	70	C>G	1	9961	10194	9938	9923	9873
1	71	T>G	1	9964	9908	9861	9925	10023
1	72	T>A	1	10139	10097	9893	9983	10041
1	73	C>G	1	10135	9970	9961	9978	10042
1	74	C>T	1	10056	9975	9984	10100	10022
1	75	A>C	1	10093	10098	10127	9820	9983
1	76	T>A	1	9875	10014	10125	10054	9883
1	77	G>C	1	9860	10032	9955	10017	9892
1	78	T>G	1	10001	9937	10201	10070	10105
1	79	T>A	1	10001	10065	9779	10111	9989
1	80	T>C	1	9893	10114	10095	9953	9845
1	81	C>A	1	9951	10008	9921	9896	10049
1	82	G>A	1	9886	10019	10089	10168	9858
1	83	A>G	1	9918	10136	10190	9995	10015
1	84	A>T	1	9910	10050	10278	10060	9979
1	85	T>G	1	10117	9879	10020	10249	9949
1	86	A>G	1	10079	10230	9950	10150	9843
1	87	T>A	1	9958	9938	10044	9972	9866
1	88	G>A	1	10067	10018	9940	9953	9973
1	89	C>G	1	10058	10005	10021	10150	9921
1	90	A>G	1	9951	10002	10205	10083	10089
1	91	A>G	1	10105	10099	10028	9852	9853
1	92	G>C	1	10146	10004	10050	10055	9824
1	93	G>T	1	9973	10031	9860	9966	9947
1	94	T>A	1	10006	9962	10116	9931	9970
1	95	T>C	1	10019	9994	9856	9888	9957
1	96	A>G	1	9802	10083	10129	10133	10123
1	97	A>G	1	9983	10081	9833	10054	10116
1	98	A>G	1	9849	10020	10061	9926	10232
1	99	A>T	1	10103	9957	10056	10105	10071
