#chr	normal	sample0	sample1	sample2	sample3	sample4
0	0	0.525904203324	0.274490785645	0.512943432407	0.371287128713	0.312629399586
1	0	0.0	0.119312436805	0.0	0.0	0.164271047228
2	0	0.0	0.0	0.288022813688	0.140718562874	0.162926829268
3	0	0.189587426326	0.0	0.0	0.0	0.162767039674
4	0	0.165656565657	0.0	0.212971926428	0.0	0.0
5	0	0.165644171779	0.0	0.208333333333	0.0	0.0
6	0	0.50353892821	0.137389597645	0.49419729207	0.221	0.361598440546
7	0	0.485659655832	0.25145631068	0.481701285856	0.353982300885	0.325077399381
8	0	0.507772020725	0.258726899384	0.50146627566	0.36012207528	0.319791666667
9	0	0.196984924623	0.0	0.0	0.0	0.159045725646
10	0	0.122167487685	0.0	0.201637666325	0.0	0.0
11	0	0.0	0.0	0.0	0.0	0.0
12	0	0.18	0.0	0.0	0.0	0.17033492823
13	0	0.485053037608	0.12389380531	0.497881355932	0.195215311005	0.333990147783
14	0	0.0	0.0	0.0	0.0	0.0
15	0	0.0	0.0	0.0	0.0	0.0
16	0	0.522030651341	0.260700389105	0.520964360587	0.375355450237	0.348004094166
17	0	0.51593625498	0.121621621622	0.49552238806	0.25	0.360279441118
18	0	0.0	0.128352490421	0.0	0.0	0.0
19	0	0.510504201681	0.244230769231	0.4995004995	0.361616161616	0.34708249497
20	0	0.0	0.0	0.0	0.0	0.0
21	0	0.517716535433	0.239344262295	0.515625	0.377358490566	0.314115308151
22	0	0.0	0.0	0.296216216216	0.119433198381	0.185628742515
23	0	0.499517839923	0.260599793175	0.51185770751	0.356243949661	0.333333333333
24	0	0.159793814433	0.0	0.212328767123	0.0	0.0
25	0	0.496023856859	0.25486381323	0.510659898477	0.385080645161	0.338860103627
26	0	0.0	0.0	0.0	0.0	0.0
27	0	0.0	0.0	0.255402750491	0.137159533074	0.163074039363
28	0	0.0	0.0	0.2852969815	0.146576663452	0.172020725389
29	0	0.0	0.0	0.0	0.0	0.0
30	0	0.467413441955	0.143438453713	0.493914807302	0.21435499515	0.352475247525
31	0	0.483315392896	0.257662835249	0.476044852192	0.387512388503	0.348605577689
32	0	0.499514091351	0.23988153998	0.498448810755	0.386387434555	0.331282051282
33	0	0.495762711864	0.0	0.512219959267	0.221890547264	0.336024217962
34	0	0.0	0.129648241206	0.0	0.0	0.0
35	0	0.517525773196	0.233233233233	0.53023255814	0.375236294896	0.338916256158
36	0	0.511205976521	0.511759172154	0.492693110647	0.494483450351	0.482090997096
37	0	0.493190661479	0.139511201629	0.464174454829	0.209347614411	0.337923728814
38	0	0.517587939698	0.23512195122	0.488888888889	0.344502617801	0.334946757018
39	0	0.0	0.0	0.0	0.0	0.0
40	0	0.0	0.0	0.293069306931	0.121568627451	0.174205967276
41	0	0.0	0.0	0.0	0.0	0.0
42	0	0.0	0.0	0.291052114061	0.126804123711	0.195979899497
43	0	0.126082771896	0.0	0.217118997912	0.0	0.0
44	0	0.0	0.0	0.0	0.0	0.0
45	0	0.0	0.0	0.303911735206	0.127872127872	0.195171026157
46	0	0.0	0.0	0.0	0.0	0.0
47	0	0.0	0.121121121121	0.0	0.0	0.155897435897
48	0	0.0	0.128083491461	0.0	0.0	0.165384615385
49	0	0.135437881874	0.0	0.20955165692	0.0	0.0
50	0	0.0	0.0	0.0	0.0	0.0
51	0	0.482824427481	0.456104944501	0.489141675284	0.516409266409	0.497482376636
52	0	0.0	0.0	0.0	0.0	0.0
53	0	0.138383838384	0.0	0.206931702345	0.0	0.0
54	0	0.49500998004	0.279069767442	0.520157325467	0.368473895582	0.328358208955
55	0	0.0	0.111782477341	0.0	0.0	0.15901814301
56	0	0.0	0.0	0.0	0.0	0.0
57	0	0.513432835821	0.280842527583	0.497987927565	0.374337221633	0.326359832636
58	0	0.509394572025	0.248134328358	0.507015902713	0.371975806452	0.319960861057
59	0	0.0	0.0	0.0	0.0	0.0
60	0	0.473579262213	0.291304347826	0.533592989289	0.366492146597	0.348348348348
61	0	0.0	0.0	0.0	0.0	0.0
62	0	0.474975466143	0.0	0.490625	0.234581497797	0.329692154916
63	0	0.0	0.0	0.0	0.0	0.0
64	0	0.488165680473	0.131445904954	0.505583756345	0.241379310345	0.343166175025
65	0	0.519210799585	0.25383828045	0.478215767635	0.347956131605	0.3385518591
66	0	0.215551181102	0.0	0.0	0.0	0.165429480382
67	0	0.0	0.113226452906	0.0	0.0	0.0
68	0	0.478048780488	0.277884615385	0.47261663286	0.327179487179	0.318974358974
69	0	0.516129032258	0.0	0.495	0.242105263158	0.311394891945
70	0	0.0	0.0	0.0	0.0	0.0
71	0	0.509316770186	0.492492492492	0.516097560976	0.488659793814	0.52380952381
72	0	0.475341028332	0.271555996036	0.501988071571	0.365174129353	0.35952848723
73	0	0.0	0.0	0.286544046467	0.119607843137	0.188284518828
74	0	0.0	0.0	0.298826040555	0.160621761658	0.182751540041
75	0	0.186925434116	0.0	0.0	0.0	0.153398058252
76	0	0.185700099305	0.0	0.0	0.0	0.14853358562
77	0	0.0	0.0	0.0	0.0	0.0
78	0	0.0	0.0	0.0	0.0	0.0
79	0	0.497502497502	0.262729124236	0.487431693989	0.385998107852	0.312757201646
80	0	0.195171026157	0.0	0.0	0.0	0.17619047619
81	0	0.495841995842	0.275862068966	0.497536945813	0.368269230769	0.320829220138
82	0	0.480198019802	0.275686673449	0.509433962264	0.37104506232	0.348368522073
83	0	0.0	0.134146341463	0.0	0.0	0.0
84	0	0.186113789778	0.0	0.0	0.0	0.151
85	0	0.0	0.0	0.0	0.0	0.0
86	0	0.0	0.0	0.0	0.0	0.0
87	0	0.486377396569	0.266542404473	0.475126903553	0.370333988212	0.377643504532
88	0	0.487654320988	0.270157068063	0.50358974359	0.376530612245	0.332338308458
89	0	0.0	0.0	0.293691830403	0.140889830508	0.16781157998
90	0	0.510747185261	0.135384615385	0.510903426791	0.220238095238	0.330731707317
91	0	0.482161060143	0.240609137056	0.523763336566	0.363722697056	0.336073997945
92	0	0.0	0.0	0.306735751295	0.13358778626	0.180612244898
93	0	0.0	0.0	0.283639883833	0.126336248785	0.158288770053
94	0	0.0	0.0	0.285571142285	0.135960591133	0.185929648241
95	0	0.0	0.0	0.0	0.0	0.0
96	0	0.516288252715	0.0	0.496388028896	0.21875	0.368041237113
97	0	0.0	0.0	0.0	0.0	0.0
98	0	0.505230125523	0.0	0.505505505506	0.239700374532	0.335685483871
99	0	0.520732883317	0.251762336354	0.548864758144	0.369714847591	0.327198364008
