#chr	position	description	normal	sample0	sample1	sample2	sample3	sample4	sample5	sample6	sample7	sample8	sample9	sample10	sample11	sample12	sample13	sample14	sample15	sample16	sample17	sample18	sample19
1	1	1	0	0.277327935223	0.375384615385	0.478787878788	0.490509490509	0.484848484848	0.396484375	0.489108910891	0.502365184484	0.496023856859	0.497536945813	0.50198019802	0.310629514964	0.382266009852	0.480558325025	0.373569198751	0.493137254902	0.518407960199	0.341246290801	0.3087790111	0.47512195122
2	1	1	0	0.0	0.0	0.161033797217	0.0	0.153694581281	0.0	0.0	0.273088381331	0.0	0.0	0.141858141858	0.0	0.0	0.0	0.0	0.283924843424	0.141104294479	0.0	0.0	0.191991786448
3	1	1	0	0.0	0.0	0.085798816568	0.0	0.0	0.0	0.0	0.0	0.0901883052527	0.0	0.0	0.0	0.0	0.0	0.171079429735	0.0	0.0	0.1552734375	0.0	0.0
4	1	1	0	0.0	0.0	0.173498570067	0.0	0.154690618762	0.0	0.0	0.270707070707	0.0	0.0	0.163708086785	0.0	0.0	0.0	0.0	0.302373581011	0.153392330383	0.0	0.0	0.191321499014
5	1	1	0	0.0	0.0	0.155753968254	0.0	0.140077821012	0.0	0.0	0.289005235602	0.0	0.0	0.162241887906	0.0	0.0	0.0	0.0	0.283851554664	0.139180171592	0.0	0.0	0.173646578141
6	1	1	0	0.0	0.164356435644	0.0	0.0	0.0	0.0	0.0	0.0	0.0	0.0	0.0	0.269503546099	0.157099697885	0.0	0.188508064516	0.0	0.0	0.207341269841	0.0	0.0
7	1	1	0	0.0	0.165844027641	0.0	0.0	0.0	0.0	0.0	0.0	0.0	0.0	0.0	0.269076305221	0.132264529058	0.0	0.188420019627	0.0	0.0	0.184156378601	0.0	0.0
8	1	1	0	0.226804123711	0.143706640238	0.0	0.0	0.0	0.118881118881	0.0	0.0	0.0	0.0	0.0	0.243270189432	0.0932798395186	0.0	0.146833013436	0.0	0.0	0.159090909091	0.180904522613	0.0
9	1	1	0	0.0	0.162814070352	0.0	0.0	0.0	0.0	0.0	0.0	0.0	0.0	0.0	0.278504672897	0.104	0.0	0.176406926407	0.0	0.0	0.195496417605	0.0	0.0
10	1	1	0	0.0	0.183401639344	0.0	0.0	0.0	0.0	0.0	0.0	0.0	0.0	0.0	0.298387096774	0.140495867769	0.0	0.200196270854	0.0	0.0	0.176125244618	0.0	0.0
11	1	1	0	0.0	0.153770812929	0.0	0.0	0.0	0.0	0.0	0.0	0.0	0.0	0.0	0.280039721946	0.126914660832	0.0	0.168058455115	0.0	0.0	0.151199165798	0.0	0.0
12	1	1	0	0.243083003953	0.382678751259	0.469223007064	0.518442622951	0.5	0.413265306122	0.505112474438	0.491053677932	0.487983281087	0.495126705653	0.49947753396	0.261645193261	0.373776908023	0.501519756839	0.341796875	0.484199796126	0.496062992126	0.343942505133	0.299507389163	0.520561685055
13	1	1	0	0.0	0.205357142857	0.121661721068	0.26985645933	0.0	0.0	0.0	0.0	0.136274509804	0.0	0.0	0.0	0.0	0.0	0.0	0.0	0.0	0.0	0.0	0.135728542914
14	1	1	0	0.0	0.0	0.104251012146	0.0	0.0	0.0	0.0	0.0	0.0726915520629	0.0	0.0	0.0	0.0	0.0	0.149284253579	0.0	0.0	0.156402737048	0.0	0.0
15	1	1	0	0.0	0.162267839687	0.0	0.0	0.0	0.0	0.0	0.0	0.0	0.0	0.0	0.274	0.135531135531	0.0	0.175732217573	0.0	0.0	0.191089108911	0.0	0.0
16	1	1	0	0.0	0.0	0.18514750763	0.0	0.13741223671	0.0	0.0	0.289693593315	0.0	0.0	0.163886162905	0.0	0.0	0.0	0.0	0.297494780793	0.151063829787	0.0	0.0	0.173439048563
17	1	1	0	0.0	0.201629327902	0.132429614181	0.290165530672	0.0	0.0	0.0	0.0	0.130560928433	0.0	0.0	0.0	0.0	0.0	0.0	0.0	0.0	0.0	0.0	0.126705653021
18	1	1	0	0.0	0.165662650602	0.0	0.0	0.0	0.0	0.0	0.0	0.0	0.0	0.0	0.258196721311	0.134462151394	0.0	0.158974358974	0.0	0.0	0.162190082645	0.0	0.0
19	1	1	0	0.0	0.166830225711	0.0	0.0	0.0	0.0	0.0	0.0	0.0	0.0	0.0	0.280864197531	0.120603015075	0.0	0.192759295499	0.0	0.0	0.188824662813	0.0	0.0
20	1	1	0	0.0	0.0	0.0846456692913	0.0	0.0	0.0	0.0	0.0	0.0910891089109	0.0	0.0	0.0	0.0	0.0	0.137587238285	0.0	0.0	0.163654618474	0.0	0.0
21	1	1	0	0.0	0.159199237369	0.0	0.0	0.0	0.0	0.0	0.0	0.0	0.0	0.0	0.256782945736	0.129	0.0	0.201680672269	0.0	0.0	0.168857431749	0.0	0.0
22	1	1	0	0.0	0.189989785495	0.122115384615	0.261691542289	0.0	0.0	0.0	0.0	0.128542510121	0.0	0.0	0.0	0.0	0.0	0.0	0.0	0.0	0.0	0.0	0.150243902439
23	1	1	0	0.0	0.168041237113	0.0	0.0	0.0	0.0	0.0	0.0	0.0	0.0	0.0	0.267418032787	0.116533864542	0.0	0.188508064516	0.0	0.0	0.184965380811	0.0	0.0
24	1	1	0	0.0	0.0	0.0951923076923	0.0	0.0	0.0	0.0	0.0	0.0990899898888	0.0	0.0	0.0	0.0	0.0	0.142088266954	0.0	0.0	0.147378832839	0.0	0.0
25	1	1	0	0.0	0.0	0.0815324165029	0.0	0.0	0.0	0.0	0.0	0.0956097560976	0.0	0.0	0.0	0.0	0.0	0.17139959432	0.0	0.0	0.153846153846	0.0	0.0
26	1	1	0	0.272910372608	0.354368932039	0.479188900747	0.508687258687	0.489406779661	0.403272377286	0.510040160643	0.495412844037	0.483157894737	0.517578125	0.507085020243	0.258196721311	0.403643336529	0.473012757605	0.306420233463	0.504672897196	0.526315789474	0.318138651472	0.299487179487	0.498979591837
27	1	1	0	0.232558139535	0.139630390144	0.0	0.0	0.0	0.101910828025	0.0	0.0	0.0	0.0	0.0	0.247322297955	0.10162601626	0.0	0.139303482587	0.0	0.0	0.163636363636	0.200424178155	0.0
28	1	1	0	0.270600203459	0.337136929461	0.515640766902	0.513211382114	0.51888667992	0.406659939455	0.484729064039	0.50688976378	0.498977505112	0.498480243161	0.491209927611	0.268463073852	0.393063583815	0.530653266332	0.32703777336	0.507345739471	0.466475095785	0.314257028112	0.327368421053	0.481730769231
29	1	1	0	0.0	0.0	0.0959843290891	0.0	0.0	0.0	0.0	0.0	0.114136125654	0.0	0.0	0.0	0.0	0.0	0.155578300921	0.0	0.0	0.139581256231	0.0	0.0
30	1	1	0	0.250257466529	0.155310621242	0.3740234375	0.2099609375	0.369565217391	0.2309970385	0.196409714889	0.290187891441	0.214152700186	0.500524658972	0.344827586207	0.269424823411	0.271629778672	0.300512820513	0.321073558648	0.284629981025	0.352661596958	0.346495557749	0.0	0.191808191808
31	1	1	0	0.0	0.151484135107	0.0	0.0	0.0	0.0	0.0	0.0	0.0	0.0	0.0	0.26310483871	0.117154811715	0.0	0.178861788618	0.0	0.0	0.181451612903	0.0	0.0
32	1	1	0	0.0	0.0	0.146881287726	0.0	0.152196118488	0.0	0.0	0.287276341948	0.0	0.0	0.144050104384	0.0	0.0	0.0	0.0	0.290872617854	0.161809045226	0.0	0.0	0.17461928934
33	1	1	0	0.0	0.19651500484	0.141724479683	0.28121927237	0.0	0.0	0.0	0.0	0.132189707366	0.0	0.0	0.0	0.0	0.0	0.0	0.0	0.0	0.0	0.0	0.145978152929
34	1	1	0	0.261880687563	0.350574712644	0.526061776062	0.519961051607	0.49539406346	0.402985074627	0.53641025641	0.488673139159	0.485908649174	0.497492477432	0.473947895792	0.281	0.37330552659	0.522772277228	0.341130604288	0.491106719368	0.505940594059	0.342054263566	0.328527291452	0.497487437186
35	1	1	0	0.0	0.0	0.161	0.0	0.156677181914	0.0	0.0	0.266341463415	0.0	0.0	0.151731160896	0.0	0.0	0.0	0.0	0.270323212537	0.149694501018	0.0	0.0	0.186022610483
36	1	1	0	0.0	0.173469387755	0.0	0.0	0.0	0.0	0.0	0.0	0.0	0.0	0.0	0.275210084034	0.110019646365	0.0	0.204351939451	0.0	0.0	0.196704428424	0.0	0.0
37	1	1	0	0.260385005066	0.182281059063	0.364364364364	0.208791208791	0.337986041874	0.244289970209	0.221327967807	0.268442622951	0.204081632653	0.50824742268	0.366803278689	0.278735632184	0.268951194185	0.317507418398	0.344863731656	0.298726738492	0.361744301288	0.345286885246	0.0	0.18
38	1	1	0	0.269797421731	0.155645981689	0.349397590361	0.230371900826	0.346628679962	0.247706422018	0.19430814524	0.279797979798	0.225427350427	0.507853403141	0.349738219895	0.266936299292	0.240121580547	0.322154471545	0.351681957187	0.260330578512	0.352475247525	0.32944606414	0.0	0.185884691849
39	1	1	0	0.0	0.154072620216	0.0	0.0	0.0	0.0	0.0	0.0	0.0	0.0	0.0	0.310344827586	0.123639960435	0.0	0.194681861349	0.0	0.0	0.183852140078	0.0	0.0
40	1	1	0	0.0	0.17	0.0	0.0	0.0	0.0	0.0	0.0	0.0	0.0	0.0	0.274	0.134387351779	0.0	0.184108527132	0.0	0.0	0.174119885823	0.0	0.0
41	1	1	0	0.0	0.134575569358	0.0	0.0	0.0	0.0	0.0	0.0	0.0	0.0	0.0	0.29519918284	0.117882117882	0.0	0.192697768763	0.0	0.0	0.160085378869	0.0	0.0
42	1	1	0	0.0	0.157213930348	0.0	0.0	0.0	0.0	0.0	0.0	0.0	0.0	0.0	0.254545454545	0.126506024096	0.0	0.21694214876	0.0	0.0	0.197792088316	0.0	0.0
43	1	1	0	0.0	0.155378486056	0.0	0.0	0.0	0.0	0.0	0.0	0.0	0.0	0.0	0.28184553661	0.130952380952	0.0	0.183251231527	0.0	0.0	0.21996124031	0.0	0.0
44	1	1	0	0.22633744856	0.151072124756	0.0	0.0	0.0	0.0961337513062	0.0	0.0	0.0	0.0	0.0	0.231145935357	0.0982142857143	0.0	0.157416750757	0.0	0.0	0.162248144221	0.189431704885	0.0
45	1	1	0	0.0	0.0	0.0868232890705	0.0	0.0	0.0	0.0	0.0	0.087044534413	0.0	0.0	0.0	0.0	0.0	0.146131805158	0.0	0.0	0.157684630739	0.0	0.0
46	1	1	0	0.0	0.170807453416	0.0	0.0	0.0	0.0	0.0	0.0	0.0	0.0	0.0	0.255578093306	0.124266144814	0.0	0.17982017982	0.0	0.0	0.204025617566	0.0	0.0
47	1	1	0	0.0	0.0	0.150460593654	0.0	0.166979362101	0.0	0.0	0.281481481481	0.0	0.0	0.153392330383	0.0	0.0	0.0	0.0	0.270791075051	0.178926441352	0.0	0.0	0.187626774848
48	1	1	0	0.259893048128	0.142857142857	0.351602895553	0.194	0.34879406308	0.220440881764	0.204225352113	0.303382663848	0.220202020202	0.488752556237	0.347517730496	0.26614481409	0.228260869565	0.326592517695	0.365758754864	0.275559883155	0.367617107943	0.309623430962	0.0	0.187984496124
49	1	1	0	0.0	0.0	0.0798479087452	0.0	0.0	0.0	0.0	0.0	0.0996168582375	0.0	0.0	0.0	0.0	0.0	0.155511811024	0.0	0.0	0.170731707317	0.0	0.0
50	1	1	0	0.21978021978	0.144016227181	0.0	0.0	0.0	0.101744186047	0.0	0.0	0.0	0.0	0.0	0.226907630522	0.109034267913	0.0	0.159886471145	0.0	0.0	0.156901688183	0.204020100503	0.0
51	1	1	0	0.249496981891	0.338042381433	0.499047619048	0.502994011976	0.488235294118	0.409914204004	0.500502512563	0.522123893805	0.484536082474	0.49477682811	0.496669838249	0.247035573123	0.390342052314	0.518440463646	0.352056168506	0.500965250965	0.49375	0.336924583741	0.303245436105	0.525948103792
52	1	1	0	0.241314553991	0.15083251714	0.0	0.0	0.0	0.0919191919192	0.0	0.0	0.0	0.0	0.0	0.219037871034	0.0959332638165	0.0	0.152734778122	0.0	0.0	0.145812807882	0.1904296875	0.0
53	1	1	0	0.0	0.0	0.148111332008	0.0	0.165146909828	0.0	0.0	0.275614754098	0.0	0.0	0.137966804979	0.0	0.0	0.0	0.0	0.289289289289	0.137273593899	0.0	0.0	0.175298804781
54	1	1	0	0.0	0.0	0.10101010101	0.0	0.0	0.0	0.0	0.0	0.0916256157635	0.0	0.0	0.0	0.0	0.0	0.162162162162	0.0	0.0	0.127236580517	0.0	0.0
55	1	1	0	0.0	0.0	0.172561629153	0.0	0.167334669339	0.0	0.0	0.306990881459	0.0	0.0	0.16210739615	0.0	0.0	0.0	0.0	0.293501048218	0.174681059863	0.0	0.0	0.166666666667
56	1	1	0	0.0	0.154958677686	0.0	0.0	0.0	0.0	0.0	0.0	0.0	0.0	0.0	0.260826771654	0.105263157895	0.0	0.185770750988	0.0	0.0	0.214076246334	0.0	0.0
57	1	1	0	0.23987854251	0.132429614181	0.0	0.0	0.0	0.125395152792	0.0	0.0	0.0	0.0	0.0	0.236151603499	0.0932475884244	0.0	0.145544554455	0.0	0.0	0.14185110664	0.192270531401	0.0
58	1	1	0	0.0	0.14314516129	0.0	0.0	0.0	0.0	0.0	0.0	0.0	0.0	0.0	0.244510978044	0.12147505423	0.0	0.183084577114	0.0	0.0	0.187176835574	0.0	0.0
59	1	1	0	0.0	0.0	0.0	0.207661290323	0.115871470302	0.123927550048	0.0	0.0	0.0	0.231856738926	0.0	0.0	0.0	0.14156626506	0.0	0.0	0.0963488843813	0.0	0.0	0.0
60	1	1	0	0.0	0.147540983607	0.0	0.0	0.0	0.0	0.0	0.0	0.0	0.0	0.0	0.254455445545	0.11170212766	0.0	0.185884691849	0.0	0.0	0.182653061224	0.0	0.0
61	1	1	0	0.0	0.157581764123	0.0	0.0	0.0	0.0	0.0	0.0	0.0	0.0	0.0	0.263002944063	0.118712273642	0.0	0.190721649485	0.0	0.0	0.209397344229	0.0	0.0
62	1	1	0	0.0	0.16927592955	0.0	0.0	0.0	0.0	0.0	0.0	0.0	0.0	0.0	0.279454722493	0.13012295082	0.0	0.181818181818	0.0	0.0	0.219323671498	0.0	0.0
63	1	1	0	0.261178861789	0.351949420443	0.494264859228	0.490721649485	0.496510468594	0.39603960396	0.49159248269	0.501028806584	0.486593843098	0.507274490786	0.493179433368	0.272195121951	0.393476044852	0.468168462292	0.356803044719	0.504504504505	0.49950347567	0.333657587549	0.286012526096	0.482517482517
64	1	1	0	0.237093690249	0.136676499508	0.0	0.0	0.0	0.127906976744	0.0	0.0	0.0	0.0	0.0	0.240494296578	0.100574712644	0.0	0.196116504854	0.0	0.0	0.170707070707	0.201904761905	0.0
65	1	1	0	0.0	0.204868154158	0.127615062762	0.277096114519	0.0	0.0	0.0	0.0	0.125638406537	0.0	0.0	0.0	0.0	0.0	0.0	0.0	0.0	0.0	0.0	0.143984220907
66	1	1	0	0.260914760915	0.144467213115	0.0	0.0	0.0	0.111	0.0	0.0	0.0	0.0	0.0	0.238761238761	0.0965174129353	0.0	0.140503875969	0.0	0.0	0.147835269271	0.191102123357	0.0
67	1	1	0	0.0	0.0	0.178256611166	0.0	0.163385826772	0.0	0.0	0.310479921645	0.0	0.0	0.132323232323	0.0	0.0	0.0	0.0	0.269153225806	0.167322834646	0.0	0.0	0.180830039526
68	1	1	0	0.0	0.0	0.0834160873883	0.0	0.0	0.0	0.0	0.0	0.107454017425	0.0	0.0	0.0	0.0	0.0	0.148606811146	0.0	0.0	0.157575757576	0.0	0.0
69	1	1	0	0.0	0.160120845921	0.0	0.0	0.0	0.0	0.0	0.0	0.0	0.0	0.0	0.280648429585	0.146169354839	0.0	0.185831622177	0.0	0.0	0.192642787996	0.0	0.0
70	1	1	0	0.251189343482	0.168539325843	0.342975206612	0.213114754098	0.484577114428	0.245128205128	0.485743380855	0.307086614173	0.395198522622	0.51503006012	0.496900826446	0.280355380059	0.252109704641	0.300930713547	0.323106423778	0.295869356388	0.509689922481	0.345962113659	0.277157360406	0.346041055718
71	1	1	0	0.261235955056	0.152879581152	0.386002120891	0.232558139535	0.358549222798	0.228464419476	0.207655502392	0.293939393939	0.219537815126	0.490118577075	0.351960784314	0.269267364415	0.243349753695	0.303536345776	0.362745098039	0.28134254689	0.345077720207	0.347133757962	0.0	0.205666316894
72	1	1	0	0.0	0.159769008662	0.0	0.0	0.0	0.0	0.0	0.0	0.0	0.0	0.0	0.255952380952	0.139626352016	0.0	0.194444444444	0.0	0.0	0.173252279635	0.0	0.0
73	1	1	0	0.283298097252	0.164369034995	0.358509566969	0.209864603482	0.347165991903	0.230366492147	0.192271442036	0.259624876604	0.215203426124	0.483805668016	0.350877192982	0.275275275275	0.254527162978	0.314090019569	0.32416502947	0.310552763819	0.354166666667	0.337198067633	0.0	0.187946884576
74	1	1	0	0.0	0.163672654691	0.0	0.0	0.0	0.0	0.0	0.0	0.0	0.0	0.0	0.261770244821	0.144777662875	0.0	0.175983436853	0.0	0.0	0.186897880539	0.0	0.0
75	1	1	0	0.0	0.186790505676	0.124	0.279535864979	0.0	0.0	0.0	0.0	0.130081300813	0.0	0.0	0.0	0.0	0.0	0.0	0.0	0.0	0.0	0.0	0.156762295082
76	1	1	0	0.0	0.153923541247	0.0	0.0	0.0	0.0	0.0	0.0	0.0	0.0	0.0	0.280632411067	0.118511263467	0.0	0.184857423795	0.0	0.0	0.176352705411	0.0	0.0
77	1	1	0	0.236274509804	0.139880952381	0.0	0.0	0.0	0.115138592751	0.0	0.0	0.0	0.0	0.0	0.231695085256	0.109235352532	0.0	0.158953722334	0.0	0.0	0.174568965517	0.211693548387	0.0
78	1	1	0	0.213519313305	0.12925170068	0.0	0.0	0.0	0.111111111111	0.0	0.0	0.0	0.0	0.0	0.254582484725	0.0996055226824	0.0	0.152371342079	0.0	0.0	0.152575315841	0.168539325843	0.0
79	1	1	0	0.0	0.0	0.155670103093	0.0	0.140019860973	0.0	0.0	0.262788365095	0.0	0.0	0.154244306418	0.0	0.0	0.0	0.0	0.278017241379	0.141414141414	0.0	0.0	0.182095625636
80	1	1	0	0.241273100616	0.363728470111	0.502994011976	0.508646998983	0.489341085271	0.395348837209	0.485308056872	0.506024096386	0.507629704985	0.512388503469	0.505219206681	0.268151016457	0.409756097561	0.487386478305	0.345491388045	0.527123848516	0.498486377397	0.358529111338	0.289611752361	0.500520291363
81	1	1	0	0.0	0.167804878049	0.0	0.0	0.0	0.0	0.0	0.0	0.0	0.0	0.0	0.2779342723	0.121301775148	0.0	0.195413758724	0.0	0.0	0.171117705242	0.0	0.0
82	1	1	0	0.270354906054	0.0	0.0	0.0	0.113911290323	0.106230847804	0.20202020202	0.0	0.0	0.0	0.0844930417495	0.0	0.112244897959	0.0	0.0	0.0	0.0	0.0	0.0	0.0
83	1	1	0	0.0	0.156822810591	0.0	0.0	0.0	0.0	0.0	0.0	0.0	0.0	0.0	0.268315889629	0.136317395727	0.0	0.17715392062	0.0	0.0	0.204724409449	0.0	0.0
84	1	1	0	0.0	0.0	0.0	0.215413184773	0.0876338851022	0.110787172012	0.0	0.0	0.0	0.215897939156	0.0	0.0	0.0	0.124362895005	0.0	0.0	0.0896767466111	0.0	0.0	0.0
85	1	1	0	0.0	0.165377176015	0.0	0.0	0.0	0.0	0.0	0.0	0.0	0.0	0.0	0.268943436499	0.119754350051	0.0	0.196954314721	0.0	0.0	0.199794026777	0.0	0.0
86	1	1	0	0.228426395939	0.144899904671	0.0	0.0	0.0	0.113636363636	0.0	0.0	0.0	0.0	0.0	0.217803030303	0.0956696878147	0.0	0.178015564202	0.0	0.0	0.171026156942	0.176817288802	0.0
87	1	1	0	0.0	0.164778578785	0.0	0.0	0.0	0.0	0.0	0.0	0.0	0.0	0.0	0.261785356068	0.133946830266	0.0	0.19175257732	0.0	0.0	0.189926547744	0.0	0.0
88	1	1	0	0.0	0.207779886148	0.114656031904	0.301075268817	0.0	0.0	0.0	0.0	0.131282051282	0.0	0.0	0.0	0.0	0.0	0.0	0.0	0.0	0.0	0.0	0.148727984344
89	1	1	0	0.245206861756	0.371541501976	0.5	0.486868686869	0.497487437186	0.38151425762	0.498003992016	0.499481865285	0.50612244898	0.503510531595	0.46875	0.249019607843	0.416490486258	0.513026052104	0.314374353671	0.524118738404	0.457971014493	0.338308457711	0.318781725888	0.508165225744
90	1	1	0	0.268292682927	0.333973128599	0.477857878476	0.515841584158	0.511811023622	0.371375116932	0.502994011976	0.503567787971	0.505595116989	0.481555333998	0.509763617677	0.308004052685	0.395593869732	0.486567164179	0.368989205103	0.495850622407	0.512	0.352772466539	0.279396984925	0.5
91	1	1	0	0.0	0.0	0.185658153242	0.0	0.159563924678	0.0	0.0	0.300692383778	0.0	0.0	0.168016194332	0.0	0.0	0.0	0.0	0.287487073423	0.143141153082	0.0	0.0	0.193679918451
92	1	1	0	0.0	0.171573604061	0.0	0.0	0.0	0.0	0.0	0.0	0.0	0.0	0.0	0.273958333333	0.133776091082	0.0	0.188305252725	0.0	0.0	0.189378757515	0.0	0.0
93	1	1	0	0.0	0.169734151329	0.0	0.0	0.0	0.0	0.0	0.0	0.0	0.0	0.0	0.259849906191	0.122162162162	0.0	0.185628742515	0.0	0.0	0.200791295747	0.0	0.0
94	1	1	0	0.221887550201	0.115346038114	0.0	0.0	0.0	0.109756097561	0.0	0.0	0.0	0.0	0.0	0.230845771144	0.111645813282	0.0	0.144694533762	0.0	0.0	0.145472061657	0.178776290631	0.0
95	1	1	0	0.0	0.153306613226	0.0	0.0	0.0	0.0	0.0	0.0	0.0	0.0	0.0	0.265835929387	0.118947368421	0.0	0.175526579739	0.0	0.0	0.166150670795	0.0	0.0
96	1	1	0	0.0	0.157575757576	0.0	0.0	0.0	0.0	0.0	0.0	0.0	0.0	0.0	0.260162601626	0.133673469388	0.0	0.216049382716	0.0	0.0	0.199014778325	0.0	0.0
97	1	1	0	0.263211382114	0.375241779497	0.512742099898	0.492616033755	0.496055226824	0.384540117417	0.500489715965	0.507490636704	0.50987770461	0.516483516484	0.474291710388	0.263370332997	0.392195121951	0.493633692458	0.3125	0.518292682927	0.491542288557	0.329766536965	0.303991811668	0.519801980198
98	1	1	0	0.240963855422	0.159318637275	0.37990430622	0.20564516129	0.5	0.250474383302	0.507418397626	0.288065843621	0.384540117417	0.469008264463	0.553588987217	0.277832512315	0.226213592233	0.311881188119	0.344512195122	0.288659793814	0.471624266145	0.355915065723	0.322515212982	0.346303501946
99	1	1	0	0.270873786408	0.357217030114	0.480651731161	0.484817813765	0.488372093023	0.394258373206	0.515564202335	0.511764705882	0.513650151668	0.480885311871	0.50303030303	0.269757639621	0.416666666667	0.505893909627	0.357215967247	0.502448579824	0.491542288557	0.347222222222	0.306382978723	0.4708886619
100	1	1	0	0.0	0.173292558614	0.0	0.0	0.0	0.0	0.0	0.0	0.0	0.0	0.0	0.2738791423	0.139344262295	0.0	0.1806640625	0.0	0.0	0.186069651741	0.0	0.0
