#chr	position	description	normal	sample0	sample1	sample2	sample3	sample4
1	1	1	0	0.0	0.0	0.0	0.0	0.0
2	1	1	0	0.125	0.320388349515	0.272727272727	0.158415841584	0.261682242991
3	1	1	0	0.0	0.0	0.0	0.0	0.0
4	1	1	0	0.0	0.121495327103	0.0	0.0	0.0
5	1	1	0	0.0	0.0	0.0	0.0	0.320754716981
6	1	1	0	0.148148148148	0.0	0.229166666667	0.269230769231	0.0
7	1	1	0	0.185185185185	0.0	0.26	0.307692307692	0.0
8	1	1	0	0.0	0.0	0.25	0.169811320755	0.0
9	1	1	0	0.0	0.0	0.30303030303	0.156626506024	0.0
10	1	1	0	0.0	0.136752136752	0.0	0.0	0.0
11	1	1	0	0.0	0.188235294118	0.0	0.0	0.188235294118
12	1	1	0	0.138613861386	0.0	0.19801980198	0.0	0.0
13	1	1	0	0.0	0.0	0.273684210526	0.0	0.0
14	1	1	0	0.0	0.0	0.0	0.0	0.307692307692
15	1	1	0	0.0	0.0	0.0	0.0	0.0
16	1	1	0	0.155555555556	0.0	0.268817204301	0.227722772277	0.0
17	1	1	0	0.0	0.0	0.172043010753	0.181818181818	0.0
18	1	1	0	0.0	0.0	0.0	0.193181818182	0.0
19	1	1	0	0.1625	0.0	0.258333333333	0.0	0.0
20	1	1	0	0.337078651685	0.0	0.122222222222	0.231481481481	0.0
21	1	1	0	0.0	0.0	0.234693877551	0.0	0.0
22	1	1	0	0.0	0.0	0.0	0.0	0.0
23	1	1	0	0.0	0.0	0.0	0.0	0.0
24	1	1	0	0.0	0.0	0.0	0.0	0.0
25	1	1	0	0.0	0.0	0.305882352941	0.295918367347	0.0
26	1	1	0	0.121212121212	0.0	0.239130434783	0.326315789474	0.0
27	1	1	0	0.12	0.0	0.204081632653	0.336538461538	0.0
28	1	1	0	0.0	0.171717171717	0.0	0.0	0.201923076923
29	1	1	0	0.0	0.0	0.0	0.163636363636	0.0
30	1	1	0	0.0	0.0	0.0	0.0	0.0
31	1	1	0	0.0	0.0	0.0	0.0	0.0
32	1	1	0	0.0	0.0	0.0	0.0	0.245762711864
33	1	1	0	0.0	0.0	0.247619047619	0.197802197802	0.0
34	1	1	0	0.0	0.0	0.0	0.213483146067	0.0
35	1	1	0	0.0	0.0	0.0	0.0	0.231707317073
36	1	1	0	0.0	0.0	0.0	0.227272727273	0.0
37	1	1	0	0.0	0.0	0.0	0.198198198198	0.0
38	1	1	0	0.0	0.0	0.0	0.0	0.0
39	1	1	0	0.0	0.0	0.0	0.0	0.0
40	1	1	0	0.162393162393	0.37037037037	0.26	0.184466019417	0.275229357798
41	1	1	0	0.0	0.0	0.0	0.0	0.0
42	1	1	0	0.0	0.0	0.0	0.0	0.223404255319
43	1	1	0	0.163265306122	0.287234042553	0.20202020202	0.241379310345	0.235849056604
44	1	1	0	0.0	0.0	0.234693877551	0.194174757282	0.0
45	1	1	0	0.0	0.0	0.0	0.0	0.0
46	1	1	0	0.0	0.0	0.0	0.0	0.0
47	1	1	0	0.0	0.0	0.0	0.0	0.0
48	1	1	0	0.0	0.0	0.0	0.0	0.0
49	1	1	0	0.0	0.0	0.0	0.25	0.0
50	1	1	0	0.0	0.0	0.279661016949	0.179775280899	0.0
51	1	1	0	0.10752688172	0.0	0.258928571429	0.30612244898	0.0
52	1	1	0	0.0	0.133333333333	0.0	0.0	0.229357798165
53	1	1	0	0.0	0.0	0.0	0.14953271028	0.0
54	1	1	0	0.0	0.0	0.0	0.0	0.0
55	1	1	0	0.0	0.0	0.0	0.0	0.0
56	1	1	0	0.137931034483	0.0	0.272727272727	0.0	0.0
57	1	1	0	0.0	0.0	0.0	0.0	0.0
58	1	1	0	0.0	0.0	0.189473684211	0.217391304348	0.0
59	1	1	0	0.0	0.169642857143	0.0	0.0	0.0
60	1	1	0	0.0	0.0	0.0	0.244186046512	0.0
61	1	1	0	0.0	0.0	0.0	0.0	0.0
62	1	1	0	0.0	0.0	0.0	0.0	0.0
63	1	1	0	0.141414141414	0.193277310924	0.228571428571	0.175257731959	0.225806451613
64	1	1	0	0.0	0.0	0.0	0.0	0.0
65	1	1	0	0.226804123711	0.0	0.201923076923	0.273684210526	0.0
66	1	1	0	0.0	0.0	0.0	0.0	0.0
67	1	1	0	0.0	0.0	0.231481481481	0.195652173913	0.0
68	1	1	0	0.0	0.0	0.27358490566	0.204545454545	0.0
69	1	1	0	0.0	0.0	0.0	0.0	0.0
70	1	1	0	0.0	0.0	0.0	0.0	0.296296296296
71	1	1	0	0.0	0.0	0.318965517241	0.204819277108	0.0
72	1	1	0	0.0	0.0	0.163043478261	0.211538461538	0.0
73	1	1	0	0.0	0.0	0.252525252525	0.176470588235	0.0
74	1	1	0	0.0	0.0	0.0	0.0	0.0
75	1	1	0	0.0	0.0	0.0	0.0	0.0
76	1	1	0	0.0	0.0	0.25	0.218181818182	0.0
77	1	1	0	0.161904761905	0.0	0.173913043478	0.218390804598	0.0
78	1	1	0	0.0	0.0	0.32380952381	0.190476190476	0.0
79	1	1	0	0.0	0.0	0.293577981651	0.210526315789	0.0
80	1	1	0	0.0	0.0	0.0	0.0	0.0
81	1	1	0	0.0	0.161616161616	0.0	0.0	0.0
82	1	1	0	0.0	0.0	0.0	0.0	0.21359223301
83	1	1	0	0.103092783505	0.406593406593	0.252631578947	0.238095238095	0.556603773585
84	1	1	0	0.0	0.0	0.271028037383	0.0	0.0
85	1	1	0	0.0	0.0	0.0	0.174757281553	0.0
86	1	1	0	0.0	0.0	0.234693877551	0.237113402062	0.0
87	1	1	0	0.0	0.0847457627119	0.0	0.0	0.0
88	1	1	0	0.0	0.0	0.0	0.0	0.0
89	1	1	0	0.188118811881	0.0	0.282828282828	0.238095238095	0.0
90	1	1	0	0.0842105263158	0.0	0.34	0.264150943396	0.0
91	1	1	0	0.0833333333333	0.0	0.252873563218	0.220338983051	0.0
92	1	1	0	0.178217821782	0.0	0.306306306306	0.299065420561	0.0
93	1	1	0	0.0	0.0	0.0	0.0	0.0
94	1	1	0	0.0	0.0	0.0	0.0	0.0
95	1	1	0	0.161290322581	0.0	0.171171171171	0.304347826087	0.0
96	1	1	0	0.0	0.0	0.0	0.254385964912	0.0
97	1	1	0	0.0	0.0	0.0	0.0	0.0
98	1	1	0	0.0947368421053	0.0	0.227272727273	0.27	0.0
99	1	1	0	0.0	0.0	0.306930693069	0.181818181818	0.0
100	1	1	0	0.380434782609	0.532110091743	0.297297297297	0.208695652174	0.534653465347
101	1	1	0	0.0	0.0	0.213333333333	0.188034188034	0.0
102	1	1	0	0.114754098361	0.0	0.245283018868	0.255319148936	0.0
103	1	1	0	0.0	0.155339805825	0.0	0.0	0.289719626168
104	1	1	0	0.0	0.0	0.0	0.0	0.0
105	1	1	0	0.159292035398	0.285714285714	0.254716981132	0.244897959184	0.259259259259
106	1	1	0	0.0	0.190476190476	0.0	0.0	0.266666666667
107	1	1	0	0.0	0.0	0.0	0.0	0.0
108	1	1	0	0.0	0.184782608696	0.0	0.0	0.268041237113
109	1	1	0	0.0	0.0	0.0	0.0	0.0
110	1	1	0	0.147058823529	0.40625	0.232558139535	0.2	0.181818181818
111	1	1	0	0.0	0.0	0.0	0.244444444444	0.0
112	1	1	0	0.0	0.0	0.0	0.0	0.0
113	1	1	0	0.125	0.0	0.183673469388	0.296703296703	0.0
114	1	1	0	0.0	0.0	0.231481481481	0.263636363636	0.0
115	1	1	0	0.0	0.125	0.0	0.0	0.197916666667
116	1	1	0	0.0	0.0	0.0	0.0	0.0
117	1	1	0	0.0	0.0	0.0	0.0	0.0
118	1	1	0	0.168224299065	0.0	0.239583333333	0.29702970297	0.0
119	1	1	0	0.0	0.0	0.0	0.0	0.0
120	1	1	0	0.145299145299	0.0	0.168539325843	0.0	0.0
121	1	1	0	0.229885057471	0.0	0.237623762376	0.26	0.0
122	1	1	0	0.0	0.0	0.0	0.0	0.2
123	1	1	0	0.0	0.0	0.21875	0.23275862069	0.0
124	1	1	0	0.150943396226	0.0	0.196078431373	0.28431372549	0.0
125	1	1	0	0.0	0.0	0.0	0.208791208791	0.0
126	1	1	0	0.0	0.0	0.0	0.0	0.28125
127	1	1	0	0.112068965517	0.0	0.25	0.347457627119	0.0
128	1	1	0	0.0	0.0	0.234693877551	0.212765957447	0.0
129	1	1	0	0.0	0.0	0.0	0.0	0.311320754717
130	1	1	0	0.0	0.0	0.0	0.0	0.0
131	1	1	0	0.0	0.0	0.0	0.0	0.206896551724
132	1	1	0	0.0	0.0	0.0	0.0	0.20618556701
133	1	1	0	0.0	0.0	0.0	0.0	0.0
134	1	1	0	0.168316831683	0.0	0.196261682243	0.0	0.0
135	1	1	0	0.0	0.0	0.0	0.0	0.0
136	1	1	0	0.0	0.0	0.0	0.0	0.0
137	1	1	0	0.0927835051546	0.0	0.234693877551	0.285714285714	0.0
138	1	1	0	0.14	0.0	0.223404255319	0.0	0.0
139	1	1	0	0.0	0.0	0.0	0.0792079207921	0.0
140	1	1	0	0.156862745098	0.523364485981	0.237113402062	0.240740740741	0.509433962264
141	1	1	0	0.120879120879	0.219047619048	0.259615384615	0.254901960784	0.275862068966
142	1	1	0	0.154545454545	0.375	0.266055045872	0.226086956522	0.266055045872
143	1	1	0	0.0	0.0	0.263157894737	0.21875	0.0
144	1	1	0	0.0943396226415	0.0	0.204545454545	0.30612244898	0.0
145	1	1	0	0.0	0.0	0.0	0.0	0.29
146	1	1	0	0.15625	0.0	0.275510204082	0.325842696629	0.0
147	1	1	0	0.0	0.147058823529	0.0	0.0	0.311827956989
148	1	1	0	0.163461538462	0.472527472527	0.239316239316	0.162162162162	0.505376344086
149	1	1	0	0.0	0.0	0.211538461538	0.173913043478	0.0
150	1	1	0	0.0	0.0	0.0	0.0	0.0
151	1	1	0	0.0	0.0	0.21568627451	0.0	0.0
152	1	1	0	0.0	0.0	0.0	0.0	0.0
153	1	1	0	0.0	0.0	0.27	0.214285714286	0.0
154	1	1	0	0.0	0.0	0.0	0.0	0.0
155	1	1	0	0.0	0.0	0.305263157895	0.236363636364	0.0
156	1	1	0	0.0	0.0	0.285714285714	0.256	0.0
157	1	1	0	0.0	0.0	0.0	0.0	0.0
158	1	1	0	0.0	0.0	0.0	0.0	0.0
159	1	1	0	0.0	0.0	0.347826086957	0.131313131313	0.0
160	1	1	0	0.0	0.0	0.0	0.0	0.192660550459
161	1	1	0	0.0	0.0882352941176	0.0	0.0	0.20202020202
162	1	1	0	0.0	0.0	0.286956521739	0.0	0.0
163	1	1	0	0.0	0.0	0.0	0.0	0.35632183908
164	1	1	0	0.0	0.0	0.0	0.0	0.0
165	1	1	0	0.0	0.0	0.0	0.0	0.0
166	1	1	0	0.126213592233	0.0	0.18	0.333333333333	0.0
167	1	1	0	0.0	0.0	0.0	0.0	0.271844660194
168	1	1	0	0.3	0.0	0.1375	0.302752293578	0.0
169	1	1	0	0.0	0.0	0.0	0.0	0.233644859813
170	1	1	0	0.0	0.0	0.0	0.0	0.0
171	1	1	0	0.0	0.194444444444	0.0	0.0	0.210526315789
172	1	1	0	0.168224299065	0.0	0.247422680412	0.3	0.0
173	1	1	0	0.0	0.0	0.313253012048	0.252525252525	0.0
174	1	1	0	0.0	0.0	0.238095238095	0.204545454545	0.0
175	1	1	0	0.0	0.106194690265	0.0	0.0	0.175824175824
176	1	1	0	0.350515463918	0.0	0.222222222222	0.23	0.0
177	1	1	0	0.0	0.0	0.0	0.0	0.0
178	1	1	0	0.0	0.0	0.261682242991	0.177777777778	0.0
179	1	1	0	0.162393162393	0.0	0.288659793814	0.245283018868	0.0
180	1	1	0	0.0	0.0	0.191919191919	0.263157894737	0.0
181	1	1	0	0.0	0.0	0.0	0.235294117647	0.0
182	1	1	0	0.0	0.0	0.0	0.0	0.0
183	1	1	0	0.352272727273	0.428571428571	0.259259259259	0.2125	0.545454545455
184	1	1	0	0.0	0.0	0.0	0.0	0.0
185	1	1	0	0.16	0.299065420561	0.32967032967	0.0869565217391	0.228813559322
186	1	1	0	0.0	0.133333333333	0.0	0.0	0.0
187	1	1	0	0.0	0.0	0.0	0.0	0.238095238095
188	1	1	0	0.0	0.0	0.0	0.0	0.0
189	1	1	0	0.0	0.0	0.237113402062	0.137931034483	0.0
190	1	1	0	0.0	0.0	0.0	0.0	0.0
191	1	1	0	0.0	0.120689655172	0.0	0.0	0.284210526316
192	1	1	0	0.0	0.0	0.0	0.0	0.0
193	1	1	0	0.0	0.0	0.0	0.0	0.0
194	1	1	0	0.357894736842	0.0	0.193548387097	0.32	0.0
195	1	1	0	0.0	0.063829787234	0.0	0.0	0.0
196	1	1	0	0.0	0.0	0.274725274725	0.0	0.0
197	1	1	0	0.0	0.0	0.0	0.0	0.255555555556
198	1	1	0	0.0	0.166666666667	0.0	0.0	0.0
199	1	1	0	0.0	0.0	0.0	0.0	0.344086021505
200	1	1	0	0.0	0.0	0.340909090909	0.227272727273	0.0
