Num_mutations: 100
Num_samples: 10
Error_rate: 0.030000

1.009152167353917440e+00 7.114054738482517015e-01 7.846277021617293901e-01 6.087995221978896865e-01 1.009514271407110586e+00 3.903807615230460715e-01 7.814852492370295556e-01 7.601490883449179004e-01 9.988156336360047849e-01 1.006426099851705391e+00
9.997019374068554232e-01 2.705799577847020077e-01 7.780306778822365654e-01 6.157028864151314895e-01 6.886585608929639557e-01 3.819055244195356247e-01 5.374449339207048038e-01 4.949363280858317671e-01 4.844221105527637961e-01 4.102869625657829533e-01
0.000000000000000000e+00 0.000000000000000000e+00 0.000000000000000000e+00 0.000000000000000000e+00 3.978613941289216305e-01 0.000000000000000000e+00 2.500507820434694217e-01 0.000000000000000000e+00 0.000000000000000000e+00 0.000000000000000000e+00
1.009939966538726530e+00 2.639865333201307229e-01 8.000790591955726505e-01 6.117623683687661851e-01 6.666666666666666297e-01 4.050784764570629082e-01 5.394750075429950442e-01 4.979394914061714972e-01 4.787127723365980358e-01 4.056762925473851311e-01
0.000000000000000000e+00 0.000000000000000000e+00 0.000000000000000000e+00 0.000000000000000000e+00 3.992444576995725081e-01 0.000000000000000000e+00 2.462511476078751427e-01 0.000000000000000000e+00 0.000000000000000000e+00 0.000000000000000000e+00
0.000000000000000000e+00 0.000000000000000000e+00 0.000000000000000000e+00 0.000000000000000000e+00 4.164228790477151332e-01 0.000000000000000000e+00 2.561133845693183142e-01 0.000000000000000000e+00 0.000000000000000000e+00 0.000000000000000000e+00
0.000000000000000000e+00 0.000000000000000000e+00 0.000000000000000000e+00 0.000000000000000000e+00 4.133267031327697572e-01 0.000000000000000000e+00 2.573029211684673689e-01 0.000000000000000000e+00 0.000000000000000000e+00 0.000000000000000000e+00
4.925596724258464176e-01 2.691888679805882756e-01 7.707581227436822724e-01 6.101488909146156603e-01 6.767707386076589060e-01 3.897304741294511099e-01 5.265346534653465582e-01 5.080845154250570594e-01 1.748656050309362053e-01 3.840173211298100742e-01
0.000000000000000000e+00 0.000000000000000000e+00 0.000000000000000000e+00 0.000000000000000000e+00 4.168934583207338229e-01 0.000000000000000000e+00 2.454308093994778117e-01 0.000000000000000000e+00 0.000000000000000000e+00 0.000000000000000000e+00
9.961832061068702782e-01 1.009597712885440091e+00 9.983815496661946343e-01 1.012663357309289802e+00 9.898600689515311135e-01 1.006009615384615419e+00 1.000914727106413160e+00 1.021558207159330101e+00 9.908108653943249466e-01 1.001307715521577268e+00
1.003143697393773515e+00 9.964007198560288492e-01 1.005597760895641679e+00 1.007346281573915592e+00 1.009437751004016004e+00 1.002389010551463233e+00 9.792249300838993253e-01 9.929640273511048942e-01 9.934092270820851223e-01 1.012181616832779518e+00
0.000000000000000000e+00 0.000000000000000000e+00 0.000000000000000000e+00 0.000000000000000000e+00 3.970788704965920179e-01 0.000000000000000000e+00 2.469432752054520064e-01 0.000000000000000000e+00 0.000000000000000000e+00 0.000000000000000000e+00
0.000000000000000000e+00 0.000000000000000000e+00 0.000000000000000000e+00 0.000000000000000000e+00 4.036551450139054253e-01 0.000000000000000000e+00 2.438686708860759444e-01 0.000000000000000000e+00 0.000000000000000000e+00 0.000000000000000000e+00
0.000000000000000000e+00 0.000000000000000000e+00 0.000000000000000000e+00 0.000000000000000000e+00 4.086878549367340963e-01 0.000000000000000000e+00 2.547745225477452413e-01 0.000000000000000000e+00 0.000000000000000000e+00 0.000000000000000000e+00
0.000000000000000000e+00 2.711288711288711295e-01 2.018746916625555055e-01 0.000000000000000000e+00 4.096728307254622892e-01 0.000000000000000000e+00 5.329484371889309235e-01 4.942857142857142727e-01 1.722516755026508029e-01 1.974723538704581394e-01
0.000000000000000000e+00 0.000000000000000000e+00 0.000000000000000000e+00 0.000000000000000000e+00 4.167505536541171729e-01 0.000000000000000000e+00 2.583589641829546757e-01 0.000000000000000000e+00 0.000000000000000000e+00 0.000000000000000000e+00
0.000000000000000000e+00 0.000000000000000000e+00 0.000000000000000000e+00 0.000000000000000000e+00 4.121418553396112849e-01 0.000000000000000000e+00 2.512305571962984985e-01 0.000000000000000000e+00 0.000000000000000000e+00 0.000000000000000000e+00
0.000000000000000000e+00 0.000000000000000000e+00 0.000000000000000000e+00 0.000000000000000000e+00 4.224164524421593625e-01 0.000000000000000000e+00 2.565022421524663643e-01 0.000000000000000000e+00 0.000000000000000000e+00 0.000000000000000000e+00
4.874508618082854516e-01 2.638511814982403281e-01 7.891411648568608106e-01 6.075274128222858394e-01 6.854975546461722358e-01 3.841978287092883138e-01 5.359490141406094699e-01 4.886295029180921512e-01 1.726315789473684137e-01 4.236414121380404629e-01
1.010348638601426652e+00 2.523828435266084469e-01 7.812907758707217099e-01 6.124962749577828047e-01 6.591444270015698326e-01 4.058347487261464437e-01 5.380811078140455006e-01 5.111859037814294737e-01 4.820741340895280391e-01 3.986371379897785117e-01
1.000395178818415332e+00 9.950406665344178059e-01 9.983213192455810958e-01 9.850472993591700144e-01 9.884848484848485217e-01 9.964542599533988687e-01 1.011463934259916764e+00 9.898203592814370788e-01 9.864108713029576814e-01 1.001477395843592966e+00
9.893842887473460745e-01 2.605689450809956509e-01 7.880761013327907127e-01 5.964202649408433254e-01 6.840487756518290885e-01 3.895191245858849460e-01 5.255678975282698229e-01 5.109928722015861791e-01 4.817474566128067126e-01 3.922418036821896381e-01
1.004210948466011555e+00 2.601690701143709594e-01 7.762933199397288320e-01 6.245011971268954465e-01 6.735887096774193505e-01 4.067660894805325000e-01 5.321064212842568919e-01 5.101294594327502319e-01 4.670171609959329340e-01 4.193100713719270511e-01
0.000000000000000000e+00 0.000000000000000000e+00 0.000000000000000000e+00 0.000000000000000000e+00 3.997970573313038845e-01 0.000000000000000000e+00 2.519984012789768246e-01 0.000000000000000000e+00 0.000000000000000000e+00 0.000000000000000000e+00
1.007420778178900855e+00 2.610101010101010255e-01 7.783515392254219956e-01 6.168486426925773314e-01 6.848217861433720799e-01 4.132098268223922677e-01 5.295177106263758704e-01 4.907332796132151675e-01 4.724646403851940901e-01 4.093508578308417967e-01
9.966568736703474984e-01 2.714511664689600590e-01 7.905492971787458911e-01 6.144283676380680737e-01 6.696675191815856243e-01 4.058087130696044209e-01 5.355843105539830340e-01 5.046672688949112029e-01 4.683157583522223333e-01 4.073516119313045913e-01
0.000000000000000000e+00 2.723688201395207953e-01 2.011586096683979363e-01 0.000000000000000000e+00 4.028042063094641745e-01 0.000000000000000000e+00 5.197706006640506748e-01 5.057083291968629268e-01 1.651799138017440161e-01 1.852255825483391238e-01
0.000000000000000000e+00 0.000000000000000000e+00 0.000000000000000000e+00 0.000000000000000000e+00 3.991197359207762085e-01 0.000000000000000000e+00 2.508264048883101505e-01 0.000000000000000000e+00 0.000000000000000000e+00 0.000000000000000000e+00
9.852852247530740071e-01 2.482813589718043112e-01 7.974129353233830875e-01 6.227186596190286139e-01 6.631315657828914523e-01 4.023151909017059213e-01 5.480028030833917763e-01 4.951270973575806478e-01 4.794561631510546595e-01 4.143608053158782112e-01
9.906875371507826156e-01 2.510899722552517033e-01 7.667788556721440996e-01 6.133518776077886425e-01 6.799156880457692953e-01 4.217430189804233231e-01 5.276011706529417644e-01 5.045500505561172355e-01 4.939433376714386092e-01 4.052130325814536360e-01
0.000000000000000000e+00 0.000000000000000000e+00 0.000000000000000000e+00 0.000000000000000000e+00 3.996433524866256914e-01 0.000000000000000000e+00 2.532829287703939336e-01 0.000000000000000000e+00 0.000000000000000000e+00 0.000000000000000000e+00
9.906844876468205996e-01 2.655401327700663838e-01 7.794972893050764462e-01 6.152482269503546375e-01 9.967479674796747569e-01 3.953088666464462664e-01 5.380823020424589931e-01 7.413166397415186237e-01 6.859395532194481060e-01 6.805262629306015887e-01
0.000000000000000000e+00 0.000000000000000000e+00 0.000000000000000000e+00 0.000000000000000000e+00 4.084801433263660631e-01 0.000000000000000000e+00 2.640355204736062888e-01 0.000000000000000000e+00 0.000000000000000000e+00 0.000000000000000000e+00
0.000000000000000000e+00 2.733184312131680671e-01 2.265339292970337259e-01 3.830344549667539789e-01 0.000000000000000000e+00 2.511429442243218735e-01 0.000000000000000000e+00 0.000000000000000000e+00 0.000000000000000000e+00 0.000000000000000000e+00
0.000000000000000000e+00 0.000000000000000000e+00 0.000000000000000000e+00 0.000000000000000000e+00 4.089914461905709286e-01 0.000000000000000000e+00 2.481022772672792642e-01 0.000000000000000000e+00 0.000000000000000000e+00 0.000000000000000000e+00
0.000000000000000000e+00 0.000000000000000000e+00 0.000000000000000000e+00 0.000000000000000000e+00 3.930868167202572483e-01 0.000000000000000000e+00 2.467598734564751539e-01 0.000000000000000000e+00 0.000000000000000000e+00 0.000000000000000000e+00
1.016183816183816147e+00 2.741015116628290893e-01 7.613293051359516506e-01 6.184618461846184134e-01 6.889087478899811323e-01 3.784496753246753276e-01 5.308229577892499274e-01 5.159255113462908326e-01 4.701740661060043180e-01 4.257345491388044856e-01
1.003201921152691689e+00 2.564359410998697797e-01 7.867536377320621943e-01 6.063294883170660121e-01 6.804703990350788878e-01 3.946869070208728902e-01 5.474335929698421754e-01 5.036812909732728549e-01 4.579953940122158951e-01 4.223468083013671714e-01
0.000000000000000000e+00 0.000000000000000000e+00 0.000000000000000000e+00 0.000000000000000000e+00 4.025444786800516650e-01 0.000000000000000000e+00 2.511184014315538393e-01 0.000000000000000000e+00 0.000000000000000000e+00 0.000000000000000000e+00
0.000000000000000000e+00 0.000000000000000000e+00 0.000000000000000000e+00 0.000000000000000000e+00 4.060954687657685191e-01 0.000000000000000000e+00 2.669184139918513443e-01 0.000000000000000000e+00 0.000000000000000000e+00 0.000000000000000000e+00
0.000000000000000000e+00 0.000000000000000000e+00 0.000000000000000000e+00 0.000000000000000000e+00 4.128055640789608516e-01 0.000000000000000000e+00 2.560745809778835480e-01 0.000000000000000000e+00 0.000000000000000000e+00 0.000000000000000000e+00
0.000000000000000000e+00 2.787721227877212327e-01 2.291793313069908911e-01 3.840379296720664026e-01 0.000000000000000000e+00 2.474413004214328637e-01 0.000000000000000000e+00 0.000000000000000000e+00 0.000000000000000000e+00 0.000000000000000000e+00
0.000000000000000000e+00 0.000000000000000000e+00 0.000000000000000000e+00 0.000000000000000000e+00 4.047217537942664478e-01 0.000000000000000000e+00 2.471978188427749190e-01 0.000000000000000000e+00 0.000000000000000000e+00 0.000000000000000000e+00
0.000000000000000000e+00 0.000000000000000000e+00 0.000000000000000000e+00 0.000000000000000000e+00 4.081070444706808575e-01 0.000000000000000000e+00 2.541313986295848371e-01 0.000000000000000000e+00 0.000000000000000000e+00 0.000000000000000000e+00
0.000000000000000000e+00 2.649848637739656843e-01 2.008656305331497083e-01 0.000000000000000000e+00 4.040607096190572123e-01 0.000000000000000000e+00 5.382139983909894898e-01 5.128612573244611950e-01 1.699082938627431150e-01 1.899174704186138984e-01
0.000000000000000000e+00 0.000000000000000000e+00 0.000000000000000000e+00 0.000000000000000000e+00 3.844995482381287077e-01 0.000000000000000000e+00 2.483414199425685587e-01 0.000000000000000000e+00 0.000000000000000000e+00 0.000000000000000000e+00
9.934097130690459077e-01 2.697646348823174445e-01 7.864231838030965038e-01 5.977218225419663744e-01 6.696732812186810824e-01 4.043408360128617485e-01 5.403354632587858974e-01 4.963563584111669869e-01 4.746511394438309162e-01 3.943492636008416041e-01
1.003686360466274685e+00 1.009702910873262027e+00 1.010545165141265356e+00 1.002089760175141731e+00 1.004863523573201078e+00 1.003446178795864618e+00 9.864580198615708895e-01 9.866720516962843579e-01 1.001096381939599267e+00 9.963738920225624351e-01
0.000000000000000000e+00 2.964571203000098687e-01 2.172504555578052277e-01 3.963762214983713172e-01 0.000000000000000000e+00 2.473248536240662265e-01 0.000000000000000000e+00 0.000000000000000000e+00 0.000000000000000000e+00 0.000000000000000000e+00
0.000000000000000000e+00 0.000000000000000000e+00 0.000000000000000000e+00 0.000000000000000000e+00 3.947969417138317838e-01 0.000000000000000000e+00 2.399283795881826387e-01 0.000000000000000000e+00 0.000000000000000000e+00 0.000000000000000000e+00
0.000000000000000000e+00 0.000000000000000000e+00 0.000000000000000000e+00 0.000000000000000000e+00 4.115936215023568434e-01 0.000000000000000000e+00 2.536861240153504560e-01 0.000000000000000000e+00 0.000000000000000000e+00 0.000000000000000000e+00
0.000000000000000000e+00 0.000000000000000000e+00 0.000000000000000000e+00 0.000000000000000000e+00 4.007475900059020435e-01 0.000000000000000000e+00 2.529714738510301375e-01 0.000000000000000000e+00 0.000000000000000000e+00 0.000000000000000000e+00
9.980661577608141988e-01 2.640937563144069578e-01 7.961758328405282858e-01 6.092023307213180194e-01 6.793809286070893183e-01 4.040180813661476411e-01 5.282981660422007009e-01 5.027574451017747803e-01 4.643645854246135074e-01 4.244611528822055391e-01
1.009394888372562971e+00 1.005852593988691535e+00 9.952289107704801463e-01 1.007954888732252474e+00 9.779655900996075957e-01 1.004513993379476444e+00 9.994032225979709860e-01 1.008892481810832686e+00 9.970035956851778236e-01 9.893893893893893621e-01
1.001999200319872108e+00 9.991998399679935527e-01 1.014109521460286212e+00 1.008514474606831524e+00 9.995991180597314507e-01 9.880799921190031032e-01 9.981843857171676104e-01 9.913078633515262084e-01 1.008935663224781676e+00 9.965101206501146835e-01
4.836994683518908711e-01 2.582982473318319872e-01 7.880012119987880315e-01 6.179006839131727657e-01 6.817642405063291111e-01 3.933545563072025630e-01 5.207607288658767652e-01 5.119508082911832236e-01 1.732965734541157821e-01 4.136382196815026613e-01
0.000000000000000000e+00 2.746789727126806024e-01 2.200141944641589853e-01 3.812357433303580345e-01 0.000000000000000000e+00 2.539137460862538886e-01 0.000000000000000000e+00 0.000000000000000000e+00 0.000000000000000000e+00 0.000000000000000000e+00
0.000000000000000000e+00 0.000000000000000000e+00 0.000000000000000000e+00 0.000000000000000000e+00 4.024365887757139770e-01 0.000000000000000000e+00 2.469533689193272319e-01 0.000000000000000000e+00 0.000000000000000000e+00 0.000000000000000000e+00
0.000000000000000000e+00 0.000000000000000000e+00 0.000000000000000000e+00 0.000000000000000000e+00 0.000000000000000000e+00 0.000000000000000000e+00 2.853971137349883835e-01 3.286264441591784102e-01 0.000000000000000000e+00 0.000000000000000000e+00
0.000000000000000000e+00 0.000000000000000000e+00 0.000000000000000000e+00 0.000000000000000000e+00 0.000000000000000000e+00 0.000000000000000000e+00 3.005791695297928556e-01 3.410759175465057913e-01 0.000000000000000000e+00 0.000000000000000000e+00
9.911855006437555460e-01 2.754930135764542820e-01 7.859945668578327549e-01 6.179494858740142149e-01 6.808638874937217311e-01 3.953118792212951815e-01 5.250949810037992549e-01 5.201195219123505575e-01 4.735687213245561300e-01 4.134044480225420037e-01
0.000000000000000000e+00 0.000000000000000000e+00 0.000000000000000000e+00 0.000000000000000000e+00 4.061722249875560076e-01 0.000000000000000000e+00 2.421774113439952303e-01 0.000000000000000000e+00 0.000000000000000000e+00 0.000000000000000000e+00
0.000000000000000000e+00 0.000000000000000000e+00 0.000000000000000000e+00 0.000000000000000000e+00 4.123132457635615977e-01 0.000000000000000000e+00 2.420602605863192147e-01 0.000000000000000000e+00 0.000000000000000000e+00 0.000000000000000000e+00
1.005091344713986201e+00 2.640032948929159629e-01 7.747480735032602484e-01 6.083374203040706751e-01 6.934313822915632031e-01 3.991533111581493931e-01 5.362434921906287233e-01 5.064909127221889351e-01 4.645382905637502335e-01 4.116879204739431475e-01
0.000000000000000000e+00 0.000000000000000000e+00 0.000000000000000000e+00 0.000000000000000000e+00 4.145927036481759087e-01 0.000000000000000000e+00 2.542623435498176931e-01 0.000000000000000000e+00 0.000000000000000000e+00 0.000000000000000000e+00
0.000000000000000000e+00 2.575500847204226229e-01 2.098839535814325807e-01 0.000000000000000000e+00 4.052854549122453243e-01 0.000000000000000000e+00 5.327232942112591907e-01 5.120753582523298597e-01 1.658714851284133485e-01 1.845593443286451529e-01
0.000000000000000000e+00 0.000000000000000000e+00 2.357811729916214905e-01 0.000000000000000000e+00 2.673893405600722417e-01 0.000000000000000000e+00 0.000000000000000000e+00 0.000000000000000000e+00 0.000000000000000000e+00 2.162055725115683835e-01
0.000000000000000000e+00 0.000000000000000000e+00 0.000000000000000000e+00 0.000000000000000000e+00 4.066222491419341778e-01 0.000000000000000000e+00 2.477347406153539711e-01 0.000000000000000000e+00 0.000000000000000000e+00 0.000000000000000000e+00
0.000000000000000000e+00 0.000000000000000000e+00 0.000000000000000000e+00 0.000000000000000000e+00 0.000000000000000000e+00 0.000000000000000000e+00 2.845683345031585487e-01 3.397972241362338663e-01 0.000000000000000000e+00 0.000000000000000000e+00
0.000000000000000000e+00 0.000000000000000000e+00 0.000000000000000000e+00 0.000000000000000000e+00 4.073323880899331617e-01 0.000000000000000000e+00 2.648993422363962735e-01 0.000000000000000000e+00 0.000000000000000000e+00 0.000000000000000000e+00
0.000000000000000000e+00 0.000000000000000000e+00 0.000000000000000000e+00 0.000000000000000000e+00 3.939906476967465765e-01 0.000000000000000000e+00 2.582400967644390422e-01 0.000000000000000000e+00 0.000000000000000000e+00 0.000000000000000000e+00
0.000000000000000000e+00 0.000000000000000000e+00 0.000000000000000000e+00 0.000000000000000000e+00 4.106554923675546087e-01 0.000000000000000000e+00 2.417056889508817363e-01 0.000000000000000000e+00 0.000000000000000000e+00 0.000000000000000000e+00
0.000000000000000000e+00 0.000000000000000000e+00 0.000000000000000000e+00 0.000000000000000000e+00 3.871794871794871917e-01 0.000000000000000000e+00 2.532544378698224907e-01 0.000000000000000000e+00 0.000000000000000000e+00 0.000000000000000000e+00
0.000000000000000000e+00 2.640224358974359031e-01 1.936450839328537066e-01 0.000000000000000000e+00 3.997175141242937935e-01 0.000000000000000000e+00 5.385537355173791729e-01 4.964908762783236673e-01 1.717384754444109540e-01 1.921651137160605149e-01
0.000000000000000000e+00 0.000000000000000000e+00 0.000000000000000000e+00 0.000000000000000000e+00 3.918074756784434287e-01 0.000000000000000000e+00 2.531798909751665771e-01 0.000000000000000000e+00 0.000000000000000000e+00 0.000000000000000000e+00
0.000000000000000000e+00 2.899642998809995875e-01 2.116027133745064237e-01 3.909560985501368546e-01 0.000000000000000000e+00 2.392497256310485987e-01 0.000000000000000000e+00 0.000000000000000000e+00 0.000000000000000000e+00 0.000000000000000000e+00
0.000000000000000000e+00 0.000000000000000000e+00 0.000000000000000000e+00 0.000000000000000000e+00 3.973298794460496386e-01 0.000000000000000000e+00 2.435416877722621776e-01 0.000000000000000000e+00 0.000000000000000000e+00 0.000000000000000000e+00
0.000000000000000000e+00 0.000000000000000000e+00 0.000000000000000000e+00 0.000000000000000000e+00 0.000000000000000000e+00 0.000000000000000000e+00 2.760699216395419153e-01 3.229923424307873381e-01 0.000000000000000000e+00 0.000000000000000000e+00
0.000000000000000000e+00 0.000000000000000000e+00 0.000000000000000000e+00 0.000000000000000000e+00 0.000000000000000000e+00 0.000000000000000000e+00 2.759034938432275430e-01 3.301696284329563857e-01 0.000000000000000000e+00 0.000000000000000000e+00
0.000000000000000000e+00 0.000000000000000000e+00 0.000000000000000000e+00 0.000000000000000000e+00 4.006356142615949967e-01 0.000000000000000000e+00 2.514205961519290211e-01 0.000000000000000000e+00 0.000000000000000000e+00 0.000000000000000000e+00
0.000000000000000000e+00 0.000000000000000000e+00 0.000000000000000000e+00 0.000000000000000000e+00 4.026495383380168658e-01 0.000000000000000000e+00 2.590704059619532984e-01 0.000000000000000000e+00 0.000000000000000000e+00 0.000000000000000000e+00
0.000000000000000000e+00 0.000000000000000000e+00 2.394966511061497882e-01 0.000000000000000000e+00 2.749629629629629646e-01 0.000000000000000000e+00 0.000000000000000000e+00 0.000000000000000000e+00 0.000000000000000000e+00 2.221547185095180121e-01
0.000000000000000000e+00 0.000000000000000000e+00 0.000000000000000000e+00 0.000000000000000000e+00 3.847619047619047494e-01 0.000000000000000000e+00 2.370004933399111891e-01 0.000000000000000000e+00 0.000000000000000000e+00 0.000000000000000000e+00
0.000000000000000000e+00 0.000000000000000000e+00 0.000000000000000000e+00 0.000000000000000000e+00 0.000000000000000000e+00 0.000000000000000000e+00 2.858839833696297794e-01 3.346971360143698448e-01 0.000000000000000000e+00 0.000000000000000000e+00
0.000000000000000000e+00 2.518459389343444266e-01 2.075263421976919209e-01 0.000000000000000000e+00 4.025220176140912876e-01 0.000000000000000000e+00 5.355421686746988374e-01 5.091197462331482626e-01 1.619304018346794383e-01 1.918951132300357465e-01
0.000000000000000000e+00 0.000000000000000000e+00 0.000000000000000000e+00 0.000000000000000000e+00 3.939181754526357992e-01 0.000000000000000000e+00 2.490071485305798138e-01 0.000000000000000000e+00 0.000000000000000000e+00 0.000000000000000000e+00
0.000000000000000000e+00 0.000000000000000000e+00 2.512116316639741442e-01 0.000000000000000000e+00 2.798757888410297601e-01 0.000000000000000000e+00 0.000000000000000000e+00 0.000000000000000000e+00 0.000000000000000000e+00 2.273948075201432384e-01
0.000000000000000000e+00 0.000000000000000000e+00 0.000000000000000000e+00 0.000000000000000000e+00 3.985521817816207735e-01 0.000000000000000000e+00 2.522237596362917333e-01 0.000000000000000000e+00 0.000000000000000000e+00 0.000000000000000000e+00
1.002423752777216626e+00 2.687612567540524355e-01 7.804634438673592189e-01 6.158086425829314425e-01 6.701392367023940588e-01 4.027597240275972434e-01 5.420711974110032916e-01 5.061740590733971867e-01 4.833349915431300325e-01 4.111828825191763959e-01
0.000000000000000000e+00 0.000000000000000000e+00 0.000000000000000000e+00 0.000000000000000000e+00 3.955955955955955949e-01 0.000000000000000000e+00 2.617822181854879138e-01 0.000000000000000000e+00 0.000000000000000000e+00 0.000000000000000000e+00
4.783751010509296742e-01 2.636033857315598361e-01 8.007246376811594235e-01 5.989877939863054168e-01 6.677524429967426345e-01 3.979813971897882552e-01 5.330146399760979925e-01 5.081472540736270416e-01 1.642164216421642120e-01 4.220363994097393046e-01
0.000000000000000000e+00 0.000000000000000000e+00 0.000000000000000000e+00 0.000000000000000000e+00 3.881559069392688244e-01 0.000000000000000000e+00 2.456699183754728344e-01 0.000000000000000000e+00 0.000000000000000000e+00 0.000000000000000000e+00
0.000000000000000000e+00 0.000000000000000000e+00 0.000000000000000000e+00 0.000000000000000000e+00 3.985117007735239358e-01 0.000000000000000000e+00 2.466925295931562678e-01 0.000000000000000000e+00 0.000000000000000000e+00 0.000000000000000000e+00
0.000000000000000000e+00 0.000000000000000000e+00 0.000000000000000000e+00 0.000000000000000000e+00 4.125551544324107534e-01 0.000000000000000000e+00 2.479075328816261470e-01 0.000000000000000000e+00 0.000000000000000000e+00 0.000000000000000000e+00
0.000000000000000000e+00 0.000000000000000000e+00 0.000000000000000000e+00 0.000000000000000000e+00 3.907977293098297000e-01 0.000000000000000000e+00 2.607823470411233524e-01 0.000000000000000000e+00 0.000000000000000000e+00 0.000000000000000000e+00
0.000000000000000000e+00 0.000000000000000000e+00 0.000000000000000000e+00 0.000000000000000000e+00 3.930881164106709846e-01 0.000000000000000000e+00 2.485997838262749282e-01 0.000000000000000000e+00 0.000000000000000000e+00 0.000000000000000000e+00
0.000000000000000000e+00 0.000000000000000000e+00 0.000000000000000000e+00 0.000000000000000000e+00 4.028417050230138075e-01 0.000000000000000000e+00 2.557977505723101341e-01 0.000000000000000000e+00 0.000000000000000000e+00 0.000000000000000000e+00
9.791146197661636519e-01 2.629757785467127795e-01 7.761462391369493563e-01 6.207035581090616372e-01 6.791620727673649549e-01 3.921802123647911142e-01 5.484259073591337685e-01 5.036130068245684432e-01 4.803110357890539306e-01 4.214536340852130247e-01
0.000000000000000000e+00 0.000000000000000000e+00 0.000000000000000000e+00 0.000000000000000000e+00 4.164477672257021479e-01 0.000000000000000000e+00 2.658087865688147367e-01 0.000000000000000000e+00 0.000000000000000000e+00 0.000000000000000000e+00
0.000000000000000000e+00 0.000000000000000000e+00 0.000000000000000000e+00 0.000000000000000000e+00 4.147095179233621920e-01 0.000000000000000000e+00 2.559194948697711136e-01 0.000000000000000000e+00 0.000000000000000000e+00 0.000000000000000000e+00
