Chromosome	Position	Change	Gene	sample0	sample1	sample2	sample3	sample4
1	0	T>A	1	0	0	20	0	0
1	1	A>C	1	0	0	16	0	0
1	2	C>A	1	0	0	0	0	0
1	3	A>G	1	17	12	8	27	49
1	4	T>C	1	42	28	11	35	36
1	5	A>C	1	16	12	11	27	40
1	6	C>T	1	15	12	9	31	32
1	7	T>C	1	17	0	10	0	0
1	8	A>C	1	0	0	0	0	0
1	9	A>G	1	0	0	15	0	0
1	10	G>A	1	0	0	0	0	13
1	11	C>T	1	23	0	14	0	0
1	12	A>T	1	0	0	0	0	0
1	13	G>A	1	17	12	14	33	31
1	14	T>A	1	10	15	14	22	42
1	15	A>G	1	19	13	0	0	0
1	16	A>C	1	18	9	12	36	57
1	17	G>T	1	15	0	41	0	0
1	18	A>G	1	19	0	18	0	0
1	19	G>A	1	17	10	15	25	37
1	20	C>T	1	33	30	13	36	37
1	21	A>C	1	0	15	0	21	0
1	22	G>C	1	0	0	0	0	0
1	23	A>G	1	14	0	41	0	0
1	24	G>A	1	23	0	37	0	0
1	25	C>T	1	0	0	0	19	0
1	26	T>A	1	0	9	0	0	11
1	27	T>A	1	25	27	13	19	32
1	28	T>A	1	18	0	46	0	0
1	29	C>T	1	15	13	6	13	13
1	30	C>G	1	33	34	19	29	40
1	31	A>T	1	0	0	0	0	0
1	32	C>T	1	34	35	15	23	31
1	33	C>G	1	0	0	35	0	0
1	34	C>T	1	20	0	20	0	0
1	35	T>G	1	13	13	10	33	33
1	36	C>A	1	0	17	0	0	13
1	37	C>A	1	0	0	16	0	0
1	38	C>T	1	0	25	0	30	0
1	39	A>C	1	13	11	9	35	37
1	40	G>T	1	21	9	13	30	33
1	41	G>C	1	16	12	13	31	36
1	42	G>C	1	19	12	11	25	36
1	43	C>G	1	0	0	22	0	0
1	44	T>G	1	13	0	0	0	13
1	45	T>C	1	18	11	10	28	29
1	46	C>T	1	0	0	0	0	0
1	47	T>G	1	18	22	15	19	34
1	48	G>A	1	18	12	17	29	41
1	49	G>T	1	23	0	21	0	0
1	50	G>C	1	0	18	0	17	0
1	51	T>C	1	0	25	0	24	0
1	52	A>T	1	0	0	18	0	0
1	53	A>C	1	17	16	14	32	27
1	54	T>A	1	0	20	0	0	13
1	55	T>G	1	18	3	13	26	31
1	56	G>T	1	0	33	0	0	16
1	57	G>A	1	23	0	18	0	0
1	58	T>C	1	0	0	0	0	0
1	59	T>G	1	0	21	0	0	15
1	60	G>A	1	42	33	43	25	47
1	61	A>G	1	16	0	36	0	0
1	62	T>G	1	0	21	0	25	0
1	63	T>C	1	11	16	14	29	35
1	64	A>G	1	0	0	0	20	14
1	65	A>G	1	0	0	0	0	0
1	66	A>G	1	24	16	17	35	43
1	67	T>G	1	21	0	42	0	0
1	68	G>C	1	15	18	9	35	30
1	69	A>C	1	0	17	0	0	16
1	70	A>G	1	0	0	0	0	0
1	71	G>A	1	0	0	0	0	0
1	72	A>T	1	0	15	0	0	11
1	73	T>A	1	0	23	0	11	0
1	74	A>T	1	0	0	0	0	0
1	75	G>T	1	60	57	44	22	39
1	76	A>C	1	0	21	0	0	8
1	77	A>T	1	0	0	11	0	0
1	78	T>G	1	0	0	0	16	9
1	79	C>G	1	0	14	0	20	0
1	80	T>C	1	19	0	0	0	16
1	81	G>C	1	14	20	0	0	0
1	82	T>A	1	15	14	11	28	38
1	83	A>C	1	13	19	0	0	0
1	84	A>G	1	16	0	18	0	0
1	85	C>G	1	0	0	16	0	0
1	86	G>C	1	11	9	12	30	27
1	87	G>C	1	27	9	8	30	35
1	88	T>A	1	15	0	12	0	0
1	89	A>C	1	0	0	0	0	0
1	90	C>G	1	14	10	25	43	31
1	91	T>G	1	21	10	9	24	47
1	92	G>A	1	14	14	15	42	30
1	93	G>T	1	13	10	12	38	29
1	94	A>C	1	51	41	36	30	37
1	95	T>G	1	21	15	16	24	30
1	96	C>T	1	0	0	18	0	0
1	97	C>T	1	0	0	0	22	0
1	98	T>A	1	0	0	0	0	0
1	99	G>T	1	0	0	0	0	0
1	100	T>C	1	0	0	0	0	0
1	101	G>A	1	31	32	12	39	41
1	102	C>T	1	0	0	33	0	0
1	103	T>C	1	0	0	0	21	9
1	104	G>A	1	0	0	0	17	15
1	105	G>A	1	14	11	10	30	49
1	106	C>A	1	13	12	18	42	38
1	107	T>G	1	15	0	17	0	0
1	108	T>C	1	22	0	18	0	0
1	109	C>T	1	38	24	13	21	39
1	110	C>A	1	18	11	13	41	50
1	111	G>C	1	20	0	40	0	0
1	112	G>A	1	0	0	0	17	7
1	113	A>G	1	0	0	17	0	0
1	114	C>T	1	0	0	0	15	14
1	115	T>C	1	10	11	14	29	37
1	116	T>C	1	0	0	0	0	13
1	117	G>A	1	25	21	19	31	31
1	118	C>A	1	0	0	0	0	0
1	119	T>A	1	0	0	0	0	0
1	120	C>A	1	0	21	0	0	20
1	121	T>A	1	0	25	0	0	9
1	122	A>G	1	26	13	17	33	41
1	123	T>C	1	0	0	20	0	0
1	124	T>C	1	0	20	0	0	14
1	125	G>T	1	0	17	0	0	15
1	126	A>C	1	0	0	0	25	0
1	127	T>G	1	0	0	0	0	0
1	128	G>C	1	21	0	7	0	0
1	129	G>T	1	0	0	0	0	0
1	130	A>T	1	0	0	0	0	0
1	131	A>T	1	0	0	0	0	0
1	132	A>C	1	19	16	10	32	38
1	133	T>A	1	0	0	0	0	0
1	134	A>G	1	0	0	0	0	0
1	135	G>A	1	12	17	7	38	26
1	136	A>T	1	15	13	15	32	41
1	137	C>A	1	20	0	22	0	0
1	138	C>T	1	27	12	11	41	37
1	139	G>A	1	0	0	17	0	0
1	140	G>T	1	17	9	14	31	36
1	141	T>A	1	0	0	14	0	0
1	142	C>G	1	34	29	16	29	41
1	143	G>A	1	0	24	0	0	14
1	144	G>A	1	19	11	18	26	27
1	145	G>T	1	0	0	0	18	8
1	146	C>A	1	13	0	43	0	0
1	147	A>T	1	0	0	26	0	0
1	148	G>C	1	15	0	39	0	0
1	149	A>G	1	0	23	0	0	11
1	150	T>C	1	0	22	0	19	0
1	151	T>A	1	17	10	12	19	36
1	152	C>T	1	12	11	8	31	37
1	153	T>C	1	15	7	17	23	29
1	154	T>A	1	9	10	10	35	34
1	155	A>G	1	24	0	15	0	0
1	156	T>C	1	0	0	0	0	0
1	157	C>A	1	0	0	0	24	0
1	158	G>C	1	0	0	19	0	0
1	159	G>C	1	0	0	0	0	0
1	160	A>T	1	0	0	0	0	0
1	161	T>C	1	17	11	7	28	34
1	162	C>G	1	13	0	39	0	0
1	163	G>C	1	0	0	0	11	11
1	164	A>T	1	0	17	0	0	16
1	165	G>A	1	16	10	13	36	42
1	166	C>G	1	0	20	0	24	0
1	167	T>A	1	0	0	25	0	0
1	168	T>G	1	0	0	0	0	0
1	169	T>G	1	0	22	0	19	0
1	170	T>C	1	0	0	0	0	0
1	171	C>G	1	0	0	15	0	0
1	172	C>G	1	43	32	19	27	47
1	173	T>C	1	22	0	0	0	11
1	174	T>G	1	16	16	10	29	38
1	175	C>T	1	40	29	13	28	34
1	176	A>T	1	16	0	13	0	0
1	177	A>G	1	0	0	0	0	0
1	178	C>G	1	17	0	45	0	0
1	179	C>G	1	36	41	20	35	43
1	180	A>C	1	0	0	0	0	0
1	181	A>T	1	29	29	15	31	26
1	182	C>A	1	14	12	15	34	28
1	183	C>T	1	13	17	10	34	40
1	184	T>C	1	17	0	20	0	0
1	185	A>C	1	0	0	0	25	13
1	186	A>C	1	0	22	0	0	14
1	187	T>G	1	0	0	0	0	0
1	188	C>G	1	13	8	17	38	45
1	189	A>C	1	15	0	36	0	0
1	190	T>A	1	0	24	0	22	0
1	191	A>T	1	20	18	16	32	38
1	192	G>C	1	21	0	19	0	0
1	193	T>C	1	21	0	17	0	0
1	194	T>G	1	0	0	24	0	0
1	195	C>A	1	18	16	13	27	31
1	196	G>T	1	0	0	0	0	0
1	197	A>G	1	0	0	0	21	12
1	198	T>G	1	34	24	17	32	30
1	199	A>C	1	20	16	13	27	48
1	200	T>A	1	14	10	9	27	35
1	201	C>G	1	0	0	0	21	7
1	202	A>C	1	14	15	14	32	26
1	203	G>A	1	0	0	26	0	0
1	204	C>G	1	24	0	14	0	0
1	205	G>T	1	0	0	0	0	0
1	206	T>G	1	32	0	15	0	0
1	207	A>G	1	0	0	0	0	0
1	208	G>A	1	0	0	0	0	0
1	209	A>G	1	0	0	0	0	0
1	210	C>A	1	21	0	33	0	0
1	211	G>C	1	0	0	27	0	0
1	212	C>T	1	25	0	18	0	0
1	213	T>A	1	0	28	0	0	18
1	214	G>A	1	13	14	16	25	33
1	215	A>C	1	13	8	8	36	38
1	216	G>T	1	16	11	16	38	32
1	217	G>C	1	0	0	16	0	0
1	218	T>C	1	0	0	21	0	0
1	219	T>C	1	18	9	10	37	42
1	220	A>C	1	0	18	0	0	11
1	221	C>G	1	0	21	0	0	13
1	222	C>T	1	0	0	0	0	0
1	223	G>T	1	0	23	0	23	0
1	224	A>T	1	0	0	0	0	0
1	225	A>G	1	0	0	0	12	0
1	226	T>A	1	0	0	0	0	14
1	227	A>G	1	0	0	0	20	0
1	228	C>A	1	21	0	12	0	0
1	229	T>A	1	0	0	12	0	0
1	230	A>T	1	26	16	25	36	37
1	231	G>C	1	16	0	11	0	0
1	232	A>T	1	0	0	0	19	9
1	233	T>C	1	0	0	0	0	0
1	234	A>T	1	0	20	0	21	0
1	235	C>G	1	0	0	0	0	0
1	236	A>C	1	0	0	0	0	0
1	237	T>C	1	17	13	14	22	30
1	238	C>T	1	49	28	45	34	56
1	239	A>C	1	9	15	9	26	41
1	240	A>G	1	45	56	53	23	49
1	241	A>T	1	0	0	0	24	0
1	242	C>A	1	41	42	57	42	68
1	243	A>G	1	0	18	0	26	0
1	244	A>T	1	42	20	47	30	52
1	245	C>G	1	20	0	30	0	0
1	246	C>T	1	12	16	10	37	38
1	247	A>G	1	0	0	14	0	0
1	248	T>A	1	0	0	0	0	0
1	249	G>T	1	0	18	0	0	11
1	250	T>G	1	37	34	16	34	28
1	251	T>G	1	0	0	0	0	0
1	252	A>T	1	23	0	33	0	0
1	253	T>G	1	0	25	0	21	0
1	254	T>A	1	29	31	17	21	42
1	255	C>A	1	14	7	22	20	38
1	256	G>C	1	25	15	14	26	36
1	257	G>T	1	0	0	0	0	0
1	258	T>G	1	17	9	16	14	6
1	259	A>G	1	0	0	0	0	0
1	260	T>A	1	21	0	49	0	0
1	261	C>A	1	0	0	0	8	10
1	262	C>A	1	0	0	0	0	0
1	263	C>T	1	0	0	0	0	0
1	264	A>C	1	0	22	0	21	0
1	265	T>A	1	0	0	0	19	0
1	266	C>G	1	23	0	12	0	0
1	267	C>T	1	0	0	19	0	0
1	268	C>G	1	0	0	0	0	0
1	269	A>G	1	0	0	0	0	0
1	270	A>C	1	0	0	0	0	0
1	271	G>A	1	0	0	0	17	0
1	272	G>T	1	14	19	13	28	26
1	273	T>G	1	16	12	13	27	32
1	274	A>C	1	14	0	24	0	0
1	275	A>T	1	25	15	11	27	38
1	276	A>T	1	0	0	22	0	0
1	277	A>T	1	17	16	11	40	26
1	278	A>G	1	20	22	0	0	0
1	279	C>T	1	39	26	15	42	41
1	280	A>T	1	22	0	21	0	0
1	281	C>T	1	23	14	10	28	40
1	282	T>G	1	19	0	37	0	0
1	283	A>T	1	0	0	0	0	0
1	284	C>A	1	0	0	17	0	0
1	285	G>C	1	0	0	9	0	0
1	286	C>A	1	0	0	0	0	0
1	287	T>G	1	39	45	63	31	41
1	288	G>A	1	0	0	0	0	0
1	289	A>C	1	0	0	20	0	0
1	290	T>A	1	0	0	0	0	0
1	291	G>C	1	0	19	0	0	19
1	292	T>C	1	16	12	15	36	30
1	293	G>A	1	0	0	23	0	0
1	294	G>A	1	18	13	14	38	44
1	295	C>T	1	0	0	0	25	0
1	296	A>G	1	0	0	0	10	13
1	297	G>A	1	0	0	44	0	0
1	298	C>A	1	19	7	13	21	43
1	299	T>G	1	13	0	16	0	0
