Chromosome	Position	Change	Gene	sample0	sample1	sample2	sample3	sample4
1	0	T>A	1	25	0	0	0	0
1	1	C>T	1	13	38	46	28	37
1	2	A>G	1	8	53	43	30	34
1	3	C>T	1	13	0	0	0	0
1	4	C>A	1	0	25	0	0	0
1	5	A>T	1	10	47	57	20	29
1	6	A>T	1	0	0	0	0	0
1	7	T>G	1	12	60	52	32	35
1	8	A>G	1	13	52	48	45	25
1	9	A>C	1	0	0	0	13	0
1	10	C>A	1	32	40	44	45	31
1	11	T>A	1	0	0	0	0	0
1	12	G>T	1	0	18	0	0	0
1	13	A>T	1	35	51	58	37	34
1	14	C>G	1	16	49	49	30	28
1	15	C>G	1	19	44	45	21	37
1	16	A>T	1	0	7	0	0	0
1	17	C>A	1	8	26	0	13	7
1	18	A>T	1	0	0	0	17	0
1	19	A>T	1	0	6	0	0	0
1	20	A>G	1	0	12	0	0	0
1	21	G>C	1	15	34	0	11	8
1	22	A>G	1	10	24	0	11	11
1	23	G>T	1	0	16	0	0	0
1	24	A>G	1	8	0	0	0	0
1	25	G>T	1	18	0	0	0	0
1	26	G>A	1	7	0	0	0	0
1	27	G>C	1	0	13	0	0	0
1	28	G>A	1	13	0	0	0	0
1	29	A>C	1	0	13	0	0	0
1	30	A>C	1	0	7	0	0	0
1	31	T>A	1	0	0	0	0	0
1	32	A>T	1	8	21	0	13	15
1	33	T>C	1	0	12	0	0	0
1	34	C>A	1	0	0	0	0	0
1	35	A>T	1	17	0	0	0	0
1	36	T>C	1	10	24	0	18	18
1	37	G>A	1	17	0	0	0	0
1	38	G>T	1	0	0	0	0	0
1	39	G>T	1	0	10	34	0	14
1	40	T>A	1	8	25	0	13	13
1	41	G>C	1	13	60	48	31	26
1	42	A>T	1	35	45	58	33	39
1	43	T>A	1	0	28	0	0	0
1	44	A>G	1	17	50	44	37	40
1	45	A>G	1	63	56	44	40	48
1	46	A>G	1	29	21	26	12	26
1	47	G>T	1	9	30	0	14	15
1	48	T>C	1	0	0	0	16	0
1	49	C>T	1	0	0	0	0	0
1	50	G>A	1	17	49	51	31	33
1	51	T>G	1	0	0	0	0	0
1	52	G>C	1	16	54	43	39	42
1	53	G>T	1	0	0	0	0	0
1	54	T>A	1	0	0	0	0	0
1	55	A>G	1	0	0	0	0	0
1	56	C>G	1	12	0	0	0	0
1	57	C>G	1	38	38	49	40	38
1	58	A>G	1	8	0	0	0	0
1	59	G>A	1	18	57	57	29	42
1	60	C>A	1	20	42	49	27	38
1	61	T>A	1	0	0	0	0	0
1	62	G>A	1	0	10	22	0	13
1	63	C>G	1	0	14	0	0	0
1	64	T>A	1	6	21	0	12	12
1	65	A>T	1	0	13	28	0	8
1	66	T>C	1	49	48	39	47	41
1	67	G>A	1	0	18	0	0	0
1	68	C>T	1	0	0	0	0	0
1	69	G>A	1	19	0	0	0	0
1	70	T>A	1	12	30	0	21	14
1	71	A>G	1	7	29	0	16	16
1	72	T>C	1	0	8	0	0	0
1	73	A>G	1	8	27	0	13	15
1	74	T>C	1	22	35	53	29	37
1	75	G>C	1	19	50	49	26	36
1	76	T>G	1	8	25	0	15	13
1	77	A>G	1	0	0	0	14	0
1	78	C>G	1	0	12	0	0	0
1	79	A>G	1	27	33	34	35	35
1	80	G>T	1	9	0	0	0	0
1	81	A>T	1	12	24	0	13	9
1	82	T>A	1	0	0	0	22	0
1	83	T>C	1	0	0	0	0	0
1	84	A>T	1	34	36	47	26	33
1	85	G>A	1	5	23	0	13	16
1	86	C>A	1	0	0	0	0	0
1	87	G>A	1	34	41	55	31	31
1	88	A>C	1	26	38	56	39	35
1	89	A>C	1	0	0	0	0	0
1	90	A>C	1	35	34	42	32	33
1	91	A>G	1	0	0	0	0	0
1	92	T>C	1	0	15	0	0	0
1	93	T>A	1	0	0	0	0	0
1	94	A>G	1	0	0	0	0	0
1	95	C>T	1	30	43	50	32	41
1	96	C>G	1	13	28	0	17	17
1	97	C>T	1	28	40	42	33	36
1	98	G>A	1	16	0	0	0	0
1	99	A>G	1	21	35	61	28	32
1	100	C>G	1	19	0	0	0	0
1	101	C>T	1	0	0	0	0	0
1	102	A>G	1	0	0	0	0	0
1	103	C>G	1	10	26	0	11	18
1	104	C>T	1	10	26	0	19	16
1	105	G>T	1	0	8	0	0	0
1	106	T>G	1	33	47	58	40	36
1	107	G>A	1	0	37	0	0	0
1	108	A>T	1	18	43	50	34	32
1	109	T>C	1	11	22	0	20	10
1	110	G>T	1	16	30	0	15	14
1	111	T>G	1	11	0	0	0	0
1	112	C>G	1	32	36	51	23	38
1	113	A>C	1	9	0	0	0	0
1	114	T>C	1	8	0	0	0	0
1	115	A>G	1	0	12	0	0	0
1	116	A>C	1	0	9	0	0	0
1	117	C>A	1	14	0	0	0	0
1	118	G>C	1	34	36	33	22	38
1	119	G>T	1	4	25	0	11	14
1	120	T>C	1	9	22	0	9	13
1	121	T>A	1	10	0	0	0	0
1	122	T>C	1	11	20	0	20	9
1	123	C>G	1	14	40	53	35	32
1	124	T>A	1	31	43	40	29	32
1	125	T>G	1	0	9	0	0	0
1	126	G>A	1	15	0	0	0	0
1	127	C>A	1	0	9	0	0	0
1	128	A>G	1	0	9	0	0	0
1	129	T>G	1	4	25	0	15	26
1	130	A>T	1	9	0	0	0	0
1	131	C>T	1	24	0	0	0	0
1	132	T>A	1	31	44	47	28	39
1	133	A>G	1	14	33	0	13	12
1	134	C>T	1	13	30	0	12	18
1	135	G>A	1	11	25	0	20	9
1	136	C>A	1	0	0	0	0	0
1	137	A>C	1	16	0	0	0	0
1	138	G>C	1	32	23	17	21	24
1	139	C>T	1	9	0	0	0	0
1	140	T>C	1	12	55	33	32	26
1	141	G>A	1	0	0	0	0	0
1	142	A>G	1	26	39	38	46	31
1	143	C>T	1	17	48	52	35	25
1	144	T>G	1	0	0	0	0	0
1	145	A>C	1	0	12	0	0	0
1	146	T>C	1	0	0	0	0	0
1	147	T>A	1	8	58	58	38	37
1	148	T>C	1	0	0	0	3	0
1	149	A>T	1	7	26	0	12	16
1	150	T>C	1	18	52	62	29	31
1	151	C>T	1	11	25	0	10	12
1	152	A>C	1	6	26	0	19	15
1	153	A>G	1	8	0	0	0	0
1	154	G>C	1	25	64	62	31	31
1	155	C>G	1	10	28	0	12	13
1	156	T>G	1	0	0	0	19	0
1	157	T>C	1	19	49	57	24	41
1	158	T>A	1	19	0	0	0	0
1	159	A>C	1	14	0	0	0	13
1	160	C>A	1	16	0	0	0	0
1	161	G>C	1	5	0	0	0	0
1	162	C>T	1	13	55	51	28	26
1	163	G>A	1	8	0	0	0	0
1	164	A>G	1	10	47	47	33	37
1	165	T>A	1	9	0	0	0	0
1	166	G>C	1	0	0	0	0	0
1	167	A>C	1	0	14	0	0	0
1	168	A>G	1	0	0	0	0	0
1	169	A>G	1	0	22	0	0	0
1	170	G>A	1	12	48	41	21	26
1	171	G>C	1	0	0	0	7	0
1	172	C>A	1	0	0	0	0	0
1	173	C>G	1	0	0	0	0	0
1	174	A>C	1	0	5	24	0	19
1	175	C>A	1	15	0	0	0	0
1	176	T>A	1	11	0	0	0	0
1	177	T>C	1	15	0	0	0	0
1	178	G>A	1	31	32	51	31	38
1	179	A>G	1	28	29	48	29	29
1	180	T>C	1	9	29	0	10	7
1	181	A>C	1	11	34	0	14	14
1	182	C>A	1	16	48	47	39	32
1	183	T>A	1	0	0	0	0	0
1	184	G>T	1	31	36	56	48	28
1	185	A>G	1	26	31	58	28	30
1	186	A>C	1	0	0	0	0	0
1	187	C>A	1	9	43	52	32	22
1	188	T>C	1	21	60	49	31	47
1	189	G>C	1	5	32	0	14	11
1	190	G>T	1	10	28	0	19	13
1	191	G>T	1	6	30	0	14	17
1	192	C>T	1	10	28	0	21	20
1	193	C>T	1	0	0	0	11	0
1	194	C>T	1	14	51	59	27	28
1	195	T>A	1	5	26	0	16	12
1	196	G>A	1	0	0	0	0	0
1	197	C>T	1	28	38	58	37	47
1	198	T>G	1	21	0	0	0	0
1	199	A>G	1	0	7	0	0	0
1	200	G>C	1	28	37	58	40	39
1	201	C>G	1	0	0	0	0	0
1	202	C>A	1	0	8	0	0	0
1	203	T>A	1	8	0	0	0	0
1	204	T>C	1	15	22	0	11	9
1	205	T>C	1	26	32	46	40	40
1	206	G>A	1	16	0	0	0	0
1	207	C>G	1	11	13	0	17	10
1	208	C>T	1	16	0	0	0	0
1	209	G>C	1	18	0	0	0	0
1	210	G>C	1	0	11	27	0	5
1	211	A>G	1	20	48	37	29	41
1	212	G>A	1	32	31	51	38	32
1	213	C>G	1	11	48	58	32	32
1	214	C>A	1	18	53	55	31	32
1	215	T>A	1	0	0	0	0	0
1	216	G>A	1	13	21	0	24	19
1	217	T>C	1	10	21	0	14	17
1	218	T>C	1	10	0	0	0	0
1	219	C>G	1	0	0	0	0	0
1	220	G>A	1	0	0	0	12	0
1	221	C>A	1	0	0	0	0	0
1	222	C>A	1	11	30	0	14	18
1	223	C>G	1	10	24	0	13	9
1	224	A>T	1	0	19	0	0	0
1	225	G>A	1	8	30	0	24	15
1	226	G>T	1	7	21	0	15	12
1	227	G>C	1	20	0	0	0	0
1	228	T>C	1	10	25	0	8	10
1	229	G>C	1	13	52	50	26	42
1	230	A>T	1	10	19	0	9	13
1	231	T>C	1	35	40	55	42	35
1	232	C>A	1	0	11	0	0	0
1	233	C>G	1	0	10	0	0	0
1	234	A>C	1	17	55	51	37	33
1	235	A>C	1	14	54	46	29	35
1	236	G>C	1	19	54	49	37	34
1	237	T>C	1	48	55	57	40	47
1	238	T>G	1	5	0	0	0	14
1	239	T>G	1	7	25	0	20	13
1	240	C>T	1	7	0	0	0	0
1	241	A>T	1	0	0	0	16	0
1	242	C>T	1	10	0	0	0	0
1	243	G>A	1	12	0	0	0	0
1	244	T>A	1	13	36	52	27	43
1	245	G>A	1	0	0	0	0	0
1	246	T>C	1	47	47	53	50	49
1	247	G>C	1	35	37	54	35	46
1	248	C>T	1	0	0	0	0	0
1	249	G>T	1	0	10	0	0	0
1	250	A>C	1	16	32	0	10	13
1	251	A>C	1	0	0	0	0	0
1	252	C>A	1	34	37	38	40	46
1	253	A>T	1	17	27	0	14	11
1	254	A>G	1	0	7	0	0	0
1	255	T>G	1	53	48	46	54	50
1	256	G>T	1	0	0	0	0	0
1	257	C>G	1	16	0	0	0	0
1	258	A>G	1	0	0	0	13	0
1	259	T>C	1	8	27	0	17	14
1	260	T>C	1	16	48	43	25	29
1	261	T>G	1	10	28	0	19	24
1	262	C>G	1	0	0	0	0	0
1	263	T>G	1	6	0	0	0	0
1	264	A>G	1	12	0	0	0	0
1	265	T>C	1	13	26	0	14	13
1	266	A>T	1	16	47	51	27	46
1	267	A>T	1	16	35	51	25	31
1	268	C>T	1	10	0	0	0	0
1	269	T>C	1	0	0	0	0	0
1	270	T>G	1	24	40	41	36	43
1	271	C>G	1	14	26	0	18	14
1	272	A>G	1	18	0	0	0	0
1	273	T>G	1	0	0	0	0	0
1	274	C>G	1	0	0	0	17	0
1	275	T>G	1	7	0	0	0	0
1	276	G>C	1	9	0	0	0	0
1	277	G>C	1	12	24	0	21	18
1	278	T>G	1	17	55	51	31	33
1	279	C>A	1	12	18	0	13	11
1	280	T>C	1	10	0	0	0	0
1	281	A>T	1	7	26	0	14	15
1	282	T>G	1	0	29	0	0	0
1	283	T>A	1	0	16	0	0	0
1	284	T>C	1	18	34	34	25	27
1	285	C>T	1	15	0	0	0	0
1	286	A>C	1	40	50	45	28	24
1	287	G>A	1	3	0	0	0	0
1	288	C>G	1	0	12	0	0	0
1	289	T>G	1	13	26	0	12	18
1	290	G>C	1	39	49	47	46	38
1	291	A>T	1	0	0	0	0	0
1	292	T>C	1	15	45	45	28	39
1	293	T>G	1	10	0	0	0	0
1	294	T>C	1	17	48	57	22	32
1	295	A>T	1	16	44	41	31	36
1	296	T>C	1	16	47	55	36	32
1	297	G>T	1	26	41	58	34	29
1	298	A>G	1	9	25	0	18	17
1	299	T>C	1	0	10	0	0	0
