Chromosome	Position	Change	Gene	sample0	sample1	sample2	sample3	sample4
1	0	C>G	1	97	103	88	87	120
1	1	T>G	1	100	94	110	94	114
1	2	G>T	1	103	89	100	105	100
1	3	C>T	1	117	104	101	110	101
1	4	T>A	1	97	97	99	100	102
1	5	A>C	1	94	98	111	92	102
1	6	A>T	1	102	86	103	88	102
1	7	T>C	1	101	94	100	102	95
1	8	A>G	1	110	94	83	96	111
1	9	G>C	1	90	93	110	103	118
1	10	G>T	1	117	96	95	97	102
1	11	G>A	1	80	108	93	95	107
1	12	T>A	1	100	124	90	100	120
1	13	C>G	1	88	91	91	115	106
1	14	A>G	1	108	91	101	104	100
1	15	T>G	1	101	106	90	93	87
1	16	A>C	1	105	93	86	106	97
1	17	C>A	1	88	87	88	106	105
1	18	A>G	1	74	97	79	88	97
1	19	A>G	1	113	86	91	97	98
1	20	G>T	1	95	101	94	101	96
1	21	T>A	1	84	102	99	100	88
1	22	A>T	1	108	98	102	96	89
1	23	C>G	1	100	88	95	93	94
1	24	C>G	1	111	85	90	121	106
1	25	C>G	1	106	92	115	86	98
1	26	G>A	1	97	88	91	118	87
1	27	T>C	1	96	99	106	106	91
1	28	C>G	1	113	90	98	105	105
1	29	C>A	1	115	89	126	105	101
1	30	A>G	1	103	78	124	86	89
1	31	G>T	1	98	86	105	88	100
1	32	G>A	1	97	103	79	99	90
1	33	A>G	1	85	90	119	85	105
1	34	T>C	1	90	106	82	116	86
1	35	A>G	1	99	118	107	110	109
1	36	G>T	1	100	107	102	107	82
1	37	A>G	1	102	104	115	101	89
1	38	A>T	1	98	93	96	110	97
1	39	T>C	1	116	97	97	91	94
1	40	T>G	1	99	105	78	113	97
1	41	G>A	1	98	92	108	102	87
1	42	G>T	1	104	89	101	101	92
1	43	G>T	1	88	98	75	106	100
1	44	A>C	1	101	104	120	118	101
1	45	A>G	1	91	103	102	81	96
1	46	G>A	1	112	109	109	102	108
1	47	G>A	1	97	107	87	97	115
1	48	T>G	1	106	89	97	104	111
1	49	A>G	1	94	89	99	120	99
1	50	A>T	1	102	106	80	94	113
1	51	G>A	1	103	78	108	101	92
1	52	G>T	1	119	103	99	92	121
1	53	A>C	1	102	115	99	114	98
1	54	C>G	1	96	100	92	100	96
1	55	T>C	1	104	104	117	115	93
1	56	C>G	1	93	86	106	108	91
1	57	C>T	1	94	102	84	102	109
1	58	C>G	1	106	98	111	92	130
1	59	T>G	1	104	93	92	113	97
1	60	T>C	1	107	101	109	111	117
1	61	T>G	1	98	103	101	112	90
1	62	C>G	1	99	89	115	86	113
1	63	C>A	1	87	96	93	92	111
1	64	T>C	1	103	112	95	100	106
1	65	G>C	1	102	98	100	104	88
1	66	A>C	1	106	102	101	85	111
1	67	C>G	1	102	101	106	99	97
1	68	G>T	1	117	95	91	95	106
1	69	C>A	1	98	108	85	86	85
1	70	G>A	1	87	104	102	89	91
1	71	C>T	1	103	90	107	102	99
1	72	G>C	1	73	105	99	113	90
1	73	A>C	1	92	88	95	97	102
1	74	G>T	1	107	127	100	105	94
1	75	G>A	1	111	98	85	119	91
1	76	G>T	1	112	95	98	89	100
1	77	G>A	1	91	105	101	100	99
1	78	C>A	1	107	97	118	81	86
1	79	C>T	1	77	98	108	113	84
1	80	T>A	1	113	95	91	111	90
1	81	A>G	1	101	112	101	93	101
1	82	T>C	1	106	101	99	100	91
1	83	T>C	1	97	98	108	106	105
1	84	G>C	1	86	94	124	112	127
1	85	T>A	1	100	113	90	106	101
1	86	T>G	1	89	103	104	111	104
1	87	C>T	1	97	92	105	104	91
1	88	C>A	1	97	105	115	100	101
1	89	C>A	1	114	92	94	92	108
1	90	C>A	1	99	99	93	97	104
1	91	G>T	1	113	103	89	98	114
1	92	G>A	1	96	115	100	96	99
1	93	A>C	1	117	85	108	72	95
1	94	A>C	1	108	94	89	91	105
1	95	C>T	1	101	89	107	99	83
1	96	T>G	1	103	116	100	110	116
1	97	G>T	1	106	108	116	124	109
1	98	C>T	1	97	118	96	100	103
1	99	G>T	1	111	103	108	94	98
1	100	A>G	1	83	100	95	110	129
1	101	T>C	1	87	100	111	79	121
1	102	C>T	1	94	96	115	91	118
1	103	A>T	1	116	96	105	103	95
1	104	T>A	1	84	114	110	97	99
1	105	A>T	1	100	91	92	90	98
1	106	A>G	1	94	97	92	95	123
1	107	T>G	1	96	104	92	106	93
1	108	G>C	1	96	110	108	96	102
1	109	G>C	1	105	107	115	83	108
1	110	G>T	1	92	90	121	116	98
1	111	C>G	1	105	111	95	103	103
1	112	A>T	1	92	92	94	99	101
1	113	T>C	1	99	108	99	100	89
1	114	A>T	1	89	81	106	96	100
1	115	G>C	1	81	97	129	114	120
1	116	C>T	1	109	85	103	101	87
1	117	G>C	1	88	118	106	85	88
1	118	C>A	1	106	100	84	103	113
1	119	T>G	1	100	117	115	92	101
1	120	T>A	1	116	87	105	84	91
1	121	A>T	1	93	92	82	86	79
1	122	T>G	1	106	101	94	86	91
1	123	T>A	1	103	104	86	115	93
1	124	A>G	1	92	103	104	99	100
1	125	A>G	1	90	95	107	108	90
1	126	C>T	1	113	80	105	92	100
1	127	C>A	1	104	109	104	100	112
1	128	T>C	1	104	84	97	98	102
1	129	G>C	1	81	111	104	109	104
1	130	T>G	1	117	117	111	88	106
1	131	C>A	1	96	108	102	128	102
1	132	G>A	1	103	103	87	98	119
1	133	C>A	1	85	127	86	95	95
1	134	C>G	1	99	95	101	102	117
1	135	G>T	1	99	96	95	115	84
1	136	T>A	1	102	96	96	96	103
1	137	A>T	1	109	102	118	96	91
1	138	A>T	1	97	111	80	101	92
1	139	T>A	1	85	104	84	102	85
1	140	T>A	1	96	94	98	87	114
1	141	T>A	1	83	94	108	103	95
1	142	T>A	1	93	76	99	98	85
1	143	C>T	1	100	100	94	93	105
1	144	G>T	1	113	125	108	96	100
1	145	G>C	1	89	111	90	95	105
1	146	T>A	1	107	106	89	103	100
1	147	T>A	1	106	111	105	98	100
1	148	G>C	1	97	107	109	99	107
1	149	C>A	1	102	87	93	98	100
1	150	T>A	1	102	111	118	94	108
1	151	A>C	1	106	79	95	109	91
1	152	G>C	1	106	117	89	110	117
1	153	C>A	1	112	103	109	86	110
1	154	T>C	1	74	93	104	115	78
1	155	A>T	1	95	98	107	100	85
1	156	T>A	1	99	102	101	117	90
1	157	C>T	1	123	111	91	94	111
1	158	T>G	1	98	107	97	106	98
1	159	A>G	1	106	111	92	116	109
1	160	A>C	1	82	104	109	117	86
1	161	T>G	1	96	104	99	93	117
1	162	G>T	1	101	90	96	103	95
1	163	T>C	1	102	115	112	122	105
1	164	A>C	1	106	100	109	113	80
1	165	C>G	1	119	92	103	93	105
1	166	G>T	1	92	92	90	105	76
1	167	C>T	1	106	106	106	100	80
1	168	T>A	1	100	101	95	109	102
1	169	A>C	1	112	111	110	95	94
1	170	T>A	1	87	109	93	96	84
1	171	A>T	1	116	107	103	111	105
1	172	A>C	1	106	98	103	113	99
1	173	T>C	1	89	86	105	98	99
1	174	G>C	1	118	103	105	111	99
1	175	G>T	1	110	117	114	88	124
1	176	G>A	1	92	93	112	75	106
1	177	T>C	1	76	101	98	95	105
1	178	T>A	1	85	90	86	93	89
1	179	A>T	1	97	103	89	114	109
1	180	G>A	1	111	94	95	116	108
1	181	G>C	1	119	95	105	116	92
1	182	G>C	1	94	100	123	88	97
1	183	G>C	1	96	98	93	93	102
1	184	C>T	1	100	79	96	95	99
1	185	T>G	1	96	87	94	101	95
1	186	G>T	1	98	104	90	108	101
1	187	G>C	1	107	97	91	109	103
1	188	A>T	1	107	106	105	94	103
1	189	G>C	1	98	107	90	98	103
1	190	A>G	1	94	97	103	85	97
1	191	A>C	1	108	86	110	104	98
1	192	G>T	1	101	102	98	99	112
1	193	A>T	1	100	96	92	87	83
1	194	C>T	1	109	94	103	95	101
1	195	G>C	1	90	105	104	116	105
1	196	A>G	1	94	102	120	112	115
1	197	A>G	1	132	110	101	100	95
1	198	T>A	1	109	88	125	92	99
1	199	G>A	1	82	93	93	110	114
1	200	G>C	1	102	105	96	122	95
1	201	A>G	1	108	106	112	93	104
1	202	C>G	1	94	77	107	98	107
1	203	G>A	1	101	115	105	114	100
1	204	T>A	1	83	101	102	101	95
1	205	A>G	1	95	114	85	102	115
1	206	T>G	1	93	103	108	114	121
1	207	G>T	1	103	106	93	101	100
1	208	G>C	1	113	105	112	102	113
1	209	G>T	1	97	91	110	95	114
1	210	A>G	1	96	89	104	95	86
1	211	C>G	1	84	97	91	80	96
1	212	T>G	1	96	82	106	97	99
1	213	G>T	1	88	98	80	98	106
1	214	G>A	1	97	104	110	95	98
1	215	T>G	1	98	101	87	104	96
1	216	T>A	1	102	93	132	118	89
1	217	G>T	1	111	100	97	107	94
1	218	A>C	1	91	93	109	94	100
1	219	C>A	1	95	107	106	94	110
1	220	T>G	1	103	115	91	112	94
1	221	A>C	1	92	104	102	110	92
1	222	C>T	1	98	91	98	117	97
1	223	C>A	1	92	117	122	99	112
1	224	A>T	1	103	115	94	98	99
1	225	T>A	1	93	94	102	116	120
1	226	G>C	1	99	103	102	89	112
1	227	T>C	1	98	91	105	107	105
1	228	G>C	1	98	94	101	98	98
1	229	A>T	1	84	96	101	107	85
1	230	A>T	1	96	94	97	113	101
1	231	A>G	1	94	97	114	101	106
1	232	C>T	1	99	114	88	94	116
1	233	A>G	1	88	98	111	108	100
1	234	C>G	1	88	94	106	106	91
1	235	T>G	1	121	97	84	110	98
1	236	T>G	1	106	115	88	82	100
1	237	A>G	1	97	111	91	131	105
1	238	T>A	1	84	102	91	91	95
1	239	G>C	1	92	87	103	80	97
1	240	T>G	1	87	115	119	103	103
1	241	G>T	1	88	84	95	90	88
1	242	G>C	1	100	96	103	114	84
1	243	C>T	1	85	103	105	105	105
1	244	C>G	1	110	97	92	84	98
1	245	A>C	1	94	93	92	105	97
1	246	C>G	1	107	94	133	106	112
1	247	A>G	1	121	119	111	97	102
1	248	G>A	1	103	108	92	117	85
1	249	A>C	1	96	102	112	97	107
1	250	C>T	1	107	93	89	86	91
1	251	C>T	1	95	108	88	90	100
1	252	A>C	1	95	94	111	91	111
1	253	G>C	1	81	94	96	99	115
1	254	C>T	1	110	102	94	103	97
1	255	A>T	1	95	93	109	112	107
1	256	G>C	1	97	92	100	92	91
1	257	T>A	1	107	105	71	107	85
1	258	T>C	1	96	87	103	105	106
1	259	G>A	1	88	103	95	92	94
1	260	T>A	1	81	104	99	118	108
1	261	T>G	1	112	81	112	92	123
1	262	C>A	1	97	87	92	90	106
1	263	C>T	1	117	94	104	92	121
1	264	A>G	1	101	98	102	100	108
1	265	A>G	1	88	107	107	89	107
1	266	A>T	1	93	91	120	89	120
1	267	G>A	1	100	106	118	73	97
1	268	G>C	1	105	100	108	110	122
1	269	A>G	1	84	118	98	87	108
1	270	T>C	1	110	114	104	107	99
1	271	A>C	1	105	83	104	86	99
1	272	A>C	1	98	126	106	93	116
1	273	T>C	1	108	100	101	108	109
1	274	T>G	1	89	101	93	104	89
1	275	C>A	1	99	95	102	98	106
1	276	G>T	1	111	93	84	88	94
1	277	C>A	1	111	98	104	105	126
1	278	C>G	1	82	105	101	83	110
1	279	C>G	1	115	94	84	97	115
1	280	T>C	1	80	94	105	94	90
1	281	T>G	1	106	93	87	84	93
1	282	T>C	1	92	99	106	93	113
1	283	T>A	1	107	88	94	106	80
1	284	C>G	1	90	99	94	92	111
1	285	C>G	1	99	101	98	81	96
1	286	A>C	1	99	88	110	100	83
1	287	C>T	1	93	101	116	83	111
1	288	G>T	1	95	88	93	104	102
1	289	T>G	1	89	97	103	113	97
1	290	C>G	1	79	98	90	108	123
1	291	T>C	1	98	101	101	90	93
1	292	C>T	1	88	93	101	102	110
1	293	T>A	1	106	112	121	105	93
1	294	T>G	1	109	95	99	97	101
1	295	T>C	1	99	91	112	110	99
1	296	A>G	1	91	108	86	94	67
1	297	A>C	1	96	113	98	105	94
1	298	A>G	1	106	102	106	119	103
1	299	T>G	1	92	114	110	91	107
