#chr	position	description	normal	sample0	sample1	sample2	sample3	sample4	sample5	sample6	sample7	sample8	sample9
1	1	1	0	0.122146575891	0.0	0.0	0.0	0.0	0.0967325454365	0.0	0.0	0.0	0.0982871937861
2	1	1	0	0.0	0.0	0.0	0.179426310584	0.0	0.0	0.0	0.0	0.0	0.0
3	1	1	0	0.115642849985	0.0	0.136671575847	0.0	0.221544308862	0.0902293624331	0.0	0.0	0.0	0.189475831124
4	1	1	0	0.0	0.18660572337	0.180218267624	0.324080569195	0.0	0.282887541016	0.117635169277	0.0	0.0	0.161306432281
5	1	1	0	0.0	0.0	0.186901609289	0.0	0.0	0.123328380386	0.116216485598	0.0	0.0	0.0
6	1	1	0	0.0	0.189018269424	0.180965544476	0.323962245002	0.0	0.283577683755	0.109231077293	0.0	0.0	0.155808205635
7	1	1	0	0.0	0.0	0.0	0.177280032141	0.0	0.0	0.0	0.0	0.0	0.0
8	1	1	0	0.0	0.0	0.0	0.179300586214	0.0	0.0	0.0	0.0	0.0	0.0
9	1	1	0	0.113745941159	0.0	0.134341998375	0.0	0.220744416873	0.0909000497265	0.0	0.0	0.0	0.197257491112
10	1	1	0	0.292088223391	0.493965087282	0.500704934542	0.314962196578	0.214779212977	0.498507462687	0.239031770045	0.336452319331	0.494554900589	0.494957563655
11	1	1	0	0.116080302127	0.0	0.0	0.0	0.0	0.0971945881417	0.0	0.0	0.0	0.0934767313298
12	1	1	0	0.0	0.0	0.0	0.174926253687	0.0	0.0	0.0	0.0	0.0	0.0
13	1	1	0	0.0	0.192461507698	0.184257425743	0.331358609795	0.0	0.277276373847	0.111882562984	0.0	0.0	0.16607071911
14	1	1	0	0.21320508967	0.0	0.0	0.0	0.0	0.0	0.154651510619	0.0	0.0	0.0
15	1	1	0	0.0	0.190409026798	0.183740978348	0.326427438541	0.0	0.278569293614	0.11811960726	0.0	0.0	0.170537156704
16	1	1	0	0.0	0.181700129857	0.179971270265	0.327129214578	0.0	0.278483525208	0.110380553895	0.0	0.0	0.168388635009
17	1	1	0	0.115965700286	0.0	0.12817974859	0.0	0.218351910828	0.0930556939324	0.0	0.0	0.0	0.19762806458
18	1	1	0	0.206518458908	0.0	0.0	0.0	0.0	0.0	0.15680705191	0.0	0.0	0.0
19	1	1	0	0.0	0.0	0.186585121315	0.0	0.0	0.120050960408	0.113953025478	0.0	0.0	0.0
20	1	1	0	0.0	0.0	0.0	0.181901934691	0.0	0.0	0.0	0.0	0.0	0.0
21	1	1	0	0.0	0.0	0.0	0.17632602908	0.0	0.0	0.0	0.0	0.0	0.0
22	1	1	0	0.0	0.0	0.0	0.173649671883	0.0	0.0	0.0	0.0	0.0	0.0
23	1	1	0	0.119647859144	0.0	0.0	0.0	0.0	0.091642878236	0.0	0.0	0.0	0.0944483769845
24	1	1	0	0.0	0.191631470386	0.184118411841	0.327348892879	0.0	0.280775114737	0.111291797947	0.0	0.0	0.17032413932
25	1	1	0	0.177299928999	0.30328525641	0.0	0.0	0.0	0.0	0.125752640411	0.170573969281	0.338116768233	0.147656407162
26	1	1	0	0.0	0.0	0.0	0.175817641229	0.0	0.0	0.0	0.0	0.0	0.0
27	1	1	0	0.0	0.0	0.180499597099	0.0	0.0	0.122824665527	0.112371852294	0.0	0.0	0.0
28	1	1	0	0.0	0.0	0.0	0.0	0.283128312831	0.0	0.106411171134	0.160564800807	0.0	0.0
29	1	1	0	0.0	0.0	0.0	0.0	0.286265584801	0.0	0.105974181927	0.154282868526	0.0	0.0
30	1	1	0	0.114946039503	0.0	0.124924379915	0.0	0.215431552013	0.0957221942627	0.0	0.0	0.0	0.193735035914
31	1	1	0	0.0	0.0	0.0	0.0	0.286016735558	0.0	0.104461262697	0.160883911609	0.0	0.0
32	1	1	0	0.121139669257	0.0	0.0	0.0	0.0	0.0914149443561	0.0	0.0	0.0	0.0991498616054
33	1	1	0	0.214801622638	0.0	0.0	0.0	0.0	0.0	0.15004014452	0.0	0.0	0.0
34	1	1	0	0.119889048695	0.0	0.139600564858	0.0	0.217183295126	0.0941978154124	0.0	0.0	0.0	0.189584785423
35	1	1	0	0.0	0.177755410166	0.181564524165	0.319712754122	0.0	0.284908461158	0.116234096692	0.0	0.0	0.169967160912
36	1	1	0	0.0	0.19298421952	0.183782692114	0.323956262425	0.0	0.282387045182	0.117940033868	0.0	0.0	0.168974513345
37	1	1	0	0.0	0.19355815832	0.189001009082	0.31879532635	0.0	0.283174284279	0.117313432836	0.0	0.0	0.167345276873
38	1	1	0	0.206632395928	0.0	0.0	0.0	0.0	0.0	0.152299422656	0.0	0.0	0.0
39	1	1	0	0.0	0.0	0.188999593331	0.0	0.0	0.118426375405	0.109340549208	0.0	0.0	0.0
40	1	1	0	0.0	0.0	0.0	0.179469203806	0.0	0.0	0.0	0.0	0.0	0.0
41	1	1	0	0.20573778714	0.0	0.0	0.0	0.0	0.0	0.152971679298	0.0	0.0	0.0
42	1	1	0	0.179080505923	0.313893653516	0.0	0.0	0.0	0.0	0.133481197701	0.171234924748	0.335214894038	0.147573391322
43	1	1	0	0.203903695631	0.0	0.0	0.0	0.0	0.0	0.149745940022	0.0	0.0	0.0
44	1	1	0	0.0	0.0	0.188132705222	0.0	0.0	0.129912991299	0.116524159873	0.0	0.0	0.0
45	1	1	0	0.2103	0.0	0.0	0.0	0.0	0.0	0.157347998778	0.0	0.0	0.0
46	1	1	0	0.0	0.195364238411	0.183707976925	0.320634287424	0.0	0.28516090584	0.116640127389	0.0	0.0	0.16455948233
47	1	1	0	0.117189059693	0.0	0.129126703685	0.0	0.212661218864	0.0878139717425	0.0	0.0	0.0	0.19026194761
48	1	1	0	0.0	0.192092062555	0.182095725822	0.325947105075	0.0	0.281714343475	0.116465863454	0.0	0.0	0.164917838052
49	1	1	0	0.11778609415	0.0	0.135065450218	0.0	0.220251659566	0.0942724305075	0.0	0.0	0.0	0.194425017484
50	1	1	0	0.0	0.193097292472	0.178726769474	0.322330483197	0.0	0.284101040119	0.117510121457	0.0	0.0	0.167989550889
51	1	1	0	0.118578286181	0.0	0.0	0.0	0.0	0.0896442059233	0.0	0.0	0.0	0.091757855637
52	1	1	0	0.0	0.145939466587	0.0	0.0	0.0	0.0	0.0	0.173482651735	0.155599603568	0.0
53	1	1	0	0.175743302914	0.304609614056	0.0	0.0	0.0	0.0	0.126409017713	0.168771643919	0.340442655936	0.145056726094
54	1	1	0	0.2057	0.0	0.0	0.0	0.0	0.0	0.153167602245	0.0	0.0	0.0
55	1	1	0	0.0	0.186349079263	0.181609653934	0.326801959412	0.0	0.279414672731	0.117827463395	0.0	0.0	0.161644382359
56	1	1	0	0.1183299389	0.0	0.137722132472	0.0	0.220097640358	0.0935338345865	0.0	0.0	0.0	0.191009010793
57	1	1	0	0.0	0.0	0.0	0.17055116535	0.0	0.0	0.0	0.0	0.0	0.0
58	1	1	0	0.0	0.0	0.0	0.181210063898	0.0	0.0	0.0	0.0	0.0	0.0
59	1	1	0	0.121239837398	0.0	0.0	0.0	0.0	0.0930345362825	0.0	0.0	0.0	0.0954804560261
60	1	1	0	0.118359927287	0.0	0.1285	0.0	0.21670606777	0.091064085849	0.0	0.0	0.0	0.191453994329
61	1	1	0	0.0	0.0	0.0	0.175804529201	0.0	0.0	0.0	0.0	0.0	0.0
62	1	1	0	0.0	0.0	0.0	0.180287270926	0.0	0.0	0.0	0.0	0.0	0.0
63	1	1	0	0.12114949316	0.0	0.130662899808	0.0	0.215355805243	0.0923544303797	0.0	0.0	0.0	0.187550362611
64	1	1	0	0.1155648619	0.0	0.131744290416	0.0	0.219846107725	0.0903162055336	0.0	0.0	0.0	0.190716547902
65	1	1	0	0.0	0.188717327682	0.183383991895	0.328767123288	0.0	0.283897884176	0.120803326909	0.0	0.0	0.167095115681
66	1	1	0	0.0	0.0	0.0	0.0	0.283174540811	0.0	0.103955933901	0.152241189977	0.0	0.0
67	1	1	0	0.120800713507	0.0	0.134442134442	0.0	0.229289792648	0.092596288166	0.0	0.0	0.0	0.186645213194
68	1	1	0	0.0	0.0	0.183326669332	0.0	0.0	0.123722812342	0.114973529118	0.0	0.0	0.0
69	1	1	0	0.0	0.0	0.191048362872	0.0	0.0	0.126483790524	0.109016146826	0.0	0.0	0.0
70	1	1	0	0.0	0.0	0.0	0.175929668553	0.0	0.0	0.0	0.0	0.0	0.0
71	1	1	0	0.118889439762	0.0	0.0	0.0	0.0	0.0958601286174	0.0	0.0	0.0	0.0945039543498
72	1	1	0	0.16787732042	0.318636272745	0.0	0.0	0.0	0.0	0.128197588944	0.170443152196	0.345344129555	0.137109529458
73	1	1	0	0.0	0.0	0.0	0.0	0.279419078882	0.0	0.110526315789	0.151050080775	0.0	0.0
74	1	1	0	0.205867424627	0.0	0.0	0.0	0.0	0.0	0.152890919928	0.0	0.0	0.0
75	1	1	0	0.0	0.0	0.0	0.185289389068	0.0	0.0	0.0	0.0	0.0	0.0
76	1	1	0	0.0	0.191274832784	0.186627043091	0.325774225774	0.0	0.283300395257	0.11908105939	0.0	0.0	0.17322284345
77	1	1	0	0.0	0.0	0.0	0.179641308632	0.0	0.0	0.0	0.0	0.0	0.0
78	1	1	0	0.111363411985	0.0	0.0	0.0	0.0	0.0936652946491	0.0	0.0	0.0	0.0956715210356
79	1	1	0	0.175577156744	0.302747693542	0.0	0.0	0.0	0.0	0.126876267748	0.172403531396	0.350650671004	0.139539480186
80	1	1	0	0.0	0.190322580645	0.177114727748	0.323381584238	0.0	0.280549746041	0.11049450005	0.0	0.0	0.168378028113
81	1	1	0	0.0	0.18410543131	0.183655096529	0.323719835197	0.0	0.289127837515	0.114096611676	0.0	0.0	0.165355135411
82	1	1	0	0.0	0.189437984496	0.182133995037	0.316483516484	0.0	0.283069841905	0.113484379679	0.0	0.0	0.165480605392
83	1	1	0	0.0	0.192538507702	0.187150279776	0.316094289779	0.0	0.282794205199	0.117670522537	0.0	0.0	0.159401496259
84	1	1	0	0.0	0.0	0.0	0.0	0.279041552927	0.0	0.105617525877	0.158779701973	0.0	0.0
85	1	1	0	0.118579834447	0.0	0.132333962077	0.0	0.214992088608	0.0956599641648	0.0	0.0	0.0	0.185605686642
86	1	1	0	0.0	0.0	0.0	0.171730124285	0.0	0.0	0.0	0.0	0.0	0.0
87	1	1	0	0.21381447421	0.0	0.0	0.0	0.0	0.0	0.15951229343	0.0	0.0	0.0
88	1	1	0	0.207714542011	0.0	0.0	0.0	0.0	0.0	0.147198384654	0.0	0.0	0.0
89	1	1	0	0.116861102802	0.0	0.0	0.0	0.0	0.0907090709071	0.0	0.0	0.0	0.0953739555737
90	1	1	0	0.111486151097	0.0	0.136331763999	0.0	0.225157610327	0.0867208672087	0.0	0.0	0.0	0.18313253012
91	1	1	0	0.210033844316	0.0	0.0	0.0	0.0	0.0	0.150657829657	0.0	0.0	0.0
92	1	1	0	0.119688809096	0.0	0.135649546828	0.0	0.214668148298	0.094164053808	0.0	0.0	0.0	0.188771929825
93	1	1	0	0.211311311311	0.0	0.0	0.0	0.0	0.0	0.153482286634	0.0	0.0	0.0
94	1	1	0	0.115993147234	0.0	0.13466760535	0.0	0.222467623733	0.0923810469852	0.0	0.0	0.0	0.196329365079
95	1	1	0	0.0	0.191557788945	0.181745873931	0.320327504296	0.0	0.289752650177	0.11408874648	0.0	0.0	0.174749578498
96	1	1	0	0.0	0.0	0.0	0.177002713841	0.0	0.0	0.0	0.0	0.0	0.0
97	1	1	0	0.121434959754	0.0	0.130618401207	0.0	0.216488730724	0.093503339405	0.0	0.0	0.0	0.188897684544
98	1	1	0	0.0	0.0	0.0	0.180011862396	0.0	0.0	0.0	0.0	0.0	0.0
99	1	1	0	0.0	0.0	0.183274912369	0.0	0.0	0.130021035761	0.115703324808	0.0	0.0	0.0
100	1	1	0	0.28987806087	0.501294047382	0.489472628835	0.321104657088	0.227434618907	0.503777576307	0.242731979291	0.345521939491	0.504884370016	0.505869368917
