Num_mutations: 100
Num_samples: 10
Error_rate: 0.050000

9.824902723735408072e-01 7.956795679567957302e-01 5.447070914696814370e-01 8.560157790927022115e-01 6.261398176291793627e-01 5.048169556840077510e-01 6.533066132264528925e-01 5.454545454545454142e-01 7.512899896800825372e-01 6.003898635477582513e-01
9.928789420142420941e-01 5.711442786069651500e-01 1.021800947867298470e+00 7.436159346271705717e-01 1.036669970267591667e+00 9.731285988483685534e-01 8.182720953326713120e-01 1.062378167641325533e+00 7.803410230692076066e-01 9.604628736740598027e-01
5.373423860329776813e-01 3.887269193391642563e-01 2.145669291338582751e-01 8.360323886639675628e-01 6.157024793388429229e-01 6.799580272822665084e-01 4.432989690721649279e-01 3.016528925619834656e-01 7.083333333333333703e-01 8.293172690763052080e-01
0.000000000000000000e+00 3.552769070010449171e-01 2.434417628541448164e-01 2.635814889336016154e-01 5.924453280318091597e-01 0.000000000000000000e+00 4.027916251246261292e-01 0.000000000000000000e+00 1.941747572815533951e-01 2.792140641158221137e-01
0.000000000000000000e+00 4.104477611940298698e-01 2.518518518518518268e-01 2.476970317297850499e-01 6.277836691410392245e-01 0.000000000000000000e+00 3.962655601659750837e-01 0.000000000000000000e+00 2.433234421364985078e-01 2.451874366767983759e-01
0.000000000000000000e+00 0.000000000000000000e+00 0.000000000000000000e+00 0.000000000000000000e+00 0.000000000000000000e+00 1.997961264016309968e-01 0.000000000000000000e+00 0.000000000000000000e+00 0.000000000000000000e+00 2.528735632183908288e-01
0.000000000000000000e+00 0.000000000000000000e+00 0.000000000000000000e+00 0.000000000000000000e+00 0.000000000000000000e+00 1.912720519962859689e-01 0.000000000000000000e+00 0.000000000000000000e+00 0.000000000000000000e+00 2.555780933062880567e-01
5.081632653061224358e-01 3.709167544783983361e-01 2.311557788944723635e-01 8.093841642228738475e-01 6.034482758620689502e-01 7.369439071566731281e-01 4.508790072388831338e-01 3.135245901639344135e-01 7.074829931972789199e-01 7.785787847579814791e-01
9.694501018329938491e-01 7.210626185958254331e-01 4.635108481262327218e-01 8.411405295315682595e-01 5.879959308240081395e-01 5.132575757575758013e-01 7.279999999999999805e-01 5.473251028806583873e-01 7.721280602636534374e-01 5.783385909568874439e-01
9.770687936191425615e-01 7.175879396984924385e-01 4.681274900398406102e-01 8.191056910569105565e-01 6.197757390417940604e-01 5.266214908034849707e-01 7.137096774193548709e-01 5.049504950495049549e-01 7.116935483870967527e-01 5.639024390243901896e-01
9.723320158102767286e-01 6.333973128598848756e-01 1.009842519685039353e+00 7.474949899799598896e-01 9.716520039100684514e-01 9.951503394762366561e-01 8.061127029608404770e-01 1.027083333333333348e+00 6.773226773226773689e-01 9.777306468716860932e-01
0.000000000000000000e+00 0.000000000000000000e+00 0.000000000000000000e+00 0.000000000000000000e+00 0.000000000000000000e+00 2.042042042042042094e-01 0.000000000000000000e+00 0.000000000000000000e+00 0.000000000000000000e+00 2.539682539682539542e-01
9.085427135678392219e-01 6.355511420059583028e-01 1.024048096192384794e+00 8.057692307692307931e-01 9.303675048355899424e-01 1.005159958720330149e+00 8.363636363636363091e-01 1.011033099297893756e+00 7.823470411233700572e-01 9.989785495403472604e-01
0.000000000000000000e+00 0.000000000000000000e+00 0.000000000000000000e+00 2.774674115456238210e-01 0.000000000000000000e+00 2.392638036809816016e-01 0.000000000000000000e+00 0.000000000000000000e+00 4.831013916500994099e-01 0.000000000000000000e+00
0.000000000000000000e+00 4.432432432432432678e-01 2.312252964426877444e-01 2.892819979188345214e-01 6.310583580613253751e-01 0.000000000000000000e+00 4.226415094339622813e-01 0.000000000000000000e+00 2.555663117134559514e-01 2.724520686175579964e-01
0.000000000000000000e+00 4.097859327217125425e-01 2.082082082082082064e-01 2.816365366317792329e-01 5.847176079734219822e-01 0.000000000000000000e+00 4.314928425357873465e-01 0.000000000000000000e+00 2.814814814814814992e-01 2.709551656920077822e-01
0.000000000000000000e+00 3.893805309734513220e-01 2.306079664570230559e-01 2.845610494450050432e-01 5.817782656421515153e-01 0.000000000000000000e+00 4.126679462571977153e-01 0.000000000000000000e+00 2.598752598752598897e-01 2.911266201395812381e-01
0.000000000000000000e+00 0.000000000000000000e+00 0.000000000000000000e+00 0.000000000000000000e+00 0.000000000000000000e+00 0.000000000000000000e+00 1.912350597609561720e-01 0.000000000000000000e+00 2.802303262955854191e-01 0.000000000000000000e+00
5.388994307400379880e-01 3.898989898989899117e-01 2.531645569620253333e-01 7.921951219512195497e-01 5.815602836879432136e-01 6.570545829042224728e-01 4.507042253521126862e-01 3.100775193798449569e-01 7.518656716417910779e-01 8.242187500000000000e-01
9.960474308300395485e-01 7.285570131180625353e-01 4.826175869120654660e-01 8.499999999999999778e-01 5.931034482758620330e-01 4.774066797642436133e-01 6.586345381526104159e-01 5.356125356125356340e-01 6.779303062302006744e-01 5.893416927899686186e-01
0.000000000000000000e+00 0.000000000000000000e+00 0.000000000000000000e+00 0.000000000000000000e+00 0.000000000000000000e+00 0.000000000000000000e+00 1.532567049808429005e-01 0.000000000000000000e+00 2.105263157894736725e-01 0.000000000000000000e+00
0.000000000000000000e+00 0.000000000000000000e+00 0.000000000000000000e+00 0.000000000000000000e+00 0.000000000000000000e+00 0.000000000000000000e+00 1.608527131782945818e-01 0.000000000000000000e+00 2.451874366767983759e-01 0.000000000000000000e+00
0.000000000000000000e+00 3.679525222551928709e-01 2.390057361376672906e-01 2.543234994913530223e-01 5.849420849420849944e-01 0.000000000000000000e+00 4.824311490978157591e-01 0.000000000000000000e+00 2.615694164989939563e-01 3.072227873855544189e-01
1.008832188420019538e+00 6.400000000000000133e-01 9.911330049261083408e-01 6.972860125260960107e-01 1.016683022571148287e+00 9.842931937172775259e-01 9.038262668045501380e-01 9.843137254901960231e-01 7.697095435684647713e-01 9.782135076252723715e-01
9.969104016477857710e-01 7.298105682951147033e-01 4.334975369458128336e-01 7.757100881488736555e-01 5.835748792270530894e-01 4.937560038424591569e-01 7.207392197125256361e-01 5.333333333333333259e-01 6.878097125867195238e-01 6.174358974358974406e-01
1.021021021021021102e+00 8.019607843137255276e-01 4.584139264990328977e-01 7.957894736842104910e-01 6.141575274177467625e-01 5.178571428571429047e-01 7.607105538140020995e-01 5.877712031558185446e-01 7.125256673511293215e-01 5.531062124248496970e-01
0.000000000000000000e+00 0.000000000000000000e+00 0.000000000000000000e+00 0.000000000000000000e+00 0.000000000000000000e+00 0.000000000000000000e+00 1.475095785440612983e-01 0.000000000000000000e+00 2.562141491395793502e-01 0.000000000000000000e+00
9.423264907135875390e-01 7.614107883817426980e-01 4.627606752730883954e-01 8.349106203995794173e-01 6.217516843118383596e-01 5.195312500000000000e-01 6.893787575150300828e-01 5.370187561697926659e-01 7.884806355511420062e-01 5.940996948118005827e-01
1.016161616161616266e+00 7.429130009775171128e-01 4.677754677754678014e-01 8.029350104821803003e-01 5.826771653543306728e-01 5.188199389623601165e-01 6.447105788423154182e-01 5.185929648241206502e-01 7.357926221335991945e-01 5.711481844946025843e-01
9.880478087649402497e-01 6.319018404907975617e-01 1.063316582914572761e+00 7.690782953419227352e-01 1.018975332068311257e+00 9.795520934761441367e-01 8.441432720232332487e-01 9.447513812154696433e-01 7.267206477732793823e-01 9.652432969215491987e-01
5.470249520153550593e-01 3.686274509803921795e-01 2.297435897435897434e-01 7.698924731182795744e-01 6.221335992023928618e-01 7.122448979591836649e-01 3.980952380952381131e-01 2.774674115456238210e-01 7.597208374875373815e-01 8.213096559378468831e-01
0.000000000000000000e+00 3.782051282051281937e-01 1.985957873620862457e-01 2.923387096774193727e-01 6.481113320079522344e-01 0.000000000000000000e+00 4.799999999999999822e-01 0.000000000000000000e+00 2.401536983669548542e-01 2.836879432624113684e-01
0.000000000000000000e+00 0.000000000000000000e+00 0.000000000000000000e+00 0.000000000000000000e+00 0.000000000000000000e+00 2.079207920792079112e-01 0.000000000000000000e+00 0.000000000000000000e+00 0.000000000000000000e+00 2.605128205128204866e-01
0.000000000000000000e+00 0.000000000000000000e+00 0.000000000000000000e+00 0.000000000000000000e+00 0.000000000000000000e+00 1.868020304568527856e-01 0.000000000000000000e+00 0.000000000000000000e+00 0.000000000000000000e+00 2.414151925078043825e-01
0.000000000000000000e+00 0.000000000000000000e+00 0.000000000000000000e+00 0.000000000000000000e+00 0.000000000000000000e+00 2.139148494288681257e-01 0.000000000000000000e+00 0.000000000000000000e+00 0.000000000000000000e+00 2.281059063136456344e-01
0.000000000000000000e+00 3.768115942028985588e-01 2.233300099700897268e-01 2.603550295857988139e-01 5.991902834008097090e-01 0.000000000000000000e+00 4.212560386473430118e-01 0.000000000000000000e+00 2.303149606299212671e-01 2.690839694656488312e-01
5.530227948463825038e-01 3.681592039800994920e-01 2.125902992776057820e-01 8.075772681954137555e-01 6.150943396226414839e-01 7.130620985010707180e-01 4.024640657084189166e-01 3.025210084033613245e-01 6.893704850361197511e-01 8.371628371628371257e-01
0.000000000000000000e+00 3.583489681050656683e-01 2.264914054600606630e-01 2.633663366336633782e-01 5.920925747348119161e-01 0.000000000000000000e+00 4.487309644670050557e-01 0.000000000000000000e+00 2.231075697211155340e-01 2.691131498470947792e-01
9.931305201177624831e-01 6.233230134158926905e-01 1.008973080757726848e+00 7.430278884462151456e-01 1.012369172216936342e+00 1.018043684710351338e+00 8.314393939393939226e-01 9.949443882709807507e-01 7.342799188640973806e-01 1.033502538071066068e+00
0.000000000000000000e+00 0.000000000000000000e+00 0.000000000000000000e+00 0.000000000000000000e+00 0.000000000000000000e+00 0.000000000000000000e+00 1.978021978021977934e-01 0.000000000000000000e+00 2.677012609117361830e-01 0.000000000000000000e+00
9.730848861283644124e-01 7.595682041216879066e-01 4.494382022471909988e-01 8.351648351648351953e-01 6.274509803921568540e-01 4.929006085192697562e-01 6.693467336683417424e-01 5.392561983471074738e-01 6.776180698151951232e-01 5.495583905789990231e-01
9.790209790209790652e-01 6.399155227032734539e-01 9.931170108161259114e-01 7.057654075546719863e-01 1.010204081632652962e+00 9.970958373668925567e-01 8.775313404050144594e-01 9.898580121703853818e-01 7.515151515151514694e-01 1.019211324570272970e+00
5.425742574257426121e-01 3.838771593090211098e-01 2.073170731707316972e-01 8.361809045226130666e-01 6.221765913757699717e-01 7.190332326283987996e-01 4.189325276938570264e-01 3.396984924623115409e-01 7.540322580645161255e-01 8.743818001978239662e-01
0.000000000000000000e+00 0.000000000000000000e+00 0.000000000000000000e+00 0.000000000000000000e+00 0.000000000000000000e+00 1.690721649484536182e-01 0.000000000000000000e+00 0.000000000000000000e+00 0.000000000000000000e+00 2.240493319630010305e-01
1.022009569377990479e+00 6.251217137293086923e-01 9.849246231155779352e-01 7.289340101522843174e-01 1.030364372469635637e+00 9.948612538540596573e-01 8.427299703264095054e-01 9.470588235294117307e-01 7.820000000000000284e-01 1.015136226034308864e+00
9.368983957219251257e-01 7.175421209117938126e-01 4.525252525252525526e-01 8.550724637681159646e-01 6.013986013986013512e-01 5.162561576354679493e-01 7.472959685349065406e-01 5.113974231912784552e-01 6.720575022461814374e-01 5.334626576139670506e-01
0.000000000000000000e+00 0.000000000000000000e+00 0.000000000000000000e+00 0.000000000000000000e+00 0.000000000000000000e+00 1.953204476093590991e-01 0.000000000000000000e+00 0.000000000000000000e+00 0.000000000000000000e+00 2.338164251207729416e-01
5.441329179646936520e-01 3.755186721991701226e-01 2.449799196787148525e-01 8.729388942774005677e-01 5.942028985507246119e-01 6.706948640483383350e-01 3.856691253951528009e-01 2.687439143135345598e-01 7.386138613861386037e-01 8.670520231213872941e-01
0.000000000000000000e+00 0.000000000000000000e+00 0.000000000000000000e+00 0.000000000000000000e+00 0.000000000000000000e+00 1.795407098121085676e-01 0.000000000000000000e+00 0.000000000000000000e+00 0.000000000000000000e+00 2.321083172147001827e-01
9.980430528375733301e-01 6.423982869379014637e-01 1.071428571428571397e+00 8.076923076923077094e-01 1.017786561264822032e+00 1.002020202020202033e+00 8.496732026143790639e-01 9.647954329210275404e-01 7.324218750000000000e-01 9.706498951781971085e-01
1.016771488469601747e+00 6.215943491422805112e-01 1.019067796610169552e+00 7.111111111111111382e-01 1.017543859649122862e+00 1.047619047619047672e+00 8.212765957446808152e-01 1.011305241521068821e+00 7.284644194756554336e-01 1.019937040923399874e+00
5.337186897880539238e-01 3.636363636363636465e-01 2.468415937803692950e-01 8.055832502492522584e-01 6.043613707165108595e-01 7.127429805615550507e-01 4.457478005865102566e-01 2.615535889872173114e-01 7.445972495088408749e-01 8.060606060606060330e-01
5.020491803278688270e-01 3.645833333333333148e-01 2.468415937803692950e-01 8.366935483870967527e-01 6.009852216748768905e-01 7.412731006160164782e-01 4.433781190019193685e-01 2.927328556806550464e-01 7.666989351403679098e-01 8.538899430740037877e-01
5.372829417773238303e-01 3.731656184486373262e-01 2.406159769008662241e-01 8.217821782178217349e-01 5.830115830115829567e-01 6.980942828485456886e-01 4.423076923076922906e-01 2.797202797202797409e-01 7.555555555555555358e-01 8.146718146718147091e-01
1.007812500000000000e+00 7.683863885839736785e-01 4.259438528557599191e-01 8.375000000000000222e-01 5.670789724072312632e-01 5.258883248730964466e-01 6.733466933867735538e-01 5.269709543568464882e-01 6.908023483365949291e-01 6.387434554973822065e-01
1.003070624360286489e+00 6.402439024390244038e-01 9.412997903563941060e-01 7.867203219315895835e-01 1.014749262536873253e+00 9.650349650349649977e-01 8.598130841121495171e-01 1.002105263157894832e+00 7.182662538699690069e-01 1.009879253567508295e+00
1.043478260869565188e+00 6.352459016393442459e-01 1.019267822736030782e+00 7.218813905930470121e-01 9.916492693110646739e-01 9.530332681017612551e-01 8.165680473372780579e-01 9.990592662276576164e-01 7.736789631106679721e-01 1.032454361054766734e+00
0.000000000000000000e+00 0.000000000000000000e+00 0.000000000000000000e+00 0.000000000000000000e+00 0.000000000000000000e+00 0.000000000000000000e+00 1.360000000000000098e-01 0.000000000000000000e+00 2.502443792766373409e-01 0.000000000000000000e+00
0.000000000000000000e+00 0.000000000000000000e+00 0.000000000000000000e+00 0.000000000000000000e+00 0.000000000000000000e+00 1.985815602836879523e-01 0.000000000000000000e+00 0.000000000000000000e+00 0.000000000000000000e+00 2.478873239436619746e-01
0.000000000000000000e+00 4.056224899598393496e-01 2.700000000000000178e-01 3.061825318940137319e-01 5.835010060362173512e-01 0.000000000000000000e+00 4.277227722772277141e-01 0.000000000000000000e+00 2.665369649805447438e-01 2.896117523609653688e-01
9.779116465863453289e-01 7.967806841046277677e-01 9.459734964322120687e-01 8.997995991983968045e-01 6.275720164609053242e-01 9.572815533980582048e-01 1.077231695085255847e+00 8.517786561264821810e-01 7.372708757637475019e-01 8.699186991869918284e-01
0.000000000000000000e+00 0.000000000000000000e+00 0.000000000000000000e+00 0.000000000000000000e+00 0.000000000000000000e+00 2.057142857142857106e-01 0.000000000000000000e+00 0.000000000000000000e+00 0.000000000000000000e+00 2.164328657314629201e-01
0.000000000000000000e+00 4.044265593561368055e-01 2.213438735177865602e-01 2.404809619238476859e-01 6.138415245737212089e-01 0.000000000000000000e+00 4.164989939637827043e-01 0.000000000000000000e+00 2.401656314699792960e-01 2.725527831094050057e-01
9.717073170731707066e-01 6.776859504132231038e-01 9.375619425173439270e-01 6.768916155419223424e-01 1.001005025125628167e+00 9.952874646559849436e-01 8.331648129423659954e-01 9.939516129032257563e-01 7.070914696813976885e-01 1.105476673427991940e+00
0.000000000000000000e+00 0.000000000000000000e+00 0.000000000000000000e+00 0.000000000000000000e+00 0.000000000000000000e+00 0.000000000000000000e+00 1.735620585267406701e-01 0.000000000000000000e+00 2.851485148514851242e-01 0.000000000000000000e+00
0.000000000000000000e+00 0.000000000000000000e+00 0.000000000000000000e+00 0.000000000000000000e+00 0.000000000000000000e+00 0.000000000000000000e+00 1.385542168674698815e-01 0.000000000000000000e+00 2.373887240356083173e-01 0.000000000000000000e+00
0.000000000000000000e+00 0.000000000000000000e+00 0.000000000000000000e+00 0.000000000000000000e+00 0.000000000000000000e+00 0.000000000000000000e+00 1.564561734213006650e-01 0.000000000000000000e+00 2.640394088669950623e-01 0.000000000000000000e+00
1.020242914979757165e+00 7.562189054726368154e-01 5.146198830409356439e-01 8.184553660982948342e-01 6.150870406189554718e-01 5.235173824130879838e-01 6.820461384152457507e-01 5.293532338308457597e-01 7.408906882591093090e-01 5.611222444889779615e-01
9.838383838383838453e-01 6.955665024630541815e-01 7.668292682926829418e-01 8.305582761998041574e-01 6.483180428134556195e-01 7.257900101936799464e-01 7.376725838264299728e-01 8.023952095808383200e-01 7.380497131931166299e-01 7.894221351616063087e-01
1.051652892561983466e+00 7.504835589941972751e-01 9.812499999999999556e-01 8.049792531120332217e-01 5.776458951533135489e-01 9.353128313891834189e-01 1.016771488469601747e+00 8.145833333333333259e-01 7.080504364694470976e-01 7.939393939393939448e-01
0.000000000000000000e+00 4.330312185297079397e-01 1.936799184505606508e-01 2.574055158324821124e-01 6.002076843198338452e-01 0.000000000000000000e+00 4.709418837675350966e-01 0.000000000000000000e+00 2.939958592132504989e-01 2.441406250000000000e-01
0.000000000000000000e+00 3.764705882352941124e-01 0.000000000000000000e+00 2.774922918807811167e-01 0.000000000000000000e+00 0.000000000000000000e+00 0.000000000000000000e+00 0.000000000000000000e+00 0.000000000000000000e+00 0.000000000000000000e+00
1.020408163265306145e+00 7.789256198347107585e-01 9.680542110358180130e-01 8.172043010752688685e-01 5.607843137254902022e-01 1.005681818181818121e+00 9.930486593843098619e-01 8.675429726996967128e-01 7.188405797101449224e-01 7.893738140417457805e-01
9.188078108941418742e-01 6.238894373149062034e-01 9.390243902439023849e-01 7.334014300306435086e-01 1.008991008991009020e+00 9.949849548645938180e-01 8.202581926514399546e-01 9.990224828934506363e-01 7.479999999999999982e-01 1.006198347107438051e+00
0.000000000000000000e+00 0.000000000000000000e+00 0.000000000000000000e+00 0.000000000000000000e+00 0.000000000000000000e+00 0.000000000000000000e+00 1.419878296146044605e-01 0.000000000000000000e+00 2.485207100591715901e-01 0.000000000000000000e+00
0.000000000000000000e+00 3.555114200595829166e-01 2.233300099700897268e-01 2.502543234994913379e-01 5.653923541247485307e-01 0.000000000000000000e+00 4.049079754601226933e-01 0.000000000000000000e+00 2.464358452138492861e-01 2.971086739780657848e-01
0.000000000000000000e+00 4.212637913741223428e-01 2.372881355932203451e-01 2.839378238341969118e-01 5.755813953488372325e-01 0.000000000000000000e+00 4.521912350597609431e-01 0.000000000000000000e+00 2.292870905587668651e-01 2.810920121334681276e-01
1.006882989183874200e+00 5.911237016052880433e-01 9.670329670329670391e-01 7.203883495145630977e-01 9.330543933054393779e-01 9.640151515151514916e-01 9.031620553359683834e-01 1.045965270684371839e+00 7.761194029850746468e-01 9.666666666666666741e-01
0.000000000000000000e+00 3.425196850393700809e-01 2.606965174129353136e-01 2.658486707566461993e-01 6.219630709426627879e-01 0.000000000000000000e+00 4.068479355488419102e-01 0.000000000000000000e+00 2.693467336683417201e-01 2.644135188866799102e-01
0.000000000000000000e+00 3.659491193737768877e-01 2.447817836812144210e-01 2.681451612903225645e-01 5.866408518877057610e-01 0.000000000000000000e+00 4.111969111969112078e-01 0.000000000000000000e+00 2.215686274509803821e-01 2.839756592292089210e-01
1.006535947712418277e+00 7.445708376421923402e-01 4.492610837438423821e-01 8.516649848637739550e-01 6.115859449192782016e-01 5.225933202357563312e-01 6.918367346938775198e-01 5.616291532690246280e-01 7.010101010101009722e-01 6.011904761904761640e-01
0.000000000000000000e+00 3.517786561264822365e-01 2.397660818713450159e-01 2.682445759368836113e-01 5.779904306220096100e-01 0.000000000000000000e+00 4.265593561368209441e-01 0.000000000000000000e+00 2.618816682832201814e-01 2.770475227502527948e-01
0.000000000000000000e+00 0.000000000000000000e+00 0.000000000000000000e+00 0.000000000000000000e+00 0.000000000000000000e+00 1.725571725571725668e-01 0.000000000000000000e+00 0.000000000000000000e+00 0.000000000000000000e+00 2.497376705141657882e-01
1.012807881773398977e+00 6.102719033232628654e-01 9.863547758284599842e-01 7.507692307692307443e-01 9.919839679358717355e-01 9.906735751295336900e-01 8.535156250000000000e-01 1.010967098703888345e+00 7.170542635658915254e-01 9.879275653923541567e-01
5.009980039920159944e-01 4.055390702274975223e-01 2.226804123711340344e-01 8.053007135575942499e-01 5.865102639296188025e-01 7.434146341463414576e-01 4.007976071784646321e-01 2.754607177497574999e-01 7.504990019960079417e-01 7.907407407407407440e-01
0.000000000000000000e+00 4.000000000000000222e-01 2.265306122448979553e-01 2.283384301732925559e-01 6.524822695035461528e-01 0.000000000000000000e+00 3.996120271580989591e-01 0.000000000000000000e+00 2.445595854922279766e-01 2.651821862348178183e-01
0.000000000000000000e+00 0.000000000000000000e+00 0.000000000000000000e+00 0.000000000000000000e+00 0.000000000000000000e+00 1.975051975051975162e-01 0.000000000000000000e+00 0.000000000000000000e+00 0.000000000000000000e+00 2.674897119341563823e-01
9.582059123343527052e-01 6.234309623430962510e-01 1.005025125628140614e+00 6.986027944111776744e-01 9.764585465711361767e-01 9.957537154989384298e-01 8.153998025666338023e-01 1.053149606299212504e+00 7.502448579823701724e-01 1.010989010989010950e+00
0.000000000000000000e+00 0.000000000000000000e+00 0.000000000000000000e+00 0.000000000000000000e+00 0.000000000000000000e+00 2.128099173553719137e-01 0.000000000000000000e+00 0.000000000000000000e+00 0.000000000000000000e+00 2.434417628541448164e-01
9.723991507430997938e-01 7.211822660098522464e-01 9.797979797979797789e-01 8.618042226487524493e-01 5.988258317025439981e-01 1.007077856420626860e+00 9.939999999999999947e-01 8.305252725470763098e-01 7.225548902195608747e-01 8.717413972888425899e-01
0.000000000000000000e+00 0.000000000000000000e+00 0.000000000000000000e+00 0.000000000000000000e+00 0.000000000000000000e+00 0.000000000000000000e+00 1.600771456123432912e-01 0.000000000000000000e+00 2.276923076923076938e-01 0.000000000000000000e+00
0.000000000000000000e+00 3.695014662756598289e-01 2.368972746331236834e-01 2.980062959076600348e-01 5.304878048780488076e-01 0.000000000000000000e+00 4.057692307692307709e-01 0.000000000000000000e+00 2.306900102986611800e-01 2.765957446808510745e-01
0.000000000000000000e+00 0.000000000000000000e+00 0.000000000000000000e+00 0.000000000000000000e+00 0.000000000000000000e+00 2.159329140461215824e-01 0.000000000000000000e+00 0.000000000000000000e+00 0.000000000000000000e+00 2.066198595787362147e-01
5.212876427829699066e-01 3.638170974155069404e-01 2.475049900199600694e-01 8.088376560999039899e-01 5.564516129032257563e-01 7.550432276657060848e-01 4.007561436672967825e-01 2.783810463968410809e-01 7.410358565737051872e-01 8.045738045738045630e-01
0.000000000000000000e+00 4.032421479229990058e-01 2.419354838709677491e-01 2.830385015608740673e-01 6.573982125124131493e-01 0.000000000000000000e+00 3.927813163481953529e-01 0.000000000000000000e+00 2.408906882591093090e-01 2.940584088620342151e-01
1.030009680542110395e+00 7.673956262425447594e-01 4.352126607319485863e-01 8.373983739837398410e-01 6.074950690335305659e-01 5.346534653465346842e-01 7.461773700305810442e-01 5.141739980449657743e-01 7.161484453360080771e-01 5.631629701060751891e-01
5.544768069039913705e-01 3.443708609271523002e-01 2.404692082111437035e-01 8.379999999999999671e-01 5.615462868769074412e-01 7.320125130344108388e-01 4.462474645030425902e-01 2.787046123650637752e-01 6.521308225966303551e-01 8.087649402390437725e-01
1.005015045135406293e+00 5.843373493975904109e-01 1.045368620037807172e+00 7.103377686796314983e-01 1.036269430051813378e+00 9.906015037593984829e-01 8.048327137546468224e-01 1.049896049896049899e+00 7.830374753451676550e-01 9.919028340080972006e-01
9.788867562380038079e-01 8.427419354838709964e-01 4.189189189189189144e-01 7.927565392354124496e-01 5.536398467432950277e-01 5.489021956087823950e-01 7.269076305220883993e-01 5.631067961165048263e-01 7.490196078431372584e-01 5.625646328852119682e-01
1.028455284552845628e+00 7.314629258517033605e-01 4.572564612326043831e-01 8.399592252803261827e-01 6.208955223880596730e-01 5.351521511017838240e-01 6.570545829042224728e-01 5.235173824130879838e-01 6.573426573426572883e-01 5.472837022132797102e-01
