Chromosome	Position	Change	Gene	sample0	sample1	sample2	sample3	sample4
1	0	T>C	1	0	0	23	0	0
1	1	G>T	1	0	0	0	0	0
1	2	G>A	1	0	0	31	0	0
1	3	C>T	1	0	0	24	0	0
1	4	T>C	1	0	0	0	0	0
1	5	A>T	1	0	0	23	0	0
1	6	T>C	1	0	0	32	0	0
1	7	A>G	1	0	14	22	0	0
1	8	C>T	1	39	34	21	24	37
1	9	A>T	1	0	0	0	0	0
1	10	G>T	1	43	42	28	31	37
1	11	A>G	1	0	0	32	0	0
1	12	A>G	1	0	0	0	0	0
1	13	T>G	1	0	0	34	0	0
1	14	C>T	1	0	0	27	0	0
1	15	T>A	1	57	56	28	30	30
1	16	C>A	1	0	15	24	0	0
1	17	C>A	1	0	15	21	0	0
1	18	C>A	1	0	19	24	0	0
1	19	T>G	1	0	0	0	0	0
1	20	A>T	1	0	0	30	0	0
1	21	G>A	1	0	19	0	0	0
1	22	G>A	1	0	0	0	0	0
1	23	G>C	1	27	37	23	28	21
1	24	C>T	1	37	35	29	38	31
1	25	T>G	1	51	52	17	25	33
1	26	G>A	1	0	15	26	0	0
1	27	G>A	1	0	0	26	0	0
1	28	G>T	1	0	15	27	0	0
1	29	C>G	1	0	0	0	0	0
1	30	A>C	1	0	0	0	0	0
1	31	A>C	1	60	39	18	29	40
1	32	T>C	1	0	0	21	0	0
1	33	G>A	1	0	0	0	0	0
1	34	T>G	1	0	17	28	0	0
1	35	C>T	1	0	0	0	0	0
1	36	T>A	1	0	0	0	0	0
1	37	T>C	1	0	0	0	0	0
1	38	G>A	1	37	55	26	32	30
1	39	C>G	1	0	0	21	0	0
1	40	C>T	1	0	14	0	0	0
1	41	G>C	1	59	40	21	21	30
1	42	T>A	1	0	0	25	0	0
1	43	T>C	1	0	0	0	0	0
1	44	G>C	1	51	48	23	23	32
1	45	A>G	1	0	0	27	0	0
1	46	T>G	1	0	13	23	0	0
1	47	G>C	1	0	0	33	0	0
1	48	T>G	1	0	0	0	0	0
1	49	G>A	1	53	62	24	32	33
1	50	G>T	1	67	46	25	22	36
1	51	T>G	1	0	14	0	0	0
1	52	A>T	1	39	50	27	30	39
1	53	C>T	1	55	43	29	27	44
1	54	T>A	1	0	0	24	0	0
1	55	T>C	1	0	0	26	0	0
1	56	A>G	1	57	45	28	26	32
1	57	C>A	1	57	39	28	29	45
1	58	A>T	1	56	52	22	32	28
1	59	G>C	1	0	11	0	0	0
1	60	T>G	1	0	0	0	0	0
1	61	T>G	1	0	0	0	0	0
1	62	A>G	1	0	16	33	0	0
1	63	A>T	1	52	52	29	29	34
1	64	T>A	1	0	27	23	0	0
1	65	C>G	1	0	0	0	0	0
1	66	A>C	1	0	0	20	0	0
1	67	A>C	1	65	50	26	27	29
1	68	G>T	1	0	0	0	0	0
1	69	T>G	1	0	0	0	0	0
1	70	T>A	1	0	8	32	0	0
1	71	A>C	1	0	0	26	0	0
1	72	C>G	1	0	0	0	0	0
1	73	G>C	1	52	37	24	34	51
1	74	G>T	1	0	0	0	0	0
1	75	T>C	1	0	12	22	0	0
1	76	T>C	1	0	20	23	0	0
1	77	C>T	1	0	0	0	0	0
1	78	T>C	1	0	0	0	0	0
1	79	C>T	1	0	0	0	0	0
1	80	A>C	1	0	13	0	0	0
1	81	A>C	1	0	0	0	0	0
1	82	G>A	1	35	42	31	36	35
1	83	C>G	1	0	13	21	0	0
1	84	C>A	1	52	50	23	33	36
1	85	A>G	1	17	0	0	0	18
1	86	A>G	1	0	19	24	0	0
1	87	C>A	1	50	38	21	24	41
1	88	T>A	1	0	0	0	0	0
1	89	C>T	1	0	0	0	0	0
1	90	G>C	1	0	0	0	0	0
1	91	C>A	1	0	15	25	0	0
1	92	A>T	1	0	0	0	0	0
1	93	C>T	1	0	0	25	0	0
1	94	G>C	1	0	0	0	0	0
1	95	T>G	1	0	0	0	0	0
1	96	A>T	1	20	27	35	24	17
1	97	G>T	1	0	0	27	0	0
1	98	C>A	1	0	0	23	0	0
1	99	C>A	1	57	52	21	29	39
1	100	G>A	1	0	0	24	0	0
1	101	G>T	1	51	55	24	24	37
1	102	C>G	1	0	0	0	0	0
1	103	C>A	1	0	16	0	0	0
1	104	T>A	1	0	0	0	0	0
1	105	T>G	1	51	56	23	26	34
1	106	T>G	1	0	0	0	0	0
1	107	T>C	1	57	61	26	42	43
1	108	G>A	1	0	0	26	0	0
1	109	C>A	1	0	14	27	0	0
1	110	C>T	1	60	31	24	27	36
1	111	C>T	1	52	50	24	28	36
1	112	C>A	1	0	14	33	0	0
1	113	C>T	1	0	12	14	0	0
1	114	T>G	1	0	0	0	0	0
1	115	A>T	1	0	0	0	0	0
1	116	G>A	1	0	0	25	0	0
1	117	A>T	1	0	0	20	0	0
1	118	G>C	1	51	25	41	22	36
1	119	A>G	1	0	0	25	0	0
1	120	A>T	1	0	0	0	0	0
1	121	T>A	1	0	0	0	0	0
1	122	C>T	1	0	0	0	0	0
1	123	T>G	1	0	0	0	0	0
1	124	G>C	1	0	0	22	0	0
1	125	T>G	1	18	17	39	17	0
1	126	T>C	1	0	16	21	0	0
1	127	G>T	1	57	52	16	25	39
1	128	G>C	1	22	36	24	35	15
1	129	G>T	1	0	11	29	0	0
1	130	T>C	1	43	51	42	42	49
1	131	A>C	1	0	0	27	0	0
1	132	A>C	1	0	0	0	0	0
1	133	G>C	1	0	0	0	0	0
1	134	G>T	1	61	44	18	27	36
1	135	C>T	1	42	33	24	36	26
1	136	T>C	1	0	0	0	0	0
1	137	C>T	1	54	39	21	29	50
1	138	C>A	1	0	0	0	0	0
1	139	C>T	1	43	57	23	27	37
1	140	C>G	1	0	0	0	0	0
1	141	A>G	1	50	58	28	25	45
1	142	C>G	1	0	0	0	0	0
1	143	A>G	1	35	37	23	30	44
1	144	C>T	1	0	0	0	0	0
1	145	G>C	1	0	0	0	0	0
1	146	A>C	1	0	0	0	0	0
1	147	A>T	1	0	0	0	0	0
1	148	T>A	1	0	0	0	0	0
1	149	T>A	1	0	0	0	0	0
1	150	T>C	1	0	0	0	0	0
1	151	T>A	1	0	0	0	0	0
1	152	C>T	1	0	0	0	0	0
1	153	C>G	1	0	0	21	0	0
1	154	T>A	1	0	0	0	0	0
1	155	C>A	1	0	0	0	0	0
1	156	A>C	1	54	44	28	26	41
1	157	C>G	1	78	62	26	30	42
1	158	T>A	1	23	0	0	0	14
1	159	T>G	1	49	58	25	15	27
1	160	G>A	1	63	47	29	30	38
1	161	G>A	1	0	0	0	0	0
1	162	A>T	1	0	0	20	0	0
1	163	C>T	1	0	0	0	0	0
1	164	C>G	1	0	0	0	0	0
1	165	C>T	1	0	0	20	0	0
1	166	G>A	1	0	0	19	0	0
1	167	C>A	1	0	0	28	0	0
1	168	G>A	1	0	0	25	0	0
1	169	C>T	1	49	48	20	34	35
1	170	T>A	1	0	0	0	0	0
1	171	A>G	1	52	53	28	40	37
1	172	C>G	1	0	0	0	0	0
1	173	A>C	1	0	0	0	0	0
1	174	T>G	1	0	0	0	0	0
1	175	C>A	1	0	20	29	0	0
1	176	A>C	1	41	50	25	23	23
1	177	T>G	1	61	50	36	23	37
1	178	T>C	1	0	12	0	0	0
1	179	A>G	1	0	0	19	0	0
1	180	A>T	1	46	60	21	25	33
1	181	G>T	1	0	0	0	0	0
1	182	A>T	1	0	0	0	0	0
1	183	T>G	1	0	0	24	0	0
1	184	A>C	1	0	0	0	0	0
1	185	C>T	1	0	0	21	0	0
1	186	G>T	1	56	57	28	44	34
1	187	C>G	1	0	0	0	0	0
1	188	C>A	1	60	44	29	34	32
1	189	A>T	1	0	0	0	0	0
1	190	A>T	1	48	59	22	30	32
1	191	G>C	1	0	0	0	0	0
1	192	A>T	1	0	13	0	0	0
1	193	T>G	1	0	21	21	0	0
1	194	C>T	1	58	56	17	25	40
1	195	C>T	1	14	0	0	0	18
1	196	A>C	1	0	19	27	0	0
1	197	G>A	1	0	0	0	0	0
1	198	T>G	1	0	0	0	0	0
1	199	G>C	1	0	0	32	0	0
1	200	C>T	1	40	45	20	25	42
1	201	C>T	1	0	0	0	0	0
1	202	C>G	1	0	0	0	0	0
1	203	C>G	1	56	38	22	29	32
1	204	G>C	1	0	0	0	0	0
1	205	C>T	1	62	51	38	64	54
1	206	G>A	1	0	0	26	0	0
1	207	A>G	1	62	53	15	19	36
1	208	G>T	1	0	0	0	0	0
1	209	T>G	1	0	0	18	0	0
1	210	T>A	1	0	0	0	0	0
1	211	T>G	1	0	0	0	0	0
1	212	C>G	1	41	36	18	30	41
1	213	G>A	1	0	0	0	0	0
1	214	A>C	1	0	0	25	0	0
1	215	A>G	1	0	0	24	0	0
1	216	C>G	1	0	0	27	0	0
1	217	C>T	1	50	34	26	28	37
1	218	G>A	1	0	0	0	0	0
1	219	G>A	1	0	14	0	0	0
1	220	T>A	1	54	40	26	33	33
1	221	G>A	1	0	14	0	0	0
1	222	A>T	1	0	0	23	0	0
1	223	G>T	1	0	0	31	0	0
1	224	G>C	1	47	58	25	26	37
1	225	G>T	1	0	15	31	0	0
1	226	A>G	1	0	0	0	0	0
1	227	A>G	1	53	30	36	23	37
1	228	C>T	1	0	0	22	0	0
1	229	T>A	1	0	0	0	0	0
1	230	T>G	1	54	32	26	27	30
1	231	A>G	1	54	46	22	25	36
1	232	T>G	1	0	18	22	0	0
1	233	T>C	1	0	0	0	0	0
1	234	C>A	1	0	0	31	0	0
1	235	G>A	1	53	47	25	45	37
1	236	C>A	1	0	0	0	0	0
1	237	C>G	1	0	21	25	0	0
1	238	C>G	1	0	0	36	0	0
1	239	G>C	1	0	14	37	0	0
1	240	A>G	1	0	0	21	0	0
1	241	C>G	1	0	0	0	0	0
1	242	T>C	1	0	14	28	0	0
1	243	A>T	1	48	48	22	28	37
1	244	G>A	1	0	0	0	0	0
1	245	G>T	1	0	16	22	0	0
1	246	G>C	1	0	0	0	0	0
1	247	C>A	1	38	41	22	33	37
1	248	C>T	1	0	0	0	0	0
1	249	T>C	1	47	48	23	33	36
1	250	G>T	1	0	0	0	0	0
1	251	T>C	1	0	0	0	0	0
1	252	C>G	1	52	51	27	34	24
1	253	A>G	1	56	48	18	34	33
1	254	C>A	1	56	47	24	35	38
1	255	T>A	1	0	0	0	0	0
1	256	G>T	1	55	45	26	29	35
1	257	A>C	1	0	0	0	0	0
1	258	T>A	1	50	54	48	63	44
1	259	T>A	1	0	0	0	0	0
1	260	A>T	1	0	0	0	0	0
1	261	C>G	1	0	15	24	0	0
1	262	G>A	1	0	0	0	0	0
1	263	C>T	1	0	0	0	0	0
1	264	C>T	1	0	0	0	0	0
1	265	G>A	1	0	0	0	0	0
1	266	T>G	1	53	61	23	30	25
1	267	G>C	1	0	0	0	0	0
1	268	A>T	1	0	0	24	0	0
1	269	A>T	1	0	0	0	0	0
1	270	G>C	1	0	0	0	0	0
1	271	C>A	1	0	19	26	0	0
1	272	G>T	1	0	0	0	0	0
1	273	C>T	1	0	0	0	0	0
1	274	A>T	1	0	23	32	0	0
1	275	C>G	1	0	0	20	0	0
1	276	A>C	1	0	0	0	0	0
1	277	T>G	1	0	0	0	0	0
1	278	T>C	1	0	0	0	0	0
1	279	A>T	1	0	0	0	0	0
1	280	C>A	1	0	0	28	0	0
1	281	G>C	1	0	13	0	0	0
1	282	C>T	1	0	0	27	0	0
1	283	G>T	1	0	0	0	0	0
1	284	G>T	1	0	0	27	0	0
1	285	C>G	1	0	0	0	0	0
1	286	C>G	1	50	50	19	31	34
1	287	T>A	1	0	14	34	0	0
1	288	T>G	1	0	0	0	0	0
1	289	C>G	1	0	0	0	0	0
1	290	T>A	1	0	0	0	0	0
1	291	C>G	1	0	11	25	0	0
1	292	T>A	1	0	0	0	0	0
1	293	T>A	1	0	18	32	0	0
1	294	A>C	1	48	31	28	23	33
1	295	C>T	1	0	0	23	0	0
1	296	C>G	1	0	15	17	0	0
1	297	C>A	1	53	48	25	33	33
1	298	A>T	1	46	35	46	44	36
1	299	G>C	1	0	14	23	0	0
