Chromosome	Position	Change	Gene	sample0	sample1	sample2	sample3	sample4
1	0	C>T	1	12	9	0	35	18
1	1	C>G	1	46	46	54	65	57
1	2	T>G	1	0	0	0	0	0
1	3	T>A	1	0	0	0	0	0
1	4	T>A	1	62	52	45	41	46
1	5	A>T	1	55	48	52	57	30
1	6	T>A	1	0	0	0	0	0
1	7	A>T	1	0	0	0	0	0
1	8	C>T	1	0	0	0	0	0
1	9	A>C	1	0	21	0	0	0
1	10	C>A	1	27	41	23	29	15
1	11	G>C	1	19	25	30	0	0
1	12	A>T	1	0	0	0	0	0
1	13	T>A	1	0	0	0	14	0
1	14	G>A	1	12	15	39	0	0
1	15	C>T	1	10	0	24	0	0
1	16	C>G	1	12	10	0	25	19
1	17	T>A	1	0	0	0	13	0
1	18	A>C	1	0	0	0	0	0
1	19	C>A	1	0	7	0	0	21
1	20	A>G	1	0	0	0	0	0
1	21	C>G	1	26	42	33	37	20
1	22	C>G	1	14	29	36	0	0
1	23	A>G	1	58	48	43	41	50
1	24	T>C	1	54	51	39	52	57
1	25	G>T	1	0	0	0	0	0
1	26	C>T	1	48	48	44	53	47
1	27	T>A	1	0	0	0	0	0
1	28	G>T	1	0	0	0	0	0
1	29	G>C	1	8	29	0	27	19
1	30	A>G	1	51	50	54	51	49
1	31	A>T	1	9	20	26	0	0
1	32	T>C	1	0	21	0	0	0
1	33	G>A	1	13	27	0	28	16
1	34	C>T	1	26	9	0	31	21
1	35	G>A	1	45	50	53	53	25
1	36	T>A	1	60	36	57	44	34
1	37	T>G	1	9	0	21	0	0
1	38	C>A	1	24	29	37	33	18
1	39	A>C	1	13	22	34	0	0
1	40	A>G	1	0	0	0	0	0
1	41	G>A	1	0	0	0	0	0
1	42	T>G	1	0	11	0	0	0
1	43	A>T	1	47	53	41	48	41
1	44	G>T	1	0	0	0	17	0
1	45	T>A	1	60	57	57	48	59
1	46	A>T	1	9	0	29	25	0
1	47	G>C	1	0	0	0	0	0
1	48	G>C	1	31	39	27	21	18
1	49	A>G	1	0	0	0	0	0
1	50	C>T	1	0	0	0	0	0
1	51	T>A	1	0	0	0	0	0
1	52	C>G	1	0	23	0	0	0
1	53	T>G	1	0	0	0	0	22
1	54	C>T	1	14	4	0	38	17
1	55	C>G	1	0	15	0	0	0
1	56	T>G	1	0	0	0	0	0
1	57	G>C	1	0	7	0	0	17
1	58	G>A	1	0	0	0	0	0
1	59	C>A	1	10	13	31	0	0
1	60	A>G	1	0	0	0	0	0
1	61	C>G	1	29	44	40	33	26
1	62	T>G	1	16	21	0	34	16
1	63	C>T	1	0	0	0	0	0
1	64	C>G	1	0	0	0	0	0
1	65	C>T	1	0	0	0	0	0
1	66	A>T	1	0	0	0	13	0
1	67	T>A	1	42	41	39	52	33
1	68	T>A	1	40	36	54	56	33
1	69	G>C	1	24	42	40	33	18
1	70	G>T	1	31	32	30	24	19
1	71	C>A	1	0	0	0	0	0
1	72	A>C	1	0	0	0	0	0
1	73	A>C	1	0	0	0	0	0
1	74	C>G	1	0	9	0	0	11
1	75	A>T	1	25	36	29	36	17
1	76	T>A	1	14	0	17	0	0
1	77	C>G	1	56	40	47	65	46
1	78	G>C	1	0	16	0	0	0
1	79	G>T	1	0	0	0	0	0
1	80	C>A	1	48	55	52	57	55
1	81	T>G	1	22	38	30	37	25
1	82	T>G	1	25	39	40	24	10
1	83	C>G	1	0	0	0	7	0
1	84	C>G	1	0	0	0	0	0
1	85	G>C	1	28	33	43	33	29
1	86	C>A	1	0	15	0	0	0
1	87	T>A	1	12	0	30	0	0
1	88	C>T	1	42	51	48	45	55
1	89	G>T	1	38	49	42	58	56
1	90	T>A	1	0	0	0	0	0
1	91	A>G	1	0	0	0	0	0
1	92	T>C	1	18	36	22	33	21
1	93	A>T	1	0	11	0	0	12
1	94	G>A	1	46	56	47	53	45
1	95	G>C	1	0	0	0	0	0
1	96	T>G	1	11	0	13	0	0
1	97	C>T	1	0	0	0	0	11
1	98	A>C	1	0	0	0	0	0
1	99	T>A	1	20	29	0	27	12
1	100	C>A	1	0	0	0	9	0
1	101	G>A	1	0	16	0	0	0
1	102	T>G	1	0	0	0	24	0
1	103	A>G	1	61	47	38	49	53
1	104	T>A	1	0	0	0	15	0
1	105	G>T	1	0	0	0	14	0
1	106	C>G	1	0	15	0	0	0
1	107	A>G	1	0	0	0	0	0
1	108	A>C	1	0	0	0	0	0
1	109	A>T	1	0	0	0	0	0
1	110	G>C	1	11	0	13	16	0
1	111	G>A	1	0	6	0	0	17
1	112	G>C	1	0	0	0	0	0
1	113	C>G	1	32	38	33	21	16
1	114	G>C	1	0	0	0	0	0
1	115	G>C	1	13	0	12	0	0
1	116	C>G	1	0	0	0	0	0
1	117	G>A	1	12	7	0	23	19
1	118	A>G	1	12	0	34	0	0
1	119	G>A	1	0	0	0	0	0
1	120	A>G	1	0	0	0	0	0
1	121	T>A	1	43	53	46	51	47
1	122	T>G	1	0	0	0	15	0
1	123	C>A	1	16	0	10	18	0
1	124	A>T	1	0	0	0	14	0
1	125	T>G	1	0	0	0	0	0
1	126	A>G	1	26	47	26	28	23
1	127	C>G	1	0	0	0	0	0
1	128	G>C	1	8	0	20	19	0
1	129	G>T	1	11	22	21	0	0
1	130	T>A	1	0	0	0	18	0
1	131	T>C	1	39	26	56	39	32
1	132	T>A	1	0	12	0	0	0
1	133	T>G	1	12	8	0	16	18
1	134	T>C	1	13	9	0	27	15
1	135	C>G	1	0	0	0	0	0
1	136	A>C	1	32	47	31	24	15
1	137	A>G	1	0	0	0	12	0
1	138	T>C	1	0	0	0	0	0
1	139	G>A	1	0	0	0	15	0
1	140	G>T	1	0	0	0	10	0
1	141	G>A	1	0	16	0	0	0
1	142	C>G	1	45	43	47	51	67
1	143	A>G	1	10	6	0	36	13
1	144	C>A	1	31	52	36	31	17
1	145	C>G	1	0	0	0	12	0
1	146	G>C	1	0	0	0	0	0
1	147	C>G	1	23	42	30	30	11
1	148	A>C	1	0	0	0	0	0
1	149	C>T	1	0	6	0	0	18
1	150	A>G	1	0	0	0	0	0
1	151	C>T	1	0	0	0	0	0
1	152	A>G	1	0	0	0	14	0
1	153	A>T	1	0	0	0	10	0
1	154	A>T	1	25	19	31	0	0
1	155	A>C	1	0	0	0	0	0
1	156	C>T	1	0	0	0	18	0
1	157	G>A	1	10	0	22	0	0
1	158	G>A	1	0	0	0	0	0
1	159	C>A	1	0	15	0	0	20
1	160	A>C	1	0	0	0	19	0
1	161	A>G	1	0	0	0	0	0
1	162	T>C	1	18	0	17	0	0
1	163	A>T	1	0	0	0	0	0
1	164	T>C	1	28	43	42	29	12
1	165	T>G	1	0	0	0	0	0
1	166	C>G	1	18	16	32	0	0
1	167	C>T	1	0	14	0	0	0
1	168	T>C	1	0	0	0	15	0
1	169	T>C	1	0	0	0	0	0
1	170	T>A	1	0	0	0	14	0
1	171	C>A	1	0	0	0	0	0
1	172	T>G	1	13	11	0	43	14
1	173	T>G	1	0	0	0	10	0
1	174	A>T	1	0	0	0	11	0
1	175	A>G	1	12	0	15	0	0
1	176	T>C	1	0	0	0	19	0
1	177	G>T	1	0	0	0	0	0
1	178	A>G	1	0	10	0	0	0
1	179	T>C	1	14	20	24	0	0
1	180	T>A	1	0	0	0	0	0
1	181	T>C	1	25	47	28	34	17
1	182	T>G	1	14	11	0	12	18
1	183	T>C	1	0	13	0	0	0
1	184	C>T	1	45	71	55	38	60
1	185	G>C	1	0	0	0	0	0
1	186	T>C	1	0	0	0	0	0
1	187	G>T	1	23	44	30	42	17
1	188	A>T	1	0	0	0	0	0
1	189	T>C	1	0	0	0	19	0
1	190	C>G	1	42	45	49	67	62
1	191	C>G	1	0	0	0	0	0
1	192	G>A	1	29	47	34	20	15
1	193	G>C	1	35	43	33	39	24
1	194	G>A	1	45	48	54	47	59
1	195	C>G	1	0	0	0	11	0
1	196	T>C	1	0	10	0	0	13
1	197	G>T	1	0	8	0	0	0
1	198	C>A	1	19	7	0	29	21
1	199	T>A	1	0	0	0	18	0
1	200	C>A	1	0	0	0	0	0
1	201	C>G	1	12	12	0	34	15
1	202	C>A	1	36	43	20	22	23
1	203	A>G	1	0	12	0	0	20
1	204	A>G	1	0	0	0	0	0
1	205	T>C	1	66	40	62	57	36
1	206	C>G	1	0	0	0	0	0
1	207	G>A	1	0	0	0	0	0
1	208	C>A	1	0	13	0	0	0
1	209	T>A	1	0	0	0	0	0
1	210	T>A	1	12	0	43	0	0
1	211	A>T	1	0	0	0	0	0
1	212	G>T	1	0	0	0	0	0
1	213	C>A	1	0	0	0	0	0
1	214	G>T	1	49	46	41	55	28
1	215	G>A	1	0	2	0	0	19
1	216	C>G	1	34	33	35	36	18
1	217	G>C	1	0	0	0	0	0
1	218	A>G	1	0	20	0	0	12
1	219	G>T	1	0	0	0	0	0
1	220	A>C	1	0	0	0	0	0
1	221	T>G	1	31	39	43	40	17
1	222	T>A	1	0	0	0	21	0
1	223	C>G	1	22	13	0	17	12
1	224	C>A	1	0	0	0	0	0
1	225	C>T	1	0	0	0	0	0
1	226	T>C	1	0	0	0	0	0
1	227	T>A	1	0	7	0	0	18
1	228	T>A	1	0	9	0	0	18
1	229	G>C	1	17	18	33	0	0
1	230	T>G	1	30	38	31	19	8
1	231	T>G	1	49	43	50	38	52
1	232	A>T	1	0	0	0	0	0
1	233	T>G	1	29	47	32	36	14
1	234	G>C	1	0	0	0	0	0
1	235	A>T	1	14	26	0	28	11
1	236	A>T	1	0	0	0	0	0
1	237	T>A	1	0	0	0	0	0
1	238	T>A	1	53	38	45	52	52
1	239	C>G	1	0	0	0	0	0
1	240	G>A	1	41	42	28	28	11
1	241	C>G	1	0	0	0	10	0
1	242	T>A	1	0	0	0	0	0
1	243	G>A	1	0	0	0	0	0
1	244	G>A	1	0	0	0	19	0
1	245	T>G	1	0	0	0	0	0
1	246	A>T	1	0	0	0	0	0
1	247	G>C	1	31	30	36	24	18
1	248	G>C	1	38	39	29	33	17
1	249	A>G	1	0	0	0	0	0
1	250	A>T	1	9	11	0	34	17
1	251	T>A	1	0	0	0	21	0
1	252	A>C	1	0	0	0	0	0
1	253	T>A	1	0	9	0	0	18
1	254	G>T	1	0	0	0	0	0
1	255	A>G	1	0	9	0	0	15
1	256	A>T	1	0	0	0	0	0
1	257	T>C	1	10	8	34	0	0
1	258	C>T	1	0	0	0	27	0
1	259	G>A	1	0	0	0	0	0
1	260	A>C	1	0	0	0	0	0
1	261	G>T	1	0	8	0	0	21
1	262	T>G	1	5	0	16	0	0
1	263	A>G	1	24	41	28	34	22
1	264	G>T	1	10	0	14	21	0
1	265	C>A	1	0	0	0	0	0
1	266	C>G	1	11	9	0	27	17
1	267	T>G	1	0	0	0	13	0
1	268	T>C	1	0	0	0	16	0
1	269	A>T	1	0	0	0	17	0
1	270	A>C	1	33	43	28	30	21
1	271	G>T	1	0	0	0	0	0
1	272	T>A	1	14	28	33	0	0
1	273	C>T	1	16	20	0	35	10
1	274	C>T	1	0	0	0	22	0
1	275	A>T	1	15	23	33	0	0
1	276	G>A	1	8	16	23	0	0
1	277	G>A	1	12	10	0	38	17
1	278	C>G	1	25	35	29	24	27
1	279	A>G	1	0	15	0	0	0
1	280	T>C	1	0	0	0	0	0
1	281	T>G	1	0	0	0	0	0
1	282	T>C	1	53	44	48	41	52
1	283	C>T	1	0	0	0	14	0
1	284	G>T	1	0	0	0	15	0
1	285	A>G	1	0	0	0	0	0
1	286	A>C	1	17	7	0	18	16
1	287	C>A	1	0	0	0	0	0
1	288	G>C	1	21	34	23	41	18
1	289	A>C	1	0	19	0	0	12
1	290	T>A	1	9	0	20	0	0
1	291	T>G	1	0	0	0	0	0
1	292	C>A	1	0	0	0	17	0
1	293	C>G	1	0	12	0	0	20
1	294	G>T	1	0	0	0	0	0
1	295	T>A	1	14	16	33	0	0
1	296	T>G	1	0	17	0	0	18
1	297	A>C	1	35	52	44	35	19
1	298	G>T	1	0	0	0	0	0
1	299	T>G	1	0	0	0	11	0
