Chromosome	Position	Change	Gene	sample0	sample1	sample2	sample3	sample4
1	0	G>C	1	99	95	98	112	88
1	1	G>T	1	94	90	91	111	100
1	2	A>G	1	103	96	95	106	109
1	3	A>G	1	94	99	84	86	86
1	4	C>T	1	98	99	105	117	85
1	5	G>A	1	98	100	92	111	74
1	6	T>A	1	102	100	116	98	103
1	7	T>G	1	85	100	104	98	97
1	8	G>C	1	103	93	98	90	117
1	9	T>A	1	110	101	103	104	89
1	10	A>G	1	118	100	93	96	99
1	11	T>C	1	101	92	102	109	92
1	12	A>C	1	93	108	106	97	99
1	13	T>A	1	117	78	104	103	110
1	14	G>T	1	96	98	99	105	110
1	15	C>G	1	98	78	103	97	95
1	16	G>C	1	125	102	123	108	106
1	17	G>A	1	117	100	100	88	97
1	18	A>C	1	113	118	96	110	87
1	19	C>G	1	74	97	90	112	91
1	20	C>G	1	120	99	92	101	99
1	21	T>C	1	107	95	86	98	87
1	22	A>T	1	108	107	94	99	91
1	23	T>A	1	100	110	92	92	94
1	24	G>T	1	87	92	91	94	95
1	25	T>G	1	115	104	98	93	107
1	26	A>C	1	99	91	105	86	95
1	27	G>C	1	89	84	105	72	91
1	28	T>C	1	97	78	97	92	90
1	29	C>T	1	101	97	106	105	106
1	30	T>A	1	93	109	91	92	90
1	31	T>G	1	100	94	116	116	91
1	32	G>T	1	91	97	99	100	94
1	33	G>A	1	102	123	89	87	111
1	34	A>T	1	101	87	103	102	116
1	35	T>C	1	106	86	83	91	105
1	36	T>C	1	94	81	99	86	105
1	37	G>C	1	94	98	110	116	104
1	38	C>A	1	101	113	95	95	107
1	39	A>C	1	106	99	97	100	109
1	40	A>C	1	89	115	106	94	97
1	41	T>G	1	95	86	110	122	108
1	42	G>C	1	92	97	145	108	91
1	43	T>C	1	86	118	98	99	107
1	44	C>T	1	80	78	105	107	114
1	45	G>C	1	98	103	105	97	80
1	46	G>A	1	88	107	95	114	110
1	47	A>T	1	106	126	104	101	105
1	48	A>T	1	108	85	106	100	110
1	49	T>G	1	104	107	93	100	87
1	50	A>T	1	78	113	96	98	107
1	51	A>T	1	112	102	93	100	100
1	52	C>A	1	95	94	110	87	102
1	53	T>G	1	81	93	93	108	104
1	54	C>G	1	111	100	98	88	105
1	55	C>G	1	111	111	114	87	86
1	56	G>C	1	93	92	105	115	104
1	57	G>T	1	105	105	100	99	91
1	58	C>G	1	104	105	91	94	92
1	59	C>A	1	106	104	92	88	101
1	60	T>G	1	93	103	87	117	94
1	61	T>C	1	92	94	91	115	95
1	62	G>T	1	108	93	117	88	89
1	63	A>C	1	103	103	105	97	104
1	64	G>T	1	90	98	100	101	112
1	65	G>A	1	106	101	98	99	106
1	66	T>G	1	94	95	84	117	104
1	67	C>T	1	97	106	96	83	122
1	68	T>C	1	108	87	106	77	96
1	69	T>G	1	102	100	108	100	91
1	70	A>C	1	115	94	107	107	108
1	71	A>C	1	104	95	91	108	91
1	72	C>T	1	73	98	103	112	91
1	73	T>A	1	109	99	94	104	99
1	74	T>C	1	99	104	98	102	87
1	75	C>T	1	93	102	100	103	86
1	76	T>G	1	103	109	97	104	96
1	77	C>A	1	111	109	94	98	104
1	78	A>T	1	104	94	92	110	105
1	79	C>G	1	113	79	87	97	100
1	80	T>C	1	88	106	79	97	120
1	81	T>C	1	92	103	97	97	88
1	82	T>G	1	111	100	97	107	124
1	83	A>G	1	99	92	94	102	89
1	84	T>G	1	116	100	88	95	118
1	85	T>C	1	89	100	108	106	94
1	86	C>A	1	92	103	99	91	96
1	87	T>A	1	112	87	113	100	101
1	88	G>A	1	98	96	91	112	110
1	89	C>G	1	108	95	112	101	119
1	90	T>C	1	91	85	98	117	103
1	91	G>T	1	96	94	89	105	100
1	92	C>G	1	101	115	79	83	103
1	93	C>A	1	116	77	110	120	114
1	94	A>C	1	100	99	93	109	96
1	95	G>A	1	119	112	106	106	79
1	96	C>G	1	109	87	95	103	103
1	97	A>G	1	91	98	121	92	106
1	98	A>T	1	109	114	90	109	124
1	99	G>A	1	118	108	115	114	89
1	100	A>T	1	105	102	110	99	105
1	101	C>G	1	123	88	90	108	96
1	102	G>C	1	108	109	111	97	107
1	103	G>T	1	108	102	84	77	92
1	104	A>C	1	118	111	101	108	102
1	105	T>A	1	102	95	104	80	94
1	106	T>G	1	103	94	103	102	94
1	107	G>T	1	104	87	85	105	100
1	108	G>A	1	95	89	84	126	95
1	109	A>T	1	103	93	84	94	95
1	110	A>G	1	96	103	103	94	100
1	111	C>A	1	88	89	80	98	121
1	112	C>A	1	97	88	84	97	129
1	113	C>T	1	99	125	107	106	96
1	114	G>A	1	100	98	100	110	99
1	115	G>T	1	94	105	111	100	97
1	116	T>C	1	98	101	96	109	98
1	117	T>G	1	112	97	90	104	100
1	118	C>A	1	101	118	102	114	93
1	119	A>G	1	106	107	98	108	95
1	120	C>A	1	107	86	108	96	101
1	121	T>C	1	100	113	101	99	111
1	122	T>G	1	97	94	102	112	97
1	123	A>G	1	115	92	100	102	101
1	124	C>A	1	82	97	85	95	93
1	125	T>A	1	91	117	86	81	96
1	126	G>C	1	84	99	94	114	107
1	127	T>C	1	93	109	86	118	102
1	128	T>C	1	82	92	93	103	102
1	129	A>G	1	90	95	105	96	87
1	130	T>A	1	112	93	92	86	103
1	131	T>G	1	94	97	90	97	103
1	132	T>G	1	104	93	123	90	120
1	133	C>T	1	99	94	88	118	123
1	134	T>G	1	98	118	118	84	106
1	135	T>G	1	101	102	108	105	79
1	136	T>G	1	95	101	100	109	87
1	137	T>C	1	107	97	99	107	107
1	138	G>C	1	96	105	101	90	95
1	139	C>A	1	94	89	108	104	90
1	140	G>C	1	90	95	98	110	117
1	141	C>T	1	97	100	106	104	102
1	142	T>G	1	103	95	114	108	102
1	143	C>G	1	93	94	104	94	113
1	144	C>G	1	91	95	88	116	92
1	145	A>T	1	86	106	100	102	88
1	146	T>G	1	89	99	93	97	97
1	147	T>G	1	110	100	90	95	107
1	148	A>C	1	113	113	98	103	72
1	149	G>A	1	84	103	103	91	83
1	150	A>G	1	100	104	91	94	99
1	151	T>G	1	100	97	102	88	91
1	152	G>C	1	108	93	95	92	92
1	153	T>A	1	115	96	101	117	97
1	154	T>G	1	100	93	102	95	98
1	155	A>C	1	92	90	107	107	100
1	156	A>G	1	95	100	125	105	86
1	157	G>C	1	84	100	104	92	97
1	158	A>T	1	102	93	101	90	101
1	159	T>G	1	107	88	107	103	103
1	160	A>T	1	89	106	104	97	85
1	161	T>A	1	95	87	87	110	113
1	162	T>C	1	105	104	96	97	114
1	163	T>G	1	97	98	103	96	97
1	164	A>C	1	94	106	110	94	96
1	165	C>T	1	96	104	91	121	103
1	166	A>G	1	114	101	93	80	104
1	167	T>G	1	88	108	88	107	104
1	168	C>A	1	107	106	96	100	95
1	169	T>C	1	98	98	90	92	98
1	170	T>G	1	95	101	105	98	106
1	171	G>A	1	115	110	80	87	99
1	172	A>G	1	108	100	103	87	82
1	173	A>T	1	97	86	97	101	110
1	174	G>T	1	90	91	107	95	101
1	175	A>C	1	100	92	90	106	93
1	176	G>T	1	95	91	112	117	92
1	177	A>C	1	85	99	111	94	107
1	178	A>G	1	114	86	91	110	105
1	179	T>A	1	108	112	99	89	112
1	180	C>A	1	108	101	90	97	112
1	181	T>G	1	98	98	98	105	106
1	182	A>C	1	97	109	82	106	106
1	183	T>A	1	78	87	99	115	105
1	184	C>A	1	112	107	86	101	96
1	185	G>T	1	96	83	103	107	96
1	186	A>C	1	108	108	112	100	97
1	187	C>T	1	108	112	96	109	96
1	188	C>T	1	113	92	96	92	92
1	189	G>A	1	105	102	91	88	86
1	190	A>G	1	90	95	110	97	105
1	191	C>T	1	97	109	98	89	94
1	192	G>A	1	100	100	119	94	106
1	193	T>A	1	108	104	92	104	104
1	194	A>G	1	100	107	100	84	99
1	195	A>T	1	93	99	113	105	105
1	196	C>A	1	105	116	101	101	102
1	197	G>C	1	98	92	112	110	102
1	198	G>C	1	106	100	113	102	106
1	199	C>T	1	107	93	112	97	93
1	200	T>G	1	96	100	111	97	106
1	201	G>A	1	97	93	125	111	96
1	202	T>A	1	77	105	83	104	98
1	203	T>C	1	100	101	106	108	95
1	204	A>C	1	88	80	116	113	102
1	205	C>T	1	113	96	98	121	106
1	206	T>A	1	100	105	97	106	93
1	207	C>G	1	89	95	84	93	105
1	208	T>C	1	94	89	97	109	116
1	209	G>T	1	90	102	105	103	107
1	210	A>G	1	103	109	78	112	104
1	211	T>C	1	87	95	91	95	118
1	212	C>G	1	94	104	109	85	109
1	213	A>C	1	116	109	120	105	95
1	214	A>T	1	99	93	88	94	89
1	215	A>T	1	93	110	118	93	109
1	216	G>C	1	99	92	100	97	94
1	217	C>A	1	89	104	84	108	97
1	218	T>G	1	101	109	88	95	110
1	219	C>A	1	91	88	102	94	104
1	220	T>C	1	115	109	117	120	97
1	221	A>G	1	93	107	80	85	110
1	222	C>G	1	96	115	111	113	110
1	223	T>A	1	121	107	113	103	88
1	224	A>C	1	108	101	90	100	102
1	225	T>A	1	100	90	108	110	98
1	226	T>C	1	116	104	111	80	91
1	227	A>C	1	86	95	101	106	112
1	228	A>C	1	98	93	110	101	100
1	229	T>G	1	94	113	89	119	102
1	230	C>G	1	116	113	96	100	104
1	231	C>A	1	108	110	118	92	104
1	232	T>C	1	111	97	90	96	91
1	233	T>G	1	99	105	93	84	84
1	234	C>T	1	100	94	113	106	114
1	235	G>T	1	100	98	104	105	99
1	236	T>C	1	112	81	98	102	85
1	237	G>A	1	128	84	103	112	103
1	238	T>A	1	84	110	89	97	80
1	239	A>T	1	94	96	100	99	88
1	240	G>A	1	108	90	96	126	95
1	241	G>T	1	100	117	94	96	109
1	242	G>C	1	97	92	88	90	99
1	243	A>C	1	93	111	106	107	100
1	244	A>T	1	95	103	95	106	89
1	245	G>A	1	98	122	92	104	78
1	246	G>T	1	88	118	111	88	106
1	247	G>C	1	107	97	96	99	91
1	248	A>T	1	102	102	79	101	103
1	249	A>G	1	112	104	110	110	96
1	250	A>G	1	83	98	101	91	101
1	251	A>C	1	105	81	116	93	96
1	252	G>C	1	119	108	90	112	91
1	253	G>C	1	109	96	102	99	97
1	254	A>C	1	83	108	92	105	104
1	255	G>A	1	99	95	84	86	110
1	256	A>T	1	103	104	94	98	81
1	257	T>G	1	103	93	112	81	104
1	258	T>C	1	96	96	83	100	105
1	259	T>G	1	101	108	114	94	104
1	260	A>G	1	95	99	84	103	98
1	261	G>C	1	124	107	95	101	93
1	262	A>C	1	99	107	97	98	102
1	263	C>T	1	103	105	102	117	90
1	264	T>A	1	101	108	89	95	112
1	265	T>C	1	94	99	97	94	113
1	266	G>A	1	77	87	104	103	104
1	267	C>T	1	97	106	98	104	97
1	268	G>C	1	109	105	105	100	108
1	269	A>C	1	109	88	99	99	102
1	270	C>A	1	92	110	115	79	92
1	271	T>A	1	95	101	94	100	115
1	272	A>C	1	87	93	110	95	104
1	273	T>A	1	89	95	85	100	99
1	274	T>C	1	114	108	99	110	91
1	275	C>G	1	95	92	95	110	101
1	276	A>C	1	84	106	120	95	85
1	277	T>C	1	99	128	103	92	89
1	278	T>G	1	122	90	94	96	106
1	279	T>G	1	101	112	84	81	94
1	280	G>T	1	106	99	89	95	85
1	281	C>T	1	88	89	123	100	92
1	282	A>T	1	86	100	92	92	109
1	283	A>G	1	97	93	98	88	96
1	284	G>T	1	99	111	107	98	115
1	285	C>G	1	97	94	97	101	90
1	286	A>C	1	119	89	110	96	102
1	287	C>A	1	91	83	86	100	105
1	288	C>A	1	92	88	97	103	106
1	289	C>T	1	88	107	103	98	98
1	290	C>G	1	99	105	99	112	113
1	291	C>T	1	109	94	126	97	101
1	292	G>C	1	90	91	104	113	115
1	293	C>T	1	99	121	105	106	111
1	294	T>C	1	96	104	98	105	85
1	295	G>A	1	80	96	110	113	88
1	296	T>A	1	99	103	94	100	86
1	297	G>T	1	102	94	102	94	92
1	298	T>G	1	118	95	93	104	107
1	299	T>C	1	102	104	108	116	89
