Chromosome	Position	Change	Gene	sample0	sample1	sample2	sample3	sample4
1	0	C>G	1	0	0	0	0	0
1	1	C>G	1	0	0	0	0	0
1	2	C>T	1	0	0	0	0	0
1	3	C>T	1	0	0	0	0	0
1	4	T>G	1	18	0	0	0	26
1	5	C>A	1	0	0	0	0	0
1	6	C>G	1	18	0	0	0	0
1	7	G>T	1	17	0	0	0	15
1	8	G>T	1	16	0	17	21	38
1	9	A>G	1	46	46	42	52	55
1	10	G>A	1	20	0	20	11	32
1	11	T>A	1	21	0	0	0	0
1	12	G>A	1	23	0	15	28	44
1	13	A>G	1	51	39	50	44	51
1	14	A>G	1	0	0	14	0	0
1	15	G>T	1	20	0	20	20	26
1	16	T>A	1	17	30	0	0	0
1	17	G>T	1	0	0	0	0	0
1	18	T>A	1	9	24	27	0	13
1	19	T>A	1	0	0	0	0	0
1	20	T>G	1	20	0	11	18	40
1	21	C>A	1	25	28	0	0	0
1	22	C>A	1	0	0	11	0	0
1	23	G>C	1	44	35	53	45	55
1	24	T>G	1	0	0	0	0	0
1	25	A>G	1	0	0	0	0	0
1	26	G>C	1	37	0	0	0	22
1	27	G>A	1	49	52	47	43	44
1	28	C>G	1	22	24	39	0	13
1	29	G>A	1	0	0	16	0	0
1	30	T>C	1	12	0	0	0	0
1	31	A>T	1	44	46	56	52	54
1	32	T>G	1	12	0	0	0	0
1	33	C>G	1	15	0	11	17	36
1	34	A>T	1	52	43	56	61	46
1	35	T>G	1	15	0	18	20	35
1	36	A>T	1	20	0	0	0	0
1	37	T>G	1	26	0	0	0	0
1	38	A>G	1	12	0	14	24	40
1	39	T>C	1	0	22	0	0	15
1	40	A>T	1	26	0	15	29	23
1	41	A>T	1	0	0	0	0	0
1	42	G>A	1	17	23	0	0	0
1	43	A>G	1	9	19	37	0	12
1	44	T>G	1	30	0	11	16	39
1	45	C>A	1	19	0	0	0	0
1	46	C>G	1	26	0	0	0	0
1	47	G>A	1	22	0	0	0	0
1	48	A>G	1	20	0	22	28	37
1	49	C>T	1	11	0	18	27	35
1	50	G>T	1	0	27	0	0	11
1	51	A>G	1	0	0	0	0	0
1	52	A>C	1	0	0	0	0	0
1	53	A>C	1	12	25	25	0	18
1	54	T>A	1	11	32	30	0	17
1	55	G>A	1	0	0	0	0	0
1	56	T>A	1	0	0	0	0	0
1	57	C>G	1	43	39	51	44	36
1	58	G>C	1	11	0	0	0	0
1	59	G>T	1	18	0	0	0	0
1	60	A>T	1	0	0	0	26	0
1	61	G>C	1	11	23	35	0	12
1	62	C>G	1	13	25	0	0	0
1	63	G>A	1	13	0	0	0	0
1	64	C>A	1	8	0	0	0	0
1	65	C>A	1	23	0	0	0	19
1	66	T>G	1	0	0	0	0	0
1	67	A>C	1	0	0	0	21	0
1	68	T>G	1	20	0	0	0	0
1	69	G>T	1	49	35	47	49	53
1	70	T>A	1	16	24	37	0	13
1	71	A>C	1	46	47	41	49	41
1	72	T>C	1	54	48	58	48	58
1	73	T>G	1	19	0	15	20	46
1	74	A>T	1	0	0	0	0	0
1	75	T>C	1	50	59	59	51	42
1	76	A>C	1	16	28	0	0	0
1	77	A>T	1	28	0	0	0	0
1	78	A>C	1	48	22	18	55	45
1	79	C>A	1	18	24	0	0	0
1	80	A>G	1	18	0	0	0	0
1	81	G>C	1	18	0	19	29	41
1	82	T>A	1	0	0	22	0	0
1	83	C>T	1	21	0	0	0	0
1	84	T>A	1	42	55	51	38	45
1	85	C>A	1	47	54	51	52	52
1	86	T>A	1	0	0	0	0	0
1	87	T>C	1	15	0	14	19	45
1	88	A>C	1	22	0	23	26	31
1	89	C>G	1	0	0	0	28	0
1	90	A>C	1	24	0	0	0	0
1	91	A>G	1	15	21	33	0	14
1	92	A>C	1	59	40	63	51	54
1	93	C>T	1	0	0	0	0	0
1	94	C>A	1	0	0	0	0	0
1	95	A>G	1	21	0	15	33	26
1	96	G>A	1	51	55	53	47	48
1	97	T>C	1	11	16	35	0	9
1	98	T>A	1	24	0	17	29	39
1	99	A>T	1	0	0	0	0	0
1	100	T>A	1	11	0	13	28	50
1	101	T>A	1	0	0	9	0	0
1	102	G>T	1	18	0	0	0	0
1	103	T>C	1	0	0	0	0	0
1	104	T>C	1	21	0	12	35	47
1	105	T>A	1	15	26	39	0	10
1	106	C>G	1	0	0	12	0	0
1	107	G>C	1	17	30	0	0	0
1	108	G>A	1	20	27	0	0	0
1	109	T>A	1	0	18	0	0	15
1	110	T>C	1	19	23	33	0	14
1	111	G>C	1	50	53	57	58	41
1	112	A>T	1	39	45	47	38	45
1	113	T>C	1	52	38	47	51	45
1	114	A>T	1	48	51	44	49	42
1	115	T>C	1	46	58	53	52	55
1	116	T>A	1	33	0	0	0	0
1	117	T>G	1	0	0	0	0	0
1	118	G>T	1	52	51	43	62	45
1	119	T>C	1	38	37	20	58	34
1	120	G>T	1	26	0	17	16	31
1	121	T>A	1	0	0	0	0	0
1	122	T>A	1	0	0	0	0	0
1	123	G>C	1	49	66	44	50	39
1	124	C>T	1	16	0	19	19	32
1	125	A>T	1	0	0	9	0	0
1	126	T>A	1	0	0	16	0	0
1	127	C>G	1	19	0	0	0	0
1	128	C>G	1	22	29	34	0	7
1	129	C>A	1	12	35	0	0	0
1	130	G>C	1	0	0	0	0	0
1	131	T>A	1	0	0	0	0	0
1	132	A>C	1	7	20	30	0	7
1	133	C>G	1	16	28	0	0	0
1	134	C>T	1	22	0	0	0	0
1	135	G>T	1	0	0	0	0	0
1	136	A>G	1	17	0	19	30	39
1	137	A>G	1	0	0	0	0	0
1	138	C>A	1	29	0	0	0	14
1	139	G>A	1	18	0	15	28	32
1	140	C>T	1	18	15	33	0	7
1	141	A>C	1	0	0	0	0	0
1	142	A>T	1	51	51	42	48	60
1	143	T>G	1	43	48	55	46	48
1	144	C>T	1	19	0	13	26	39
1	145	C>G	1	36	25	13	55	39
1	146	T>A	1	25	0	0	0	0
1	147	A>C	1	31	22	13	54	31
1	148	G>T	1	0	0	0	0	0
1	149	T>C	1	13	17	41	0	15
1	150	G>T	1	0	0	14	0	0
1	151	C>G	1	0	0	0	0	0
1	152	C>T	1	10	20	29	0	17
1	153	G>C	1	18	0	0	0	0
1	154	T>C	1	52	49	56	46	44
1	155	G>A	1	0	0	0	0	0
1	156	G>T	1	53	60	58	41	69
1	157	A>G	1	33	52	52	53	45
1	158	C>G	1	0	0	0	0	0
1	159	T>A	1	0	0	0	0	0
1	160	A>T	1	0	0	0	0	0
1	161	C>T	1	22	0	0	0	17
1	162	A>T	1	51	53	56	68	47
1	163	C>G	1	16	17	34	0	9
1	164	A>C	1	17	0	0	0	0
1	165	A>T	1	0	0	0	0	0
1	166	T>G	1	22	0	32	0	0
1	167	A>T	1	51	40	57	44	53
1	168	A>G	1	8	26	35	0	9
1	169	C>A	1	0	0	0	0	0
1	170	C>A	1	42	54	60	49	61
1	171	C>A	1	16	38	0	0	0
1	172	T>G	1	0	0	0	0	0
1	173	C>G	1	8	22	20	0	8
1	174	T>G	1	13	15	28	0	16
1	175	G>C	1	28	0	19	26	32
1	176	T>A	1	50	59	43	57	59
1	177	C>G	1	27	0	26	23	31
1	178	A>G	1	53	57	52	47	50
1	179	C>T	1	0	0	0	0	0
1	180	G>C	1	25	0	0	0	0
1	181	T>A	1	10	26	36	0	7
1	182	G>A	1	0	0	0	28	0
1	183	G>C	1	0	0	10	0	0
1	184	A>T	1	0	0	0	0	0
1	185	T>G	1	19	0	0	0	0
1	186	T>C	1	19	0	21	20	49
1	187	T>C	1	50	45	61	57	42
1	188	T>G	1	0	0	0	0	0
1	189	A>G	1	67	49	50	50	48
1	190	C>G	1	0	0	0	0	0
1	191	C>A	1	29	0	0	0	0
1	192	C>T	1	0	0	15	0	0
1	193	G>C	1	0	0	0	0	0
1	194	T>A	1	0	0	0	0	0
1	195	C>A	1	0	0	4	0	0
1	196	C>T	1	14	19	50	0	13
1	197	G>A	1	50	58	52	46	39
1	198	T>C	1	0	0	0	8	0
1	199	C>G	1	0	0	0	0	0
