Chromosome	Position	Change	Gene	sample0	sample1	sample2	sample3	sample4
1	0	A>C	1	95	106	101	102	112
1	1	A>T	1	88	83	102	116	99
1	2	T>A	1	82	90	103	106	97
1	3	G>C	1	90	120	109	101	96
1	4	C>G	1	113	97	94	84	93
1	5	T>G	1	98	111	106	109	87
1	6	C>T	1	140	102	104	100	98
1	7	G>T	1	97	104	106	97	93
1	8	C>A	1	105	112	98	99	116
1	9	A>C	1	108	99	82	82	92
1	10	C>A	1	110	100	103	84	104
1	11	A>C	1	97	107	99	100	102
1	12	C>G	1	115	86	106	76	115
1	13	A>C	1	89	118	101	110	91
1	14	G>T	1	114	111	113	107	111
1	15	G>A	1	92	91	95	93	89
1	16	C>G	1	116	118	75	100	111
1	17	T>C	1	101	84	95	90	105
1	18	T>C	1	96	97	108	110	97
1	19	A>T	1	110	107	105	98	99
1	20	G>A	1	100	84	105	100	101
1	21	T>A	1	99	102	108	91	86
1	22	C>A	1	110	88	106	90	100
1	23	T>G	1	115	117	101	117	100
1	24	C>T	1	99	108	105	89	90
1	25	T>G	1	87	118	97	95	109
1	26	C>G	1	101	102	101	86	106
1	27	T>A	1	119	98	120	113	96
1	28	T>A	1	111	94	100	104	101
1	29	T>C	1	101	103	92	110	86
1	30	T>G	1	108	85	105	92	110
1	31	C>A	1	102	98	93	99	101
1	32	G>A	1	114	104	89	107	95
1	33	G>T	1	94	76	102	96	111
1	34	A>C	1	100	105	91	95	96
1	35	T>A	1	96	95	101	111	92
1	36	C>T	1	106	107	102	114	108
1	37	C>T	1	96	107	102	109	79
1	38	T>A	1	114	106	97	115	106
1	39	T>A	1	80	98	87	94	89
1	40	G>T	1	97	104	111	105	105
1	41	A>C	1	91	83	100	93	86
1	42	T>A	1	101	95	90	88	94
1	43	G>C	1	96	94	93	116	122
1	44	T>G	1	81	104	88	104	97
1	45	T>C	1	96	116	100	110	90
1	46	A>G	1	93	92	102	91	80
1	47	G>T	1	83	107	98	82	80
1	48	C>G	1	85	96	95	93	96
1	49	T>G	1	105	109	109	104	84
1	50	T>A	1	84	98	95	98	96
1	51	G>T	1	110	101	108	105	111
1	52	C>T	1	98	104	101	92	112
1	53	G>A	1	98	124	103	99	97
1	54	T>G	1	108	91	102	110	117
1	55	A>C	1	130	103	78	96	102
1	56	T>G	1	98	111	122	106	95
1	57	G>T	1	106	103	103	95	99
1	58	G>C	1	96	101	96	106	106
1	59	T>C	1	109	95	85	96	96
1	60	T>C	1	113	114	93	88	110
1	61	T>A	1	110	82	123	123	99
1	62	G>T	1	101	90	99	93	94
1	63	A>C	1	110	88	112	103	90
1	64	A>C	1	99	114	110	110	101
1	65	G>C	1	95	107	93	105	113
1	66	G>T	1	99	84	95	101	96
1	67	C>G	1	94	99	82	84	106
1	68	G>A	1	102	101	95	92	99
1	69	T>G	1	98	102	109	107	99
1	70	C>A	1	102	111	126	102	102
1	71	T>C	1	94	115	100	87	93
1	72	T>C	1	109	91	92	101	107
1	73	C>A	1	94	103	86	93	100
1	74	T>G	1	95	106	110	96	94
1	75	G>A	1	114	98	103	99	88
1	76	A>G	1	104	103	96	97	108
1	77	G>A	1	100	90	103	101	91
1	78	G>C	1	98	74	93	109	110
1	79	A>T	1	84	98	108	96	101
1	80	A>C	1	103	107	111	87	102
1	81	A>G	1	121	110	88	101	114
1	82	T>C	1	99	120	101	96	101
1	83	A>C	1	109	84	110	104	100
1	84	G>C	1	95	108	85	97	115
1	85	T>G	1	100	86	118	94	92
1	86	T>C	1	86	98	92	96	82
1	87	G>T	1	108	92	96	94	99
1	88	C>A	1	101	116	109	91	97
1	89	G>C	1	101	104	123	112	96
1	90	T>A	1	106	112	112	79	86
1	91	T>G	1	93	105	102	91	94
1	92	T>A	1	90	101	113	108	120
1	93	G>C	1	99	85	105	92	90
1	94	A>T	1	97	79	104	115	98
1	95	C>T	1	78	107	101	103	88
1	96	A>C	1	100	103	106	91	100
1	97	C>T	1	84	111	90	100	86
1	98	C>T	1	107	93	111	93	111
1	99	T>G	1	106	95	96	113	93
1	100	T>G	1	107	124	122	85	82
1	101	C>A	1	109	116	87	117	90
1	102	G>T	1	94	104	99	99	115
1	103	G>A	1	106	112	71	107	123
1	104	A>G	1	107	94	95	101	120
1	105	T>G	1	103	89	88	109	97
1	106	C>T	1	97	96	111	101	102
1	107	T>A	1	115	93	88	97	105
1	108	A>C	1	89	94	81	77	88
1	109	C>G	1	98	109	99	101	113
1	110	C>G	1	114	93	74	106	77
1	111	T>C	1	101	101	110	98	99
1	112	C>T	1	93	104	87	109	103
1	113	A>G	1	97	99	113	90	84
1	114	G>A	1	95	93	109	114	92
1	115	T>A	1	101	112	101	97	102
1	116	C>A	1	95	97	106	112	98
1	117	T>G	1	93	96	108	106	94
1	118	A>C	1	100	98	101	106	111
1	119	C>G	1	96	100	103	105	111
1	120	G>T	1	100	87	108	104	90
1	121	G>T	1	96	99	99	95	94
1	122	C>G	1	88	79	107	109	104
1	123	G>C	1	110	107	93	76	79
1	124	A>C	1	108	98	103	103	97
1	125	A>C	1	87	88	95	90	111
1	126	A>G	1	101	104	90	98	97
1	127	T>A	1	93	112	101	104	90
1	128	T>G	1	118	97	99	110	83
1	129	A>G	1	104	85	98	106	97
1	130	G>T	1	113	87	84	112	110
1	131	G>A	1	93	107	99	102	113
1	132	G>A	1	104	89	101	95	114
1	133	A>G	1	98	97	110	97	99
1	134	G>C	1	90	102	94	113	111
1	135	T>C	1	94	99	120	109	112
1	136	T>G	1	109	103	121	107	121
1	137	C>T	1	106	98	103	107	112
1	138	C>G	1	115	83	93	101	107
1	139	T>C	1	105	90	100	92	96
1	140	C>A	1	78	104	91	93	98
1	141	A>C	1	94	93	115	107	105
1	142	A>G	1	110	131	104	87	92
1	143	G>T	1	128	107	116	118	101
1	144	C>A	1	100	92	110	80	78
1	145	G>C	1	92	107	105	104	96
1	146	A>T	1	125	87	103	99	107
1	147	C>G	1	84	87	94	97	121
1	148	A>C	1	107	110	90	104	117
1	149	A>T	1	97	104	98	97	100
1	150	G>T	1	94	107	93	75	89
1	151	A>C	1	111	87	100	112	110
1	152	A>C	1	105	95	81	111	107
1	153	A>G	1	103	82	87	83	105
1	154	A>G	1	97	98	103	90	96
1	155	A>C	1	97	100	97	86	104
1	156	A>G	1	93	84	92	93	110
1	157	A>C	1	94	106	114	94	104
1	158	G>C	1	109	100	109	113	100
1	159	C>G	1	80	113	101	123	95
1	160	G>A	1	127	99	107	90	80
1	161	T>C	1	119	98	86	107	119
1	162	G>A	1	95	110	112	80	88
1	163	T>C	1	88	105	111	121	112
1	164	T>A	1	103	93	94	111	88
1	165	G>A	1	100	100	93	102	112
1	166	A>T	1	103	99	85	93	101
1	167	A>T	1	94	99	97	110	104
1	168	C>A	1	90	100	103	107	102
1	169	G>C	1	102	104	103	105	118
1	170	G>C	1	118	120	113	94	89
1	171	G>C	1	100	99	83	106	99
1	172	A>C	1	101	92	108	109	77
1	173	T>G	1	92	110	106	97	112
1	174	G>C	1	116	80	99	98	110
1	175	G>A	1	87	96	104	100	107
1	176	C>A	1	106	107	75	91	100
1	177	T>C	1	91	101	115	86	87
1	178	A>G	1	107	109	113	97	80
1	179	A>C	1	108	116	93	96	82
1	180	T>C	1	109	105	94	98	103
1	181	T>A	1	98	92	125	95	101
1	182	T>G	1	112	84	91	99	89
1	183	T>A	1	105	110	109	100	95
1	184	T>A	1	96	90	100	107	92
1	185	C>G	1	95	78	100	83	110
1	186	T>G	1	115	107	104	102	88
1	187	G>C	1	88	85	91	84	104
1	188	G>C	1	99	92	92	101	107
1	189	A>T	1	100	97	93	113	115
1	190	G>A	1	103	90	108	98	95
1	191	G>C	1	105	103	83	102	121
1	192	C>T	1	99	95	92	109	107
1	193	G>T	1	91	96	106	105	107
1	194	T>C	1	100	94	104	109	101
1	195	T>A	1	94	103	113	82	97
1	196	G>C	1	88	111	89	106	106
1	197	G>A	1	112	118	106	109	97
1	198	T>A	1	99	90	112	110	102
1	199	T>G	1	84	114	98	100	88
