Chromosome	Position	Change	Gene	sample0	sample1	sample2	sample3	sample4
1	0	A>G	1	1052	1001	1023	1015	964
1	1	A>G	1	990	1022	985	1001	954
1	2	T>G	1	967	993	999	1009	1009
1	3	A>G	1	1018	1007	1011	998	997
1	4	A>G	1	968	949	1046	1016	996
1	5	G>C	1	993	987	917	1007	963
1	6	T>G	1	1004	1000	953	1018	1000
1	7	C>T	1	1013	1002	1010	1030	1003
1	8	C>T	1	1010	1030	1000	1023	1023
1	9	G>T	1	1014	997	984	976	1003
1	10	G>A	1	998	1054	956	1049	998
1	11	C>G	1	1020	974	1010	1024	997
1	12	A>T	1	1041	1043	1016	1034	961
1	13	C>A	1	958	1013	1025	1016	1037
1	14	A>G	1	1009	992	1010	1023	1010
1	15	T>C	1	997	1002	954	1064	1002
1	16	T>C	1	964	1036	998	1000	983
1	17	T>A	1	950	983	953	986	962
1	18	T>C	1	980	1024	1029	972	1042
1	19	A>T	1	1056	1004	1045	1028	1036
1	20	T>C	1	981	993	1002	992	1006
1	21	G>T	1	1062	1024	1003	1000	1013
1	22	T>G	1	996	1016	1026	1049	955
1	23	C>A	1	1055	989	1019	976	921
1	24	C>G	1	1021	1013	984	971	1054
1	25	A>C	1	1012	1025	976	1021	951
1	26	G>C	1	1035	958	1060	990	984
1	27	T>A	1	994	1031	983	1022	989
1	28	A>G	1	1009	987	1022	952	1029
1	29	T>G	1	998	1056	1011	978	988
1	30	A>G	1	945	953	1027	980	1051
1	31	A>T	1	1075	1001	996	972	950
1	32	C>T	1	938	991	972	1019	1082
1	33	G>T	1	1039	1001	999	1030	1004
1	34	A>T	1	1003	1021	990	983	1054
1	35	G>A	1	1043	996	933	999	990
1	36	C>A	1	971	1037	974	1004	997
1	37	A>T	1	1007	1027	1063	1045	985
1	38	T>G	1	1023	1029	1002	1026	963
1	39	C>A	1	1043	1012	1004	961	991
1	40	A>T	1	1028	970	1017	936	1012
1	41	T>G	1	1019	989	983	1012	941
1	42	G>T	1	1004	994	978	1002	1026
1	43	C>T	1	1025	1024	1029	1009	986
1	44	C>A	1	997	1024	967	1053	976
1	45	G>T	1	989	1004	985	963	1025
1	46	G>A	1	1043	1011	979	1012	1013
1	47	A>G	1	998	975	1025	1042	974
1	48	G>C	1	996	996	1053	1020	1011
1	49	T>C	1	995	963	1025	978	933
1	50	G>A	1	996	979	977	936	1036
1	51	G>T	1	1017	959	1006	1040	993
1	52	T>C	1	969	1011	991	988	950
1	53	T>C	1	980	1020	990	971	1030
1	54	T>A	1	964	943	982	1014	977
1	55	T>G	1	969	979	1001	984	956
1	56	G>A	1	1009	1006	989	994	999
1	57	G>T	1	1071	991	1054	968	982
1	58	C>T	1	967	1041	962	1031	1009
1	59	A>T	1	973	992	1052	990	959
1	60	T>C	1	1012	988	1065	1032	992
1	61	T>G	1	970	1058	988	954	1007
1	62	G>T	1	952	979	982	1080	1000
1	63	A>T	1	1000	993	977	998	993
1	64	T>A	1	962	997	993	1036	1039
1	65	A>G	1	993	1004	1007	1002	1082
1	66	C>T	1	962	1063	1030	982	946
1	67	T>G	1	981	983	975	1018	1057
1	68	T>G	1	1006	1061	1017	1039	1001
1	69	C>A	1	1031	936	996	1050	974
1	70	A>C	1	977	1003	979	967	1030
1	71	G>C	1	1034	986	1053	970	1017
1	72	A>G	1	992	966	941	1006	1009
1	73	C>T	1	1040	1049	1016	970	982
1	74	C>G	1	931	973	1016	1051	976
1	75	C>T	1	1018	1039	955	955	980
1	76	A>G	1	973	1018	1004	1018	1043
1	77	A>C	1	979	1003	946	991	949
1	78	T>A	1	1003	992	974	1063	962
1	79	G>A	1	1008	989	1007	955	1012
1	80	A>T	1	1033	969	1007	1032	1007
1	81	A>G	1	1015	1054	1071	974	977
1	82	T>G	1	1000	1010	986	1004	992
1	83	G>T	1	970	1031	983	997	996
1	84	T>C	1	1012	1027	1009	1010	1036
1	85	T>C	1	989	996	980	934	1031
1	86	A>C	1	1015	990	990	997	1015
1	87	A>C	1	957	1041	972	1010	1026
1	88	A>C	1	966	987	1002	957	996
1	89	G>A	1	979	1006	941	1019	957
1	90	C>G	1	960	1025	1020	1016	958
1	91	G>C	1	1025	1022	1000	1008	1000
1	92	C>A	1	990	975	970	984	971
1	93	G>C	1	1033	1012	941	1027	990
1	94	C>G	1	1022	959	997	974	1013
1	95	C>A	1	1062	1022	1093	957	993
1	96	C>T	1	998	967	987	1015	944
1	97	T>G	1	999	938	1011	989	974
1	98	C>A	1	932	1015	975	966	1012
1	99	C>G	1	979	1019	982	956	999
