gene_id	sample0	sample0	sample1	sample1	sample2	sample2	sample3	sample3	sample4	sample4	sample5	sample5	sample6	sample6	sample7	sample7	sample8	sample8	sample9	sample9
0	107	0	103	0	89	0	80	30	63	16	104	0	90	19	79	11	91	17	84	19
1	106	0	87	0	98	0	87	0	87	0	96	0	96	0	114	0	104	0	100	0
2	73	15	99	16	110	0	99	0	94	0	102	0	93	14	109	0	107	0	112	0
3	96	0	94	0	102	0	91	36	91	28	109	0	78	20	62	21	72	15	80	22
4	79	16	89	9	57	26	85	22	97	0	116	0	85	14	84	0	107	11	103	0
5	75	19	66	13	109	0	102	0	113	0	96	0	92	16	92	0	114	0	95	0
6	85	16	86	15	109	0	118	0	101	0	96	0	104	13	100	0	102	0	110	0
7	87	7	90	9	77	25	88	24	92	0	94	0	82	11	85	0	82	12	104	0
8	105	0	89	0	106	0	77	13	87	19	95	0	78	17	89	12	99	13	75	26
9	100	25	72	12	103	0	104	0	106	0	109	0	96	18	118	0	95	0	114	0
10	98	0	79	0	71	26	93	0	98	0	114	0	96	0	120	0	84	0	90	0
11	79	8	99	11	96	0	120	0	95	0	94	0	105	16	101	0	92	0	102	0
12	77	21	80	16	72	38	80	27	90	0	116	0	91	23	88	0	76	18	95	0
13	79	14	82	12	97	0	91	0	96	0	111	0	83	16	107	0	101	0	97	0
14	90	17	94	12	108	0	96	0	104	0	89	0	81	16	88	0	122	0	84	0
15	108	0	106	0	96	0	67	20	84	18	106	0	83	23	75	22	76	14	68	32
16	114	0	103	0	72	30	110	0	107	0	94	0	101	0	95	0	86	0	110	0
17	85	12	92	13	51	32	83	19	98	0	99	0	83	16	86	0	90	14	97	0
18	88	22	90	0	127	0	97	0	88	0	103	0	102	0	93	20	79	18	100	0
19	87	0	109	0	102	0	118	0	115	0	86	0	78	0	110	0	84	0	99	0
20	102	0	86	0	97	0	74	22	83	20	95	0	88	22	86	21	86	10	75	27
21	85	11	100	0	92	0	90	0	93	0	112	0	80	0	65	16	88	15	113	0
22	82	9	109	11	103	0	99	0	95	0	103	0	94	10	110	0	113	0	89	0
23	78	20	75	19	61	48	68	28	108	0	87	0	89	20	114	0	88	16	106	0
24	72	16	110	21	96	0	100	0	106	0	101	0	85	12	111	0	84	0	116	0
25	80	13	94	19	62	33	73	21	103	0	102	0	100	20	97	0	85	19	93	0
26	97	0	83	13	111	0	96	0	71	13	118	0	91	15	97	0	90	0	103	0
27	84	0	115	0	98	0	76	30	95	26	112	0	69	35	82	18	89	17	64	29
28	115	0	95	0	70	53	113	0	93	0	104	0	110	0	126	0	107	0	94	0
29	87	12	97	5	75	30	82	22	115	0	99	0	80	13	93	0	101	16	79	0
30	110	0	87	0	108	0	87	0	85	0	129	0	110	0	78	0	105	0	103	0
31	78	16	92	21	69	28	92	27	105	0	106	0	78	15	102	0	88	13	93	0
32	98	0	97	0	67	40	110	0	90	0	100	0	102	0	94	0	92	0	104	0
33	87	18	88	0	93	0	88	0	93	0	85	0	81	0	106	22	70	16	94	0
34	93	0	66	0	91	0	73	23	86	22	83	0	84	24	76	24	106	15	86	19
35	70	36	84	4	90	13	113	0	79	25	61	25	103	0	72	32	80	12	92	13
36	75	15	110	11	97	0	102	0	96	0	98	0	70	20	92	0	111	0	95	0
37	88	19	91	16	65	39	78	23	90	0	104	0	76	17	107	0	83	11	85	0
38	106	0	76	0	103	0	81	25	90	20	107	0	53	16	73	20	91	12	78	22
39	81	15	89	24	115	0	98	0	81	0	88	0	88	24	101	0	107	0	113	0
40	91	0	91	0	94	0	73	28	93	18	93	0	78	18	63	18	87	10	73	35
41	66	25	109	0	97	0	92	0	100	0	98	0	101	0	70	18	86	15	93	0
42	78	13	100	9	93	0	93	0	86	0	119	0	83	18	94	0	110	0	104	0
43	62	27	114	0	98	0	120	0	80	0	90	0	110	0	78	18	82	15	93	0
44	85	14	84	16	96	0	97	0	112	0	113	0	86	27	115	0	96	0	104	0
45	102	0	113	0	106	0	75	19	69	21	92	0	85	31	70	18	70	10	76	23
46	85	27	96	0	105	0	98	0	106	0	94	0	109	0	82	16	91	15	108	0
47	96	0	101	0	109	0	77	32	66	20	99	0	80	19	62	19	93	13	78	22
48	81	17	98	0	103	0	122	0	106	0	87	0	101	0	72	17	79	14	80	0
49	120	0	84	0	100	0	64	25	81	14	100	0	89	22	64	22	81	11	70	28
50	106	0	102	0	82	0	74	21	87	17	88	0	99	23	76	13	90	14	74	19
51	95	0	94	0	62	43	94	0	80	0	106	0	94	0	101	0	114	0	111	0
52	81	11	91	13	97	0	107	0	90	0	101	0	91	13	112	0	82	0	111	0
53	84	16	84	19	66	31	78	20	109	0	77	0	91	14	118	0	92	14	109	0
54	64	22	104	0	118	0	108	0	97	0	108	0	98	0	82	20	86	17	95	0
55	85	13	92	12	102	0	98	0	104	0	104	0	79	11	92	0	99	0	106	0
56	92	0	107	0	86	0	60	30	75	24	94	0	76	19	78	21	99	15	65	21
57	95	0	89	0	97	0	68	31	87	16	96	0	100	18	74	19	90	18	88	30
58	88	12	68	13	100	0	112	0	120	0	84	0	78	16	94	0	101	0	90	0
59	81	8	80	6	96	0	88	0	108	0	102	0	78	8	109	0	94	0	99	0
60	72	18	88	17	74	36	82	22	88	0	97	0	92	16	112	0	82	7	110	0
61	83	17	83	12	99	0	93	0	90	0	101	0	89	8	111	0	98	0	105	0
62	83	15	91	10	81	29	68	32	80	0	89	0	97	15	101	0	82	16	113	0
63	87	0	92	0	74	26	94	0	84	0	89	0	95	0	110	0	92	0	89	0
64	101	0	80	12	96	0	104	0	90	11	93	0	94	10	111	0	98	0	114	0
65	71	29	73	14	85	13	108	0	85	25	78	19	96	0	77	43	94	8	99	13
66	69	48	85	14	88	23	108	0	84	9	84	0	124	0	64	25	94	8	86	9
67	107	0	109	0	75	39	111	0	100	0	85	0	92	0	85	0	105	0	102	0
68	86	29	114	0	103	0	90	0	86	0	90	0	92	0	75	19	83	15	107	0
69	82	20	75	18	74	27	91	27	96	0	91	0	94	14	95	0	97	10	92	0
70	91	0	102	0	104	0	80	24	85	22	108	0	85	22	99	22	85	21	86	25
71	71	28	89	16	77	22	88	0	72	26	72	26	104	0	67	35	73	18	87	10
72	75	19	109	0	96	0	108	0	104	0	90	0	106	0	90	20	97	17	101	0
73	109	0	97	0	100	0	74	23	57	21	97	0	83	25	92	15	80	14	92	13
74	81	14	70	13	63	31	86	29	117	0	109	0	95	15	89	0	68	15	117	0
75	76	12	79	14	103	0	97	0	100	0	115	0	78	8	83	0	111	0	104	0
76	82	19	91	11	101	0	105	0	100	0	94	0	84	14	101	0	103	0	103	0
77	80	11	92	18	85	0	92	0	108	0	94	0	74	12	100	0	95	0	96	0
78	97	0	104	0	79	22	109	0	92	0	90	0	99	0	117	0	101	0	120	0
79	100	0	95	0	121	0	76	21	70	21	102	0	86	23	78	19	76	15	71	20
80	104	0	101	0	96	0	69	21	66	22	96	0	83	20	84	24	87	12	78	30
81	99	0	109	0	98	0	61	23	85	26	101	0	87	25	69	18	67	14	85	29
82	91	0	81	16	117	0	112	0	93	0	77	27	96	0	97	0	82	9	77	16
83	96	0	88	0	63	36	111	0	98	0	115	0	101	0	93	0	93	0	107	0
84	77	29	105	9	87	13	105	0	80	25	70	31	114	0	82	27	93	14	76	14
85	111	0	115	0	79	35	99	0	101	0	94	0	107	0	92	0	95	0	101	0
86	100	0	103	0	67	41	97	0	91	0	95	0	91	0	104	0	108	0	96	0
87	100	0	108	0	99	0	82	23	75	12	107	0	75	34	90	24	58	15	86	23
88	85	21	86	13	96	0	101	0	109	0	104	0	64	13	96	0	91	0	123	0
89	105	0	109	0	116	0	77	22	81	14	104	0	82	34	87	23	85	16	85	28
90	88	0	103	0	119	0	63	17	93	14	104	0	95	22	74	28	78	13	67	22
91	82	0	106	0	112	0	95	0	92	0	91	0	100	0	84	0	107	0	107	0
92	55	38	89	13	94	22	95	0	77	21	71	22	95	0	56	26	87	21	89	14
93	88	24	83	0	96	0	85	0	119	0	96	0	111	0	85	22	90	12	88	0
94	100	0	93	0	111	0	83	29	74	21	91	0	91	16	75	15	78	15	86	24
95	99	16	93	16	68	35	66	19	106	0	96	0	74	17	102	0	103	14	113	0
96	91	18	84	9	76	39	66	25	110	0	91	0	88	8	98	0	105	12	103	0
97	90	0	99	0	96	0	102	0	105	0	109	0	101	0	117	0	90	0	100	0
98	100	0	102	0	75	36	108	0	112	0	100	0	84	0	99	0	93	0	95	0
99	74	21	92	13	92	0	110	0	92	0	112	0	74	11	76	0	107	0	118	0
