gene_id	sample0	sample0	sample1	sample1	sample2	sample2	sample3	sample3	sample4	sample4	sample5	sample5	sample6	sample6	sample7	sample7	sample8	sample8	sample9	sample9
0	76	15	109	0	112	0	92	0	84	15	106	12	84	0	80	15	97	0	94	0
1	85	0	98	0	97	0	84	34	88	0	91	0	67	23	107	0	70	12	88	24
2	77	11	77	26	61	24	107	0	69	12	86	15	73	31	103	0	69	11	64	24
3	89	15	69	35	79	28	92	0	71	15	94	19	69	21	85	0	70	10	84	27
4	85	13	84	23	63	24	104	0	76	33	70	15	78	25	99	0	96	11	71	23
5	83	14	112	0	112	0	95	0	94	9	89	11	99	0	89	16	107	0	92	0
6	80	29	90	11	89	27	77	23	70	33	71	40	75	16	81	20	70	15	81	21
7	74	16	105	0	102	0	93	0	93	7	88	9	95	0	87	13	101	0	87	0
8	77	13	76	27	60	20	96	0	80	14	75	18	75	31	106	0	96	7	72	26
9	104	14	80	0	104	0	94	0	91	25	82	10	89	0	86	18	126	0	101	0
10	99	10	108	0	101	0	102	0	77	6	90	7	104	0	81	11	92	0	99	0
11	70	9	83	0	87	30	94	0	76	18	95	6	90	0	113	0	83	0	93	0
12	75	33	70	44	84	28	55	49	54	55	52	49	49	51	45	62	69	36	57	36
13	91	12	88	0	108	0	96	0	90	11	102	12	119	0	73	23	94	0	106	0
14	65	25	84	15	71	19	69	25	72	34	71	37	82	26	73	35	48	33	79	14
15	88	28	87	15	78	17	68	32	52	26	64	34	74	31	81	36	51	55	73	9
16	83	13	96	0	110	0	105	0	86	13	93	5	99	0	95	19	100	0	80	0
17	70	28	69	16	78	19	69	27	62	32	62	32	73	21	82	8	54	34	75	11
18	76	20	81	14	73	16	74	27	59	35	66	42	79	25	71	36	74	42	94	7
19	68	0	98	0	106	0	64	28	89	0	81	0	77	27	114	0	94	16	87	19
20	89	13	126	0	63	29	95	0	70	16	93	11	115	0	96	0	105	0	97	0
21	99	0	99	0	96	0	76	28	101	0	108	0	82	22	100	0	99	16	75	16
22	93	9	97	35	62	31	113	0	64	14	86	19	73	43	87	0	108	11	82	28
23	90	14	66	34	51	27	107	0	89	22	87	10	66	34	106	0	93	7	85	18
24	100	17	64	27	82	20	97	0	74	12	84	18	86	24	109	0	96	10	70	35
25	93	10	63	26	79	25	93	0	71	18	95	14	66	26	91	0	73	14	84	29
26	79	21	69	7	77	28	70	34	55	38	65	41	62	11	68	38	61	32	83	11
27	88	9	74	4	102	0	96	0	101	0	84	0	109	0	104	17	96	0	95	13
28	84	9	98	0	117	0	97	0	97	7	98	6	78	0	85	18	113	0	97	0
29	79	25	103	9	73	23	71	48	69	17	66	43	83	29	87	15	64	23	81	8
30	75	16	84	11	91	28	79	38	81	37	58	40	67	22	69	39	55	42	72	18
31	92	20	84	26	73	22	93	0	76	19	77	23	86	28	84	0	80	9	67	16
32	79	24	82	14	79	22	65	37	62	26	56	38	85	20	71	40	66	44	87	17
33	81	26	79	18	74	30	69	37	70	26	59	31	78	19	84	53	48	43	88	15
34	68	27	75	8	75	26	55	25	81	23	70	32	72	21	90	13	78	25	95	14
35	87	10	80	19	78	30	100	0	82	24	86	12	85	28	118	0	85	8	80	29
36	77	34	90	14	79	16	64	32	63	34	61	45	73	25	75	36	61	36	68	9
37	77	14	98	0	109	0	98	0	98	11	80	6	94	0	96	20	96	0	101	0
38	54	41	53	42	72	24	46	64	47	37	53	47	50	45	65	53	53	41	61	34
39	88	12	64	24	74	26	93	0	83	19	99	16	77	28	104	0	81	11	59	35
40	59	30	94	12	80	37	62	37	62	36	62	40	85	18	80	11	76	23	96	13
41	62	20	88	13	81	28	65	28	77	29	58	36	67	25	81	8	85	23	75	11
42	92	0	90	0	93	0	69	33	114	0	111	0	79	20	89	0	59	11	76	16
43	91	10	89	0	94	0	86	0	87	19	97	8	92	0	104	19	111	0	107	0
44	69	23	89	19	83	25	54	42	82	31	56	34	65	19	71	27	54	37	67	14
45	72	4	79	0	93	0	93	0	98	17	92	12	106	0	98	11	107	0	101	0
46	63	33	93	8	74	22	70	26	69	28	67	36	79	19	82	13	87	30	89	8
47	82	25	94	10	88	17	69	27	72	29	84	44	77	26	63	30	72	46	80	19
48	63	16	87	10	76	36	76	37	64	34	72	23	84	26	80	18	65	24	95	18
49	74	25	90	13	95	29	74	33	58	29	61	41	64	18	82	15	61	27	85	15
50	96	11	103	0	107	0	98	0	89	14	96	7	89	0	92	17	83	0	95	0
51	97	0	89	16	94	0	98	0	104	0	94	16	76	33	110	0	99	0	99	0
52	72	32	32	57	77	35	47	38	47	47	47	58	48	40	53	43	59	46	61	34
53	112	9	63	29	72	25	99	0	86	22	87	21	71	26	86	0	67	9	54	31
54	82	23	71	9	72	24	77	24	85	26	68	31	79	27	96	14	67	30	92	15
55	77	28	111	12	92	26	61	26	89	44	57	51	73	27	86	21	80	30	81	16
56	69	43	46	58	60	13	42	54	56	54	55	50	35	48	51	50	65	46	73	40
57	75	17	87	13	95	36	69	24	72	36	53	32	65	22	94	15	89	26	75	18
58	77	24	74	9	86	25	63	37	75	28	65	44	79	23	48	36	64	50	80	23
59	68	23	74	16	63	22	74	28	60	28	67	38	86	22	69	41	65	38	83	16
60	81	15	56	26	76	18	98	0	81	21	82	17	74	20	101	0	82	16	74	26
61	69	24	98	8	72	26	54	51	67	31	59	45	72	29	71	39	64	28	81	19
62	84	14	72	17	69	17	99	0	98	17	81	16	70	25	99	0	72	7	69	28
63	73	15	108	0	61	23	101	0	96	16	86	13	107	0	113	0	93	0	94	0
64	77	8	76	31	66	22	100	0	84	25	89	19	56	28	106	0	108	7	76	21
65	62	28	69	15	66	22	75	33	80	41	80	32	85	25	63	38	59	29	88	13
66	106	0	96	0	100	0	65	32	97	0	95	0	68	15	90	0	85	8	95	15
67	77	21	65	21	76	24	93	0	74	14	78	16	79	28	95	0	70	6	86	26
68	71	21	77	12	78	15	66	32	66	34	67	37	72	21	91	7	67	22	82	17
69	84	12	81	18	64	21	69	34	68	29	69	27	84	21	62	39	49	48	71	12
70	81	0	118	0	97	0	65	27	110	0	110	0	67	17	104	0	89	14	74	17
71	112	0	91	0	91	0	69	25	122	0	100	0	69	26	90	0	79	19	96	14
72	95	14	93	0	66	23	93	0	73	13	74	17	83	0	86	0	82	0	98	0
73	96	7	96	0	114	0	90	0	93	19	78	12	108	0	72	16	107	0	114	0
74	95	14	100	0	106	0	114	0	88	17	97	6	89	0	71	16	92	0	104	0
75	90	14	105	0	70	31	86	0	85	23	90	11	114	0	93	0	115	0	91	0
76	101	7	81	28	72	24	110	0	90	18	68	14	76	24	84	0	103	13	68	27
77	81	15	91	0	73	21	95	0	85	23	91	10	104	0	99	0	100	0	92	0
78	56	27	91	9	73	25	88	32	64	26	57	29	86	17	61	42	72	33	99	12
79	71	25	92	15	66	25	73	26	78	25	75	31	86	20	51	38	62	47	72	12
80	81	15	61	21	61	21	94	0	76	24	82	14	75	21	97	0	88	11	75	22
81	89	7	120	0	113	0	96	0	71	8	98	10	114	0	79	18	116	0	104	0
82	86	24	103	17	73	21	68	33	66	39	67	35	74	26	103	15	67	26	96	15
83	71	8	69	24	81	21	105	0	82	17	85	16	61	21	88	0	85	11	82	30
84	57	44	38	59	88	28	40	44	46	46	47	38	63	42	53	58	70	36	62	35
85	89	14	104	0	95	0	110	0	73	14	93	8	87	0	93	12	116	0	109	0
86	83	30	87	11	88	26	75	37	59	37	66	26	82	26	86	18	76	21	74	17
87	92	16	94	0	86	29	86	0	90	18	96	8	113	0	113	0	87	0	110	0
88	97	15	86	0	94	0	107	0	84	14	76	9	87	0	82	14	84	0	116	0
89	89	15	84	0	57	32	101	0	84	16	83	6	99	0	92	0	92	0	90	0
90	79	20	98	10	69	27	77	26	63	27	70	35	82	18	102	17	64	30	84	14
91	84	12	93	0	91	0	99	0	81	15	75	13	90	0	83	14	89	0	84	0
92	97	29	93	10	75	26	73	25	60	35	60	38	83	27	68	40	53	36	82	17
93	120	0	101	0	105	0	77	30	96	0	93	0	82	31	101	0	87	11	95	14
94	83	7	102	30	78	27	96	0	99	20	81	14	66	32	90	0	91	11	58	25
95	88	8	107	0	104	0	109	0	74	15	84	10	98	0	85	22	102	0	106	0
96	78	10	91	0	107	0	105	0	90	20	99	14	96	0	79	11	113	0	87	0
97	95	16	100	0	72	18	104	0	89	26	76	7	98	0	105	0	91	0	87	0
98	76	29	88	14	68	30	64	26	87	19	74	40	76	27	55	26	61	34	76	24
99	89	8	71	32	88	30	115	0	58	19	80	15	76	25	112	0	95	10	79	21
