gene_id	sample0	sample0	sample1	sample1	sample2	sample2	sample3	sample3	sample4	sample4
0	9987	0	7889	2152	9811	0	7898	2014	10072	0
1	8929	1136	10045	0	7668	2449	8713	1458	10010	0
2	8924	1129	9916	0	7598	2378	8536	1418	10007	0
3	9959	0	9868	0	10060	0	8123	2036	9840	0
4	8910	1066	10113	0	7442	2442	8756	1477	9879	0
5	7629	2282	5094	5023	7812	2392	6571	3528	6649	3334
6	7718	2299	9976	0	7659	2449	8522	1431	10074	0
7	7672	2264	9934	0	7602	2412	8632	1437	10107	0
8	9809	0	9890	0	9968	0	8159	2004	9841	0
9	9971	0	10060	0	10028	0	9940	0	9875	0
10	6271	3739	5094	5025	7568	2411	8677	1398	6634	3412
11	7717	2255	5021	5057	7554	2475	6666	3336	6582	3414
12	10136	0	7892	2147	9975	0	8097	1943	9806	0
13	10046	0	10083	0	9982	0	10052	0	10128	0
14	10148	0	7979	2110	9943	0	8102	2014	9972	0
15	8794	1166	9862	0	7492	2312	8641	1471	10043	0
16	9882	0	9900	0	9939	0	10012	0	9865	0
17	10062	0	10001	0	10012	0	9890	0	10018	0
18	9995	0	10038	0	9845	0	7900	2052	9873	0
19	10103	0	7847	2175	10013	0	7978	1993	8835	1290
20	6337	3779	4940	5137	7617	2394	8364	1372	6622	3208
21	6254	3696	4951	5098	7650	2426	8627	1498	6712	3318
22	8778	1151	10169	0	7666	2457	8548	1433	9974	0
23	6221	3796	5070	5066	7674	2352	8591	1485	6597	3369
24	7675	2296	10028	0	7567	2369	8560	1397	9951	0
25	10040	0	10060	0	10186	0	9913	0	9957	0
26	10195	0	7940	2148	9997	0	8051	1969	8710	1215
27	9807	0	7944	2153	9887	0	7831	1967	10091	0
28	8938	1082	10079	0	7616	2276	8504	1433	9989	0
29	7885	2343	4988	5035	7607	2333	6635	3470	6664	3282
30	9046	1276	10037	0	7292	2615	8431	1506	8218	1631
31	8956	1176	9913	0	7645	2405	8577	1428	9780	0
32	7595	2317	4998	5030	7615	2425	6593	3380	6690	3430
33	9841	0	7938	2153	9956	0	7971	1995	8628	1226
34	7653	2308	9931	0	7690	2403	8447	1370	10034	0
35	7816	2325	4998	5043	7644	2292	6446	3397	6545	3258
36	6236	3834	4996	4929	7582	2376	8535	1424	6586	3401
37	7619	2345	10030	0	7511	2419	8684	1489	9867	0
38	7631	2298	9903	0	7523	2395	8390	1437	9929	0
39	8800	1255	9977	0	7388	2541	8470	1540	8396	1642
40	10050	0	7875	2254	9885	0	8025	2060	9859	0
41	10037	0	10035	0	9954	0	10231	0	9997	0
42	6249	3736	4907	4890	7638	2351	8521	1421	6530	3474
43	8757	1119	10220	0	7612	2364	8733	1394	10016	0
44	7693	2230	10114	0	7482	2360	8651	1409	10155	0
45	6241	3597	5051	5096	7575	2359	8427	1456	6730	3354
46	6256	3805	5038	4989	7552	2319	8671	1455	6542	3417
47	9017	1162	10183	0	7421	2390	8590	1475	9974	0
48	9025	1157	9989	0	7613	2401	8661	1495	9911	0
49	7802	2228	9960	0	7441	2391	8557	1375	9827	0
50	9005	1085	10092	0	7484	2406	8540	1435	9868	0
51	6336	3772	5026	5021	7591	2368	8451	1444	6730	3294
52	10125	0	9744	0	10029	0	9910	0	9896	0
53	7662	2334	4985	5000	7607	2517	6669	3460	6449	3412
54	8698	1235	10080	0	7502	2640	8569	1575	8557	1644
55	8648	1132	9980	0	7551	2422	8506	1475	10017	0
56	10097	0	7967	2030	10151	0	7938	2027	8519	1274
57	10063	0	7928	2159	9898	0	8018	1995	9985	0
58	10214	0	8003	2102	9944	0	7966	2064	8714	1225
59	10074	0	7923	2215	10150	0	8058	2013	9870	0
60	10140	0	7771	2171	10026	0	7892	2003	8795	1225
61	10026	0	7881	2094	9993	0	7836	1982	9952	0
62	9922	0	10163	0	9978	0	7932	2041	10080	0
63	9897	0	7907	2129	10007	0	8074	2075	10216	0
64	7682	2288	4935	5037	7602	2381	6669	3394	6618	3430
65	9989	0	9883	0	10012	0	8037	2027	9937	0
66	9961	0	9982	0	10063	0	8055	2028	9868	0
67	6101	3843	5077	4860	7616	2448	8608	1440	6619	3382
68	8820	1227	9977	0	7636	2363	8621	1496	9801	0
69	9947	0	10032	0	10118	0	7921	1931	10022	0
70	10013	0	9989	0	10049	0	10006	0	9967	0
71	7700	2328	4964	5002	7552	2336	6517	3444	6665	3428
72	6237	3747	5058	5033	7606	2351	8541	1464	6682	3443
73	10052	0	9915	0	10095	0	10104	0	9835	0
74	10023	0	10038	0	9962	0	10034	0	10076	0
75	8828	1185	10000	0	7524	2421	8515	1425	9884	0
76	7628	2339	10173	0	7635	2357	8590	1446	9924	0
77	9985	0	7810	2098	9924	0	7955	1997	9965	0
78	10076	0	10069	0	9936	0	8187	1994	9907	0
79	7794	2304	4972	4946	7471	2444	6555	3567	6657	3324
80	9916	0	7734	2156	9840	0	7999	2037	8668	1228
81	6211	3804	5002	5057	7543	2390	8628	1412	6561	3435
82	9993	0	7869	2149	10073	0	8008	2006	9971	0
83	10017	0	9912	0	10171	0	9840	0	10009	0
84	9929	0	10186	0	10071	0	7879	2066	9881	0
85	6179	3804	5114	4975	7559	2465	8537	1405	6570	3479
86	7637	2385	9920	0	7605	2342	8505	1410	9826	0
87	8778	1250	10003	0	7470	2556	8436	1556	8336	1674
88	7589	2423	5103	4987	7689	2377	6484	3385	6760	3372
89	8997	1142	10012	0	7670	2412	8650	1417	10103	0
90	10151	0	10090	0	9923	0	9989	0	9983	0
91	10064	0	9798	0	9890	0	9959	0	9847	0
92	7782	2259	10054	0	7701	2335	8558	1364	9762	0
93	9876	0	7900	2046	9993	0	8105	1961	8947	1197
94	8917	1086	9958	0	7618	2388	8617	1457	9880	0
95	10104	0	7805	2125	10029	0	7940	1987	8722	1203
96	8867	1183	9979	0	7552	2424	8549	1482	9778	0
97	9873	0	7951	2122	9936	0	7938	2066	9999	0
98	7589	2347	5044	5074	7544	2445	6416	3429	6603	3360
99	10031	0	9876	0	9885	0	10132	0	10125	0
