#chr	position	description	normal	sample0	sample1	sample2	sample3	sample4
1	1	1	0	0.0	0.0	0.0	0.265326633166	0.127100840336
2	1	1	0	0.0	0.122722914669	0.299204771372	0.0	0.0
3	1	1	0	0.0	0.113936927772	0.0	0.0	0.0704365079365
4	1	1	0	0.0	0.0	0.0	0.246727089627	0.129196337742
5	1	1	0	0.0	0.0	0.0	0.248789932236	0.125
6	1	1	0	0.0	0.119464469619	0.294059405941	0.0	0.0
7	1	1	0	0.0	0.0	0.0	0.0	0.143564356436
8	1	1	0	0.0	0.0	0.0	0.0	0.11959798995
9	1	1	0	0.0	0.0	0.0	0.256534365924	0.120925341746
10	1	1	0	0.0	0.0	0.0	0.237037037037	0.131822863028
11	1	1	0	0.0	0.0	0.0	0.246261216351	0.138565891473
12	1	1	0	0.0	0.266201395813	0.0	0.273166023166	0.158357771261
13	1	1	0	0.0	0.138211382114	0.0	0.265365853659	0.0
14	1	1	0	0.0	0.0	0.0	0.0	0.0
15	1	1	0	0.0	0.0	0.0	0.0	0.149381541389
16	1	1	0	0.0	0.0	0.0	0.269651741294	0.226652675761
17	1	1	0	0.0	0.14156626506	0.0	0.246816846229	0.0
18	1	1	0	0.0	0.0	0.0	0.0	0.149551345962
19	1	1	0	0.0	0.0	0.0	0.0	0.115348837209
20	1	1	0	0.0	0.0	0.0	0.0	0.0
21	1	1	0	0.0	0.0	0.0	0.255297679112	0.147852147852
22	1	1	0	0.0	0.0	0.0	0.0	0.142574257426
23	1	1	0	0.0	0.147916666667	0.319567354966	0.0	0.0
24	1	1	0	0.0	0.0	0.0	0.0	0.130648330059
25	1	1	0	0.0	0.143124415341	0.0	0.253715498938	0.0
26	1	1	0	0.0	0.0	0.0	0.230464886251	0.132424537488
27	1	1	0	0.0	0.0	0.0	0.257086999022	0.135477582846
28	1	1	0	0.0	0.0	0.0	0.246823956443	0.210059171598
29	1	1	0	0.0	0.0	0.0	0.240684793555	0.126338329764
30	1	1	0	0.0	0.0	0.0	0.254385964912	0.205549845838
31	1	1	0	0.0	0.0	0.0	0.0	0.131498470948
32	1	1	0	0.0	0.110887096774	0.291	0.0	0.0
33	1	1	0	0.0	0.0	0.0	0.0	0.135755258126
34	1	1	0	0.0	0.0	0.0	0.0	0.119796954315
35	1	1	0	0.0	0.0	0.0	0.227783452503	0.118181818182
36	1	1	0	0.0	0.0	0.0	0.0	0.115384615385
37	1	1	0	0.0	0.0	0.0	0.0	0.133064516129
38	1	1	0	0.0	0.117125984252	0.0	0.0	0.0834202294056
39	1	1	0	0.0	0.0	0.0	0.251968503937	0.143961352657
40	1	1	0	0.0	0.130089374379	0.276104417671	0.0	0.0
41	1	1	0	0.0	0.0	0.0	0.229366602687	0.140801644399
42	1	1	0	0.0	0.0	0.0	0.241967871486	0.114052953157
43	1	1	0	0.0	0.252173913043	0.0	0.24219590958	0.144710578842
44	1	1	0	0.0	0.0	0.0	0.234343434343	0.126641651032
45	1	1	0	0.0	0.0	0.0	0.0	0.137643378519
46	1	1	0	0.0	0.0	0.0	0.255297679112	0.213098729228
47	1	1	0	0.0	0.0	0.0	0.228865979381	0.215705765408
48	1	1	0	0.0	0.0	0.0	0.242814667988	0.149165848871
49	1	1	0	0.0	0.0	0.0	0.0	0.0
50	1	1	0	0.0	0.0	0.0	0.250263991552	0.142005958292
51	1	1	0	0.192913385827	0.0	0.234892787524	0.0	0.0
52	1	1	0	0.0	0.0	0.0	0.0	0.0
53	1	1	0	0.0	0.0	0.0	0.226377952756	0.129292929293
54	1	1	0	0.0	0.0	0.0	0.252814738997	0.135437881874
55	1	1	0	0.0	0.0	0.0	0.229312063809	0.127596439169
56	1	1	0	0.200961538462	0.0	0.209741550696	0.0	0.0
57	1	1	0	0.0	0.0	0.0	0.274396135266	0.141078838174
58	1	1	0	0.0	0.119144602851	0.0	0.0	0.0950495049505
59	1	1	0	0.0	0.0	0.0	0.241617357002	0.233097880928
60	1	1	0	0.0	0.0	0.0	0.0	0.116870876532
61	1	1	0	0.0	0.0	0.0	0.0	0.115956392468
62	1	1	0	0.0	0.0	0.0	0.236951983299	0.131813676908
63	1	1	0	0.0	0.127470355731	0.298189563365	0.0	0.0
64	1	1	0	0.305583756345	0.0	0.0	0.0	0.143579373104
65	1	1	0	0.0	0.0	0.0	0.223837209302	0.228464419476
66	1	1	0	0.0	0.0	0.0	0.228292682927	0.2
67	1	1	0	0.0	0.0	0.0	0.0	0.0
68	1	1	0	0.0	0.0	0.0	0.21568627451	0.126163391934
69	1	1	0	0.0	0.0	0.0	0.268509378085	0.125860373648
70	1	1	0	0.215763546798	0.0	0.226513569937	0.0	0.0
71	1	1	0	0.0	0.0	0.0	0.0	0.0
72	1	1	0	0.0	0.133528265107	0.0	0.27027027027	0.0
73	1	1	0	0.0	0.0	0.0	0.0	0.126903553299
74	1	1	0	0.0	0.0	0.0	0.253479125249	0.130916414904
75	1	1	0	0.0	0.0	0.0	0.258823529412	0.128751210068
76	1	1	0	0.314401622718	0.0	0.0	0.0	0.147489539749
77	1	1	0	0.0	0.0	0.0	0.229807692308	0.226843100189
78	1	1	0	0.0	0.0	0.0	0.0	0.133607399794
79	1	1	0	0.0	0.0	0.0	0.0	0.0
80	1	1	0	0.0	0.0	0.0	0.233562315996	0.209255533199
81	1	1	0	0.0	0.272638753651	0.0	0.231396534149	0.149425287356
82	1	1	0	0.0	0.0	0.0	0.258964143426	0.212698412698
83	1	1	0	0.0	0.0	0.0	0.263736263736	0.137026239067
84	1	1	0	0.0	0.0	0.0	0.0	0.124874118832
85	1	1	0	0.0	0.0	0.0	0.0	0.0
86	1	1	0	0.0	0.124031007752	0.296545105566	0.0	0.0
87	1	1	0	0.0	0.0	0.0	0.0	0.125382262997
88	1	1	0	0.290744466801	0.0	0.0	0.0	0.133269415149
89	1	1	0	0.0	0.135188866799	0.287799791449	0.0	0.0
90	1	1	0	0.0	0.258098223615	0.0	0.244831338411	0.144135188867
91	1	1	0	0.0	0.0	0.0	0.23779854621	0.138476755687
92	1	1	0	0.0	0.0	0.0	0.237338629593	0.125659978881
93	1	1	0	0.0	0.25	0.0	0.243972999036	0.142441860465
94	1	1	0	0.0	0.0	0.0	0.0	0.142166344294
95	1	1	0	0.0	0.0	0.0	0.0	0.135330578512
96	1	1	0	0.0	0.0	0.0	0.231155778894	0.129411764706
97	1	1	0	0.0	0.125358851675	0.284102564103	0.0	0.0
98	1	1	0	0.0	0.0	0.0	0.0	0.0
99	1	1	0	0.221574344023	0.0	0.193251533742	0.0	0.0
100	1	1	0	0.0	0.0	0.0	0.0	0.0
