#chr	position	description	normal	sample0	sample1	sample2	sample3	sample4	sample5	sample6	sample7	sample8	sample9	sample10	sample11	sample12	sample13	sample14	sample15	sample16	sample17	sample18	sample19
1	1	1	0	0.12380952381	0.0	0.0	0.0	0.0	0.0	0.252252252252	0.0	0.0	0.0	0.12380952381	0.0	0.0	0.0	0.0	0.0	0.253012048193	0.0	0.0	0.0
2	1	1	0	0.303571428571	0.183908045977	0.377551020408	0.221052631579	0.175257731959	0.425742574257	0.25	0.281818181818	0.266055045872	0.0	0.460674157303	0.232558139535	0.306818181818	0.352380952381	0.0	0.261682242991	0.33	0.106194690265	0.252525252525	0.27027027027
3	1	1	0	0.0	0.0909090909091	0.0	0.0	0.138613861386	0.0	0.0	0.0	0.0	0.0	0.0	0.0	0.135802469136	0.0	0.0	0.0	0.0	0.21568627451	0.256880733945	0.0
4	1	1	0	0.0	0.127272727273	0.0	0.0	0.178947368421	0.0	0.0	0.0	0.0	0.0	0.0	0.0	0.189189189189	0.0	0.0	0.0	0.0	0.125	0.268817204301	0.0
5	1	1	0	0.559139784946	0.387755102041	0.567010309278	0.524590163934	0.358333333333	0.445544554455	0.571428571429	0.522222222222	0.525773195876	0.580357142857	0.429906542056	0.397959183673	0.343434343434	0.5	0.518518518519	0.515789473684	0.363636363636	0.32380952381	0.280373831776	0.542056074766
6	1	1	0	0.52808988764	0.384615384615	0.520408163265	0.457142857143	0.35652173913	0.411764705882	0.426966292135	0.539325842697	0.521008403361	0.574257425743	0.446808510638	0.476744186047	0.296296296296	0.597826086957	0.380434782609	0.534246575342	0.506024096386	0.318584070796	0.222222222222	0.53125
7	1	1	0	0.292452830189	0.208695652174	0.495575221239	0.423076923077	0.347826086957	0.54	0.568181818182	0.356435643564	0.513274336283	0.25	0.454545454545	0.472222222222	0.123456790123	0.468085106383	0.244680851064	0.413461538462	0.571428571429	0.134615384615	0.219047619048	0.147727272727
8	1	1	0	0.269662921348	0.316455696203	0.49	0.32	0.287356321839	0.583333333333	0.415254237288	0.214285714286	0.510204081633	0.21875	0.336633663366	0.49	0.153846153846	0.52427184466	0.283018867925	0.522222222222	0.5	0.125	0.234234234234	0.164835164835
9	1	1	0	0.232142857143	0.302752293578	0.516853932584	0.404494382022	0.330434782609	0.558823529412	0.526315789474	0.293577981651	0.47311827957	0.264705882353	0.348214285714	0.5	0.19	0.44347826087	0.231578947368	0.31914893617	0.548387096774	0.139784946237	0.268292682927	0.265306122449
10	1	1	0	0.25	0.183673469388	0.318681318681	0.339805825243	0.157407407407	0.452380952381	0.298969072165	0.277108433735	0.196261682243	0.0	0.387755102041	0.26	0.257731958763	0.25	0.0	0.247706422018	0.238095238095	0.0689655172414	0.308823529412	0.228813559322
11	1	1	0	0.267441860465	0.208791208791	0.329896907216	0.382352941176	0.163043478261	0.539215686275	0.178947368421	0.25	0.237704918033	0.0	0.34693877551	0.344827586207	0.168316831683	0.352380952381	0.0	0.266055045872	0.263736263736	0.105691056911	0.275229357798	0.270833333333
12	1	1	0	0.486842105263	0.454545454545	0.537634408602	0.491666666667	0.364485981308	0.5	0.470588235294	0.533980582524	0.537735849057	0.492537313433	0.494382022472	0.469135802469	0.264705882353	0.553571428571	0.411764705882	0.519230769231	0.488	0.296296296296	0.275229357798	0.505050505051
13	1	1	0	0.428571428571	0.39175257732	0.417582417582	0.373983739837	0.36170212766	0.444444444444	0.610619469027	0.241379310345	0.458823529412	0.48275862069	0.518867924528	0.460674157303	0.32967032967	0.5	0.52380952381	0.35593220339	0.432692307692	0.274509803922	0.310344827586	0.483333333333
14	1	1	0	0.0	0.0	0.228571428571	0.0	0.126315789474	0.0	0.2	0.0	0.155555555556	0.0	0.0	0.265957446809	0.0	0.0	0.0	0.19298245614	0.0	0.0	0.0	0.0
15	1	1	0	0.236363636364	0.0980392156863	0.309734513274	0.39603960396	0.16	0.504273504274	0.247524752475	0.348214285714	0.216216216216	0.0	0.318181818182	0.252252252252	0.34693877551	0.4	0.0	0.185567010309	0.285714285714	0.0989010989011	0.247706422018	0.21978021978
16	1	1	0	0.0	0.0	0.0	0.336734693878	0.137931034483	0.214953271028	0.0	0.0	0.231481481481	0.0	0.0576923076923	0.292452830189	0.177570093458	0.175925925926	0.0	0.0	0.0	0.0	0.0	0.0
17	1	1	0	0.582417582418	0.343434343434	0.557692307692	0.474747474747	0.47	0.477477477477	0.395833333333	0.504854368932	0.438095238095	0.569892473118	0.39175257732	0.43956043956	0.411764705882	0.479166666667	0.552083333333	0.528846153846	0.525252525253	0.363636363636	0.24	0.459770114943
18	1	1	0	0.28125	0.134615384615	0.305555555556	0.27380952381	0.119658119658	0.552380952381	0.288461538462	0.23	0.179775280899	0.0	0.34188034188	0.25	0.205128205128	0.438095238095	0.0	0.271739130435	0.327433628319	0.148936170213	0.320754716981	0.20618556701
19	1	1	0	0.435643564356	0.481818181818	0.414893617021	0.311320754717	0.240506329114	0.494845360825	0.443298969072	0.300970873786	0.524752475248	0.557894736842	0.483870967742	0.446601941748	0.428571428571	0.451923076923	0.543689320388	0.434343434343	0.444444444444	0.336206896552	0.296296296296	0.54
20	1	1	0	0.567307692308	0.450549450549	0.5625	0.47619047619	0.351648351648	0.484848484848	0.516483516484	0.556818181818	0.46	0.55	0.432692307692	0.463157894737	0.385321100917	0.54	0.5	0.461538461538	0.461538461538	0.404761904762	0.192307692308	0.414893617021
21	1	1	0	0.545454545455	0.419047619048	0.520661157025	0.494252873563	0.345794392523	0.5	0.525252525253	0.422680412371	0.472727272727	0.415730337079	0.484848484848	0.445544554455	0.297872340426	0.505376344086	0.47191011236	0.510416666667	0.55905511811	0.345679012346	0.313253012048	0.505376344086
22	1	1	0	0.336538461538	0.168421052632	0.37037037037	0.303370786517	0.046511627907	0.458333333333	0.21875	0.19298245614	0.245098039216	0.0	0.376344086022	0.245283018868	0.207547169811	0.333333333333	0.0	0.272727272727	0.223404255319	0.133333333333	0.254385964912	0.263157894737
23	1	1	0	0.356435643564	0.117647058824	0.336363636364	0.333333333333	0.135416666667	0.580952380952	0.185185185185	0.323232323232	0.290697674419	0.0	0.352941176471	0.322222222222	0.237623762376	0.370786516854	0.0	0.263157894737	0.285714285714	0.119266055046	0.373913043478	0.219047619048
24	1	1	0	0.0	0.122641509434	0.0	0.0	0.0	0.0	0.0	0.0	0.0	0.0	0.0	0.0	0.0	0.0	0.0	0.0	0.0	0.0	0.226804123711	0.0
25	1	1	0	0.548076923077	0.40350877193	0.556603773585	0.542056074766	0.336633663366	0.490196078431	0.56862745098	0.534653465347	0.535353535354	0.542553191489	0.557692307692	0.438095238095	0.294736842105	0.428571428571	0.462365591398	0.456310679612	0.545454545455	0.361111111111	0.294117647059	0.490196078431
26	1	1	0	0.162393162393	0.0	0.0	0.0	0.0	0.0	0.247311827957	0.0	0.0	0.0	0.140495867769	0.0	0.0	0.0	0.0	0.0	0.238938053097	0.0	0.0	0.0
27	1	1	0	0.0	0.0659340659341	0.0	0.0	0.14	0.0	0.0	0.0	0.0	0.0	0.0	0.0	0.152380952381	0.0	0.0	0.0	0.0	0.175438596491	0.26213592233	0.0
28	1	1	0	0.0	0.0967741935484	0.0	0.0	0.0	0.0	0.0	0.0	0.0	0.0	0.0	0.0	0.0	0.0	0.0	0.0	0.0	0.0	0.288888888889	0.0
29	1	1	0	0.397727272727	0.260869565217	0.445454545455	0.309090909091	0.223404255319	0.515789473684	0.472727272727	0.315789473684	0.561904761905	0.524752475248	0.477064220183	0.582524271845	0.388349514563	0.565217391304	0.401960784314	0.434782608696	0.530612244898	0.260416666667	0.247933884298	0.45
30	1	1	0	0.258064516129	0.144444444444	0.333333333333	0.41	0.168224299065	0.468085106383	0.3	0.295652173913	0.263157894737	0.0	0.305555555556	0.225806451613	0.19298245614	0.3	0.0	0.219512195122	0.302083333333	0.16	0.280487804878	0.292134831461
31	1	1	0	0.257425742574	0.0833333333333	0.223214285714	0.339622641509	0.153846153846	0.441441441441	0.269565217391	0.309278350515	0.20253164557	0.0	0.4	0.27380952381	0.139784946237	0.333333333333	0.0	0.241071428571	0.245098039216	0.12037037037	0.272727272727	0.252873563218
32	1	1	0	0.294117647059	0.354166666667	0.533333333333	0.263736263736	0.360824742268	0.505617977528	0.326315789474	0.181818181818	0.472222222222	0.160714285714	0.329411764706	0.443396226415	0.2	0.367924528302	0.272727272727	0.459770114943	0.515789473684	0.0679611650485	0.220183486239	0.278350515464
33	1	1	0	0.0769230769231	0.0	0.0	0.0	0.0	0.0	0.316831683168	0.0	0.0	0.0	0.0747663551402	0.0	0.0	0.0	0.0	0.0	0.252631578947	0.0	0.0	0.0
34	1	1	0	0.273684210526	0.35	0.558823529412	0.279069767442	0.277777777778	0.514018691589	0.474226804124	0.223529411765	0.490740740741	0.19	0.336842105263	0.538461538462	0.152380952381	0.509615384615	0.266055045872	0.412371134021	0.490909090909	0.120879120879	0.306930693069	0.230769230769
35	1	1	0	0.147727272727	0.0	0.0	0.0	0.0	0.0	0.33	0.0	0.0	0.0	0.162393162393	0.0	0.0	0.0	0.0	0.0	0.25974025974	0.0	0.0	0.0
36	1	1	0	0.315315315315	0.196261682243	0.244897959184	0.333333333333	0.118811881188	0.532608695652	0.3	0.256637168142	0.293577981651	0.0	0.284210526316	0.229885057471	0.201923076923	0.297872340426	0.0	0.333333333333	0.336363636364	0.063829787234	0.382608695652	0.29702970297
37	1	1	0	0.0	0.121495327103	0.0	0.0	0.0727272727273	0.0	0.0	0.0	0.0	0.0	0.0	0.0	0.0952380952381	0.0	0.0	0.0	0.0	0.138613861386	0.203539823009	0.0
38	1	1	0	0.0	0.120879120879	0.0	0.0	0.180952380952	0.0	0.0	0.0	0.0	0.0	0.0	0.0	0.207547169811	0.0	0.0	0.0	0.0	0.181818181818	0.261904761905	0.0
39	1	1	0	0.236842105263	0.239583333333	0.327272727273	0.288659793814	0.0973451327434	0.514563106796	0.211111111111	0.272727272727	0.2	0.0	0.351063829787	0.224137931034	0.181818181818	0.373626373626	0.0	0.21875	0.321428571429	0.121951219512	0.236559139785	0.188888888889
40	1	1	0	0.0	0.0964912280702	0.0	0.0	0.0	0.0	0.0	0.0	0.0	0.0	0.0	0.0	0.0	0.0	0.0	0.0	0.0	0.0	0.177083333333	0.0
41	1	1	0	0.51	0.393617021277	0.670588235294	0.486486486486	0.393258426966	0.505617977528	0.460869565217	0.532110091743	0.561904761905	0.525	0.505154639175	0.442105263158	0.354545454545	0.514285714286	0.48275862069	0.597701149425	0.474226804124	0.421052631579	0.22	0.512
42	1	1	0	0.218390804598	0.252336448598	0.546511627907	0.351063829787	0.284210526316	0.489795918367	0.462264150943	0.263636363636	0.398148148148	0.259259259259	0.345132743363	0.58407079646	0.156862745098	0.474137931034	0.252427184466	0.41935483871	0.5	0.0531914893617	0.170212765957	0.292929292929
43	1	1	0	0.470085470085	0.306930693069	0.518987341772	0.285714285714	0.280701754386	0.488372093023	0.5	0.254385964912	0.446428571429	0.560344827586	0.478260869565	0.50495049505	0.406976744186	0.447916666667	0.553398058252	0.413461538462	0.527472527473	0.333333333333	0.285714285714	0.510204081633
44	1	1	0	0.217391304348	0.0	0.0	0.0	0.0	0.0	0.260869565217	0.0	0.0	0.0	0.168539325843	0.0	0.0	0.0	0.0	0.0	0.38	0.0	0.0	0.0
45	1	1	0	0.275	0.259615384615	0.504761904762	0.195652173913	0.264150943396	0.536363636364	0.467289719626	0.263157894737	0.532786885246	0.294736842105	0.372727272727	0.490566037736	0.247619047619	0.590909090909	0.171717171717	0.413043478261	0.425925925926	0.134020618557	0.196078431373	0.205882352941
46	1	1	0	0.386363636364	0.25	0.58064516129	0.406593406593	0.336956521739	0.611111111111	0.538461538462	0.366972477064	0.463157894737	0.550561797753	0.527777777778	0.442105263158	0.373831775701	0.531914893617	0.5	0.397849462366	0.552631578947	0.234693877551	0.198113207547	0.465909090909
47	1	1	0	0.0	0.121212121212	0.0	0.0	0.134615384615	0.0	0.0	0.0	0.0	0.0	0.0	0.0	0.125	0.0	0.0	0.0	0.0	0.16814159292	0.225225225225	0.0
48	1	1	0	0.242105263158	0.0714285714286	0.277777777778	0.308411214953	0.127118644068	0.377551020408	0.282352941176	0.284403669725	0.35632183908	0.0	0.425925925926	0.26	0.207317073171	0.299065420561	0.0	0.19387755102	0.277777777778	0.116071428571	0.213675213675	0.182692307692
49	1	1	0	0.267326732673	0.156626506024	0.326732673267	0.347826086957	0.113402061856	0.54	0.172413793103	0.336734693878	0.230769230769	0.0	0.382978723404	0.320388349515	0.276785714286	0.353982300885	0.0	0.247619047619	0.222222222222	0.159090909091	0.3	0.263636363636
50	1	1	0	0.242105263158	0.261904761905	0.51724137931	0.350515463918	0.257142857143	0.409090909091	0.509090909091	0.288659793814	0.51	0.201923076923	0.294871794872	0.579439252336	0.18691588785	0.495327102804	0.18085106383	0.528735632184	0.486956521739	0.15	0.169491525424	0.218390804598
51	1	1	0	0.12987012987	0.0	0.117647058824	0.326086956522	0.13829787234	0.292452830189	0.276785714286	0.275862068966	0.287128712871	0.0	0.345238095238	0.26	0.147286821705	0.21359223301	0.0	0.125	0.214285714286	0.0	0.226086956522	0.0
52	1	1	0	0.34693877551	0.273684210526	0.40350877193	0.32380952381	0.333333333333	0.426829268293	0.386363636364	0.288659793814	0.505882352941	0.543859649123	0.5	0.413461538462	0.369565217391	0.433333333333	0.551020408163	0.470588235294	0.466666666667	0.228571428571	0.237623762376	0.518987341772
53	1	1	0	0.252336448598	0.216494845361	0.554621848739	0.260869565217	0.272727272727	0.522727272727	0.528846153846	0.242424242424	0.430107526882	0.227272727273	0.350877192982	0.582524271845	0.32	0.458333333333	0.174757281553	0.393258426966	0.420454545455	0.13	0.241379310345	0.228813559322
54	1	1	0	0.161290322581	0.0	0.0	0.0	0.0	0.0	0.238095238095	0.0	0.0	0.0	0.15	0.0	0.0	0.0	0.0	0.0	0.219512195122	0.0	0.0	0.0
55	1	1	0	0.270588235294	0.304347826087	0.409638554217	0.264367816092	0.297872340426	0.5	0.53	0.271028037383	0.457142857143	0.284403669725	0.379310344828	0.525252525253	0.217391304348	0.484848484848	0.201754385965	0.489583333333	0.468085106383	0.114035087719	0.287037037037	0.295918367347
56	1	1	0	0.392523364486	0.308943089431	0.5625	0.313725490196	0.31914893617	0.444444444444	0.542553191489	0.239130434783	0.491228070175	0.441860465116	0.428571428571	0.478632478632	0.327102803738	0.577981651376	0.464646464646	0.405940594059	0.530864197531	0.256880733945	0.289719626168	0.536082474227
57	1	1	0	0.333333333333	0.142857142857	0.285714285714	0.268817204301	0.148936170213	0.469879518072	0.142857142857	0.23	0.19587628866	0.0	0.385416666667	0.25	0.232323232323	0.313043478261	0.0	0.183908045977	0.242105263158	0.129310344828	0.28431372549	0.178217821782
58	1	1	0	0.326086956522	0.265060240964	0.475247524752	0.383838383838	0.20652173913	0.495495495495	0.525252525253	0.252873563218	0.53125	0.289473684211	0.351063829787	0.452631578947	0.210526315789	0.515151515152	0.269230769231	0.381355932203	0.483146067416	0.106796116505	0.295918367347	0.205357142857
59	1	1	0	0.202247191011	0.140845070423	0.340909090909	0.313131313131	0.111111111111	0.495867768595	0.287356321839	0.257731958763	0.245454545455	0.0	0.330097087379	0.216981132075	0.178217821782	0.350515463918	0.0	0.252427184466	0.257731958763	0.137931034483	0.309523809524	0.18
60	1	1	0	0.173076923077	0.0	0.0	0.0	0.0	0.0	0.279069767442	0.0	0.0	0.0	0.0869565217391	0.0	0.0	0.0	0.0	0.0	0.275362318841	0.0	0.0	0.0
61	1	1	0	0.253012048193	0.0842105263158	0.326530612245	0.267326732673	0.188679245283	0.530973451327	0.242424242424	0.231578947368	0.24	0.0	0.381443298969	0.325842696629	0.205882352941	0.326923076923	0.0	0.179775280899	0.338983050847	0.15	0.269230769231	0.255319148936
62	1	1	0	0.247706422018	0.0754716981132	0.301886792453	0.384615384615	0.17	0.582417582418	0.242718446602	0.277777777778	0.347826086957	0.0	0.368932038835	0.255102040816	0.313131313131	0.30612244898	0.0	0.247619047619	0.287356321839	0.141304347826	0.27358490566	0.191780821918
63	1	1	0	0.0	0.0943396226415	0.0	0.0	0.128712871287	0.0	0.0	0.0	0.0	0.0	0.0	0.0	0.174757281553	0.0	0.0	0.0	0.0	0.19	0.262626262626	0.0
64	1	1	0	0.339622641509	0.285714285714	0.376237623762	0.271186440678	0.322916666667	0.541666666667	0.548387096774	0.232558139535	0.430107526882	0.242990654206	0.271739130435	0.53	0.261682242991	0.415584415584	0.255102040816	0.434343434343	0.519230769231	0.169811320755	0.244186046512	0.225225225225
65	1	1	0	0.288288288288	0.385321100917	0.58064516129	0.328125	0.21686746988	0.395833333333	0.468468468468	0.275862068966	0.489361702128	0.185840707965	0.397849462366	0.56862745098	0.232142857143	0.480769230769	0.256097560976	0.504672897196	0.475247524752	0.10989010989	0.32380952381	0.24
66	1	1	0	0.0	0.0	0.220930232558	0.0	0.0816326530612	0.0	0.216666666667	0.0	0.168421052632	0.0	0.0	0.198347107438	0.0	0.0	0.0	0.17	0.0	0.0	0.0	0.0
67	1	1	0	0.0	0.0	0.206896551724	0.0	0.116279069767	0.0	0.234042553191	0.0	0.184782608696	0.0	0.0	0.247311827957	0.0	0.0	0.0	0.141414141414	0.0	0.0	0.0	0.0
68	1	1	0	0.303370786517	0.243243243243	0.346534653465	0.396396396396	0.125	0.398058252427	0.278350515464	0.293103448276	0.22641509434	0.0	0.333333333333	0.284403669725	0.2	0.288461538462	0.0	0.25	0.32183908046	0.0909090909091	0.26724137931	0.260416666667
69	1	1	0	0.23	0.0	0.0	0.0	0.0	0.0	0.22	0.0	0.0	0.0	0.125	0.0	0.0	0.0	0.0	0.0	0.290322580645	0.0	0.0	0.0
70	1	1	0	0.462962962963	0.382352941176	0.505154639175	0.574468085106	0.294117647059	0.466019417476	0.438775510204	0.445454545455	0.548387096774	0.5	0.449541284404	0.504672897196	0.404255319149	0.608695652174	0.522935779817	0.445652173913	0.464285714286	0.367521367521	0.21186440678	0.535714285714
71	1	1	0	0.211764705882	0.0	0.0	0.0	0.0	0.0	0.271604938272	0.0	0.0	0.0	0.181034482759	0.0	0.0	0.0	0.0	0.0	0.344086021505	0.0	0.0	0.0
72	1	1	0	0.151785714286	0.0	0.0	0.0	0.0	0.0	0.178571428571	0.0	0.0	0.0	0.211764705882	0.0	0.0	0.0	0.0	0.0	0.316455696203	0.0	0.0	0.0
73	1	1	0	0.0	0.0	0.1375	0.0	0.169491525424	0.0	0.196261682243	0.0	0.287128712871	0.0	0.0	0.266055045872	0.0	0.0	0.0	0.208791208791	0.0	0.0	0.0	0.0
74	1	1	0	0.392857142857	0.247863247863	0.532710280374	0.3	0.255102040816	0.463414634146	0.46017699115	0.241758241758	0.411111111111	0.405405405405	0.563829787234	0.483870967742	0.448275862069	0.518181818182	0.446808510638	0.516483516484	0.549019607843	0.240384615385	0.389473684211	0.525252525253
75	1	1	0	0.35632183908	0.361111111111	0.519607843137	0.346534653465	0.28431372549	0.520833333333	0.530120481928	0.287128712871	0.52	0.48	0.505263157895	0.505050505051	0.303370786517	0.514285714286	0.45	0.430107526882	0.431818181818	0.31067961165	0.231578947368	0.449438202247
76	1	1	0	0.409523809524	0.329787234043	0.46	0.265957446809	0.237623762376	0.381818181818	0.495798319328	0.276595744681	0.491525423729	0.642857142857	0.449541284404	0.548780487805	0.355769230769	0.504424778761	0.466101694915	0.453608247423	0.511627906977	0.316239316239	0.33	0.326086956522
77	1	1	0	0.277777777778	0.0952380952381	0.38679245283	0.38	0.0919540229885	0.515151515152	0.274509803922	0.302752293578	0.224489795918	0.0	0.395348837209	0.279279279279	0.198113207547	0.339449541284	0.0	0.226804123711	0.31067961165	0.121739130435	0.34693877551	0.173913043478
78	1	1	0	0.494845360825	0.291262135922	0.575	0.333333333333	0.289156626506	0.558558558559	0.534653465347	0.308411214953	0.451923076923	0.5	0.494736842105	0.528846153846	0.336956521739	0.461538461538	0.463636363636	0.388888888889	0.466666666667	0.274509803922	0.232558139535	0.553191489362
79	1	1	0	0.555555555556	0.333333333333	0.616822429907	0.52380952381	0.37962962963	0.552631578947	0.572727272727	0.676470588235	0.494382022472	0.414634146341	0.567010309278	0.506172839506	0.274725274725	0.508333333333	0.494117647059	0.371134020619	0.508928571429	0.375	0.348314606742	0.466666666667
80	1	1	0	0.154545454545	0.0	0.0	0.0	0.0	0.0	0.258823529412	0.0	0.0	0.0	0.117021276596	0.0	0.0	0.0	0.0	0.0	0.252336448598	0.0	0.0	0.0
81	1	1	0	0.352272727273	0.271028037383	0.536363636364	0.236559139785	0.314814814815	0.495412844037	0.508333333333	0.256880733945	0.510869565217	0.53125	0.48275862069	0.452631578947	0.351851851852	0.537037037037	0.527272727273	0.416666666667	0.458333333333	0.209090909091	0.292929292929	0.484210526316
82	1	1	0	0.47572815534	0.405405405405	0.464646464646	0.466666666667	0.382978723404	0.55	0.446808510638	0.495726495726	0.495412844037	0.425742574257	0.5875	0.48	0.370078740157	0.43137254902	0.467889908257	0.52427184466	0.54128440367	0.320754716981	0.281818181818	0.554545454545
83	1	1	0	0.535087719298	0.45045045045	0.43	0.583333333333	0.295081967213	0.473214285714	0.461538461538	0.454545454545	0.456310679612	0.534246575342	0.5	0.565656565657	0.343434343434	0.528301886792	0.443298969072	0.550458715596	0.46017699115	0.316831683168	0.272727272727	0.48
84	1	1	0	0.0	0.0	0.178217821782	0.0	0.113636363636	0.0	0.258064516129	0.0	0.287234042553	0.0	0.0	0.238095238095	0.0	0.0	0.0	0.134020618557	0.0	0.0	0.0	0.0
85	1	1	0	0.163265306122	0.0	0.0	0.0	0.0	0.0	0.298969072165	0.0	0.0	0.0	0.207920792079	0.0	0.0	0.0	0.0	0.0	0.208791208791	0.0	0.0	0.0
86	1	1	0	0.131313131313	0.0	0.0	0.0	0.0	0.0	0.268518518519	0.0	0.0	0.0	0.165137614679	0.0	0.0	0.0	0.0	0.0	0.242990654206	0.0	0.0	0.0
87	1	1	0	0.265060240964	0.11320754717	0.240384615385	0.333333333333	0.14	0.40404040404	0.219298245614	0.264367816092	0.290322580645	0.0	0.379310344828	0.234567901235	0.232558139535	0.350427350427	0.0	0.299065420561	0.197674418605	0.153846153846	0.271844660194	0.210084033613
88	1	1	0	0.0	0.104347826087	0.0	0.0	0.19801980198	0.0	0.0	0.0	0.0	0.0	0.0	0.0	0.0973451327434	0.0	0.0	0.0	0.0	0.173333333333	0.164705882353	0.0
89	1	1	0	0.25	0.333333333333	0.515463917526	0.364583333333	0.238636363636	0.552380952381	0.485436893204	0.285714285714	0.630952380952	0.258928571429	0.415841584158	0.504273504274	0.299145299145	0.431578947368	0.2	0.413043478261	0.405405405405	0.111111111111	0.252631578947	0.247311827957
90	1	1	0	0.367346938776	0.273684210526	0.555555555556	0.326923076923	0.287128712871	0.540540540541	0.463917525773	0.290322580645	0.450980392157	0.448979591837	0.607476635514	0.582608695652	0.387387387387	0.553398058252	0.541666666667	0.396226415094	0.533980582524	0.287356321839	0.349056603774	0.445652173913
91	1	1	0	0.397959183673	0.296610169492	0.491803278689	0.425531914894	0.36036036036	0.451612903226	0.495145631068	0.421052631579	0.43023255814	0.456	0.448979591837	0.564356435644	0.339449541284	0.460674157303	0.5234375	0.483870967742	0.543859649123	0.363636363636	0.27619047619	0.514285714286
92	1	1	0	0.0	0.0	0.24	0.0	0.107843137255	0.0	0.274509803922	0.0	0.285714285714	0.0	0.0	0.216216216216	0.0	0.0	0.0	0.151785714286	0.0	0.0	0.0	0.0
93	1	1	0	0.285714285714	0.178571428571	0.405660377358	0.37	0.135416666667	0.538461538462	0.361111111111	0.357142857143	0.220930232558	0.0	0.339449541284	0.252631578947	0.224299065421	0.359223300971	0.0	0.247311827957	0.207920792079	0.136842105263	0.325842696629	0.166666666667
94	1	1	0	0.316831683168	0.314814814815	0.530612244898	0.330508474576	0.3125	0.532110091743	0.444444444444	0.244680851064	0.518181818182	0.134020618557	0.329545454545	0.528846153846	0.25	0.489795918367	0.281553398058	0.46	0.5	0.145631067961	0.25	0.272727272727
95	1	1	0	0.46	0.3	0.560747663551	0.344086021505	0.281553398058	0.564814814815	0.494845360825	0.208791208791	0.452631578947	0.537735849057	0.422680412371	0.505154639175	0.372549019608	0.549019607843	0.449541284404	0.317307692308	0.531914893617	0.264367816092	0.252525252525	0.516483516484
96	1	1	0	0.252747252747	0.14953271028	0.275862068966	0.376623376623	0.157894736842	0.436893203883	0.239669421488	0.282828282828	0.243243243243	0.0	0.346534653465	0.28125	0.183908045977	0.40404040404	0.0	0.188235294118	0.278846153846	0.110091743119	0.343434343434	0.203703703704
97	1	1	0	0.245283018868	0.1875	0.369369369369	0.258064516129	0.157894736842	0.509803921569	0.255813953488	0.233644859813	0.295238095238	0.0	0.424528301887	0.285714285714	0.290909090909	0.36170212766	0.0	0.28431372549	0.329411764706	0.0982142857143	0.336956521739	0.245614035088
98	1	1	0	0.262626262626	0.172413793103	0.307692307692	0.260869565217	0.16	0.414414414414	0.253012048193	0.410256410256	0.254545454545	0.0	0.425	0.27358490566	0.231481481481	0.297619047619	0.0	0.282828282828	0.229357798165	0.207920792079	0.340206185567	0.288288288288
99	1	1	0	0.494949494949	0.350515463918	0.516129032258	0.260416666667	0.194805194805	0.488095238095	0.481132075472	0.260273972603	0.392857142857	0.519230769231	0.5125	0.490909090909	0.363636363636	0.447619047619	0.51724137931	0.481481481481	0.556701030928	0.207920792079	0.330275229358	0.578431372549
100	1	1	0	0.228346456693	0.144230769231	0.381355932203	0.357798165138	0.159574468085	0.517543859649	0.272727272727	0.267857142857	0.234693877551	0.0	0.454545454545	0.247422680412	0.265060240964	0.284210526316	0.0	0.345238095238	0.303921568627	0.119565217391	0.344827586207	0.171717171717
