Chromosome	Position	Change	Gene	sample0	sample1	sample2	sample3	sample4
1	0	G>T	1	97	115	102	114	87
1	1	T>A	1	116	111	84	96	88
1	2	G>C	1	99	76	110	97	91
1	3	G>T	1	83	97	103	92	95
1	4	A>C	1	85	90	101	96	105
1	5	G>A	1	98	91	92	88	108
1	6	C>A	1	93	101	110	100	99
1	7	C>A	1	100	112	105	85	84
1	8	C>T	1	93	95	89	97	96
1	9	G>T	1	95	94	85	109	86
1	10	C>A	1	92	109	97	85	100
1	11	G>T	1	112	99	106	94	106
1	12	T>G	1	100	110	95	91	90
1	13	T>C	1	77	99	97	105	89
1	14	T>G	1	97	95	115	104	100
1	15	C>T	1	100	102	97	102	99
1	16	A>C	1	98	86	89	101	90
1	17	T>G	1	91	104	112	100	102
1	18	G>C	1	98	99	98	73	95
1	19	C>G	1	112	102	98	103	87
1	20	C>A	1	104	104	104	106	90
1	21	C>G	1	114	88	92	112	101
1	22	A>C	1	101	102	107	95	98
1	23	G>C	1	87	92	107	88	101
1	24	T>A	1	87	92	104	105	107
1	25	T>C	1	95	84	113	96	90
1	26	A>T	1	98	103	91	104	87
1	27	A>G	1	92	83	113	104	108
1	28	C>A	1	105	95	110	106	107
1	29	A>C	1	101	96	112	99	109
1	30	A>C	1	102	96	112	96	114
1	31	C>G	1	91	89	83	95	109
1	32	G>C	1	111	92	87	89	106
1	33	A>G	1	76	84	93	109	99
1	34	C>A	1	99	93	112	88	121
1	35	G>C	1	113	85	105	93	77
1	36	C>A	1	96	105	105	89	105
1	37	A>T	1	97	94	111	90	85
1	38	C>A	1	104	108	96	89	92
1	39	T>G	1	91	93	114	102	84
1	40	G>C	1	103	89	114	106	102
1	41	C>G	1	94	92	95	88	101
1	42	G>A	1	76	112	107	103	99
1	43	T>G	1	101	106	108	101	94
1	44	G>A	1	99	98	113	103	82
1	45	T>G	1	117	91	103	83	91
1	46	A>C	1	106	123	94	114	113
1	47	T>G	1	93	104	99	93	77
1	48	T>A	1	103	107	93	99	98
1	49	A>C	1	103	98	98	97	97
1	50	T>G	1	81	107	111	93	88
1	51	T>A	1	99	88	81	113	94
1	52	G>C	1	109	110	100	95	95
1	53	T>G	1	110	85	92	99	97
1	54	C>T	1	86	97	107	91	90
1	55	T>C	1	107	116	97	107	100
1	56	T>G	1	103	87	96	115	103
1	57	A>T	1	109	101	100	114	98
1	58	G>C	1	108	113	99	94	85
1	59	A>T	1	95	85	86	92	94
1	60	T>G	1	99	106	105	130	93
1	61	T>A	1	123	98	109	93	94
1	62	C>G	1	105	92	98	91	82
1	63	T>C	1	104	91	108	115	102
1	64	A>C	1	93	110	87	101	93
1	65	A>G	1	102	96	108	105	96
1	66	T>A	1	103	110	98	102	108
1	67	C>T	1	97	99	103	89	94
1	68	C>T	1	99	88	107	110	103
1	69	G>T	1	108	96	78	105	109
1	70	A>G	1	119	109	105	106	97
1	71	A>G	1	106	118	113	85	123
1	72	A>T	1	129	96	108	91	114
1	73	A>T	1	103	94	101	118	96
1	74	C>A	1	107	97	98	95	92
1	75	G>A	1	83	89	109	105	101
1	76	C>A	1	95	123	93	114	96
1	77	T>G	1	76	95	96	87	115
1	78	T>A	1	106	103	89	92	99
1	79	G>C	1	81	103	87	103	104
1	80	T>G	1	107	93	111	88	120
1	81	T>G	1	102	105	105	104	83
1	82	G>C	1	91	88	118	103	84
1	83	C>A	1	91	91	95	92	121
1	84	G>C	1	100	101	105	101	108
1	85	T>G	1	119	91	99	112	109
1	86	T>G	1	102	88	103	112	95
1	87	G>C	1	99	102	110	99	101
1	88	A>G	1	119	100	78	108	94
1	89	G>A	1	92	116	100	95	108
1	90	G>T	1	102	97	103	99	79
1	91	C>A	1	97	119	84	94	109
1	92	T>C	1	90	98	80	101	108
1	93	T>A	1	91	99	104	102	104
1	94	G>T	1	77	107	120	105	99
1	95	C>A	1	114	96	111	94	103
1	96	A>C	1	98	96	93	101	116
1	97	C>A	1	96	107	94	95	100
1	98	A>T	1	100	85	105	100	100
1	99	T>C	1	99	103	92	102	107
1	100	C>A	1	88	103	103	95	98
1	101	A>T	1	98	81	91	94	101
1	102	A>G	1	115	102	96	113	88
1	103	G>A	1	85	108	97	95	88
1	104	C>G	1	95	98	84	91	109
1	105	G>C	1	86	115	104	105	98
1	106	T>C	1	93	119	91	107	87
1	107	G>C	1	106	102	98	96	106
1	108	G>C	1	90	86	100	89	99
1	109	C>A	1	97	108	111	103	100
1	110	A>C	1	89	103	106	108	106
1	111	C>T	1	109	112	98	111	79
1	112	G>T	1	102	75	106	110	110
1	113	A>C	1	139	96	108	95	93
1	114	T>C	1	86	105	101	110	114
1	115	T>G	1	91	102	98	112	109
1	116	A>T	1	105	99	94	111	108
1	117	T>G	1	99	107	107	92	95
1	118	G>T	1	100	83	116	76	106
1	119	C>T	1	112	123	95	90	101
1	120	G>C	1	90	97	108	85	108
1	121	G>T	1	100	98	109	107	98
1	122	C>G	1	90	109	120	91	89
1	123	C>T	1	97	99	105	90	107
1	124	T>A	1	93	107	98	97	111
1	125	T>A	1	83	96	87	108	106
1	126	C>G	1	92	102	118	87	92
1	127	C>T	1	99	102	105	111	105
1	128	A>C	1	86	95	93	89	99
1	129	A>G	1	92	119	94	94	85
1	130	G>A	1	124	88	128	101	95
1	131	A>T	1	95	102	93	96	93
1	132	G>A	1	99	86	102	75	101
1	133	G>T	1	98	96	102	85	104
1	134	G>C	1	97	95	98	86	120
1	135	T>A	1	107	103	118	109	122
1	136	T>G	1	101	96	106	106	116
1	137	C>G	1	106	104	91	116	102
1	138	T>C	1	112	111	111	89	114
1	139	G>A	1	105	97	93	99	109
1	140	A>G	1	103	117	97	97	93
1	141	T>G	1	117	104	92	108	113
1	142	T>A	1	120	100	109	105	104
1	143	C>A	1	107	88	100	106	95
1	144	C>A	1	99	98	109	99	100
1	145	G>T	1	81	114	117	93	93
1	146	G>C	1	91	104	94	101	79
1	147	C>T	1	88	109	107	111	94
1	148	T>G	1	112	97	96	97	106
1	149	G>C	1	101	90	105	112	95
1	150	G>A	1	94	93	87	91	96
1	151	A>C	1	95	103	91	96	101
1	152	A>T	1	106	106	92	98	95
1	153	G>A	1	107	90	101	86	108
1	154	T>G	1	108	105	90	100	96
1	155	T>A	1	98	107	102	96	120
1	156	A>T	1	109	86	95	115	100
1	157	T>C	1	111	102	110	107	119
1	158	G>A	1	100	116	97	96	100
1	159	A>G	1	107	120	100	101	105
1	160	A>G	1	103	95	120	103	94
1	161	A>C	1	94	100	111	108	90
1	162	A>T	1	83	111	90	120	99
1	163	C>G	1	106	104	94	94	115
1	164	G>A	1	110	89	107	108	114
1	165	T>C	1	67	104	102	105	88
1	166	A>T	1	100	117	103	106	112
1	167	G>A	1	100	88	94	111	110
1	168	C>A	1	111	94	99	94	101
1	169	G>A	1	101	94	110	95	93
1	170	A>C	1	93	97	91	87	79
1	171	T>A	1	110	86	105	85	93
1	172	T>G	1	107	86	101	99	105
1	173	T>G	1	94	96	114	101	110
1	174	A>G	1	105	103	98	101	92
1	175	T>G	1	98	94	105	84	108
1	176	A>G	1	97	109	100	91	91
1	177	T>C	1	95	93	115	99	94
1	178	A>T	1	99	102	97	89	102
1	179	T>C	1	99	108	99	87	97
1	180	G>T	1	91	90	80	101	91
1	181	G>A	1	106	101	116	118	101
1	182	T>C	1	98	99	111	109	111
1	183	G>A	1	86	80	91	88	105
1	184	A>G	1	109	103	101	91	104
1	185	C>T	1	97	118	110	97	88
1	186	G>A	1	101	109	117	99	98
1	187	C>T	1	109	111	81	79	92
1	188	C>A	1	92	109	82	109	102
1	189	C>A	1	94	112	113	95	113
1	190	G>A	1	105	109	101	94	95
1	191	A>T	1	107	101	108	102	113
1	192	G>T	1	92	94	105	94	81
1	193	G>T	1	99	92	105	114	102
1	194	T>C	1	103	120	84	128	105
1	195	T>G	1	98	90	85	109	109
1	196	A>G	1	96	106	107	94	108
1	197	G>C	1	115	112	84	96	84
1	198	A>C	1	95	103	102	94	115
1	199	G>T	1	93	94	106	77	118
