Chromosome	Position	Change	Gene	sample0	sample1	sample2	sample3	sample4
1	0	A>C	1	99	99	106	95	87
1	1	A>C	1	113	110	96	106	104
1	2	G>C	1	88	87	107	108	105
1	3	C>A	1	90	104	118	104	80
1	4	A>T	1	112	103	86	91	99
1	5	T>A	1	104	86	92	96	92
1	6	A>G	1	99	99	100	104	105
1	7	C>T	1	98	102	119	112	105
1	8	G>C	1	112	110	91	103	102
1	9	A>G	1	115	92	113	103	78
1	10	G>T	1	89	97	99	79	102
1	11	T>C	1	84	103	108	93	111
1	12	T>G	1	98	97	94	99	128
1	13	C>G	1	85	95	71	111	99
1	14	T>G	1	81	101	114	111	83
1	15	T>A	1	88	100	104	103	96
1	16	C>A	1	102	117	105	106	86
1	17	T>G	1	110	97	109	105	113
1	18	A>C	1	95	103	102	103	86
1	19	G>C	1	97	111	103	106	110
1	20	G>A	1	110	109	102	100	95
1	21	G>T	1	106	110	92	101	98
1	22	C>A	1	86	89	98	87	99
1	23	A>T	1	106	110	114	107	98
1	24	T>G	1	105	105	89	97	103
1	25	C>T	1	93	94	102	115	97
1	26	T>G	1	101	102	101	106	104
1	27	A>C	1	93	93	113	100	98
1	28	G>T	1	88	102	102	92	115
1	29	G>T	1	106	90	103	112	92
1	30	T>C	1	99	109	92	96	89
1	31	T>C	1	101	102	103	93	104
1	32	T>A	1	105	109	92	99	93
1	33	T>C	1	103	87	100	107	84
1	34	A>T	1	89	98	90	101	124
1	35	C>T	1	104	116	100	92	95
1	36	A>T	1	100	81	107	116	100
1	37	A>C	1	93	76	115	93	104
1	38	T>G	1	90	98	113	108	88
1	39	A>T	1	92	99	116	105	112
1	40	A>C	1	91	99	107	116	109
1	41	G>C	1	89	105	91	90	99
1	42	A>C	1	114	105	105	107	84
1	43	T>A	1	112	101	114	90	99
1	44	T>A	1	85	102	79	86	112
1	45	T>C	1	111	92	104	113	96
1	46	C>G	1	99	87	109	97	98
1	47	A>G	1	102	87	101	85	104
1	48	A>G	1	103	97	98	104	93
1	49	C>A	1	113	98	111	106	113
1	50	C>G	1	99	98	107	85	108
1	51	A>T	1	112	85	91	102	94
1	52	G>T	1	115	108	94	91	101
1	53	G>C	1	105	123	104	94	110
1	54	T>A	1	84	96	112	110	90
1	55	A>G	1	102	86	88	115	105
1	56	C>T	1	99	103	101	119	110
1	57	A>T	1	104	97	95	105	95
1	58	G>A	1	95	100	97	107	102
1	59	C>T	1	95	95	98	106	101
1	60	C>G	1	82	97	104	118	98
1	61	A>C	1	114	98	97	105	106
1	62	T>G	1	95	91	112	105	91
1	63	T>G	1	96	113	101	103	102
1	64	A>G	1	84	106	95	90	82
1	65	T>G	1	97	102	120	80	122
1	66	T>G	1	90	104	92	96	109
1	67	T>G	1	101	98	100	101	109
1	68	T>A	1	111	99	91	83	111
1	69	C>T	1	95	87	113	113	94
1	70	A>T	1	89	116	90	93	107
1	71	C>G	1	114	99	99	94	98
1	72	T>G	1	110	110	100	86	100
1	73	G>T	1	88	104	112	80	89
1	74	A>G	1	96	89	105	107	93
1	75	G>A	1	94	95	89	111	102
1	76	T>C	1	92	103	106	112	106
1	77	C>T	1	101	90	94	90	104
1	78	A>T	1	95	101	104	95	69
1	79	T>C	1	93	80	117	90	96
1	80	C>A	1	113	110	123	91	98
1	81	C>A	1	121	104	92	101	90
1	82	C>G	1	109	97	90	91	118
1	83	G>C	1	95	106	99	114	106
1	84	A>G	1	97	89	83	98	107
1	85	T>A	1	95	90	124	106	95
1	86	C>T	1	98	105	103	95	102
1	87	A>G	1	100	91	110	107	111
1	88	T>G	1	112	101	93	113	116
1	89	C>T	1	105	104	102	108	106
1	90	A>G	1	97	107	101	106	96
1	91	C>A	1	99	105	94	98	93
1	92	G>A	1	100	89	92	90	96
1	93	T>G	1	90	86	86	117	93
1	94	G>T	1	113	85	98	101	80
1	95	G>A	1	84	110	121	89	104
1	96	C>G	1	106	90	101	119	103
1	97	C>T	1	113	89	103	95	110
1	98	T>G	1	109	89	86	115	108
1	99	A>T	1	88	108	97	100	97
1	100	A>T	1	105	112	93	103	93
1	101	T>G	1	96	93	112	105	105
1	102	A>G	1	87	98	100	122	95
1	103	C>T	1	110	97	98	91	102
1	104	T>A	1	99	107	78	99	116
1	105	T>A	1	81	97	95	75	95
1	106	T>C	1	103	92	85	112	82
1	107	C>G	1	94	112	104	98	87
1	108	G>A	1	88	97	95	100	88
1	109	G>A	1	94	109	91	98	96
1	110	C>T	1	96	100	129	101	88
1	111	A>T	1	83	108	99	104	116
1	112	C>A	1	94	100	87	94	108
1	113	T>C	1	95	111	94	92	89
1	114	A>G	1	104	108	100	104	104
1	115	A>C	1	111	110	91	118	108
1	116	C>G	1	105	91	84	100	107
1	117	A>C	1	89	90	91	94	101
1	118	G>T	1	118	109	90	91	94
1	119	T>C	1	78	84	94	101	94
1	120	G>A	1	112	102	91	105	100
1	121	C>G	1	96	96	93	94	113
1	122	G>A	1	90	92	83	119	94
1	123	A>G	1	106	85	103	108	105
1	124	G>T	1	117	106	87	89	93
1	125	A>C	1	88	97	91	100	110
1	126	G>T	1	110	102	108	103	106
1	127	A>C	1	94	88	89	90	102
1	128	A>C	1	96	104	108	105	114
1	129	C>T	1	90	113	108	119	103
1	130	T>C	1	98	89	107	93	99
1	131	G>T	1	95	108	103	97	112
1	132	A>G	1	92	102	92	97	118
1	133	G>C	1	94	88	117	109	113
1	134	T>G	1	99	104	100	103	94
1	135	A>T	1	96	99	92	94	112
1	136	A>T	1	91	92	113	99	93
1	137	A>T	1	109	97	98	82	105
1	138	C>A	1	91	97	108	102	109
1	139	T>G	1	97	103	102	94	104
1	140	T>A	1	82	88	111	108	100
1	141	T>G	1	105	113	90	101	94
1	142	C>T	1	88	74	104	100	107
1	143	G>T	1	105	84	104	85	98
1	144	C>A	1	92	95	92	99	88
1	145	A>T	1	98	94	101	88	94
1	146	A>T	1	104	100	109	84	88
1	147	C>T	1	106	105	88	103	104
1	148	T>C	1	93	107	119	97	111
1	149	G>T	1	85	99	96	106	109
1	150	C>A	1	109	104	100	118	98
1	151	T>A	1	103	91	111	102	85
1	152	C>A	1	99	88	94	98	102
1	153	G>C	1	108	104	102	83	103
1	154	G>A	1	105	109	83	129	109
1	155	G>T	1	111	81	92	89	116
1	156	C>G	1	115	92	105	104	119
1	157	T>A	1	96	110	87	106	103
1	158	A>G	1	92	101	111	93	91
1	159	A>G	1	82	92	105	96	103
1	160	A>T	1	106	107	88	82	97
1	161	G>T	1	101	117	96	99	109
1	162	T>C	1	96	84	87	116	101
1	163	G>C	1	92	96	96	107	83
1	164	T>G	1	97	109	101	106	93
1	165	C>A	1	87	82	103	110	115
1	166	C>A	1	114	84	93	87	109
1	167	A>T	1	97	86	98	100	110
1	168	C>T	1	82	88	105	99	102
1	169	A>C	1	122	106	85	97	96
1	170	G>A	1	87	87	91	116	95
1	171	C>T	1	98	108	107	71	116
1	172	T>C	1	107	100	91	106	87
1	173	G>A	1	76	99	118	104	112
1	174	C>G	1	114	105	97	104	103
1	175	C>G	1	96	93	110	101	88
1	176	T>A	1	117	93	112	86	93
1	177	T>G	1	99	109	117	107	113
1	178	G>C	1	111	114	106	115	88
1	179	G>T	1	96	95	98	83	106
1	180	T>C	1	95	100	119	90	106
1	181	A>T	1	89	100	98	88	107
1	182	G>C	1	85	103	109	108	122
1	183	T>C	1	105	107	91	98	116
1	184	G>A	1	82	110	115	96	100
1	185	C>G	1	113	91	88	113	120
1	186	C>T	1	93	114	92	99	83
1	187	T>C	1	85	105	109	108	92
1	188	T>C	1	99	100	107	82	116
1	189	A>C	1	98	102	103	102	102
1	190	A>C	1	89	104	93	84	108
1	191	T>C	1	93	116	96	114	100
1	192	A>C	1	111	89	105	92	97
1	193	A>C	1	106	105	104	102	99
1	194	G>A	1	115	97	114	101	94
1	195	T>A	1	107	94	85	106	111
1	196	T>A	1	104	105	105	103	95
1	197	T>C	1	80	102	82	100	92
1	198	G>C	1	93	102	92	99	103
1	199	G>C	1	131	89	95	105	102
