Chromosome	Position	Change	Gene	sample0	sample1	sample2	sample3	sample4	sample5	sample6	sample7	sample8	sample9
1	0	T>C	1	0	0	0	0	0	0	0	0	0	0
1	1	G>T	1	0	238	0	0	0	167	0	0	108	0
1	2	C>G	1	0	242	0	0	0	142	0	0	109	0
1	3	A>C	1	0	0	301	0	0	0	203	0	0	159
1	4	A>T	1	0	0	0	0	207	187	0	0	124	0
1	5	C>G	1	0	0	0	0	173	167	0	0	120	0
1	6	G>C	1	0	223	0	171	0	146	0	0	231	0
1	7	T>A	1	0	256	0	0	199	0	163	216	138	0
1	8	T>G	1	0	0	0	0	174	176	0	0	125	0
1	9	A>C	1	0	251	0	0	0	159	0	0	101	0
1	10	T>A	1	0	0	0	0	178	189	0	0	118	0
1	11	A>C	1	0	255	0	0	0	161	0	0	105	0
1	12	A>C	1	0	0	0	0	183	165	0	0	133	0
1	13	G>C	1	0	0	0	0	0	169	0	0	0	0
1	14	C>T	1	0	0	0	0	171	159	0	0	126	0
1	15	A>G	1	0	257	0	0	154	0	158	221	114	0
1	16	C>T	1	0	0	0	0	0	171	0	0	0	0
1	17	C>T	1	0	253	0	179	0	154	0	0	255	0
1	18	A>C	1	0	231	0	0	176	0	145	206	105	0
1	19	G>T	1	0	0	310	0	0	0	230	0	0	140
1	20	C>G	1	0	275	0	188	0	156	0	0	271	0
1	21	C>A	1	0	0	0	0	0	0	0	0	0	0
1	22	C>G	1	0	0	0	0	0	0	0	0	0	0
1	23	C>T	1	0	0	0	0	0	0	0	0	0	0
1	24	A>G	1	0	0	0	0	0	187	0	0	0	0
1	25	G>A	1	0	0	198	124	0	0	148	0	0	97
1	26	C>G	1	0	0	0	0	208	178	0	0	135	0
1	27	G>A	1	0	0	0	0	165	166	0	0	147	0
1	28	C>G	1	0	0	0	0	225	187	0	0	141	0
1	29	G>T	1	0	282	0	0	171	0	169	237	125	0
1	30	A>G	1	0	0	0	0	201	166	0	0	117	0
1	31	G>A	1	306	0	0	194	0	0	0	298	0	146
1	32	T>A	1	0	243	0	0	167	0	154	238	108	0
1	33	G>C	1	0	0	0	0	201	192	0	0	113	0
1	34	C>G	1	0	262	0	0	0	136	0	0	91	0
1	35	C>T	1	0	238	0	0	0	148	0	0	102	0
1	36	G>A	1	0	261	0	0	152	0	163	208	119	0
1	37	A>T	1	0	248	0	0	171	0	173	204	116	0
1	38	C>G	1	0	277	0	0	170	0	148	233	96	0
1	39	T>C	1	0	0	0	0	0	0	0	0	0	0
1	40	A>T	1	0	0	0	0	181	155	0	0	124	0
1	41	C>A	1	0	241	0	162	0	173	0	0	286	0
1	42	T>G	1	0	251	0	0	0	179	0	0	108	0
1	43	A>T	1	0	0	0	0	187	177	0	0	139	0
1	44	A>T	1	0	0	0	0	174	172	0	0	130	0
1	45	C>G	1	0	0	0	0	0	0	0	0	0	0
1	46	A>C	1	0	0	0	0	0	0	0	0	0	0
1	47	C>G	1	0	248	0	0	158	0	165	237	113	0
1	48	T>G	1	0	0	0	0	187	184	0	0	130	0
1	49	G>T	1	0	0	284	0	0	0	217	0	0	167
1	50	G>C	1	0	0	0	0	0	156	0	0	0	0
1	51	G>T	1	0	0	190	134	0	0	128	0	0	90
1	52	A>T	1	0	257	0	0	154	0	159	207	121	0
1	53	C>A	1	0	246	0	0	0	158	0	0	100	0
1	54	G>C	1	190	0	0	0	132	0	0	0	0	101
1	55	T>C	1	0	237	0	0	0	161	0	0	118	0
1	56	T>A	1	0	0	0	0	0	170	0	0	0	0
1	57	C>A	1	0	274	0	0	183	0	143	221	116	0
1	58	C>A	1	0	274	0	0	0	153	0	0	113	0
1	59	G>C	1	0	0	209	124	0	0	138	0	0	91
1	60	C>T	1	0	243	0	0	163	0	178	220	110	0
1	61	T>G	1	0	0	0	0	0	190	0	0	0	0
1	62	C>G	1	0	0	0	0	0	176	0	0	0	0
1	63	G>C	1	0	239	0	0	152	0	161	184	115	0
1	64	A>G	1	0	0	0	0	181	182	0	0	127	0
1	65	T>G	1	0	223	0	0	167	0	140	226	131	0
1	66	T>A	1	0	0	0	0	187	154	0	0	154	0
1	67	T>A	1	0	0	210	135	0	0	144	0	0	111
1	68	G>T	1	0	0	0	0	177	173	0	0	110	0
1	69	A>G	1	0	0	0	0	0	0	0	0	0	0
1	70	C>T	1	0	260	0	0	184	0	168	218	121	0
1	71	G>A	1	0	0	0	0	191	170	0	0	113	0
1	72	T>A	1	0	0	0	0	185	169	0	0	139	0
1	73	A>C	1	0	234	0	0	0	154	0	0	114	0
1	74	G>C	1	0	0	286	0	0	0	210	0	0	154
1	75	G>T	1	0	238	0	0	184	0	156	211	96	0
1	76	G>T	1	0	0	0	0	0	179	0	0	0	0
1	77	T>C	1	0	0	0	0	0	174	0	0	0	0
1	78	C>A	1	0	0	0	0	163	183	0	0	118	0
1	79	C>T	1	0	263	0	0	157	0	133	208	120	0
1	80	G>A	1	0	249	0	180	0	152	0	0	266	0
1	81	T>G	1	0	257	0	0	176	0	150	224	109	0
1	82	C>G	1	0	0	0	0	180	149	0	0	138	0
1	83	A>C	1	0	266	0	0	0	163	0	0	101	0
1	84	A>T	1	0	0	0	0	181	173	0	0	132	0
1	85	C>A	1	0	251	0	0	0	129	0	0	97	0
1	86	G>A	1	0	0	294	0	0	0	200	0	0	145
1	87	C>T	1	0	0	0	0	192	166	0	0	114	0
1	88	G>T	1	0	228	0	0	162	0	174	212	104	0
1	89	A>G	1	0	0	0	0	0	179	0	0	0	0
1	90	G>C	1	0	279	0	0	150	0	156	194	99	0
1	91	A>T	1	0	0	0	0	195	163	0	0	114	0
1	92	T>G	1	188	0	0	0	145	0	0	0	0	106
1	93	C>G	1	0	236	0	0	0	175	0	0	129	0
1	94	G>A	1	213	0	0	0	158	0	0	0	0	107
1	95	A>C	1	0	0	215	104	0	0	138	0	0	105
1	96	G>T	1	0	0	0	0	168	172	0	0	118	0
1	97	C>G	1	305	0	0	190	0	0	0	312	0	160
1	98	C>G	1	0	238	0	0	171	0	144	201	128	0
1	99	A>T	1	0	0	212	133	0	0	125	0	0	109
