Chromosome	Position	Change	Gene	sample0	sample1	sample2	sample3	sample4	sample5	sample6	sample7	sample8	sample9
1	0	A>T	1	181	0	0	0	0	0	0	0	0	0
1	1	G>T	1	0	0	0	0	0	0	0	0	0	0
1	2	A>G	1	0	237	273	273	158	237	103	226	247	102
1	3	A>T	1	0	280	0	0	169	0	129	141	0	100
1	4	C>T	1	0	0	0	0	0	0	0	0	0	0
1	5	G>C	1	0	0	0	0	164	280	122	138	132	154
1	6	C>T	1	0	0	0	0	0	0	0	0	0	0
1	7	C>T	1	160	272	0	228	342	287	253	246	274	408
1	8	T>A	1	190	0	0	0	0	0	0	0	0	0
1	9	G>T	1	155	265	0	246	372	249	245	283	275	374
1	10	G>T	1	180	264	0	222	317	270	230	277	255	386
1	11	T>A	1	0	199	243	262	165	205	263	234	229	101
1	12	T>A	1	0	0	0	0	0	0	0	0	0	0
1	13	A>G	1	0	214	265	257	144	218	109	224	238	112
1	14	C>G	1	0	0	0	0	178	267	142	137	151	141
1	15	C>T	1	0	221	279	268	140	221	98	240	227	128
1	16	G>T	1	0	225	286	258	163	255	245	230	222	108
1	17	T>C	1	194	262	0	274	312	294	254	267	270	374
1	18	C>G	1	0	254	0	0	0	226	101	119	98	128
1	19	T>C	1	0	243	0	0	162	0	122	123	0	138
1	20	C>T	1	275	215	471	250	144	223	248	218	217	112
1	21	G>T	1	0	230	0	0	0	205	111	83	109	100
1	22	A>G	1	0	261	273	232	154	213	109	202	265	127
1	23	T>C	1	0	0	0	0	0	0	0	0	0	0
1	24	T>G	1	0	228	269	259	160	203	115	207	254	108
1	25	A>G	1	194	292	0	215	384	254	255	270	262	364
1	26	G>C	1	0	0	0	0	0	0	0	0	0	0
1	27	T>G	1	0	245	0	0	0	228	101	120	102	95
1	28	C>G	1	0	0	0	0	0	0	0	0	0	0
1	29	A>T	1	0	233	0	0	0	222	99	103	134	129
1	30	T>A	1	173	0	0	0	0	0	0	0	0	0
1	31	A>C	1	0	0	0	0	0	0	0	0	0	0
1	32	T>G	1	181	0	0	0	0	0	0	0	0	0
1	33	A>T	1	0	234	0	0	176	0	130	129	0	133
1	34	T>A	1	0	218	278	262	164	232	99	252	223	120
1	35	C>G	1	178	0	0	0	0	0	0	0	0	0
1	36	C>T	1	0	0	0	0	156	249	141	141	123	118
1	37	C>G	1	0	246	275	242	164	212	98	224	226	110
1	38	T>G	1	169	272	0	250	322	276	242	263	265	359
1	39	G>T	1	0	0	0	0	171	292	111	119	154	138
1	40	A>G	1	0	0	0	0	0	0	0	0	0	0
1	41	A>T	1	0	219	313	245	147	211	97	237	243	117
1	42	C>T	1	0	245	300	276	163	210	97	237	251	128
1	43	T>A	1	0	236	284	255	138	234	86	230	277	99
1	44	A>C	1	173	0	0	0	0	0	0	0	0	0
1	45	C>G	1	0	0	0	0	175	270	120	136	136	132
1	46	T>A	1	202	0	0	0	0	0	0	0	0	0
1	47	T>A	1	0	0	0	0	0	0	0	0	0	0
1	48	C>T	1	0	0	0	0	0	0	0	0	0	0
1	49	C>A	1	162	288	0	241	342	273	252	274	245	401
1	50	C>T	1	193	0	0	0	0	0	0	0	0	0
1	51	C>A	1	175	272	0	214	322	284	242	263	280	384
1	52	T>A	1	356	228	501	268	169	208	259	192	241	107
1	53	A>T	1	0	214	290	267	134	213	99	224	245	115
1	54	A>C	1	0	264	0	0	157	0	130	147	0	129
1	55	A>G	1	179	0	0	0	0	0	0	0	0	0
1	56	A>C	1	156	261	0	229	325	234	254	250	233	337
1	57	G>C	1	190	0	0	0	0	0	0	0	0	0
1	58	A>C	1	0	235	0	0	0	216	106	115	100	112
1	59	A>G	1	181	0	0	0	0	0	0	0	0	0
1	60	C>G	1	0	279	0	0	169	0	139	133	0	114
1	61	A>C	1	190	0	0	0	0	0	0	0	0	0
1	62	T>A	1	159	260	0	225	314	288	258	280	266	375
1	63	A>C	1	175	0	0	0	0	0	0	0	0	0
1	64	G>T	1	0	0	0	0	180	267	138	133	142	118
1	65	A>T	1	0	0	0	0	0	0	0	0	0	0
1	66	A>T	1	168	0	0	0	0	0	0	0	0	0
1	67	C>A	1	0	0	0	0	161	268	124	123	141	157
1	68	T>C	1	0	219	248	279	135	221	111	245	210	107
1	69	C>T	1	0	0	0	0	0	0	0	0	0	0
1	70	G>T	1	0	226	0	0	0	208	92	122	111	110
1	71	A>T	1	173	271	0	253	372	285	246	285	242	433
1	72	T>G	1	177	268	0	257	322	282	249	294	243	438
1	73	A>C	1	0	0	0	0	157	287	130	138	137	134
1	74	C>G	1	161	0	0	0	0	0	0	0	0	0
1	75	C>G	1	163	248	0	232	315	269	249	286	256	369
1	76	T>C	1	0	0	0	0	181	277	133	146	145	137
1	77	C>G	1	0	0	0	0	0	0	0	0	0	0
1	78	A>C	1	178	0	0	0	0	0	0	0	0	0
1	79	T>A	1	187	0	0	0	0	0	0	0	0	0
1	80	C>A	1	177	284	0	241	340	264	237	279	248	393
1	81	T>C	1	0	274	0	0	169	0	137	140	0	127
1	82	C>G	1	0	222	305	257	140	235	82	219	202	109
1	83	A>G	1	0	283	0	0	199	0	115	140	0	146
1	84	A>T	1	0	236	290	273	158	195	86	226	276	113
1	85	G>C	1	0	0	0	0	0	0	0	0	0	0
1	86	T>C	1	189	281	0	249	348	292	247	245	230	388
1	87	T>G	1	0	0	0	0	196	274	110	143	130	134
1	88	T>G	1	174	0	0	0	0	0	0	0	0	0
1	89	C>G	1	178	0	0	0	0	0	0	0	0	0
1	90	C>T	1	0	0	0	0	0	0	0	0	0	0
1	91	C>G	1	0	0	0	0	0	0	0	0	0	0
1	92	A>C	1	0	0	0	0	0	0	0	0	0	0
1	93	C>A	1	0	0	0	0	0	0	0	0	0	0
1	94	T>C	1	167	0	0	0	0	0	0	0	0	0
1	95	A>C	1	0	244	281	251	147	226	94	249	224	124
1	96	A>G	1	0	0	0	0	167	273	133	143	148	143
1	97	C>G	1	338	223	537	255	167	222	250	238	219	116
1	98	A>T	1	0	214	0	0	0	241	88	103	130	99
1	99	A>T	1	0	247	0	0	0	188	91	107	103	92
