Num_mutations: 100
Num_samples: 10
Error_rate: 0.030000

0.000000000000000000e+00 3.283853377764313630e-01 0.000000000000000000e+00 2.431610942249240181e-01 0.000000000000000000e+00 0.000000000000000000e+00 0.000000000000000000e+00 4.641071785642871261e-01 0.000000000000000000e+00 0.000000000000000000e+00
0.000000000000000000e+00 0.000000000000000000e+00 3.914910616198941651e-01 0.000000000000000000e+00 2.210796915167095034e-01 5.731426857314269041e-01 0.000000000000000000e+00 0.000000000000000000e+00 0.000000000000000000e+00 2.323809523809523825e-01
9.833953909630672729e-01 9.958210172255631543e-01 1.009924812030075225e+00 1.007886754297270038e+00 8.251959011452681958e-01 1.011229195909364442e+00 9.926418707791553331e-01 9.888954987110846195e-01 5.970718010429201250e-01 9.968903601163606742e-01
4.746470471266653335e-01 5.989737517268600708e-01 1.003134182174338918e+00 7.109297232729444582e-01 5.324384787472036251e-01 1.013868103362266737e+00 1.008608608608608570e+00 1.012749723923300982e+00 6.203649205414949463e-01 7.301618634030793142e-01
9.801591298217343651e-01 9.830542666935646601e-01 9.798950183222739918e-01 1.005113807279655047e+00 8.007628224430392017e-01 1.004112003132954678e+00 9.989180682600570238e-01 1.011076738848418310e+00 6.022289766970617686e-01 9.898203592814370788e-01
0.000000000000000000e+00 3.444664031620553457e-01 0.000000000000000000e+00 2.458530805687203780e-01 0.000000000000000000e+00 0.000000000000000000e+00 0.000000000000000000e+00 4.575814973581895928e-01 0.000000000000000000e+00 0.000000000000000000e+00
0.000000000000000000e+00 0.000000000000000000e+00 3.838077932566121286e-01 0.000000000000000000e+00 2.212335692618806748e-01 5.802930773117735974e-01 0.000000000000000000e+00 0.000000000000000000e+00 0.000000000000000000e+00 2.342105263157894801e-01
0.000000000000000000e+00 0.000000000000000000e+00 3.799740700109703884e-01 0.000000000000000000e+00 2.252873563218390773e-01 5.818255743037202832e-01 0.000000000000000000e+00 0.000000000000000000e+00 0.000000000000000000e+00 2.297405189620758403e-01
0.000000000000000000e+00 3.382771829879186454e-01 0.000000000000000000e+00 2.483913798386273020e-01 0.000000000000000000e+00 0.000000000000000000e+00 0.000000000000000000e+00 4.854061541505886868e-01 0.000000000000000000e+00 0.000000000000000000e+00
0.000000000000000000e+00 0.000000000000000000e+00 3.888213851761846973e-01 0.000000000000000000e+00 2.217984745082296205e-01 5.844221614504203632e-01 0.000000000000000000e+00 0.000000000000000000e+00 0.000000000000000000e+00 2.481737012987013102e-01
9.963326395083754727e-01 9.904723698726306536e-01 9.944840036104704017e-01 9.920226194082600868e-01 8.167062549485352152e-01 9.834619625137817067e-01 9.781355595309083606e-01 1.008716561466786787e+00 6.127583108715184412e-01 9.982230997038499254e-01
0.000000000000000000e+00 3.323465561476218744e-01 0.000000000000000000e+00 2.388266772371420155e-01 0.000000000000000000e+00 0.000000000000000000e+00 0.000000000000000000e+00 4.660409728529619766e-01 0.000000000000000000e+00 0.000000000000000000e+00
0.000000000000000000e+00 0.000000000000000000e+00 3.913991280221957858e-01 0.000000000000000000e+00 2.272500747533140741e-01 5.791490219802379880e-01 0.000000000000000000e+00 0.000000000000000000e+00 0.000000000000000000e+00 2.269276867758689697e-01
1.001920161697827272e+00 1.005033219247030374e+00 1.025335028856499964e+00 9.880845098628217027e-01 8.075135936727632080e-01 9.921463366139775530e-01 9.933541829554339841e-01 9.985067197610751899e-01 6.224108315651207812e-01 9.914188784673717558e-01
9.935923107729275339e-01 1.000196734212079441e+00 1.013188976377952688e+00 9.819999999999999840e-01 7.995939086294415743e-01 1.003712250426407104e+00 1.002400960384153716e+00 1.002885408079142726e+00 6.100030069159065871e-01 9.831185695734692143e-01
0.000000000000000000e+00 2.722872125857200287e-01 3.321695760598503688e-01 4.915373059589384086e-01 0.000000000000000000e+00 0.000000000000000000e+00 5.013927576601671099e-01 5.206812652068126823e-01 0.000000000000000000e+00 2.596076861489191590e-01
0.000000000000000000e+00 0.000000000000000000e+00 3.960690887432996021e-01 0.000000000000000000e+00 2.250970245795601565e-01 5.745388569700634607e-01 0.000000000000000000e+00 0.000000000000000000e+00 0.000000000000000000e+00 2.245099980201940293e-01
0.000000000000000000e+00 0.000000000000000000e+00 0.000000000000000000e+00 0.000000000000000000e+00 2.303612528770139223e-01 0.000000000000000000e+00 0.000000000000000000e+00 0.000000000000000000e+00 0.000000000000000000e+00 0.000000000000000000e+00
0.000000000000000000e+00 3.436939629408248820e-01 0.000000000000000000e+00 2.428082880708107016e-01 0.000000000000000000e+00 0.000000000000000000e+00 0.000000000000000000e+00 4.915371671780659479e-01 0.000000000000000000e+00 0.000000000000000000e+00
1.013373554550025091e+00 9.951466127401416006e-01 9.965746524279669449e-01 9.891631547260686386e-01 8.084594567505262175e-01 1.001300130013001333e+00 9.983743141637878571e-01 1.008983829107606311e+00 6.133412042502951467e-01 9.977098476550831929e-01
9.979683055668427949e-01 1.008762429851334019e+00 1.004380724810832293e+00 1.009786299181146374e+00 7.951058068398355605e-01 9.815350833416508491e-01 1.017295438454536294e+00 1.016198812757822756e+00 6.080095875362029334e-01 9.988874279356730890e-01
0.000000000000000000e+00 2.754527162977867261e-01 3.346342439707795657e-01 4.703287890938251947e-01 0.000000000000000000e+00 0.000000000000000000e+00 5.003477396920019693e-01 5.111846724847025625e-01 0.000000000000000000e+00 2.588398887564560824e-01
0.000000000000000000e+00 0.000000000000000000e+00 3.833736884584342253e-01 0.000000000000000000e+00 2.360753221010901959e-01 5.827259111333000785e-01 0.000000000000000000e+00 0.000000000000000000e+00 0.000000000000000000e+00 2.295049307699970065e-01
0.000000000000000000e+00 0.000000000000000000e+00 0.000000000000000000e+00 0.000000000000000000e+00 2.131794716064379092e-01 0.000000000000000000e+00 0.000000000000000000e+00 0.000000000000000000e+00 0.000000000000000000e+00 0.000000000000000000e+00
1.010833248962235587e+00 9.948013732221677730e-01 9.905217998603212948e-01 9.983710038688657917e-01 1.000703022998895353e+00 1.002228525121555913e+00 9.973469588287314780e-01 1.007164790174001956e+00 1.007167031654389699e+00 1.009053825490001000e+00
0.000000000000000000e+00 0.000000000000000000e+00 3.960335930385510683e-01 0.000000000000000000e+00 2.268490977592702851e-01 5.880445795339411807e-01 0.000000000000000000e+00 0.000000000000000000e+00 0.000000000000000000e+00 2.268680604181254334e-01
9.920451112677474148e-01 9.936038376973815867e-01 1.018261650533878848e+00 1.007207029321749436e+00 8.223536610238629807e-01 1.004063388866314410e+00 9.978139904610492383e-01 9.870621019108279937e-01 5.968961400716275012e-01 1.010271903323262777e+00
9.996068409671712285e-01 1.002882990356894322e+00 1.006275303643724639e+00 1.006727583090671674e+00 8.037739636655625297e-01 9.875701684041700013e-01 9.839572192513369453e-01 1.001813053988718671e+00 6.050556117290192271e-01 9.953223510270490237e-01
0.000000000000000000e+00 0.000000000000000000e+00 0.000000000000000000e+00 0.000000000000000000e+00 2.183169311106648025e-01 0.000000000000000000e+00 0.000000000000000000e+00 0.000000000000000000e+00 0.000000000000000000e+00 0.000000000000000000e+00
9.800891530460623668e-01 1.007238472979672839e+00 9.974714271265298082e-01 9.880916641649154508e-01 8.021400970969979616e-01 1.014481174473184755e+00 1.009288537549407172e+00 1.000608766233766156e+00 6.091896740755506912e-01 1.003782600039816897e+00
0.000000000000000000e+00 2.877030162412992920e-01 3.326979030801645587e-01 4.648584438725004708e-01 0.000000000000000000e+00 0.000000000000000000e+00 5.153374233128834581e-01 5.295619721076408881e-01 0.000000000000000000e+00 2.649205238428471443e-01
0.000000000000000000e+00 2.809818399521053500e-01 3.314308601181535918e-01 4.629981024667931822e-01 0.000000000000000000e+00 0.000000000000000000e+00 5.079429735234215482e-01 5.279249898083978598e-01 0.000000000000000000e+00 2.583646802613344118e-01
0.000000000000000000e+00 0.000000000000000000e+00 0.000000000000000000e+00 0.000000000000000000e+00 2.268711282624149561e-01 0.000000000000000000e+00 0.000000000000000000e+00 0.000000000000000000e+00 0.000000000000000000e+00 0.000000000000000000e+00
0.000000000000000000e+00 0.000000000000000000e+00 0.000000000000000000e+00 0.000000000000000000e+00 2.211727666273120840e-01 0.000000000000000000e+00 0.000000000000000000e+00 0.000000000000000000e+00 0.000000000000000000e+00 0.000000000000000000e+00
0.000000000000000000e+00 0.000000000000000000e+00 0.000000000000000000e+00 0.000000000000000000e+00 2.204692556634304246e-01 0.000000000000000000e+00 0.000000000000000000e+00 0.000000000000000000e+00 0.000000000000000000e+00 0.000000000000000000e+00
0.000000000000000000e+00 2.810639142516871969e-01 3.297054418372441509e-01 4.692005242463958004e-01 0.000000000000000000e+00 0.000000000000000000e+00 5.255883825738607573e-01 5.268389662027832543e-01 0.000000000000000000e+00 2.620867666037923205e-01
0.000000000000000000e+00 0.000000000000000000e+00 0.000000000000000000e+00 0.000000000000000000e+00 2.239872915011914267e-01 0.000000000000000000e+00 0.000000000000000000e+00 0.000000000000000000e+00 0.000000000000000000e+00 0.000000000000000000e+00
0.000000000000000000e+00 0.000000000000000000e+00 3.920000000000000151e-01 0.000000000000000000e+00 2.239465671348590536e-01 5.664527956003666542e-01 0.000000000000000000e+00 0.000000000000000000e+00 0.000000000000000000e+00 2.255609370366709610e-01
0.000000000000000000e+00 0.000000000000000000e+00 4.029376736800317493e-01 0.000000000000000000e+00 2.356252513067953469e-01 5.874394184168012512e-01 0.000000000000000000e+00 0.000000000000000000e+00 0.000000000000000000e+00 2.258997108962217115e-01
0.000000000000000000e+00 3.395518704964958778e-01 0.000000000000000000e+00 2.372060159483193598e-01 0.000000000000000000e+00 0.000000000000000000e+00 0.000000000000000000e+00 4.585860594610718932e-01 0.000000000000000000e+00 0.000000000000000000e+00
9.937307194745745864e-01 1.003907424105801027e+00 9.983001699830017506e-01 1.020379479971890380e+00 8.072880168185003757e-01 1.006583611870758732e+00 9.992015968063872045e-01 1.013879181228157789e+00 6.059771922925678567e-01 1.005519317611640817e+00
0.000000000000000000e+00 3.411243199677614357e-01 0.000000000000000000e+00 2.515193099392276088e-01 0.000000000000000000e+00 0.000000000000000000e+00 0.000000000000000000e+00 4.971502849715028760e-01 0.000000000000000000e+00 0.000000000000000000e+00
1.001899050474762687e+00 1.009085402786190189e+00 1.008000000000000007e+00 9.957872048594101910e-01 8.054641539535347672e-01 9.974693794918514378e-01 1.002366863905325367e+00 1.001781120126657321e+00 6.147168668618149256e-01 1.007817197835237488e+00
9.949758842443729989e-01 1.011336515513126422e+00 1.006659377795447785e+00 9.978118161925602081e-01 7.982551799345692922e-01 9.757876608246378591e-01 1.008567684709202661e+00 1.005464480874316946e+00 6.004349545274811906e-01 1.015189119428174358e+00
0.000000000000000000e+00 3.327945039401899452e-01 0.000000000000000000e+00 2.456523899433568636e-01 0.000000000000000000e+00 0.000000000000000000e+00 0.000000000000000000e+00 4.578050713153724027e-01 0.000000000000000000e+00 0.000000000000000000e+00
9.974780591142943242e-01 9.996021483986472500e-01 1.006025881655635779e+00 1.024127617148554270e+00 7.993911719939117422e-01 9.833086419753086505e-01 1.020363780150256972e+00 1.016423357664233640e+00 5.788790088919971710e-01 9.878751739216855565e-01
9.904477611940298853e-01 9.921465968586387074e-01 1.002039983680130586e+00 9.931986600345142913e-01 8.163841807909604231e-01 9.956666330746749560e-01 9.964114832535885258e-01 9.963797264682220378e-01 6.227873855544252546e-01 9.993027193943619935e-01
1.001954652071931129e+00 9.925343811394892191e-01 9.863123993558776670e-01 1.002685231228244600e+00 1.009366502165374158e+00 1.004207573632538653e+00 9.864718080379184517e-01 9.889546351084812503e-01 9.894694614381707165e-01 1.005944125222904661e+00
1.008185952501263305e+00 1.000300150075037475e+00 9.965517241379310276e-01 9.963789981894990433e-01 7.991983967935871735e-01 1.004075951883885098e+00 9.854956486946083727e-01 9.943039872089537434e-01 5.907686172864121676e-01 9.959020489755122663e-01
0.000000000000000000e+00 0.000000000000000000e+00 0.000000000000000000e+00 0.000000000000000000e+00 2.190485768882630968e-01 0.000000000000000000e+00 0.000000000000000000e+00 0.000000000000000000e+00 0.000000000000000000e+00 0.000000000000000000e+00
0.000000000000000000e+00 0.000000000000000000e+00 3.788000000000000256e-01 0.000000000000000000e+00 2.174898945085280422e-01 5.755439161966156014e-01 0.000000000000000000e+00 0.000000000000000000e+00 0.000000000000000000e+00 2.195684897139990044e-01
0.000000000000000000e+00 0.000000000000000000e+00 0.000000000000000000e+00 2.667744543249798150e-01 0.000000000000000000e+00 0.000000000000000000e+00 5.178303865747677648e-01 5.290412876137159381e-01 0.000000000000000000e+00 2.490774907749077616e-01
0.000000000000000000e+00 0.000000000000000000e+00 3.933573429371748920e-01 0.000000000000000000e+00 2.249592833876221387e-01 5.968470729992970680e-01 0.000000000000000000e+00 0.000000000000000000e+00 0.000000000000000000e+00 2.131898784618449783e-01
0.000000000000000000e+00 0.000000000000000000e+00 3.781403262936642862e-01 0.000000000000000000e+00 2.172774869109947715e-01 5.774363121714516378e-01 0.000000000000000000e+00 0.000000000000000000e+00 0.000000000000000000e+00 2.376758781253163200e-01
0.000000000000000000e+00 0.000000000000000000e+00 3.936341659951652083e-01 0.000000000000000000e+00 2.204677785453468819e-01 5.771371769383697448e-01 0.000000000000000000e+00 0.000000000000000000e+00 0.000000000000000000e+00 2.325442013784836670e-01
0.000000000000000000e+00 2.888800159712517357e-01 3.318961195227113081e-01 4.881617721776242425e-01 0.000000000000000000e+00 0.000000000000000000e+00 5.218001403227423562e-01 5.227938946730010805e-01 0.000000000000000000e+00 2.649294245385450663e-01
4.852000000000000202e-01 6.277855852238506396e-01 7.218060133852761684e-01 7.093176518300720046e-01 5.280397022332505852e-01 5.941322725012431194e-01 1.001187413417771621e+00 9.860819064784219767e-01 6.092675635276532109e-01 7.360319840079959652e-01
0.000000000000000000e+00 3.476702508960573534e-01 0.000000000000000000e+00 2.360174533915113115e-01 0.000000000000000000e+00 0.000000000000000000e+00 0.000000000000000000e+00 4.725897920604915092e-01 0.000000000000000000e+00 0.000000000000000000e+00
0.000000000000000000e+00 3.290207006369426646e-01 0.000000000000000000e+00 2.417756638921918222e-01 0.000000000000000000e+00 0.000000000000000000e+00 0.000000000000000000e+00 4.668043670699321135e-01 0.000000000000000000e+00 0.000000000000000000e+00
0.000000000000000000e+00 3.444277861069465207e-01 0.000000000000000000e+00 2.416028285209192716e-01 0.000000000000000000e+00 0.000000000000000000e+00 0.000000000000000000e+00 4.809236947791164507e-01 0.000000000000000000e+00 0.000000000000000000e+00
0.000000000000000000e+00 3.308890005022601666e-01 0.000000000000000000e+00 2.341816718639975758e-01 0.000000000000000000e+00 0.000000000000000000e+00 0.000000000000000000e+00 4.911801968619042835e-01 0.000000000000000000e+00 0.000000000000000000e+00
5.202588352414135864e-01 3.871281353295741856e-01 0.000000000000000000e+00 2.778447929232006341e-01 0.000000000000000000e+00 0.000000000000000000e+00 0.000000000000000000e+00 0.000000000000000000e+00 0.000000000000000000e+00 2.685942173479561323e-01
4.821084642676127796e-01 6.143990237949970012e-01 7.208203478435709632e-01 7.183225162256614560e-01 5.263590586784503422e-01 5.758770599534930312e-01 9.994921279837480910e-01 9.868776920765300886e-01 6.209573091849934778e-01 7.404935275080906099e-01
9.879761543902192411e-01 9.914841849148418040e-01 9.964342313787638572e-01 1.014183683734030783e+00 8.135161606268364043e-01 9.991945227547321950e-01 1.013058963197467355e+00 1.005246166263115359e+00 6.292822588606969969e-01 1.019650439419373944e+00
0.000000000000000000e+00 2.841219981761070046e-01 3.188148148148148286e-01 4.900228333167874761e-01 0.000000000000000000e+00 0.000000000000000000e+00 4.959292391195094796e-01 5.234398628894041394e-01 0.000000000000000000e+00 2.611433631801633459e-01
0.000000000000000000e+00 2.673614590640344679e-01 3.152630526105221209e-01 4.888446215139441997e-01 0.000000000000000000e+00 0.000000000000000000e+00 5.192055650771246755e-01 5.226661352993922094e-01 0.000000000000000000e+00 2.576946288473144220e-01
4.845648277235610202e-01 6.160414760597743289e-01 7.070931288467359188e-01 7.120284416353940271e-01 5.319340329835082759e-01 5.875113487339856944e-01 9.976251731644567577e-01 1.004342118549934382e+00 5.953636454084170193e-01 7.305631382064503576e-01
0.000000000000000000e+00 2.857142857142856984e-01 3.321407274895646911e-01 4.658692513920396072e-01 0.000000000000000000e+00 0.000000000000000000e+00 5.113569030219237144e-01 5.269995939910677718e-01 0.000000000000000000e+00 2.742263843648208299e-01
9.995999199839967764e-01 9.988939165409753684e-01 9.904185577407967900e-01 9.916434540389972296e-01 7.968718668538199434e-01 9.825818652334029624e-01 9.990257209664847871e-01 9.942973523421588800e-01 6.067779463834092057e-01 9.817242749304727623e-01
0.000000000000000000e+00 3.187711948932774875e-01 0.000000000000000000e+00 2.408542614198141141e-01 0.000000000000000000e+00 0.000000000000000000e+00 0.000000000000000000e+00 4.739515888036657243e-01 0.000000000000000000e+00 0.000000000000000000e+00
4.735645814803834397e-01 6.097175587596286306e-01 9.853028798411122002e-01 7.295295295295295412e-01 5.165656565656565613e-01 9.926463181222927590e-01 1.002691655866812859e+00 9.854897218863361008e-01 5.974310465000497450e-01 7.258949047761491524e-01
9.977052778609198924e-01 1.002221773379115222e+00 1.024385408406026876e+00 9.937044069151593773e-01 8.128491620111731875e-01 1.001597125174685576e+00 9.729835170194089944e-01 9.974693794918514378e-01 6.113380492178938086e-01 1.007100591715976323e+00
9.845626072041165910e-01 9.888505980133792672e-01 1.004137652639015110e+00 1.015921306155562309e+00 8.047007270192212403e-01 9.845636255689689254e-01 9.880773469592225577e-01 9.981989193516109804e-01 6.046188918624244568e-01 9.882068339885091701e-01
0.000000000000000000e+00 3.456000000000000183e-01 0.000000000000000000e+00 2.360917248255234302e-01 0.000000000000000000e+00 0.000000000000000000e+00 0.000000000000000000e+00 4.788987138263665622e-01 0.000000000000000000e+00 0.000000000000000000e+00
9.902324672787653492e-01 1.006795922446532154e+00 9.928793501153344581e-01 9.954504094631483335e-01 8.014727833615284958e-01 9.928000000000000158e-01 1.002934925614816342e+00 1.005190656817728012e+00 6.164644540258698013e-01 1.002108222066057541e+00
0.000000000000000000e+00 3.280159521435692671e-01 0.000000000000000000e+00 2.460561563647187255e-01 0.000000000000000000e+00 0.000000000000000000e+00 0.000000000000000000e+00 4.764238800117635564e-01 0.000000000000000000e+00 0.000000000000000000e+00
0.000000000000000000e+00 0.000000000000000000e+00 3.897250652217539857e-01 0.000000000000000000e+00 2.288000000000000034e-01 5.936662364737417263e-01 0.000000000000000000e+00 0.000000000000000000e+00 0.000000000000000000e+00 2.269901744535793020e-01
1.010859818670917676e+00 9.989146521953625735e-01 1.002973444068491649e+00 9.921743437345220684e-01 8.125000000000000000e-01 9.901639344262295195e-01 9.932670083408702277e-01 9.931102362204724532e-01 6.017163048965169514e-01 1.013314646110721862e+00
4.948209529446581656e-01 6.305160052509340973e-01 7.033554389785212635e-01 7.266713440914102096e-01 5.307410423452768589e-01 5.925560272484944324e-01 9.886307464162135128e-01 1.005464480874316946e+00 6.059078536142756821e-01 7.436336185203824556e-01
0.000000000000000000e+00 0.000000000000000000e+00 3.989250522544042776e-01 0.000000000000000000e+00 2.209637357178340922e-01 5.810033309780963107e-01 0.000000000000000000e+00 0.000000000000000000e+00 0.000000000000000000e+00 2.203221316365082394e-01
0.000000000000000000e+00 0.000000000000000000e+00 3.940867149518801349e-01 0.000000000000000000e+00 2.150387905311318959e-01 5.651610330042875496e-01 0.000000000000000000e+00 0.000000000000000000e+00 0.000000000000000000e+00 2.233422274928352491e-01
0.000000000000000000e+00 0.000000000000000000e+00 3.987704918032786705e-01 0.000000000000000000e+00 2.177712322042218984e-01 5.742116890941956209e-01 0.000000000000000000e+00 0.000000000000000000e+00 0.000000000000000000e+00 2.333466294375747818e-01
9.706352377147423605e-01 9.917173934737052443e-01 9.951894167167769645e-01 1.007074081351935657e+00 8.100911002102312297e-01 1.004181600955794451e+00 9.882376198477809126e-01 9.993113625184456561e-01 5.992822966507177496e-01 1.000912686340127866e+00
0.000000000000000000e+00 0.000000000000000000e+00 0.000000000000000000e+00 2.752238205411930427e-01 0.000000000000000000e+00 0.000000000000000000e+00 5.048601467962705591e-01 5.380258899676375606e-01 0.000000000000000000e+00 2.604260426042604437e-01
0.000000000000000000e+00 3.513649642389443106e-01 0.000000000000000000e+00 2.457695406929895354e-01 0.000000000000000000e+00 0.000000000000000000e+00 0.000000000000000000e+00 4.805569368473396330e-01 0.000000000000000000e+00 0.000000000000000000e+00
0.000000000000000000e+00 0.000000000000000000e+00 0.000000000000000000e+00 2.689160521264774006e-01 0.000000000000000000e+00 0.000000000000000000e+00 5.096086826645425116e-01 5.362549800796813093e-01 0.000000000000000000e+00 2.448407132839110489e-01
1.015269431583095239e+00 1.010275714721741824e+00 1.001311938641638921e+00 9.870921841650573958e-01 8.013298408220834723e-01 1.002942668696093387e+00 1.002783853648836709e+00 9.865239793896155573e-01 6.077823347004100984e-01 1.000716699088768369e+00
0.000000000000000000e+00 0.000000000000000000e+00 3.932393239323932477e-01 0.000000000000000000e+00 2.304426925409338855e-01 5.781792911744266794e-01 0.000000000000000000e+00 0.000000000000000000e+00 0.000000000000000000e+00 2.265416872224962908e-01
0.000000000000000000e+00 0.000000000000000000e+00 3.891773162939297093e-01 0.000000000000000000e+00 2.305694305694305779e-01 5.766125012461369437e-01 0.000000000000000000e+00 0.000000000000000000e+00 0.000000000000000000e+00 2.215253894396115586e-01
0.000000000000000000e+00 0.000000000000000000e+00 3.895510528406833650e-01 0.000000000000000000e+00 2.194927102057120105e-01 5.590795397698848923e-01 0.000000000000000000e+00 0.000000000000000000e+00 0.000000000000000000e+00 2.220668996505242021e-01
0.000000000000000000e+00 3.367216026842988486e-01 0.000000000000000000e+00 2.318635859146402911e-01 0.000000000000000000e+00 0.000000000000000000e+00 0.000000000000000000e+00 4.661084529505581941e-01 0.000000000000000000e+00 0.000000000000000000e+00
1.010060763024205555e+00 1.012265084075173016e+00 1.006122852063993767e+00 9.899392369757944454e-01 7.889853928148440332e-01 1.006167222727732291e+00 1.020282362298667644e+00 1.008061265618702240e+00 6.104100946372239545e-01 9.910269192422731521e-01
1.003812199036918207e+00 1.001291091468864858e+00 9.742558326629122689e-01 1.007369049990041843e+00 8.135832325675130816e-01 9.985870004037141756e-01 1.008907363420427528e+00 9.997983464408146670e-01 6.259007205764611781e-01 1.001957330201604934e+00
1.016597087872925353e+00 1.002686834510896574e+00 9.970155192996418281e-01 9.998998898788667988e-01 7.894948681827329562e-01 1.009237640848644757e+00 9.992012779552715829e-01 1.017789976618887815e+00 6.010864197530864095e-01 1.005728960885025725e+00
9.835436648157496187e-01 9.930027988804478456e-01 1.006814992984566004e+00 1.008040201005025116e+00 8.085483553279495528e-01 1.004273079598529295e+00 1.017338749628455385e+00 9.737026297370262595e-01 6.168785664230653776e-01 9.940131710237477547e-01
4.807405195580770618e-01 5.986515962720603268e-01 7.262955075550147077e-01 7.182774161241862743e-01 5.103503184713376051e-01 5.800715380684721145e-01 9.942231681362115880e-01 9.925365708030650103e-01 6.192092651757188371e-01 7.337183827922724166e-01
0.000000000000000000e+00 3.266073194856577433e-01 0.000000000000000000e+00 2.582588613314589776e-01 0.000000000000000000e+00 0.000000000000000000e+00 0.000000000000000000e+00 4.596973593116407963e-01 0.000000000000000000e+00 0.000000000000000000e+00
0.000000000000000000e+00 0.000000000000000000e+00 3.813500347947111901e-01 0.000000000000000000e+00 2.325721153846153910e-01 5.890410958904109817e-01 0.000000000000000000e+00 0.000000000000000000e+00 0.000000000000000000e+00 2.241674212697454538e-01
1.002931365612048875e+00 1.012642864367351070e+00 1.002959747434885474e+00 9.767254408060452864e-01 7.950607448715395487e-01 1.006521521019363874e+00 1.014863258026159398e+00 9.935781657635962549e-01 6.110049290815813272e-01 1.014414414414414489e+00
0.000000000000000000e+00 0.000000000000000000e+00 3.849499342571052751e-01 0.000000000000000000e+00 2.166551143677591940e-01 5.776813880126182577e-01 0.000000000000000000e+00 0.000000000000000000e+00 0.000000000000000000e+00 2.262838978841760218e-01
