Chromosome	Position	Change	Gene	sample0	sample1	sample2	sample3	sample4	sample5	sample6	sample7	sample8	sample9
1	0	G>C	1	0	195	0	112	131	265	234	0	0	0
1	1	C>T	1	0	181	0	126	146	296	213	0	0	0
1	2	C>T	1	222	0	0	0	0	0	0	140	181	176
1	3	T>G	1	526	523	507	502	528	499	492	481	478	538
1	4	G>T	1	199	0	0	0	0	0	0	140	167	198
1	5	A>C	1	0	0	201	0	69	0	0	88	0	0
1	6	T>C	1	213	0	0	0	0	0	0	167	168	186
1	7	A>C	1	206	0	0	0	0	0	0	195	157	178
1	8	T>G	1	229	0	0	0	0	0	0	177	174	171
1	9	C>T	1	212	0	0	125	0	0	0	161	170	169
1	10	T>G	1	0	0	198	0	82	0	0	118	0	0
1	11	T>C	1	530	497	471	484	507	511	499	513	494	468
1	12	T>G	1	214	0	208	159	236	0	279	296	139	345
1	13	C>A	1	502	497	505	486	502	480	495	559	468	462
1	14	A>C	1	223	0	206	171	260	0	299	233	178	380
1	15	G>A	1	0	0	209	0	82	0	0	100	0	0
1	16	C>A	1	212	0	0	153	0	0	0	156	154	172
1	17	C>T	1	219	0	0	129	0	0	0	183	156	178
1	18	T>C	1	516	489	539	479	517	467	503	547	459	495
1	19	C>G	1	537	518	501	460	473	530	501	489	540	486
1	20	C>A	1	507	481	489	516	490	489	495	505	490	502
1	21	A>T	1	0	198	0	133	165	257	234	0	0	0
1	22	G>C	1	0	184	0	140	118	264	236	0	0	0
1	23	G>T	1	516	309	193	389	464	500	475	501	378	347
1	24	G>A	1	0	0	209	0	76	0	0	98	0	0
1	25	T>G	1	231	0	0	144	0	0	0	188	155	172
1	26	T>G	1	218	0	0	145	0	0	0	158	158	168
1	27	C>A	1	204	0	0	0	0	0	0	161	157	202
1	28	G>A	1	510	506	501	491	510	517	493	450	446	518
1	29	T>G	1	217	0	0	0	0	0	0	156	163	174
1	30	A>G	1	0	220	0	106	138	234	207	0	0	0
1	31	G>A	1	201	0	0	0	0	0	0	166	113	190
1	32	C>G	1	543	489	519	510	487	484	531	506	491	502
1	33	A>G	1	0	0	0	0	0	0	0	0	0	0
1	34	T>C	1	212	0	0	159	0	0	0	187	133	198
1	35	T>G	1	529	484	503	509	519	508	488	488	498	476
1	36	G>T	1	0	0	194	0	80	0	0	99	0	0
1	37	A>G	1	487	300	178	375	490	535	538	501	351	343
1	38	T>C	1	507	498	467	528	498	520	524	495	461	536
1	39	G>C	1	524	497	503	507	498	498	503	487	503	481
1	40	C>T	1	0	0	183	0	91	0	0	95	0	0
1	41	T>A	1	219	0	0	154	0	0	0	183	149	173
1	42	C>A	1	135	346	0	221	279	264	239	95	75	0
1	43	G>C	1	187	0	0	0	0	0	0	169	152	180
1	44	C>T	1	0	0	191	0	73	0	0	98	0	0
1	45	T>G	1	474	486	517	479	478	514	540	523	537	525
1	46	G>A	1	240	0	0	0	0	0	0	162	168	176
1	47	C>A	1	0	0	229	0	76	0	0	114	0	0
1	48	G>T	1	214	0	0	167	0	0	0	167	120	167
1	49	G>A	1	205	0	0	140	0	0	0	175	184	152
1	50	C>G	1	0	0	211	0	77	0	0	103	0	0
1	51	G>T	1	519	507	480	449	492	479	478	520	535	493
1	52	G>A	1	486	497	456	480	497	489	505	499	528	503
1	53	A>T	1	119	293	0	224	277	262	260	116	90	0
1	54	G>C	1	213	0	0	143	0	0	0	175	157	179
1	55	C>T	1	124	325	0	224	267	253	227	115	73	0
1	56	A>C	1	494	516	524	513	493	485	496	490	494	517
1	57	G>C	1	122	296	0	205	256	279	241	90	100	0
1	58	T>A	1	116	316	0	230	271	259	236	113	95	0
1	59	A>T	1	202	0	0	0	0	0	0	160	174	166
1	60	A>T	1	152	137	0	82	0	0	0	103	80	0
1	61	T>C	1	0	0	212	0	82	0	0	85	0	0
1	62	G>T	1	0	0	188	0	77	0	0	81	0	0
1	63	G>A	1	122	323	0	203	248	264	239	113	85	0
1	64	A>C	1	0	0	193	0	98	0	0	102	0	0
1	65	A>T	1	220	0	0	160	0	0	0	173	153	172
1	66	T>C	1	220	0	0	0	0	0	0	162	191	175
1	67	A>C	1	138	282	0	226	241	285	257	104	93	0
1	68	T>C	1	225	0	0	0	0	0	0	166	161	174
1	69	G>A	1	232	0	0	135	0	0	0	172	157	152
1	70	C>G	1	486	482	508	510	506	511	505	536	484	426
1	71	T>C	1	242	0	0	154	0	0	0	180	145	159
1	72	T>G	1	486	460	493	493	483	490	472	504	469	483
1	73	G>C	1	186	0	0	139	0	0	0	165	158	187
1	74	C>A	1	0	196	0	129	111	256	234	0	0	0
1	75	T>A	1	210	0	0	0	0	0	0	167	181	143
1	76	T>A	1	0	201	0	135	148	265	234	0	0	0
1	77	A>C	1	233	0	0	152	0	0	0	176	139	185
1	78	C>G	1	0	0	226	0	87	0	0	99	0	0
1	79	A>C	1	216	0	0	0	0	0	0	173	165	185
1	80	C>A	1	0	198	0	131	137	280	225	0	0	0
1	81	T>C	1	210	0	0	0	0	0	0	180	179	154
1	82	A>C	1	0	199	0	144	142	278	214	0	0	0
1	83	T>G	1	0	179	0	140	133	262	244	0	0	0
1	84	A>G	1	194	0	0	0	0	0	0	151	175	167
1	85	C>A	1	0	207	0	143	130	290	217	0	0	0
1	86	A>G	1	0	0	209	0	79	0	0	93	0	0
1	87	G>C	1	214	0	0	160	0	0	0	180	145	193
1	88	A>T	1	208	0	191	162	234	0	253	240	150	322
1	89	A>C	1	489	307	199	376	506	518	510	476	348	340
1	90	C>G	1	484	333	197	379	462	489	520	524	337	355
1	91	C>G	1	123	297	0	236	230	253	276	102	87	0
1	92	A>C	1	0	0	221	0	84	0	0	93	0	0
1	93	G>A	1	0	0	184	0	95	0	0	96	0	0
1	94	C>T	1	241	0	0	165	0	0	0	164	151	183
1	95	C>G	1	209	0	0	0	0	0	0	185	165	147
1	96	A>C	1	102	328	0	214	262	269	212	100	81	0
1	97	A>T	1	0	0	227	0	83	0	0	107	0	0
1	98	A>G	1	220	0	0	0	0	0	0	196	139	164
1	99	C>G	1	220	0	0	0	0	0	0	181	153	175
