Chromosome	Position	Change	Gene	sample0	sample1	sample2	sample3	sample4	sample5	sample6	sample7	sample8	sample9
1	0	A>T	1	982	1029	916	1064	973	992	997	930	985	1029
1	1	G>C	1	1071	1009	989	1044	1004	965	1000	1018	1019	1104
1	2	C>G	1	1014	960	1007	1005	952	939	978	964	1030	974
1	3	C>G	1	1052	1006	1061	1002	998	973	1001	989	993	983
1	4	T>G	1	997	983	1013	1044	1019	968	970	998	997	995
1	5	T>G	1	1005	993	991	976	991	978	1002	985	990	935
1	6	C>A	1	980	1036	921	995	993	1041	1076	1021	1045	989
1	7	A>G	1	1069	1036	1037	1004	980	1003	1006	946	996	1060
1	8	A>C	1	966	957	1037	1014	984	991	1053	1016	979	1085
1	9	G>C	1	1045	977	932	1009	1009	982	977	989	944	969
1	10	A>T	1	997	939	1040	1013	1043	957	1015	976	1026	969
1	11	T>G	1	978	998	1001	981	971	1023	966	948	967	993
1	12	C>G	1	970	1041	985	1016	999	1063	1013	1017	983	985
1	13	G>A	1	992	1035	1017	997	1053	1007	965	1016	1073	967
1	14	A>T	1	991	1064	1003	1073	1026	1012	1036	998	966	975
1	15	C>T	1	965	1047	1000	968	1007	969	1001	990	1108	979
1	16	T>C	1	945	1000	1010	1013	995	960	998	993	979	1072
1	17	A>C	1	1004	981	1012	963	980	961	1014	983	1003	926
1	18	C>G	1	1024	1041	956	1060	995	1008	1013	1013	998	1015
1	19	C>A	1	1001	1039	976	966	1020	995	1001	984	978	1034
1	20	C>A	1	1019	967	1077	951	988	1013	981	1037	980	1019
1	21	G>T	1	981	993	991	1004	968	1011	997	976	1033	973
1	22	A>C	1	1066	1054	980	1055	1045	973	979	1023	1037	979
1	23	T>A	1	1016	1046	974	983	985	1017	1001	984	1002	984
1	24	C>A	1	1053	996	984	965	961	1047	1033	992	1010	978
1	25	A>T	1	1073	980	1017	982	992	962	1057	1043	998	1018
1	26	T>C	1	966	1006	1007	1003	1033	1041	1031	941	1039	987
1	27	T>C	1	1047	1044	967	990	1009	1055	1022	950	998	1002
1	28	A>T	1	999	933	980	991	1074	984	984	998	1049	1067
1	29	C>T	1	995	969	1035	925	1032	988	1025	1031	1032	1000
1	30	A>C	1	957	959	980	989	969	1020	985	953	1025	986
1	31	A>T	1	998	995	987	969	986	1005	938	997	910	1063
1	32	G>C	1	1007	965	1009	1013	939	983	936	1015	1007	1016
1	33	C>A	1	956	976	964	972	1010	1028	941	1036	986	988
1	34	C>T	1	1057	981	976	977	1027	1030	1032	987	1032	1031
1	35	G>C	1	965	994	996	1035	926	966	979	1008	1031	979
1	36	C>G	1	949	998	1054	998	953	1010	1024	953	1000	946
1	37	A>G	1	975	1045	1011	1036	991	1013	969	1006	1003	969
1	38	A>G	1	982	1016	1005	998	985	1000	1000	1010	997	1010
1	39	C>T	1	951	982	1027	1007	976	1076	1059	940	1039	995
1	40	A>G	1	1023	1058	1014	998	1009	1059	983	999	971	964
1	41	G>A	1	988	1029	983	1075	1008	1033	1048	971	969	984
1	42	T>C	1	1027	1009	1008	1056	1005	1007	1032	1014	916	972
1	43	A>T	1	976	1051	965	1039	966	971	1054	1012	974	991
1	44	C>G	1	1002	1054	999	1038	1039	980	966	1010	1006	1004
1	45	T>G	1	1023	968	1060	985	1030	1027	999	1049	988	1012
1	46	T>C	1	987	1006	1019	1031	1006	992	1045	967	961	1029
1	47	G>A	1	973	1051	1026	1018	1002	1082	981	1048	1017	988
1	48	A>G	1	961	1007	987	982	1001	1010	1013	1066	960	979
1	49	G>C	1	1050	1030	1007	1010	957	979	1023	986	920	1040
1	50	G>A	1	1004	937	947	1041	1035	992	1034	936	1067	1008
1	51	T>G	1	962	1003	1026	1007	964	964	996	997	1024	1005
1	52	A>C	1	1033	1039	987	1018	998	956	1013	1038	1031	1086
1	53	A>G	1	982	992	982	1008	1036	997	932	1030	1004	982
1	54	G>C	1	926	943	989	1053	925	949	970	1004	948	1025
1	55	A>T	1	1051	972	1024	984	994	992	1018	967	1010	1086
1	56	T>G	1	1011	1014	1001	997	970	963	947	995	998	1012
1	57	T>C	1	985	1029	1036	991	987	984	948	1031	981	994
1	58	A>C	1	999	978	1029	1024	982	1036	967	967	1020	1017
1	59	G>A	1	989	965	959	985	988	1032	1043	982	1005	940
1	60	G>A	1	1014	958	1012	956	999	992	985	982	1035	986
1	61	A>T	1	1021	1012	998	992	1025	983	1001	980	1028	993
1	62	C>G	1	1023	953	972	953	1076	950	1023	963	975	1025
1	63	C>A	1	1007	982	1009	998	982	966	1004	1031	1004	973
1	64	A>T	1	1031	987	1074	1001	987	1027	1002	1020	991	1003
1	65	A>C	1	977	932	998	1012	978	984	1037	962	976	991
1	66	G>T	1	1017	993	989	985	954	1011	961	1009	1064	1021
1	67	G>C	1	1009	1012	994	950	1008	1004	985	982	1001	1004
1	68	G>C	1	1035	999	1014	1035	997	960	994	937	994	990
1	69	T>C	1	939	947	1003	1054	1050	1013	924	1003	1012	1009
1	70	C>A	1	974	992	997	987	991	1007	984	943	986	1005
1	71	A>G	1	1003	1043	1021	971	989	958	1018	1103	1001	973
1	72	G>A	1	1020	998	997	1044	1023	986	1009	1027	1014	1026
1	73	A>T	1	968	1027	1006	1037	945	1034	1028	1007	1071	970
1	74	C>T	1	954	1033	982	977	982	956	1046	1040	1008	1040
1	75	T>C	1	959	999	1039	950	952	1044	984	1002	993	1003
1	76	A>T	1	1080	1004	1015	982	1017	1041	1040	1016	980	1070
1	77	A>T	1	1046	972	997	1001	1058	984	991	1031	1030	1005
1	78	T>C	1	1021	985	1036	967	990	1020	987	970	1050	1018
1	79	T>C	1	999	965	1042	997	989	1012	956	969	1044	995
1	80	C>G	1	1006	1013	999	1024	990	996	1028	1045	1072	994
1	81	T>G	1	1019	949	1036	945	1029	1014	998	990	1018	1033
1	82	A>G	1	975	1001	950	982	982	1092	1029	991	958	1015
1	83	T>C	1	1017	980	1018	978	963	1007	1034	945	1062	1025
1	84	C>A	1	1007	1140	926	985	985	1008	954	973	992	1018
1	85	G>C	1	990	1011	1068	1000	1038	997	977	1029	1016	999
1	86	A>T	1	981	1004	921	1027	1025	976	1001	996	1034	996
1	87	C>A	1	1037	968	966	1027	1011	989	993	988	1010	972
1	88	A>T	1	1054	987	1012	1005	991	998	1012	1036	984	989
1	89	T>G	1	1030	990	1021	940	1014	955	1038	1005	1046	1009
1	90	A>T	1	996	1022	958	1059	1009	966	982	982	1003	1005
1	91	A>G	1	978	1000	1055	1039	1043	1006	988	999	1032	960
1	92	G>C	1	1075	1027	947	989	991	993	1016	953	1013	989
1	93	C>T	1	975	967	974	1011	942	969	1031	1019	918	1067
1	94	A>C	1	978	1060	984	966	1001	1006	1040	1006	1051	972
1	95	C>T	1	955	1047	1004	1010	961	967	993	1031	1027	995
1	96	A>C	1	947	1039	966	1028	1006	1002	1039	1036	1003	998
1	97	A>T	1	982	1044	961	1031	1001	1042	1042	939	971	1016
1	98	G>T	1	1009	993	961	1018	1009	966	1027	1015	950	977
1	99	G>T	1	1001	996	968	990	976	970	964	1017	959	997
