#chr	normal	sample0	sample1	sample2	sample3	sample4
0	0	0.086661341853	0.136432085132	0.0	0.0	0.0993611793612
1	0	0.139375928678	0.208844221106	0.0	0.149449449449	0.0
2	0	0.402979185163	0.203832923833	0.250125313283	0.389265136966	0.258746867168
3	0	0.421725239617	0.209483793517	0.249065512493	0.398097551103	0.269296740995
4	0	0.0	0.0	0.125876197058	0.0	0.0
5	0	0.135887096774	0.212425447316	0.0	0.141600790514	0.0
6	0	0.0	0.0	0.0	0.118730287923	0.130050251256
7	0	0.0	0.0	0.129661101669	0.127631842791	0.0
8	0	0.0	0.0	0.120338983051	0.13000997009	0.0
9	0	0.0	0.0	0.129928315412	0.0	0.0
10	0	0.0	0.0	0.0	0.113546423135	0.135217949985
11	0	0.163380560785	0.0	0.0	0.0	0.0
12	0	0.418142033022	0.214242728185	0.242369658761	0.402648209449	0.258894472362
13	0	0.0	0.0	0.0	0.123275434243	0.127449994974
14	0	0.161215424995	0.0	0.0	0.0	0.0
15	0	0.0	0.0	0.0	0.119711249248	0.129805746661
16	0	0.0	0.0	0.129708383961	0.136960032297	0.0
17	0	0.135222021298	0.219380078243	0.0	0.140283787864	0.0
18	0	0.162281582647	0.0	0.0	0.0	0.0
19	0	0.410212335693	0.216380686353	0.237542868671	0.400814947327	0.261565836299
20	0	0.0	0.0	0.0	0.116620662461	0.123076923077
21	0	0.0880579010856	0.137498746364	0.0	0.0	0.0962861072902
22	0	0.0	0.0	0.123201438849	0.12692775974	0.0
23	0	0.0	0.0	0.0	0.0	0.0
24	0	0.16681686192	0.0	0.0	0.0	0.0
25	0	0.0	0.0	0.0	0.12413585813	0.127004943004
26	0	0.415807560137	0.217593059619	0.253081430592	0.398311817279	0.2574
27	0	0.158956692913	0.0	0.0	0.0	0.0
28	0	0.0	0.0	0.0	0.121239113222	0.126274351469
29	0	0.0	0.0	0.0	0.118571570675	0.12802907916
30	0	0.168071393158	0.0	0.0	0.0	0.0
31	0	0.0	0.0	0.128323467443	0.127366952362	0.0
32	0	0.369803063457	0.282668570846	0.237023880008	0.22247637991	0.498250524843
33	0	0.0	0.0	0.121931589537	0.139197776013	0.0
34	0	0.0854937660796	0.135758561122	0.128683401131	0.0	0.235693598322
35	0	0.0	0.0	0.0	0.121275744851	0.131480015829
36	0	0.160653437563	0.0	0.0	0.0	0.0
37	0	0.166481798931	0.0	0.0	0.0	0.0
38	0	0.0	0.0	0.0	0.122026169707	0.12998215348
39	0	0.0	0.0	0.130716996205	0.137688442211	0.0
40	0	0.0	0.0	0.0	0.122655854029	0.129533678756
41	0	0.163654223969	0.0	0.0	0.0	0.0
42	0	0.0	0.0	0.0	0.122094198504	0.127370732681
43	0	0.165183867141	0.0	0.0	0.0	0.0
44	0	0.0	0.0	0.124052168638	0.135530401683	0.0
45	0	0.167359873242	0.0	0.0	0.0	0.0
46	0	0.409691629956	0.207147123233	0.244079411468	0.394752898109	0.271515151515
47	0	0.0	0.0	0.119885139986	0.130334138486	0.0
48	0	0.161722676653	0.0	0.0	0.0	0.0
49	0	0.165176757416	0.0	0.0	0.0	0.0
50	0	0.0	0.0	0.0	0.125417214524	0.131013916501
51	0	0.0	0.0	0.0	0.0	0.0
52	0	0.134765818398	0.220190779014	0.0	0.148443656422	0.0
53	0	0.0	0.0	0.0	0.121706901733	0.124542848671
54	0	0.158917835671	0.0	0.0	0.0	0.0
55	0	0.0	0.0	0.0	0.0	0.0
56	0	0.0	0.0	0.127670094937	0.130845821181	0.0
57	0	0.162043504291	0.0	0.0	0.0	0.0
58	0	0.0894357743097	0.139119975945	0.0	0.0	0.100111122336
59	0	0.0	0.0	0.126674546887	0.132515822785	0.0
60	0	0.0	0.0	0.134029940721	0.0	0.0
61	0	0.0	0.0	0.0	0.128595770272	0.126266171899
62	0	0.0	0.0	0.0	0.120502342271	0.129591129591
63	0	0.168831168831	0.0	0.0	0.0	0.0
64	0	0.164103076308	0.0	0.0	0.0	0.0
65	0	0.416894284269	0.220548083729	0.246950912206	0.39518442623	0.262539494471
66	0	0.134788704186	0.206463728009	0.0	0.141052631579	0.0
67	0	0.166197466318	0.0	0.0	0.0	0.0
68	0	0.0828302820386	0.131310065756	0.125712571257	0.0	0.235545825455
69	0	0.0	0.0	0.135743864256	0.0	0.0
70	0	0.0	0.0	0.0	0.119413338619	0.131480015829
71	0	0.0821120256977	0.133119164742	0.0	0.0	0.0983885496947
72	0	0.0	0.0	0.0	0.12163918041	0.128037574025
73	0	0.165437512458	0.0	0.0	0.0	0.0
74	0	0.157900070944	0.0	0.0	0.0	0.0
75	0	0.162888665998	0.0	0.0	0.0	0.0
76	0	0.165251273854	0.0	0.0	0.0	0.0
77	0	0.0	0.0	0.0	0.115384615385	0.126780341023
78	0	0.135369871219	0.21243115657	0.0	0.143330654881	0.0
79	0	0.0	0.0	0.123654291176	0.133498268184	0.0
80	0	0.0	0.0	0.0	0.123076923077	0.124468610974
81	0	0.0	0.0	0.0	0.119527940286	0.12686642966
82	0	0.159058632583	0.0	0.0	0.0	0.0
83	0	0.130013831259	0.21384287021	0.0	0.138433515483	0.0
84	0	0.0	0.0	0.0	0.116598625909	0.126589884827
85	0	0.0	0.0	0.123307054781	0.128500986193	0.0
86	0	0.413467217956	0.216517197201	0.246936945911	0.403085244916	0.258754476721
87	0	0.0858480231053	0.136472227752	0.120055793564	0.0	0.23324742268
88	0	0.0	0.0	0.132357334927	0.0	0.0
89	0	0.0871555069147	0.133692507233	0.0	0.0	0.0968283766426
90	0	0.0	0.0	0.125161675455	0.140153001177	0.0
91	0	0.0	0.0	0.0	0.122819260293	0.127204650705
92	0	0.0833581423043	0.131139341803	0.124642540183	0.0	0.232363892523
93	0	0.0	0.0	0.0	0.124701195219	0.124263898593
94	0	0.130988173983	0.213851519681	0.0	0.147750304013	0.0
95	0	0.163741523734	0.0	0.0	0.0	0.0
96	0	0.130896344517	0.217547716598	0.0	0.1470444553	0.0
97	0	0.0821382007823	0.134413441344	0.0	0.0	0.0928303377444
98	0	0.375374475734	0.283893160664	0.244573372012	0.221629778672	0.502899262899
99	0	0.0846908734053	0.133399111988	0.0	0.0	0.0952716297787
