Num_mutations: 100
Num_samples: 10
Error_rate: 0.030000

0.000000000000000000e+00 0.000000000000000000e+00 2.373941105284388953e-01 0.000000000000000000e+00 0.000000000000000000e+00 0.000000000000000000e+00 5.143888498947157828e-01 0.000000000000000000e+00 0.000000000000000000e+00 0.000000000000000000e+00
3.086296444266879990e-01 0.000000000000000000e+00 0.000000000000000000e+00 0.000000000000000000e+00 0.000000000000000000e+00 2.244713899188295336e-01 0.000000000000000000e+00 2.310091558506892073e-01 2.772932330827067582e-01 0.000000000000000000e+00
3.122537431048069134e-01 4.630365659777424536e-01 2.507359658917876488e-01 6.111659104359834505e-01 7.122181746578714057e-01 6.934990628391042300e-01 4.733253108704372214e-01 4.912315863312957109e-01 6.151536382744470233e-01 1.004799040191961534e+00
3.053814781657216981e-01 0.000000000000000000e+00 0.000000000000000000e+00 0.000000000000000000e+00 0.000000000000000000e+00 2.139432680783060203e-01 0.000000000000000000e+00 2.399760023997600245e-01 2.769820455920919966e-01 0.000000000000000000e+00
1.005794205794205753e+00 1.003232976358860329e+00 7.422927267285244213e-01 9.948463825569870966e-01 7.626242544731610673e-01 7.513756878439219467e-01 4.840854149879129653e-01 7.334067474221643845e-01 9.853955375253549143e-01 1.003596403596403563e+00
2.601512738853503093e-01 0.000000000000000000e+00 1.876913958312753095e-01 0.000000000000000000e+00 0.000000000000000000e+00 0.000000000000000000e+00 0.000000000000000000e+00 1.870993589743589758e-01 0.000000000000000000e+00 0.000000000000000000e+00
0.000000000000000000e+00 0.000000000000000000e+00 0.000000000000000000e+00 0.000000000000000000e+00 2.451497363446423217e-01 2.570102884809360444e-01 0.000000000000000000e+00 2.668254913639070969e-01 0.000000000000000000e+00 0.000000000000000000e+00
9.964545991727398189e-01 9.811472930738985854e-01 7.439514053330588128e-01 9.947258433674992517e-01 7.502011263073209424e-01 7.546865551300141473e-01 4.912036576881025907e-01 7.490974729241877128e-01 9.929007099290071414e-01 9.921867273266739007e-01
2.696024708578260709e-01 0.000000000000000000e+00 1.848789720091642552e-01 0.000000000000000000e+00 0.000000000000000000e+00 0.000000000000000000e+00 0.000000000000000000e+00 1.865724381625441797e-01 0.000000000000000000e+00 0.000000000000000000e+00
9.859803725215301462e-01 1.006638503319251754e+00 7.458892363562997785e-01 1.006121642969984187e+00 7.652103723135910140e-01 7.333532397730665453e-01 4.741568549191778059e-01 7.310427727136131759e-01 9.919068298460324007e-01 1.012870398084405821e+00
0.000000000000000000e+00 0.000000000000000000e+00 2.371072910491997532e-01 0.000000000000000000e+00 2.080994386527666440e-01 0.000000000000000000e+00 0.000000000000000000e+00 0.000000000000000000e+00 0.000000000000000000e+00 0.000000000000000000e+00
0.000000000000000000e+00 0.000000000000000000e+00 2.467233616808404140e-01 0.000000000000000000e+00 2.180572349858927728e-01 0.000000000000000000e+00 0.000000000000000000e+00 0.000000000000000000e+00 0.000000000000000000e+00 0.000000000000000000e+00
3.211155378486055811e-01 0.000000000000000000e+00 0.000000000000000000e+00 0.000000000000000000e+00 4.943388596845936234e-01 4.843013341358210488e-01 0.000000000000000000e+00 4.845814977973568194e-01 2.675873111177824448e-01 4.988033506182688592e-01
1.001407884151247041e+00 9.841050449205251960e-01 7.542569269521410824e-01 1.009502628386575118e+00 7.479289940828401928e-01 7.395791980944819155e-01 4.924930857368629011e-01 7.186495176848874955e-01 1.006487673420501050e+00 9.982749873160832177e-01
0.000000000000000000e+00 0.000000000000000000e+00 2.410169152237013335e-01 0.000000000000000000e+00 0.000000000000000000e+00 0.000000000000000000e+00 5.088145896656535161e-01 0.000000000000000000e+00 0.000000000000000000e+00 0.000000000000000000e+00
3.152898404362755036e-01 0.000000000000000000e+00 0.000000000000000000e+00 0.000000000000000000e+00 4.839456467035732068e-01 4.747928521513427036e-01 0.000000000000000000e+00 5.015680323722812028e-01 2.669517409896151605e-01 5.038550115149694753e-01
1.019186046511627808e+00 1.015093222846996213e+00 7.555555555555555358e-01 9.832997987927565298e-01 7.552560104617241921e-01 7.457524271844659935e-01 5.102264790980743925e-01 7.397585592717197400e-01 1.003325607175249434e+00 9.901049475262369004e-01
3.042690293999194551e-01 4.703871292106586166e-01 2.374804381846635504e-01 6.098982515064703680e-01 7.069571328179901082e-01 6.963202587949858247e-01 4.956314535345512362e-01 5.032438367102505250e-01 5.961326520388738892e-01 9.846399361659684546e-01
3.195886682125214096e-01 0.000000000000000000e+00 0.000000000000000000e+00 0.000000000000000000e+00 4.825785721457977462e-01 4.700794528814241091e-01 0.000000000000000000e+00 5.000000000000000000e-01 2.788947212043181301e-01 5.175272146209927149e-01
2.576441102756892310e-01 0.000000000000000000e+00 1.862404447533008989e-01 0.000000000000000000e+00 0.000000000000000000e+00 0.000000000000000000e+00 0.000000000000000000e+00 1.798289238114183508e-01 0.000000000000000000e+00 0.000000000000000000e+00
0.000000000000000000e+00 0.000000000000000000e+00 2.494632450669665713e-01 0.000000000000000000e+00 1.920948616600790526e-01 0.000000000000000000e+00 0.000000000000000000e+00 0.000000000000000000e+00 0.000000000000000000e+00 0.000000000000000000e+00
0.000000000000000000e+00 0.000000000000000000e+00 2.386814932486100160e-01 0.000000000000000000e+00 0.000000000000000000e+00 0.000000000000000000e+00 5.080405002977963491e-01 0.000000000000000000e+00 0.000000000000000000e+00 0.000000000000000000e+00
3.164058556284704560e-01 4.725570275923896557e-01 2.315934335987417658e-01 5.997221670966461637e-01 7.018453865336657937e-01 6.775719353567205561e-01 4.789841519834629469e-01 5.045226130653266416e-01 6.025104602510460428e-01 9.973024278149665856e-01
3.066613322664533126e-01 0.000000000000000000e+00 0.000000000000000000e+00 0.000000000000000000e+00 5.028214429665457397e-01 4.593117408906882693e-01 0.000000000000000000e+00 4.886443221610805576e-01 2.728930307941653255e-01 5.112008072653885238e-01
3.050983540746687872e-01 4.642784861364096516e-01 2.558741537236161045e-01 6.082535885167463796e-01 6.864059217765329235e-01 6.883414780093747298e-01 5.030177104976748526e-01 4.911045943304007677e-01 6.017076845806127450e-01 1.001793543244320350e+00
9.888430998090260715e-01 1.015765316304130916e+00 7.453329340121792601e-01 9.950419912981888215e-01 7.547206923682140411e-01 7.463213655091229803e-01 4.935246064953178191e-01 7.444960614017370748e-01 1.013872135102533267e+00 9.932666802693327357e-01
9.861960165647801757e-01 9.959593968660688246e-01 7.487302061547654874e-01 9.899685287175452597e-01 7.441488297659532014e-01 7.618389897395422272e-01 4.945098039215686248e-01 7.273280584297017182e-01 1.001966955153422489e+00 1.001897154268597046e+00
3.042860044688198151e-01 0.000000000000000000e+00 0.000000000000000000e+00 0.000000000000000000e+00 4.837639489293254491e-01 4.797283802676253206e-01 0.000000000000000000e+00 4.888667992047713851e-01 2.694687223804380083e-01 4.945264637943155295e-01
0.000000000000000000e+00 0.000000000000000000e+00 2.473085823523493432e-01 0.000000000000000000e+00 2.020961044097290826e-01 0.000000000000000000e+00 0.000000000000000000e+00 0.000000000000000000e+00 0.000000000000000000e+00 0.000000000000000000e+00
3.139500444268930601e-01 4.692771084337349352e-01 2.383937316356513347e-01 5.996182055661609667e-01 6.908874329958308858e-01 7.001817080557237727e-01 4.870638965111721008e-01 4.907499502685498394e-01 5.991093518060366385e-01 9.988023952095808067e-01
1.007736560206308196e+00 9.854187192118226690e-01 7.539183388239991679e-01 1.010951812027080843e+00 7.605519480519480346e-01 7.596011452265771791e-01 5.026812313803376009e-01 7.233492442322990712e-01 1.004263959390862881e+00 9.956420391203000264e-01
9.998981981064847258e-01 9.873493975903614439e-01 7.347869177403369978e-01 1.010507533703409955e+00 7.391563867886987715e-01 7.307114980486340006e-01 4.903961584633853565e-01 7.233193696389387251e-01 1.004758529917991305e+00 1.004687344170738905e+00
1.007517309594460952e+00 1.005076142131979600e+00 7.535998388883294874e-01 9.760301109350237869e-01 7.426093811588490023e-01 7.431945556445156420e-01 4.903135610145795686e-01 7.289850716361085947e-01 1.017166535122336235e+00 9.914581449100592359e-01
3.106244931062449588e-01 0.000000000000000000e+00 0.000000000000000000e+00 0.000000000000000000e+00 4.980504822491278460e-01 4.831706831308504313e-01 0.000000000000000000e+00 4.973026973026973274e-01 2.705099778270509958e-01 4.923288749016522248e-01
3.008428358948934123e-01 0.000000000000000000e+00 0.000000000000000000e+00 0.000000000000000000e+00 5.113443278360819688e-01 4.860838886711093543e-01 0.000000000000000000e+00 5.010897562908658287e-01 2.828622257363115344e-01 5.008386778490380165e-01
0.000000000000000000e+00 0.000000000000000000e+00 2.313199556317434846e-01 0.000000000000000000e+00 2.197999999999999954e-01 0.000000000000000000e+00 0.000000000000000000e+00 0.000000000000000000e+00 0.000000000000000000e+00 0.000000000000000000e+00
3.184765826042202930e-01 0.000000000000000000e+00 0.000000000000000000e+00 0.000000000000000000e+00 0.000000000000000000e+00 2.148205029756191098e-01 0.000000000000000000e+00 2.349109414758269732e-01 2.716448032290615378e-01 0.000000000000000000e+00
0.000000000000000000e+00 0.000000000000000000e+00 2.413129368858271673e-01 0.000000000000000000e+00 2.067997191856383588e-01 0.000000000000000000e+00 0.000000000000000000e+00 0.000000000000000000e+00 0.000000000000000000e+00 0.000000000000000000e+00
2.584379905808477096e-01 0.000000000000000000e+00 1.825643078770893823e-01 0.000000000000000000e+00 0.000000000000000000e+00 0.000000000000000000e+00 0.000000000000000000e+00 1.822556390977443652e-01 0.000000000000000000e+00 0.000000000000000000e+00
1.000895433290219794e+00 9.925101214574898467e-01 7.317798710956866515e-01 9.886420745803597976e-01 7.629941802127232497e-01 7.276025395545702157e-01 4.946792640477374325e-01 7.249573849393362579e-01 1.007208650380456483e+00 1.011335633316904792e+00
3.085793816482751972e-01 4.625974288895637332e-01 2.372982073883331544e-01 6.248516026909378684e-01 7.310746958882075042e-01 7.071935157041540077e-01 4.865237064725555505e-01 4.814117180529394191e-01 6.133866133866133774e-01 1.002121426406707760e+00
3.086444805194805130e-01 0.000000000000000000e+00 0.000000000000000000e+00 0.000000000000000000e+00 0.000000000000000000e+00 2.186300262679329032e-01 0.000000000000000000e+00 2.292880418682729238e-01 2.721254710255626708e-01 0.000000000000000000e+00
2.979994028068079781e-01 4.606775867331366348e-01 2.474451830538743902e-01 6.221778221778221374e-01 7.225793690040549500e-01 6.838812195848644748e-01 4.800079372953666157e-01 4.966550174737893175e-01 5.970239292177760282e-01 9.968897361292264891e-01
2.405063291139240556e-01 0.000000000000000000e+00 1.841212846598843100e-01 0.000000000000000000e+00 0.000000000000000000e+00 0.000000000000000000e+00 0.000000000000000000e+00 1.786072646999799229e-01 0.000000000000000000e+00 0.000000000000000000e+00
9.947283049472830374e-01 1.012777001397484611e+00 7.504323939363108931e-01 1.002462326405988424e+00 7.565663681191506784e-01 7.489687091256665985e-01 4.895405669599218190e-01 7.129172128667944364e-01 1.004139323573952636e+00 9.878494517435543187e-01
0.000000000000000000e+00 0.000000000000000000e+00 2.636920912471108491e-01 0.000000000000000000e+00 0.000000000000000000e+00 0.000000000000000000e+00 4.942016057091882519e-01 0.000000000000000000e+00 0.000000000000000000e+00 0.000000000000000000e+00
3.183243954264899367e-01 4.620048504446240822e-01 2.332496233048719225e-01 6.252629470099169140e-01 7.161745700367829759e-01 7.008204922953772398e-01 4.732269145281874922e-01 4.813387423935091003e-01 6.073045578025958458e-01 1.003186616211910076e+00
0.000000000000000000e+00 0.000000000000000000e+00 2.462060702875399354e-01 0.000000000000000000e+00 2.071624226438064376e-01 0.000000000000000000e+00 0.000000000000000000e+00 0.000000000000000000e+00 0.000000000000000000e+00 0.000000000000000000e+00
3.106757297081167435e-01 4.555665024630541904e-01 2.376536988510380977e-01 6.137951990276511172e-01 7.053013505341665379e-01 7.032877271799060637e-01 4.788165442286404505e-01 4.947714371078577589e-01 6.040095275903135663e-01 9.971089622171268596e-01
3.094975428743355628e-01 0.000000000000000000e+00 0.000000000000000000e+00 0.000000000000000000e+00 0.000000000000000000e+00 2.301713830211239431e-01 0.000000000000000000e+00 2.204990555721244583e-01 2.815847988680008074e-01 0.000000000000000000e+00
9.973785037305908929e-01 9.874333970041218045e-01 7.493821057834898491e-01 1.017903322060871307e+00 7.638070508339158682e-01 7.465520687587448023e-01 4.974732160905599443e-01 7.379191571269374528e-01 9.893381613357473681e-01 1.014169430208019307e+00
0.000000000000000000e+00 0.000000000000000000e+00 0.000000000000000000e+00 3.895793974346226651e-01 0.000000000000000000e+00 0.000000000000000000e+00 0.000000000000000000e+00 3.128037290488941968e-01 3.914675093817894802e-01 0.000000000000000000e+00
3.308542713567839133e-01 4.557910300640709567e-01 2.294951107563360515e-01 6.026549555843896400e-01 7.117634982549784217e-01 7.095814322555048514e-01 4.933117146331577052e-01 4.982561036372695762e-01 6.113729816467756706e-01 1.000908265213442228e+00
3.049652532984187814e-01 0.000000000000000000e+00 0.000000000000000000e+00 0.000000000000000000e+00 0.000000000000000000e+00 2.172224987555997910e-01 0.000000000000000000e+00 2.356142295676710574e-01 2.803719628037196210e-01 0.000000000000000000e+00
1.005043373007867613e+00 9.906191369606003327e-01 7.370629370629370181e-01 1.010611419909045017e+00 7.570075009869720040e-01 7.381728395061728509e-01 4.916076845298281150e-01 7.317169717961404807e-01 1.003499650034996415e+00 1.019745414453242516e+00
1.011976660866004796e+00 9.944620253164556667e-01 7.525114155251141357e-01 9.977189328572845239e-01 7.549840510366826463e-01 7.464646464646464974e-01 5.061964735516373270e-01 7.372872822475078358e-01 9.872693180696733295e-01 1.007391130643228161e+00
1.003414340228961699e+00 1.020597220853454168e+00 7.600157884349714177e-01 1.026555767110932882e+00 7.702946482260973893e-01 7.227010037513941221e-01 4.970912738214643967e-01 7.296377826696017754e-01 9.726219024780176081e-01 1.017269076305220787e+00
3.166516831485365890e-01 4.625511119976064567e-01 2.358043368633383763e-01 6.244435451234318091e-01 6.938168846611176832e-01 6.867337785308481601e-01 4.970095693779904567e-01 4.949614700652045229e-01 6.043934296457550426e-01 1.023949665110615026e+00
3.201865558146608781e-01 4.622983870967741771e-01 2.365613459171111987e-01 5.946432140715570691e-01 7.144709284930687021e-01 6.964621940342879958e-01 4.863761608327380470e-01 4.967177242888402566e-01 5.933668341708542293e-01 1.006042296072507503e+00
3.064612922584517007e-01 4.584509883017345855e-01 2.369827756879825664e-01 6.080630494089117599e-01 7.023571713943268513e-01 6.848669350878915374e-01 4.827169202862037767e-01 4.935897435897436125e-01 6.111996811478677127e-01 9.969782433521353626e-01
2.476209556245617671e-01 0.000000000000000000e+00 1.924585218702865863e-01 0.000000000000000000e+00 0.000000000000000000e+00 0.000000000000000000e+00 0.000000000000000000e+00 1.848989298454221109e-01 0.000000000000000000e+00 0.000000000000000000e+00
3.104330708661417471e-01 0.000000000000000000e+00 0.000000000000000000e+00 0.000000000000000000e+00 0.000000000000000000e+00 2.064270697767544294e-01 0.000000000000000000e+00 2.192300019948134893e-01 2.735244851709527913e-01 0.000000000000000000e+00
9.933445912387006693e-01 9.992964116996683188e-01 7.561222424610403170e-01 9.857474982310724387e-01 7.660807031562125724e-01 7.544247787610619538e-01 4.821300563236047276e-01 7.313656828414206723e-01 9.934171154997007980e-01 9.970190779014308502e-01
3.137135305479312741e-01 4.689450222882615149e-01 2.346969850776570998e-01 6.129854845037269184e-01 7.079079079079079184e-01 6.947009233239662684e-01 4.771411459373128272e-01 4.917733089579524597e-01 5.925335988053758163e-01 9.936292850642127750e-01
3.218413130037874881e-01 4.768041237113402331e-01 0.000000000000000000e+00 3.250505050505050342e-01 4.903913874635275061e-01 4.821836228287841308e-01 0.000000000000000000e+00 4.730240891897272704e-01 6.262930601586823576e-01 9.996049772861939076e-01
0.000000000000000000e+00 0.000000000000000000e+00 2.398578620076991519e-01 0.000000000000000000e+00 0.000000000000000000e+00 0.000000000000000000e+00 5.239503252513305620e-01 0.000000000000000000e+00 0.000000000000000000e+00 0.000000000000000000e+00
0.000000000000000000e+00 0.000000000000000000e+00 2.397239419466152544e-01 0.000000000000000000e+00 2.174434886977395509e-01 0.000000000000000000e+00 0.000000000000000000e+00 0.000000000000000000e+00 0.000000000000000000e+00 0.000000000000000000e+00
0.000000000000000000e+00 0.000000000000000000e+00 2.599453385970240116e-01 0.000000000000000000e+00 0.000000000000000000e+00 0.000000000000000000e+00 5.211169631322667417e-01 0.000000000000000000e+00 0.000000000000000000e+00 0.000000000000000000e+00
3.085509268487143797e-01 0.000000000000000000e+00 0.000000000000000000e+00 0.000000000000000000e+00 0.000000000000000000e+00 2.196266347209743508e-01 0.000000000000000000e+00 2.273180458624127487e-01 2.674055415617128673e-01 0.000000000000000000e+00
3.062848050914876441e-01 4.734702175238869604e-01 2.419583249039045092e-01 6.086343966992049381e-01 7.003992015968063534e-01 6.872548033397042344e-01 4.839030206677265578e-01 4.877365101611773057e-01 5.997207818109293598e-01 1.005183413078149846e+00
1.002706766917293324e+00 9.942730834924143890e-01 7.480011844832691326e-01 1.002865895839509802e+00 7.492673067205659621e-01 7.418606995262574388e-01 4.851574212893552951e-01 7.334597345574294103e-01 1.013360120542440956e+00 1.000999600159935943e+00
1.011579157516470318e+00 1.020262216924910703e+00 7.512990320937340538e-01 1.002099790020997805e+00 7.447278569993974751e-01 7.486267851792669514e-01 4.886468714682009606e-01 7.457286432160804557e-01 1.002010050251256335e+00 1.001488242881238167e+00
0.000000000000000000e+00 0.000000000000000000e+00 0.000000000000000000e+00 3.841193067311567955e-01 0.000000000000000000e+00 0.000000000000000000e+00 0.000000000000000000e+00 3.242203321182665077e-01 3.902047370533922033e-01 0.000000000000000000e+00
3.218183638730349183e-01 4.610748367654444735e-01 2.329276878205772949e-01 6.113063560598454016e-01 6.999699067108035022e-01 6.939144406507330443e-01 4.922087061425555188e-01 4.978643091288367795e-01 6.140281355260550633e-01 1.014716330051760984e+00
2.533954595023297229e-01 0.000000000000000000e+00 1.984229963070166802e-01 0.000000000000000000e+00 0.000000000000000000e+00 0.000000000000000000e+00 0.000000000000000000e+00 1.837632473505299013e-01 0.000000000000000000e+00 0.000000000000000000e+00
3.208374875373878332e-01 0.000000000000000000e+00 0.000000000000000000e+00 0.000000000000000000e+00 0.000000000000000000e+00 2.236789829161700549e-01 0.000000000000000000e+00 2.197404165408994858e-01 2.767686904164575745e-01 0.000000000000000000e+00
0.000000000000000000e+00 0.000000000000000000e+00 0.000000000000000000e+00 3.900764855854089164e-01 0.000000000000000000e+00 0.000000000000000000e+00 0.000000000000000000e+00 3.263168496323899936e-01 3.917444717444717450e-01 0.000000000000000000e+00
0.000000000000000000e+00 0.000000000000000000e+00 2.298963986186482455e-01 0.000000000000000000e+00 2.104952830188679125e-01 0.000000000000000000e+00 0.000000000000000000e+00 0.000000000000000000e+00 0.000000000000000000e+00 0.000000000000000000e+00
0.000000000000000000e+00 0.000000000000000000e+00 2.500760571950106370e-01 0.000000000000000000e+00 0.000000000000000000e+00 0.000000000000000000e+00 5.021506451935581206e-01 0.000000000000000000e+00 0.000000000000000000e+00 0.000000000000000000e+00
0.000000000000000000e+00 0.000000000000000000e+00 0.000000000000000000e+00 3.921174341443796618e-01 0.000000000000000000e+00 0.000000000000000000e+00 0.000000000000000000e+00 3.204239706481858962e-01 3.861958906842209993e-01 0.000000000000000000e+00
9.966040751098681483e-01 9.890503683057934037e-01 7.400383335014627528e-01 1.001882119861317477e+00 7.569082899479375737e-01 7.443258368742874387e-01 4.917468354430379884e-01 7.448015122873345994e-01 9.972260748959778098e-01 1.007212983370066040e+00
0.000000000000000000e+00 0.000000000000000000e+00 2.421355562171281228e-01 0.000000000000000000e+00 2.098914354644149660e-01 0.000000000000000000e+00 0.000000000000000000e+00 0.000000000000000000e+00 0.000000000000000000e+00 0.000000000000000000e+00
0.000000000000000000e+00 0.000000000000000000e+00 0.000000000000000000e+00 4.003583515827194850e-01 0.000000000000000000e+00 0.000000000000000000e+00 0.000000000000000000e+00 3.320378674638764238e-01 3.839598997493734456e-01 0.000000000000000000e+00
2.559541456665678227e-01 0.000000000000000000e+00 1.849466693499698111e-01 0.000000000000000000e+00 0.000000000000000000e+00 0.000000000000000000e+00 0.000000000000000000e+00 1.914085914085913998e-01 0.000000000000000000e+00 0.000000000000000000e+00
3.090653830726032836e-01 0.000000000000000000e+00 0.000000000000000000e+00 0.000000000000000000e+00 4.921433706480435322e-01 4.650592562321209655e-01 0.000000000000000000e+00 4.909509049095090449e-01 2.775158021470853775e-01 5.050989802039591581e-01
3.142035880662107372e-01 4.548140601120733706e-01 0.000000000000000000e+00 3.333999600239855865e-01 4.841167738743196169e-01 4.753517562506326399e-01 0.000000000000000000e+00 4.823318027550409504e-01 5.932272541819665346e-01 1.001081081081081070e+00
3.065296251511487324e-01 4.491085073866530886e-01 2.342681597463086018e-01 6.141543382646941218e-01 7.307305292815455822e-01 6.989612465041949996e-01 4.903277538338177699e-01 4.852105778648383994e-01 6.074545641236266391e-01 9.955973584150490385e-01
2.397847319115009035e-01 0.000000000000000000e+00 1.782945736434108641e-01 0.000000000000000000e+00 0.000000000000000000e+00 0.000000000000000000e+00 0.000000000000000000e+00 1.748031496062992241e-01 0.000000000000000000e+00 0.000000000000000000e+00
1.019738167170191279e+00 1.006891120299271414e+00 7.529317430089205176e-01 1.014404104183109778e+00 7.426361202023207264e-01 7.428343153899930051e-01 4.901667165818109351e-01 7.391946440878212066e-01 1.000000000000000000e+00 9.787362086258776239e-01
9.928158052284973278e-01 9.792698958438669221e-01 7.640855679421512114e-01 9.800137835975190059e-01 7.624738571855392832e-01 7.515404492148678450e-01 4.898041185334002789e-01 7.387601505248564404e-01 1.031438935912938337e+00 9.942615524010872674e-01
0.000000000000000000e+00 0.000000000000000000e+00 0.000000000000000000e+00 3.812165642956211742e-01 0.000000000000000000e+00 0.000000000000000000e+00 0.000000000000000000e+00 3.247689651670559452e-01 3.937418513689699973e-01 0.000000000000000000e+00
0.000000000000000000e+00 0.000000000000000000e+00 2.332169576059850424e-01 0.000000000000000000e+00 2.046990017142280849e-01 0.000000000000000000e+00 0.000000000000000000e+00 0.000000000000000000e+00 0.000000000000000000e+00 0.000000000000000000e+00
3.136025088200705691e-01 4.669221460266236301e-01 2.521739130434782483e-01 6.014434643143544701e-01 7.062818336162988153e-01 6.975229448337116889e-01 4.828485456369107087e-01 4.955450996095705496e-01 6.096639490952475704e-01 9.979995999199839929e-01
3.128159381504608816e-01 4.579476068544415801e-01 2.397907865620599599e-01 6.056451612903225312e-01 7.238798523101487303e-01 6.824955295052652637e-01 4.873745056282324239e-01 4.932663316582914792e-01 6.035587188612099308e-01 1.014350304698250493e+00
9.761500848218740423e-01 1.019836874433591722e+00 7.389261073892611220e-01 9.960602081018284926e-01 7.451136816912644623e-01 7.259124456576685480e-01 4.906001809590831431e-01 7.266251113089937652e-01 1.014772384684956341e+00 1.007280343073700957e+00
0.000000000000000000e+00 0.000000000000000000e+00 2.538476913851688832e-01 0.000000000000000000e+00 0.000000000000000000e+00 0.000000000000000000e+00 4.964356435643564325e-01 0.000000000000000000e+00 0.000000000000000000e+00 0.000000000000000000e+00
3.184069744402615587e-01 4.590097811838257380e-01 0.000000000000000000e+00 3.267712601179174614e-01 4.910562606175676859e-01 4.594244747585382593e-01 0.000000000000000000e+00 4.823821339950372100e-01 6.176144942123804604e-01 1.009815950920245342e+00
9.999002095599242024e-01 9.808459696727853672e-01 7.483715803186692384e-01 1.003496154230346660e+00 7.571667815978720961e-01 7.450901399939571235e-01 4.992493243919527424e-01 7.264302981466559395e-01 1.011691815728989807e+00 9.898909811694747152e-01
1.012021638950110214e+00 1.012253917235837797e+00 7.480670750075308906e-01 9.907611970275155278e-01 7.603508056292066497e-01 7.666934835076427701e-01 4.769773299748110706e-01 7.387496224705527581e-01 1.006342913776015813e+00 1.005082212257100149e+00
2.488782530661082792e-01 0.000000000000000000e+00 1.725155121554267090e-01 0.000000000000000000e+00 0.000000000000000000e+00 0.000000000000000000e+00 0.000000000000000000e+00 1.763594790734665518e-01 0.000000000000000000e+00 0.000000000000000000e+00
