#chr	normal	sample0	sample1	sample2	sample3	sample4	sample5	sample6	sample7	sample8	sample9	sample10	sample11	sample12	sample13	sample14
0	0	0.121121121121	0.112648221344	0.0	0.225976768743	0.0936555891239	0.0	0.170781893004	0.177983539095	0.227911646586	0.0	0.0	0.0	0.0829787234043	0.154958677686	0.0
1	0	0.127826941986	0.104206500956	0.0	0.219823356232	0.0884691848907	0.0	0.160824742268	0.17125382263	0.212614445575	0.0	0.0	0.0	0.0763673890609	0.148893360161	0.0
2	0	0.237113402062	0.252307692308	0.242718446602	0.0	0.166666666667	0.175	0.0	0.0	0.0	0.307312252964	0.0	0.156746031746	0.0	0.0	0.174634146341
3	0	0.249518304432	0.234756097561	0.504682622268	0.267326732673	0.155378486056	0.180830039526	0.205882352941	0.0	0.0	0.308383233533	0.249492900609	0.356923076923	0.255340793489	0.125258799172	0.340977068794
4	0	0.254616132167	0.223541048467	0.25338894682	0.0	0.153846153846	0.179710144928	0.0	0.0	0.0	0.335299901672	0.0	0.172273190622	0.0	0.0	0.168527918782
5	0	0.0	0.0	0.0	0.0	0.104568527919	0.0	0.122823984526	0.0	0.0	0.185524974516	0.0	0.0	0.0	0.0	0.0
6	0	0.0	0.154066985646	0.0	0.0	0.0	0.19900990099	0.0	0.0	0.0	0.32598274209	0.0	0.0	0.0	0.0	0.175675675676
7	0	0.141304347826	0.0	0.0	0.0	0.148	0.130389064143	0.0	0.0	0.0	0.0	0.0	0.166500498504	0.0	0.0	0.0
8	0	0.238834951456	0.226086956522	0.218309859155	0.0	0.158394931362	0.185074626866	0.0	0.0	0.0	0.316109422492	0.0	0.173913043478	0.0	0.0	0.175757575758
9	0	0.259365994236	0.239677744209	0.236947791165	0.0	0.146608315098	0.177403369673	0.0	0.0	0.0	0.293069306931	0.0	0.159916926272	0.0	0.0	0.161421319797
10	0	0.235406698565	0.232628398792	0.250507099391	0.0	0.136408243376	0.191754554171	0.0	0.0	0.0	0.32261208577	0.0	0.178894472362	0.0	0.0	0.165987780041
11	0	0.223	0.238238238238	0.249261083744	0.0	0.12915851272	0.169596690796	0.20618556701	0.0	0.0	0.30109670987	0.234042553191	0.349075975359	0.181274900398	0.0	0.331622176591
12	0	0.0	0.144008056395	0.0	0.0	0.0	0.191176470588	0.0	0.0	0.0	0.289085545723	0.0	0.0	0.0	0.0	0.165306122449
13	0	0.21752265861	0.243407707911	0.24697110904	0.0	0.157009345794	0.186265286924	0.0	0.0	0.0	0.306576402321	0.0	0.156469408225	0.0	0.0	0.175944333996
14	0	0.287644787645	0.236212278876	0.241799437676	0.0	0.140640155189	0.144680851064	0.0	0.0	0.0	0.329218106996	0.0	0.176076555024	0.0	0.0	0.14387755102
15	0	0.0	0.0	0.0	0.0	0.130434782609	0.0	0.134773662551	0.0	0.0	0.180904522613	0.0	0.0	0.0	0.0	0.0
16	0	0.222431668238	0.237438423645	0.236166007905	0.0	0.15612244898	0.173243503369	0.0	0.0	0.0	0.318854886476	0.0	0.170984455959	0.0	0.0	0.202839756592
17	0	0.0	0.0	0.0	0.0	0.105682951147	0.0	0.130256410256	0.0	0.0	0.188109161793	0.0	0.0	0.0	0.0	0.0
18	0	0.263779527559	0.253984063745	0.233265720081	0.0	0.142126789366	0.167179487179	0.0	0.0	0.0	0.28937007874	0.0	0.153920619555	0.0	0.0	0.155729676787
19	0	0.149494949495	0.119418483904	0.0	0.246740220662	0.0952380952381	0.0	0.156345177665	0.181367690783	0.200791295747	0.0	0.0	0.0	0.0902708124373	0.142005958292	0.0
20	0	0.2261663286	0.268138801262	0.236111111111	0.0	0.1444332999	0.175278622087	0.0	0.0	0.0	0.315844700944	0.0	0.156709108717	0.0	0.0	0.163918525703
21	0	0.114770459082	0.10985915493	0.0	0.215667311412	0.0954314720812	0.0	0.153998025666	0.173957273652	0.194805194805	0.0	0.0	0.0	0.0703781512605	0.144913627639	0.0
22	0	0.0907278165503	0.220119521912	0.231719876416	0.0	0.0	0.180295566502	0.0	0.0	0.0	0.338567222767	0.0	0.0	0.0	0.0	0.133520074697
23	0	0.167804878049	0.0	0.0	0.0	0.143292682927	0.153010858835	0.0	0.0	0.0	0.0	0.0	0.162948593598	0.0	0.0	0.0
24	0	0.0	0.148185483871	0.25025025025	0.2880859375	0.0	0.160416666667	0.0	0.326150832517	0.291949563531	0.0	0.236947791165	0.0	0.249504950495	0.370018975332	0.167517875383
25	0	0.0	0.143892339545	0.259368836292	0.240917782027	0.0	0.161322645291	0.0	0.312877263581	0.308926780341	0.0	0.240570846075	0.0	0.249261083744	0.333333333333	0.172549019608
26	0	0.128103277061	0.103157894737	0.0	0.193359375	0.0904621435595	0.0	0.170068027211	0.167507568113	0.214501510574	0.0	0.0	0.0	0.0692383778437	0.162357807653	0.0
27	0	0.0	0.0	0.0	0.190716448032	0.0948745910578	0.0	0.0	0.171936758893	0.0	0.0	0.0	0.0	0.104493207941	0.0	0.0
28	0	0.247179487179	0.246740220662	0.249283667622	0.0	0.16437007874	0.152289669862	0.0	0.0	0.0	0.339393939394	0.0	0.179	0.0	0.0	0.165338645418
29	0	0.0	0.0	0.0	0.236012207528	0.0905550146056	0.0	0.0	0.171767028628	0.0	0.0	0.0	0.0	0.0945674044266	0.0	0.0
30	0	0.227593152064	0.271153846154	0.232421875	0.0	0.146934460888	0.163306451613	0.0	0.0	0.0	0.290187891441	0.0	0.167492566898	0.0	0.0	0.149105367793
31	0	0.108673978066	0.112637362637	0.0	0.211671612265	0.104208416834	0.0	0.161073825503	0.179871520343	0.213855421687	0.0	0.0	0.0	0.0860860860861	0.140845070423	0.0
32	0	0.244357212954	0.238235294118	0.253717472119	0.0	0.142572283151	0.172379032258	0.0	0.0	0.0	0.325742574257	0.0	0.157335907336	0.0	0.0	0.175977653631
33	0	0.0	0.150801131008	0.0	0.0	0.0	0.166160081054	0.0	0.0	0.0	0.304347826087	0.0	0.0	0.0	0.0	0.146316851665
34	0	0.109422492401	0.0978260869565	0.0	0.233618233618	0.0851282051282	0.0	0.168287937743	0.175580221998	0.19836400818	0.0	0.0	0.0	0.0872210953347	0.162977867203	0.0
35	0	0.259433962264	0.230547550432	0.22482197355	0.0	0.134122287968	0.16859344894	0.0	0.0	0.0	0.307926829268	0.0	0.172115384615	0.0	0.0	0.170212765957
36	0	0.26570545829	0.244761904762	0.24613800206	0.0	0.166015625	0.179190751445	0.206827309237	0.0	0.0	0.289419087137	0.255419415646	0.342479674797	0.144050104384	0.0	0.364406779661
37	0	0.251231527094	0.22869022869	0.238938053097	0.0	0.14522417154	0.182182182182	0.0	0.0	0.0	0.29	0.0	0.176659528908	0.0	0.0	0.168711656442
38	0	0.0	0.163653663178	0.0	0.0	0.0	0.156407669021	0.0	0.0	0.0	0.338912133891	0.0	0.0	0.0	0.0	0.169607843137
39	0	0.0	0.0	0.0	0.216748768473	0.0967741935484	0.0	0.0	0.180360721443	0.0	0.0	0.0	0.0	0.0856864654333	0.0	0.0
40	0	0.232352941176	0.242728184554	0.225480283114	0.0	0.175879396985	0.184235517569	0.214356929212	0.0	0.0	0.342427093133	0.267326732673	0.34030418251	0.148184494603	0.0	0.334661354582
41	0	0.231730769231	0.250749250749	0.233615221987	0.0	0.144162436548	0.184049079755	0.0	0.0	0.0	0.294343240652	0.0	0.188968335036	0.0	0.0	0.152324431256
42	0	0.11639185257	0.114087301587	0.0	0.228370221328	0.0963855421687	0.0	0.164092664093	0.178534571723	0.216572504708	0.0	0.0	0.0	0.081	0.155778894472	0.0
43	0	0.242943548387	0.233507853403	0.244660194175	0.0	0.159769008662	0.161161161161	0.0	0.0	0.0	0.328405491024	0.0	0.177267987487	0.0	0.0	0.173252279635
44	0	0.239263803681	0.232142857143	0.229338842975	0.0	0.157534246575	0.181357649443	0.234	0.0	0.0	0.308066083576	0.24531835206	0.361681329423	0.180612244898	0.0	0.349362119725
45	0	0.108980827447	0.116895874263	0.0	0.232443125618	0.0784729586426	0.0	0.151174668029	0.174785100287	0.196819085487	0.0	0.0	0.0	0.0771573604061	0.154302670623	0.0
46	0	0.0	0.157788944724	0.242763772176	0.282128514056	0.0	0.181544633902	0.0	0.325481798715	0.27967806841	0.0	0.248979591837	0.0	0.243512974052	0.33764940239	0.178968655207
47	0	0.0	0.137274549098	0.0	0.0	0.0	0.179226069246	0.0	0.0	0.0	0.301181102362	0.0	0.0	0.0	0.0	0.159301130524
48	0	0.0969337289812	0.111218568665	0.0	0.213849287169	0.0857719475277	0.0	0.176899063476	0.15061963775	0.219178082192	0.0	0.0	0.0	0.0909090909091	0.155980861244	0.0
49	0	0.251497005988	0.218717139853	0.232323232323	0.0	0.145744680851	0.188008130081	0.0	0.0	0.0	0.327290076336	0.0	0.184	0.0	0.0	0.186458333333
50	0	0.0	0.0	0.0	0.0	0.0944123314066	0.0	0.104104104104	0.0	0.0	0.178362573099	0.0	0.0	0.0	0.0	0.0
51	0	0.0	0.0	0.0	0.246153846154	0.100300902708	0.0	0.0	0.173236514523	0.0	0.0	0.0	0.0	0.0921187308086	0.0	0.0
52	0	0.224845995893	0.24824120603	0.243731193581	0.0	0.148893360161	0.17042115573	0.0	0.0	0.0	0.317097415507	0.0	0.153233830846	0.0	0.0	0.193074501574
53	0	0.0	0.158	0.243689320388	0.287118977384	0.0	0.174134419552	0.0	0.3125	0.279962546816	0.0	0.258246936852	0.0	0.259296482412	0.338345864662	0.17568947906
54	0	0.151668351871	0.0	0.0	0.0	0.170658682635	0.173868312757	0.0	0.0	0.0	0.0	0.0	0.155206286837	0.0	0.0	0.0
55	0	0.255813953488	0.249053030303	0.244382022472	0.0	0.142997061704	0.17125382263	0.0	0.0	0.0	0.30625	0.0	0.161100196464	0.0	0.0	0.17215727949
56	0	0.0842418235877	0.266804550155	0.22641509434	0.0	0.0	0.165591397849	0.0	0.0	0.0	0.287952987267	0.0	0.0	0.0	0.0	0.154574132492
57	0	0.254255319149	0.231755424063	0.221669980119	0.0	0.170031880978	0.172097759674	0.0	0.0	0.0	0.304889741131	0.0	0.150590551181	0.0	0.0	0.178026449644
58	0	0.0	0.0	0.0	0.20256916996	0.0941054808687	0.0	0.0	0.168776371308	0.0	0.0	0.0	0.0	0.0828220858896	0.0	0.0
59	0	0.100798403194	0.244590780809	0.229411764706	0.0	0.0	0.183031458532	0.0	0.0	0.0	0.319801980198	0.0	0.0	0.0	0.0	0.174874371859
60	0	0.122926829268	0.0966796875	0.0	0.22188449848	0.0884773662551	0.0	0.170634920635	0.183070866142	0.213426853707	0.0	0.0	0.0	0.0913604766634	0.150657229525	0.0
61	0	0.0	0.0	0.0	0.222557905337	0.098703888335	0.0	0.0	0.178121974831	0.0	0.0	0.0	0.0	0.0793804453049	0.0	0.0
62	0	0.258033106134	0.204926108374	0.215105162524	0.0	0.177240684794	0.162276080084	0.0	0.0	0.0	0.315585672798	0.0	0.158425832492	0.0	0.0	0.163918525703
63	0	0.207216494845	0.229979466119	0.229979466119	0.0	0.157527417747	0.195906432749	0.0	0.0	0.0	0.310061601643	0.0	0.1474609375	0.0	0.0	0.164616840114
64	0	0.12015503876	0.115226337449	0.0	0.245472837022	0.098703888335	0.0	0.161665053243	0.187370600414	0.227761485826	0.0	0.0	0.0	0.0961347869177	0.144710578842	0.0
65	0	0.106060606061	0.105110896818	0.0	0.21359223301	0.0960163432074	0.0	0.145877378436	0.170905391658	0.227948463826	0.0	0.0	0.0	0.077731092437	0.154078549849	0.0
66	0	0.0	0.0	0.0	0.218274111675	0.0959548447789	0.0	0.0	0.218652849741	0.0	0.0	0.0	0.0	0.0875386199794	0.0	0.0
67	0	0.23828125	0.241448692153	0.244379276637	0.0	0.158051689861	0.172955974843	0.0	0.0	0.0	0.296184738956	0.0	0.180278884462	0.0	0.0	0.16568627451
68	0	0.272908366534	0.262827225131	0.241842610365	0.0	0.153450051493	0.183874139626	0.0	0.0	0.0	0.321503131524	0.0	0.159638554217	0.0	0.0	0.179863147605
69	0	0.0	0.0	0.0	0.0	0.0975359342916	0.0	0.137896825397	0.0	0.0	0.178461538462	0.0	0.0	0.0	0.0	0.0
70	0	0.250717703349	0.25051975052	0.252918287938	0.0	0.155619596542	0.183653846154	0.0	0.0	0.0	0.325534079349	0.0	0.181634712412	0.0	0.0	0.165858389913
71	0	0.249464668094	0.231263383298	0.233170731707	0.0	0.138002059732	0.171487603306	0.0	0.0	0.0	0.283707865169	0.0	0.159047619048	0.0	0.0	0.183084577114
72	0	0.0	0.0	0.0	0.0	0.10263653484	0.0	0.104938271605	0.0	0.0	0.19512195122	0.0	0.0	0.0	0.0	0.0
73	0	0.09670781893	0.104231166151	0.0	0.209375	0.1	0.0	0.160944206009	0.181451612903	0.228194726166	0.0	0.0	0.0	0.100712105799	0.133126934985	0.0
74	0	0.0	0.142040038132	0.268686868687	0.272145144077	0.0	0.178640776699	0.0	0.349794238683	0.286294416244	0.0	0.255144032922	0.0	0.25527831094	0.341511285574	0.168818272095
75	0	0.0	0.150289017341	0.254901960784	0.265384615385	0.0	0.167953667954	0.0	0.317220543807	0.301829268293	0.0	0.241550695825	0.0	0.240223463687	0.38391959799	0.180773249739
76	0	0.0	0.142131979695	0.0	0.0	0.0	0.181352459016	0.0	0.0	0.0	0.315992292871	0.0	0.0	0.0	0.0	0.157796451914
77	0	0.0	0.0	0.0	0.0	0.0969387755102	0.0	0.118852459016	0.0	0.0	0.175991861648	0.0	0.0	0.0	0.0	0.0
78	0	0.0	0.144340602285	0.258620689655	0.244401168452	0.0	0.17139959432	0.0	0.348468848997	0.272819472617	0.0	0.242757242757	0.0	0.258096172718	0.357976653696	0.191641182467
79	0	0.222910216718	0.244597249509	0.256487025948	0.0	0.14811031665	0.179512195122	0.0	0.0	0.0	0.315352697095	0.0	0.165330661323	0.0	0.0	0.167544783983
80	0	0.242115971516	0.25406504065	0.268625393494	0.0	0.168150346192	0.172690763052	0.0	0.0	0.0	0.305084745763	0.0	0.169960474308	0.0	0.0	0.165644171779
81	0	0.0	0.0	0.0	0.245187436677	0.0909990108803	0.0	0.0	0.17097415507	0.0	0.0	0.0	0.0	0.085977482088	0.0	0.0
82	0	0.0	0.130569948187	0.262781186094	0.270354906054	0.0	0.177062374245	0.0	0.311557788945	0.277393879566	0.0	0.234653465347	0.0	0.224730127576	0.346116970278	0.17097415507
83	0	0.213640922768	0.237951807229	0.249275362319	0.0	0.151485148515	0.167868177137	0.0	0.0	0.0	0.286686103013	0.0	0.164241164241	0.0	0.0	0.171291866029
84	0	0.0	0.0	0.0	0.208293153327	0.077479338843	0.0	0.0	0.152091254753	0.0	0.0	0.0	0.0	0.0751802265705	0.0	0.0
85	0	0.111888111888	0.132437619962	0.0	0.2	0.108758421559	0.0	0.138030888031	0.174257425743	0.235	0.0	0.0	0.0	0.0841683366733	0.142288557214	0.0
86	0	0.0	0.0	0.0	0.222003929273	0.0845481049563	0.0	0.0	0.170661553212	0.0	0.0	0.0	0.0	0.0899315738025	0.0	0.0
87	0	0.107246376812	0.118974358974	0.0	0.203076923077	0.102226720648	0.0	0.168367346939	0.174168297456	0.230448383733	0.0	0.0	0.0	0.0850850850851	0.134083930399	0.0
88	0	0.2375127421	0.25051975052	0.230847803882	0.0	0.163245356794	0.177932405567	0.0	0.0	0.0	0.327345309381	0.0	0.157258064516	0.0	0.0	0.177290836653
89	0	0.111770524233	0.111881188119	0.0	0.214792299899	0.0827586206897	0.0	0.159113796576	0.179236043095	0.220941402498	0.0	0.0	0.0	0.0843601895735	0.178536585366	0.0
90	0	0.236580516899	0.230452674897	0.222546161322	0.0	0.169941060904	0.179607109448	0.206686930091	0.0	0.0	0.304133858268	0.250251256281	0.34632034632	0.152820512821	0.0	0.36673553719
91	0	0.0	0.155321188878	0.0	0.0	0.0	0.160678642715	0.0	0.0	0.0	0.303497942387	0.0	0.0	0.0	0.0	0.161157024793
92	0	0.249272550921	0.239626556017	0.245901639344	0.0	0.155299055614	0.176527643065	0.0	0.0	0.0	0.307196562836	0.0	0.156862745098	0.0	0.0	0.18444666002
93	0	0.241106719368	0.230460921844	0.2288218111	0.0	0.149344096872	0.162105263158	0.0	0.0	0.0	0.311572700297	0.0	0.145256916996	0.0	0.0	0.153518123667
94	0	0.0	0.149330587024	0.276507276507	0.260826771654	0.0	0.150470219436	0.0	0.352156057495	0.278	0.0	0.257338551859	0.0	0.223014256619	0.363269424823	0.161885245902
95	0	0.230541871921	0.230769230769	0.244660194175	0.0	0.15250965251	0.182	0.0	0.0	0.0	0.305327868852	0.0	0.16862745098	0.0	0.0	0.181911613566
96	0	0.22342519685	0.276180698152	0.237388724036	0.0	0.153996101365	0.173826173826	0.0	0.0	0.0	0.324435318275	0.0	0.180064308682	0.0	0.0	0.191044776119
97	0	0.12072243346	0.126556016598	0.0	0.243626062323	0.100300902708	0.0	0.147524752475	0.181553398058	0.227005870841	0.0	0.0	0.0	0.0751879699248	0.154545454545	0.0
98	0	0.25525210084	0.244041944709	0.236686390533	0.0	0.150243902439	0.173604060914	0.0	0.0	0.0	0.286150712831	0.0	0.18039624609	0.0	0.0	0.165818921668
99	0	0.114230396902	0.100389863548	0.0	0.226452905812	0.0929292929293	0.0	0.163285024155	0.159045725646	0.201213346815	0.0	0.0	0.0	0.0817409766454	0.144957983193	0.0
