#chr	normal	sample0	sample1	sample2	sample3	sample4	sample5	sample6	sample7	sample8	sample9	sample10	sample11	sample12	sample13	sample14	sample15	sample16	sample17	sample18	sample19
0	0	0.0	0.0	0.217008797654	0.0	0.132443531828	0.121878121878	0.0	0.0	0.0852156057495	0.0958466453674	0.133603238866	0.270646766169	0.107707509881	0.231742940604	0.0	0.0	0.0	0.210991167812	0.0	0.0
1	0	0.0	0.0	0.0	0.0	0.139393939394	0.0965517241379	0.0	0.0	0.0	0.0	0.127394636015	0.129285014691	0.0	0.213178294574	0.0	0.0	0.0	0.101642710472	0.0	0.0
2	0	0.0	0.0	0.204414587332	0.0	0.171094580234	0.121552604699	0.0	0.0	0.0901639344262	0.0880880880881	0.122408687068	0.279114533205	0.104522613065	0.201409869084	0.0	0.0	0.0	0.219735503561	0.0	0.0
3	0	0.0	0.1416015625	0.0	0.0	0.0	0.0	0.0	0.132682926829	0.0	0.0	0.16632231405	0.0	0.0	0.27546071775	0.0	0.123015873016	0.0	0.0	0.128412537917	0.0
4	0	0.0	0.0	0.0	0.0	0.145354185833	0.095423563778	0.0	0.0	0.0	0.0	0.117234468938	0.120192307692	0.0	0.226104830421	0.0	0.0	0.0	0.104674796748	0.0	0.0
5	0	0.275074478649	0.148582600196	0.0	0.0	0.0	0.0	0.0	0.0	0.148727984344	0.162674650699	0.185258964143	0.0	0.146898803047	0.0	0.31013916501	0.174603174603	0.153367875648	0.0	0.150153217569	0.0
6	0	0.296370967742	0.138157894737	0.0	0.0	0.0	0.0	0.0	0.0	0.158458244111	0.152129817444	0.207392197125	0.0	0.155349794239	0.0	0.323412698413	0.147738693467	0.165668662675	0.0	0.13251783894	0.0
7	0	0.0	0.130776794494	0.284403669725	0.485485485485	0.17994100295	0.130171543895	0.32039800995	0.15015015015	0.154066985646	0.0	0.0	0.223671013039	0.106589147287	0.0	0.202664129401	0.111445783133	0.107737512243	0.163432073544	0.150243902439	0.2734375
8	0	0.0	0.0	0.191222570533	0.0	0.0	0.0	0.0	0.0	0.0845070422535	0.10020242915	0.0	0.0	0.0	0.0	0.0	0.0	0.0	0.0	0.0	0.0
9	0	0.277665995976	0.165009940358	0.0	0.0	0.0	0.0	0.0	0.0	0.153770812929	0.157527417747	0.20443101712	0.0	0.146022155086	0.0	0.286821705426	0.1435546875	0.140546006067	0.0	0.135542168675	0.0
10	0	0.0	0.109936575053	0.275541795666	0.522233712513	0.181026137464	0.133956386293	0.308300395257	0.135841170324	0.144340602285	0.0	0.0	0.247925311203	0.10303030303	0.0	0.219487179487	0.11498973306	0.11417697431	0.15331355094	0.146443514644	0.28855721393
11	0	0.0	0.0	0.2041015625	0.0	0.0	0.0	0.0	0.0	0.0839024390244	0.0911016949153	0.0	0.0	0.0	0.0	0.0	0.0	0.0	0.0	0.0	0.0
12	0	0.0	0.0	0.0	0.0	0.0	0.132424537488	0.0	0.0	0.121661721068	0.138211382114	0.0	0.0	0.13508260447	0.0	0.0	0.0	0.125494071146	0.134865134865	0.0	0.228712871287
13	0	0.0	0.0	0.230616302187	0.0	0.140886699507	0.1324828263	0.0	0.0	0.087044534413	0.0844629822732	0.124335812965	0.268062827225	0.109324758842	0.219037871034	0.0	0.0	0.0	0.200811359026	0.0	0.0
14	0	0.0	0.0	0.217842323651	0.0	0.134403209629	0.235693501455	0.0	0.105374077977	0.0804369414101	0.192032686415	0.103042198234	0.264207377866	0.109644670051	0.189949748744	0.0	0.0	0.0918065153011	0.211240310078	0.097	0.0
15	0	0.284375	0.160642570281	0.0	0.0	0.0	0.0	0.0	0.0	0.15291750503	0.150778210117	0.193846153846	0.0	0.15	0.0	0.29035339064	0.140875133404	0.148445336008	0.0	0.140816326531	0.0
16	0	0.294406280667	0.14017769003	0.0	0.0	0.0	0.0	0.0	0.0	0.12539184953	0.170731707317	0.190883190883	0.0	0.136542239686	0.0	0.285714285714	0.1567239636	0.160944206009	0.0	0.130260521042	0.0
17	0	0.0	0.0	0.238703339882	0.0	0.160349854227	0.115463917526	0.0	0.0	0.0785714285714	0.0837751855779	0.143968871595	0.276595744681	0.0987903225806	0.210109018831	0.0	0.0	0.0	0.211899791232	0.0	0.0
18	0	0.0	0.0	0.207163601162	0.0	0.151991614256	0.239719157472	0.0	0.103696098563	0.0737051792829	0.193516699411	0.120481927711	0.27852004111	0.103448275862	0.195564516129	0.0	0.0	0.0985772357724	0.184284377923	0.0826848249027	0.0
19	0	0.0	0.0987903225806	0.259368836292	0.50950950951	0.17756097561	0.114035087719	0.27950310559	0.17	0.149330587024	0.0	0.0	0.218181818182	0.110552763819	0.0	0.210579857579	0.109419600381	0.108267716535	0.149659863946	0.121369294606	0.278455284553
20	0	0.0	0.0	0.236593059937	0.0	0.154488517745	0.21996124031	0.0	0.105825242718	0.0655737704918	0.225684608121	0.143689320388	0.304170905392	0.0758196721311	0.197855750487	0.0	0.0	0.0870406189555	0.189602446483	0.0969337289812	0.0
21	0	0.0	0.0945812807882	0.288638689867	0.205936920223	0.186180422265	0.120825147348	0.0	0.0	0.0	0.0	0.0	0.0	0.118644067797	0.0	0.235532994924	0.122525918944	0.118792599805	0.0	0.0	0.0
22	0	0.0	0.0	0.226773226773	0.0	0.0	0.0	0.0	0.0	0.0699507389163	0.11832460733	0.0	0.0	0.0	0.0	0.0	0.0	0.0	0.0	0.0	0.0
23	0	0.0	0.0	0.2275390625	0.0	0.0	0.0	0.0	0.0	0.0698869475848	0.0887629839471	0.0	0.0	0.0	0.0	0.0	0.0	0.0	0.0	0.0	0.0
24	0	0.0	0.0	0.226824457594	0.0	0.0	0.0	0.0	0.0	0.0936293436293	0.10298661174	0.0	0.0	0.0	0.0	0.0	0.0	0.0	0.0	0.0	0.0
25	0	0.0	0.0	0.208494208494	0.0	0.0	0.0	0.0	0.0	0.0852329038652	0.0834990059642	0.0	0.0	0.0	0.0	0.0	0.0	0.0	0.0	0.0	0.0
26	0	0.0	0.115568290353	0.286799620133	0.199386503067	0.152941176471	0.122718052738	0.0	0.0	0.0	0.0	0.0	0.0	0.118644067797	0.0	0.228239845261	0.121062992126	0.107142857143	0.0	0.0	0.0
27	0	0.0	0.0	0.22032193159	0.0	0.141141141141	0.0863157894737	0.0	0.0	0.0756476683938	0.0966183574879	0.111334002006	0.33014354067	0.101421800948	0.209163346614	0.0	0.0	0.0	0.178787878788	0.0	0.0
28	0	0.0	0.0	0.0	0.0	0.156993339676	0.104186952288	0.0	0.0	0.0	0.0	0.135627530364	0.126923076923	0.0	0.214143426295	0.0	0.0	0.0	0.0948616600791	0.0	0.0
29	0	0.0	0.0	0.0	0.0	0.0	0.126315789474	0.0	0.0	0.128229665072	0.140512820513	0.0	0.0	0.121756487026	0.0	0.0	0.0	0.124509803922	0.123	0.0	0.20808678501
30	0	0.0	0.0	0.236236236236	0.0	0.167478091529	0.0793804453049	0.0	0.0	0.0919305413687	0.0923965351299	0.135384615385	0.283231083845	0.097	0.221180880975	0.0	0.0	0.0	0.245744680851	0.0	0.0
31	0	0.0	0.0	0.0	0.0	0.153614457831	0.106406080347	0.0	0.0	0.0	0.0	0.119266055046	0.135814889336	0.0	0.214990138067	0.0	0.0	0.0	0.0902184235518	0.0	0.0
32	0	0.0	0.0	0.20260782347	0.0	0.0	0.0	0.0	0.0	0.0900621118012	0.0955165692008	0.0	0.0	0.0	0.0	0.0	0.0	0.0	0.0	0.0	0.0
33	0	0.3	0.140512820513	0.0	0.0	0.0	0.0	0.0	0.0	0.142161635833	0.173777315297	0.200783545544	0.0	0.132642487047	0.0	0.281310211946	0.169980119284	0.164015904573	0.0	0.134944612286	0.0
34	0	0.0	0.109129066107	0.260512820513	0.47821969697	0.173058013766	0.118463180363	0.282352941176	0.161033797217	0.164859002169	0.0	0.0	0.24008138352	0.107429718876	0.0	0.208163265306	0.125478927203	0.101851851852	0.148792270531	0.142999006951	0.263581488934
35	0	0.0	0.0	0.223783783784	0.0	0.154223968566	0.101344364012	0.0	0.0	0.083820662768	0.088295687885	0.108374384236	0.286263208453	0.092936802974	0.200400801603	0.0	0.0	0.0	0.219461697723	0.0	0.0
36	0	0.0	0.104104104104	0.271271271271	0.476476476476	0.165058949625	0.133591481123	0.320166320166	0.171287128713	0.162436548223	0.0	0.0	0.224568138196	0.131400966184	0.0	0.221442885772	0.109575518263	0.111461619348	0.187885010267	0.1567239636	0.272532188841
37	0	0.0	0.0	0.209230769231	0.0	0.0	0.0	0.0	0.0	0.0838445807771	0.0831683168317	0.0	0.0	0.0	0.0	0.0	0.0	0.0	0.0	0.0	0.0
38	0	0.0	0.118708452042	0.249286393911	0.201342281879	0.192497532083	0.143870314083	0.0	0.0	0.0	0.0	0.0	0.0	0.123015873016	0.0	0.196770938446	0.123217922607	0.109375	0.0	0.0	0.0
39	0	0.0	0.0	0.0	0.0	0.0	0.135238095238	0.0	0.0	0.116097560976	0.141843971631	0.0	0.0	0.131767109295	0.0	0.0	0.0	0.116044399596	0.113226452906	0.0	0.229873908826
40	0	0.0	0.0	0.0	0.0	0.125252525253	0.106641721235	0.0	0.0	0.0	0.0	0.12669245648	0.139170506912	0.0	0.211699164345	0.0	0.0	0.0	0.0952858575727	0.0	0.0
41	0	0.0	0.139807897545	0.0	0.0	0.0	0.0	0.0	0.14	0.0	0.0	0.181727904667	0.0	0.0	0.297892720307	0.0	0.118541033435	0.0	0.0	0.12101910828	0.0
42	0	0.305383022774	0.153144016227	0.0	0.0	0.0	0.0	0.0	0.0	0.140830800405	0.174767321613	0.210682492582	0.0	0.153623188406	0.0	0.25249500998	0.149390243902	0.155577299413	0.0	0.127722772277	0.0
43	0	0.301041666667	0.156504065041	0.0	0.0	0.0	0.0	0.0	0.0	0.131400966184	0.161105815062	0.18578680203	0.0	0.139774859287	0.0	0.286549707602	0.155398587286	0.140041493776	0.0	0.137040714995	0.0
44	0	0.0	0.0	0.209864603482	0.0	0.1336492891	0.111320754717	0.0	0.0	0.084	0.109670987039	0.113034623218	0.288932419197	0.0910973084886	0.199803149606	0.0	0.0	0.0	0.209494324045	0.0	0.0
45	0	0.0	0.0	0.0	0.0	0.153361344538	0.116387337058	0.0	0.0	0.0	0.0	0.140478668054	0.129770992366	0.0	0.219823356232	0.0	0.0	0.0	0.0793319415449	0.0	0.0
46	0	0.301229508197	0.157731958763	0.0	0.0	0.0	0.0	0.0	0.0	0.149105367793	0.169907881269	0.186234817814	0.0	0.149023638232	0.0	0.290821256039	0.144578313253	0.149853085211	0.0	0.145061728395	0.0
47	0	0.0	0.0	0.222222222222	0.0	0.148717948718	0.0991580916745	0.0	0.0	0.0926640926641	0.0860215053763	0.128712871287	0.276830491474	0.10843373494	0.218220338983	0.0	0.0	0.0	0.233128834356	0.0	0.0
48	0	0.0	0.0	0.234683281412	0.0	0.0	0.0	0.0	0.0	0.0811078140455	0.095423563778	0.0	0.0	0.0	0.0	0.0	0.0	0.0	0.0	0.0	0.0
49	0	0.278937381404	0.161255411255	0.0	0.0	0.0	0.0	0.0	0.0	0.146788990826	0.152129817444	0.196019900498	0.0	0.156496062992	0.0	0.280123583934	0.155090390105	0.130275229358	0.0	0.154244306418	0.0
50	0	0.312681510165	0.157032755299	0.0	0.0	0.0	0.0	0.0	0.0	0.119464469619	0.182186234818	0.214067278287	0.0	0.159135559921	0.0	0.289869608826	0.179196704428	0.171814671815	0.0	0.108930323847	0.0
51	0	0.0	0.115346038114	0.274319066148	0.2170781893	0.18547595682	0.121296296296	0.0	0.0	0.0	0.0	0.0	0.0	0.102851323829	0.0	0.19693877551	0.0995975855131	0.106167846309	0.0	0.0	0.0
52	0	0.0	0.0	0.0	0.0	0.150051387461	0.127310061602	0.0	0.0	0.0	0.0	0.12389380531	0.120352250489	0.0	0.189898989899	0.0	0.0	0.0	0.0935856992639	0.0	0.0
53	0	0.216962524655	0.0978809283552	0.0	0.0	0.184235517569	0.0	0.186721991701	0.105160662123	0.0	0.0	0.0	0.0	0.0	0.0	0.0	0.130699088146	0.0	0.0	0.0	0.0
54	0	0.284023668639	0.158512720157	0.0	0.0	0.0	0.0	0.0	0.0	0.139751552795	0.187743190661	0.211847389558	0.0	0.149176954733	0.0	0.300507614213	0.151485148515	0.165510406343	0.0	0.134994807892	0.0
55	0	0.0	0.0	0.0	0.0	0.167464114833	0.125382262997	0.0	0.0	0.0	0.0	0.128865979381	0.117302052786	0.0	0.197014925373	0.0	0.0	0.0	0.102260495156	0.0	0.0
56	0	0.0	0.0	0.217347956132	0.0	0.150451354062	0.11361410382	0.0	0.0	0.0794896957802	0.0953912111468	0.123004694836	0.290068829892	0.102691924227	0.208550573514	0.0	0.0	0.0	0.208251473477	0.0	0.0
57	0	0.0	0.119725220805	0.0	0.0	0.0	0.0	0.0	0.13729308666	0.0	0.0	0.165263157895	0.0	0.0	0.266336633663	0.0	0.125502008032	0.0	0.0	0.135470527404	0.0
58	0	0.0	0.0	0.226732673267	0.0	0.0	0.0	0.0	0.0	0.0888429752066	0.0961923847695	0.0	0.0	0.0	0.0	0.0	0.0	0.0	0.0	0.0	0.0
59	0	0.0	0.0	0.224260958206	0.0	0.0	0.0	0.0	0.0	0.0889748549323	0.101744186047	0.0	0.0	0.0	0.0	0.0	0.0	0.0	0.0	0.0	0.0
60	0	0.0	0.0934393638171	0.252535496957	0.490546218487	0.175889328063	0.123015873016	0.29939516129	0.140886699507	0.141293532338	0.0	0.0	0.213836477987	0.106341463415	0.0	0.200421940928	0.0924974306269	0.112016293279	0.155206286837	0.142857142857	0.275077559462
61	0	0.0	0.124293785311	0.2797731569	0.200832466181	0.171198388721	0.123885034688	0.0	0.0	0.0	0.0	0.0	0.0	0.113421550095	0.0	0.215551181102	0.124378109453	0.11673151751	0.0	0.0	0.0
62	0	0.0	0.0	0.234765234765	0.0	0.0	0.0	0.0	0.0	0.0791878172589	0.0989690721649	0.0	0.0	0.0	0.0	0.0	0.0	0.0	0.0	0.0	0.0
63	0	0.0	0.112871287129	0.297049847406	0.509452736318	0.167592592593	0.127516778523	0.322067594433	0.159629248198	0.144927536232	0.0	0.0	0.239711934156	0.105369807497	0.0	0.228228228228	0.113188976378	0.105940594059	0.164149043303	0.141865079365	0.281220209724
64	0	0.0	0.0	0.0	0.0	0.0	0.161688980433	0.0	0.0	0.108267716535	0.131147540984	0.0	0.0	0.12676056338	0.0	0.0	0.0	0.123975409836	0.141917293233	0.0	0.228194726166
65	0	0.0	0.0	0.239626556017	0.0	0.154320987654	0.114141414141	0.0	0.0	0.080967402734	0.0979591836735	0.121541501976	0.254598257502	0.122279792746	0.210116731518	0.0	0.0	0.0	0.209028459274	0.0	0.0
66	0	0.0	0.0	0.0	0.0	0.160931174089	0.114688128773	0.0	0.0	0.0	0.0	0.119122257053	0.121541501976	0.0	0.207739307536	0.0	0.0	0.0	0.0965250965251	0.0	0.0
67	0	0.0	0.0	0.22131147541	0.0	0.15873015873	0.112337011033	0.0	0.0	0.0897177419355	0.10243902439	0.116116116116	0.296072507553	0.107784431138	0.193124368049	0.0	0.0	0.0	0.18893129771	0.0	0.0
68	0	0.0	0.0	0.0	0.0	0.162162162162	0.123015873016	0.0	0.0	0.0	0.0	0.123329907503	0.124497991968	0.0	0.221084953941	0.0	0.0	0.0	0.102040816327	0.0	0.0
69	0	0.287712287712	0.142589118199	0.0	0.0	0.0	0.0	0.0	0.0	0.126873126873	0.163127413127	0.214141414141	0.0	0.162698412698	0.0	0.321199143469	0.13916500994	0.1474609375	0.0	0.131504257332	0.0
70	0	0.0	0.0822596630327	0.301440329218	0.203758654797	0.183932346723	0.122772277228	0.0	0.0	0.0	0.0	0.0	0.0	0.12385786802	0.0	0.225742574257	0.104722792608	0.118730808598	0.0	0.0	0.0
71	0	0.282961460446	0.146527117031	0.0	0.0	0.0	0.0	0.0	0.0	0.127659574468	0.13903192585	0.200807265388	0.0	0.163836163836	0.0	0.291875626881	0.176181102362	0.168224299065	0.0	0.118279569892	0.0
72	0	0.279069767442	0.149514563107	0.0	0.0	0.0	0.0	0.0	0.0	0.142311365807	0.172619047619	0.221638655462	0.0	0.153203342618	0.0	0.287488061127	0.139511201629	0.170804369414	0.0	0.12109375	0.0
73	0	0.0	0.0	0.0	0.0	0.0	0.141708542714	0.0	0.0	0.107843137255	0.139190523198	0.0	0.0	0.150793650794	0.0	0.0	0.0	0.128542510121	0.142447418738	0.0	0.247734138973
74	0	0.214216163583	0.115345005149	0.0	0.0	0.168107588857	0.0	0.194856577646	0.121739130435	0.0	0.0	0.0	0.0	0.0	0.0	0.0	0.093023255814	0.0	0.0	0.0	0.0
75	0	0.0	0.0	0.245649948823	0.0	0.0	0.0	0.0	0.0	0.091641490433	0.0891191709845	0.0	0.0	0.0	0.0	0.0	0.0	0.0	0.0	0.0	0.0
76	0	0.0	0.0	0.235	0.0	0.0	0.0	0.0	0.0	0.0787637088734	0.0921568627451	0.0	0.0	0.0	0.0	0.0	0.0	0.0	0.0	0.0	0.0
77	0	0.26353421859	0.155279503106	0.0	0.0	0.0	0.0	0.0	0.0	0.141176470588	0.177165354331	0.217303822938	0.0	0.156153050672	0.0	0.276785714286	0.136363636364	0.155925155925	0.0	0.138775510204	0.0
78	0	0.0	0.0	0.219341974078	0.0	0.0	0.0	0.0	0.0	0.0878378378378	0.105682951147	0.0	0.0	0.0	0.0	0.0	0.0	0.0	0.0	0.0	0.0
79	0	0.0	0.0	0.21332046332	0.0	0.0	0.0	0.0	0.0	0.0770791075051	0.0934119960669	0.0	0.0	0.0	0.0	0.0	0.0	0.0	0.0	0.0	0.0
80	0	0.0	0.0	0.229038854806	0.0	0.169934640523	0.103244837758	0.0	0.0	0.0921187308086	0.100281162137	0.11122244489	0.288049029622	0.114107883817	0.218595450049	0.0	0.0	0.0	0.215189873418	0.0	0.0
81	0	0.0	0.0	0.208770257388	0.0	0.0	0.0	0.0	0.0	0.0743718592965	0.0890410958904	0.0	0.0	0.0	0.0	0.0	0.0	0.0	0.0	0.0	0.0
82	0	0.0	0.119460500963	0.268965517241	0.516842105263	0.187619047619	0.125902992776	0.287922705314	0.156639004149	0.162813102119	0.0	0.0	0.223684210526	0.10618556701	0.0	0.220528455285	0.101492537313	0.105054509415	0.19387755102	0.163748712667	0.272171253823
83	0	0.0	0.0	0.236971484759	0.0	0.169927909372	0.107723577236	0.0	0.0	0.065606361829	0.0993975903614	0.137014314928	0.252049180328	0.116666666667	0.204756980352	0.0	0.0	0.0	0.220320855615	0.0	0.0
84	0	0.0	0.0	0.0	0.0	0.129787234043	0.0971370143149	0.0	0.0	0.0	0.0	0.130784708249	0.127461139896	0.0	0.204909284952	0.0	0.0	0.0	0.0959446092977	0.0	0.0
85	0	0.0	0.0	0.235023041475	0.0	0.166666666667	0.12277019937	0.0	0.0	0.0965250965251	0.0884955752212	0.122958693564	0.276785714286	0.0980592441267	0.212637913741	0.0	0.0	0.0	0.209979209979	0.0	0.0
86	0	0.321280991736	0.152064451158	0.0	0.0	0.0	0.0	0.0	0.0	0.12864321608	0.131658291457	0.223880597015	0.0	0.153771760155	0.0	0.281156530409	0.162768031189	0.171517671518	0.0	0.139097744361	0.0
87	0	0.297893681043	0.138461538462	0.0	0.0	0.0	0.0	0.0	0.0	0.140512820513	0.168674698795	0.192073170732	0.0	0.145161290323	0.0	0.288537549407	0.158259149357	0.148494288681	0.0	0.129647283127	0.0
88	0	0.0	0.0	0.226179018287	0.0	0.12955465587	0.0863591756624	0.0	0.0	0.0947265625	0.102385685885	0.146596858639	0.291037260826	0.119842829077	0.212927756654	0.0	0.0	0.0	0.207724425887	0.0	0.0
89	0	0.0	0.122488038278	0.0	0.0	0.0	0.0	0.0	0.126173096976	0.0	0.0	0.191089108911	0.0	0.0	0.284284284284	0.0	0.140684410646	0.0	0.0	0.12389380531	0.0
90	0	0.0	0.0	0.237854251012	0.0	0.146100691017	0.118473895582	0.0	0.0	0.0777666999003	0.0999010880317	0.131428571429	0.264676616915	0.111328125	0.197883597884	0.0	0.0	0.0	0.191089108911	0.0	0.0
91	0	0.0	0.103301384452	0.272908366534	0.509433962264	0.165697674419	0.11704312115	0.282319391635	0.161943319838	0.147119341564	0.0	0.0	0.202416918429	0.11144278607	0.0	0.207171314741	0.110894941634	0.122324159021	0.162217659138	0.166315789474	0.263485477178
92	0	0.0	0.0	0.0	0.0	0.1460554371	0.102261553589	0.0	0.0	0.0	0.0	0.124362895005	0.14182194617	0.0	0.234020618557	0.0	0.0	0.0	0.0875486381323	0.0	0.0
93	0	0.0	0.0	0.221993833505	0.0	0.0	0.0	0.0	0.0	0.077457795432	0.0776892430279	0.0	0.0	0.0	0.0	0.0	0.0	0.0	0.0	0.0	0.0
94	0	0.281316348195	0.161323681489	0.0	0.0	0.0	0.0	0.0	0.0	0.148622047244	0.165834165834	0.19430814524	0.0	0.155555555556	0.0	0.270459081836	0.143737166324	0.165445026178	0.0	0.133472367049	0.0
95	0	0.0	0.0	0.20987654321	0.0	0.143737166324	0.123667377399	0.0	0.0	0.0988805970149	0.0869565217391	0.135294117647	0.276302851524	0.0824008138352	0.207843137255	0.0	0.0	0.0	0.194444444444	0.0	0.0
96	0	0.0	0.106730769231	0.269757639621	0.4918200409	0.172139303483	0.115273775216	0.301397205589	0.159793814433	0.145748987854	0.0	0.0	0.25164938737	0.107802874743	0.0	0.226814516129	0.0906282183316	0.0960163432074	0.154054054054	0.152830188679	0.28187250996
97	0	0.0	0.0	0.222329162656	0.0	0.0	0.0	0.0	0.0	0.0846153846154	0.0892116182573	0.0	0.0	0.0	0.0	0.0	0.0	0.0	0.0	0.0	0.0
98	0	0.0	0.0	0.0	0.0	0.0	0.149176954733	0.0	0.0	0.121822033898	0.13478691774	0.0	0.0	0.133004926108	0.0	0.0	0.0	0.136234626301	0.115834218916	0.0	0.226856561546
99	0	0.0	0.0	0.236971484759	0.0	0.0	0.0	0.0	0.0	0.0673828125	0.08953722334	0.0	0.0	0.0	0.0	0.0	0.0	0.0	0.0	0.0	0.0
