gene_id	sample0	sample0	sample1	sample1	sample2	sample2	sample3	sample3	sample4	sample4
0	83	24	113	14	85	25	79	6	76	23
1	81	21	95	11	69	31	99	14	80	20
2	93	0	81	25	105	0	67	27	86	15
3	86	21	93	13	87	0	68	18	89	0
4	100	0	91	0	112	0	87	0	103	0
5	117	0	64	14	114	0	75	7	94	0
6	79	26	86	11	86	0	76	23	96	0
7	112	0	115	0	105	0	75	12	91	0
8	90	0	73	28	89	0	77	25	103	0
9	91	21	104	10	98	0	81	26	94	0
10	84	24	99	10	98	0	69	19	109	0
11	78	15	84	14	76	30	86	6	75	19
12	92	0	96	16	113	0	104	19	103	0
13	73	25	85	11	101	0	69	22	107	0
14	97	0	96	0	111	0	84	9	101	0
15	93	0	103	0	87	0	106	0	105	0
16	71	21	93	10	114	0	91	24	97	0
17	103	0	103	0	108	0	84	8	95	0
18	76	16	96	15	63	25	104	7	88	21
19	69	28	59	41	87	16	76	19	84	18
20	108	0	67	31	119	0	56	30	105	0
21	76	23	46	45	90	26	71	29	92	8
22	65	26	59	42	88	14	67	29	107	21
23	71	19	90	8	117	0	63	30	89	0
24	101	0	90	18	97	0	114	14	97	0
25	66	0	80	12	75	0	75	12	95	0
26	60	18	82	2	73	31	93	11	95	19
27	64	25	52	36	65	19	70	36	82	41
28	71	29	88	10	67	26	95	11	68	15
29	82	18	60	34	73	27	61	31	76	33
30	74	0	104	0	113	0	92	0	96	0
31	97	0	70	22	116	0	75	26	92	0
32	85	22	101	10	65	22	69	13	94	21
33	70	33	70	35	80	24	67	23	61	29
34	70	25	91	8	101	0	83	23	107	0
35	79	22	50	35	72	22	76	32	93	16
36	92	0	72	31	94	0	85	25	96	0
37	95	0	101	0	99	0	78	0	99	0
38	90	24	63	38	78	31	70	26	83	20
39	75	24	77	12	68	24	85	8	67	14
40	69	17	75	11	66	28	102	4	76	20
41	72	32	67	44	75	22	75	29	71	11
42	95	0	92	11	98	0	97	10	83	0
43	74	18	67	39	70	16	85	29	86	33
44	82	36	74	12	113	0	75	30	97	0
45	56	24	69	33	85	17	76	20	78	33
46	100	0	86	0	100	0	99	0	101	0
47	72	25	62	41	74	35	65	29	63	28
48	108	0	85	19	87	0	88	8	107	0
49	108	0	95	0	87	0	103	0	88	0
50	99	0	63	26	103	0	67	27	106	0
51	84	25	105	5	69	33	105	11	88	16
52	103	0	83	0	101	0	90	15	101	0
53	104	0	86	37	91	0	61	27	92	0
54	71	0	108	0	84	0	94	0	94	0
55	55	27	66	50	74	25	63	27	82	10
56	88	28	62	34	75	22	86	23	99	17
57	80	27	94	8	98	0	84	18	77	0
58	77	27	41	46	78	21	77	30	88	12
59	72	18	99	15	99	0	82	22	97	0
60	87	30	60	35	76	22	75	25	77	8
61	94	26	67	42	87	22	72	34	80	32
62	71	18	87	5	64	22	96	8	72	21
63	106	0	102	0	88	0	97	14	92	0
64	79	23	89	5	77	34	93	9	68	13
65	68	27	57	48	63	22	80	25	62	30
66	67	25	71	9	73	23	93	9	75	26
67	74	24	58	43	79	26	87	37	70	30
68	73	22	83	8	97	0	72	20	111	0
69	96	0	107	0	122	0	96	12	98	0
70	73	20	78	7	91	0	78	19	97	0
71	86	26	96	12	102	0	76	17	74	0
72	72	24	83	9	109	0	79	26	98	0
73	79	19	85	14	82	0	65	25	107	0
74	66	20	89	10	105	0	86	18	100	0
75	65	16	111	12	90	0	77	24	88	0
76	91	0	98	0	87	0	107	0	116	0
77	89	20	96	7	84	0	82	19	112	0
78	66	34	71	35	90	24	67	26	70	33
79	113	0	86	31	90	0	63	27	91	0
80	52	23	108	6	108	0	80	21	107	0
81	123	0	94	20	94	0	90	16	104	0
82	79	35	58	53	76	24	78	26	59	23
83	80	30	85	6	92	0	84	21	94	0
84	81	0	97	0	106	0	94	0	100	0
85	75	31	65	44	67	22	78	24	72	23
86	89	0	91	0	124	0	116	0	95	0
87	117	0	94	26	102	0	81	37	96	0
88	75	23	90	12	104	0	66	27	109	0
89	71	26	88	8	67	25	92	17	78	18
90	81	27	74	42	68	27	62	33	69	15
91	90	16	88	4	95	0	80	21	100	0
92	85	27	91	11	82	0	80	22	103	0
93	107	0	77	32	97	0	74	27	85	0
94	68	24	76	43	75	19	70	30	77	37
95	107	0	91	23	103	0	89	18	95	0
96	64	28	62	55	72	32	66	21	54	38
97	69	19	86	9	84	20	74	13	80	19
98	62	24	53	32	70	17	70	36	73	27
99	68	17	89	10	103	0	76	26	100	0
