#chr	normal	sample0	sample1	sample2	sample3	sample4
0	0	0.146364494806	0.134328358209	0.183383991895	0.0	0.081592039801
1	0	0.476755687438	0.490196078431	0.489130434783	0.501650165017	0.417399804497
2	0	0.0975855130785	0.244776119403	0.129237288136	0.110775427996	0.275754422477
3	0	0.0651260504202	0.21556256572	0.128048780488	0.135353535354	0.281402142162
4	0	0.161386138614	0.112953367876	0.194949494949	0.0	0.0900195694716
5	0	0.0	0.13916500994	0.0	0.0	0.173038229376
6	0	0.495504495504	0.47817047817	0.482401656315	0.491457286432	0.415571284125
7	0	0.0893574297189	0.208017334778	0.134980988593	0.12315270936	0.262536873156
8	0	0.0694736842105	0.236493374108	0.114800759013	0.115618661258	0.261388286334
9	0	0.229249011858	0.255081300813	0.314606741573	0.133056133056	0.253306205493
10	0	0.081106870229	0.223645320197	0.127596439169	0.110101010101	0.256646216769
11	0	0.288349514563	0.293103448276	0.20325203252	0.191268191268	0.0963740458015
12	0	0.0	0.142188961646	0.0	0.0	0.16271884655
13	0	0.132542037587	0.12864321608	0.184726522188	0.0	0.0763888888889
14	0	0.0	0.0	0.0	0.0	0.0
15	0	0.279835390947	0.270611057226	0.181214421252	0.188715953307	0.097461928934
16	0	0.0	0.0	0.0	0.0	0.0
17	0	0.0	0.0	0.0	0.0	0.0
18	0	0.0959548447789	0.218023255814	0.119023397762	0.124497991968	0.247563352827
19	0	0.0	0.0	0.0	0.0	0.0
20	0	0.0	0.138888888889	0.0	0.0	0.15844402277
21	0	0.103349282297	0.236	0.110894941634	0.109518935517	0.262076053443
22	0	0.0	0.0	0.0	0.0	0.0
23	0	0.0	0.0	0.0	0.0	0.0
24	0	0.508571428571	0.490176817289	0.477091633466	0.510903426791	0.424151696607
25	0	0.0	0.0	0.0	0.0	0.0
26	0	0.0873320537428	0.21503131524	0.110778443114	0.12427184466	0.259881422925
27	0	0.24427480916	0.281592039801	0.178571428571	0.194388777555	0.067472306143
28	0	0.279182879377	0.280224929709	0.192346424975	0.189638318671	0.0886319845857
29	0	0.507389162562	0.500968992248	0.515060240964	0.525590551181	0.412955465587
30	0	0.0	0.0	0.0	0.0	0.0
31	0	0.165128205128	0.154929577465	0.195147679325	0.0	0.106256206554
32	0	0.0	0.0	0.0	0.0	0.0
33	0	0.095	0.200636942675	0.117475728155	0.108349900596	0.242395437262
34	0	0.0826612903226	0.215430861723	0.134673366834	0.118048780488	0.279426816786
35	0	0.0	0.153923541247	0.0	0.0	0.159744408946
36	0	0.0	0.0	0.0	0.0	0.0918866080156
37	0	0.133333333333	0.152030217186	0.219438877756	0.0	0.0935613682093
38	0	0.0	0.0	0.0	0.0	0.101178781925
39	0	0.0	0.148112294288	0.0	0.0	0.151106833494
40	0	0.0	0.0	0.0	0.0	0.0
41	0	0.134371957157	0.116349047141	0.190384615385	0.0	0.0859683794466
42	0	0.233333333333	0.227129337539	0.259526261586	0.121477162293	0.238289205703
43	0	0.0	0.135802469136	0.0	0.0	0.145332050048
44	0	0.0	0.146341463415	0.0	0.0	0.153535353535
45	0	0.0	0.0	0.0	0.0	0.0
46	0	0.504702194357	0.509183673469	0.493278179938	0.514485514486	0.416833667335
47	0	0.116485686081	0.14113277623	0.177142857143	0.0	0.098311817279
48	0	0.0	0.0	0.0	0.0	0.0
49	0	0.0967098703888	0.222549019608	0.11328125	0.114481409002	0.25751503006
50	0	0.0790842872008	0.234468937876	0.149901380671	0.119312436805	0.265494912118
51	0	0.109832635983	0.225510204082	0.110778443114	0.108798486282	0.250497017893
52	0	0.0820158102767	0.206930693069	0.1076011846	0.107339449541	0.254527162978
53	0	0.0	0.0	0.0	0.0	0.0
54	0	0.0811359026369	0.247104247104	0.122324159021	0.133468149646	0.245356793744
55	0	0.0	0.0	0.0	0.0	0.0
56	0	0.144411473788	0.151663405088	0.199796126402	0.0	0.0774719673802
57	0	0.0	0.0	0.0	0.0	0.0
58	0	0.0	0.0	0.0	0.0	0.0
59	0	0.221489161169	0.220853080569	0.308966861598	0.115303983229	0.267661691542
60	0	0.0909970958374	0.214149139579	0.136734693878	0.128440366972	0.228976697062
61	0	0.516129032258	0.494382022472	0.501501501502	0.494059405941	0.411823647295
62	0	0.0	0.0	0.0	0.0	0.0
63	0	0.149672591207	0.120553359684	0.196162046908	0.0	0.0843137254902
64	0	0.103521878335	0.230079681275	0.134312696747	0.108512628625	0.282515991471
65	0	0.512170385396	0.503131524008	0.504468718967	0.480868665977	0.410557184751
66	0	0.0811594202899	0.211934156379	0.128431372549	0.117010816126	0.24926686217
67	0	0.0935039370079	0.224206349206	0.118279569892	0.0976602238047	0.234642497482
68	0	0.119959677419	0.142311365807	0.200811359026	0.0	0.0847290640394
69	0	0.502004008016	0.509633911368	0.496453900709	0.508682328907	0.407445708376
70	0	0.10261374637	0.243614931238	0.137274549098	0.109311740891	0.250511247444
71	0	0.0751802265705	0.230923694779	0.140133460439	0.130348258706	0.260521042084
72	0	0.087084148728	0.226061204344	0.123300970874	0.113262342691	0.254201680672
73	0	0.0	0.0	0.0	0.0	0.0
74	0	0.0	0.137862137862	0.0	0.0	0.164179104478
75	0	0.0	0.146974063401	0.0	0.0	0.158667972576
76	0	0.0929549902153	0.21546961326	0.133126934985	0.13326848249	0.278904665314
77	0	0.1318359375	0.126494023904	0.19416498994	0.0	0.0957336108221
78	0	0.0	0.0	0.0	0.0	0.0
79	0	0.0	0.148219441771	0.0	0.0	0.1611328125
80	0	0.0918367346939	0.219123505976	0.118395303327	0.115463917526	0.257359924027
81	0	0.222660098522	0.223340040241	0.308308308308	0.114722753346	0.25
82	0	0.0960566228514	0.220456802383	0.114851485149	0.116370808679	0.255415162455
83	0	0.0	0.122287968442	0.0	0.0	0.152977412731
84	0	0.508808290155	0.492163009404	0.517802644964	0.49419729207	0.408
85	0	0.104270109235	0.228517469311	0.124109867752	0.124015748031	0.249478079332
86	0	0.0	0.0	0.0	0.0	0.0
87	0	0.0	0.122718052738	0.0	0.0	0.144240077444
88	0	0.198974358974	0.229061553986	0.296956977964	0.112130479103	0.26586102719
89	0	0.0	0.0	0.0	0.0	0.0812757201646
90	0	0.263520157325	0.243639921722	0.310380267215	0.118730808598	0.256262042389
91	0	0.0934761441091	0.239532619279	0.123287671233	0.115423901941	0.271102284012
92	0	0.0	0.127766599598	0.0	0.0	0.148936170213
93	0	0.0934119960669	0.218503937008	0.132518796992	0.116666666667	0.275332650972
94	0	0.485097636177	0.492477432297	0.49648241206	0.50049652433	0.422
95	0	0.0	0.0	0.0	0.0	0.0
96	0	0.257261410788	0.236438075742	0.314725697786	0.12427184466	0.257575757576
97	0	0.0	0.0	0.0	0.0	0.0
98	0	0.0	0.0	0.0	0.0	0.0
99	0	0.0	0.0	0.0	0.0	0.0
