#chr	position	description	normal	sample0	sample1	sample2	sample3	sample4
1	1	1	0	0.0	0.0990099009901	0.0	0.0	0.0
2	1	1	0	0.0	0.0	0.0	0.159574468085	0.0
3	1	1	0	0.0	0.0	0.0	0.0	0.0
4	1	1	0	0.0	0.0	0.0	0.0	0.0
5	1	1	0	0.0	0.123711340206	0.26	0.27	0.304347826087
6	1	1	0	0.0	0.0	0.0	0.0	0.153846153846
7	1	1	0	0.294871794872	0.0	0.0	0.0	0.0
8	1	1	0	0.0	0.0	0.0	0.164948453608	0.0
9	1	1	0	0.0	0.0	0.0	0.0	0.0
10	1	1	0	0.284210526316	0.0	0.0	0.0	0.0
11	1	1	0	0.0	0.0	0.0	0.16	0.0
12	1	1	0	0.0	0.151162790698	0.237113402062	0.0	0.0
13	1	1	0	0.0	0.0	0.0	0.0	0.0
14	1	1	0	0.0	0.141414141414	0.244897959184	0.0	0.100917431193
15	1	1	0	0.0	0.120689655172	0.27619047619	0.0909090909091	0.310344827586
16	1	1	0	0.0	0.0	0.0	0.0	0.0
17	1	1	0	0.0	0.0	0.0	0.0	0.0
18	1	1	0	0.0	0.0	0.0	0.0	0.0
19	1	1	0	0.0	0.0	0.0	0.117021276596	0.0
20	1	1	0	0.0	0.0	0.0	0.0	0.0
21	1	1	0	0.0	0.0515463917526	0.0	0.131868131868	0.0
22	1	1	0	0.0	0.0	0.0	0.0	0.0
23	1	1	0	0.504587155963	0.162162162162	0.0	0.141414141414	0.166666666667
24	1	1	0	0.41	0.0	0.0	0.0	0.0
25	1	1	0	0.494623655914	0.10752688172	0.0	0.194174757282	0.122222222222
26	1	1	0	0.0	0.141509433962	0.0	0.108695652174	0.0
27	1	1	0	0.0	0.0	0.290598290598	0.0	0.0
28	1	1	0	0.0	0.0	0.0	0.0	0.0
29	1	1	0	0.39175257732	0.0952380952381	0.0	0.0	0.0
30	1	1	0	0.0	0.106382978723	0.0	0.121739130435	0.0
31	1	1	0	0.0	0.0833333333333	0.0	0.0	0.0
32	1	1	0	0.0	0.103448275862	0.0	0.0882352941176	0.0
33	1	1	0	0.550561797753	0.133333333333	0.0	0.0	0.0
34	1	1	0	0.0	0.239130434783	0.321739130435	0.0	0.0
35	1	1	0	0.0	0.0	0.301075268817	0.0	0.0
36	1	1	0	0.540229885057	0.155963302752	0.0	0.0978260869565	0.188118811881
37	1	1	0	0.588235294118	0.108108108108	0.0	0.0	0.0
38	1	1	0	0.0	0.241379310345	0.220183486239	0.245454545455	0.409090909091
39	1	1	0	0.0	0.0	0.0	0.0757575757576	0.10843373494
40	1	1	0	0.0	0.0	0.0	0.0	0.0
41	1	1	0	0.292929292929	0.0	0.0	0.0	0.0
42	1	1	0	0.0	0.0	0.0	0.175675675676	0.0
43	1	1	0	0.0	0.154545454545	0.259259259259	0.0	0.142857142857
44	1	1	0	0.505376344086	0.389312977099	0.504424778761	0.555555555556	0.402298850575
45	1	1	0	0.0	0.0	0.0	0.0	0.0
46	1	1	0	0.0	0.0	0.0	0.0	0.0
47	1	1	0	0.0	0.0366972477064	0.0	0.0	0.0
48	1	1	0	0.0	0.135416666667	0.285714285714	0.0	0.0
49	1	1	0	0.0	0.0947368421053	0.247191011236	0.0	0.0
50	1	1	0	0.0	0.0740740740741	0.0	0.0	0.0
51	1	1	0	0.0	0.114285714286	0.213483146067	0.0	0.202380952381
52	1	1	0	0.0	0.08	0.224489795918	0.0581395348837	0.28125
53	1	1	0	0.0	0.0	0.0	0.0	0.0
54	1	1	0	0.384615384615	0.144578313253	0.0	0.171171171171	0.227272727273
55	1	1	0	0.0	0.0	0.330357142857	0.0	0.0
56	1	1	0	0.235849056604	0.140186915888	0.0	0.0	0.0
57	1	1	0	0.0	0.137096774194	0.166666666667	0.070796460177	0.309734513274
58	1	1	0	0.0	0.0	0.0	0.0	0.0
59	1	1	0	0.514563106796	0.157407407407	0.0	0.0	0.0
60	1	1	0	0.51376146789	0.15306122449	0.0	0.0	0.0
61	1	1	0	0.0	0.0	0.0	0.0	0.0
62	1	1	0	0.0	0.0	0.0	0.170212765957	0.0
63	1	1	0	0.269662921348	0.0	0.0	0.0	0.0
64	1	1	0	0.0	0.0	0.0	0.0	0.0
65	1	1	0	0.556603773585	0.104761904762	0.0	0.229166666667	0.132743362832
66	1	1	0	0.243243243243	0.171717171717	0.0	0.0	0.0
67	1	1	0	0.382716049383	0.0	0.0	0.0	0.0
68	1	1	0	0.418181818182	0.359649122807	0.190476190476	0.357798165138	0.483050847458
69	1	1	0	0.0	0.0842105263158	0.25	0.0625	0.282828282828
70	1	1	0	0.0	0.0	0.0	0.0900900900901	0.209523809524
71	1	1	0	0.0	0.0	0.0	0.0	0.0
72	1	1	0	0.0	0.237113402062	0.300970873786	0.348214285714	0.358490566038
73	1	1	0	0.0	0.117021276596	0.13829787234	0.0666666666667	0.229885057471
74	1	1	0	0.564356435644	0.560344827586	0.521367521368	0.558558558559	0.601769911504
75	1	1	0	0.0	0.222222222222	0.287356321839	0.371134020619	0.316326530612
76	1	1	0	0.0	0.0	0.0	0.0	0.0
77	1	1	0	0.0	0.0	0.230769230769	0.0	0.0
78	1	1	0	0.516483516484	0.0918367346939	0.0	0.229357798165	0.186274509804
79	1	1	0	0.0	0.186813186813	0.219047619048	0.351351351351	0.373831775701
80	1	1	0	0.0	0.0631578947368	0.0	0.0	0.0
81	1	1	0	0.0	0.142857142857	0.316326530612	0.0	0.0
82	1	1	0	0.0	0.0	0.0	0.105263157895	0.0
83	1	1	0	0.0	0.0	0.0	0.0	0.0
84	1	1	0	0.0	0.0	0.0	0.137254901961	0.0
85	1	1	0	0.494505494505	0.182795698925	0.0	0.114942528736	0.183673469388
86	1	1	0	0.0	0.27380952381	0.208791208791	0.306930693069	0.27
87	1	1	0	0.40625	0.0	0.0	0.0	0.0
88	1	1	0	0.0	0.0	0.0	0.0769230769231	0.0
89	1	1	0	0.0	0.0	0.0	0.0	0.0
90	1	1	0	0.0	0.0	0.0	0.0	0.0
91	1	1	0	0.0	0.0	0.0	0.0	0.0
92	1	1	0	0.0	0.16091954023	0.23595505618	0.0	0.0
93	1	1	0	0.0	0.0	0.0	0.063829787234	0.0
94	1	1	0	0.0	0.0	0.0	0.0	0.0
95	1	1	0	0.0	0.0	0.0	0.0	0.0
96	1	1	0	0.303370786517	0.0	0.0	0.0	0.0
97	1	1	0	0.0	0.0776699029126	0.177083333333	0.0918367346939	0.339285714286
98	1	1	0	0.0	0.121495327103	0.212765957447	0.0892857142857	0.32
99	1	1	0	0.0	0.0	0.0	0.0	0.0
100	1	1	0	0.0	0.0	0.0	0.0	0.0
101	1	1	0	0.0	0.144230769231	0.266666666667	0.0	0.0
102	1	1	0	0.376344086022	0.184466019417	0.0	0.0	0.0
103	1	1	0	0.212765957447	0.0	0.0	0.0	0.0
104	1	1	0	0.0	0.0	0.0	0.0	0.0
105	1	1	0	0.0	0.0	0.0	0.0	0.0
106	1	1	0	0.495412844037	0.0792079207921	0.0	0.0	0.0
107	1	1	0	0.0	0.121739130435	0.31	0.0	0.0
108	1	1	0	0.0	0.0	0.0	0.158878504673	0.0
109	1	1	0	0.0	0.0	0.0	0.0	0.0
110	1	1	0	0.0	0.0961538461538	0.3	0.0	0.0
111	1	1	0	0.0	0.112244897959	0.2625	0.0	0.147727272727
112	1	1	0	0.0	0.169811320755	0.25	0.0	0.0
113	1	1	0	0.28431372549	0.0	0.0	0.0	0.0
114	1	1	0	0.25	0.106194690265	0.0	0.0	0.0
115	1	1	0	0.0	0.0810810810811	0.222222222222	0.0490196078431	0.316326530612
116	1	1	0	0.0	0.0	0.288461538462	0.0	0.0
117	1	1	0	0.545454545455	0.581818181818	0.490740740741	0.515151515152	0.573913043478
118	1	1	0	0.0	0.0	0.255555555556	0.0	0.0
119	1	1	0	0.577777777778	0.144230769231	0.0	0.0	0.0
120	1	1	0	0.0	0.122641509434	0.150442477876	0.0	0.104166666667
121	1	1	0	0.0	0.0842105263158	0.185567010309	0.139784946237	0.398058252427
122	1	1	0	0.0	0.0	0.0	0.0	0.0
123	1	1	0	0.485981308411	0.158415841584	0.0	0.0	0.0
124	1	1	0	0.0	0.152941176471	0.255319148936	0.0	0.0
125	1	1	0	0.418803418803	0.09375	0.0	0.0	0.0
126	1	1	0	0.0	0.0679611650485	0.223404255319	0.10752688172	0.322580645161
127	1	1	0	0.423529411765	0.168421052632	0.0	0.139784946237	0.198113207547
128	1	1	0	0.0	0.0808080808081	0.245098039216	0.0869565217391	0.294117647059
129	1	1	0	0.0	0.116071428571	0.205882352941	0.0	0.205128205128
130	1	1	0	0.514851485149	0.12	0.0	0.15	0.15873015873
131	1	1	0	0.0	0.186813186813	0.236842105263	0.0	0.0
132	1	1	0	0.0	0.0	0.0	0.0	0.0
133	1	1	0	0.0	0.0	0.0	0.0	0.0
134	1	1	0	0.273684210526	0.0	0.0	0.0	0.0
135	1	1	0	0.0	0.18	0.2	0.4	0.317307692308
136	1	1	0	0.531531531532	0.25	0.0	0.106382978723	0.168224299065
137	1	1	0	0.0	0.103773584906	0.0	0.0	0.0
138	1	1	0	0.0	0.0	0.0	0.0	0.0
139	1	1	0	0.0	0.0	0.222222222222	0.0	0.0
140	1	1	0	0.481818181818	0.157407407407	0.0	0.0	0.0
141	1	1	0	0.0	0.163043478261	0.152	0.0454545454545	0.326732673267
142	1	1	0	0.0	0.105263157895	0.2	0.0	0.203883495146
143	1	1	0	0.0	0.0	0.0	0.0	0.0
144	1	1	0	0.0	0.137254901961	0.349514563107	0.0	0.0
145	1	1	0	0.546511627907	0.107843137255	0.0	0.126050420168	0.175
146	1	1	0	0.0	0.0	0.0	0.0	0.0
147	1	1	0	0.0	0.0729166666667	0.153846153846	0.0686274509804	0.341666666667
148	1	1	0	0.0	0.113402061856	0.241758241758	0.104166666667	0.291262135922
149	1	1	0	0.0	0.0	0.0	0.0232558139535	0.0
150	1	1	0	0.0	0.0	0.0	0.0	0.0
151	1	1	0	0.0	0.0	0.0	0.0	0.0
152	1	1	0	0.0	0.0	0.0	0.0	0.0
153	1	1	0	0.0	0.118181818182	0.0	0.0961538461538	0.0
154	1	1	0	0.283018867925	0.0	0.0	0.0	0.0
155	1	1	0	0.0	0.0833333333333	0.212765957447	0.04	0.25
156	1	1	0	0.0	0.0	0.0	0.0	0.0
157	1	1	0	0.0	0.0	0.0	0.112903225806	0.0
158	1	1	0	0.0	0.0	0.0	0.131868131868	0.0
159	1	1	0	0.0	0.0	0.0	0.0	0.0
160	1	1	0	0.0	0.151515151515	0.247619047619	0.03125	0.355140186916
161	1	1	0	0.0	0.0	0.0	0.0	0.0
162	1	1	0	0.0	0.145631067961	0.245098039216	0.0	0.0
163	1	1	0	0.0	0.15	0.14	0.0	0.163265306122
164	1	1	0	0.322222222222	0.0	0.0	0.0	0.0
165	1	1	0	0.0	0.192307692308	0.247422680412	0.24	0.308510638298
166	1	1	0	0.0	0.20652173913	0.0	0.0	0.0
167	1	1	0	0.0	0.103092783505	0.0	0.14	0.0
168	1	1	0	0.534653465347	0.142857142857	0.0	0.0	0.0
169	1	1	0	0.0	0.172727272727	0.0	0.0	0.0
170	1	1	0	0.0	0.0	0.0	0.0	0.0
171	1	1	0	0.0	0.125	0.0	0.0	0.0
172	1	1	0	0.0	0.145299145299	0.168421052632	0.0	0.157894736842
173	1	1	0	0.448979591837	0.0967741935484	0.0	0.0	0.0
174	1	1	0	0.0	0.102803738318	0.242718446602	0.0	0.19801980198
175	1	1	0	0.0	0.0	0.0	0.0	0.0
176	1	1	0	0.47191011236	0.118811881188	0.0	0.0	0.0
177	1	1	0	0.0	0.0873786407767	0.0	0.118279569892	0.0
178	1	1	0	0.0	0.114942528736	0.150537634409	0.10752688172	0.367924528302
179	1	1	0	0.0	0.0	0.0	0.0705882352941	0.16
180	1	1	0	0.22641509434	0.0	0.0	0.0	0.0
181	1	1	0	0.0	0.0	0.0	0.0	0.0
182	1	1	0	0.0	0.0	0.0	0.0	0.0
183	1	1	0	0.0	0.0	0.0	0.0	0.0
184	1	1	0	0.0	0.229357798165	0.161290322581	0.388235294118	0.298076923077
185	1	1	0	0.0	0.0	0.0	0.0	0.0
186	1	1	0	0.0	0.261682242991	0.221153846154	0.287356321839	0.333333333333
187	1	1	0	0.0	0.221052631579	0.163636363636	0.40404040404	0.314285714286
188	1	1	0	0.0	0.152380952381	0.265486725664	0.0	0.0
189	1	1	0	0.0	0.0	0.0	0.0	0.0
190	1	1	0	0.0	0.15306122449	0.266666666667	0.0	0.188034188034
191	1	1	0	0.407407407407	0.368421052632	0.243243243243	0.343137254902	0.543689320388
192	1	1	0	0.0	0.0888888888889	0.272727272727	0.107843137255	0.313725490196
193	1	1	0	0.485436893204	0.138613861386	0.0	0.0	0.0
194	1	1	0	0.564102564103	0.106194690265	0.0	0.0	0.0
195	1	1	0	0.0	0.0851063829787	0.181818181818	0.0	0.183486238532
196	1	1	0	0.27	0.0	0.0	0.0	0.0
197	1	1	0	0.529411764706	0.111111111111	0.0	0.0	0.0
198	1	1	0	0.0	0.125	0.20618556701	0.0679611650485	0.382716049383
199	1	1	0	0.469387755102	0.18	0.0	0.0	0.0
200	1	1	0	0.0	0.113402061856	0.165137614679	0.11214953271	0.285714285714
201	1	1	0	0.0	0.126126126126	0.261363636364	0.0	0.0
202	1	1	0	0.0	0.0	0.0	0.0	0.0
203	1	1	0	0.0	0.12380952381	0.0	0.0	0.0
204	1	1	0	0.0	0.0	0.0	0.0	0.0
205	1	1	0	0.0	0.121212121212	0.145631067961	0.111111111111	0.360824742268
206	1	1	0	0.463917525773	0.141176470588	0.0	0.0	0.0
207	1	1	0	0.0	0.121495327103	0.0	0.0882352941176	0.0
208	1	1	0	0.0	0.125	0.368421052632	0.0	0.0
209	1	1	0	0.0	0.0	0.0	0.0	0.0
210	1	1	0	0.0	0.0	0.0	0.0	0.0
211	1	1	0	0.0	0.189873417722	0.26213592233	0.0	0.0
212	1	1	0	0.536842105263	0.312	0.221052631579	0.34188034188	0.542056074766
213	1	1	0	0.0	0.14606741573	0.0	0.137931034483	0.0
214	1	1	0	0.0	0.0	0.264150943396	0.0	0.0
215	1	1	0	0.0	0.0	0.232323232323	0.0	0.0
216	1	1	0	0.0	0.128712871287	0.260869565217	0.112244897959	0.459770114943
217	1	1	0	0.0	0.177777777778	0.28	0.153846153846	0.361111111111
218	1	1	0	0.0	0.0841121495327	0.209523809524	0.0	0.137614678899
219	1	1	0	0.307692307692	0.0	0.0	0.0	0.0
220	1	1	0	0.0	0.0	0.0	0.0	0.0
221	1	1	0	0.0	0.159090909091	0.161616161616	0.0	0.184782608696
222	1	1	0	0.264367816092	0.0	0.0	0.0	0.0
223	1	1	0	0.0	0.0	0.0	0.0	0.0
224	1	1	0	0.588785046729	0.185567010309	0.0	0.0	0.0
225	1	1	0	0.0	0.0	0.0	0.0	0.0
226	1	1	0	0.0	0.0609756097561	0.212121212121	0.119565217391	0.340206185567
227	1	1	0	0.550847457627	0.164835164835	0.0	0.0	0.0
228	1	1	0	0.0	0.1	0.0	0.0	0.0
229	1	1	0	0.0	0.122222222222	0.214285714286	0.0	0.131868131868
230	1	1	0	0.0	0.157024793388	0.32	0.0	0.0
231	1	1	0	0.207207207207	0.0	0.0	0.0	0.0
232	1	1	0	0.0	0.0	0.341463414634	0.0	0.0
233	1	1	0	0.0	0.110169491525	0.297872340426	0.04	0.333333333333
234	1	1	0	0.0	0.123595505618	0.0	0.09375	0.0
235	1	1	0	0.448275862069	0.148514851485	0.0	0.0	0.0
236	1	1	0	0.0	0.0	0.0	0.132530120482	0.0
237	1	1	0	0.0	0.0	0.0	0.0	0.0
238	1	1	0	0.0	0.0833333333333	0.191011235955	0.0921052631579	0.366666666667
239	1	1	0	0.5	0.158415841584	0.0	0.0	0.0
240	1	1	0	0.0	0.0	0.0	0.0	0.112244897959
241	1	1	0	0.0	0.0	0.0	0.0	0.0
242	1	1	0	0.0	0.0	0.301886792453	0.0	0.0
243	1	1	0	0.292134831461	0.0	0.0	0.0	0.0
244	1	1	0	0.0	0.0	0.0	0.0	0.0
245	1	1	0	0.0	0.0470588235294	0.0	0.103092783505	0.0
246	1	1	0	0.0	0.19587628866	0.166666666667	0.283018867925	0.34
247	1	1	0	0.0	0.0	0.0	0.0	0.0
248	1	1	0	0.5390625	0.16049382716	0.0	0.0873786407767	0.211538461538
249	1	1	0	0.0	0.0963855421687	0.295238095238	0.0	0.0
250	1	1	0	0.255813953488	0.0	0.0	0.0	0.0
251	1	1	0	0.0	0.0	0.0	0.137614678899	0.0
252	1	1	0	0.469565217391	0.09	0.0	0.0	0.0
253	1	1	0	0.301075268817	0.0	0.0	0.0	0.0
254	1	1	0	0.0	0.0786516853933	0.20202020202	0.0961538461538	0.34
255	1	1	0	0.0	0.106796116505	0.0	0.0	0.0
256	1	1	0	0.0	0.0	0.0	0.0	0.0
257	1	1	0	0.0	0.0	0.0	0.0	0.0
258	1	1	0	0.0	0.240740740741	0.0	0.0	0.0
259	1	1	0	0.0	0.0	0.0	0.126213592233	0.0
260	1	1	0	0.0	0.136842105263	0.18	0.0	0.150943396226
261	1	1	0	0.0	0.134020618557	0.26	0.0	0.0
262	1	1	0	0.528846153846	0.0632911392405	0.0	0.0	0.0
263	1	1	0	0.0	0.114035087719	0.2	0.0421052631579	0.320388349515
264	1	1	0	0.0	0.0	0.0	0.0	0.0
265	1	1	0	0.441441441441	0.113402061856	0.0	0.0	0.0
266	1	1	0	0.0	0.0	0.0	0.136842105263	0.0
267	1	1	0	0.268041237113	0.0	0.0	0.0	0.0
268	1	1	0	0.0	0.0851063829787	0.191919191919	0.0	0.142857142857
269	1	1	0	0.0	0.0	0.0	0.0	0.0
270	1	1	0	0.0	0.125	0.262626262626	0.0	0.0
271	1	1	0	0.472	0.181818181818	0.0	0.0	0.0
272	1	1	0	0.0	0.0752688172043	0.169230769231	0.0	0.172043010753
273	1	1	0	0.0	0.04	0.0	0.0	0.0
274	1	1	0	0.0	0.0909090909091	0.174757281553	0.0769230769231	0.391304347826
275	1	1	0	0.0	0.0	0.0	0.0	0.0
276	1	1	0	0.0	0.121212121212	0.205882352941	0.0	0.159574468085
277	1	1	0	0.52427184466	0.122222222222	0.0	0.145631067961	0.172043010753
278	1	1	0	0.356435643564	0.0	0.0	0.0	0.0
279	1	1	0	0.0	0.117647058824	0.233009708738	0.0	0.129310344828
280	1	1	0	0.280898876404	0.0	0.0	0.0	0.0
281	1	1	0	0.0	0.0	0.0	0.0	0.0
282	1	1	0	0.0	0.147368421053	0.295918367347	0.0	0.0
283	1	1	0	0.460674157303	0.123966942149	0.0	0.186813186813	0.19512195122
284	1	1	0	0.0	0.0	0.0	0.0	0.0
285	1	1	0	0.0	0.0	0.0	0.0693069306931	0.186991869919
286	1	1	0	0.55421686747	0.127450980392	0.0	0.0	0.0
287	1	1	0	0.258064516129	0.0	0.0	0.0	0.0
288	1	1	0	0.0	0.0891089108911	0.189189189189	0.0	0.149425287356
289	1	1	0	0.0	0.202127659574	0.32380952381	0.0	0.0
290	1	1	0	0.0	0.0	0.0	0.151515151515	0.0
291	1	1	0	0.0	0.0	0.0	0.0	0.0
292	1	1	0	0.542056074766	0.0957446808511	0.0	0.0	0.0
293	1	1	0	0.0	0.0	0.0	0.0	0.0
294	1	1	0	0.0	0.173913043478	0.268041237113	0.0	0.0
295	1	1	0	0.0	0.0	0.0	0.0	0.0
296	1	1	0	0.0	0.155737704918	0.311827956989	0.0	0.0
297	1	1	0	0.0	0.0	0.0	0.0	0.0
298	1	1	0	0.522935779817	0.395348837209	0.254901960784	0.35	0.470588235294
299	1	1	0	0.521276595745	0.132231404959	0.0	0.0	0.0
300	1	1	0	0.0	0.0	0.303370786517	0.0	0.0
