#chr	position	description	normal	sample0	sample1	sample2	sample3	sample4
1	1	1	0	0.0	0.0	0.0	0.0	0.0645161290323
2	1	1	0	0.577777777778	0.47191011236	0.423076923077	0.388888888889	0.553398058252
3	1	1	0	0.0	0.0	0.14606741573	0.0	0.0
4	1	1	0	0.339285714286	0.551724137931	0.154545454545	0.293577981651	0.254385964912
5	1	1	0	0.0	0.0	0.0989010989011	0.239583333333	0.0
6	1	1	0	0.0	0.0	0.0	0.0	0.0
7	1	1	0	0.0	0.0	0.0	0.0	0.142857142857
8	1	1	0	0.266666666667	0.601769911504	0.106382978723	0.30612244898	0.274336283186
9	1	1	0	0.0	0.268907563025	0.0	0.0	0.0
10	1	1	0	0.0	0.0	0.0	0.0	0.0
11	1	1	0	0.0	0.0	0.0	0.0	0.0
12	1	1	0	0.0	0.0	0.0	0.0	0.0
13	1	1	0	0.0	0.0	0.0	0.0	0.0
14	1	1	0	0.407079646018	0.45871559633	0.52380952381	0.524752475248	0.508928571429
15	1	1	0	0.0	0.0	0.177777777778	0.163636363636	0.0
16	1	1	0	0.519230769231	0.527272727273	0.116071428571	0.277227722772	0.284403669725
17	1	1	0	0.293103448276	0.242718446602	0.0	0.207317073171	0.135135135135
18	1	1	0	0.0	0.0	0.0865384615385	0.216666666667	0.0
19	1	1	0	0.0	0.0	0.0	0.0	0.0
20	1	1	0	0.307692307692	0.431578947368	0.144329896907	0.39175257732	0.196581196581
21	1	1	0	0.0	0.0	0.0891089108911	0.0	0.0
22	1	1	0	0.0	0.0	0.175824175824	0.15	0.0
23	1	1	0	0.357798165138	0.454545454545	0.0934579439252	0.348314606742	0.211538461538
24	1	1	0	0.132653061224	0.23	0.0	0.130434782609	0.0
25	1	1	0	0.0	0.0	0.0	0.0	0.0
26	1	1	0	0.463917525773	0.49	0.128440366972	0.346534653465	0.0721649484536
27	1	1	0	0.0	0.0	0.0967741935484	0.172131147541	0.0
28	1	1	0	0.322222222222	0.367088607595	0.0	0.323232323232	0.197802197802
29	1	1	0	0.0	0.0	0.0	0.0	0.0
30	1	1	0	0.0	0.0	0.0	0.0	0.129411764706
31	1	1	0	0.0	0.0	0.0	0.0	0.118181818182
32	1	1	0	0.0	0.0	0.168316831683	0.0	0.0
33	1	1	0	0.0	0.0	0.166666666667	0.177570093458	0.0
34	1	1	0	0.0	0.0	0.0	0.0	0.0
35	1	1	0	0.0	0.0	0.0	0.0	0.114285714286
36	1	1	0	0.0	0.0	0.0	0.0	0.0
37	1	1	0	0.532110091743	0.528735632184	0.405063291139	0.45652173913	0.5
38	1	1	0	0.0	0.0	0.0	0.0	0.0
39	1	1	0	0.527472527473	0.48275862069	0.577777777778	0.444444444444	0.482352941176
40	1	1	0	0.0	0.0	0.0	0.0	0.0
41	1	1	0	0.0	0.0	0.153153153153	0.202127659574	0.0
42	1	1	0	0.0	0.0	0.0	0.0	0.0
43	1	1	0	0.0	0.0	0.111111111111	0.0	0.0
44	1	1	0	0.0	0.0	0.12380952381	0.204301075269	0.0
45	1	1	0	0.160714285714	0.294871794872	0.0	0.0	0.0
46	1	1	0	0.0	0.0	0.150537634409	0.173913043478	0.0
47	1	1	0	0.0	0.0	0.0	0.0	0.0
48	1	1	0	0.185567010309	0.264705882353	0.0	0.0537634408602	0.0
49	1	1	0	0.0	0.0	0.0	0.0	0.0
50	1	1	0	0.0	0.0	0.0	0.0	0.0
51	1	1	0	0.0	0.0	0.0	0.0	0.137096774194
52	1	1	0	0.0	0.189189189189	0.0	0.0	0.0
53	1	1	0	0.0	0.237623762376	0.0	0.0	0.0
54	1	1	0	0.0	0.0	0.0	0.108333333333	0.0
55	1	1	0	0.563106796117	0.468085106383	0.54347826087	0.539325842697	0.561904761905
56	1	1	0	0.31	0.255319148936	0.0	0.336633663366	0.152173913043
57	1	1	0	0.545454545455	0.474226804124	0.0879120879121	0.339130434783	0.144144144144
58	1	1	0	0.0	0.0	0.0	0.0	0.0
59	1	1	0	0.0	0.254716981132	0.0	0.0	0.0
60	1	1	0	0.0	0.0	0.0	0.0	0.0
61	1	1	0	0.0	0.161290322581	0.0	0.0	0.0
62	1	1	0	0.0	0.0	0.0	0.0	0.0
63	1	1	0	0.0	0.0	0.0	0.0	0.0
64	1	1	0	0.14	0.349514563107	0.0	0.326086956522	0.155555555556
65	1	1	0	0.159574468085	0.27380952381	0.0	0.355263157895	0.157894736842
66	1	1	0	0.527272727273	0.5	0.118811881188	0.278350515464	0.203883495146
67	1	1	0	0.0	0.0	0.0686274509804	0.0	0.0
68	1	1	0	0.464646464646	0.45652173913	0.511627906977	0.509433962264	0.457446808511
69	1	1	0	0.0	0.0	0.0	0.1625	0.0
70	1	1	0	0.0	0.0	0.171171171171	0.0	0.0
71	1	1	0	0.0	0.0	0.0	0.0	0.0
72	1	1	0	0.267326732673	0.467391304348	0.0825688073394	0.288659793814	0.204081632653
73	1	1	0	0.0	0.0	0.0	0.195402298851	0.0
74	1	1	0	0.0	0.232323232323	0.0	0.0	0.0
75	1	1	0	0.0	0.0	0.0	0.119565217391	0.0
76	1	1	0	0.14	0.260416666667	0.0	0.27	0.172413793103
77	1	1	0	0.0	0.0	0.0	0.0	0.0
78	1	1	0	0.0	0.0	0.0	0.0	0.0
79	1	1	0	0.0	0.0	0.150442477876	0.0	0.0
80	1	1	0	0.452380952381	0.438775510204	0.145833333333	0.336842105263	0.209523809524
81	1	1	0	0.0	0.0	0.0	0.0	0.0
82	1	1	0	0.0	0.285714285714	0.0	0.0	0.0
83	1	1	0	0.0	0.0	0.19	0.126213592233	0.0
84	1	1	0	0.151515151515	0.210526315789	0.0	0.224299065421	0.148760330579
85	1	1	0	0.20618556701	0.0	0.0	0.0	0.0
86	1	1	0	0.27619047619	0.483146067416	0.140350877193	0.274509803922	0.330188679245
87	1	1	0	0.495238095238	0.436781609195	0.161616161616	0.294117647059	0.175824175824
88	1	1	0	0.0	0.0	0.0	0.0	0.0
89	1	1	0	0.0	0.0	0.0	0.0	0.152173913043
90	1	1	0	0.261904761905	0.282608695652	0.0	0.310344827586	0.164835164835
91	1	1	0	0.0	0.192771084337	0.0	0.0	0.0
92	1	1	0	0.0	0.0	0.0	0.0	0.0818181818182
93	1	1	0	0.514018691589	0.510416666667	0.0526315789474	0.333333333333	0.0919540229885
94	1	1	0	0.122448979592	0.281553398058	0.0	0.295918367347	0.166666666667
95	1	1	0	0.558823529412	0.431578947368	0.0934579439252	0.383838383838	0.171717171717
96	1	1	0	0.0	0.0	0.173913043478	0.186046511628	0.0
97	1	1	0	0.493150684932	0.534653465347	0.494949494949	0.447619047619	0.532608695652
98	1	1	0	0.0	0.0	0.0	0.244897959184	0.185185185185
99	1	1	0	0.0	0.0	0.0	0.0982142857143	0.0
100	1	1	0	0.0	0.0	0.0	0.20202020202	0.119658119658
101	1	1	0	0.0	0.0	0.0	0.0	0.141509433962
102	1	1	0	0.0	0.0	0.0721649484536	0.0	0.0
103	1	1	0	0.0	0.0	0.0	0.0	0.0
104	1	1	0	0.0	0.0	0.0	0.0	0.0
105	1	1	0	0.0	0.0	0.0	0.0	0.0
106	1	1	0	0.351351351351	0.274509803922	0.0	0.384615384615	0.116279069767
107	1	1	0	0.315384615385	0.444444444444	0.132653061224	0.306818181818	0.314285714286
108	1	1	0	0.204301075269	0.30303030303	0.0	0.125	0.0
109	1	1	0	0.546391752577	0.447619047619	0.485981308411	0.47619047619	0.463917525773
110	1	1	0	0.542372881356	0.570175438596	0.487394957983	0.47311827957	0.538461538462
111	1	1	0	0.0	0.0	0.0	0.0	0.102272727273
112	1	1	0	0.0	0.0	0.0	0.0	0.0
113	1	1	0	0.318681318681	0.584269662921	0.118181818182	0.336363636364	0.234567901235
114	1	1	0	0.0	0.0	0.111111111111	0.0	0.0
115	1	1	0	0.0	0.0	0.0	0.0	0.0
116	1	1	0	0.0	0.0	0.238095238095	0.156862745098	0.136363636364
117	1	1	0	0.0	0.0	0.0	0.0	0.0
118	1	1	0	0.0	0.0	0.0	0.0	0.0
119	1	1	0	0.0	0.0	0.0	0.0	0.0
120	1	1	0	0.0	0.0	0.104651162791	0.0	0.0
121	1	1	0	0.269662921348	0.0	0.0	0.0	0.0
122	1	1	0	0.0	0.0	0.147058823529	0.0	0.0
123	1	1	0	0.0	0.0	0.0	0.0	0.151785714286
124	1	1	0	0.477477477477	0.465346534653	0.444444444444	0.494505494505	0.468253968254
125	1	1	0	0.0	0.0	0.0	0.0	0.0
126	1	1	0	0.168316831683	0.0	0.0	0.0	0.0
127	1	1	0	0.514018691589	0.533980582524	0.131868131868	0.305263157895	0.173469387755
128	1	1	0	0.49504950495	0.461538461538	0.484848484848	0.55	0.547169811321
129	1	1	0	0.0	0.0	0.0	0.0	0.0
130	1	1	0	0.0	0.0	0.0	0.0	0.156862745098
131	1	1	0	0.260416666667	0.533333333333	0.114942528736	0.289156626506	0.377952755906
132	1	1	0	0.0	0.0	0.0	0.140350877193	0.209523809524
133	1	1	0	0.241379310345	0.240740740741	0.0	0.364583333333	0.151260504202
134	1	1	0	0.509090909091	0.510638297872	0.168224299065	0.318181818182	0.0927835051546
135	1	1	0	0.0	0.0	0.0	0.0	0.0
136	1	1	0	0.0	0.0	0.0	0.0	0.0
137	1	1	0	0.0	0.0	0.0	0.0	0.0909090909091
138	1	1	0	0.128712871287	0.0	0.0	0.0	0.0
139	1	1	0	0.0	0.197802197802	0.0	0.0	0.0
140	1	1	0	0.0	0.0	0.0	0.0	0.122641509434
141	1	1	0	0.0	0.0	0.0	0.0	0.0
142	1	1	0	0.0	0.0	0.123711340206	0.0	0.0
143	1	1	0	0.384615384615	0.494623655914	0.177083333333	0.354545454545	0.12037037037
144	1	1	0	0.268041237113	0.483516483516	0.110091743119	0.378947368421	0.239316239316
145	1	1	0	0.0	0.0	0.118644067797	0.0	0.0
146	1	1	0	0.166666666667	0.240506329114	0.0	0.338709677419	0.122448979592
147	1	1	0	0.0	0.0	0.0	0.158878504673	0.135593220339
148	1	1	0	0.0	0.0	0.0	0.0	0.0
149	1	1	0	0.0	0.268518518519	0.0	0.0	0.0
150	1	1	0	0.146341463415	0.197674418605	0.0	0.0	0.0
151	1	1	0	0.0	0.0	0.11214953271	0.0	0.0
152	1	1	0	0.0	0.0	0.0	0.0	0.0
153	1	1	0	0.164948453608	0.316455696203	0.0	0.294117647059	0.137931034483
154	1	1	0	0.50495049505	0.527472527473	0.607843137255	0.454545454545	0.478723404255
155	1	1	0	0.181818181818	0.25	0.0	0.346534653465	0.19
156	1	1	0	0.0	0.0	0.0	0.185840707965	0.0
157	1	1	0	0.0	0.0	0.0	0.0	0.0
158	1	1	0	0.0	0.0	0.0	0.0	0.155172413793
159	1	1	0	0.266666666667	0.241758241758	0.0	0.301075268817	0.136842105263
160	1	1	0	0.483870967742	0.528846153846	0.063829787234	0.32380952381	0.21
161	1	1	0	0.0	0.0	0.0	0.0	0.117647058824
162	1	1	0	0.427272727273	0.588785046729	0.525252525253	0.536082474227	0.544444444444
163	1	1	0	0.129032258065	0.223300970874	0.0	0.333333333333	0.159292035398
164	1	1	0	0.0	0.0	0.0	0.0	0.0
165	1	1	0	0.0	0.0	0.104347826087	0.0	0.0
166	1	1	0	0.0	0.0	0.0	0.0	0.106796116505
167	1	1	0	0.0	0.0	0.0	0.0	0.0
168	1	1	0	0.451923076923	0.51724137931	0.51724137931	0.5	0.525
169	1	1	0	0.0	0.0	0.0	0.0	0.0
170	1	1	0	0.606060606061	0.533333333333	0.1	0.339449541284	0.230769230769
171	1	1	0	0.0	0.0	0.0	0.137931034483	0.0
172	1	1	0	0.0	0.166666666667	0.0	0.0	0.0
173	1	1	0	0.0	0.0	0.163636363636	0.194174757282	0.0
174	1	1	0	0.474747474747	0.480769230769	0.113402061856	0.308641975309	0.242718446602
175	1	1	0	0.191919191919	0.360824742268	0.0	0.214285714286	0.151515151515
176	1	1	0	0.0	0.0	0.120879120879	0.141414141414	0.0
177	1	1	0	0.51	0.48623853211	0.420454545455	0.50495049505	0.5
178	1	1	0	0.322580645161	0.19587628866	0.0	0.339622641509	0.147727272727
179	1	1	0	0.0	0.0	0.0	0.0	0.0
180	1	1	0	0.0	0.0	0.0	0.0	0.0
181	1	1	0	0.117021276596	0.318181818182	0.0	0.344444444444	0.151260504202
182	1	1	0	0.0	0.359649122807	0.0	0.0	0.0
183	1	1	0	0.0	0.0	0.0	0.0	0.0
184	1	1	0	0.0	0.0	0.0	0.0	0.0
185	1	1	0	0.0	0.0	0.0	0.0	0.0
186	1	1	0	0.0	0.0	0.0	0.12380952381	0.0
187	1	1	0	0.0	0.0	0.0	0.0	0.0
188	1	1	0	0.469565217391	0.468085106383	0.151898734177	0.377777777778	0.152380952381
189	1	1	0	0.0	0.0	0.093023255814	0.0	0.0
190	1	1	0	0.0	0.235849056604	0.0	0.0	0.0
191	1	1	0	0.0	0.211764705882	0.0	0.0	0.0
192	1	1	0	0.163043478261	0.31	0.0	0.330188679245	0.19
193	1	1	0	0.0	0.0	0.0666666666667	0.0	0.0
194	1	1	0	0.0	0.0	0.108910891089	0.201923076923	0.0
195	1	1	0	0.106382978723	0.326923076923	0.0	0.318181818182	0.168674698795
196	1	1	0	0.267441860465	0.474576271186	0.0882352941176	0.295238095238	0.245454545455
197	1	1	0	0.0	0.0	0.108333333333	0.0	0.0
198	1	1	0	0.0	0.0	0.0	0.0	0.0
199	1	1	0	0.493670886076	0.534090909091	0.155339805825	0.206611570248	0.297872340426
200	1	1	0	0.0	0.0	0.0843373493976	0.0	0.0
201	1	1	0	0.494845360825	0.494252873563	0.576086956522	0.434343434343	0.516949152542
202	1	1	0	0.0	0.0	0.0	0.0	0.0
203	1	1	0	0.127450980392	0.302325581395	0.0	0.291262135922	0.190909090909
204	1	1	0	0.0	0.0	0.0	0.07	0.0
205	1	1	0	0.155172413793	0.236363636364	0.0	0.432098765432	0.134615384615
206	1	1	0	0.0	0.0	0.0	0.0	0.158878504673
207	1	1	0	0.15	0.0	0.0	0.0	0.0
208	1	1	0	0.47	0.509803921569	0.120879120879	0.244444444444	0.198113207547
209	1	1	0	0.166666666667	0.230769230769	0.0	0.0	0.0
210	1	1	0	0.0	0.0	0.0	0.135922330097	0.0
211	1	1	0	0.0	0.0	0.0	0.0	0.0
212	1	1	0	0.0	0.0	0.0	0.0	0.0
213	1	1	0	0.0	0.0	0.222222222222	0.208695652174	0.0
214	1	1	0	0.0	0.0	0.0	0.0	0.148148148148
215	1	1	0	0.122448979592	0.318681318681	0.0	0.287234042553	0.204819277108
216	1	1	0	0.279069767442	0.505154639175	0.139784946237	0.252525252525	0.245098039216
217	1	1	0	0.0	0.0	0.0	0.0	0.114503816794
218	1	1	0	0.0	0.0	0.0	0.0	0.0
219	1	1	0	0.0	0.0	0.0	0.0	0.0
220	1	1	0	0.0	0.0	0.0	0.0	0.0
221	1	1	0	0.0	0.0	0.0	0.0	0.0
222	1	1	0	0.0	0.0	0.0	0.0	0.0
223	1	1	0	0.0	0.0	0.0	0.0	0.215189873418
224	1	1	0	0.0	0.0	0.0	0.0	0.0
225	1	1	0	0.0	0.0	0.0	0.0	0.102803738318
226	1	1	0	0.31914893617	0.5	0.0645161290323	0.303370786517	0.367924528302
227	1	1	0	0.518518518519	0.525252525253	0.533898305085	0.458333333333	0.456790123457
228	1	1	0	0.471428571429	0.392156862745	0.458823529412	0.465909090909	0.5
229	1	1	0	0.0	0.0	0.0	0.0	0.0
230	1	1	0	0.508928571429	0.481481481481	0.157407407407	0.360824742268	0.207920792079
231	1	1	0	0.1875	0.32	0.0	0.284403669725	0.177966101695
232	1	1	0	0.521008403361	0.486486486486	0.0729166666667	0.324561403509	0.371134020619
233	1	1	0	0.157303370787	0.228915662651	0.0	0.117021276596	0.0
234	1	1	0	0.0	0.0	0.0	0.0	0.0
235	1	1	0	0.25	0.569892473118	0.195652173913	0.329411764706	0.252427184466
236	1	1	0	0.157894736842	0.268041237113	0.0	0.339805825243	0.128712871287
237	1	1	0	0.0	0.0	0.0	0.0	0.0
238	1	1	0	0.0	0.0	0.0	0.0	0.0
239	1	1	0	0.504504504505	0.547169811321	0.490384615385	0.518987341772	0.563106796117
240	1	1	0	0.0	0.0	0.0	0.0	0.159090909091
241	1	1	0	0.0	0.0	0.0816326530612	0.0	0.0
242	1	1	0	0.0	0.268041237113	0.0	0.0	0.0
243	1	1	0	0.141509433962	0.351648351648	0.0	0.287037037037	0.139130434783
244	1	1	0	0.0	0.0	0.157894736842	0.0	0.0
245	1	1	0	0.117647058824	0.277227722772	0.0	0.293103448276	0.166666666667
246	1	1	0	0.0	0.0	0.0	0.116279069767	0.0
247	1	1	0	0.0	0.0	0.11320754717	0.0	0.0
248	1	1	0	0.0	0.0	0.0	0.0	0.0
249	1	1	0	0.557692307692	0.46017699115	0.540322580645	0.541666666667	0.438775510204
250	1	1	0	0.0	0.0	0.0	0.0	0.0
251	1	1	0	0.0	0.0	0.0	0.0	0.0
252	1	1	0	0.117647058824	0.269230769231	0.0	0.35652173913	0.139784946237
253	1	1	0	0.0	0.0	0.0	0.0	0.0
254	1	1	0	0.0	0.0	0.114942528736	0.0	0.0
255	1	1	0	0.0	0.192	0.0	0.0	0.0
256	1	1	0	0.471074380165	0.450980392157	0.504761904762	0.5	0.516853932584
257	1	1	0	0.0	0.0	0.0	0.0	0.0909090909091
258	1	1	0	0.582524271845	0.45045045045	0.09	0.343137254902	0.299065420561
259	1	1	0	0.0	0.0	0.0	0.0	0.0
260	1	1	0	0.0	0.0	0.0	0.0	0.0
261	1	1	0	0.0	0.0	0.0	0.0	0.0
262	1	1	0	0.309278350515	0.504587155963	0.209302325581	0.383838383838	0.277227722772
263	1	1	0	0.0	0.0	0.0	0.0	0.0
264	1	1	0	0.0	0.0	0.0	0.0	0.0
265	1	1	0	0.0	0.0	0.107142857143	0.0	0.0
266	1	1	0	0.263636363636	0.270833333333	0.0	0.265957446809	0.153846153846
267	1	1	0	0.0	0.0	0.0943396226415	0.0	0.0
268	1	1	0	0.556603773585	0.509090909091	0.114942528736	0.375	0.176470588235
269	1	1	0	0.0	0.0	0.0	0.0	0.128440366972
270	1	1	0	0.449152542373	0.5	0.161290322581	0.30701754386	0.103773584906
271	1	1	0	0.0	0.0	0.0	0.0	0.0
272	1	1	0	0.0	0.0	0.171717171717	0.154639175258	0.0
273	1	1	0	0.0	0.0	0.0	0.0	0.0
274	1	1	0	0.267441860465	0.240384615385	0.0	0.422680412371	0.19
275	1	1	0	0.337078651685	0.244897959184	0.0	0.28	0.151162790698
276	1	1	0	0.0	0.311320754717	0.0	0.0	0.0
277	1	1	0	0.0	0.0	0.0	0.0	0.171717171717
278	1	1	0	0.197916666667	0.339805825243	0.0	0.121495327103	0.0
279	1	1	0	0.0	0.0	0.0	0.0	0.0
280	1	1	0	0.445378151261	0.54	0.116504854369	0.344444444444	0.216981132075
281	1	1	0	0.0	0.0	0.0	0.0	0.0
282	1	1	0	0.0	0.0	0.0	0.0	0.150943396226
283	1	1	0	0.0	0.0	0.19801980198	0.192	0.0
284	1	1	0	0.53982300885	0.5	0.485981308411	0.5	0.452631578947
285	1	1	0	0.0	0.0	0.0	0.145631067961	0.0
286	1	1	0	0.0	0.0	0.0	0.0	0.0
287	1	1	0	0.0	0.0	0.0	0.0	0.173913043478
288	1	1	0	0.117647058824	0.205882352941	0.0	0.294117647059	0.19587628866
289	1	1	0	0.0	0.0	0.0	0.0	0.0849056603774
290	1	1	0	0.283018867925	0.532110091743	0.08	0.323529411765	0.28
291	1	1	0	0.478723404255	0.474747474747	0.104166666667	0.325301204819	0.13829787234
292	1	1	0	0.465346534653	0.491071428571	0.145631067961	0.330508474576	0.18487394958
293	1	1	0	0.542857142857	0.471153846154	0.442307692308	0.528846153846	0.495412844037
294	1	1	0	0.0	0.0	0.0	0.0	0.0
295	1	1	0	0.12389380531	0.207317073171	0.0	0.280898876404	0.122448979592
296	1	1	0	0.322916666667	0.511363636364	0.133333333333	0.244897959184	0.259259259259
297	1	1	0	0.0	0.0	0.0	0.0	0.146551724138
298	1	1	0	0.0	0.0	0.0	0.0	0.0
299	1	1	0	0.425	0.485148514851	0.511363636364	0.47311827957	0.432432432432
300	1	1	0	0.0	0.0	0.0	0.0	0.132075471698
