#chr	position	description	normal	sample0	sample1	sample2	sample3	sample4
1	1	1	0	0.0	0.0	0.16814159292	0.0	0.0
2	1	1	0	0.0	0.0	0.0	0.0	0.0
3	1	1	0	0.345794392523	0.493975903614	0.469026548673	0.25	0.193548387097
4	1	1	0	0.375	0.262626262626	0.359550561798	0.447619047619	0.420560747664
5	1	1	0	0.211111111111	0.135135135135	0.263157894737	0.0	0.3125
6	1	1	0	0.0869565217391	0.0	0.0	0.272727272727	0.240740740741
7	1	1	0	0.385321100917	0.60824742268	0.416666666667	0.306818181818	0.355555555556
8	1	1	0	0.0	0.0	0.0	0.0	0.0
9	1	1	0	0.0	0.0	0.0	0.238095238095	0.0
10	1	1	0	0.0	0.0841121495327	0.102272727273	0.0	0.0
11	1	1	0	0.172043010753	0.0	0.0	0.0	0.0
12	1	1	0	0.0	0.0	0.0	0.255102040816	0.0
13	1	1	0	0.148936170213	0.0909090909091	0.279569892473	0.0	0.405405405405
14	1	1	0	0.141304347826	0.0	0.0	0.0	0.0
15	1	1	0	0.0	0.0	0.0	0.0	0.0
16	1	1	0	0.119565217391	0.136363636364	0.285714285714	0.0	0.252336448598
17	1	1	0	0.0	0.0	0.0	0.0	0.0
18	1	1	0	0.0806451612903	0.0	0.0	0.0	0.265306122449
19	1	1	0	0.0918367346939	0.0	0.0	0.0	0.214285714286
20	1	1	0	0.179775280899	0.130769230769	0.234042553191	0.236363636364	0.563106796117
21	1	1	0	0.192307692308	0.0	0.0	0.203883495146	0.277227722772
22	1	1	0	0.0421052631579	0.0	0.0	0.0	0.0
23	1	1	0	0.0	0.0	0.0	0.0	0.0
24	1	1	0	0.0	0.0	0.0	0.0	0.0
25	1	1	0	0.125	0.111111111111	0.298850574713	0.0	0.345679012346
26	1	1	0	0.0	0.0	0.0	0.269230769231	0.0
27	1	1	0	0.287128712871	0.258064516129	0.301724137931	0.407766990291	0.528
28	1	1	0	0.0	0.0	0.0	0.0	0.0
29	1	1	0	0.125	0.136363636364	0.144578313253	0.0	0.233009708738
30	1	1	0	0.0	0.0	0.0	0.0	0.0
31	1	1	0	0.136842105263	0.0	0.0	0.0	0.252873563218
32	1	1	0	0.123711340206	0.0	0.0	0.0	0.0
33	1	1	0	0.0813953488372	0.0	0.0	0.0	0.0
34	1	1	0	0.35	0.258064516129	0.389830508475	0.477477477477	0.493150684932
35	1	1	0	0.0	0.0	0.0	0.261363636364	0.0
36	1	1	0	0.0857142857143	0.0	0.0	0.277777777778	0.24
37	1	1	0	0.0961538461538	0.185567010309	0.177777777778	0.0	0.265306122449
38	1	1	0	0.135135135135	0.152380952381	0.192307692308	0.0	0.261682242991
39	1	1	0	0.194690265487	0.182692307692	0.305263157895	0.0	0.252427184466
40	1	1	0	0.0	0.0	0.0	0.0	0.0
41	1	1	0	0.0	0.0	0.0	0.0	0.0
42	1	1	0	0.0	0.0	0.0	0.0	0.0
43	1	1	0	0.0789473684211	0.0	0.0	0.0	0.0
44	1	1	0	0.365591397849	0.202380952381	0.356435643564	0.494382022472	0.522935779817
45	1	1	0	0.21875	0.0957446808511	0.190476190476	0.0	0.22619047619
46	1	1	0	0.0	0.0	0.0	0.0	0.0
47	1	1	0	0.0	0.0	0.125	0.0	0.0
48	1	1	0	0.0	0.0	0.18018018018	0.0	0.0
49	1	1	0	0.154639175258	0.130952380952	0.19512195122	0.0	0.315789473684
50	1	1	0	0.0	0.0	0.0	0.0	0.0
51	1	1	0	0.0	0.0	0.0	0.0	0.0
52	1	1	0	0.112068965517	0.118644067797	0.23595505618	0.0	0.26
53	1	1	0	0.0631578947368	0.0	0.0	0.26	0.237704918033
54	1	1	0	0.123711340206	0.0891089108911	0.294642857143	0.0	0.29347826087
55	1	1	0	0.0925925925926	0.0	0.0	0.281818181818	0.228571428571
56	1	1	0	0.111111111111	0.0	0.0	0.0	0.140186915888
57	1	1	0	0.0	0.0	0.0	0.0	0.0
58	1	1	0	0.133333333333	0.1875	0.333333333333	0.0	0.245283018868
59	1	1	0	0.0	0.0	0.0	0.0	0.0
60	1	1	0	0.38679245283	0.533980582524	0.292682926829	0.25	0.266055045872
61	1	1	0	0.117117117117	0.0	0.0	0.156862745098	0.226086956522
62	1	1	0	0.0	0.0	0.0	0.0	0.0
63	1	1	0	0.0	0.0	0.0	0.188679245283	0.0
64	1	1	0	0.182692307692	0.153846153846	0.21686746988	0.0	0.295918367347
65	1	1	0	0.0	0.161616161616	0.0602409638554	0.0	0.0
66	1	1	0	0.0	0.0	0.0	0.0	0.0
67	1	1	0	0.0	0.0	0.0	0.0	0.0
68	1	1	0	0.397727272727	0.505050505051	0.383720930233	0.234782608696	0.308411214953
69	1	1	0	0.0	0.0	0.0	0.0	0.0
70	1	1	0	0.0	0.0	0.0	0.0	0.0
71	1	1	0	0.111111111111	0.139784946237	0.225225225225	0.0	0.236559139785
72	1	1	0	0.0	0.0	0.0	0.0	0.0
73	1	1	0	0.166666666667	0.168539325843	0.240384615385	0.0	0.372340425532
74	1	1	0	0.126050420168	0.181818181818	0.29	0.0	0.175438596491
75	1	1	0	0.15625	0.211009174312	0.223404255319	0.0	0.263157894737
76	1	1	0	0.0	0.0	0.0	0.216494845361	0.0
77	1	1	0	0.0	0.0	0.0	0.0	0.0
78	1	1	0	0.0	0.0	0.0	0.0	0.0
79	1	1	0	0.0	0.152542372881	0.12962962963	0.0	0.0
80	1	1	0	0.0	0.0	0.0	0.0	0.0
81	1	1	0	0.0	0.0	0.0	0.238532110092	0.0
82	1	1	0	0.0	0.0	0.0	0.0	0.0
83	1	1	0	0.212962962963	0.121212121212	0.183673469388	0.235849056604	0.5
84	1	1	0	0.0	0.0	0.0	0.0	0.0
85	1	1	0	0.0	0.0	0.0	0.0	0.0
86	1	1	0	0.0	0.0	0.0	0.0	0.0
87	1	1	0	0.0	0.0	0.0	0.229357798165	0.0
88	1	1	0	0.109756097561	0.0	0.0	0.261363636364	0.233333333333
89	1	1	0	0.0	0.0	0.0	0.0	0.0
90	1	1	0	0.17094017094	0.0	0.0	0.0	0.0
91	1	1	0	0.0957446808511	0.0	0.0	0.0	0.257425742574
92	1	1	0	0.0	0.0	0.0	0.0	0.0
93	1	1	0	0.166666666667	0.178217821782	0.168421052632	0.0	0.272727272727
94	1	1	0	0.156862745098	0.178217821782	0.184466019417	0.0	0.333333333333
95	1	1	0	0.0	0.0	0.0	0.0	0.0
96	1	1	0	0.183673469388	0.131313131313	0.239130434783	0.0	0.219512195122
97	1	1	0	0.122807017544	0.0	0.0	0.0	0.221238938053
98	1	1	0	0.0	0.0	0.0	0.0	0.0
99	1	1	0	0.0918367346939	0.0576923076923	0.0	0.0	0.0
100	1	1	0	0.0	0.179487179487	0.105263157895	0.0	0.0
101	1	1	0	0.0	0.0	0.0	0.211009174312	0.0
102	1	1	0	0.388235294118	0.601851851852	0.388349514563	0.295238095238	0.326530612245
103	1	1	0	0.113924050633	0.0	0.0	0.295918367347	0.267441860465
104	1	1	0	0.0	0.0	0.0	0.0	0.0
105	1	1	0	0.0849056603774	0.0	0.0	0.0	0.292134831461
106	1	1	0	0.0	0.0	0.0	0.0	0.0
107	1	1	0	0.0	0.0	0.178947368421	0.0	0.0
108	1	1	0	0.144329896907	0.107438016529	0.0	0.0	0.0
109	1	1	0	0.0	0.163793103448	0.177777777778	0.0	0.0
110	1	1	0	0.0	0.0	0.0	0.355769230769	0.0
111	1	1	0	0.0	0.0	0.0	0.0	0.0
112	1	1	0	0.0	0.0	0.0	0.0	0.0
113	1	1	0	0.0967741935484	0.138613861386	0.25	0.0	0.2
114	1	1	0	0.122448979592	0.0	0.0	0.208791208791	0.343434343434
115	1	1	0	0.0	0.0	0.0	0.0	0.0
116	1	1	0	0.118181818182	0.0	0.0	0.161616161616	0.222222222222
117	1	1	0	0.0	0.0	0.0	0.0	0.0
118	1	1	0	0.0	0.0	0.0	0.0	0.0
119	1	1	0	0.0	0.0	0.0	0.277777777778	0.0
120	1	1	0	0.123711340206	0.0	0.0	0.0	0.0
121	1	1	0	0.417582417582	0.567010309278	0.382352941176	0.226086956522	0.255813953488
122	1	1	0	0.166666666667	0.0	0.0	0.231481481481	0.19587628866
123	1	1	0	0.111111111111	0.0	0.0	0.227722772277	0.27619047619
124	1	1	0	0.0	0.0	0.0	0.0	0.0
125	1	1	0	0.0	0.0	0.146551724138	0.0	0.0
126	1	1	0	0.236559139785	0.258823529412	0.227722772277	0.0	0.25
127	1	1	0	0.18085106383	0.207547169811	0.236363636364	0.0	0.340206185567
128	1	1	0	0.181818181818	0.0	0.0	0.0	0.0
129	1	1	0	0.142857142857	0.117647058824	0.235294117647	0.0	0.27619047619
130	1	1	0	0.153846153846	0.0	0.0	0.0	0.295454545455
131	1	1	0	0.0	0.0	0.0	0.0	0.0
132	1	1	0	0.350515463918	0.19387755102	0.421052631579	0.581395348837	0.478260869565
133	1	1	0	0.0	0.0	0.0	0.179775280899	0.0
134	1	1	0	0.0	0.0	0.0	0.0	0.0
135	1	1	0	0.0	0.113636363636	0.146341463415	0.0	0.0
136	1	1	0	0.0	0.0	0.0	0.0	0.0
137	1	1	0	0.376237623762	0.288461538462	0.387387387387	0.58	0.446808510638
138	1	1	0	0.0	0.0	0.0	0.0	0.0
139	1	1	0	0.0	0.0	0.0	0.0	0.0
140	1	1	0	0.0	0.0	0.0	0.0	0.0
141	1	1	0	0.152380952381	0.182692307692	0.254098360656	0.0	0.306306306306
142	1	1	0	0.0	0.0	0.0	0.0	0.0
143	1	1	0	0.0	0.0	0.0	0.171428571429	0.0
144	1	1	0	0.0	0.0	0.0	0.0	0.0
145	1	1	0	0.0	0.0	0.0952380952381	0.0	0.0
146	1	1	0	0.0	0.0	0.0	0.19387755102	0.0
147	1	1	0	0.0	0.0	0.0	0.0	0.0
148	1	1	0	0.168316831683	0.105769230769	0.210526315789	0.0	0.0
149	1	1	0	0.223300970874	0.217391304348	0.285714285714	0.0	0.0
150	1	1	0	0.301075268817	0.208791208791	0.295454545455	0.542056074766	0.5
151	1	1	0	0.120689655172	0.0	0.0	0.198113207547	0.215053763441
152	1	1	0	0.424242424242	0.252252252252	0.339622641509	0.479591836735	0.533898305085
153	1	1	0	0.123595505618	0.170454545455	0.171428571429	0.0	0.0
154	1	1	0	0.417582417582	0.387931034483	0.438596491228	0.230769230769	0.34
155	1	1	0	0.0	0.0	0.0	0.0	0.0
156	1	1	0	0.157894736842	0.155172413793	0.194174757282	0.0	0.32380952381
157	1	1	0	0.123595505618	0.172413793103	0.344444444444	0.0	0.265957446809
158	1	1	0	0.134020618557	0.0	0.0	0.260869565217	0.217821782178
159	1	1	0	0.171717171717	0.0	0.0	0.0	0.0
160	1	1	0	0.158415841584	0.192307692308	0.252631578947	0.0	0.270588235294
161	1	1	0	0.431034482759	0.525773195876	0.443298969072	0.329545454545	0.322580645161
162	1	1	0	0.0	0.0	0.0	0.0	0.0
163	1	1	0	0.0961538461538	0.0	0.0	0.0	0.0
164	1	1	0	0.168674698795	0.152380952381	0.183908045977	0.0	0.255555555556
165	1	1	0	0.193181818182	0.185567010309	0.202127659574	0.0	0.333333333333
166	1	1	0	0.0	0.0	0.102803738318	0.0	0.0
167	1	1	0	0.0	0.0	0.0	0.0	0.0
168	1	1	0	0.329896907216	0.163043478261	0.177083333333	0.19512195122	0.494845360825
169	1	1	0	0.109756097561	0.139130434783	0.206896551724	0.0	0.276785714286
170	1	1	0	0.2	0.136842105263	0.289156626506	0.0	0.242105263158
171	1	1	0	0.0	0.0	0.0	0.0	0.0
172	1	1	0	0.0	0.0	0.0	0.0	0.0
173	1	1	0	0.0	0.0	0.0	0.0	0.0
174	1	1	0	0.198113207547	0.180952380952	0.234234234234	0.0	0.259259259259
175	1	1	0	0.13	0.180952380952	0.27358490566	0.0	0.289256198347
176	1	1	0	0.149425287356	0.0	0.0	0.247058823529	0.2
177	1	1	0	0.0	0.0	0.0	0.188235294118	0.0
178	1	1	0	0.0	0.0	0.153846153846	0.0	0.0
179	1	1	0	0.178947368421	0.114285714286	0.25	0.0	0.355769230769
180	1	1	0	0.146788990826	0.0	0.0	0.0	0.284210526316
181	1	1	0	0.0	0.0	0.0	0.0	0.0
182	1	1	0	0.381443298969	0.431818181818	0.318181818182	0.306818181818	0.301886792453
183	1	1	0	0.0	0.0	0.0	0.0	0.0
184	1	1	0	0.134615384615	0.0	0.0	0.0	0.0
185	1	1	0	0.108910891089	0.213675213675	0.260416666667	0.0	0.157894736842
186	1	1	0	0.0	0.0	0.0	0.0	0.0
187	1	1	0	0.0	0.0	0.0879120879121	0.0	0.0
188	1	1	0	0.118811881188	0.0	0.0	0.0	0.0
189	1	1	0	0.0	0.0	0.0	0.0	0.0
190	1	1	0	0.130841121495	0.14	0.156862745098	0.0	0.32
191	1	1	0	0.1125	0.0	0.0	0.266055045872	0.230769230769
192	1	1	0	0.0	0.151260504202	0.156862745098	0.0	0.0
193	1	1	0	0.0	0.0	0.0	0.0	0.0
194	1	1	0	0.126315789474	0.148514851485	0.235294117647	0.0	0.346153846154
195	1	1	0	0.0	0.0	0.0	0.0	0.0
196	1	1	0	0.136752136752	0.178947368421	0.133333333333	0.0	0.294117647059
197	1	1	0	0.177215189873	0.162790697674	0.232323232323	0.0	0.311827956989
198	1	1	0	0.0	0.0	0.1	0.0	0.0
199	1	1	0	0.121951219512	0.173913043478	0.172413793103	0.0	0.210526315789
200	1	1	0	0.155963302752	0.146341463415	0.27	0.0	0.0
201	1	1	0	0.0	0.0	0.0	0.0	0.0
202	1	1	0	0.0	0.0	0.0	0.0	0.0
203	1	1	0	0.0833333333333	0.163461538462	0.223300970874	0.0	0.0
204	1	1	0	0.0	0.0	0.0	0.215053763441	0.0
205	1	1	0	0.112244897959	0.130952380952	0.257142857143	0.0	0.228571428571
206	1	1	0	0.457142857143	0.190476190476	0.463157894737	0.504424778761	0.515463917526
207	1	1	0	0.166666666667	0.0	0.0	0.0	0.0
208	1	1	0	0.275510204082	0.188235294118	0.297872340426	0.512820512821	0.529411764706
209	1	1	0	0.351851851852	0.511627906977	0.336956521739	0.326530612245	0.307692307692
210	1	1	0	0.166666666667	0.17	0.228260869565	0.0	0.252631578947
211	1	1	0	0.359223300971	0.227272727273	0.37037037037	0.494949494949	0.489583333333
212	1	1	0	0.112068965517	0.0	0.0	0.0	0.258426966292
213	1	1	0	0.428571428571	0.287037037037	0.325842696629	0.541666666667	0.469387755102
214	1	1	0	0.0990099009901	0.0	0.0	0.266055045872	0.181818181818
215	1	1	0	0.0769230769231	0.0	0.0	0.208791208791	0.210526315789
216	1	1	0	0.115789473684	0.0	0.0	0.0	0.0
217	1	1	0	0.188118811881	0.137614678899	0.3	0.0	0.245098039216
218	1	1	0	0.186813186813	0.277777777778	0.204545454545	0.0	0.28125
219	1	1	0	0.221238938053	0.101851851852	0.234234234234	0.0	0.302752293578
220	1	1	0	0.0	0.0	0.0	0.0	0.0
221	1	1	0	0.0	0.141304347826	0.21	0.0	0.0
222	1	1	0	0.0869565217391	0.0	0.0	0.257731958763	0.25
223	1	1	0	0.112244897959	0.0	0.0	0.263736263736	0.239130434783
224	1	1	0	0.13	0.0	0.0	0.0	0.158878504673
225	1	1	0	0.184466019417	0.228571428571	0.192660550459	0.0	0.2
226	1	1	0	0.0	0.0	0.0	0.0	0.0
227	1	1	0	0.110091743119	0.105882352941	0.0	0.0	0.0
228	1	1	0	0.270588235294	0.336448598131	0.469387755102	0.546391752577	0.428571428571
229	1	1	0	0.127906976744	0.135135135135	0.225490196078	0.0	0.0
230	1	1	0	0.126213592233	0.118181818182	0.222222222222	0.0	0.289719626168
231	1	1	0	0.171717171717	0.19512195122	0.228571428571	0.0	0.203883495146
232	1	1	0	0.0	0.139130434783	0.0990990990991	0.0	0.0
233	1	1	0	0.150943396226	0.0	0.0	0.309090909091	0.297872340426
234	1	1	0	0.375	0.34693877551	0.378947368421	0.5	0.537634408602
235	1	1	0	0.178571428571	0.129032258065	0.342857142857	0.0	0.269662921348
236	1	1	0	0.186813186813	0.177570093458	0.285714285714	0.0	0.365384615385
237	1	1	0	0.0	0.0	0.0865384615385	0.0	0.0
238	1	1	0	0.284210526316	0.47619047619	0.345454545455	0.315315315315	0.176470588235
239	1	1	0	0.183486238532	0.1	0.225225225225	0.0	0.19587628866
240	1	1	0	0.0	0.0	0.0	0.0	0.0
241	1	1	0	0.19	0.130434782609	0.3	0.0	0.305882352941
242	1	1	0	0.147540983607	0.2	0.15625	0.0	0.0
243	1	1	0	0.25	0.155555555556	0.196428571429	0.0	0.358490566038
244	1	1	0	0.0	0.0	0.0	0.0	0.0
245	1	1	0	0.135416666667	0.0	0.0	0.288461538462	0.247706422018
246	1	1	0	0.0	0.0	0.0	0.0	0.0
247	1	1	0	0.147368421053	0.0882352941176	0.285714285714	0.0	0.0
248	1	1	0	0.093023255814	0.0	0.0	0.262626262626	0.252336448598
249	1	1	0	0.0	0.0	0.0	0.0	0.0
250	1	1	0	0.0	0.0	0.0	0.0	0.0
251	1	1	0	0.133333333333	0.144329896907	0.217741935484	0.0	0.271844660194
252	1	1	0	0.114285714286	0.0	0.0	0.257142857143	0.217821782178
253	1	1	0	0.0786516853933	0.0	0.0	0.267441860465	0.279279279279
254	1	1	0	0.0	0.0	0.0	0.0	0.0
255	1	1	0	0.19801980198	0.0989010989011	0.17094017094	0.0	0.280487804878
256	1	1	0	0.0	0.0	0.0	0.0	0.0
257	1	1	0	0.0	0.0	0.0	0.25	0.0
258	1	1	0	0.0882352941176	0.126315789474	0.183908045977	0.0	0.275862068966
259	1	1	0	0.0	0.19387755102	0.14	0.0	0.0
260	1	1	0	0.123711340206	0.0917431192661	0.287037037037	0.0	0.301886792453
261	1	1	0	0.104651162791	0.185567010309	0.247524752475	0.0	0.274336283186
262	1	1	0	0.0722891566265	0.0	0.0	0.263157894737	0.224489795918
263	1	1	0	0.0731707317073	0.0	0.0	0.0	0.213675213675
264	1	1	0	0.0957446808511	0.0721649484536	0.205607476636	0.0	0.239130434783
265	1	1	0	0.15	0.132075471698	0.235294117647	0.0	0.274725274725
266	1	1	0	0.152380952381	0.0	0.0	0.0	0.0
267	1	1	0	0.0	0.0	0.0	0.0	0.0
268	1	1	0	0.0	0.165137614679	0.09375	0.0	0.0
269	1	1	0	0.0	0.0	0.0	0.0	0.0
270	1	1	0	0.0857142857143	0.0	0.0	0.0	0.0
271	1	1	0	0.0	0.0	0.0	0.0	0.0
272	1	1	0	0.0	0.0	0.0	0.173333333333	0.0
273	1	1	0	0.148936170213	0.0	0.0	0.29702970297	0.125
274	1	1	0	0.0	0.0	0.0	0.0	0.0
275	1	1	0	0.161904761905	0.201923076923	0.237288135593	0.0	0.28
276	1	1	0	0.0	0.0	0.0	0.0	0.0
277	1	1	0	0.130841121495	0.125	0.270833333333	0.0	0.245098039216
278	1	1	0	0.138888888889	0.0	0.0	0.22641509434	0.197530864198
279	1	1	0	0.0	0.0	0.0	0.306818181818	0.0
280	1	1	0	0.0	0.0	0.0	0.0	0.0
281	1	1	0	0.0	0.0	0.0	0.0	0.0
282	1	1	0	0.14606741573	0.133333333333	0.177777777778	0.0	0.0
283	1	1	0	0.115384615385	0.0	0.0	0.0	0.0
284	1	1	0	0.112359550562	0.0	0.0	0.321428571429	0.171717171717
285	1	1	0	0.0	0.0	0.0	0.230769230769	0.0
286	1	1	0	0.0	0.132653061224	0.145833333333	0.0	0.0
287	1	1	0	0.196428571429	0.173469387755	0.243243243243	0.0	0.0
288	1	1	0	0.0	0.0	0.0	0.0	0.0
289	1	1	0	0.113402061856	0.173469387755	0.12037037037	0.0	0.346534653465
290	1	1	0	0.0	0.0	0.0	0.0	0.0
291	1	1	0	0.0	0.0	0.0	0.0	0.0
292	1	1	0	0.19	0.0	0.0	0.210526315789	0.2
293	1	1	0	0.0540540540541	0.116279069767	0.268041237113	0.0	0.0
294	1	1	0	0.0759493670886	0.0	0.0	0.257731958763	0.186046511628
295	1	1	0	0.147058823529	0.0	0.0	0.0	0.0
296	1	1	0	0.107843137255	0.0	0.0	0.0	0.190476190476
297	1	1	0	0.0	0.0	0.0	0.209302325581	0.0
298	1	1	0	0.135802469136	0.215909090909	0.126126126126	0.0	0.237113402062
299	1	1	0	0.161904761905	0.0	0.0	0.0	0.0
300	1	1	0	0.121212121212	0.0	0.0	0.294117647059	0.144230769231
