Num_mutations: 100
Num_samples: 5
Error_rate: 0.050000

0.000000000000000000e+00 0.000000000000000000e+00 0.000000000000000000e+00 2.388943731490622002e-01 0.000000000000000000e+00
3.896373056994818507e-01 0.000000000000000000e+00 0.000000000000000000e+00 0.000000000000000000e+00 2.919563058589870752e-01
0.000000000000000000e+00 0.000000000000000000e+00 0.000000000000000000e+00 2.249761677788369996e-01 0.000000000000000000e+00
7.520325203252032908e-01 0.000000000000000000e+00 4.490177736202057845e-01 3.580613254203758866e-01 3.047426841574167322e-01
0.000000000000000000e+00 0.000000000000000000e+00 0.000000000000000000e+00 2.517343904856293446e-01 0.000000000000000000e+00
6.785714285714286031e-01 0.000000000000000000e+00 4.902564102564102577e-01 3.096903096903096952e-01 2.898852971845672366e-01
0.000000000000000000e+00 0.000000000000000000e+00 3.500967117988394439e-01 0.000000000000000000e+00 0.000000000000000000e+00
3.177570093457943723e-01 0.000000000000000000e+00 0.000000000000000000e+00 0.000000000000000000e+00 2.489539748953975007e-01
7.076612903225806273e-01 5.850945494994438389e-01 4.841897233201580830e-01 4.984863773965691469e-01 9.602272727272727071e-01
0.000000000000000000e+00 0.000000000000000000e+00 0.000000000000000000e+00 0.000000000000000000e+00 0.000000000000000000e+00
0.000000000000000000e+00 0.000000000000000000e+00 3.426791277258566804e-01 0.000000000000000000e+00 0.000000000000000000e+00
2.990844354018311058e-01 4.536532170119956242e-01 1.923474663908996962e-01 1.946721311475409777e-01 0.000000000000000000e+00
0.000000000000000000e+00 0.000000000000000000e+00 2.936660268714011424e-01 0.000000000000000000e+00 0.000000000000000000e+00
0.000000000000000000e+00 0.000000000000000000e+00 0.000000000000000000e+00 2.983870967741935609e-01 0.000000000000000000e+00
0.000000000000000000e+00 0.000000000000000000e+00 3.301587301587301515e-01 0.000000000000000000e+00 0.000000000000000000e+00
6.896551724137931494e-01 0.000000000000000000e+00 4.731404958677685735e-01 3.579373104145601725e-01 2.722513089005235698e-01
0.000000000000000000e+00 0.000000000000000000e+00 0.000000000000000000e+00 0.000000000000000000e+00 0.000000000000000000e+00
0.000000000000000000e+00 0.000000000000000000e+00 0.000000000000000000e+00 2.588011417697431149e-01 0.000000000000000000e+00
0.000000000000000000e+00 0.000000000000000000e+00 0.000000000000000000e+00 2.467043314500941553e-01 0.000000000000000000e+00
0.000000000000000000e+00 0.000000000000000000e+00 0.000000000000000000e+00 2.165991902834007998e-01 0.000000000000000000e+00
0.000000000000000000e+00 0.000000000000000000e+00 3.614931237721021873e-01 0.000000000000000000e+00 0.000000000000000000e+00
3.495934959349593640e-01 0.000000000000000000e+00 0.000000000000000000e+00 0.000000000000000000e+00 2.620689655172414034e-01
0.000000000000000000e+00 0.000000000000000000e+00 0.000000000000000000e+00 2.336903602726387585e-01 0.000000000000000000e+00
0.000000000000000000e+00 0.000000000000000000e+00 0.000000000000000000e+00 2.652849740932642364e-01 0.000000000000000000e+00
0.000000000000000000e+00 0.000000000000000000e+00 3.488584474885844666e-01 0.000000000000000000e+00 0.000000000000000000e+00
0.000000000000000000e+00 0.000000000000000000e+00 3.463463463463463676e-01 0.000000000000000000e+00 0.000000000000000000e+00
0.000000000000000000e+00 0.000000000000000000e+00 0.000000000000000000e+00 0.000000000000000000e+00 0.000000000000000000e+00
6.321243523316062429e-01 0.000000000000000000e+00 4.759152215799614671e-01 3.114593535749265452e-01 2.854349951124144913e-01
0.000000000000000000e+00 0.000000000000000000e+00 0.000000000000000000e+00 2.456852791878172682e-01 0.000000000000000000e+00
0.000000000000000000e+00 0.000000000000000000e+00 0.000000000000000000e+00 0.000000000000000000e+00 0.000000000000000000e+00
6.984435797665369261e-01 0.000000000000000000e+00 4.196078431372549100e-01 3.132036847492323250e-01 2.887804878048780277e-01
3.509127789046653234e-01 0.000000000000000000e+00 0.000000000000000000e+00 0.000000000000000000e+00 2.540322580645161255e-01
6.614017769002961122e-01 5.487288135593220151e-01 5.000000000000000000e-01 5.246853823814133788e-01 9.455292908530318341e-01
0.000000000000000000e+00 0.000000000000000000e+00 0.000000000000000000e+00 0.000000000000000000e+00 4.504132231404958664e-01
3.852631578947368629e-01 0.000000000000000000e+00 0.000000000000000000e+00 0.000000000000000000e+00 2.755203171456888089e-01
3.319838056680162186e-01 0.000000000000000000e+00 0.000000000000000000e+00 0.000000000000000000e+00 2.891326021934197410e-01
3.734439834024896321e-01 0.000000000000000000e+00 0.000000000000000000e+00 0.000000000000000000e+00 3.028571428571428803e-01
0.000000000000000000e+00 0.000000000000000000e+00 0.000000000000000000e+00 2.260000000000000064e-01 0.000000000000000000e+00
0.000000000000000000e+00 0.000000000000000000e+00 0.000000000000000000e+00 2.669322709163346463e-01 0.000000000000000000e+00
0.000000000000000000e+00 0.000000000000000000e+00 0.000000000000000000e+00 0.000000000000000000e+00 4.148003894839337735e-01
3.340000000000000191e-01 0.000000000000000000e+00 0.000000000000000000e+00 0.000000000000000000e+00 3.125659978880676038e-01
3.070942662779397314e-01 0.000000000000000000e+00 0.000000000000000000e+00 0.000000000000000000e+00 2.621359223300970820e-01
3.225190839694656586e-01 4.769539078156312395e-01 1.728880157170923360e-01 1.756894790602655798e-01 0.000000000000000000e+00
3.053892215568862478e-01 4.095427435387674064e-01 1.853759011328527384e-01 2.193675889328063344e-01 0.000000000000000000e+00
0.000000000000000000e+00 0.000000000000000000e+00 0.000000000000000000e+00 0.000000000000000000e+00 0.000000000000000000e+00
3.461538461538461453e-01 0.000000000000000000e+00 0.000000000000000000e+00 0.000000000000000000e+00 2.965174129353234100e-01
0.000000000000000000e+00 0.000000000000000000e+00 0.000000000000000000e+00 3.039215686274509554e-01 0.000000000000000000e+00
0.000000000000000000e+00 0.000000000000000000e+00 0.000000000000000000e+00 2.607879924953095951e-01 0.000000000000000000e+00
2.828096118299445738e-01 4.995064165844027571e-01 2.110874200426439140e-01 1.635467980295566559e-01 0.000000000000000000e+00
3.370110330992979186e-01 0.000000000000000000e+00 0.000000000000000000e+00 0.000000000000000000e+00 2.479508196721311453e-01
3.619631901840490995e-01 0.000000000000000000e+00 0.000000000000000000e+00 0.000000000000000000e+00 2.450980392156862642e-01
0.000000000000000000e+00 0.000000000000000000e+00 0.000000000000000000e+00 0.000000000000000000e+00 4.062500000000000000e-01
0.000000000000000000e+00 0.000000000000000000e+00 0.000000000000000000e+00 2.642998027613412404e-01 0.000000000000000000e+00
0.000000000000000000e+00 0.000000000000000000e+00 3.227091633466135367e-01 0.000000000000000000e+00 0.000000000000000000e+00
0.000000000000000000e+00 0.000000000000000000e+00 0.000000000000000000e+00 2.414486921529175045e-01 0.000000000000000000e+00
3.572129538763493817e-01 0.000000000000000000e+00 0.000000000000000000e+00 0.000000000000000000e+00 2.991803278688524581e-01
3.791748526522593088e-01 0.000000000000000000e+00 0.000000000000000000e+00 0.000000000000000000e+00 2.637151106833493519e-01
0.000000000000000000e+00 0.000000000000000000e+00 3.478260869565217295e-01 0.000000000000000000e+00 0.000000000000000000e+00
3.766105054509415462e-01 0.000000000000000000e+00 0.000000000000000000e+00 0.000000000000000000e+00 2.763419483101391405e-01
0.000000000000000000e+00 0.000000000000000000e+00 3.524672708962739431e-01 0.000000000000000000e+00 0.000000000000000000e+00
0.000000000000000000e+00 0.000000000000000000e+00 0.000000000000000000e+00 0.000000000000000000e+00 0.000000000000000000e+00
3.370558375634517545e-01 0.000000000000000000e+00 0.000000000000000000e+00 0.000000000000000000e+00 2.960077896786757479e-01
0.000000000000000000e+00 0.000000000000000000e+00 0.000000000000000000e+00 2.567567567567567433e-01 0.000000000000000000e+00
6.970297029702969827e-01 0.000000000000000000e+00 4.684317718940936848e-01 3.115384615384615419e-01 2.882181110029211069e-01
0.000000000000000000e+00 0.000000000000000000e+00 3.289070480081716097e-01 0.000000000000000000e+00 0.000000000000000000e+00
0.000000000000000000e+00 0.000000000000000000e+00 0.000000000000000000e+00 2.959285004965243049e-01 0.000000000000000000e+00
0.000000000000000000e+00 0.000000000000000000e+00 0.000000000000000000e+00 2.204246713852376083e-01 0.000000000000000000e+00
0.000000000000000000e+00 0.000000000000000000e+00 0.000000000000000000e+00 2.188755020080321301e-01 0.000000000000000000e+00
0.000000000000000000e+00 0.000000000000000000e+00 0.000000000000000000e+00 0.000000000000000000e+00 4.523364485981308247e-01
7.432024169184290319e-01 0.000000000000000000e+00 4.791252485089463331e-01 3.274853801169590461e-01 3.406940063091482562e-01
6.933333333333333570e-01 0.000000000000000000e+00 4.385964912280701511e-01 3.203791469194312569e-01 2.283464566929133965e-01
3.462686567164179330e-01 0.000000000000000000e+00 0.000000000000000000e+00 0.000000000000000000e+00 2.730030333670374065e-01
0.000000000000000000e+00 0.000000000000000000e+00 0.000000000000000000e+00 2.315573770491803351e-01 0.000000000000000000e+00
3.306122448979592066e-01 0.000000000000000000e+00 0.000000000000000000e+00 0.000000000000000000e+00 2.875264270613107631e-01
3.765432098765432167e-01 0.000000000000000000e+00 0.000000000000000000e+00 0.000000000000000000e+00 2.559055118110236116e-01
3.222958057395143294e-01 4.041025641025641213e-01 1.991951710261569419e-01 1.968911917098445652e-01 0.000000000000000000e+00
0.000000000000000000e+00 0.000000000000000000e+00 0.000000000000000000e+00 2.394220846233230116e-01 0.000000000000000000e+00
3.560528992878941867e-01 0.000000000000000000e+00 0.000000000000000000e+00 0.000000000000000000e+00 2.617187500000000000e-01
0.000000000000000000e+00 0.000000000000000000e+00 0.000000000000000000e+00 0.000000000000000000e+00 0.000000000000000000e+00
3.497487437185929915e-01 0.000000000000000000e+00 0.000000000000000000e+00 0.000000000000000000e+00 2.886386898669396350e-01
3.741007194244604372e-01 0.000000000000000000e+00 0.000000000000000000e+00 0.000000000000000000e+00 3.128153380423814300e-01
4.015984015984015998e-01 0.000000000000000000e+00 0.000000000000000000e+00 0.000000000000000000e+00 2.808080808080807844e-01
0.000000000000000000e+00 0.000000000000000000e+00 3.868312757201646246e-01 0.000000000000000000e+00 0.000000000000000000e+00
0.000000000000000000e+00 0.000000000000000000e+00 0.000000000000000000e+00 0.000000000000000000e+00 4.479371316306483553e-01
6.953125000000000000e-01 0.000000000000000000e+00 4.760956175298804993e-01 3.499999999999999778e-01 2.643442622950819554e-01
0.000000000000000000e+00 0.000000000000000000e+00 0.000000000000000000e+00 2.868937048503611975e-01 0.000000000000000000e+00
3.513789581205311596e-01 0.000000000000000000e+00 1.827309236947791127e-01 0.000000000000000000e+00 0.000000000000000000e+00
0.000000000000000000e+00 0.000000000000000000e+00 0.000000000000000000e+00 0.000000000000000000e+00 0.000000000000000000e+00
0.000000000000000000e+00 0.000000000000000000e+00 0.000000000000000000e+00 2.556701030927834850e-01 0.000000000000000000e+00
3.287671232876712146e-01 0.000000000000000000e+00 0.000000000000000000e+00 0.000000000000000000e+00 2.923728813559322015e-01
0.000000000000000000e+00 0.000000000000000000e+00 0.000000000000000000e+00 0.000000000000000000e+00 3.793466807165437049e-01
0.000000000000000000e+00 0.000000000000000000e+00 0.000000000000000000e+00 2.590068159688412863e-01 0.000000000000000000e+00
2.948593598448108755e-01 4.743718592964824010e-01 1.742497579864472346e-01 2.161060142711518917e-01 0.000000000000000000e+00
0.000000000000000000e+00 0.000000000000000000e+00 0.000000000000000000e+00 0.000000000000000000e+00 4.285714285714285476e-01
3.363728470111448932e-01 0.000000000000000000e+00 2.010256410256410220e-01 0.000000000000000000e+00 0.000000000000000000e+00
0.000000000000000000e+00 0.000000000000000000e+00 0.000000000000000000e+00 0.000000000000000000e+00 4.361493123772102187e-01
0.000000000000000000e+00 0.000000000000000000e+00 0.000000000000000000e+00 0.000000000000000000e+00 4.610778443113772718e-01
3.264094955489614258e-01 4.769381746810598677e-01 1.328047571853320230e-01 1.840087623220153235e-01 0.000000000000000000e+00
0.000000000000000000e+00 0.000000000000000000e+00 0.000000000000000000e+00 2.566844919786096524e-01 0.000000000000000000e+00
0.000000000000000000e+00 0.000000000000000000e+00 0.000000000000000000e+00 2.494969818913480852e-01 0.000000000000000000e+00
