Num_mutations: 100
Num_samples: 5
Error_rate: 0.050000

0.000000000000000000e+00 0.000000000000000000e+00 5.238095238095238360e-01 0.000000000000000000e+00 4.663414634146341720e-01
0.000000000000000000e+00 5.811789038262668017e-01 0.000000000000000000e+00 0.000000000000000000e+00 5.149105367793240795e-01
0.000000000000000000e+00 0.000000000000000000e+00 0.000000000000000000e+00 0.000000000000000000e+00 0.000000000000000000e+00
3.154506437768240246e-01 0.000000000000000000e+00 0.000000000000000000e+00 0.000000000000000000e+00 0.000000000000000000e+00
2.998944033790918451e-01 0.000000000000000000e+00 0.000000000000000000e+00 0.000000000000000000e+00 0.000000000000000000e+00
3.018500486854917009e-01 0.000000000000000000e+00 0.000000000000000000e+00 0.000000000000000000e+00 0.000000000000000000e+00
0.000000000000000000e+00 0.000000000000000000e+00 0.000000000000000000e+00 0.000000000000000000e+00 0.000000000000000000e+00
3.245967741935483764e-01 0.000000000000000000e+00 0.000000000000000000e+00 0.000000000000000000e+00 0.000000000000000000e+00
3.330029732408325005e-01 0.000000000000000000e+00 0.000000000000000000e+00 0.000000000000000000e+00 0.000000000000000000e+00
0.000000000000000000e+00 0.000000000000000000e+00 5.343659244917715601e-01 0.000000000000000000e+00 4.869927159209156975e-01
0.000000000000000000e+00 0.000000000000000000e+00 0.000000000000000000e+00 0.000000000000000000e+00 0.000000000000000000e+00
2.934443288241415093e-01 0.000000000000000000e+00 0.000000000000000000e+00 0.000000000000000000e+00 0.000000000000000000e+00
2.859960552268244749e-01 0.000000000000000000e+00 0.000000000000000000e+00 0.000000000000000000e+00 0.000000000000000000e+00
2.526315789473684292e-01 0.000000000000000000e+00 0.000000000000000000e+00 0.000000000000000000e+00 0.000000000000000000e+00
0.000000000000000000e+00 0.000000000000000000e+00 5.501489572989076704e-01 0.000000000000000000e+00 4.807302231237322587e-01
0.000000000000000000e+00 6.027944111776447622e-01 0.000000000000000000e+00 0.000000000000000000e+00 5.025432349949134903e-01
0.000000000000000000e+00 5.949119373776907693e-01 0.000000000000000000e+00 0.000000000000000000e+00 5.597609561752987517e-01
0.000000000000000000e+00 0.000000000000000000e+00 5.479452054794520244e-01 0.000000000000000000e+00 4.978991596638655537e-01
7.109826589595376056e-01 0.000000000000000000e+00 4.608967674661105240e-01 5.440000000000000391e-01 0.000000000000000000e+00
0.000000000000000000e+00 0.000000000000000000e+00 0.000000000000000000e+00 0.000000000000000000e+00 0.000000000000000000e+00
0.000000000000000000e+00 0.000000000000000000e+00 0.000000000000000000e+00 4.529914529914529919e-01 0.000000000000000000e+00
0.000000000000000000e+00 0.000000000000000000e+00 0.000000000000000000e+00 4.457364341085271464e-01 0.000000000000000000e+00
0.000000000000000000e+00 0.000000000000000000e+00 0.000000000000000000e+00 4.572526416906820268e-01 0.000000000000000000e+00
0.000000000000000000e+00 0.000000000000000000e+00 5.569377990430621761e-01 0.000000000000000000e+00 4.647058823529411908e-01
3.343224530168150133e-01 0.000000000000000000e+00 0.000000000000000000e+00 0.000000000000000000e+00 0.000000000000000000e+00
0.000000000000000000e+00 5.722772277227722304e-01 0.000000000000000000e+00 0.000000000000000000e+00 4.876033057851239527e-01
0.000000000000000000e+00 3.278048780487805014e-01 0.000000000000000000e+00 4.821092278719397162e-01 0.000000000000000000e+00
0.000000000000000000e+00 5.870841487279843118e-01 0.000000000000000000e+00 0.000000000000000000e+00 4.711447492904446421e-01
3.067961165048543881e-01 0.000000000000000000e+00 0.000000000000000000e+00 0.000000000000000000e+00 0.000000000000000000e+00
6.951219512195121464e-01 0.000000000000000000e+00 4.137254901960784048e-01 5.725190839694656031e-01 0.000000000000000000e+00
0.000000000000000000e+00 0.000000000000000000e+00 5.315947843530591799e-01 0.000000000000000000e+00 4.990439770554493393e-01
7.479838709677418818e-01 0.000000000000000000e+00 4.652128764278297135e-01 4.861538461538461586e-01 0.000000000000000000e+00
2.524850894632206799e-01 0.000000000000000000e+00 0.000000000000000000e+00 0.000000000000000000e+00 0.000000000000000000e+00
3.104166666666666741e-01 0.000000000000000000e+00 0.000000000000000000e+00 0.000000000000000000e+00 0.000000000000000000e+00
0.000000000000000000e+00 6.041666666666666297e-01 0.000000000000000000e+00 0.000000000000000000e+00 5.009980039920159944e-01
3.357363542739443818e-01 0.000000000000000000e+00 0.000000000000000000e+00 0.000000000000000000e+00 0.000000000000000000e+00
3.126213592233009764e-01 0.000000000000000000e+00 0.000000000000000000e+00 0.000000000000000000e+00 0.000000000000000000e+00
6.744432661717921773e-01 0.000000000000000000e+00 4.729064039408866771e-01 5.185185185185184897e-01 0.000000000000000000e+00
3.323139653414882710e-01 0.000000000000000000e+00 0.000000000000000000e+00 0.000000000000000000e+00 0.000000000000000000e+00
2.857142857142856984e-01 0.000000000000000000e+00 0.000000000000000000e+00 0.000000000000000000e+00 0.000000000000000000e+00
0.000000000000000000e+00 0.000000000000000000e+00 0.000000000000000000e+00 0.000000000000000000e+00 0.000000000000000000e+00
2.772680937818552405e-01 0.000000000000000000e+00 0.000000000000000000e+00 0.000000000000000000e+00 0.000000000000000000e+00
2.480314960629921295e-01 0.000000000000000000e+00 0.000000000000000000e+00 0.000000000000000000e+00 0.000000000000000000e+00
0.000000000000000000e+00 3.632610939112487225e-01 0.000000000000000000e+00 4.236947791164658583e-01 0.000000000000000000e+00
3.484536082474226637e-01 0.000000000000000000e+00 0.000000000000000000e+00 0.000000000000000000e+00 0.000000000000000000e+00
0.000000000000000000e+00 0.000000000000000000e+00 0.000000000000000000e+00 0.000000000000000000e+00 0.000000000000000000e+00
7.324218750000000000e-01 0.000000000000000000e+00 4.632426988922457300e-01 5.285996055226824808e-01 0.000000000000000000e+00
0.000000000000000000e+00 0.000000000000000000e+00 5.219885277246654187e-01 0.000000000000000000e+00 4.771784232365145484e-01
2.892720306513409945e-01 0.000000000000000000e+00 0.000000000000000000e+00 0.000000000000000000e+00 0.000000000000000000e+00
3.138033763654419217e-01 0.000000000000000000e+00 0.000000000000000000e+00 0.000000000000000000e+00 0.000000000000000000e+00
0.000000000000000000e+00 6.059405940594059237e-01 0.000000000000000000e+00 0.000000000000000000e+00 5.199161425576519502e-01
0.000000000000000000e+00 0.000000000000000000e+00 5.428571428571428159e-01 0.000000000000000000e+00 4.877529286474973635e-01
2.641898864809081315e-01 0.000000000000000000e+00 0.000000000000000000e+00 0.000000000000000000e+00 0.000000000000000000e+00
0.000000000000000000e+00 0.000000000000000000e+00 0.000000000000000000e+00 0.000000000000000000e+00 0.000000000000000000e+00
3.149113660062565212e-01 0.000000000000000000e+00 0.000000000000000000e+00 0.000000000000000000e+00 0.000000000000000000e+00
0.000000000000000000e+00 0.000000000000000000e+00 0.000000000000000000e+00 0.000000000000000000e+00 0.000000000000000000e+00
0.000000000000000000e+00 0.000000000000000000e+00 0.000000000000000000e+00 0.000000000000000000e+00 0.000000000000000000e+00
7.315010570824523883e-01 0.000000000000000000e+00 4.448979591836734748e-01 5.417925478348438739e-01 0.000000000000000000e+00
2.718052738336714236e-01 0.000000000000000000e+00 0.000000000000000000e+00 0.000000000000000000e+00 0.000000000000000000e+00
3.181818181818181768e-01 0.000000000000000000e+00 0.000000000000000000e+00 0.000000000000000000e+00 0.000000000000000000e+00
0.000000000000000000e+00 0.000000000000000000e+00 0.000000000000000000e+00 0.000000000000000000e+00 0.000000000000000000e+00
3.571428571428571508e-01 0.000000000000000000e+00 0.000000000000000000e+00 0.000000000000000000e+00 0.000000000000000000e+00
3.194706994328922467e-01 0.000000000000000000e+00 0.000000000000000000e+00 0.000000000000000000e+00 0.000000000000000000e+00
0.000000000000000000e+00 6.007984031936127733e-01 0.000000000000000000e+00 0.000000000000000000e+00 4.816556914393226863e-01
0.000000000000000000e+00 3.900990099009901124e-01 0.000000000000000000e+00 4.367816091954023205e-01 0.000000000000000000e+00
0.000000000000000000e+00 0.000000000000000000e+00 0.000000000000000000e+00 5.400410677618069366e-01 0.000000000000000000e+00
0.000000000000000000e+00 0.000000000000000000e+00 0.000000000000000000e+00 0.000000000000000000e+00 0.000000000000000000e+00
3.270440251572326873e-01 0.000000000000000000e+00 0.000000000000000000e+00 0.000000000000000000e+00 0.000000000000000000e+00
0.000000000000000000e+00 6.346516007532956305e-01 0.000000000000000000e+00 0.000000000000000000e+00 5.515832482124617409e-01
3.127490039840637448e-01 0.000000000000000000e+00 0.000000000000000000e+00 0.000000000000000000e+00 0.000000000000000000e+00
0.000000000000000000e+00 0.000000000000000000e+00 0.000000000000000000e+00 0.000000000000000000e+00 0.000000000000000000e+00
3.323558162267839511e-01 0.000000000000000000e+00 0.000000000000000000e+00 0.000000000000000000e+00 0.000000000000000000e+00
3.287958115183245988e-01 0.000000000000000000e+00 0.000000000000000000e+00 0.000000000000000000e+00 0.000000000000000000e+00
0.000000000000000000e+00 0.000000000000000000e+00 0.000000000000000000e+00 0.000000000000000000e+00 0.000000000000000000e+00
0.000000000000000000e+00 6.016096579476861717e-01 0.000000000000000000e+00 0.000000000000000000e+00 5.021008403361344463e-01
2.796352583586625973e-01 0.000000000000000000e+00 0.000000000000000000e+00 0.000000000000000000e+00 0.000000000000000000e+00
0.000000000000000000e+00 0.000000000000000000e+00 0.000000000000000000e+00 0.000000000000000000e+00 0.000000000000000000e+00
7.117948717948717752e-01 0.000000000000000000e+00 4.771573604060913576e-01 4.995140913508260283e-01 0.000000000000000000e+00
0.000000000000000000e+00 0.000000000000000000e+00 0.000000000000000000e+00 0.000000000000000000e+00 0.000000000000000000e+00
0.000000000000000000e+00 0.000000000000000000e+00 0.000000000000000000e+00 0.000000000000000000e+00 0.000000000000000000e+00
0.000000000000000000e+00 0.000000000000000000e+00 0.000000000000000000e+00 0.000000000000000000e+00 0.000000000000000000e+00
2.767676767676767735e-01 0.000000000000000000e+00 0.000000000000000000e+00 0.000000000000000000e+00 0.000000000000000000e+00
7.156153050672181548e-01 0.000000000000000000e+00 4.601226993865030757e-01 5.320388349514563187e-01 0.000000000000000000e+00
7.306967984934086280e-01 0.000000000000000000e+00 4.061010486177311640e-01 4.785156250000000000e-01 0.000000000000000000e+00
6.737657308809292811e-01 0.000000000000000000e+00 4.131736526946107602e-01 5.454545454545454142e-01 0.000000000000000000e+00
0.000000000000000000e+00 0.000000000000000000e+00 0.000000000000000000e+00 0.000000000000000000e+00 0.000000000000000000e+00
3.303121852970795636e-01 0.000000000000000000e+00 0.000000000000000000e+00 0.000000000000000000e+00 0.000000000000000000e+00
0.000000000000000000e+00 0.000000000000000000e+00 0.000000000000000000e+00 0.000000000000000000e+00 0.000000000000000000e+00
0.000000000000000000e+00 0.000000000000000000e+00 0.000000000000000000e+00 0.000000000000000000e+00 0.000000000000000000e+00
3.126843657817109379e-01 0.000000000000000000e+00 0.000000000000000000e+00 0.000000000000000000e+00 0.000000000000000000e+00
0.000000000000000000e+00 0.000000000000000000e+00 0.000000000000000000e+00 4.607745779543197528e-01 0.000000000000000000e+00
3.286118980169971948e-01 0.000000000000000000e+00 0.000000000000000000e+00 0.000000000000000000e+00 0.000000000000000000e+00
0.000000000000000000e+00 0.000000000000000000e+00 5.205761316872428157e-01 0.000000000000000000e+00 4.625984251968504046e-01
0.000000000000000000e+00 5.980392156862744946e-01 0.000000000000000000e+00 0.000000000000000000e+00 4.517453798767966933e-01
0.000000000000000000e+00 3.933747412008281596e-01 0.000000000000000000e+00 4.797570850202428905e-01 0.000000000000000000e+00
0.000000000000000000e+00 0.000000000000000000e+00 0.000000000000000000e+00 0.000000000000000000e+00 0.000000000000000000e+00
6.765873015873016261e-01 0.000000000000000000e+00 4.799999999999999822e-01 5.474747474747474474e-01 0.000000000000000000e+00
0.000000000000000000e+00 3.963599595551061672e-01 0.000000000000000000e+00 4.194470924690181235e-01 0.000000000000000000e+00
0.000000000000000000e+00 0.000000000000000000e+00 5.445544554455445940e-01 0.000000000000000000e+00 5.574092247301275505e-01
2.515337423312883347e-01 0.000000000000000000e+00 0.000000000000000000e+00 0.000000000000000000e+00 0.000000000000000000e+00
