#chr	position	description	normal	sample0	sample1	sample2	sample3	sample4	sample5	sample6	sample7	sample8	sample9
1	1	1	0	0.281553398058	0.0	0.0	0.148648648649	0.102040816327	0.136842105263	0.0	0.0	0.0	0.0
2	1	1	0	0.0940170940171	0.260869565217	0.0	0.0	0.166666666667	0.0	0.302521008403	0.212121212121	0.117021276596	0.0
3	1	1	0	0.117647058824	0.207317073171	0.114583333333	0.0	0.0860215053763	0.0	0.477876106195	0.268292682927	0.063829787234	0.208791208791
4	1	1	0	0.0	0.0	0.0813953488372	0.0	0.128440366972	0.148936170213	0.0	0.188118811881	0.0786516853933	0.235849056604
5	1	1	0	0.117647058824	0.0	0.0	0.0	0.0	0.0	0.0	0.117647058824	0.0	0.0
6	1	1	0	0.0	0.0	0.16091954023	0.0	0.166666666667	0.25	0.0	0.155555555556	0.149425287356	0.0
7	1	1	0	0.197802197802	0.0	0.0	0.176470588235	0.0957446808511	0.159090909091	0.0	0.0	0.0	0.0
8	1	1	0	0.234042553191	0.0	0.0	0.20618556701	0.125	0.0560747663551	0.0	0.0	0.0	0.0
9	1	1	0	0.0	0.0	0.134615384615	0.0	0.145833333333	0.277108433735	0.0	0.163636363636	0.168316831683	0.0
10	1	1	0	0.113402061856	0.245098039216	0.134020618557	0.289473684211	0.0	0.0	0.0	0.0	0.125	0.0
11	1	1	0	0.101851851852	0.183333333333	0.0	0.0	0.116666666667	0.0	0.228571428571	0.21	0.117647058824	0.0
12	1	1	0	0.0927835051546	0.245762711864	0.18691588785	0.31067961165	0.0	0.0	0.0	0.0	0.147058823529	0.0
13	1	1	0	0.0	0.0	0.111111111111	0.0	0.145631067961	0.254901960784	0.0	0.0927835051546	0.144329896907	0.0
14	1	1	0	0.0	0.0	0.174311926606	0.0	0.131313131313	0.322033898305	0.0	0.141304347826	0.142857142857	0.0
15	1	1	0	0.2	0.0	0.0	0.207920792079	0.0990099009901	0.157894736842	0.0	0.0	0.0	0.0
16	1	1	0	0.104347826087	0.0	0.0	0.0	0.0	0.0	0.0	0.0957446808511	0.0	0.0
17	1	1	0	0.173469387755	0.228571428571	0.279569892473	0.283185840708	0.110091743119	0.144144144144	0.0	0.160377358491	0.336956521739	0.0
18	1	1	0	0.23	0.0	0.0	0.181818181818	0.152380952381	0.0721649484536	0.0	0.0	0.0	0.0
19	1	1	0	0.252252252252	0.300970873786	0.269230769231	0.289719626168	0.134020618557	0.156862745098	0.0	0.138613861386	0.20652173913	0.0
20	1	1	0	0.177777777778	0.0	0.0	0.239583333333	0.118811881188	0.0882352941176	0.0	0.0	0.0	0.0
21	1	1	0	0.217821782178	0.0	0.0	0.164948453608	0.0598290598291	0.125	0.0	0.0	0.0	0.0
22	1	1	0	0.0	0.0	0.0967741935484	0.0	0.186274509804	0.0	0.0	0.0	0.0	0.0
23	1	1	0	0.329411764706	0.523255813953	0.35652173913	0.339622641509	0.383177570093	0.36036036036	0.504672897196	0.52427184466	0.489583333333	0.546511627907
24	1	1	0	0.236363636364	0.0	0.0	0.174757281553	0.0102040816327	0.138888888889	0.0	0.0	0.0	0.0
25	1	1	0	0.144444444444	0.0	0.0	0.0	0.0	0.0	0.0	0.0576923076923	0.0	0.0
26	1	1	0	0.0631578947368	0.25	0.0	0.0	0.11320754717	0.0	0.393939393939	0.264150943396	0.116504854369	0.0
27	1	1	0	0.287234042553	0.0	0.0	0.1	0.11	0.156862745098	0.0	0.0	0.0	0.0
28	1	1	0	0.121212121212	0.236363636364	0.0	0.0	0.139534883721	0.0	0.238095238095	0.242990654206	0.182692307692	0.0
29	1	1	0	0.0	0.0	0.205357142857	0.0	0.152	0.284210526316	0.0	0.165048543689	0.144578313253	0.0
30	1	1	0	0.0875	0.263636363636	0.0	0.0	0.105263157895	0.0	0.24	0.193548387097	0.134020618557	0.0
31	1	1	0	0.207920792079	0.0	0.0	0.193548387097	0.103174603175	0.1375	0.0	0.0	0.0	0.0
32	1	1	0	0.242105263158	0.0	0.0	0.119658119658	0.0857142857143	0.175257731959	0.0	0.0	0.0	0.0
33	1	1	0	0.18	0.28431372549	0.255813953488	0.333333333333	0.159090909091	0.131578947368	0.0	0.168316831683	0.25	0.0
34	1	1	0	0.0	0.0	0.12380952381	0.0	0.163265306122	0.228260869565	0.0	0.16	0.126315789474	0.0
35	1	1	0	0.08	0.0	0.0	0.0	0.0	0.0	0.0	0.0618556701031	0.0	0.0
36	1	1	0	0.142857142857	0.222222222222	0.0	0.0	0.130841121495	0.0	0.236559139785	0.247787610619	0.116504854369	0.0
37	1	1	0	0.0	0.0	0.0808080808081	0.0	0.121495327103	0.244897959184	0.0	0.14	0.0973451327434	0.0
38	1	1	0	0.0	0.0	0.156626506024	0.0	0.211111111111	0.211111111111	0.0	0.16091954023	0.161290322581	0.0
39	1	1	0	0.10101010101	0.268041237113	0.0857142857143	0.0	0.104	0.0	0.491071428571	0.193548387097	0.107843137255	0.221052631579
40	1	1	0	0.168224299065	0.0	0.0	0.0	0.0	0.0	0.0	0.153846153846	0.0	0.0
41	1	1	0	0.0786516853933	0.252525252525	0.0	0.0	0.171717171717	0.0	0.254901960784	0.229166666667	0.154639175258	0.0
42	1	1	0	0.0	0.0	0.164948453608	0.0	0.132075471698	0.311926605505	0.0	0.202247191011	0.150537634409	0.0
43	1	1	0	0.0	0.0	0.138613861386	0.0	0.126213592233	0.227272727273	0.0	0.127659574468	0.137254901961	0.0
44	1	1	0	0.106796116505	0.243243243243	0.0888888888889	0.0	0.158878504673	0.0	0.447619047619	0.300970873786	0.166666666667	0.18
45	1	1	0	0.1	0.225490196078	0.194174757282	0.303370786517	0.141176470588	0.142857142857	0.0	0.209523809524	0.217391304348	0.0
46	1	1	0	0.10101010101	0.0	0.0	0.0	0.0	0.0	0.0	0.0943396226415	0.0	0.0
47	1	1	0	0.09375	0.294117647059	0.0	0.0	0.181818181818	0.0	0.34375	0.28125	0.0776699029126	0.0
48	1	1	0	0.114285714286	0.2	0.0	0.0	0.114583333333	0.0	0.30081300813	0.194805194805	0.104166666667	0.0
49	1	1	0	0.166666666667	0.24358974359	0.18085106383	0.40404040404	0.0	0.0	0.0	0.0	0.11	0.0
50	1	1	0	0.1125	0.271186440678	0.0	0.0	0.103092783505	0.0	0.333333333333	0.25	0.0892857142857	0.0
51	1	1	0	0.118181818182	0.236559139785	0.0	0.0	0.109090909091	0.0	0.29203539823	0.21	0.150537634409	0.0
52	1	1	0	0.104347826087	0.208333333333	0.0	0.0	0.12	0.0	0.305882352941	0.23	0.206896551724	0.0
53	1	1	0	0.111111111111	0.0	0.0	0.125	0.0722891566265	0.103092783505	0.0	0.0	0.0	0.0
54	1	1	0	0.204819277108	0.301075268817	0.330275229358	0.316326530612	0.176470588235	0.174418604651	0.0	0.165048543689	0.330275229358	0.0
55	1	1	0	0.475806451613	0.520833333333	0.504504504505	0.172413793103	0.419047619048	0.421052631579	0.537735849057	0.591836734694	0.428571428571	0.588785046729
56	1	1	0	0.0	0.0	0.164835164835	0.0	0.135922330097	0.292134831461	0.0	0.127906976744	0.108910891089	0.0
57	1	1	0	0.0849056603774	0.239583333333	0.0	0.0	0.133333333333	0.0	0.260869565217	0.277227722772	0.18	0.0
58	1	1	0	0.0909090909091	0.0	0.0	0.0	0.0	0.0	0.0	0.0731707317073	0.0	0.0
59	1	1	0	0.221153846154	0.0	0.0	0.231481481481	0.0777777777778	0.115384615385	0.0	0.0	0.0	0.0
60	1	1	0	0.391304347826	0.440860215054	0.53125	0.191011235955	0.359223300971	0.392523364486	0.5	0.645833333333	0.477876106195	0.470588235294
61	1	1	0	0.206896551724	0.247311827957	0.117647058824	0.343434343434	0.0	0.0	0.0	0.0	0.0925925925926	0.0
62	1	1	0	0.0808080808081	0.23	0.0	0.0	0.168421052632	0.0	0.281553398058	0.239316239316	0.134453781513	0.0
63	1	1	0	0.131578947368	0.20618556701	0.120481927711	0.318181818182	0.0	0.0	0.0	0.0	0.0792079207921	0.0
64	1	1	0	0.189473684211	0.0	0.0	0.240963855422	0.106194690265	0.0952380952381	0.0	0.0	0.0	0.0
65	1	1	0	0.408163265306	0.564705882353	0.547826086957	0.32	0.371428571429	0.361111111111	0.619047619048	0.490566037736	0.520833333333	0.505263157895
66	1	1	0	0.324324324324	0.484536082474	0.555555555556	0.316326530612	0.388888888889	0.420454545455	0.467289719626	0.52688172043	0.526315789474	0.510204081633
67	1	1	0	0.16091954023	0.267441860465	0.0	0.0	0.0625	0.0	0.352272727273	0.240384615385	0.128440366972	0.0
68	1	1	0	0.0	0.0	0.0769230769231	0.0	0.12389380531	0.376623376623	0.0	0.131313131313	0.1	0.0
69	1	1	0	0.19587628866	0.225806451613	0.323232323232	0.265957446809	0.119565217391	0.236559139785	0.0	0.0869565217391	0.364406779661	0.0
70	1	1	0	0.0	0.0	0.12380952381	0.0	0.163043478261	0.261363636364	0.0	0.153846153846	0.153153153153	0.0
71	1	1	0	0.144444444444	0.268041237113	0.0	0.0	0.122807017544	0.0	0.301204819277	0.210526315789	0.127659574468	0.0
72	1	1	0	0.261682242991	0.0	0.0	0.181818181818	0.118181818182	0.0970873786408	0.0	0.0	0.0	0.0
73	1	1	0	0.16814159292	0.245614035088	0.0	0.0	0.121495327103	0.0	0.261904761905	0.218390804598	0.0795454545455	0.0
74	1	1	0	0.156862745098	0.244680851064	0.267326732673	0.315217391304	0.162393162393	0.197916666667	0.0	0.114942528736	0.2	0.0
75	1	1	0	0.245283018868	0.0	0.0	0.20253164557	0.0721649484536	0.0967741935484	0.0	0.0	0.0	0.0
76	1	1	0	0.186274509804	0.0	0.0	0.144329896907	0.0795454545455	0.145631067961	0.0	0.0	0.0	0.0
77	1	1	0	0.0	0.0	0.2	0.0	0.16	0.203883495146	0.0	0.162393162393	0.13829787234	0.0
78	1	1	0	0.247058823529	0.0	0.0	0.227722772277	0.100840336134	0.147727272727	0.0	0.0	0.0	0.0
79	1	1	0	0.1	0.0	0.0	0.0	0.0	0.0	0.0	0.0990099009901	0.0	0.0
80	1	1	0	0.188235294118	0.0	0.0	0.177777777778	0.0666666666667	0.0707070707071	0.0	0.0	0.0	0.0
81	1	1	0	0.0789473684211	0.0	0.0	0.0	0.0	0.0	0.0	0.108108108108	0.0	0.0
82	1	1	0	0.205882352941	0.0	0.0	0.214285714286	0.0776699029126	0.0842105263158	0.0	0.0	0.0	0.0
83	1	1	0	0.255555555556	0.0	0.0	0.197802197802	0.0493827160494	0.05	0.0	0.0	0.0	0.0
84	1	1	0	0.1875	0.0	0.0	0.225806451613	0.0642201834862	0.0967741935484	0.0	0.0	0.0	0.0
85	1	1	0	0.0	0.0	0.2	0.0	0.147058823529	0.244444444444	0.0	0.223404255319	0.108695652174	0.0
86	1	1	0	0.156862745098	0.230769230769	0.0	0.0	0.096	0.0	0.290909090909	0.282608695652	0.0952380952381	0.0
87	1	1	0	0.149425287356	0.252100840336	0.0	0.0	0.128712871287	0.0	0.316831683168	0.227642276423	0.0824742268041	0.0
88	1	1	0	0.0	0.0	0.181818181818	0.0	0.154545454545	0.297872340426	0.0	0.201612903226	0.166666666667	0.0
89	1	1	0	0.0	0.0	0.120481927711	0.0	0.10989010989	0.231481481481	0.0	0.175257731959	0.152380952381	0.0
90	1	1	0	0.141304347826	0.260869565217	0.0	0.0	0.0869565217391	0.0	0.254716981132	0.20202020202	0.107142857143	0.0
91	1	1	0	0.0	0.0	0.168224299065	0.0	0.132075471698	0.318681318681	0.0	0.148148148148	0.160377358491	0.0
92	1	1	0	0.0	0.0	0.0970873786408	0.0	0.127272727273	0.36	0.0	0.0833333333333	0.207207207207	0.0
93	1	1	0	0.174757281553	0.0	0.0	0.211538461538	0.100917431193	0.045045045045	0.0	0.0	0.0	0.0
94	1	1	0	0.175824175824	0.0	0.0	0.255102040816	0.142857142857	0.0879120879121	0.0	0.0	0.0	0.0
95	1	1	0	0.0614035087719	0.183333333333	0.152173913043	0.301886792453	0.0	0.0	0.0	0.0	0.166666666667	0.0
96	1	1	0	0.08	0.227272727273	0.0	0.0	0.0721649484536	0.0	0.271604938272	0.287037037037	0.139534883721	0.0
97	1	1	0	0.245454545455	0.0	0.0	0.243902439024	0.0636363636364	0.151260504202	0.0	0.0	0.0	0.0
98	1	1	0	0.11	0.266666666667	0.0	0.0	0.0549450549451	0.0	0.28431372549	0.194174757282	0.13	0.0
99	1	1	0	0.127659574468	0.222222222222	0.0	0.0	0.153846153846	0.0	0.247524752475	0.226804123711	0.136363636364	0.0
100	1	1	0	0.121739130435	0.0	0.0	0.0	0.0	0.0	0.0	0.106796116505	0.0	0.0
