#chr	normal	sample0	sample1	sample2	sample3	sample4	sample5	sample6	sample7	sample8	sample9	sample10	sample11	sample12	sample13	sample14	sample15	sample16	sample17	sample18	sample19
0	0	0.0733944954128	0.0	0.0	0.0	0.0	0.135416666667	0.144144144144	0.183486238532	0.0	0.0	0.0	0.0	0.0869565217391	0.0	0.0	0.0967741935484	0.0	0.0	0.0	0.0
1	0	0.0	0.116071428571	0.0	0.35	0.0873786407767	0.0	0.0	0.0	0.0	0.0	0.0	0.326732673267	0.0	0.27	0.214285714286	0.108695652174	0.0	0.160377358491	0.210526315789	0.0
2	0	0.0	0.0714285714286	0.0	0.264705882353	0.0776699029126	0.0	0.0	0.0	0.0	0.0	0.0	0.283018867925	0.0	0.275510204082	0.278350515464	0.122448979592	0.0	0.162162162162	0.323232323232	0.0
3	0	0.184466019417	0.12037037037	0.353535353535	0.318181818182	0.222222222222	0.0	0.0	0.0	0.270833333333	0.26	0.209523809524	0.35632183908	0.0	0.2	0.349514563107	0.329411764706	0.386138613861	0.168316831683	0.44	0.232142857143
4	0	0.0	0.202247191011	0.0	0.294736842105	0.104761904762	0.0	0.0	0.0	0.0	0.0	0.0	0.168539325843	0.0	0.244186046512	0.284090909091	0.115384615385	0.0	0.173469387755	0.210526315789	0.0
5	0	0.119565217391	0.231481481481	0.0	0.0	0.318181818182	0.109243697479	0.0	0.0	0.0	0.0	0.0	0.0	0.265957446809	0.40404040404	0.0	0.0	0.0	0.207207207207	0.0	0.230769230769
6	0	0.0	0.118811881188	0.0	0.275862068966	0.130434782609	0.0	0.0	0.0	0.0	0.0	0.0	0.237623762376	0.0	0.25	0.188679245283	0.118811881188	0.0	0.147727272727	0.266055045872	0.0
7	0	0.0	0.16091954023	0.0	0.284210526316	0.141509433962	0.0	0.0	0.0	0.0	0.0	0.0	0.333333333333	0.0	0.229357798165	0.207317073171	0.0982142857143	0.0	0.181818181818	0.287037037037	0.0
8	0	0.153846153846	0.159574468085	0.363636363636	0.319587628866	0.19512195122	0.0	0.0	0.0	0.192771084337	0.320754716981	0.159090909091	0.382352941176	0.0	0.207547169811	0.404761904762	0.313725490196	0.257425742574	0.2625	0.494117647059	0.255813953488
9	0	0.0	0.12	0.0	0.329896907216	0.0425531914894	0.0	0.0	0.0	0.0	0.0	0.0	0.22	0.0	0.272727272727	0.276595744681	0.15625	0.0	0.191011235955	0.164948453608	0.0
10	0	0.0947368421053	0.0754716981132	0.306306306306	0.295238095238	0.255102040816	0.0	0.0	0.0	0.222222222222	0.339805825243	0.211111111111	0.528846153846	0.0	0.232323232323	0.434343434343	0.285714285714	0.307692307692	0.102040816327	0.508928571429	0.313559322034
11	0	0.0	0.122222222222	0.0	0.254716981132	0.103773584906	0.0	0.0	0.0	0.0	0.0	0.0	0.252427184466	0.0	0.231481481481	0.313131313131	0.12380952381	0.0	0.212121212121	0.25	0.0
12	0	0.175257731959	0.135135135135	0.365384615385	0.322916666667	0.288659793814	0.0	0.0	0.0	0.2	0.29347826087	0.163265306122	0.408602150538	0.0	0.26213592233	0.457142857143	0.32380952381	0.244897959184	0.186046511628	0.488372093023	0.229166666667
13	0	0.0795454545455	0.0	0.0	0.0	0.0	0.118279569892	0.0947368421053	0.190909090909	0.0	0.0	0.0	0.0	0.0661157024793	0.0	0.0	0.0537634408602	0.0	0.0	0.0	0.0
14	0	0.168316831683	0.284090909091	0.0	0.0	0.333333333333	0.126315789474	0.0	0.0	0.0	0.0	0.0	0.0	0.315789473684	0.275862068966	0.0	0.0	0.0	0.234234234234	0.0	0.244444444444
15	0	0.0	0.155339805825	0.0	0.382978723404	0.122641509434	0.0	0.0	0.0	0.0	0.0	0.0	0.141304347826	0.0	0.234234234234	0.262626262626	0.120689655172	0.0	0.23595505618	0.289156626506	0.0
16	0	0.0989010989011	0.10843373494	0.309734513274	0.372727272727	0.296703296703	0.0	0.0	0.0	0.238095238095	0.298387096774	0.221153846154	0.39	0.0	0.197674418605	0.391304347826	0.313131313131	0.256880733945	0.150943396226	0.530303030303	0.336283185841
17	0	0.0	0.110091743119	0.0	0.263736263736	0.0862068965517	0.0	0.0	0.0	0.0	0.0	0.0	0.227722772277	0.0	0.214285714286	0.269230769231	0.115789473684	0.0	0.148936170213	0.163265306122	0.0
18	0	0.0	0.0	0.0	0.0	0.0	0.12	0.115384615385	0.215053763441	0.12	0.0	0.20652173913	0.0	0.122641509434	0.0	0.0	0.135802469136	0.0	0.104651162791	0.0	0.0
19	0	0.0	0.137254901961	0.0	0.284403669725	0.0581395348837	0.0	0.0	0.0	0.0	0.0	0.0	0.241758241758	0.0	0.247191011236	0.329896907216	0.0510204081633	0.0	0.242718446602	0.232323232323	0.0
20	0	0.0	0.0	0.0	0.0	0.0	0.138613861386	0.100917431193	0.21568627451	0.155555555556	0.0	0.100917431193	0.0	0.0505050505051	0.0	0.0	0.0947368421053	0.0	0.123711340206	0.0	0.0
21	0	0.142857142857	0.0740740740741	0.323529411765	0.354166666667	0.21359223301	0.0	0.0	0.0	0.118811881188	0.238095238095	0.221052631579	0.474747474747	0.0	0.299065420561	0.312	0.268518518519	0.259615384615	0.12380952381	0.457446808511	0.225490196078
22	0	0.0	0.0	0.0	0.0	0.0	0.126213592233	0.193548387097	0.211009174312	0.17	0.0	0.198275862069	0.0	0.157894736842	0.0	0.0	0.08	0.0	0.106796116505	0.0	0.0
23	0	0.0	0.113636363636	0.0	0.316831683168	0.103092783505	0.0	0.0	0.0	0.0	0.0	0.0	0.215053763441	0.0	0.277777777778	0.269230769231	0.105769230769	0.0	0.134615384615	0.1875	0.0
24	0	0.0	0.0	0.0	0.0	0.0	0.1125	0.194444444444	0.336633663366	0.103092783505	0.0	0.19801980198	0.0	0.0919540229885	0.0	0.0	0.0674157303371	0.0	0.179245283019	0.0	0.0
25	0	0.0	0.0	0.0	0.0	0.0	0.0961538461538	0.194174757282	0.269662921348	0.155339805825	0.0	0.0961538461538	0.0	0.1	0.0	0.0	0.126213592233	0.0	0.122641509434	0.0	0.0
26	0	0.12037037037	0.130434782609	0.34	0.275510204082	0.21978021978	0.0	0.0	0.0	0.21	0.344086021505	0.176470588235	0.43	0.0	0.294117647059	0.478260869565	0.291666666667	0.239583333333	0.139534883721	0.55421686747	0.299145299145
27	0	0.118279569892	0.104347826087	0.397959183673	0.353448275862	0.252747252747	0.0	0.0	0.0	0.202247191011	0.298850574713	0.252873563218	0.396226415094	0.0	0.223140495868	0.432692307692	0.241758241758	0.361904761905	0.161290322581	0.433962264151	0.252631578947
28	0	0.128205128205	0.194444444444	0.0	0.0	0.25	0.247191011236	0.0	0.0	0.0	0.0	0.0	0.0	0.326086956522	0.344827586207	0.0	0.0	0.0	0.178947368421	0.0	0.207547169811
29	0	0.0	0.123711340206	0.0	0.287037037037	0.129032258065	0.0	0.0	0.0	0.0	0.0	0.0	0.252525252525	0.0	0.268041237113	0.277777777778	0.0833333333333	0.0	0.172413793103	0.239583333333	0.0
30	0	0.0	0.0	0.0	0.0	0.0	0.0618556701031	0.173076923077	0.256880733945	0.109090909091	0.0	0.132653061224	0.0	0.138613861386	0.0	0.0	0.115702479339	0.0	0.209523809524	0.0	0.0
31	0	0.0	0.114583333333	0.0	0.425287356322	0.07	0.0	0.0	0.0	0.0	0.0	0.0	0.258426966292	0.0	0.231578947368	0.214285714286	0.13829787234	0.0	0.112244897959	0.245283018868	0.0
32	0	0.175824175824	0.336842105263	0.0	0.0	0.196078431373	0.132075471698	0.0	0.0	0.0	0.0	0.0	0.0	0.257425742574	0.236559139785	0.0	0.0	0.0	0.181818181818	0.0	0.244444444444
33	0	0.201612903226	0.112244897959	0.354545454545	0.314814814815	0.217821782178	0.0	0.0	0.0	0.212765957447	0.345794392523	0.198113207547	0.414893617021	0.0	0.325842696629	0.366071428571	0.296296296296	0.254901960784	0.176470588235	0.494736842105	0.294117647059
34	0	0.150943396226	0.11320754717	0.29203539823	0.284090909091	0.222222222222	0.0	0.0	0.0	0.226804123711	0.377551020408	0.176991150442	0.414141414141	0.0	0.271739130435	0.398305084746	0.283018867925	0.206896551724	0.155339805825	0.415584415584	0.378640776699
35	0	0.0	0.160377358491	0.0	0.330097087379	0.132530120482	0.0	0.0	0.0	0.0	0.0	0.0	0.236842105263	0.0	0.242424242424	0.284090909091	0.0697674418605	0.0	0.186813186813	0.2	0.0
36	0	0.0	0.186440677966	0.0	0.375	0.16049382716	0.0	0.0	0.0	0.0	0.0	0.0	0.247422680412	0.0	0.21686746988	0.275862068966	0.0941176470588	0.0	0.169811320755	0.265306122449	0.0
37	0	0.0	0.181818181818	0.0	0.169811320755	0.0789473684211	0.0	0.0	0.0	0.0	0.0	0.16049382716	0.263157894737	0.0	0.216494845361	0.411764705882	0.0769230769231	0.28431372549	0.175925925926	0.452173913043	0.0
38	0	0.0	0.0	0.0	0.0	0.0	0.0747663551402	0.238532110092	0.181034482759	0.155339805825	0.0	0.227272727273	0.0	0.112244897959	0.0	0.0	0.1875	0.0	0.135416666667	0.0	0.0
39	0	0.0	0.0	0.0	0.0	0.0	0.147058823529	0.197802197802	0.315789473684	0.102272727273	0.0	0.136363636364	0.0	0.0782608695652	0.0	0.0	0.136842105263	0.0	0.183908045977	0.0	0.0
40	0	0.154761904762	0.0740740740741	0.279661016949	0.326086956522	0.173469387755	0.0	0.0	0.0	0.190909090909	0.279279279279	0.182926829268	0.329268292683	0.0	0.20652173913	0.340425531915	0.298969072165	0.271186440678	0.163636363636	0.54347826087	0.291666666667
41	0	0.108910891089	0.271028037383	0.0	0.0	0.205882352941	0.179775280899	0.0	0.0	0.0	0.0	0.0	0.0	0.237623762376	0.244897959184	0.0	0.0	0.0	0.212962962963	0.0	0.224719101124
42	0	0.196078431373	0.135135135135	0.3375	0.28431372549	0.257142857143	0.0	0.0	0.0	0.198113207547	0.31914893617	0.159090909091	0.377358490566	0.0	0.222222222222	0.432989690722	0.270588235294	0.238095238095	0.244186046512	0.532110091743	0.257731958763
43	0	0.0	0.0	0.21359223301	0.242990654206	0.0	0.0841121495327	0.0	0.0	0.122641509434	0.0	0.0	0.0873786407767	0.0	0.0	0.06	0.0	0.0	0.0	0.0	0.0
44	0	0.0	0.114583333333	0.0	0.371134020619	0.125	0.0	0.0	0.0	0.0	0.0	0.0	0.182795698925	0.0	0.220930232558	0.306306306306	0.161904761905	0.0	0.171717171717	0.126213592233	0.0
45	0	0.0	0.0660377358491	0.0	0.325	0.0957446808511	0.0	0.0	0.0	0.0	0.0	0.0	0.285714285714	0.0	0.202127659574	0.244897959184	0.0860215053763	0.0	0.176470588235	0.208695652174	0.0
46	0	0.210526315789	0.0847457627119	0.333333333333	0.363636363636	0.295238095238	0.0	0.0	0.0	0.181818181818	0.303921568627	0.184210526316	0.388888888889	0.0	0.29702970297	0.454545454545	0.340206185567	0.275510204082	0.13	0.568181818182	0.317647058824
47	0	0.164948453608	0.12	0.348837209302	0.414141414141	0.20618556701	0.0	0.0	0.0	0.144578313253	0.25	0.25	0.413043478261	0.0	0.247191011236	0.388235294118	0.278350515464	0.276595744681	0.134615384615	0.405940594059	0.295918367347
48	0	0.0740740740741	0.150442477876	0.0	0.0	0.130434782609	0.0	0.0	0.0	0.0	0.0	0.0	0.0	0.173913043478	0.269230769231	0.0	0.0	0.0	0.221153846154	0.0	0.222222222222
49	0	0.137254901961	0.121495327103	0.416666666667	0.258928571429	0.210526315789	0.0	0.0	0.0	0.155339805825	0.298850574713	0.147727272727	0.423076923077	0.0	0.247524752475	0.390804597701	0.223214285714	0.263157894737	0.181818181818	0.489130434783	0.25
50	0	0.0	0.093023255814	0.0	0.317073170732	0.101851851852	0.0	0.0	0.0	0.0	0.0	0.0	0.225225225225	0.0	0.185840707965	0.241758241758	0.0925925925926	0.0	0.190476190476	0.221052631579	0.0
51	0	0.122641509434	0.272727272727	0.0	0.0	0.22	0.139534883721	0.0	0.0	0.0	0.0	0.0	0.0	0.301075268817	0.221052631579	0.0	0.0	0.0	0.12380952381	0.0	0.223300970874
52	0	0.0	0.134020618557	0.0	0.261363636364	0.120879120879	0.0	0.0	0.0	0.0	0.0	0.0	0.211111111111	0.0	0.252631578947	0.270833333333	0.0860215053763	0.0	0.165137614679	0.184466019417	0.0
53	0	0.152941176471	0.277777777778	0.0	0.0	0.285714285714	0.190909090909	0.0	0.0	0.0	0.0	0.0	0.0	0.268041237113	0.344444444444	0.0	0.0	0.0	0.129310344828	0.0	0.112676056338
54	0	0.0	0.0	0.0	0.0	0.0	0.132530120482	0.242424242424	0.223529411765	0.138613861386	0.0	0.139534883721	0.0	0.135135135135	0.0	0.0	0.122222222222	0.0	0.1	0.0	0.0
55	0	0.0	0.0	0.0	0.360824742268	0.0	0.0	0.0	0.0	0.0	0.0	0.0	0.121212121212	0.0	0.0	0.132743362832	0.0	0.0	0.193181818182	0.0	0.0
56	0	0.142857142857	0.0978260869565	0.35	0.244680851064	0.240384615385	0.0	0.0	0.0	0.216494845361	0.285714285714	0.158878504673	0.451612903226	0.0	0.283018867925	0.411214953271	0.283018867925	0.342857142857	0.171717171717	0.551401869159	0.268907563025
57	0	0.0	0.12380952381	0.0	0.309278350515	0.0952380952381	0.0	0.0	0.0	0.0	0.0	0.0	0.319587628866	0.0	0.32967032967	0.3	0.153846153846	0.0	0.15	0.137254901961	0.0
58	0	0.0	0.12380952381	0.0	0.380952380952	0.0618556701031	0.0	0.0	0.0	0.0	0.0	0.0	0.342857142857	0.0	0.18691588785	0.21875	0.130434782609	0.0	0.119266055046	0.173469387755	0.0
59	0	0.0	0.122448979592	0.0	0.39	0.153153153153	0.0	0.0	0.0	0.0	0.0	0.0	0.224137931034	0.0	0.244444444444	0.339805825243	0.2	0.0	0.18	0.205607476636	0.0
60	0	0.0804597701149	0.19587628866	0.333333333333	0.299065420561	0.26213592233	0.0	0.0	0.0	0.274509803922	0.371428571429	0.194174757282	0.355769230769	0.0	0.227272727273	0.474747474747	0.268518518519	0.363636363636	0.137096774194	0.411764705882	0.204301075269
61	0	0.122448979592	0.0744680851064	0.387755102041	0.342592592593	0.329545454545	0.0	0.0	0.0	0.25	0.277227722772	0.21359223301	0.49504950495	0.0	0.25	0.490740740741	0.359223300971	0.27358490566	0.141414141414	0.484848484848	0.292134831461
62	0	0.0	0.141304347826	0.0	0.323232323232	0.0803571428571	0.0	0.0	0.0	0.0	0.0	0.0	0.307692307692	0.0	0.264150943396	0.266666666667	0.150442477876	0.0	0.14606741573	0.179245283019	0.0
63	0	0.0	0.114285714286	0.0	0.315789473684	0.104166666667	0.0	0.0	0.0	0.0	0.0	0.20202020202	0.227722772277	0.0	0.231481481481	0.441860465116	0.128440366972	0.213483146067	0.195652173913	0.4	0.0
64	0	0.0	0.0	0.185567010309	0.284210526316	0.0	0.0851063829787	0.0	0.0	0.0943396226415	0.0	0.0	0.0720720720721	0.0	0.0	0.104651162791	0.0	0.0	0.0	0.0	0.0
65	0	0.0	0.121951219512	0.0	0.305555555556	0.140186915888	0.0	0.0	0.0	0.0	0.0	0.0	0.203539823009	0.0	0.230769230769	0.340425531915	0.147368421053	0.0	0.172043010753	0.173333333333	0.0
66	0	0.170454545455	0.0957446808511	0.314285714286	0.326923076923	0.245454545455	0.0	0.0	0.0	0.234693877551	0.293577981651	0.0989010989011	0.477777777778	0.0	0.326923076923	0.373737373737	0.234782608696	0.276785714286	0.130434782609	0.48623853211	0.24
67	0	0.0	0.0	0.0	0.0	0.0	0.0363636363636	0.155963302752	0.28431372549	0.114285714286	0.0	0.117647058824	0.0	0.0594059405941	0.0	0.0	0.139534883721	0.0	0.104166666667	0.0	0.0
68	0	0.0	0.0851063829787	0.0	0.31914893617	0.0833333333333	0.0	0.0	0.0	0.0	0.0	0.0	0.211764705882	0.0	0.234042553191	0.302752293578	0.223300970874	0.0	0.1484375	0.205607476636	0.0
69	0	0.430107526882	0.339285714286	0.595238095238	0.208955223881	0.405940594059	0.375	0.299065420561	0.313253012048	0.365591397849	0.522935779817	0.300970873786	0.204301075269	0.411764705882	0.247619047619	0.226804123711	0.25	0.478723404255	0.230769230769	0.277777777778	0.530434782609
70	0	0.168831168831	0.0769230769231	0.43	0.283185840708	0.279069767442	0.0	0.0	0.0	0.304347826087	0.278846153846	0.178217821782	0.5	0.0	0.181818181818	0.425531914894	0.287037037037	0.255102040816	0.177570093458	0.510416666667	0.2
71	0	0.0	0.0	0.0	0.0	0.0	0.155963302752	0.137254901961	0.25	0.120481927711	0.0	0.144144144144	0.0	0.0825688073394	0.0	0.0	0.126582278481	0.0	0.220930232558	0.0	0.0
72	0	0.146666666667	0.078431372549	0.262626262626	0.40625	0.3125	0.0	0.0	0.0	0.184466019417	0.18691588785	0.230769230769	0.378640776699	0.0	0.25	0.434782608696	0.189873417722	0.259615384615	0.215053763441	0.547008547009	0.136363636364
73	0	0.0	0.0	0.154545454545	0.237623762376	0.0	0.106194690265	0.0	0.0	0.0333333333333	0.0	0.0	0.11214953271	0.0	0.0	0.112	0.0	0.0	0.0	0.0	0.0
74	0	0.0	0.0	0.189473684211	0.219512195122	0.0	0.0714285714286	0.0	0.0	0.142857142857	0.0	0.0	0.0659340659341	0.0	0.0	0.0636363636364	0.0	0.0	0.0	0.0	0.0
75	0	0.0	0.0	0.0	0.0	0.0	0.12213740458	0.121212121212	0.31067961165	0.150943396226	0.0	0.184210526316	0.0	0.198275862069	0.0	0.0	0.144329896907	0.0	0.118279569892	0.0	0.0
76	0	0.161616161616	0.298076923077	0.0	0.0	0.21978021978	0.155339805825	0.0	0.0	0.0	0.0	0.0	0.0	0.265486725664	0.232323232323	0.0	0.0	0.0	0.19801980198	0.0	0.255555555556
77	0	0.0	0.0	0.0	0.0	0.0	0.159574468085	0.103773584906	0.247619047619	0.168316831683	0.0	0.134020618557	0.0	0.108910891089	0.0	0.0	0.118811881188	0.0	0.168421052632	0.0	0.0
78	0	0.150537634409	0.287234042553	0.0	0.0	0.220183486239	0.15652173913	0.0	0.0	0.0	0.0	0.0	0.0	0.294117647059	0.228571428571	0.0	0.0	0.0	0.18085106383	0.0	0.207547169811
79	0	0.0	0.127659574468	0.0	0.291666666667	0.145631067961	0.0	0.0	0.0	0.0	0.0	0.0	0.29702970297	0.0	0.306306306306	0.25	0.141414141414	0.0	0.165048543689	0.274336283186	0.0
80	0	0.0	0.114035087719	0.0	0.298076923077	0.0833333333333	0.0	0.0	0.0	0.0	0.0	0.0	0.2	0.0	0.211111111111	0.301886792453	0.132530120482	0.0	0.137254901961	0.231481481481	0.0
81	0	0.0	0.0	0.0	0.0	0.0	0.166666666667	0.223300970874	0.176470588235	0.22	0.0	0.144230769231	0.0	0.12037037037	0.0	0.0	0.129032258065	0.0	0.105769230769	0.0	0.0
82	0	0.0	0.106382978723	0.0	0.274725274725	0.0679611650485	0.0	0.0	0.0	0.0	0.0	0.0	0.263565891473	0.0	0.181102362205	0.318681318681	0.155339805825	0.0	0.125	0.165217391304	0.0
83	0	0.145631067961	0.299065420561	0.0	0.0	0.281818181818	0.189473684211	0.0	0.0	0.0	0.0	0.0	0.0	0.279661016949	0.222222222222	0.0	0.0	0.0	0.133333333333	0.0	0.257731958763
84	0	0.0	0.0	0.0	0.0	0.0	0.141509433962	0.258426966292	0.178217821782	0.151515151515	0.0	0.204081632653	0.0	0.111111111111	0.0	0.0	0.117647058824	0.0	0.194444444444	0.0	0.0
85	0	0.116071428571	0.272727272727	0.0	0.0	0.209523809524	0.219047619048	0.0	0.0	0.0	0.0	0.0	0.0	0.272727272727	0.180952380952	0.0	0.0	0.0	0.171428571429	0.0	0.25
86	0	0.0	0.0	0.0	0.0	0.0	0.110169491525	0.175824175824	0.31067961165	0.117647058824	0.0	0.157407407407	0.0	0.120879120879	0.0	0.0	0.020618556701	0.0	0.132653061224	0.0	0.0
87	0	0.0	0.13	0.0	0.315789473684	0.0721649484536	0.0	0.0	0.0	0.0	0.0	0.0	0.309734513274	0.0	0.271028037383	0.272727272727	0.0978260869565	0.0	0.169642857143	0.245098039216	0.0
88	0	0.0	0.142857142857	0.0	0.264367816092	0.156862745098	0.0	0.0	0.0	0.0	0.0	0.0	0.242105263158	0.0	0.23	0.304347826087	0.102040816327	0.0	0.114285714286	0.166666666667	0.0
89	0	0.0	0.0	0.179245283019	0.204918032787	0.0	0.128712871287	0.0	0.0	0.0941176470588	0.0	0.0	0.0978260869565	0.0	0.0	0.121951219512	0.0	0.0	0.0	0.0	0.0
90	0	0.105882352941	0.0927835051546	0.313131313131	0.340425531915	0.224137931034	0.0	0.0	0.0	0.194690265487	0.228070175439	0.20202020202	0.516853932584	0.0	0.152380952381	0.417582417582	0.306818181818	0.333333333333	0.173333333333	0.544444444444	0.259615384615
91	0	0.0	0.0	0.0	0.0	0.0	0.147058823529	0.17	0.265306122449	0.161904761905	0.0	0.152173913043	0.0	0.0927835051546	0.0	0.0	0.0608695652174	0.0	0.196428571429	0.0	0.0
92	0	0.0	0.181818181818	0.0	0.235849056604	0.1	0.0	0.0	0.0	0.0	0.0	0.0	0.122448979592	0.0	0.290322580645	0.303921568627	0.122448979592	0.0	0.146551724138	0.166666666667	0.0
93	0	0.126315789474	0.323529411765	0.0	0.0	0.252631578947	0.156862745098	0.0	0.0	0.0	0.0	0.0	0.0	0.371794871795	0.306930693069	0.0	0.0	0.0	0.109756097561	0.0	0.235849056604
94	0	0.0520833333333	0.247524752475	0.0	0.0	0.280487804878	0.173469387755	0.0	0.0	0.0	0.0	0.0	0.0	0.220183486239	0.284552845528	0.0	0.0	0.0	0.21	0.0	0.209523809524
95	0	0.0	0.0927835051546	0.0	0.31067961165	0.0924369747899	0.0	0.0	0.0	0.0	0.0	0.0	0.262626262626	0.0	0.281818181818	0.333333333333	0.0736842105263	0.0	0.136363636364	0.219047619048	0.0
96	0	0.0	0.0	0.0	0.0	0.0	0.106194690265	0.10752688172	0.259259259259	0.203539823009	0.0	0.154639175258	0.0	0.115789473684	0.0	0.0	0.1	0.0	0.232142857143	0.0	0.0
97	0	0.19298245614	0.154545454545	0.288888888889	0.327731092437	0.188888888889	0.0	0.0	0.0	0.134020618557	0.263736263736	0.212962962963	0.46218487395	0.0	0.206611570248	0.381818181818	0.308510638298	0.245098039216	0.168224299065	0.444444444444	0.234693877551
98	0	0.0	0.0	0.0	0.0	0.0	0.213483146067	0.162162162162	0.223404255319	0.135802469136	0.0	0.217821782178	0.0	0.0705882352941	0.0	0.0	0.10989010989	0.0	0.0952380952381	0.0	0.0
99	0	0.126315789474	0.14	0.179775280899	0.370689655172	0.151162790698	0.0	0.0	0.0	0.186274509804	0.344444444444	0.173913043478	0.418181818182	0.0	0.225490196078	0.380434782609	0.29	0.269565217391	0.158415841584	0.519607843137	0.268041237113
