Num_mutations: 100
Num_samples: 15
Error_rate: 0.050000

0.000000000000000000e+00 0.000000000000000000e+00 4.167459562321598754e-01 4.377593360995850613e-01 3.908275174476570357e-01 0.000000000000000000e+00 5.188118811881188286e-01 0.000000000000000000e+00 0.000000000000000000e+00 0.000000000000000000e+00 5.420000000000000373e-01 4.329089128305582679e-01 0.000000000000000000e+00 0.000000000000000000e+00 0.000000000000000000e+00
0.000000000000000000e+00 0.000000000000000000e+00 4.500000000000000111e-01 4.065372829417773226e-01 4.352941176470588314e-01 0.000000000000000000e+00 5.259875259875259612e-01 0.000000000000000000e+00 0.000000000000000000e+00 0.000000000000000000e+00 5.937161430119176631e-01 4.319999999999999951e-01 0.000000000000000000e+00 0.000000000000000000e+00 0.000000000000000000e+00
3.306930693069307092e-01 0.000000000000000000e+00 2.818003913894324697e-01 0.000000000000000000e+00 0.000000000000000000e+00 5.104270109235352626e-01 0.000000000000000000e+00 3.362658846529814061e-01 0.000000000000000000e+00 4.512067156348373298e-01 0.000000000000000000e+00 0.000000000000000000e+00 2.809756097560975885e-01 0.000000000000000000e+00 0.000000000000000000e+00
3.330197554092191869e-01 0.000000000000000000e+00 0.000000000000000000e+00 0.000000000000000000e+00 2.731614135625596851e-01 0.000000000000000000e+00 0.000000000000000000e+00 0.000000000000000000e+00 0.000000000000000000e+00 5.366795366795367173e-01 0.000000000000000000e+00 0.000000000000000000e+00 0.000000000000000000e+00 0.000000000000000000e+00 3.396226415094339424e-01
7.255092143549951578e-01 7.546777546777546641e-01 2.911392405063291111e-01 0.000000000000000000e+00 2.728146013448606855e-01 5.004868549172346581e-01 0.000000000000000000e+00 6.885919835560123659e-01 0.000000000000000000e+00 9.980506822612085216e-01 0.000000000000000000e+00 0.000000000000000000e+00 2.673575129533678485e-01 5.009708737864078110e-01 7.230929989550679560e-01
1.044265593561368277e+00 1.019607843137254832e+00 9.890547263681591650e-01 1.000989119683481698e+00 1.037336024217961672e+00 9.909182643794147705e-01 5.058201058201058364e-01 1.025125628140703515e+00 9.893719806763284774e-01 1.057086614173228245e+00 4.906771344455348460e-01 6.251256281407034932e-01 7.893175074183976792e-01 9.669902912621358704e-01 6.845360824742268147e-01
1.007223942208462342e+00 9.758551307847082024e-01 9.718309859154929953e-01 1.002044989775051187e+00 9.884332281808622112e-01 1.048991354466858761e+00 1.003039513677811634e+00 9.474637681159420177e-01 9.553752535496957687e-01 1.011583011583011560e+00 1.012682926829268304e+00 1.056894889103182189e+00 7.478991596638655537e-01 9.364908503767491732e-01 6.485397784491440110e-01
0.000000000000000000e+00 2.865916069600819016e-01 4.074436826640548404e-01 6.537342386032978236e-01 4.227005870841487045e-01 0.000000000000000000e+00 4.985279685966633734e-01 0.000000000000000000e+00 4.760039177277179401e-01 0.000000000000000000e+00 5.058139534883721034e-01 4.609297725024728010e-01 0.000000000000000000e+00 4.774590163934426257e-01 0.000000000000000000e+00
0.000000000000000000e+00 0.000000000000000000e+00 4.467425025853153930e-01 4.219999999999999862e-01 4.541910331384015342e-01 0.000000000000000000e+00 5.342205323193915945e-01 0.000000000000000000e+00 0.000000000000000000e+00 0.000000000000000000e+00 5.396825396825396526e-01 4.162219850586979519e-01 0.000000000000000000e+00 0.000000000000000000e+00 0.000000000000000000e+00
6.659641728134878536e-01 6.975845410628018772e-01 2.760675273088381565e-01 0.000000000000000000e+00 2.859980139026812584e-01 4.953445065176908524e-01 0.000000000000000000e+00 6.794354838709677491e-01 0.000000000000000000e+00 1.026666666666666616e+00 0.000000000000000000e+00 0.000000000000000000e+00 2.735381565906838675e-01 5.675675675675675436e-01 6.881720430107527431e-01
0.000000000000000000e+00 0.000000000000000000e+00 5.035105315947843163e-01 4.097148891235480317e-01 3.711340206185567148e-01 0.000000000000000000e+00 5.690890481064483364e-01 0.000000000000000000e+00 0.000000000000000000e+00 0.000000000000000000e+00 5.240847784200385329e-01 4.110127826941986084e-01 0.000000000000000000e+00 0.000000000000000000e+00 0.000000000000000000e+00
6.849315068493150305e-01 6.461843409316154752e-01 2.743538767395626299e-01 0.000000000000000000e+00 2.968421052631579071e-01 5.109211775878442774e-01 0.000000000000000000e+00 6.750000000000000444e-01 0.000000000000000000e+00 9.952874646559849436e-01 0.000000000000000000e+00 0.000000000000000000e+00 2.655935613682092744e-01 5.378323108384458484e-01 7.204724409448819422e-01
0.000000000000000000e+00 2.928709055876685952e-01 4.007820136852394688e-01 7.372708757637475019e-01 4.235537190082644399e-01 0.000000000000000000e+00 5.485485485485485091e-01 0.000000000000000000e+00 5.141700404858299267e-01 0.000000000000000000e+00 5.807692307692308153e-01 4.150197628458497934e-01 0.000000000000000000e+00 4.223602484472049889e-01 0.000000000000000000e+00
9.653767820773930808e-01 1.031472081218274051e+00 1.028142589118198780e+00 9.899999999999999911e-01 9.706498951781971085e-01 1.032512315270935899e+00 1.012858555885262080e+00 9.740634005763688652e-01 9.616935483870967527e-01 9.809428284854563307e-01 1.005928853754940677e+00 9.818913480885311795e-01 7.710084033613445742e-01 9.834469328140214017e-01 6.541666666666666741e-01
6.694214876033057759e-01 7.269035532994924109e-01 2.921810699588477389e-01 0.000000000000000000e+00 3.225806451612903136e-01 5.070707070707071162e-01 0.000000000000000000e+00 6.787878787878788289e-01 0.000000000000000000e+00 1.024236037934667998e+00 0.000000000000000000e+00 0.000000000000000000e+00 2.465483234714004046e-01 6.135922330097087762e-01 6.800804828973843197e-01
0.000000000000000000e+00 2.653927813163481919e-01 4.450867052023121384e-01 7.284287011807447643e-01 4.568720379146919419e-01 0.000000000000000000e+00 5.836820083682008331e-01 0.000000000000000000e+00 4.307381193124368290e-01 0.000000000000000000e+00 6.059979317476732463e-01 4.548162859980138806e-01 0.000000000000000000e+00 4.579256360078277632e-01 0.000000000000000000e+00
1.032770605759682159e+00 1.035823950870010224e+00 9.807497467071935038e-01 9.646821392532795025e-01 1.012145748987854255e+00 9.660144181256437035e-01 1.036669970267591667e+00 9.864603481624758530e-01 9.829145728643216007e-01 9.961165048543689782e-01 9.325396825396825573e-01 9.943714821763601774e-01 7.719298245614034659e-01 9.990089197224975015e-01 7.244701348747591974e-01
6.927710843373493521e-01 7.757459095283927297e-01 2.974874371859296263e-01 0.000000000000000000e+00 2.859903381642512343e-01 4.760975609756097349e-01 0.000000000000000000e+00 6.425702811244979884e-01 0.000000000000000000e+00 1.017740429505135324e+00 0.000000000000000000e+00 0.000000000000000000e+00 2.538759689922480689e-01 4.887983706720977484e-01 7.041984732824427828e-01
9.556650246305419261e-01 1.016771488469601747e+00 9.979508196721311730e-01 9.810189810189809956e-01 9.791044776119403048e-01 1.061983471074380070e+00 5.235707121364092664e-01 9.490509490509489998e-01 9.250000000000000444e-01 1.021582733812949728e+00 5.240000000000000213e-01 6.528384279475982765e-01 7.773359840954274791e-01 1.012552301255230214e+00 7.129277566539924393e-01
9.707366296670030259e-01 9.893100097181729558e-01 9.980842911877394474e-01 1.031216361679224924e+00 1.032705649157581673e+00 1.009708737864077666e+00 5.600000000000000533e-01 1.019723865877712132e+00 9.949031600407747256e-01 9.906928645294725833e-01 5.334685598377282290e-01 6.274509803921568540e-01 7.572633552014995661e-01 1.009920634920634885e+00 7.017208413001911893e-01
0.000000000000000000e+00 0.000000000000000000e+00 0.000000000000000000e+00 0.000000000000000000e+00 0.000000000000000000e+00 0.000000000000000000e+00 0.000000000000000000e+00 0.000000000000000000e+00 0.000000000000000000e+00 0.000000000000000000e+00 0.000000000000000000e+00 0.000000000000000000e+00 2.381413359148112363e-01 0.000000000000000000e+00 2.584493041749503228e-01
6.860581745235707629e-01 7.346115035317860587e-01 2.476970317297850499e-01 0.000000000000000000e+00 2.851637764932562491e-01 5.115810674723061391e-01 0.000000000000000000e+00 7.141463414634146023e-01 0.000000000000000000e+00 1.023069207622868682e+00 0.000000000000000000e+00 0.000000000000000000e+00 2.554973821989529048e-01 5.783385909568874439e-01 7.342026078234704656e-01
9.759999999999999787e-01 1.024999999999999911e+00 1.020172910662824117e+00 9.737373737373737903e-01 9.839034205231388386e-01 1.003906250000000000e+00 5.916919959473151414e-01 1.022222222222222143e+00 1.003141361256544517e+00 9.962049335863377708e-01 5.438066465256797821e-01 6.726907630522088732e-01 7.841584158415841888e-01 1.023965141612200425e+00 7.215447154471544833e-01
0.000000000000000000e+00 0.000000000000000000e+00 0.000000000000000000e+00 0.000000000000000000e+00 0.000000000000000000e+00 0.000000000000000000e+00 0.000000000000000000e+00 0.000000000000000000e+00 0.000000000000000000e+00 0.000000000000000000e+00 0.000000000000000000e+00 0.000000000000000000e+00 2.240161453077699205e-01 0.000000000000000000e+00 2.838095238095237893e-01
0.000000000000000000e+00 0.000000000000000000e+00 3.483735571878279202e-01 4.497991967871485808e-01 4.353612167300380253e-01 0.000000000000000000e+00 5.366834170854271058e-01 0.000000000000000000e+00 0.000000000000000000e+00 0.000000000000000000e+00 5.326530612244897434e-01 4.099378881987577605e-01 0.000000000000000000e+00 0.000000000000000000e+00 0.000000000000000000e+00
1.026915113871635699e+00 9.750479846449136012e-01 9.942196531791906988e-01 9.859154929577464976e-01 1.015962441314554043e+00 1.034000000000000030e+00 5.442764578833693134e-01 9.949135300101729085e-01 9.930069930069930217e-01 9.949949949949949968e-01 5.612565445026177491e-01 7.166123778501628516e-01 7.464212678936604783e-01 1.000000000000000000e+00 7.276264591439688401e-01
0.000000000000000000e+00 0.000000000000000000e+00 4.148606811145510997e-01 4.150559511698880821e-01 3.895582329317269221e-01 0.000000000000000000e+00 5.382262996941895583e-01 0.000000000000000000e+00 0.000000000000000000e+00 0.000000000000000000e+00 5.578231292517006334e-01 3.818001978239367045e-01 0.000000000000000000e+00 0.000000000000000000e+00 0.000000000000000000e+00
0.000000000000000000e+00 2.553626149131766887e-01 4.158215010141987911e-01 7.056323060573858053e-01 3.824091778202676761e-01 0.000000000000000000e+00 5.390781563126252340e-01 0.000000000000000000e+00 4.503441494591937100e-01 0.000000000000000000e+00 5.530227948463825038e-01 4.639076034648700886e-01 0.000000000000000000e+00 4.671246319921491530e-01 0.000000000000000000e+00
3.815384615384615485e-01 0.000000000000000000e+00 3.022774327122152993e-01 0.000000000000000000e+00 0.000000000000000000e+00 4.550898203592814162e-01 0.000000000000000000e+00 3.177570093457943723e-01 0.000000000000000000e+00 4.124513618677042581e-01 0.000000000000000000e+00 0.000000000000000000e+00 2.541222114451988090e-01 0.000000000000000000e+00 0.000000000000000000e+00
1.000000000000000000e+00 1.007532956685499137e+00 1.061430010070493424e+00 1.006937561942517378e+00 9.599198396793586774e-01 9.253438113948919685e-01 5.434343434343433810e-01 1.031472081218274051e+00 9.656607700312175302e-01 9.831775700934579643e-01 6.156982670744138852e-01 6.416243654822334497e-01 7.659980897803246869e-01 9.718172983479106408e-01 7.135777998017839296e-01
0.000000000000000000e+00 0.000000000000000000e+00 4.383838383838383757e-01 4.408163265306122569e-01 4.275436793422404680e-01 0.000000000000000000e+00 5.294117647058823595e-01 0.000000000000000000e+00 0.000000000000000000e+00 0.000000000000000000e+00 5.322245322245322541e-01 4.161490683229813747e-01 0.000000000000000000e+00 0.000000000000000000e+00 0.000000000000000000e+00
7.066929133858267376e-01 7.630180658873538802e-01 2.641129032258064391e-01 0.000000000000000000e+00 3.013435700575815557e-01 4.464831804281345629e-01 0.000000000000000000e+00 6.468172484599589156e-01 0.000000000000000000e+00 1.012909632571995955e+00 0.000000000000000000e+00 0.000000000000000000e+00 2.592223330009970073e-01 5.057712486883525482e-01 7.026476578411405827e-01
3.207547169811320598e-01 0.000000000000000000e+00 0.000000000000000000e+00 0.000000000000000000e+00 2.972440944881890035e-01 0.000000000000000000e+00 0.000000000000000000e+00 0.000000000000000000e+00 0.000000000000000000e+00 5.000000000000000000e-01 0.000000000000000000e+00 0.000000000000000000e+00 0.000000000000000000e+00 0.000000000000000000e+00 3.409090909090908839e-01
1.056179775280898792e+00 9.548511047070125102e-01 9.930348258706467313e-01 9.609609609609609526e-01 1.015706806282722585e+00 1.061553985872855765e+00 5.417095777548918134e-01 1.030662710187932651e+00 9.928205128205128682e-01 1.045120671563483761e+00 5.284474445515910945e-01 6.279069767441860517e-01 7.844827586206896131e-01 1.002938295788442735e+00 7.308085977482088325e-01
3.435700575815738844e-01 0.000000000000000000e+00 2.752293577981651529e-01 0.000000000000000000e+00 0.000000000000000000e+00 5.004985044865404298e-01 0.000000000000000000e+00 3.101711983887210367e-01 0.000000000000000000e+00 4.894204231830726615e-01 0.000000000000000000e+00 0.000000000000000000e+00 2.152560083594566298e-01 0.000000000000000000e+00 0.000000000000000000e+00
3.688362919132149864e-01 0.000000000000000000e+00 2.921348314606741492e-01 0.000000000000000000e+00 0.000000000000000000e+00 5.035389282103134301e-01 0.000000000000000000e+00 3.488602576808721434e-01 0.000000000000000000e+00 4.621513944223107351e-01 0.000000000000000000e+00 0.000000000000000000e+00 2.571166207529844150e-01 0.000000000000000000e+00 0.000000000000000000e+00
3.274161735700197307e-01 0.000000000000000000e+00 3.001027749229188135e-01 0.000000000000000000e+00 0.000000000000000000e+00 4.575163398692810302e-01 0.000000000000000000e+00 3.241650294695481160e-01 0.000000000000000000e+00 4.400000000000000022e-01 0.000000000000000000e+00 0.000000000000000000e+00 2.407582938388625471e-01 0.000000000000000000e+00 0.000000000000000000e+00
9.872881355932203729e-01 1.059405940594059459e+00 9.406130268199234257e-01 9.855670103092784018e-01 1.048403707518022587e+00 1.038805970149253799e+00 5.396226415094339535e-01 1.031729785056294757e+00 9.693978282329713814e-01 1.025176233635448186e+00 5.883495145631068013e-01 6.916666666666666519e-01 7.834843907351459746e-01 1.004897159647404559e+00 6.971201588877854460e-01
7.022132796780684583e-01 7.343589743589743479e-01 2.697302697302697561e-01 0.000000000000000000e+00 2.903533906399236031e-01 4.972855591748099879e-01 0.000000000000000000e+00 7.178030303030302761e-01 0.000000000000000000e+00 1.033570701932858604e+00 0.000000000000000000e+00 0.000000000000000000e+00 2.388059701492537268e-01 5.460060667340748131e-01 7.189922480620154488e-01
0.000000000000000000e+00 2.944062806673208854e-01 4.207317073170731558e-01 7.165354330708660902e-01 4.076555023923444931e-01 0.000000000000000000e+00 5.687885010266940933e-01 0.000000000000000000e+00 4.181459566074950951e-01 0.000000000000000000e+00 4.448938321536906049e-01 3.683683683683683929e-01 0.000000000000000000e+00 4.688427299703263884e-01 0.000000000000000000e+00
0.000000000000000000e+00 0.000000000000000000e+00 4.444444444444444198e-01 4.540229885057471271e-01 4.393505253104106889e-01 0.000000000000000000e+00 5.349301397205589170e-01 0.000000000000000000e+00 0.000000000000000000e+00 0.000000000000000000e+00 5.320930232558139794e-01 4.096871846619576374e-01 0.000000000000000000e+00 0.000000000000000000e+00 0.000000000000000000e+00
6.943866943866944252e-01 3.933787731256085940e-01 2.568093385214007540e-01 0.000000000000000000e+00 3.170984455958549275e-01 4.660194174757281704e-01 0.000000000000000000e+00 3.610547667342799416e-01 0.000000000000000000e+00 1.006698564593301537e+00 0.000000000000000000e+00 0.000000000000000000e+00 2.245322245322245447e-01 0.000000000000000000e+00 3.742331288343558326e-01
9.892891918208374102e-01 1.011167512690355430e+00 9.771863117870722704e-01 1.024485798237022571e+00 1.014285714285714235e+00 1.004803073967339033e+00 5.900383141762451933e-01 9.511718750000000000e-01 1.064420218037660959e+00 9.359504132231405427e-01 5.216515609264853470e-01 6.454265159301130206e-01 7.515030060120240218e-01 9.716088328075709324e-01 7.342799188640973806e-01
9.551098376313276184e-01 7.244582043343653632e-01 3.028391167192429068e-01 0.000000000000000000e+00 6.021717670286278468e-01 4.914744232698094462e-01 0.000000000000000000e+00 1.011764705882352899e+00 0.000000000000000000e+00 1.038306451612903247e+00 0.000000000000000000e+00 2.642706131078224052e-01 4.473420260782347002e-01 5.934959349593496025e-01 7.171717171717171269e-01
3.490073145245559116e-01 0.000000000000000000e+00 2.626459143968871701e-01 0.000000000000000000e+00 0.000000000000000000e+00 4.806355511420059567e-01 0.000000000000000000e+00 3.329907502569373068e-01 0.000000000000000000e+00 4.491017964071856161e-01 0.000000000000000000e+00 0.000000000000000000e+00 2.257383966244725648e-01 0.000000000000000000e+00 0.000000000000000000e+00
6.686746987951807109e-01 7.094188376753507441e-01 2.883817427385891863e-01 0.000000000000000000e+00 2.913776015857284518e-01 4.719764011799409964e-01 0.000000000000000000e+00 6.624869383490072927e-01 0.000000000000000000e+00 9.757575757575757125e-01 0.000000000000000000e+00 0.000000000000000000e+00 2.344546381243629019e-01 5.596059113300492216e-01 6.541129831516352411e-01
0.000000000000000000e+00 2.556538839724680212e-01 4.701273261508325252e-01 6.796116504854369245e-01 4.151696606786426935e-01 0.000000000000000000e+00 5.570599613152804608e-01 0.000000000000000000e+00 4.448897795591182369e-01 0.000000000000000000e+00 5.398138572905895050e-01 4.164989939637827043e-01 0.000000000000000000e+00 4.714975845410627753e-01 0.000000000000000000e+00
6.876227897838900205e-01 6.969072164948453274e-01 2.755741127348643182e-01 0.000000000000000000e+00 3.346613545816732871e-01 4.604462474645030223e-01 0.000000000000000000e+00 6.614017769002961122e-01 0.000000000000000000e+00 1.029107981220657386e+00 0.000000000000000000e+00 0.000000000000000000e+00 2.752867570385818530e-01 5.752855659397715371e-01 7.029608404966570800e-01
0.000000000000000000e+00 0.000000000000000000e+00 0.000000000000000000e+00 0.000000000000000000e+00 0.000000000000000000e+00 0.000000000000000000e+00 0.000000000000000000e+00 0.000000000000000000e+00 0.000000000000000000e+00 0.000000000000000000e+00 0.000000000000000000e+00 0.000000000000000000e+00 2.417582417582417598e-01 0.000000000000000000e+00 3.187817258883248739e-01
1.004830917874396157e+00 1.029239766081871288e+00 9.685916919959473015e-01 9.713155291790306345e-01 9.540566959921799040e-01 1.002074688796680491e+00 5.224327018943170087e-01 9.549902152641878139e-01 9.859437751004016537e-01 9.863013698630136439e-01 5.418410041841004166e-01 6.412512218963831723e-01 7.800000000000000266e-01 9.262135922330096971e-01 7.162022703818369251e-01
9.960159362549800832e-01 1.006329113924050667e+00 1.046938775510203978e+00 9.752953813104189296e-01 1.048805815160955390e+00 9.757085020242914908e-01 5.863770977295162945e-01 1.007421150278293043e+00 1.006882989183874200e+00 9.892682926829268197e-01 5.856459330143540809e-01 5.998089780324736831e-01 8.151093439363816806e-01 9.742063492063491870e-01 7.609359104781281413e-01
6.744639376218323212e-01 6.514285714285714679e-01 2.753346080305927313e-01 0.000000000000000000e+00 2.929399367755531891e-01 4.426523297491039566e-01 0.000000000000000000e+00 6.369047619047618625e-01 0.000000000000000000e+00 9.861111111111111605e-01 0.000000000000000000e+00 0.000000000000000000e+00 2.467402206619859484e-01 5.737211634904714197e-01 7.105004906771344997e-01
0.000000000000000000e+00 0.000000000000000000e+00 0.000000000000000000e+00 0.000000000000000000e+00 0.000000000000000000e+00 0.000000000000000000e+00 0.000000000000000000e+00 0.000000000000000000e+00 0.000000000000000000e+00 0.000000000000000000e+00 0.000000000000000000e+00 0.000000000000000000e+00 2.272727272727272652e-01 0.000000000000000000e+00 3.067484662576687171e-01
0.000000000000000000e+00 2.896825396825397081e-01 4.089456869009584494e-01 7.002053388090349051e-01 3.979381443298968812e-01 0.000000000000000000e+00 5.443037974683544444e-01 0.000000000000000000e+00 4.487704918032787149e-01 0.000000000000000000e+00 5.580487804878049296e-01 3.901979264844486206e-01 0.000000000000000000e+00 4.353876739562624332e-01 0.000000000000000000e+00
0.000000000000000000e+00 2.622622622622622357e-01 4.067460317460317443e-01 6.831194471865745799e-01 5.028790786948176272e-01 0.000000000000000000e+00 5.660377358490565891e-01 0.000000000000000000e+00 4.244306418219461752e-01 0.000000000000000000e+00 5.877378435517970345e-01 3.550295857988165493e-01 0.000000000000000000e+00 4.649298597194388982e-01 0.000000000000000000e+00
0.000000000000000000e+00 0.000000000000000000e+00 4.238143289606458031e-01 4.760935910478127919e-01 4.046692607003891107e-01 0.000000000000000000e+00 5.610438024231128029e-01 0.000000000000000000e+00 0.000000000000000000e+00 0.000000000000000000e+00 5.378323108384458484e-01 4.008350730688935437e-01 0.000000000000000000e+00 0.000000000000000000e+00 0.000000000000000000e+00
7.032136105860113950e-01 7.333333333333332815e-01 2.686868686868686962e-01 0.000000000000000000e+00 3.343982960596378895e-01 4.919999999999999929e-01 0.000000000000000000e+00 7.186574531095755169e-01 0.000000000000000000e+00 1.000000000000000000e+00 0.000000000000000000e+00 0.000000000000000000e+00 2.421353670162059157e-01 5.126646403242147709e-01 6.597294484911550017e-01
0.000000000000000000e+00 3.198380566801619640e-01 3.886718750000000000e-01 6.621226874391431538e-01 4.582104228121927081e-01 0.000000000000000000e+00 5.786290322580645018e-01 0.000000000000000000e+00 4.666001994017945909e-01 0.000000000000000000e+00 5.749235474006115787e-01 4.075924075924076129e-01 0.000000000000000000e+00 4.906403940886699400e-01 0.000000000000000000e+00
1.039370078740157410e+00 1.012633624878522820e+00 9.594172736732570206e-01 9.989743589743589336e-01 1.014028056112224352e+00 9.589589589589589957e-01 1.008385744234800763e+00 1.060869565217391397e+00 1.028855721393034717e+00 9.949647532729103405e-01 9.744597249508840653e-01 9.890109890109890500e-01 7.810292633703329601e-01 9.792531120331949834e-01 7.449078564500485333e-01
6.879505664263645404e-01 7.229394240317775777e-01 2.589194699286442303e-01 0.000000000000000000e+00 3.081452404317958638e-01 5.072046109510086609e-01 0.000000000000000000e+00 6.491405460060667432e-01 0.000000000000000000e+00 1.042000000000000037e+00 0.000000000000000000e+00 0.000000000000000000e+00 2.649140546006066854e-01 5.770750988142292481e-01 6.879999999999999449e-01
3.489531405782652085e-01 0.000000000000000000e+00 2.600985221674876890e-01 0.000000000000000000e+00 0.000000000000000000e+00 4.725897920604915092e-01 0.000000000000000000e+00 3.154761904761904656e-01 0.000000000000000000e+00 5.074037512339585332e-01 0.000000000000000000e+00 0.000000000000000000e+00 2.274590163934426257e-01 0.000000000000000000e+00 0.000000000000000000e+00
1.008230452674897082e+00 9.768378650553877218e-01 1.014056224899598346e+00 1.015906680805938489e+00 1.003968253968253954e+00 1.040404040404040442e+00 5.292968750000000000e-01 1.044247787610619538e+00 1.007049345417925457e+00 1.042701092353525372e+00 5.725338491295938192e-01 6.351758793969849437e-01 7.647058823529411242e-01 1.040816326530612290e+00 7.093596059113300711e-01
1.032921810699588550e+00 9.624639076034648966e-01 1.014634146341463428e+00 9.895138226882745913e-01 1.029227557411273475e+00 9.627329192546584258e-01 1.004000000000000004e+00 1.051108968177434821e+00 9.795501022494887966e-01 9.467336683417085785e-01 9.746192893401015578e-01 1.015748031496062964e+00 8.076923076923077094e-01 1.020730503455083982e+00 6.933867735470942151e-01
0.000000000000000000e+00 0.000000000000000000e+00 4.192229038854805578e-01 4.536489151873767112e-01 4.072883172561629350e-01 0.000000000000000000e+00 5.227963525835865877e-01 0.000000000000000000e+00 0.000000000000000000e+00 0.000000000000000000e+00 5.681098204857444323e-01 4.230769230769230727e-01 0.000000000000000000e+00 0.000000000000000000e+00 0.000000000000000000e+00
6.512524084778420486e-01 7.189409368635437669e-01 2.766169154228855787e-01 0.000000000000000000e+00 3.250478011472275330e-01 4.858299595141700178e-01 0.000000000000000000e+00 6.412371134020619090e-01 0.000000000000000000e+00 9.990539262062441139e-01 0.000000000000000000e+00 0.000000000000000000e+00 2.419999999999999929e-01 5.090543259557344102e-01 7.162426614481408604e-01
0.000000000000000000e+00 0.000000000000000000e+00 4.587332053742802507e-01 4.272445820433436459e-01 5.029013539651837617e-01 0.000000000000000000e+00 5.711462450592885709e-01 0.000000000000000000e+00 0.000000000000000000e+00 0.000000000000000000e+00 5.515873015873016261e-01 3.693239152371342038e-01 0.000000000000000000e+00 0.000000000000000000e+00 0.000000000000000000e+00
9.960474308300395485e-01 1.021194605009633882e+00 9.596059113300492438e-01 1.033013844515441981e+00 9.811694747274529727e-01 1.027190332326284095e+00 1.035830618892508159e+00 9.763617677286742236e-01 9.647058823529411908e-01 1.026422764227642226e+00 1.035123966942148810e+00 9.779116465863453289e-01 7.412587412587412494e-01 9.879032258064516236e-01 7.317574511819116001e-01
3.216080402010050299e-01 0.000000000000000000e+00 2.840690978886756257e-01 0.000000000000000000e+00 0.000000000000000000e+00 4.864321608040200751e-01 0.000000000000000000e+00 3.258096172718351058e-01 0.000000000000000000e+00 4.783505154639175472e-01 0.000000000000000000e+00 0.000000000000000000e+00 2.788365095285857409e-01 0.000000000000000000e+00 0.000000000000000000e+00
9.678675754625121197e-01 7.379239465570400780e-01 3.106598984771573591e-01 0.000000000000000000e+00 5.383104125736738466e-01 4.697580645161290591e-01 0.000000000000000000e+00 1.022571148184494572e+00 0.000000000000000000e+00 1.006185567010309256e+00 0.000000000000000000e+00 2.638888888888888951e-01 5.221674876847290925e-01 5.672877846790890244e-01 6.512605042016806900e-01
1.015075376884422065e+00 9.827760891590678893e-01 1.022177419354838745e+00 9.725638599810785268e-01 1.044247787610619538e+00 9.990089197224975015e-01 5.401322001888574365e-01 9.362992922143579255e-01 1.030114226375908659e+00 9.729187562688064173e-01 5.377456049638056346e-01 6.646279306829765421e-01 7.713717693836977807e-01 1.000000000000000000e+00 6.522593320235756664e-01
1.035225048923679170e+00 1.000000000000000000e+00 9.907120743034055765e-01 1.008797653958944274e+00 1.016715830875122961e+00 9.808660624370594272e-01 9.214145383104125342e-01 9.613478691774033358e-01 9.761163032191069178e-01 9.953139643861292907e-01 1.043310875842155871e+00 9.948506694129762851e-01 7.861386138613861707e-01 1.041580041580041582e+00 7.167512690355329896e-01
6.775844421699078746e-01 4.059113300492611098e-01 2.708124373119358275e-01 0.000000000000000000e+00 2.848664688427299807e-01 4.674796747967479571e-01 0.000000000000000000e+00 3.271983640081799760e-01 0.000000000000000000e+00 9.898580121703853818e-01 0.000000000000000000e+00 0.000000000000000000e+00 2.729083665338645215e-01 0.000000000000000000e+00 3.383383383383383181e-01
0.000000000000000000e+00 0.000000000000000000e+00 4.304568527918781751e-01 4.292878635907723117e-01 4.931237721021610731e-01 0.000000000000000000e+00 4.921568627450980116e-01 0.000000000000000000e+00 0.000000000000000000e+00 0.000000000000000000e+00 4.849740932642487290e-01 4.008350730688935437e-01 0.000000000000000000e+00 0.000000000000000000e+00 0.000000000000000000e+00
6.954851104707012732e-01 7.217573221757321855e-01 2.613168724279835153e-01 0.000000000000000000e+00 2.761998041136141113e-01 4.844074844074844344e-01 0.000000000000000000e+00 7.410358565737051872e-01 0.000000000000000000e+00 9.191919191919192267e-01 0.000000000000000000e+00 0.000000000000000000e+00 2.782258064516128782e-01 5.714285714285713969e-01 6.879361914257228205e-01
1.040983606557376984e+00 1.018036072144288484e+00 1.018181818181818077e+00 9.879759519038076032e-01 1.013133208255159401e+00 1.001897533206831170e+00 9.688109161793372337e-01 9.473684210526315264e-01 9.629629629629629095e-01 1.055666003976143186e+00 9.730769230769230616e-01 1.015533980582524309e+00 8.523560209424083656e-01 1.017051153460381219e+00 6.805293005671076978e-01
1.019289340101522834e+00 1.001858736059479504e+00 1.056795131845841729e+00 9.847405900305188364e-01 9.936974789915966610e-01 1.017578125000000000e+00 1.000000000000000000e+00 9.648946840521565038e-01 9.794661190965092690e-01 9.470404984423675954e-01 9.465500485908648898e-01 9.968782518210197452e-01 7.397540983606557541e-01 1.023255813953488413e+00 6.566866267465070184e-01
9.674134419551935204e-01 1.010426540284360186e+00 9.662447257383965926e-01 1.013779527559055094e+00 1.025145067698259194e+00 1.022508038585209000e+00 9.832841691248770388e-01 9.810246679316888541e-01 9.585439838220424225e-01 1.063745019920318668e+00 9.948186528497409142e-01 1.029473684210526319e+00 7.870105062082138891e-01 1.063524590163934525e+00 7.170582226762002298e-01
0.000000000000000000e+00 2.703777335984095531e-01 4.121212121212121104e-01 6.362754607177497634e-01 4.161199625117150691e-01 0.000000000000000000e+00 5.626242544731610007e-01 0.000000000000000000e+00 4.460000000000000075e-01 0.000000000000000000e+00 5.435203094777563138e-01 4.028484231943031402e-01 0.000000000000000000e+00 4.544524053224155424e-01 0.000000000000000000e+00
1.051124744376278120e+00 9.970326409495549047e-01 9.623430962343095807e-01 1.008919722497522375e+00 9.698736637512147540e-01 9.969604863221884772e-01 9.651046859421734680e-01 1.013555787278415110e+00 1.043478260869565188e+00 1.033932135728542923e+00 9.616161616161615910e-01 1.001934235976789100e+00 7.641129032258064946e-01 1.007035175879396949e+00 6.822157434402332798e-01
3.623623623623623557e-01 0.000000000000000000e+00 2.917547568710359140e-01 0.000000000000000000e+00 0.000000000000000000e+00 4.736842105263157632e-01 0.000000000000000000e+00 3.228346456692913202e-01 0.000000000000000000e+00 4.819999999999999840e-01 0.000000000000000000e+00 0.000000000000000000e+00 2.703818369453044324e-01 0.000000000000000000e+00 0.000000000000000000e+00
6.703601108033241385e-01 3.349851337958374420e-01 2.753036437246963453e-01 0.000000000000000000e+00 2.872008324661810552e-01 4.711632453567937695e-01 0.000000000000000000e+00 3.428571428571428603e-01 0.000000000000000000e+00 1.033099297893681046e+00 0.000000000000000000e+00 0.000000000000000000e+00 2.983539094650205503e-01 0.000000000000000000e+00 3.747534516765286261e-01
9.892682926829268197e-01 9.647058823529411908e-01 1.026919242273180544e+00 1.052941176470588269e+00 9.842519685039370358e-01 1.005035246727089548e+00 5.731832139201638032e-01 9.846468781985669994e-01 9.721115537848605825e-01 1.044776119402984982e+00 5.394605394605395121e-01 6.765285996055226958e-01 8.351648351648351953e-01 1.032989690721649589e+00 6.864490603363007093e-01
0.000000000000000000e+00 3.314065510597302699e-01 4.067439409905163061e-01 6.940451745379876414e-01 4.263862332695984581e-01 0.000000000000000000e+00 5.797392176529588825e-01 0.000000000000000000e+00 4.781704781704781970e-01 0.000000000000000000e+00 5.181550539744848027e-01 4.223350253807106602e-01 0.000000000000000000e+00 5.015673981191222097e-01 0.000000000000000000e+00
1.026315789473684292e+00 1.017507723995880520e+00 1.020661157024793431e+00 1.013933547695605508e+00 1.044375644994840036e+00 9.580348004094165759e-01 9.773195876288659489e-01 9.940239043824701248e-01 1.051567239635995854e+00 1.066534260178748861e+00 1.058078141499471991e+00 1.022000000000000020e+00 7.087087087087087234e-01 1.001034126163391935e+00 6.590693257359924173e-01
1.000000000000000000e+00 9.873417721518987777e-01 1.010224948875255713e+00 1.045408678102926370e+00 1.047236180904522529e+00 1.025291828793774229e+00 5.421103581800580384e-01 1.033073929961089599e+00 9.918032786885245811e-01 9.253417455310199990e-01 5.553359683794466539e-01 7.009523809523809934e-01 7.921182266009851869e-01 1.011320754716981130e+00 6.928499496475327701e-01
0.000000000000000000e+00 0.000000000000000000e+00 0.000000000000000000e+00 0.000000000000000000e+00 0.000000000000000000e+00 0.000000000000000000e+00 0.000000000000000000e+00 0.000000000000000000e+00 0.000000000000000000e+00 0.000000000000000000e+00 0.000000000000000000e+00 0.000000000000000000e+00 2.477522477522477451e-01 0.000000000000000000e+00 3.016528925619834656e-01
2.827125119388729790e-01 0.000000000000000000e+00 2.689243027888446047e-01 0.000000000000000000e+00 0.000000000000000000e+00 4.703557312252964473e-01 0.000000000000000000e+00 3.618090452261306655e-01 0.000000000000000000e+00 5.057712486883525482e-01 0.000000000000000000e+00 0.000000000000000000e+00 2.463465553235908156e-01 0.000000000000000000e+00 0.000000000000000000e+00
6.969397828232971603e-01 7.452165156092648290e-01 2.894168466522678007e-01 0.000000000000000000e+00 2.877551020408163351e-01 4.796747967479674801e-01 0.000000000000000000e+00 7.028112449799196471e-01 0.000000000000000000e+00 9.298067141403866254e-01 0.000000000000000000e+00 0.000000000000000000e+00 2.578125000000000000e-01 5.334665334665334990e-01 7.397540983606557541e-01
0.000000000000000000e+00 0.000000000000000000e+00 0.000000000000000000e+00 0.000000000000000000e+00 0.000000000000000000e+00 0.000000000000000000e+00 0.000000000000000000e+00 0.000000000000000000e+00 0.000000000000000000e+00 0.000000000000000000e+00 0.000000000000000000e+00 0.000000000000000000e+00 2.454361054766734385e-01 0.000000000000000000e+00 2.793404461687681861e-01
0.000000000000000000e+00 0.000000000000000000e+00 4.472843450479233041e-01 4.566473988439306297e-01 4.381909547738693234e-01 0.000000000000000000e+00 5.947089947089947426e-01 0.000000000000000000e+00 0.000000000000000000e+00 0.000000000000000000e+00 5.484880083420229369e-01 4.343329886246122262e-01 0.000000000000000000e+00 0.000000000000000000e+00 0.000000000000000000e+00
0.000000000000000000e+00 2.678571428571428492e-01 4.721115537848605825e-01 6.766275346851654549e-01 4.679089026915113636e-01 0.000000000000000000e+00 5.873983739837398410e-01 0.000000000000000000e+00 4.283054003724394709e-01 0.000000000000000000e+00 5.549845837615622335e-01 4.357212953876349326e-01 0.000000000000000000e+00 4.468718967229394212e-01 0.000000000000000000e+00
9.891838741396263845e-01 9.701789264413518410e-01 1.008937437934458892e+00 1.002979145978152964e+00 9.776876267748478844e-01 1.018286814244465877e+00 5.333333333333333259e-01 1.011857707509881354e+00 1.039292730844793677e+00 1.015873015873015817e+00 5.202769535113749289e-01 6.980552712384852088e-01 7.698744769874477090e-01 9.961464354527937992e-01 7.398843930635837784e-01
6.873747494989980167e-01 7.065527065527065220e-01 2.658486707566461993e-01 0.000000000000000000e+00 3.072348860257680947e-01 4.732334047109207908e-01 0.000000000000000000e+00 7.032136105860113950e-01 0.000000000000000000e+00 9.733464955577492139e-01 0.000000000000000000e+00 0.000000000000000000e+00 2.793404461687681861e-01 5.286506469500924510e-01 7.337526205450733974e-01
9.740394600207684661e-01 1.026919242273180544e+00 9.621726479146459621e-01 1.003913894324853340e+00 1.051051051051051122e+00 9.673590504451038408e-01 5.255052935514917811e-01 9.962192816635160320e-01 9.439347604485218701e-01 1.000000000000000000e+00 5.452736318407960248e-01 6.371511068334937411e-01 8.043052837573385627e-01 9.727547931382442004e-01 7.474949899799598896e-01
9.950347567030785045e-01 7.013752455795677632e-01 3.491379310344827624e-01 0.000000000000000000e+00 6.034308779011099411e-01 5.020325203252032908e-01 0.000000000000000000e+00 9.971291866028708650e-01 0.000000000000000000e+00 1.027027027027026973e+00 0.000000000000000000e+00 2.340216322517207348e-01 4.835589941972920913e-01 5.095948827292110517e-01 7.130434782608695565e-01
6.947368421052632081e-01 7.469879518072288782e-01 2.927328556806550464e-01 0.000000000000000000e+00 2.957600827300930768e-01 4.660000000000000253e-01 0.000000000000000000e+00 6.699410609037328435e-01 0.000000000000000000e+00 9.949849548645938180e-01 0.000000000000000000e+00 0.000000000000000000e+00 2.593718338399189638e-01 4.984863773965691469e-01 6.565656565656565746e-01
0.000000000000000000e+00 0.000000000000000000e+00 0.000000000000000000e+00 0.000000000000000000e+00 0.000000000000000000e+00 0.000000000000000000e+00 0.000000000000000000e+00 0.000000000000000000e+00 0.000000000000000000e+00 0.000000000000000000e+00 0.000000000000000000e+00 0.000000000000000000e+00 2.821833161688980240e-01 0.000000000000000000e+00 3.004115226337448763e-01
9.325153374233128289e-01 6.807228915662650870e-01 2.602308499475340930e-01 0.000000000000000000e+00 5.974282888229476285e-01 4.834307992202728776e-01 0.000000000000000000e+00 9.724770642201835402e-01 0.000000000000000000e+00 1.000000000000000000e+00 0.000000000000000000e+00 2.765957446808510745e-01 5.330661322645290356e-01 5.257032007759456782e-01 6.596356663470757109e-01
6.969696969696970168e-01 7.682539682539683001e-01 3.051506316812439001e-01 0.000000000000000000e+00 3.210576015108593251e-01 4.552845528455284341e-01 0.000000000000000000e+00 7.311004784688994729e-01 0.000000000000000000e+00 9.654510556621881401e-01 0.000000000000000000e+00 0.000000000000000000e+00 3.049792531120332217e-01 4.937076476282671877e-01 7.384305835010059882e-01
1.009443861490031402e+00 9.630369630369630674e-01 1.009268795056642576e+00 9.859719438877755371e-01 1.006289308176100628e+00 1.036217303822937641e+00 9.481037924151696217e-01 9.541108986615678411e-01 1.028571428571428470e+00 1.026422764227642226e+00 1.011627906976744207e+00 1.039014373716632411e+00 8.086359175662414245e-01 9.658738366080661386e-01 6.915520628683693438e-01
