#chr	normal	sample0	sample1	sample2	sample3	sample4	sample5	sample6	sample7	sample8	sample9	sample10	sample11	sample12	sample13	sample14	sample15	sample16	sample17	sample18	sample19
0	0	0.0	0.0	0.0	0.0	0.0959755375814	0.0	0.0	0.0	0.0	0.0	0.0	0.0	0.0	0.0	0.0	0.0	0.0	0.224318869828	0.0	0.118788121188
1	0	0.0	0.128006522625	0.191616766467	0.175936206723	0.0	0.0	0.0	0.0	0.0	0.28916759381	0.188967831064	0.0	0.0	0.198027613412	0.0	0.0	0.12494981935	0.0	0.0	0.0
2	0	0.0	0.0	0.0	0.188099238905	0.0	0.0	0.0	0.276372362764	0.0	0.0	0.0	0.306356651033	0.181456426582	0.0	0.177984775641	0.20044341429	0.137989439075	0.0	0.150949050949	0.0
3	0	0.512345056938	0.50748339776	0.498466105888	0.304695304695	0.402044462088	0.363027394521	0.351334951456	0.217733791153	0.494513238699	0.293046191003	0.367557290103	0.0	0.322988162737	0.359221352599	0.321489511191	0.301772803803	0.270059100471	0.28793964926	0.261253132832	0.37636454682
4	0	0.0	0.0	0.16091954023	0.0	0.125160272216	0.0	0.0	0.0	0.0	0.0	0.162294264339	0.0	0.0	0.165532425941	0.0	0.0	0.0	0.0	0.0	0.0
5	0	0.0	0.0	0.155775379696	0.0	0.117819876406	0.0	0.0	0.0	0.0	0.0	0.165658768712	0.0	0.0	0.165450861196	0.0	0.0	0.0	0.0	0.0	0.0
6	0	0.0	0.0	0.169649105268	0.0	0.121209127729	0.0	0.0	0.0	0.0	0.0	0.162980092499	0.0	0.0	0.166932429739	0.0	0.0	0.0	0.0	0.0	0.0
7	0	0.497966068062	0.498795180723	0.500442956984	0.307645875252	0.406859724789	0.365170770453	0.35153785489	0.225680544436	0.492601912431	0.28980827447	0.362301468385	0.0	0.318782937258	0.362353647553	0.321446559887	0.297874453715	0.274507834472	0.268733589174	0.256822316555	0.391557788945
8	0	0.0	0.0	0.0	0.196927374302	0.0	0.0	0.0	0.273858095333	0.0	0.0	0.0	0.311715691196	0.178915307526	0.0	0.17005453644	0.201427996782	0.139753435732	0.0	0.148084504195	0.0
9	0	0.0	0.0	0.0	0.0	0.0983037397084	0.0	0.0	0.0	0.0	0.0	0.0	0.0	0.0	0.0	0.0	0.0	0.0	0.229366887942	0.0	0.121169496634
10	0	0.0	0.0	0.154129353234	0.0	0.109393461993	0.0	0.0	0.0	0.0	0.0	0.0	0.0	0.0	0.0	0.0	0.14044599018	0.0	0.0	0.102403554837	0.0
11	0	0.0	0.0	0.156320708313	0.0	0.128712871287	0.0	0.0	0.0	0.0	0.0	0.165975942586	0.0	0.0	0.169050977232	0.0	0.0	0.0	0.0	0.0	0.0
12	0	0.0	0.0	0.158619333268	0.0	0.121884774493	0.0	0.0	0.0	0.0	0.0	0.160863509749	0.0	0.0	0.164966158198	0.0	0.0	0.0	0.0	0.0	0.0
13	0	0.0	0.0	0.163308270677	0.0	0.126032641547	0.0	0.0	0.0	0.0	0.0	0.163713250101	0.0	0.0	0.1591688719	0.0	0.0	0.0	0.0	0.0	0.0
14	0	0.0	0.0	0.162837162837	0.0	0.124425844646	0.0	0.0	0.0	0.0	0.0	0.17033293698	0.0	0.0	0.160927479033	0.0	0.0	0.0	0.0	0.0	0.0
15	0	0.501989258007	0.498150554834	0.505958291956	0.309409888357	0.413177277772	0.374256627356	0.35132725832	0.223929098966	0.491259795057	0.294925792218	0.362551814781	0.0	0.317493734336	0.359715829498	0.322869064176	0.298774931659	0.276716984905	0.281068641185	0.254820797577	0.377449020392
16	0	0.0	0.108523992711	0.159619238477	0.0	0.122698775998	0.155186304129	0.178890876565	0.220789767536	0.262968874701	0.0	0.164739012371	0.0	0.13852202843	0.156952456734	0.13771270281	0.0	0.0	0.0	0.0	0.164753611716
17	0	0.0	0.0	0.0	0.18550430816	0.0	0.128731717091	0.148218957537	0.280457234533	0.0	0.207378367511	0.139668683662	0.506339303683	0.179078907588	0.1355	0.183412604043	0.207113821138	0.22502543235	0.0	0.247351222893	0.0
18	0	0.0	0.11373692679	0.155740227762	0.0	0.123165984629	0.160488919805	0.183243954265	0.223911747168	0.258704493602	0.0	0.164156474275	0.0	0.138732959102	0.164838422769	0.147183098592	0.0	0.0	0.0	0.0	0.16447170001
19	0	0.0	0.114024632499	0.16136677859	0.0	0.12259159429	0.159241420831	0.183721849072	0.223867160148	0.255848830234	0.0	0.16193888723	0.0	0.134821339205	0.165746401104	0.142367412785	0.0	0.0	0.0	0.0	0.16098199014
20	0	0.495467365028	0.494745270744	0.49456681351	0.315981106081	0.406383613404	0.366272607861	0.3420734167	0.219972342947	0.494292008812	0.288935034115	0.358997493734	0.0	0.316643300621	0.358514979596	0.325333598885	0.295376796012	0.263635447122	0.279456941829	0.254122789589	0.387449799197
21	0	0.0	0.0	0.0	0.19402685909	0.0	0.0	0.0	0.28465914762	0.0	0.0	0.0	0.313138256088	0.183276518949	0.0	0.182614826753	0.208817878451	0.134070972887	0.0	0.15098097799	0.0
22	0	0.0	0.0	0.0	0.0	0.0959293771457	0.0	0.0	0.0	0.0	0.0	0.0	0.0	0.0	0.0	0.0	0.0	0.0	0.226979239098	0.0	0.1279362839
23	0	0.495038588754	0.497331050458	0.495285919246	0.308623598293	0.398984367221	0.363572923936	0.352327447833	0.218060133853	0.500891795482	0.300765331478	0.360205831904	0.0	0.326612098223	0.353846153846	0.3184574098	0.291811070403	0.269484029484	0.273607506488	0.253342577003	0.374525094981
24	0	0.504035874439	0.506792794606	0.503376675738	0.311351242173	0.405321905521	0.370187073147	0.347421638018	0.213896322728	0.507348500101	0.292065663475	0.361377808572	0.0	0.324044585987	0.358090452261	0.305961310699	0.287198258805	0.268327694043	0.279843640373	0.249524381696	0.382483479633
25	0	0.0	0.0	0.0	0.0	0.102929292929	0.0	0.0	0.0	0.0	0.0	0.0	0.0	0.0	0.0	0.0	0.0	0.0	0.222278429786	0.0	0.116868907897
26	0	0.497789389068	0.504594407667	0.492935323383	0.312612253043	0.400988630746	0.360752414845	0.343148242486	0.214156988386	0.497927827757	0.294830695251	0.357207072221	0.0	0.310175438596	0.370760815515	0.317400750543	0.290358071614	0.273195876289	0.276455291058	0.25499092559	0.379916232506
27	0	0.501467462807	0.493644279852	0.500299222023	0.309514210845	0.406344716104	0.364409322797	0.35172004745	0.220964024451	0.496731378764	0.298285601031	0.361225930033	0.0	0.30837664934	0.357683874826	0.317203757955	0.291432515035	0.275519421861	0.277438107648	0.253174682532	0.382042783971
28	0	0.0	0.0	0.146771236504	0.0	0.116343765524	0.0	0.0	0.0	0.0	0.0	0.0	0.0	0.0	0.0	0.0	0.138821873743	0.0	0.0	0.100763512156	0.0
29	0	0.0	0.0	0.159283225485	0.0	0.124615842173	0.0	0.0	0.0	0.0	0.0	0.170009930487	0.0	0.0	0.162875791139	0.0	0.0	0.0	0.0	0.0	0.0
30	0	0.0	0.113922764228	0.155854589275	0.0	0.12156032658	0.169725225672	0.174150064427	0.213618026173	0.265156092649	0.0	0.1658916296	0.0	0.135987903226	0.16448282708	0.140598247558	0.0	0.0	0.0	0.0	0.15652173913
31	0	0.20230928649	0.10739737027	0.150184244597	0.141357027464	0.114463265511	0.0	0.168892936652	0.0	0.246955480136	0.0	0.0	0.0	0.0	0.0	0.0	0.289431863329	0.0	0.276523702032	0.100728892488	0.0
32	0	0.0	0.131134432784	0.192053642914	0.178192574459	0.0	0.0	0.0	0.0	0.0	0.297142857143	0.190490581243	0.0	0.0	0.201234076433	0.0	0.0	0.133114949375	0.0	0.0	0.0
33	0	0.0	0.112044817927	0.152819890843	0.0	0.126283265225	0.156112664802	0.182195245321	0.21673756059	0.259589384076	0.0	0.167826605687	0.0	0.135183173694	0.160007990412	0.143605236657	0.0	0.0	0.0	0.0	0.161242748992
34	0	0.0	0.111993645751	0.158532857871	0.0	0.121910056587	0.154767848228	0.178190162626	0.216440575015	0.250942647351	0.0	0.160454770143	0.0	0.141805887033	0.165724096142	0.134145124264	0.0	0.0	0.0	0.0	0.164473684211
35	0	0.0	0.133961696581	0.187061183551	0.176885841065	0.0	0.0	0.0	0.0	0.0	0.301832304322	0.200835571471	0.0	0.0	0.187832013631	0.0	0.0	0.125126749138	0.0	0.0	0.0
36	0	0.0	0.0	0.0	0.0	0.0955631399317	0.0	0.0	0.0	0.0	0.0	0.0	0.0	0.0	0.0	0.0	0.0	0.0	0.220676541233	0.0	0.118826849426
37	0	0.496487354476	0.252965629119	0.148125755744	0.138182180984	0.282012954659	0.218013719058	0.169635787807	0.0	0.246474617244	0.0	0.0	0.0	0.0	0.0	0.0	0.297034764826	0.144574691915	0.277948921793	0.257051410282	0.202164979453
38	0	0.0	0.114568880079	0.156152843245	0.0	0.119864717	0.157340888394	0.181192209325	0.219725092806	0.257456670697	0.0	0.159402744149	0.0	0.137292594091	0.160457877297	0.136098765432	0.0	0.0	0.0	0.0	0.159357015281
39	0	0.0	0.131219903692	0.192747143567	0.175942372212	0.0	0.0	0.0	0.0	0.0	0.295695634435	0.201255355186	0.0	0.0	0.195290858726	0.0	0.0	0.124987266986	0.0	0.0	0.0
40	0	0.0	0.110265398097	0.158731766613	0.0	0.123047271252	0.160653777158	0.180241775664	0.216988569176	0.256149785878	0.0	0.165428628789	0.0	0.131915318554	0.169012678447	0.141311967952	0.0	0.0	0.0	0.0	0.164556962025
41	0	0.0	0.111366131125	0.154295328583	0.0	0.120778704807	0.160897755611	0.178706092479	0.215475712565	0.258792965627	0.0	0.170556552962	0.0	0.141533864542	0.159991909385	0.14057154357	0.0	0.0	0.0	0.0	0.155956035251
42	0	0.0	0.0	0.150911275786	0.0	0.126506634255	0.0	0.0	0.0	0.0	0.0	0.164060953889	0.0	0.0	0.159351241764	0.0	0.0	0.0	0.0	0.0	0.0
43	0	0.0	0.0	0.153001681337	0.0	0.126636681659	0.0	0.0	0.0	0.0	0.0	0.163420999799	0.0	0.0	0.162278506357	0.0	0.0	0.0	0.0	0.0	0.0
44	0	0.0	0.115446018759	0.163571357632	0.0	0.119394060195	0.162228095141	0.179541553065	0.222379032258	0.260436575797	0.0	0.157712657713	0.0	0.139177316294	0.167278499851	0.137296747967	0.0	0.0	0.0	0.0	0.162422297975
45	0	0.0	0.130786113328	0.189545725055	0.17163360909	0.0	0.0	0.0	0.0	0.0	0.300886719139	0.196341956346	0.0	0.0	0.194516971279	0.0	0.0	0.124051138634	0.0	0.0	0.0
46	0	0.0	0.129416474827	0.190245350218	0.171998006976	0.0	0.0	0.0	0.0	0.0	0.289045226131	0.18916464891	0.0	0.0	0.198757151312	0.0	0.0	0.129859719439	0.0	0.0	0.0
47	0	0.0	0.129902448736	0.195102448776	0.172945035285	0.0	0.0	0.0	0.0	0.0	0.286590189873	0.196169874975	0.0	0.0	0.198685389901	0.0	0.0	0.121495327103	0.0	0.0	0.0
48	0	0.0	0.0	0.0	0.0	0.0960401002506	0.0	0.0	0.0	0.0	0.0	0.0	0.0	0.0	0.0	0.0	0.0	0.0	0.223982825598	0.0	0.12058999402
49	0	0.504605526632	0.492995529061	0.497604729385	0.313329312425	0.397212543554	0.367091126144	0.354608503367	0.216540151818	0.506410893549	0.298358674857	0.361941046721	0.0	0.321662139048	0.358022239873	0.319963811821	0.286330790847	0.262391817467	0.276901294498	0.258893479794	0.378833134209
50	0	0.201887941535	0.0994811414887	0.136786726022	0.137446980408	0.108563311688	0.0	0.166209767489	0.0	0.2418261563	0.0	0.0	0.0	0.0	0.0	0.0	0.292646621018	0.0	0.28368650512	0.101080480662	0.0
51	0	0.0	0.0	0.147106434642	0.0	0.106423489328	0.0	0.0	0.0	0.0	0.0	0.0	0.0	0.0	0.0	0.0	0.141984579954	0.0	0.0	0.108610469205	0.0
52	0	0.0	0.0	0.0	0.0	0.0949322629202	0.0	0.0	0.0	0.0	0.0	0.0	0.0	0.0	0.0	0.0	0.0	0.0	0.219803161348	0.0	0.118158210148
53	0	0.213362497514	0.102355072464	0.144179104478	0.138369781312	0.113993789442	0.0	0.1685	0.0	0.239335069097	0.0	0.0	0.0	0.0	0.0	0.0	0.291262135922	0.0	0.280629301868	0.108407980456	0.0
54	0	0.0	0.106106408706	0.156259336719	0.0	0.125062282013	0.155804580753	0.185045989516	0.213104899309	0.258253778839	0.0	0.162094763092	0.0	0.141806293421	0.169938588543	0.141875981162	0.0	0.0	0.0	0.0	0.16012145749
55	0	0.0	0.0	0.0	0.19035305818	0.0	0.0	0.0	0.284837508804	0.0	0.0	0.0	0.298537167877	0.18324291742	0.0	0.186280426474	0.206742687159	0.138419458826	0.0	0.151521277671	0.0
56	0	0.0	0.0	0.158665742849	0.0	0.122014074735	0.0	0.0	0.0	0.0	0.0	0.16174291078	0.0	0.0	0.161837177213	0.0	0.0	0.0	0.0	0.0	0.0
57	0	0.493793959454	0.499106965668	0.506293706294	0.307092907093	0.406234438801	0.375948214828	0.353522251048	0.224195004514	0.497371292531	0.294537055634	0.358539765319	0.0	0.319172665518	0.365135933204	0.317370048888	0.291997986915	0.267690782953	0.267741281427	0.258178158027	0.380369928401
58	0	0.500608025942	0.503586371787	0.494767558865	0.311863391252	0.406599036787	0.360277136259	0.345465453455	0.216904785693	0.508461079036	0.283695761098	0.363599919824	0.0	0.312167719932	0.364621304172	0.318678076129	0.287673996369	0.269914154522	0.271643286573	0.26724728447	0.376603849238
59	0	0.0	0.0	0.165381920112	0.0	0.120085339835	0.0	0.0	0.0	0.0	0.0	0.165466166176	0.0	0.0	0.165896766419	0.0	0.0	0.0	0.0	0.0	0.0
60	0	0.0	0.0	0.159693928252	0.0	0.120223485982	0.0	0.0	0.0	0.0	0.0	0.16762604208	0.0	0.0	0.161897057336	0.0	0.0	0.0	0.0	0.0	0.0
61	0	0.505073847081	0.49248600334	0.495477782147	0.306829561386	0.400809317015	0.36834334088	0.340828522232	0.221292468999	0.499292357461	0.290838245579	0.356167115365	0.0	0.325795894079	0.352370362883	0.310213108162	0.28990622164	0.2706247497	0.275848382616	0.253743262128	0.374389636273
62	0	0.0	0.0	0.163579937932	0.0	0.117693836978	0.0	0.0	0.0	0.0	0.0	0.15802692385	0.0	0.0	0.162415566085	0.0	0.0	0.0	0.0	0.0	0.0
63	0	0.206178305494	0.10881668185	0.150475812847	0.134820172795	0.114855570839	0.0	0.167416291854	0.0	0.237217598098	0.0	0.0	0.0	0.0	0.0	0.0	0.291616283757	0.0	0.280911062907	0.100928421683	0.0
64	0	0.0	0.0	0.155966050924	0.0	0.128385362828	0.0	0.0	0.0	0.0	0.0	0.167808219178	0.0	0.0	0.165533106621	0.0	0.0	0.0	0.0	0.0	0.0
65	0	0.0	0.0	0.15887662989	0.0	0.124638259655	0.0	0.0	0.0	0.0	0.0	0.167748377434	0.0	0.0	0.157842749901	0.0	0.0	0.0	0.0	0.0	0.0
66	0	0.0	0.0	0.0	0.0	0.0925521350546	0.0	0.0	0.0	0.0	0.0	0.0	0.0	0.0	0.0	0.0	0.0	0.0	0.227629197667	0.0	0.130080492895
67	0	0.0	0.0	0.0	0.0	0.0966583541147	0.0	0.0	0.0	0.0	0.0	0.0	0.0	0.0	0.0	0.0	0.0	0.0	0.221985599838	0.0	0.124327615955
68	0	0.0	0.13110181311	0.192315470172	0.170142700329	0.0	0.0	0.0	0.0	0.0	0.297334786486	0.198837565005	0.0	0.0	0.190847423307	0.0	0.0	0.131282970041	0.0	0.0	0.0
69	0	0.0	0.0	0.161225915943	0.0	0.124987541114	0.0	0.0	0.0	0.0	0.0	0.158577654517	0.0	0.0	0.160470257235	0.0	0.0	0.0	0.0	0.0	0.0
70	0	0.0	0.118191056911	0.155937901711	0.0	0.128405063291	0.161484552364	0.179221813116	0.225477320942	0.258393408857	0.0	0.166149534581	0.0	0.140765092648	0.163430744596	0.143917819365	0.0	0.0	0.0	0.0	0.160693186294
71	0	0.494392979035	0.500808080808	0.489991125136	0.30644184168	0.405291218187	0.378348986653	0.350475237619	0.222672474927	0.504656985478	0.289957286183	0.365775186004	0.0	0.32043978011	0.353568580542	0.318021201413	0.289378394689	0.275299238303	0.270498312488	0.256215676485	0.387131630648
72	0	0.0	0.0	0.157074816432	0.0	0.124649859944	0.0	0.0	0.0	0.0	0.0	0.156669019054	0.0	0.0	0.162099769146	0.0	0.0	0.0	0.0	0.0	0.0
73	0	0.0	0.0	0.0	0.194611378205	0.0	0.13832738803	0.148863062153	0.284602163583	0.0	0.205893909627	0.137294058912	0.49892627058	0.186048790046	0.136717564971	0.181079158622	0.20186581977	0.227186025499	0.0	0.242107359825	0.0
74	0	0.0	0.0	0.156007944389	0.0	0.121348539416	0.0	0.0	0.0	0.0	0.0	0.159804605722	0.0	0.0	0.159742828882	0.0	0.0	0.0	0.0	0.0	0.0
75	0	0.0	0.0	0.158944339716	0.0	0.127651100269	0.0	0.0	0.0	0.0	0.0	0.164198136341	0.0	0.0	0.159652104369	0.0	0.0	0.0	0.0	0.0	0.0
76	0	0.0	0.0	0.162865146058	0.0	0.125890001032	0.0	0.0	0.0	0.0	0.0	0.166650044879	0.0	0.0	0.1640969163	0.0	0.0	0.0	0.0	0.0	0.0
77	0	0.0	0.0	0.0	0.0	0.0964073664084	0.0	0.0	0.0	0.0	0.0	0.0	0.0	0.0	0.0	0.0	0.0	0.0	0.225925189017	0.0	0.129386181674
78	0	0.0	0.0	0.159258521029	0.0	0.125619670831	0.0	0.0	0.0	0.0	0.0	0.165340050378	0.0	0.0	0.166304562512	0.0	0.0	0.0	0.0	0.0	0.0
79	0	0.204238541153	0.108303249097	0.144470444603	0.136928203575	0.115555107798	0.0	0.168432851029	0.0	0.233437531512	0.0	0.0	0.0	0.0	0.0	0.0	0.293764161166	0.0	0.279623698959	0.10443101712	0.0
80	0	0.0	0.0	0.0	0.0	0.0913126828776	0.0	0.0	0.0	0.0	0.0	0.0	0.0	0.0	0.0	0.0	0.0	0.0	0.218331824127	0.0	0.119947979192
81	0	0.0	0.0	0.0	0.192223110756	0.0	0.0	0.0	0.283053249646	0.0	0.0	0.0	0.301694243535	0.181818181818	0.0	0.179489734901	0.200039928129	0.136642156863	0.0	0.153952025167	0.0
82	0	0.0	0.0	0.159138290479	0.0	0.123577873676	0.0	0.0	0.0	0.0	0.0	0.167993630573	0.0	0.0	0.165193205523	0.0	0.0	0.0	0.0	0.0	0.0
83	0	0.0	0.0	0.0	0.0	0.0976542837008	0.0	0.0	0.0	0.0	0.0	0.0	0.0	0.0	0.0	0.0	0.0	0.0	0.221025590357	0.0	0.120233423886
84	0	0.0	0.0	0.163443230785	0.0	0.131294964029	0.0	0.0	0.0	0.0	0.0	0.162083791621	0.0	0.0	0.16492776886	0.0	0.0	0.0	0.0	0.0	0.0
85	0	0.0	0.0	0.0	0.0	0.0983393357343	0.0	0.0	0.0	0.0	0.0	0.0	0.0	0.0	0.0	0.0	0.0	0.0	0.223471539002	0.0	0.1212
86	0	0.0	0.0	0.0	0.0	0.0947990780639	0.0	0.0	0.0	0.0	0.0	0.0	0.0	0.0	0.0	0.0	0.0	0.0	0.222941811402	0.0	0.125025005001
87	0	0.0	0.0	0.160350144236	0.0	0.124911856553	0.0	0.0	0.0	0.0	0.0	0.158207452165	0.0	0.0	0.162330487192	0.0	0.0	0.0	0.0	0.0	0.0
88	0	0.0	0.0	0.159072498987	0.0	0.118847051659	0.0	0.0	0.0	0.0	0.0	0.162802318609	0.0	0.0	0.158600295712	0.0	0.0	0.0	0.0	0.0	0.0
89	0	0.0	0.0	0.167851777666	0.0	0.123975204959	0.0	0.0	0.0	0.0	0.0	0.159979939819	0.0	0.0	0.168482062556	0.0	0.0	0.0	0.0	0.0	0.0
90	0	0.0	0.0	0.165111846725	0.0	0.121929026388	0.0	0.0	0.0	0.0	0.0	0.160008153282	0.0	0.0	0.161339267651	0.0	0.0	0.0	0.0	0.0	0.0
91	0	0.0	0.0	0.0	0.186884600236	0.0	0.0	0.0	0.282718289978	0.0	0.0	0.0	0.313619154814	0.180367359229	0.0	0.183029941311	0.206930401492	0.138546922301	0.0	0.147768395657	0.0
92	0	0.0	0.0	0.0	0.0	0.0935049266037	0.0	0.0	0.0	0.0	0.0	0.0	0.0	0.0	0.0	0.0	0.0	0.0	0.224189977863	0.0	0.118874139136
93	0	0.0	0.0	0.159944914421	0.0	0.116836785254	0.0	0.0	0.0	0.0	0.0	0.165954911113	0.0	0.0	0.166814377154	0.0	0.0	0.0	0.0	0.0	0.0
94	0	0.0	0.0	0.163148944683	0.0	0.126572170094	0.0	0.0	0.0	0.0	0.0	0.163184983348	0.0	0.0	0.155947751521	0.0	0.0	0.0	0.0	0.0	0.0
95	0	0.0	0.111446085821	0.163248974692	0.0	0.118599175986	0.158249158249	0.179344587885	0.219621069338	0.254666401906	0.0	0.169316375199	0.0	0.13589128697	0.159400139041	0.14254581476	0.0	0.0	0.0	0.0	0.159035656402
96	0	0.0	0.0	0.0	0.189317039519	0.0	0.0	0.0	0.283275087369	0.0	0.0	0.0	0.30148895773	0.17352468888	0.0	0.178098438427	0.215131906421	0.140661938534	0.0	0.147151416675	0.0
97	0	0.0	0.0	0.0	0.191660791621	0.0	0.0	0.0	0.284436493739	0.0	0.0	0.0	0.307483403742	0.183733753446	0.0	0.17864619679	0.204975124378	0.145035145035	0.0	0.158615136876	0.0
98	0	0.0	0.139101861993	0.189874686717	0.173417341734	0.0	0.0	0.0	0.0	0.0	0.290616459156	0.199453828259	0.0	0.0	0.20075307174	0.0	0.0	0.12600856659	0.0	0.0	0.0
99	0	0.0	0.0	0.168160095579	0.0	0.126709573612	0.0	0.0	0.0	0.0	0.0	0.170043342405	0.0	0.0	0.166418281172	0.0	0.0	0.0	0.0	0.0	0.0
