Chromosome	Position	Change	Gene	sample0	sample1	sample2	sample3	sample4
1	0	A>G	1	0	0	17	0	0
1	1	G>A	1	20	27	17	28	0
1	2	G>C	1	14	0	12	0	0
1	3	C>A	1	0	0	0	22	0
1	4	G>T	1	35	46	29	20	37
1	5	A>T	1	0	0	0	23	0
1	6	C>A	1	24	19	14	37	0
1	7	T>C	1	9	31	0	38	0
1	8	C>T	1	10	18	0	41	0
1	9	G>A	1	37	21	10	48	29
1	10	A>T	1	0	0	0	11	0
1	11	A>G	1	12	21	0	32	0
1	12	G>A	1	0	0	0	21	0
1	13	C>A	1	8	17	0	34	0
1	14	G>C	1	25	25	9	27	0
1	15	C>T	1	25	34	16	41	0
1	16	A>T	1	14	30	0	35	0
1	17	T>C	1	0	0	0	12	0
1	18	C>G	1	0	0	0	21	0
1	19	C>T	1	0	0	0	18	0
1	20	T>A	1	17	27	0	44	0
1	21	C>A	1	8	21	0	26	0
1	22	T>A	1	24	34	17	34	0
1	23	G>A	1	25	49	28	49	48
1	24	A>T	1	8	38	0	22	0
1	25	G>T	1	8	20	0	33	0
1	26	C>G	1	30	46	36	58	56
1	27	A>G	1	0	0	0	15	0
1	28	T>A	1	32	37	32	56	60
1	29	A>C	1	25	26	12	39	0
1	30	T>C	1	30	59	21	43	49
1	31	G>A	1	8	27	0	46	0
1	32	G>T	1	32	50	33	57	54
1	33	C>G	1	11	22	0	31	0
1	34	A>G	1	16	26	0	36	0
1	35	T>G	1	0	0	0	13	0
1	36	C>G	1	14	0	14	0	0
1	37	G>C	1	0	0	12	0	0
1	38	G>A	1	23	24	9	23	0
1	39	T>A	1	0	0	0	11	0
1	40	A>C	1	25	43	33	44	49
1	41	C>G	1	0	0	0	15	0
1	42	T>G	1	14	0	14	0	0
1	43	A>G	1	0	0	16	0	0
1	44	T>G	1	33	14	11	31	18
1	45	G>C	1	35	45	23	43	47
1	46	G>T	1	0	0	0	15	0
1	47	G>A	1	6	28	0	25	0
1	48	G>A	1	14	21	0	31	0
1	49	T>G	1	8	28	0	39	0
1	50	T>G	1	6	21	0	28	0
1	51	T>G	1	0	0	0	12	0
1	52	G>T	1	0	0	0	8	0
1	53	G>T	1	0	0	0	22	0
1	54	C>G	1	22	29	12	38	0
1	55	A>G	1	34	46	29	55	53
1	56	C>G	1	13	16	12	42	0
1	57	A>C	1	13	20	0	37	0
1	58	T>C	1	31	42	25	24	29
1	59	A>G	1	0	0	0	13	0
1	60	C>A	1	0	0	9	0	0
1	61	T>C	1	8	35	0	25	0
1	62	A>G	1	0	0	11	0	0
1	63	G>C	1	34	26	20	34	28
1	64	G>C	1	0	0	12	0	0
1	65	C>G	1	41	44	29	44	28
1	66	G>A	1	0	0	13	0	0
1	67	A>G	1	0	0	0	15	0
1	68	T>A	1	0	0	11	0	0
1	69	G>C	1	22	26	16	38	0
1	70	A>T	1	0	0	0	12	0
1	71	A>C	1	0	0	13	0	0
1	72	C>A	1	12	23	0	25	0
1	73	C>A	1	11	25	0	33	0
1	74	G>T	1	0	0	17	0	0
1	75	A>C	1	22	28	15	27	0
1	76	T>C	1	33	55	34	41	46
1	77	G>A	1	11	28	0	38	0
1	78	C>G	1	20	27	18	32	0
1	79	C>G	1	40	32	8	28	24
1	80	A>T	1	13	19	0	32	0
1	81	A>T	1	0	0	10	0	0
1	82	G>A	1	34	48	24	55	46
1	83	A>T	1	0	0	21	0	0
1	84	A>G	1	44	45	20	38	39
1	85	A>T	1	33	52	27	44	46
1	86	A>C	1	38	41	48	45	48
1	87	C>A	1	33	18	14	40	30
1	88	T>A	1	32	26	13	35	28
1	89	T>A	1	7	30	0	32	0
1	90	T>C	1	15	25	0	28	0
1	91	G>A	1	25	27	17	37	0
1	92	A>G	1	52	26	16	44	21
1	93	C>A	1	0	0	0	23	0
1	94	G>T	1	13	23	0	28	0
1	95	C>G	1	0	0	0	20	0
1	96	C>T	1	6	25	0	33	0
1	97	C>T	1	0	0	0	17	0
1	98	C>A	1	33	55	23	52	36
1	99	C>G	1	11	34	0	31	0
