#chr	normal	sample0	sample1	sample2	sample3	sample4	sample5	sample6	sample7	sample8	sample9
0	0	0.397264347309	0.379879275654	0.26407960199	0.303423031262	0.506055449905	0.247519791562	0.313619366266	0.21110560238	0.228853243001	0.273393574297
1	0	0.28900990099	0.379131819992	0.0	0.0	0.272283150548	0.0	0.188496810207	0.0	0.0	0.0
2	0	0.0923353652443	0.121521521522	0.110756654371	0.0	0.0	0.107788036933	0.0	0.0	0.0	0.0
3	0	0.137356093688	0.175195665262	0.0	0.0	0.272836059035	0.0	0.187563093075	0.0	0.0	0.0
4	0	0.493860170331	0.494067205105	0.497909229985	0.501950458358	0.507820233617	0.490250420667	0.51025331725	0.495592750322	0.505145369168	0.496426054566
5	0	0.0	0.0	0.115890083632	0.0	0.0	0.107864500792	0.132367632368	0.0	0.103153287576	0.0
6	0	0.503398679933	0.507390159951	0.504212508673	0.500543102597	0.506464869199	0.501207000604	0.500149387511	0.502242599422	0.498711595639	0.503579711606
7	0	0.0	0.0	0.120569494225	0.0	0.0	0.109660574413	0.125654450262	0.0	0.108765581021	0.0
8	0	0.0	0.0	0.0	0.0	0.0	0.0	0.0	0.0	0.165529695024	0.0
9	0	0.0	0.0	0.114360104146	0.0	0.0	0.112788006842	0.13015424942	0.0	0.108228537479	0.0
10	0	0.51393831554	0.492330383481	0.504258943782	0.496970309028	0.496862348178	0.500200080032	0.501967510847	0.503669448075	0.50606361829	0.504358161648
11	0	0.402319357716	0.371674334867	0.255788532247	0.305588467615	0.502931661949	0.389781458936	0.500446118767	0.50327510917	0.34078817734	0.495911732834
12	0	0.0936726408555	0.12069484888	0.117232479651	0.0	0.0	0.106768734891	0.0	0.0	0.0	0.0
13	0	0.400888450148	0.376347305389	0.257732987428	0.302356020942	0.498749374687	0.242965475953	0.3202	0.209812847749	0.228712174525	0.270669975186
14	0	0.0938469234617	0.121055301877	0.117718692917	0.0	0.0	0.109198872786	0.0	0.0	0.0	0.0
15	0	0.405297749452	0.378319460959	0.26119328899	0.307745504841	0.506490912722	0.246593186373	0.320275590551	0.210866110449	0.226879904639	0.266440475002
16	0	0.503571069309	0.499356371918	0.497609115882	0.499699459026	0.494005746557	0.494059605316	0.498891129032	0.503721345639	0.502783853649	0.505152556072
17	0	0.285800787163	0.370789957134	0.113771270281	0.292786421499	0.276924601209	0.109009457442	0.319991995197	0.203814659477	0.102874132805	0.0
18	0	0.40701754386	0.377862213779	0.266700150678	0.306270096463	0.507134480063	0.244510680576	0.317606560697	0.208238888341	0.231712178593	0.272025659016
19	0	0.490437568839	0.499803033287	0.504409701343	0.489440496447	0.505157736605	0.496280444309	0.507901358832	0.49901613538	0.491980753809	0.491265060241
20	0	0.28391959799	0.371163810283	0.0	0.0	0.272194727805	0.0	0.182594714099	0.0	0.0	0.0
21	0	0.13630952381	0.183569064099	0.0	0.0	0.269366020295	0.0	0.189438224512	0.0	0.0	0.0
22	0	0.1300723182	0.18355125262	0.0	0.0	0.277382364571	0.0	0.188805597201	0.0	0.0	0.0
23	0	0.0	0.0	0.0	0.0	0.0	0.0	0.0	0.0	0.165543300654	0.0
24	0	0.407627888205	0.381274227214	0.262238821036	0.30404182586	0.500252397779	0.250223769269	0.324450168417	0.212267471091	0.231612838314	0.26839045901
25	0	0.500647603866	0.509257395854	0.505112269447	0.50338241146	0.5	0.501551396257	0.495608408171	0.492816091954	0.500991473329	0.507419290154
26	0	0.0929386309992	0.124444444444	0.114448213929	0.0	0.0	0.105450236967	0.0	0.0	0.0	0.0
27	0	0.0910096540628	0.119941205292	0.114814082278	0.0	0.0	0.105087150385	0.0	0.0	0.0	0.0
28	0	0.141714971017	0.181658020945	0.0	0.0	0.262205044752	0.0	0.18898824475	0.0	0.0	0.0
29	0	0.136821744884	0.173150190495	0.0	0.0	0.272508763145	0.0	0.19322848843	0.0	0.0	0.0
30	0	0.39970074813	0.3744449926	0.25836205149	0.305805805806	0.498900219956	0.250299880048	0.316660063391	0.212557952026	0.230784830663	0.268727236933
31	0	0.137042606516	0.183738541251	0.0	0.0	0.271941158931	0.0	0.187224227838	0.0	0.0	0.0
32	0	0.410776419127	0.369373925357	0.256689791873	0.311779448622	0.496491748196	0.242512856711	0.32207139266	0.211323369296	0.223842110483	0.275997978777
33	0	0.087	0.124477094174	0.109121655227	0.0	0.0	0.108523240638	0.0	0.0	0.0	0.0
34	0	0.492595557334	0.499500898383	0.505383918688	0.500902165196	0.507701540308	0.492639067286	0.501475226371	0.501752277961	0.496504194966	0.493195917551
35	0	0.0	0.0	0.121503669907	0.0	0.0	0.111972951472	0.141199801686	0.0	0.106682649086	0.0
36	0	0.399159663866	0.37845662374	0.255851656703	0.306594831887	0.497776879547	0.25129740519	0.324710619024	0.211870466851	0.234766131445	0.262857142857
37	0	0.0	0.0	0.119802677942	0.0	0.0	0.111996811479	0.131076559732	0.0	0.108713272543	0.0
38	0	0.0919052319842	0.120420927231	0.108945181081	0.0	0.0	0.104060660481	0.0	0.0	0.0	0.0
39	0	0.134605825629	0.175085530288	0.0	0.0	0.26538616251	0.0	0.183377308707	0.0	0.0	0.0
40	0	0.0928978124064	0.127803808195	0.115165684082	0.0	0.0	0.10783042394	0.0	0.0	0.0	0.0
41	0	0.401979218209	0.378085490668	0.257919456381	0.306422924901	0.504306891026	0.24830879427	0.320593840907	0.20925852498	0.236356299808	0.269752836305
42	0	0.501153113406	0.498331816803	0.49708249497	0.499349934993	0.502748625687	0.50152284264	0.499498797113	0.495964125561	0.49712358659	0.49980127186
43	0	0.0	0.0	0.0	0.0	0.0	0.0	0.0	0.0	0.162786009475	0.0
44	0	0.408522556767	0.386268239057	0.252689793866	0.301836734694	0.501905599531	0.248936380726	0.316112789527	0.220589705147	0.227513227513	0.278806381721
45	0	0.403157683025	0.381867853891	0.260584986705	0.303174282248	0.496541353383	0.247308582352	0.317292332268	0.213696451645	0.229422942294	0.264569935691
46	0	0.134637394652	0.177075098814	0.0	0.0	0.268766092296	0.0	0.18275862069	0.0	0.0	0.0
47	0	0.494466048459	0.502384737679	0.497506112469	0.500705787457	0.5078125	0.503482179435	0.501998001998	0.494689996966	0.49871031746	0.502013287699
48	0	0.126826826827	0.183622828784	0.0	0.0	0.268713246287	0.0	0.183985694417	0.0	0.0	0.0
49	0	0.135105535643	0.175161812298	0.0	0.0	0.269686621133	0.0	0.192503748126	0.0	0.0	0.0
50	0	0.0924579057487	0.120776775983	0.112148584188	0.0	0.0	0.105320519172	0.0	0.0	0.0	0.0
51	0	0.0	0.0	0.0	0.0	0.0	0.0	0.0	0.0	0.163697545527	0.0
52	0	0.133185796198	0.176155524697	0.0	0.0	0.263110667996	0.0	0.179459137005	0.0	0.0	0.0
53	0	0.0	0.0	0.113565305093	0.0	0.0	0.112990936556	0.133046370573	0.0	0.102971871583	0.0
54	0	0.404690016103	0.377415458937	0.261443839484	0.308737458194	0.493688639551	0.388336975959	0.496746845426	0.499850164819	0.3409	0.496512685737
55	0	0.497506483144	0.498429107125	0.504347826087	0.495495495495	0.500150617532	0.494835021563	0.499445620401	0.503325722228	0.498072170044	0.490711462451
56	0	0.500556061066	0.502003606492	0.494564675376	0.49729517065	0.505812249683	0.500803051596	0.499800279609	0.500050266412	0.498215701824	0.504025764895
57	0	0.501009693053	0.495525949493	0.500903614458	0.492978639241	0.503269946675	0.505720823799	0.506202723147	0.492760809203	0.499131274131	0.510931989924
58	0	0.139278258276	0.175331803213	0.0	0.0	0.263832323433	0.0	0.187773359841	0.0	0.0	0.0
59	0	0.410256410256	0.381703785079	0.260735892096	0.306082342537	0.501043426414	0.248760658338	0.315604616157	0.206663982283	0.225903614458	0.270188527069
60	0	0.503907815631	0.492196760174	0.502862218713	0.497001278144	0.5028686462	0.499307067907	0.499511241447	0.498598598599	0.488405063291	0.505052526263
61	0	0.410590713068	0.372927618277	0.263521055302	0.303173327978	0.499205561072	0.394145269258	0.494611743378	0.507933359778	0.338929174531	0.503667481663
62	0	0.509726081778	0.50299940012	0.500597728631	0.499950273496	0.493419099456	0.500505356782	0.502475247525	0.496096522356	0.505237395986	0.501777251185
63	0	0.411570082214	0.378951580632	0.251093874304	0.301357556398	0.506144469977	0.39939148073	0.500598205384	0.382585491204	0.237347469494	0.267734784361
64	0	0.505018697107	0.503096761092	0.499392835458	0.500247745516	0.497475997229	0.502083121634	0.497064183033	0.493201104182	0.499238501371	0.501514845486
65	0	0.0	0.0	0.0	0.0	0.0	0.0	0.0	0.0	0.159838138594	0.0
66	0	0.403062239014	0.384584463873	0.253996802558	0.301046337818	0.498008364868	0.247933884298	0.319184723459	0.207867412141	0.235252879319	0.263666565992
67	0	0.500299880048	0.49432609994	0.504081426988	0.493423715095	0.495996797438	0.510216467732	0.498025666338	0.502453680521	0.50365255679	0.499298456605
68	0	0.412488651266	0.374840043311	0.247844614012	0.308205536746	0.502680698967	0.241484544202	0.325022350253	0.215343068614	0.232394366197	0.263613983259
69	0	0.0923690773067	0.118027485853	0.115728773116	0.0	0.0	0.106292430844	0.0	0.0	0.0	0.0
70	0	0.411513223305	0.38276336478	0.252938832437	0.309379652605	0.49960254372	0.254353667032	0.316448092902	0.211230753749	0.228193302587	0.268120270808
71	0	0.133664814273	0.174574930803	0.0	0.0	0.275783419278	0.0	0.190438247012	0.0	0.0	0.0
72	0	0.504522413279	0.492301618634	0.5	0.505275498242	0.485635846652	0.498703629836	0.494367330517	0.500150045014	0.501032753024	0.497317170111
73	0	0.0876361436063	0.11978021978	0.106271085533	0.0	0.0	0.10591775326	0.0	0.0	0.0	0.0
74	0	0.413574660633	0.382466951595	0.247622860575	0.308077771096	0.495440126883	0.251589825119	0.33058681672	0.208534621578	0.229684145967	0.275027724569
75	0	0.0938442969221	0.128925120773	0.11156685808	0.0	0.0	0.105001521761	0.0	0.0	0.0	0.0
76	0	0.136457412319	0.173370876911	0.0	0.0	0.267116288576	0.0	0.195450463933	0.0	0.0	0.0
77	0	0.140303842717	0.176383105294	0.0	0.0	0.266036597627	0.0	0.182375024699	0.0	0.0	0.0
78	0	0.499018453082	0.496819145713	0.497756506132	0.498550724638	0.492620662146	0.493486973948	0.496456772626	0.504650222402	0.500777302759	0.490795724466
79	0	0.408596687329	0.374198075381	0.26195552848	0.302469135802	0.504153160454	0.397010788875	0.496305172758	0.494306366967	0.339233631701	0.506552819698
80	0	0.134966233243	0.176141564121	0.0	0.0	0.271769383698	0.0	0.190026141162	0.0	0.0	0.0
81	0	0.498473437818	0.499848653012	0.498034076016	0.497431248111	0.501353654868	0.501161264263	0.500991866693	0.497814424796	0.49855101429	0.495554657507
82	0	0.130909455128	0.178112229642	0.0	0.0	0.263532200711	0.0	0.183362797093	0.0	0.0	0.0
83	0	0.137243167764	0.180340943076	0.0	0.0	0.272808675754	0.0	0.186554621849	0.0	0.0	0.0
84	0	0.0913196186653	0.127202149895	0.114087898856	0.0	0.0	0.113896349348	0.0	0.0	0.0	0.0
85	0	0.141419030104	0.177555269158	0.0	0.0	0.265385770039	0.0	0.192213864607	0.0	0.0	0.0
86	0	0.403853833866	0.379387755102	0.262387498764	0.298305084746	0.504520615996	0.24386381631	0.320875387229	0.213164251208	0.228042063095	0.273980815348
87	0	0.131810540888	0.180630361061	0.0	0.0	0.271342078708	0.0	0.181763466747	0.0	0.0	0.0
88	0	0.0	0.0	0.119196865818	0.0	0.0	0.111188741391	0.135501087171	0.0	0.103972780947	0.0
89	0	0.140797115962	0.187849093582	0.0	0.0	0.262817271716	0.0	0.187954206073	0.0	0.0	0.0
90	0	0.135516323109	0.171812349639	0.0	0.0	0.271686258614	0.0	0.190958230958	0.0	0.0	0.0
91	0	0.503478686918	0.506261897605	0.497609085475	0.494180212723	0.500709939148	0.493803906018	0.496245941558	0.499352783033	0.495069230003	0.50070592981
92	0	0.0886	0.11904523117	0.113906218555	0.0	0.0	0.1108334999	0.0	0.0	0.0	0.0
93	0	0.0	0.0	0.117293233083	0.0	0.0	0.108817819557	0.136008698231	0.0	0.0971887550201	0.0
94	0	0.498565634583	0.505983582237	0.502296784502	0.49676262576	0.494037478705	0.503936213161	0.49529623699	0.493118564584	0.495717021062	0.503892992613
95	0	0.135519125683	0.17972986296	0.0	0.0	0.266440135918	0.0	0.191923271075	0.0	0.0	0.0
96	0	0.134880421565	0.175893482831	0.0	0.0	0.26262219087	0.0	0.182153539382	0.0	0.0	0.0
97	0	0.0	0.0	0.126462508902	0.0	0.0	0.109342560554	0.136427708417	0.0	0.107486953031	0.0
98	0	0.134267541244	0.172486243122	0.0	0.0	0.271994426752	0.0	0.183147981164	0.0	0.0	0.0
99	0	0.0	0.0	0.113254949251	0.0	0.0	0.111100019964	0.13595505618	0.0	0.103727075528	0.0
