#chr	position	description	normal	sample0	sample1	sample2	sample3	sample4	sample5	sample6	sample7	sample8	sample9	sample10	sample11	sample12	sample13	sample14	sample15	sample16	sample17	sample18	sample19
1	1	1	0	0.124078261725	0.172357557843	0.173057818399	0.0	0.0	0.0	0.0	0.0	0.136723387416	0.0	0.0	0.0	0.0	0.0	0.0	0.0	0.0	0.18621031746	0.0	0.137113711371
2	1	1	0	0.0	0.0	0.0	0.0	0.0805725152637	0.0	0.0	0.0	0.0811138014528	0.203004546353	0.0	0.0	0.0	0.0	0.0	0.0	0.118738220415	0.0	0.0	0.0
3	1	1	0	0.123513540522	0.154635069202	0.164344017519	0.0	0.133161851998	0.168043522063	0.0	0.0	0.141920746847	0.0	0.0	0.0	0.0	0.174733637747	0.259374685835	0.0	0.0	0.0	0.0	0.1303397576
4	1	1	0	0.0	0.0	0.0	0.133881676742	0.0	0.0	0.309399477807	0.222566150774	0.0	0.0	0.23324586193	0.494745270744	0.125653933472	0.0	0.0	0.222912699208	0.181149934548	0.156256256256	0.130491084769	0.0892237533459
5	1	1	0	0.0	0.0	0.0	0.0	0.0784704242183	0.0	0.0	0.0	0.080943145861	0.204026711851	0.0	0.0	0.0	0.0	0.0	0.0	0.1182	0.0	0.0	0.0
6	1	1	0	0.12128812199	0.169279618972	0.0	0.0	0.142452448401	0.0	0.18487909397	0.0	0.0	0.0	0.136928628709	0.0	0.182441837343	0.0	0.239251592357	0.132643839743	0.197012802276	0.157873937957	0.177846031903	0.0
7	1	1	0	0.0	0.0	0.0	0.138649060437	0.0	0.0	0.311396948848	0.21921256671	0.0	0.0	0.236254381572	0.50349510685	0.128099980473	0.0	0.0	0.214121641866	0.187342791025	0.1550024888	0.132317562149	0.0947453844593
8	1	1	0	0.0	0.0	0.0	0.0	0.07832820411	0.0	0.0	0.0	0.0802992518703	0.208240983276	0.0	0.0	0.0	0.0	0.0	0.0	0.123544051767	0.0	0.0	0.0
9	1	1	0	0.0	0.0	0.0	0.0	0.0856120115343	0.0	0.0	0.0	0.0852525252525	0.203053898271	0.0	0.0	0.0	0.0	0.0	0.0	0.123621648963	0.0	0.0	0.0
10	1	1	0	0.0	0.0	0.0	0.0	0.0	0.0	0.176576576577	0.0	0.0	0.0	0.129757959225	0.280577689243	0.0	0.0	0.0	0.13122262047	0.179585420965	0.155317672713	0.0	0.0
11	1	1	0	0.117415287628	0.0	0.0	0.0	0.0	0.0	0.187431530724	0.0	0.0	0.0	0.133218518894	0.0	0.0	0.0	0.254126068801	0.134512749555	0.196149581695	0.162565470896	0.180222813763	0.0
12	1	1	0	0.127758997813	0.0	0.0	0.190838167634	0.135113268608	0.167179894705	0.0	0.0	0.0	0.0	0.0	0.0	0.181382341191	0.183301440226	0.0	0.0	0.0	0.0	0.193363499246	0.0
13	1	1	0	0.0	0.0	0.0	0.133153531116	0.0	0.0	0.318699831533	0.222553996218	0.0	0.0	0.231641202563	0.495076641965	0.126011326861	0.0	0.0	0.22724977275	0.186954340191	0.159557504485	0.133340062582	0.0908998988878
14	1	1	0	0.128786359077	0.161595067621	0.16411089672	0.0	0.12792919642	0.171728056426	0.0	0.0	0.133572955119	0.0	0.0	0.0	0.0	0.176524020993	0.255217174239	0.0	0.0	0.0	0.0	0.130041724618
15	1	1	0	0.119855812556	0.167482273045	0.0	0.0	0.143268467037	0.0	0.186753637732	0.0	0.0	0.0	0.145763741269	0.0	0.188487921265	0.0	0.240966280825	0.126920774297	0.193632620267	0.162446628935	0.178574967793	0.0
16	1	1	0	0.123198701035	0.0	0.0	0.199320950669	0.14207925784	0.180203296161	0.0	0.0	0.0	0.0	0.0	0.0	0.187264804912	0.180332739156	0.0	0.0	0.0	0.0	0.190542558487	0.0
17	1	1	0	0.12787623617	0.0	0.0	0.198567449264	0.138506382551	0.182000803536	0.0	0.0	0.0	0.0	0.0	0.0	0.181242580135	0.177605037883	0.0	0.0	0.0	0.0	0.18967611336	0.0
18	1	1	0	0.0	0.0	0.0	0.0	0.0	0.0	0.17222333802	0.0	0.0	0.0	0.129025942242	0.281487486067	0.0	0.0	0.0	0.123519287233	0.178223783241	0.153669724771	0.0	0.0
19	1	1	0	0.12535904801	0.0	0.0	0.369541210722	0.142984896661	0.323468070315	0.0	0.274050443625	0.0	0.298143502258	0.13298632374	0.0	0.183405237283	0.330343491999	0.0	0.0	0.0	0.0	0.188945233266	0.0
20	1	1	0	0.0	0.0	0.0	0.0	0.0	0.0	0.181360201511	0.0	0.0	0.0	0.128536782538	0.280380523732	0.0	0.0	0.0	0.123761395164	0.175370919881	0.153327200245	0.0	0.0
21	1	1	0	0.118600513936	0.158952314306	0.160479901559	0.0	0.138814682893	0.175492733426	0.0	0.0	0.134950565692	0.0	0.0	0.0	0.0	0.171203509822	0.256939573104	0.0	0.0	0.0	0.0	0.128098354154
22	1	1	0	0.0	0.0	0.165630243806	0.0	0.0	0.0	0.0	0.0	0.145412752349	0.0	0.0	0.0	0.0	0.0	0.0	0.147275258552	0.0	0.0	0.0	0.132777612385
23	1	1	0	0.0	0.0	0.0	0.0	0.0837153677497	0.0	0.0	0.0	0.0762070376432	0.208913087316	0.0	0.0	0.0	0.0	0.0	0.0	0.122207882458	0.0	0.0	0.0
24	1	1	0	0.118979044592	0.0	0.0	0.0	0.0	0.0	0.188387223975	0.0	0.0	0.0	0.138850483903	0.0	0.0	0.0	0.251392687127	0.127866856099	0.194882686084	0.17091316755	0.181881394656	0.0
25	1	1	0	0.137572485503	0.173567839196	0.176388053718	0.0	0.0	0.0	0.0	0.0	0.143486532492	0.0	0.0	0.0	0.0	0.0	0.0	0.0	0.0	0.176238015222	0.0	0.140598755064
26	1	1	0	0.0	0.0	0.0	0.0	0.0	0.0	0.178560734604	0.0	0.0	0.0	0.136930288222	0.283105939005	0.0	0.0	0.0	0.125988142292	0.183864915572	0.15425955414	0.0	0.0
27	1	1	0	0.0	0.0	0.0	0.0	0.0	0.0	0.173465306939	0.0	0.0	0.0	0.135955280495	0.275709398269	0.0	0.0	0.0	0.123827579325	0.183380797396	0.154497459906	0.0	0.0
28	1	1	0	0.0	0.0	0.0	0.0	0.0	0.0	0.173760640961	0.0	0.0	0.0	0.135250371839	0.282617382617	0.0	0.0	0.0	0.126403368083	0.179494888755	0.154215421542	0.0	0.0
29	1	1	0	0.135487127713	0.171468587435	0.166700100301	0.0	0.0	0.0	0.0	0.0	0.135832325675	0.0	0.0	0.0	0.0	0.0	0.0	0.0	0.0	0.180633698549	0.0	0.137679041216
30	1	1	0	0.11544365981	0.0	0.0	0.0	0.0	0.0	0.191485088864	0.0	0.0	0.0	0.142056626032	0.0	0.0	0.0	0.241709869901	0.133041226847	0.194791880254	0.164838422769	0.183570080461	0.0
31	1	1	0	0.127971116237	0.0	0.0	0.364063593641	0.139976038339	0.327877134485	0.0	0.264735669435	0.0	0.294673624102	0.122725434695	0.0	0.186238440887	0.333567980692	0.0	0.0	0.0	0.0	0.196496879404	0.0
32	1	1	0	0.0	0.0	0.0	0.0	0.0852475752935	0.0	0.0	0.0	0.0796054597987	0.205535983895	0.0	0.0	0.0	0.0	0.0	0.0	0.127079107505	0.0	0.0	0.0
33	1	1	0	0.121631241737	0.161516853933	0.0	0.0	0.140290325855	0.0	0.184293087744	0.0	0.0	0.0	0.142857142857	0.0	0.188502269289	0.0	0.239749254958	0.130274681529	0.190959776981	0.164357619854	0.178926441352	0.0
34	1	1	0	0.12817974859	0.168245013097	0.166650133915	0.0	0.133571854502	0.169621749409	0.0	0.0	0.132849511138	0.0	0.0	0.0	0.0	0.172910372608	0.246062407132	0.0	0.0	0.0	0.0	0.131096954012
35	1	1	0	0.0	0.0	0.0	0.0	0.0785742811502	0.0	0.0	0.0	0.081005306899	0.206448996147	0.0	0.0	0.0	0.0	0.0	0.0	0.124410081333	0.0	0.0	0.0
36	1	1	0	0.0	0.0	0.0	0.0	0.0856801671808	0.0	0.0	0.0	0.0813292086618	0.20480366753	0.0	0.0	0.0	0.0	0.0	0.0	0.123108464317	0.0	0.0	0.0
37	1	1	0	0.0	0.0	0.0	0.0	0.0	0.0	0.177493047279	0.0	0.0	0.0	0.129935032484	0.284606085029	0.0	0.0	0.0	0.123194221509	0.178429817605	0.152521896708	0.0	0.0
38	1	1	0	0.0	0.0	0.0	0.0	0.0	0.0	0.178653596079	0.0	0.0	0.0	0.131647864625	0.288857910983	0.0	0.0	0.0	0.127365575248	0.184901862104	0.15	0.0	0.0
39	1	1	0	0.130386961304	0.176084099869	0.17255176553	0.0	0.0	0.0	0.0	0.0	0.14389432288	0.0	0.0	0.0	0.0	0.0	0.0	0.0	0.0	0.17722636328	0.0	0.143912175649
40	1	1	0	0.11396241665	0.0	0.0	0.0	0.0	0.0	0.19410496046	0.0	0.0	0.0	0.141247484909	0.0	0.0	0.0	0.245790574873	0.138234691788	0.193027888446	0.16593756214	0.180359113251	0.0
41	1	1	0	0.114477104579	0.167695775752	0.0	0.0	0.139569340182	0.0	0.189354450682	0.0	0.0	0.0	0.145787908821	0.0	0.178794597863	0.0	0.246933122279	0.133479868119	0.188758222045	0.161735305878	0.184360331569	0.0
42	1	1	0	0.126331811263	0.0	0.0	0.19428400717	0.137958612416	0.179098602637	0.0	0.0	0.0	0.0	0.0	0.0	0.187462627068	0.174682531747	0.0	0.0	0.0	0.0	0.186578895657	0.0
43	1	1	0	0.117141101782	0.163191296464	0.0	0.0	0.145135244247	0.0	0.195325203252	0.0	0.0	0.0	0.134012302107	0.0	0.176975259377	0.0	0.252351410847	0.131179487179	0.198536780918	0.162167606769	0.175530859297	0.0
44	1	1	0	0.0	0.0	0.0	0.0	0.0	0.0	0.180171977744	0.0	0.0	0.0	0.132064006482	0.285997816811	0.0	0.0	0.0	0.131087981147	0.18326890673	0.158296186231	0.0	0.0
45	1	1	0	0.122262046993	0.164501725188	0.162959235028	0.0	0.135858130448	0.166633206183	0.0	0.0	0.134970550065	0.0	0.0	0.0	0.0	0.169715142429	0.25477576872	0.0	0.0	0.0	0.0	0.127304030788
46	1	1	0	0.0	0.0	0.0	0.0	0.0776679841897	0.0	0.0	0.0	0.078847308385	0.199859465971	0.0	0.0	0.0	0.0	0.0	0.0	0.121980316135	0.0	0.0	0.0
47	1	1	0	0.13255439162	0.169650806212	0.172310158285	0.0	0.0	0.0	0.0	0.0	0.148170187444	0.0	0.0	0.0	0.0	0.0	0.0	0.0	0.0	0.181281871813	0.0	0.136612021858
48	1	1	0	0.0	0.0	0.0	0.0	0.0792947202522	0.0	0.0	0.0	0.0763403836695	0.202566908765	0.0	0.0	0.0	0.0	0.0	0.0	0.12576349254	0.0	0.0	0.0
49	1	1	0	0.126523622444	0.15757944969	0.166222222222	0.0	0.137087993665	0.174496644295	0.0	0.0	0.137488991095	0.0	0.0	0.0	0.0	0.168650988881	0.255300178324	0.0	0.0	0.0	0.0	0.128493257768
50	1	1	0	0.126871552403	0.0	0.0	0.364782997319	0.138894432249	0.320695897023	0.0	0.277471987419	0.0	0.296201028888	0.119613370922	0.0	0.188080263552	0.326148267526	0.0	0.0	0.0	0.0	0.190710490061	0.0
51	1	1	0	0.0	0.0	0.0	0.127115269759	0.0	0.0	0.32102952913	0.229494949495	0.0	0.0	0.232871207555	0.500786627335	0.130656788146	0.0	0.0	0.219142572283	0.180737457183	0.149120220191	0.127736867943	0.0878331857972
52	1	1	0	0.0	0.0	0.0	0.0	0.0828031909522	0.0	0.0	0.0	0.0843301435407	0.203960981377	0.0	0.0	0.0	0.0	0.0	0.0	0.12398538961	0.0	0.0	0.0
53	1	1	0	0.0	0.0	0.0	0.0	0.0	0.0	0.17836316107	0.0	0.0	0.0	0.133957938802	0.283045685279	0.0	0.0	0.0	0.122888641651	0.178031440873	0.153716216216	0.0	0.0
54	1	1	0	0.0	0.0	0.0	0.0	0.0	0.0	0.173788893265	0.0	0.0	0.0	0.129013079667	0.2846254137	0.0	0.0	0.0	0.124740740741	0.186158475426	0.159718026183	0.0	0.0
55	1	1	0	0.0	0.0	0.0	0.0	0.0	0.0	0.176599125944	0.0	0.0	0.0	0.132160351894	0.273732251521	0.0	0.0	0.0	0.126413971026	0.177750784492	0.159375	0.0	0.0
56	1	1	0	0.118077531646	0.0	0.0	0.0	0.0	0.0	0.192241813602	0.0	0.0	0.0	0.137910085055	0.0	0.0	0.0	0.252489689166	0.138096667667	0.197131892547	0.163043478261	0.186249256984	0.0
57	1	1	0	0.119795324571	0.159537806609	0.161898045537	0.0	0.138626914106	0.174512170589	0.0	0.0	0.131180223285	0.0	0.0	0.0	0.0	0.173738991193	0.25012402024	0.0	0.0	0.0	0.0	0.135241855874
58	1	1	0	0.0	0.0	0.0	0.0	0.0	0.0	0.174104462678	0.0	0.0	0.0	0.130351566435	0.283727399166	0.0	0.0	0.0	0.126320064988	0.184083601286	0.152825256384	0.0	0.0
59	1	1	0	0.0	0.0	0.0	0.0	0.0	0.0	0.175220887521	0.0	0.0	0.0	0.135143257864	0.271903918094	0.0	0.0	0.0	0.130102040816	0.180073948236	0.160960251869	0.0	0.0
60	1	1	0	0.126646706587	0.0	0.0	0.368688925081	0.145538031543	0.329927154998	0.0	0.274411272047	0.0	0.293848964677	0.123971090143	0.0	0.177149162403	0.322985134998	0.0	0.0	0.0	0.0	0.191647947723	0.0
61	1	1	0	0.117108966626	0.16824120603	0.0	0.0	0.138255302121	0.0	0.180507210343	0.0	0.0	0.0	0.142757382283	0.0	0.186296998105	0.0	0.237255692122	0.1288507109	0.197907324365	0.160580290145	0.18347533188	0.0
62	1	1	0	0.118836291913	0.161559328846	0.0	0.0	0.144779441522	0.0	0.179084834987	0.0	0.0	0.0	0.13764348082	0.0	0.187829897421	0.0	0.24428753555	0.132968480795	0.19524430621	0.167358509669	0.179039741779	0.0
63	1	1	0	0.127517447657	0.0	0.0	0.193739770867	0.135027799841	0.180634257879	0.0	0.0	0.0	0.0	0.0	0.0	0.18516654926	0.177002713841	0.0	0.0	0.0	0.0	0.193017656501	0.0
64	1	1	0	0.11888734904	0.171414342629	0.0	0.0	0.140651801029	0.0	0.187936191426	0.0	0.0	0.0	0.137633769322	0.0	0.18944067968	0.0	0.247808358818	0.132025879499	0.194388777555	0.163745669452	0.174343434343	0.0
65	1	1	0	0.0	0.0	0.0	0.140049875312	0.0	0.0	0.311288711289	0.224961793174	0.0	0.0	0.231282735956	0.501036013814	0.133386422457	0.0	0.0	0.223696110944	0.180863708399	0.154459392128	0.130730730731	0.0888298958546
66	1	1	0	0.0	0.0	0.0	0.0	0.0	0.0	0.177370646265	0.0	0.0	0.0	0.137143991267	0.27766659996	0.0	0.0	0.0	0.123149259704	0.183398261912	0.149184149184	0.0	0.0
67	1	1	0	0.119892633463	0.175668954541	0.0	0.0	0.145261470647	0.0	0.186083341582	0.0	0.0	0.0	0.140857653365	0.0	0.193982265617	0.0	0.242176599561	0.136823319453	0.192779495363	0.16214049504	0.178310844578	0.0
68	1	1	0	0.120541082164	0.164578702768	0.0	0.0	0.141785890479	0.0	0.183201521674	0.0	0.0	0.0	0.138194235211	0.0	0.185117413846	0.0	0.242807590288	0.136653386454	0.197909407666	0.168952494534	0.177861583936	0.0
69	1	1	0	0.120357215344	0.0	0.0	0.0	0.0	0.0	0.187008853079	0.0	0.0	0.0	0.14214731099	0.0	0.0	0.0	0.247311827957	0.135023584906	0.1939958387	0.156146179402	0.177216463721	0.0
70	1	1	0	0.116964285714	0.166998804305	0.0	0.0	0.142603550296	0.0	0.178929765886	0.0	0.0	0.0	0.140760706798	0.0	0.182424242424	0.0	0.239119658967	0.135287599476	0.199257549915	0.169869560888	0.177164567087	0.0
71	1	1	0	0.122632103689	0.0	0.0	0.196056280168	0.140525838622	0.181390224359	0.0	0.0	0.0	0.0	0.0	0.0	0.179322781006	0.178987545199	0.0	0.0	0.0	0.0	0.192160419186	0.0
72	1	1	0	0.0	0.0	0.0	0.0	0.0	0.0	0.180916854815	0.0	0.0	0.0	0.132648018187	0.290143084261	0.0	0.0	0.0	0.12653513187	0.176320939335	0.150149551346	0.0	0.0
73	1	1	0	0.122252333634	0.0	0.0	0.0	0.0	0.0	0.185378590078	0.0	0.0	0.0	0.134640007879	0.0	0.0	0.0	0.248380990336	0.13680781759	0.190233163214	0.165433826469	0.174677370186	0.0
74	1	1	0	0.120645288994	0.0	0.0	0.0	0.0	0.0	0.190798103118	0.0	0.0	0.0	0.141364902507	0.0	0.0	0.0	0.244859063096	0.132347178683	0.187581896986	0.166534260179	0.173053772071	0.0
75	1	1	0	0.0	0.0	0.0	0.0	0.0	0.0	0.181846028181	0.0	0.0	0.0	0.135724331927	0.280035863718	0.0	0.0	0.0	0.124802527646	0.175740592474	0.149914478318	0.0	0.0
76	1	1	0	0.132822604716	0.0	0.0	0.197480251975	0.141137526332	0.174985086498	0.0	0.0	0.0	0.0	0.0	0.0	0.184459187776	0.177768860353	0.0	0.0	0.0	0.0	0.191091668324	0.0
77	1	1	0	0.129430828438	0.0	0.0	0.194926433283	0.144037427832	0.180893498205	0.0	0.0	0.0	0.0	0.0	0.0	0.179796569605	0.166060606061	0.0	0.0	0.0	0.0	0.183204575098	0.0
78	1	1	0	0.115624073525	0.166112287068	0.0	0.0	0.142914857085	0.0	0.18521119695	0.0	0.0	0.0	0.140078605261	0.0	0.184845463609	0.0	0.246150789709	0.130516339224	0.195864738236	0.167417110111	0.184197627684	0.0
79	1	1	0	0.133319987989	0.0	0.0	0.366460884526	0.13746657423	0.334241598547	0.0	0.282317682318	0.0	0.292347292347	0.131341772152	0.0	0.185322016975	0.331227169513	0.0	0.0	0.0	0.0	0.18350617284	0.0
80	1	1	0	0.123335943618	0.16703696223	0.158000806127	0.0	0.135895883777	0.177276880902	0.0	0.0	0.133326675322	0.0	0.0	0.0	0.0	0.169529197818	0.252001185888	0.0	0.0	0.0	0.0	0.13230429989
81	1	1	0	0.132017150264	0.178457234213	0.173526473526	0.0	0.0	0.0	0.0	0.0	0.142713668776	0.0	0.0	0.0	0.0	0.0	0.0	0.0	0.0	0.191056099022	0.0	0.138266894266
82	1	1	0	0.0	0.0	0.0	0.0	0.0	0.0	0.17366222399	0.0	0.0	0.0	0.13417622268	0.282285599518	0.0	0.0	0.0	0.125571887472	0.178640578824	0.156720916215	0.0	0.0
83	1	1	0	0.11725309876	0.171517462866	0.0	0.0	0.140750272196	0.0	0.190724754065	0.0	0.0	0.0	0.143906611653	0.0	0.189314178884	0.0	0.245752548471	0.1326662043	0.191901057251	0.166650094462	0.175925925926	0.0
84	1	1	0	0.0	0.0	0.0	0.0	0.0	0.0	0.173645444456	0.0	0.0	0.0	0.126152599048	0.267844733446	0.0	0.0	0.0	0.12571086501	0.1846244593	0.151982378855	0.0	0.0
85	1	1	0	0.130267423015	0.0	0.0	0.202774174234	0.140501648846	0.178783308195	0.0	0.0	0.0	0.0	0.0	0.0	0.184812166381	0.178924259056	0.0	0.0	0.0	0.0	0.189767995241	0.0
86	1	1	0	0.126809027426	0.0	0.0	0.366845352483	0.136445602084	0.330713361855	0.0	0.271178044189	0.0	0.294082426904	0.124054914445	0.0	0.184430304235	0.328803545052	0.0	0.0	0.0	0.0	0.192480303181	0.0
87	1	1	0	0.122975708502	0.159009546539	0.1637244023	0.0	0.132739781465	0.173423647774	0.0	0.0	0.136007924715	0.0	0.0	0.0	0.0	0.175375375375	0.257784785179	0.0	0.0	0.0	0.0	0.130326065213
88	1	1	0	0.118559777203	0.164622402433	0.0	0.0	0.143589228296	0.0	0.180747155372	0.0	0.0	0.0	0.141811527905	0.0	0.181258204584	0.0	0.238814993954	0.132400322191	0.197969543147	0.161555421928	0.179650399111	0.0
89	1	1	0	0.124900714853	0.169193694146	0.0	0.0	0.140342102631	0.0	0.188762502451	0.0	0.0	0.0	0.140963497873	0.0	0.19055666004	0.0	0.244924623116	0.134140242073	0.199241743989	0.159660548648	0.180883242589	0.0
90	1	1	0	0.124763893031	0.0	0.0	0.197446555819	0.135770234987	0.171569119566	0.0	0.0	0.0	0.0	0.0	0.0	0.185316405866	0.176284271998	0.0	0.0	0.0	0.0	0.187412865963	0.0
91	1	1	0	0.0	0.0	0.0	0.0	0.0	0.0	0.176633938312	0.0	0.0	0.0	0.134298147961	0.286967924148	0.0	0.0	0.0	0.129097124472	0.181330685204	0.160816081608	0.0	0.0
92	1	1	0	0.1135	0.0	0.0	0.0	0.0	0.0	0.188800157744	0.0	0.0	0.0	0.134437751004	0.0	0.0	0.0	0.249799518845	0.138255302121	0.20056016805	0.156253124063	0.177559692432	0.0
93	1	1	0	0.131922150883	0.169981733306	0.171710063336	0.0	0.0	0.0	0.0	0.0	0.142206938404	0.0	0.0	0.0	0.0	0.0	0.0	0.0	0.0	0.181754943854	0.0	0.14231117369
94	1	1	0	0.12161757364	0.0	0.0	0.199396074484	0.144278107103	0.175264877711	0.0	0.0	0.0	0.0	0.0	0.0	0.188085275951	0.176494063654	0.0	0.0	0.0	0.0	0.193526102832	0.0
95	1	1	0	0.0	0.0	0.0	0.0	0.0	0.0	0.172920229353	0.0	0.0	0.0	0.135216952573	0.284339546191	0.0	0.0	0.0	0.124701433121	0.18534526083	0.16	0.0	0.0
96	1	1	0	0.127075668688	0.0	0.0	0.202070976174	0.133933994736	0.179138321995	0.0	0.0	0.0	0.0	0.0	0.0	0.181800158604	0.17578085515	0.0	0.0	0.0	0.0	0.190466752552	0.0
97	1	1	0	0.126728339799	0.176711644178	0.171588188348	0.0	0.0	0.0	0.0	0.0	0.146814964611	0.0	0.0	0.0	0.0	0.0	0.0	0.0	0.0	0.181654316042	0.0	0.136623889437
98	1	1	0	0.0	0.0	0.0	0.0	0.0	0.0	0.175384615385	0.0	0.0	0.0	0.138977002379	0.267170953101	0.0	0.0	0.0	0.123023715415	0.18319848167	0.156222067733	0.0	0.0
99	1	1	0	0.130391473254	0.0	0.0	0.2019268971	0.139370392508	0.173874231303	0.0	0.0	0.0	0.0	0.0	0.0	0.184142969984	0.173642645607	0.0	0.0	0.0	0.0	0.193814018879	0.0
100	1	1	0	0.128445925477	0.17020859857	0.174479944262	0.0	0.0	0.0	0.0	0.0	0.141771152137	0.0	0.0	0.0	0.0	0.0	0.0	0.0	0.0	0.182015381582	0.0	0.140248796148
