Chromosome	Position	Change	Gene	sample0	sample1	sample2	sample3	sample4	sample5	sample6	sample7	sample8	sample9
1	0	A>C	1	10020	10056	10190	9951	10057	9985	10011	10096	10065	9905
1	1	T>C	1	10050	9872	10013	10157	10084	10157	10047	9783	10186	9910
1	2	C>T	1	9993	9894	10079	9869	10074	10050	10219	10209	9942	9884
1	3	A>T	1	10178	10097	9870	9956	9895	10004	10063	10141	9990	10078
1	4	C>T	1	9842	9914	10097	10172	10075	10040	9809	9911	9934	9923
1	5	C>G	1	10114	9953	9944	10157	9861	10087	10041	9856	9911	10032
1	6	A>G	1	9952	9952	9987	9861	9953	9911	10029	9887	10007	9910
1	7	C>G	1	9830	9934	10096	10199	10044	10078	10058	10023	9949	9880
1	8	A>T	1	9963	9966	10125	9888	9959	10008	9947	10037	9962	10043
1	9	G>T	1	10103	9901	9998	10005	9793	9917	10106	9862	9844	9836
1	10	T>G	1	10052	10169	10162	9975	9936	9840	10048	9978	10051	9962
1	11	T>A	1	9967	9702	10120	9898	10067	9836	10071	10139	10090	9941
1	12	A>C	1	9913	9849	9925	9934	10053	9981	10131	10097	9950	10214
1	13	G>C	1	9956	9876	9859	9994	10015	9986	9925	9962	9893	9950
1	14	G>T	1	9931	10038	9714	9953	9903	9923	10159	10034	10131	9988
1	15	C>A	1	10202	10042	10014	10068	10065	9979	10093	10003	9973	9896
1	16	G>T	1	9964	10054	9982	9952	9850	9875	9927	10125	10017	9962
1	17	G>T	1	10140	10099	9979	9986	10060	10003	10109	10057	9966	9941
1	18	C>T	1	10003	9922	10112	10033	9828	10118	10066	9728	10056	9998
1	19	C>T	1	9914	10063	10037	9970	10008	10013	9996	9877	9999	9957
1	20	C>T	1	9910	10166	9790	9860	10003	9845	9982	10036	9938	9912
1	21	C>T	1	10070	10069	10040	10096	10011	9886	9933	9977	9879	9885
1	22	A>T	1	10031	9910	9994	10109	10073	9931	10065	10076	9866	9971
1	23	T>A	1	9856	10187	9823	10148	10002	10070	9969	9863	9855	10087
1	24	C>G	1	9944	9978	9905	10200	9999	9872	10078	9827	10119	10060
1	25	G>T	1	10038	10032	10001	10014	9834	10064	9871	9981	10094	10114
1	26	A>T	1	10068	10002	9836	9967	10035	9874	10070	9896	9872	10006
1	27	C>G	1	9974	9956	9965	9976	10025	10095	10000	9990	10134	10071
1	28	G>A	1	9811	9966	9884	10137	10012	9979	9965	10062	9949	9983
1	29	C>G	1	10162	9946	10121	9969	10115	9928	9963	10110	9966	10001
1	30	G>A	1	9995	10039	9882	10051	10079	10031	9934	9836	9989	10197
1	31	T>C	1	10086	10246	9959	10046	9950	10084	9948	9894	9898	10015
1	32	A>T	1	10017	10068	9878	10075	9827	9951	10118	10043	9906	10062
1	33	G>T	1	10069	10112	10118	9998	10021	10061	9896	9970	10044	9991
1	34	T>A	1	9935	10029	10070	9911	9825	10019	9821	9959	10070	10132
1	35	C>G	1	10082	9968	10072	10081	10026	10057	10017	10008	10022	10129
1	36	C>G	1	10170	10002	9760	10069	10002	9930	10054	10011	10084	9864
1	37	A>G	1	9853	9962	10082	10105	10202	9904	9861	9953	9779	9967
1	38	G>A	1	9913	9914	9918	10057	10129	9717	10028	10093	9898	10098
1	39	A>G	1	9900	10170	10070	9901	9988	9939	10156	9966	9962	10019
1	40	G>A	1	9962	10141	10058	10063	10093	10065	10003	10096	10007	10004
1	41	T>G	1	9928	9961	10027	9996	9831	10024	9969	9786	9983	9985
1	42	G>C	1	10003	10022	10051	9944	9833	9848	10115	9990	9891	10023
1	43	T>C	1	10036	9970	9954	9907	9968	10030	10033	9971	10073	10053
1	44	G>A	1	10031	9927	10062	10165	9916	9956	9995	10057	9880	9954
1	45	G>T	1	9994	9874	10057	9866	10098	10016	10128	9846	10057	10002
1	46	A>C	1	9938	10134	10044	9942	9828	10036	9944	10038	10210	9732
1	47	G>A	1	9944	9838	10049	10012	10058	9978	9964	10114	9953	9957
1	48	A>G	1	10110	10001	10139	10004	10044	10000	10009	9718	9968	10096
1	49	T>C	1	10149	10164	10079	10153	9891	10102	10030	10053	9847	10041
1	50	G>A	1	10001	9963	9744	9974	10057	10137	9885	9874	10053	9992
1	51	G>T	1	9964	9906	9974	9950	9923	10094	10132	9973	9945	10065
1	52	G>C	1	9871	9957	9854	9879	9957	9989	10004	9982	10067	9925
1	53	T>C	1	10037	10027	10007	10170	9959	10013	10086	9923	9838	10096
1	54	A>G	1	10117	9924	9871	10026	10051	10045	10134	9960	9893	10167
1	55	C>A	1	10124	9839	10069	9788	9963	10122	10115	10164	10130	10074
1	56	C>G	1	10140	10077	9912	10041	9953	10011	10085	10058	10064	9874
1	57	G>T	1	10044	9889	9944	9943	9989	9958	9999	10074	10012	10019
1	58	C>A	1	9981	10077	10120	9879	9944	10024	9997	10119	9928	10141
1	59	T>G	1	10212	10045	10024	9883	10228	10239	9908	9968	10136	9971
1	60	A>C	1	10176	10055	9977	10075	10043	9797	10057	10150	10090	10121
1	61	C>G	1	10086	9923	9764	9910	10251	9853	10082	9868	10072	9907
1	62	T>G	1	9979	10114	9983	10063	10048	10003	10001	9843	9874	9833
1	63	A>G	1	10010	10007	10279	9961	9932	9931	9885	9955	10033	9941
1	64	T>G	1	9773	9853	9952	9986	9794	9868	9970	10006	10036	9818
1	65	G>T	1	9932	9987	10073	10167	9968	9803	10150	9805	10028	9952
1	66	T>G	1	10092	10198	9887	9908	10086	9915	10007	9805	9962	10062
1	67	A>T	1	10202	10024	9782	9974	9988	10024	10162	9989	10061	10020
1	68	A>C	1	9950	9908	9879	10109	10118	10119	10058	10023	10025	10002
1	69	A>T	1	10014	10073	10026	10022	10021	9906	9975	9937	9839	10159
1	70	T>G	1	10112	9848	10094	9863	9883	10004	10069	9987	9937	9915
1	71	G>C	1	9964	9880	10030	9977	10000	10144	10028	10085	9829	10109
1	72	T>A	1	9933	9856	10000	10038	10123	10083	9905	9997	10097	10101
1	73	A>G	1	9798	9969	9989	9839	10046	10098	9992	10019	10043	9907
1	74	T>A	1	10055	10101	10007	9760	10077	10110	10069	10053	10035	10089
1	75	A>T	1	9915	10231	9888	9825	10067	9926	10020	9935	9885	9959
1	76	C>T	1	9987	9999	10259	9962	9669	9927	9954	9988	9927	9866
1	77	C>G	1	10169	10161	9963	9966	9999	10042	10020	10165	10186	10098
1	78	T>C	1	9961	9987	10200	9871	9964	10129	10162	10149	9925	9912
1	79	T>G	1	9967	9912	10079	10070	9854	9819	10003	10099	10034	9865
1	80	C>A	1	9930	9838	10118	9988	10024	9956	9947	9930	9788	9993
1	81	C>G	1	10049	9988	9867	10037	10009	10002	9778	10056	9892	9926
1	82	A>T	1	10103	10036	9981	9964	9978	9951	10107	10002	10178	10021
1	83	G>T	1	9957	9946	9950	9981	9981	10003	9876	9936	10112	9983
1	84	G>C	1	9915	9903	10035	10047	9929	10088	9996	9787	9969	9880
1	85	G>A	1	9959	9969	9890	9970	10006	9913	10019	10101	10050	10014
1	86	C>A	1	9923	10010	9982	10083	9879	9928	10004	10076	9893	10046
1	87	C>A	1	9979	9930	10028	9982	10070	10015	9944	9812	9897	9905
1	88	T>C	1	10047	10230	9857	9935	9876	10050	10099	10116	9901	10022
1	89	T>C	1	10080	9809	10166	10036	10042	10085	9925	9999	9962	10110
1	90	T>G	1	9809	10002	10022	10092	10118	10102	10026	9900	9940	9993
1	91	T>G	1	9976	10045	10001	10004	9975	10029	10088	9950	10143	9856
1	92	T>G	1	10000	10015	10116	10077	9981	10230	10029	10053	10050	10103
1	93	C>G	1	10141	10181	9925	9998	9816	10003	10131	9972	9983	10050
1	94	G>C	1	10016	9954	10036	10163	9878	10063	10021	9934	9889	9913
1	95	G>T	1	10061	10103	9924	10133	10059	9958	9913	10039	10185	9990
1	96	G>A	1	10203	10104	10147	9997	10085	9831	9779	10058	9896	10071
1	97	C>G	1	10094	10014	9952	10061	9995	9998	9970	9924	10041	9795
1	98	G>T	1	9958	9948	10230	10288	10005	10099	10015	9882	9972	9973
1	99	G>T	1	10014	10083	10011	9897	9892	9839	10010	9918	10099	9829
