Num_mutations: 100
Num_samples: 5
Error_rate: 0.080000

0.000000000000000000e+00 0.000000000000000000e+00 0.000000000000000000e+00 0.000000000000000000e+00 0.000000000000000000e+00
0.000000000000000000e+00 0.000000000000000000e+00 0.000000000000000000e+00 1.834862385321101019e-01 0.000000000000000000e+00
0.000000000000000000e+00 0.000000000000000000e+00 0.000000000000000000e+00 0.000000000000000000e+00 0.000000000000000000e+00
0.000000000000000000e+00 0.000000000000000000e+00 0.000000000000000000e+00 0.000000000000000000e+00 0.000000000000000000e+00
0.000000000000000000e+00 0.000000000000000000e+00 6.265060240963855609e-01 0.000000000000000000e+00 0.000000000000000000e+00
6.274509803921568540e-01 0.000000000000000000e+00 5.684210526315789380e-01 7.027027027027027417e-01 7.021276595744680993e-01
0.000000000000000000e+00 0.000000000000000000e+00 0.000000000000000000e+00 1.684210526315789436e-01 4.271844660194174526e-01
5.555555555555555802e-01 0.000000000000000000e+00 6.804123711340206437e-01 8.440366972477064689e-01 5.233644859813083583e-01
0.000000000000000000e+00 0.000000000000000000e+00 5.376344086021505042e-01 0.000000000000000000e+00 0.000000000000000000e+00
0.000000000000000000e+00 0.000000000000000000e+00 5.142857142857142350e-01 0.000000000000000000e+00 0.000000000000000000e+00
0.000000000000000000e+00 0.000000000000000000e+00 0.000000000000000000e+00 0.000000000000000000e+00 0.000000000000000000e+00
0.000000000000000000e+00 0.000000000000000000e+00 0.000000000000000000e+00 3.043478260869565410e-01 6.458333333333333703e-01
0.000000000000000000e+00 0.000000000000000000e+00 0.000000000000000000e+00 0.000000000000000000e+00 0.000000000000000000e+00
0.000000000000000000e+00 0.000000000000000000e+00 0.000000000000000000e+00 2.330097087378640852e-01 3.619047619047618958e-01
4.285714285714285476e-01 3.838383838383838120e-01 4.615384615384615641e-01 2.000000000000000111e-01 4.705882352941176405e-01
3.689320388349514590e-01 3.913043478260869734e-01 2.941176470588235392e-01 1.414141414141414088e-01 4.629629629629629650e-01
0.000000000000000000e+00 0.000000000000000000e+00 0.000000000000000000e+00 6.060606060606060774e-02 0.000000000000000000e+00
0.000000000000000000e+00 0.000000000000000000e+00 0.000000000000000000e+00 2.500000000000000000e-01 0.000000000000000000e+00
0.000000000000000000e+00 0.000000000000000000e+00 0.000000000000000000e+00 0.000000000000000000e+00 0.000000000000000000e+00
1.155555555555555447e+00 1.119266055045871511e+00 1.127272727272727204e+00 1.000000000000000000e+00 8.387096774193548709e-01
9.462365591397849940e-01 1.139534883720930258e+00 1.042553191489361764e+00 9.814814814814815103e-01 1.108910891089109008e+00
0.000000000000000000e+00 0.000000000000000000e+00 0.000000000000000000e+00 3.333333333333333148e-01 0.000000000000000000e+00
0.000000000000000000e+00 0.000000000000000000e+00 0.000000000000000000e+00 2.201834862385321223e-01 0.000000000000000000e+00
0.000000000000000000e+00 0.000000000000000000e+00 0.000000000000000000e+00 1.481481481481481399e-01 0.000000000000000000e+00
0.000000000000000000e+00 0.000000000000000000e+00 0.000000000000000000e+00 1.941747572815533951e-01 6.071428571428570953e-01
3.064516129032258118e-01 5.818181818181817899e-01 4.259259259259259300e-01 3.529411764705882582e-01 4.791666666666666852e-01
5.656565656565656353e-01 0.000000000000000000e+00 8.210526315789473673e-01 8.181818181818182323e-01 5.154639175257731409e-01
0.000000000000000000e+00 0.000000000000000000e+00 0.000000000000000000e+00 1.458333333333333426e-01 0.000000000000000000e+00
0.000000000000000000e+00 0.000000000000000000e+00 0.000000000000000000e+00 3.368421052631578871e-01 0.000000000000000000e+00
0.000000000000000000e+00 0.000000000000000000e+00 0.000000000000000000e+00 0.000000000000000000e+00 0.000000000000000000e+00
0.000000000000000000e+00 0.000000000000000000e+00 0.000000000000000000e+00 2.926829268292682751e-01 0.000000000000000000e+00
0.000000000000000000e+00 0.000000000000000000e+00 0.000000000000000000e+00 2.800000000000000266e-01 0.000000000000000000e+00
0.000000000000000000e+00 0.000000000000000000e+00 0.000000000000000000e+00 3.047619047619047894e-01 0.000000000000000000e+00
0.000000000000000000e+00 0.000000000000000000e+00 0.000000000000000000e+00 0.000000000000000000e+00 0.000000000000000000e+00
0.000000000000000000e+00 0.000000000000000000e+00 0.000000000000000000e+00 9.433962264150944077e-02 4.040404040404040331e-01
0.000000000000000000e+00 0.000000000000000000e+00 0.000000000000000000e+00 2.429906542056074759e-01 5.274725274725274859e-01
2.830188679245282946e-01 4.615384615384615641e-01 4.230769230769230727e-01 1.636363636363636354e-01 3.958333333333333148e-01
0.000000000000000000e+00 0.000000000000000000e+00 0.000000000000000000e+00 1.818181818181818232e-01 6.476190476190476497e-01
1.142857142857142794e+00 9.873417721518987777e-01 1.100917431192660612e+00 9.285714285714286031e-01 1.049504950495049549e+00
0.000000000000000000e+00 0.000000000000000000e+00 0.000000000000000000e+00 0.000000000000000000e+00 0.000000000000000000e+00
0.000000000000000000e+00 0.000000000000000000e+00 0.000000000000000000e+00 0.000000000000000000e+00 0.000000000000000000e+00
0.000000000000000000e+00 0.000000000000000000e+00 0.000000000000000000e+00 0.000000000000000000e+00 0.000000000000000000e+00
0.000000000000000000e+00 0.000000000000000000e+00 0.000000000000000000e+00 2.363636363636363591e-01 7.017543859649122417e-01
0.000000000000000000e+00 0.000000000000000000e+00 0.000000000000000000e+00 2.524271844660194164e-01 0.000000000000000000e+00
0.000000000000000000e+00 0.000000000000000000e+00 0.000000000000000000e+00 0.000000000000000000e+00 0.000000000000000000e+00
0.000000000000000000e+00 0.000000000000000000e+00 0.000000000000000000e+00 0.000000000000000000e+00 0.000000000000000000e+00
0.000000000000000000e+00 0.000000000000000000e+00 0.000000000000000000e+00 0.000000000000000000e+00 0.000000000000000000e+00
2.777777777777777901e-01 4.952380952380952550e-01 4.150943396226415283e-01 1.538461538461538547e-01 4.485981308411214896e-01
0.000000000000000000e+00 0.000000000000000000e+00 0.000000000000000000e+00 0.000000000000000000e+00 0.000000000000000000e+00
0.000000000000000000e+00 0.000000000000000000e+00 0.000000000000000000e+00 3.181818181818181768e-01 0.000000000000000000e+00
3.870967741935483764e-01 4.102564102564102422e-01 4.482758620689655249e-01 1.616161616161616299e-01 5.494505494505494969e-01
8.800000000000000044e-01 0.000000000000000000e+00 5.500000000000000444e-01 8.505747126436781214e-01 6.060606060606060774e-01
2.970297029702970160e-01 5.376344086021505042e-01 3.736263736263736313e-01 2.056074766355140138e-01 2.831858407079645978e-01
3.428571428571428603e-01 6.153846153846154188e-01 4.749999999999999778e-01 1.308411214953270896e-01 3.636363636363636465e-01
3.409090909090908839e-01 4.859813084112149517e-01 4.770642201834862650e-01 1.443298969072164817e-01 3.853211009174312141e-01
0.000000000000000000e+00 0.000000000000000000e+00 5.365853658536585691e-01 0.000000000000000000e+00 0.000000000000000000e+00
0.000000000000000000e+00 0.000000000000000000e+00 0.000000000000000000e+00 2.181818181818181712e-01 0.000000000000000000e+00
0.000000000000000000e+00 0.000000000000000000e+00 0.000000000000000000e+00 1.568627450980392135e-01 0.000000000000000000e+00
5.656565656565656353e-01 0.000000000000000000e+00 5.490196078431373028e-01 9.174311926605505096e-01 3.863636363636363535e-01
0.000000000000000000e+00 0.000000000000000000e+00 0.000000000000000000e+00 0.000000000000000000e+00 0.000000000000000000e+00
0.000000000000000000e+00 0.000000000000000000e+00 6.055045871559633364e-01 0.000000000000000000e+00 0.000000000000000000e+00
6.122448979591836871e-01 0.000000000000000000e+00 4.489795918367346927e-01 8.155339805825242427e-01 5.217391304347825942e-01
0.000000000000000000e+00 0.000000000000000000e+00 0.000000000000000000e+00 3.260869565217391353e-01 0.000000000000000000e+00
0.000000000000000000e+00 0.000000000000000000e+00 0.000000000000000000e+00 1.487603305785124008e-01 0.000000000000000000e+00
0.000000000000000000e+00 0.000000000000000000e+00 0.000000000000000000e+00 2.947368421052631304e-01 0.000000000000000000e+00
0.000000000000000000e+00 0.000000000000000000e+00 0.000000000000000000e+00 1.414141414141414088e-01 4.466019417475728392e-01
3.030303030303030387e-01 3.207547169811320598e-01 2.592592592592592449e-01 1.237113402061855716e-01 3.846153846153846367e-01
0.000000000000000000e+00 0.000000000000000000e+00 0.000000000000000000e+00 2.264150943396226467e-01 5.473684210526316152e-01
0.000000000000000000e+00 0.000000000000000000e+00 0.000000000000000000e+00 0.000000000000000000e+00 0.000000000000000000e+00
5.384615384615384359e-01 5.094339622641509413e-01 3.820224719101123489e-01 8.333333333333332871e-02 4.418604651162790775e-01
0.000000000000000000e+00 0.000000000000000000e+00 0.000000000000000000e+00 2.200000000000000011e-01 6.021505376344086224e-01
4.230769230769230727e-01 3.434343434343434254e-01 4.494382022471909988e-01 2.385321100917431325e-01 3.917525773195876249e-01
2.626262626262626521e-01 4.000000000000000222e-01 3.275862068965517127e-01 2.291666666666666574e-01 4.158415841584158223e-01
0.000000000000000000e+00 0.000000000000000000e+00 0.000000000000000000e+00 0.000000000000000000e+00 0.000000000000000000e+00
0.000000000000000000e+00 0.000000000000000000e+00 0.000000000000000000e+00 3.010752688172043112e-01 0.000000000000000000e+00
0.000000000000000000e+00 0.000000000000000000e+00 0.000000000000000000e+00 1.684210526315789436e-01 0.000000000000000000e+00
0.000000000000000000e+00 0.000000000000000000e+00 0.000000000000000000e+00 0.000000000000000000e+00 0.000000000000000000e+00
0.000000000000000000e+00 0.000000000000000000e+00 0.000000000000000000e+00 3.095238095238095344e-01 0.000000000000000000e+00
0.000000000000000000e+00 0.000000000000000000e+00 6.451612903225806273e-01 0.000000000000000000e+00 0.000000000000000000e+00
0.000000000000000000e+00 0.000000000000000000e+00 0.000000000000000000e+00 0.000000000000000000e+00 0.000000000000000000e+00
3.432835820895522305e-01 3.247863247863247982e-01 5.142857142857142350e-01 6.896551724137930939e-02 4.077669902912621214e-01
1.028571428571428470e+00 1.033707865168539408e+00 8.235294117647058432e-01 8.791208791208791062e-01 8.846153846153845812e-01
0.000000000000000000e+00 0.000000000000000000e+00 0.000000000000000000e+00 0.000000000000000000e+00 0.000000000000000000e+00
0.000000000000000000e+00 0.000000000000000000e+00 0.000000000000000000e+00 1.782178217821782096e-01 0.000000000000000000e+00
4.313725490196078649e-01 4.587155963302752548e-01 4.403669724770642446e-01 1.505376344086021556e-01 3.669724770642202039e-01
0.000000000000000000e+00 0.000000000000000000e+00 0.000000000000000000e+00 3.148148148148148251e-01 0.000000000000000000e+00
0.000000000000000000e+00 0.000000000000000000e+00 0.000000000000000000e+00 2.469135802469135665e-01 4.752475247524752255e-01
3.092783505154639290e-01 4.042553191489361430e-01 7.021276595744680993e-01 2.352941176470588203e-01 5.405405405405405705e-01
0.000000000000000000e+00 0.000000000000000000e+00 0.000000000000000000e+00 2.448979591836734637e-01 6.607142857142856984e-01
0.000000000000000000e+00 0.000000000000000000e+00 0.000000000000000000e+00 0.000000000000000000e+00 0.000000000000000000e+00
0.000000000000000000e+00 0.000000000000000000e+00 0.000000000000000000e+00 0.000000000000000000e+00 0.000000000000000000e+00
0.000000000000000000e+00 0.000000000000000000e+00 0.000000000000000000e+00 1.860465116279069742e-01 0.000000000000000000e+00
0.000000000000000000e+00 0.000000000000000000e+00 0.000000000000000000e+00 2.083333333333333426e-01 0.000000000000000000e+00
0.000000000000000000e+00 0.000000000000000000e+00 0.000000000000000000e+00 0.000000000000000000e+00 0.000000000000000000e+00
4.545454545454545303e-01 3.777777777777777679e-01 4.356435643564356419e-01 2.095238095238095288e-01 4.770642201834862650e-01
5.000000000000000000e-01 4.842105263157894801e-01 4.952380952380952550e-01 2.105263157894736725e-01 3.960396039603960583e-01
0.000000000000000000e+00 0.000000000000000000e+00 0.000000000000000000e+00 1.855670103092783574e-01 0.000000000000000000e+00
0.000000000000000000e+00 0.000000000000000000e+00 0.000000000000000000e+00 0.000000000000000000e+00 0.000000000000000000e+00
0.000000000000000000e+00 0.000000000000000000e+00 0.000000000000000000e+00 1.799999999999999933e-01 5.593220338983050377e-01
0.000000000000000000e+00 0.000000000000000000e+00 0.000000000000000000e+00 2.115384615384615363e-01 0.000000000000000000e+00
