#chr	normal	sample0	sample1	sample2	sample3	sample4	sample5	sample6	sample7	sample8	sample9	sample10	sample11	sample12	sample13	sample14	sample15	sample16	sample17	sample18	sample19
0	0	0.284210526316	0.276785714286	0.161290322581	0.0	0.417475728155	0.319587628866	0.288659793814	0.478991596639	0.0	0.273684210526	0.333333333333	0.0980392156863	0.0	0.26	0.415841584158	0.267716535433	0.270833333333	0.269230769231	0.333333333333	0.0
1	0	0.155339805825	0.136	0.10101010101	0.0	0.175257731959	0.333333333333	0.25	0.264150943396	0.0	0.114035087719	0.197916666667	0.173553719008	0.0	0.0	0.0990099009901	0.0919540229885	0.228571428571	0.164835164835	0.0	0.0
2	0	0.362637362637	0.305882352941	0.153846153846	0.0	0.428571428571	0.296703296703	0.260416666667	0.484848484848	0.0	0.326086956522	0.446601941748	0.22619047619	0.0	0.28125	0.447058823529	0.307692307692	0.27	0.315315315315	0.254901960784	0.0
3	0	0.168067226891	0.218181818182	0.181818181818	0.0	0.166666666667	0.247787610619	0.298076923077	0.260869565217	0.0	0.21359223301	0.1875	0.123711340206	0.0	0.0	0.153846153846	0.117647058824	0.247524752475	0.144144144144	0.0	0.0
4	0	0.179245283019	0.115789473684	0.180722891566	0.0	0.25	0.263736263736	0.301075268817	0.197916666667	0.0	0.145631067961	0.116071428571	0.141592920354	0.0	0.0	0.142857142857	0.122448979592	0.327731092437	0.137614678899	0.0	0.0
5	0	0.539325842697	0.554455445545	0.408602150538	0.51	0.486956521739	0.485714285714	0.444444444444	0.483146067416	0.51376146789	0.48	0.511363636364	0.376237623762	0.424242424242	0.393617021277	0.518072289157	0.620689655172	0.521739130435	0.459459459459	0.423423423423	0.478632478632
6	0	0.363636363636	0.212765957447	0.153846153846	0.0	0.54	0.278846153846	0.21	0.494505494505	0.0	0.245454545455	0.340425531915	0.165217391304	0.0	0.301886792453	0.42	0.313725490196	0.319587628866	0.211111111111	0.285714285714	0.0
7	0	0.404255319149	0.292929292929	0.142857142857	0.0	0.52	0.327586206897	0.311926605505	0.448275862069	0.0	0.25	0.348314606742	0.205882352941	0.0	0.271844660194	0.319587628866	0.324561403509	0.311320754717	0.25	0.227272727273	0.0
8	0	0.268817204301	0.24	0.173913043478	0.0	0.439655172414	0.316831683168	0.21875	0.522935779817	0.0	0.257425742574	0.354838709677	0.188118811881	0.0	0.214285714286	0.412371134021	0.220338983051	0.25	0.302752293578	0.306930693069	0.0
9	0	0.216494845361	0.155963302752	0.158333333333	0.0	0.243243243243	0.222222222222	0.295652173913	0.20618556701	0.0	0.12389380531	0.144329896907	0.181818181818	0.0	0.0	0.113402061856	0.136842105263	0.296703296703	0.170454545455	0.0	0.0
10	0	0.0	0.135416666667	0.121212121212	0.165137614679	0.0	0.0	0.232323232323	0.0	0.0	0.137254901961	0.0	0.145631067961	0.0	0.0	0.0	0.0	0.186991869919	0.0	0.0	0.338709677419
11	0	0.144444444444	0.159574468085	0.142857142857	0.0	0.265486725664	0.357142857143	0.258333333333	0.176470588235	0.0	0.153846153846	0.21359223301	0.104761904762	0.0	0.0	0.20618556701	0.0823529411765	0.235849056604	0.126213592233	0.0	0.0
12	0	0.0618556701031	0.0833333333333	0.140186915888	0.0	0.0	0.23595505618	0.0	0.0	0.0	0.0	0.0	0.0900900900901	0.391304347826	0.184210526316	0.0816326530612	0.07	0.0	0.0	0.0	0.0
13	0	0.0	0.0	0.0	0.207792207792	0.0	0.0	0.0	0.0	0.0	0.0	0.0	0.0804597701149	0.0	0.0	0.0	0.125	0.0	0.139784946237	0.0	0.0
14	0	0.316239316239	0.29702970297	0.184466019417	0.0	0.54128440367	0.252747252747	0.290909090909	0.24347826087	0.0	0.168421052632	0.383838383838	0.122807017544	0.0	0.0	0.276595744681	0.255555555556	0.258426966292	0.280373831776	0.0	0.0
15	0	0.348837209302	0.2	0.150943396226	0.0	0.414634146341	0.24	0.298076923077	0.532710280374	0.0	0.298076923077	0.380165289256	0.268041237113	0.0	0.236363636364	0.377777777778	0.375	0.257142857143	0.274509803922	0.288288288288	0.0
16	0	0.347368421053	0.340206185567	0.170731707317	0.0	0.523255813953	0.294736842105	0.368421052632	0.542168674699	0.0	0.258928571429	0.390243902439	0.197674418605	0.0	0.309278350515	0.477272727273	0.277227722772	0.336842105263	0.27868852459	0.209302325581	0.0
17	0	0.463414634146	0.259615384615	0.125	0.0	0.471153846154	0.306306306306	0.217391304348	0.566265060241	0.0	0.254901960784	0.341463414634	0.117647058824	0.0	0.4	0.505882352941	0.288888888889	0.363636363636	0.330097087379	0.230769230769	0.0
18	0	0.344444444444	0.285714285714	0.0891089108911	0.0	0.547169811321	0.225490196078	0.242105263158	0.194444444444	0.0	0.108108108108	0.292134831461	0.137254901961	0.0	0.0	0.276785714286	0.192660550459	0.31914893617	0.255319148936	0.0	0.0
19	0	0.215909090909	0.132653061224	0.0	0.0	0.0	0.0	0.0	0.0	0.0	0.0	0.166666666667	0.0	0.0	0.0	0.0	0.0	0.0	0.0	0.0	0.0
20	0	0.0	0.0	0.0	0.2	0.0	0.0	0.0	0.0	0.0	0.0	0.0	0.135416666667	0.0	0.0	0.0	0.104761904762	0.0	0.152173913043	0.0	0.0
21	0	0.125	0.125	0.0	0.0	0.0	0.0	0.0	0.0	0.0	0.0	0.148514851485	0.0	0.0	0.0	0.0	0.0	0.0	0.0	0.0	0.0
22	0	0.0	0.0	0.0	0.170212765957	0.0	0.0	0.0	0.0	0.0	0.0	0.0	0.0736842105263	0.0	0.0	0.0	0.0602409638554	0.0	0.113402061856	0.0	0.0
23	0	0.359550561798	0.314516129032	0.161290322581	0.0	0.563106796117	0.221238938053	0.288659793814	0.305263157895	0.0	0.155339805825	0.407766990291	0.115789473684	0.0	0.0	0.338842975207	0.198412698413	0.386138613861	0.292929292929	0.0	0.0
24	0	0.383720930233	0.311475409836	0.147286821705	0.0	0.494505494505	0.259259259259	0.216494845361	0.447916666667	0.0	0.327272727273	0.322580645161	0.181818181818	0.0	0.273684210526	0.41935483871	0.262626262626	0.336	0.247311827957	0.184782608696	0.0
25	0	0.344086021505	0.240963855422	0.144329896907	0.0	0.540540540541	0.278350515464	0.188235294118	0.456310679612	0.0	0.300970873786	0.31914893617	0.131313131313	0.0	0.267326732673	0.336842105263	0.267326732673	0.350515463918	0.340206185567	0.278350515464	0.0
26	0	0.0	0.0	0.0	0.12962962963	0.0	0.0	0.0	0.0	0.0	0.0	0.0	0.163265306122	0.0	0.0	0.0	0.176470588235	0.0	0.165048543689	0.0	0.0
27	0	0.333333333333	0.346534653465	0.184782608696	0.0	0.416666666667	0.27027027027	0.266666666667	0.5625	0.0	0.197916666667	0.484536082474	0.131868131868	0.0	0.268518518519	0.413793103448	0.301075268817	0.33	0.272727272727	0.234693877551	0.0
28	0	0.361111111111	0.305263157895	0.18085106383	0.0	0.51968503937	0.261363636364	0.29702970297	0.509433962264	0.0	0.305263157895	0.340425531915	0.102040816327	0.0	0.319587628866	0.4	0.284403669725	0.275862068966	0.292134831461	0.228260869565	0.0
29	0	0.358333333333	0.276595744681	0.157894736842	0.0	0.5	0.236559139785	0.222222222222	0.483333333333	0.0	0.295454545455	0.376344086022	0.103773584906	0.0	0.356435643564	0.419047619048	0.307692307692	0.259615384615	0.336842105263	0.3125	0.0
30	0	0.391304347826	0.262711864407	0.198198198198	0.0	0.454545454545	0.275	0.201680672269	0.456310679612	0.0	0.221052631579	0.354545454545	0.148648648649	0.0	0.289719626168	0.365853658537	0.24	0.18085106383	0.308333333333	0.225225225225	0.0
31	0	0.148514851485	0.0631578947368	0.0731707317073	0.0	0.0	0.174418604651	0.0	0.0	0.0	0.0	0.0	0.135922330097	0.268041237113	0.270833333333	0.0989010989011	0.0754716981132	0.0	0.0	0.0	0.0
32	0	0.136363636364	0.127450980392	0.0	0.0	0.225225225225	0.321428571429	0.0	0.267326732673	0.0	0.0	0.141414141414	0.0	0.0	0.0	0.0	0.0	0.0	0.125	0.0	0.0
33	0	0.316239316239	0.287234042553	0.135922330097	0.0	0.424528301887	0.247191011236	0.223214285714	0.431818181818	0.0	0.30612244898	0.428571428571	0.122222222222	0.0	0.305882352941	0.41	0.314285714286	0.240740740741	0.297872340426	0.316326530612	0.0
34	0	0.19801980198	0.0961538461538	0.0	0.0	0.216494845361	0.280898876404	0.0	0.285714285714	0.0	0.0	0.228260869565	0.0	0.0	0.0	0.0	0.0	0.0	0.154639175258	0.0	0.0
35	0	0.0	0.0	0.0	0.241379310345	0.0	0.0	0.0	0.0	0.0	0.0	0.0	0.0568181818182	0.0	0.0	0.0	0.13	0.0	0.185185185185	0.0	0.0
36	0	0.0	0.0	0.0	0.18487394958	0.0	0.0	0.0	0.0	0.0	0.0	0.0	0.158415841584	0.0	0.0	0.0	0.0818181818182	0.0	0.113402061856	0.0	0.0
37	0	0.180327868852	0.273684210526	0.220183486239	0.362831858407	0.0	0.257142857143	0.252873563218	0.0	0.21359223301	0.265060240964	0.118811881188	0.417582417582	0.466019417476	0.254545454545	0.118279569892	0.276595744681	0.25	0.247422680412	0.0	0.242105263158
38	0	0.0	0.0927835051546	0.13	0.175257731959	0.0	0.0	0.175824175824	0.0	0.0	0.0679611650485	0.0	0.114035087719	0.0	0.0	0.0	0.0	0.240384615385	0.0	0.0	0.258928571429
39	0	0.0	0.0	0.0	0.128712871287	0.0	0.0	0.0	0.0	0.0	0.0	0.0	0.180722891566	0.0	0.0	0.0	0.117117117117	0.0	0.145833333333	0.0	0.0
40	0	0.161904761905	0.149606299213	0.0	0.0	0.257425742574	0.295918367347	0.0	0.278260869565	0.0	0.0	0.188679245283	0.0	0.0	0.0	0.0	0.0	0.0	0.140350877193	0.0	0.0
41	0	0.299065420561	0.21359223301	0.211111111111	0.0	0.476635514019	0.253012048193	0.25	0.54347826087	0.0	0.333333333333	0.396825396825	0.144329896907	0.0	0.292682926829	0.487179487179	0.313725490196	0.287128712871	0.241758241758	0.247706422018	0.0
42	0	0.495798319328	0.510416666667	0.532110091743	0.488372093023	0.567010309278	0.52427184466	0.525423728814	0.577586206897	0.471074380165	0.450980392157	0.466666666667	0.524752475248	0.559139784946	0.509433962264	0.495238095238	0.52	0.5625	0.541666666667	0.463917525773	0.5
43	0	0.102803738318	0.225490196078	0.183673469388	0.364583333333	0.0	0.238636363636	0.277777777778	0.0	0.1875	0.25	0.152173913043	0.38202247191	0.421568627451	0.252427184466	0.0714285714286	0.127272727273	0.255319148936	0.256198347107	0.0	0.287356321839
44	0	0.350515463918	0.333333333333	0.100840336134	0.0	0.52	0.228571428571	0.366972477064	0.524193548387	0.0	0.277227722772	0.347826086957	0.122222222222	0.0	0.353535353535	0.379310344828	0.296703296703	0.37	0.244680851064	0.159574468085	0.0
45	0	0.352941176471	0.274725274725	0.111111111111	0.0	0.51	0.247787610619	0.298076923077	0.3	0.0	0.114285714286	0.421568627451	0.163793103448	0.0	0.0	0.358490566038	0.329545454545	0.296296296296	0.256097560976	0.0	0.0
46	0	0.383720930233	0.238095238095	0.126315789474	0.0	0.466666666667	0.22641509434	0.273504273504	0.2	0.0	0.145454545455	0.532608695652	0.145454545455	0.0	0.0	0.208333333333	0.267441860465	0.295238095238	0.256880733945	0.0	0.0
47	0	0.0	0.0	0.0	0.185185185185	0.0	0.0	0.0	0.0	0.0	0.0	0.0	0.140186915888	0.0	0.0	0.0	0.11214953271	0.0	0.128712871287	0.0	0.0
48	0	0.14	0.247524752475	0.239316239316	0.393258426966	0.0	0.221153846154	0.223300970874	0.0	0.190909090909	0.266666666667	0.0813953488372	0.341666666667	0.5	0.140186915888	0.0531914893617	0.240384615385	0.310344827586	0.272727272727	0.0	0.247706422018
49	0	0.435643564356	0.310344827586	0.208791208791	0.0	0.378947368421	0.291666666667	0.287037037037	0.475247524752	0.0	0.308411214953	0.396226415094	0.14	0.0	0.346534653465	0.341666666667	0.278846153846	0.326530612245	0.311320754717	0.258928571429	0.0
50	0	0.12037037037	0.0970873786408	0.0909090909091	0.0	0.0	0.190476190476	0.0	0.0	0.0	0.0	0.0	0.0792079207921	0.228070175439	0.190476190476	0.112359550562	0.105263157895	0.0	0.0	0.0	0.0
51	0	0.455555555556	0.360465116279	0.21875	0.0	0.467289719626	0.3125	0.204081632653	0.510416666667	0.0	0.279069767442	0.322916666667	0.164948453608	0.0	0.255102040816	0.384615384615	0.313953488372	0.237113402062	0.269662921348	0.284482758621	0.0
52	0	0.178947368421	0.0707070707071	0.0891089108911	0.0	0.0	0.189473684211	0.0	0.0	0.0	0.0	0.0	0.047619047619	0.237113402062	0.242990654206	0.163461538462	0.0721649484536	0.0	0.0	0.0	0.0
53	0	0.359223300971	0.234782608696	0.164705882353	0.0	0.576923076923	0.247619047619	0.357142857143	0.534090909091	0.0	0.224137931034	0.405940594059	0.154545454545	0.0	0.239583333333	0.383928571429	0.304347826087	0.28125	0.252336448598	0.1875	0.0
54	0	0.307692307692	0.294642857143	0.173076923077	0.0	0.542168674699	0.348623853211	0.285714285714	0.59756097561	0.0	0.294117647059	0.252873563218	0.173469387755	0.0	0.330097087379	0.366972477064	0.212121212121	0.282352941176	0.219047619048	0.285714285714	0.0
55	0	0.456140350877	0.308510638298	0.157407407407	0.0	0.528846153846	0.330357142857	0.299145299145	0.475	0.0	0.326315789474	0.35652173913	0.18085106383	0.0	0.30612244898	0.464646464646	0.25	0.293103448276	0.236363636364	0.27380952381	0.0
56	0	0.297872340426	0.274725274725	0.118279569892	0.0	0.604166666667	0.305555555556	0.317307692308	0.494949494949	0.0	0.245454545455	0.387755102041	0.113636363636	0.0	0.31067961165	0.435897435897	0.322916666667	0.284090909091	0.291666666667	0.186046511628	0.0
57	0	0.222222222222	0.107438016529	0.132075471698	0.0	0.24347826087	0.288888888889	0.289156626506	0.234693877551	0.0	0.18085106383	0.247787610619	0.188888888889	0.0	0.0	0.0769230769231	0.155555555556	0.280898876404	0.145631067961	0.0	0.0
58	0	0.0	0.0892857142857	0.0941176470588	0.113043478261	0.0	0.0	0.232558139535	0.0	0.0	0.14	0.0	0.102803738318	0.0	0.0	0.0	0.0	0.151515151515	0.0	0.0	0.311320754717
59	0	0.0	0.0	0.0	0.212121212121	0.0	0.0	0.0	0.0	0.0	0.0	0.0	0.152173913043	0.0	0.0	0.0	0.0847457627119	0.0	0.13829787234	0.0	0.0
60	0	0.134020618557	0.0786516853933	0.0934579439252	0.0	0.0	0.25	0.0	0.0	0.0	0.0	0.0	0.15306122449	0.28125	0.170731707317	0.0823529411765	0.0882352941176	0.0	0.0	0.0	0.0
61	0	0.311926605505	0.281553398058	0.14606741573	0.0	0.426966292135	0.280898876404	0.327272727273	0.207920792079	0.0	0.122807017544	0.411764705882	0.134020618557	0.0	0.0	0.29702970297	0.26213592233	0.284210526316	0.267326732673	0.0	0.0
62	0	0.357894736842	0.232558139535	0.10989010989	0.0	0.427083333333	0.263157894737	0.271929824561	0.516483516484	0.0	0.392156862745	0.360824742268	0.170454545455	0.0	0.245762711864	0.351648351648	0.292929292929	0.301886792453	0.264150943396	0.283018867925	0.0
63	0	0.0	0.0	0.0	0.0887096774194	0.0	0.0	0.0	0.0	0.0	0.0	0.0	0.105263157895	0.0	0.0	0.0	0.105769230769	0.0	0.10101010101	0.0	0.0
64	0	0.131313131313	0.117647058824	0.0851063829787	0.0	0.0	0.205607476636	0.0	0.0	0.0	0.0	0.0	0.093023255814	0.278846153846	0.19587628866	0.0515463917526	0.0882352941176	0.0	0.0	0.0	0.0
65	0	0.0	0.0	0.0	0.252336448598	0.0	0.0	0.0	0.0	0.0	0.0	0.0	0.111111111111	0.0	0.0	0.0	0.118279569892	0.0	0.130952380952	0.0	0.0
66	0	0.197530864198	0.154545454545	0.0	0.0	0.0	0.0	0.0	0.0	0.0	0.0	0.15306122449	0.0	0.0	0.0	0.0	0.0	0.0	0.0	0.0	0.0
67	0	0.519607843137	0.48623853211	0.422680412371	0.467391304348	0.452631578947	0.515151515152	0.434782608696	0.455445544554	0.4453125	0.491379310345	0.474747474747	0.505263157895	0.456896551724	0.5	0.516853932584	0.540816326531	0.611111111111	0.494949494949	0.601694915254	0.505617977528
68	0	0.154761904762	0.0808080808081	0.15306122449	0.0	0.29203539823	0.287234042553	0.271028037383	0.275229357798	0.0	0.161616161616	0.168224299065	0.0697674418605	0.0	0.0	0.127272727273	0.211111111111	0.261904761905	0.133333333333	0.0	0.0
69	0	0.465909090909	0.2	0.11214953271	0.0	0.510204081633	0.333333333333	0.221052631579	0.49	0.0	0.31914893617	0.355555555556	0.10752688172	0.0	0.252525252525	0.449541284404	0.353658536585	0.265957446809	0.263157894737	0.216981132075	0.0
70	0	0.325842696629	0.265957446809	0.116504854369	0.0	0.451327433628	0.377777777778	0.202380952381	0.483516483516	0.0	0.21875	0.363636363636	0.12	0.0	0.252525252525	0.440860215054	0.238095238095	0.227272727273	0.22	0.215909090909	0.0
71	0	0.37037037037	0.245283018868	0.145833333333	0.0	0.516853932584	0.209523809524	0.268518518519	0.524752475248	0.0	0.271739130435	0.505882352941	0.134615384615	0.0	0.35	0.489130434783	0.237113402062	0.280487804878	0.239130434783	0.294117647059	0.0
72	0	0.504504504505	0.529411764706	0.525773195876	0.521276595745	0.576576576577	0.494117647059	0.519230769231	0.495327102804	0.475247524752	0.489361702128	0.461538461538	0.434782608696	0.582089552239	0.609523809524	0.521739130435	0.535353535354	0.484536082474	0.462365591398	0.471698113208	0.479166666667
73	0	0.133333333333	0.0722891566265	0.0744680851064	0.0	0.0	0.194174757282	0.0	0.0	0.0	0.0	0.0	0.0673076923077	0.272727272727	0.142857142857	0.138888888889	0.0707070707071	0.0	0.0	0.0	0.0
74	0	0.0909090909091	0.0989010989011	0.105263157895	0.0	0.277777777778	0.289473684211	0.243902439024	0.189873417722	0.0	0.173469387755	0.25	0.12676056338	0.0	0.0	0.0990099009901	0.171717171717	0.267857142857	0.119266055046	0.0	0.0
75	0	0.30487804878	0.224299065421	0.133333333333	0.0	0.537037037037	0.168316831683	0.261682242991	0.428571428571	0.0	0.191919191919	0.343434343434	0.18018018018	0.0	0.314606741573	0.372340425532	0.271186440678	0.333333333333	0.257731958763	0.317307692308	0.0
76	0	0.319587628866	0.255813953488	0.152	0.0	0.480769230769	0.260416666667	0.315315315315	0.495145631068	0.0	0.207547169811	0.494623655914	0.194690265487	0.0	0.272727272727	0.369565217391	0.244897959184	0.223300970874	0.235294117647	0.2	0.0
77	0	0.176470588235	0.138888888889	0.135593220339	0.0	0.220930232558	0.40404040404	0.308641975309	0.254716981132	0.0	0.142857142857	0.144329896907	0.120481927711	0.0	0.0	0.152380952381	0.0980392156863	0.23595505618	0.133333333333	0.0	0.0
78	0	0.0	0.0	0.0	0.133928571429	0.0	0.0	0.0	0.0	0.0	0.0	0.0	0.160377358491	0.0	0.0	0.0	0.146788990826	0.0	0.110091743119	0.0	0.0
79	0	0.0	0.127659574468	0.141304347826	0.134020618557	0.0	0.0	0.282352941176	0.0	0.0	0.166666666667	0.0	0.108910891089	0.0	0.0	0.0	0.0	0.300884955752	0.0	0.0	0.196581196581
80	0	0.395348837209	0.25	0.135135135135	0.0	0.413043478261	0.294117647059	0.311926605505	0.421568627451	0.0	0.272727272727	0.322834645669	0.123595505618	0.0	0.271844660194	0.348623853211	0.326315789474	0.336538461538	0.320388349515	0.252336448598	0.0
81	0	0.375	0.295238095238	0.193181818182	0.0	0.505050505051	0.322916666667	0.295454545455	0.505263157895	0.0	0.323232323232	0.428571428571	0.211111111111	0.0	0.272727272727	0.4375	0.322222222222	0.278846153846	0.365591397849	0.242424242424	0.0
82	0	0.380434782609	0.275510204082	0.144230769231	0.0	0.516666666667	0.283185840708	0.298076923077	0.566037735849	0.0	0.181034482759	0.346153846154	0.137931034483	0.0	0.347368421053	0.396226415094	0.275862068966	0.314285714286	0.227272727273	0.260416666667	0.0
83	0	0.230769230769	0.208333333333	0.125	0.0	0.548780487805	0.34375	0.245098039216	0.458333333333	0.0	0.221153846154	0.315315315315	0.158415841584	0.0	0.296296296296	0.384615384615	0.318181818182	0.243902439024	0.26	0.153846153846	0.0
84	0	0.270588235294	0.156862745098	0.126213592233	0.0	0.224489795918	0.3125	0.258064516129	0.295652173913	0.0	0.133333333333	0.212121212121	0.109090909091	0.0	0.0	0.0943396226415	0.164948453608	0.337078651685	0.1	0.0	0.0
85	0	0.434343434343	0.247706422018	0.185567010309	0.0	0.455445544554	0.237113402062	0.275229357798	0.47572815534	0.0	0.228260869565	0.433333333333	0.147058823529	0.0	0.32	0.435643564356	0.302083333333	0.288461538462	0.344086021505	0.242990654206	0.0
86	0	0.420560747664	0.346774193548	0.103896103896	0.0	0.555555555556	0.268041237113	0.25	0.526315789474	0.0	0.315789473684	0.345794392523	0.178571428571	0.0	0.402597402597	0.365591397849	0.3125	0.266055045872	0.16	0.18	0.0
87	0	0.172413793103	0.182795698925	0.211111111111	0.31914893617	0.0	0.175	0.2	0.0	0.247524752475	0.219047619048	0.107843137255	0.366972477064	0.594059405941	0.162790697674	0.0652173913043	0.217391304348	0.22619047619	0.252631578947	0.0	0.238938053097
88	0	0.0842105263158	0.227272727273	0.2	0.37	0.0	0.221052631579	0.176470588235	0.0	0.218390804598	0.289156626506	0.0927835051546	0.36	0.505154639175	0.211111111111	0.117647058824	0.234693877551	0.158415841584	0.181034482759	0.0	0.240740740741
89	0	0.14606741573	0.145833333333	0.0	0.0	0.1875	0.272727272727	0.0	0.164835164835	0.0	0.0	0.163043478261	0.0	0.0	0.0	0.0	0.0	0.0	0.137931034483	0.0	0.0
90	0	0.301075268817	0.3	0.16091954023	0.0	0.572727272727	0.247524752475	0.25	0.466019417476	0.0	0.313131313131	0.294117647059	0.204301075269	0.0	0.344	0.485436893204	0.289156626506	0.271739130435	0.288461538462	0.268041237113	0.0
91	0	0.127659574468	0.235294117647	0.189473684211	0.0	0.25	0.260869565217	0.237623762376	0.2375	0.0	0.172413793103	0.223214285714	0.165137614679	0.0	0.0	0.14953271028	0.165137614679	0.291262135922	0.107843137255	0.0	0.0
92	0	0.352941176471	0.276422764228	0.122448979592	0.0	0.55652173913	0.357142857143	0.291262135922	0.552941176471	0.0	0.354166666667	0.271604938272	0.101851851852	0.0	0.308943089431	0.394736842105	0.345794392523	0.313131313131	0.301075268817	0.205607476636	0.0
93	0	0.174311926606	0.093023255814	0.182795698925	0.0	0.281553398058	0.230769230769	0.3	0.237623762376	0.0	0.105769230769	0.176470588235	0.15	0.0	0.0	0.145833333333	0.102564102564	0.303370786517	0.0957446808511	0.0	0.0
94	0	0.373737373737	0.323529411765	0.132075471698	0.0	0.489130434783	0.271604938272	0.287037037037	0.329896907216	0.0	0.126315789474	0.406976744186	0.178217821782	0.0	0.0	0.287234042553	0.231578947368	0.311827956989	0.301724137931	0.0	0.0
95	0	0.419642857143	0.306930693069	0.19298245614	0.0	0.40206185567	0.354545454545	0.302752293578	0.303921568627	0.0	0.205357142857	0.373913043478	0.161290322581	0.0	0.0	0.211111111111	0.388888888889	0.21686746988	0.33	0.0	0.0
96	0	0.347368421053	0.209523809524	0.161616161616	0.0	0.571428571429	0.297872340426	0.259259259259	0.462365591398	0.0	0.259615384615	0.429906542056	0.178947368421	0.0	0.294117647059	0.357142857143	0.259259259259	0.245454545455	0.245098039216	0.282828282828	0.0
97	0	0.161616161616	0.0952380952381	0.0490196078431	0.0	0.0	0.229885057471	0.0	0.0	0.0	0.0	0.0	0.114583333333	0.30612244898	0.23595505618	0.0581395348837	0.0975609756098	0.0	0.0	0.0	0.0
98	0	0.367924528302	0.25	0.20652173913	0.0	0.544444444444	0.241758241758	0.26213592233	0.459183673469	0.0	0.326923076923	0.348314606742	0.153846153846	0.0	0.208333333333	0.355140186916	0.288659793814	0.205882352941	0.278846153846	0.26213592233	0.0
99	0	0.0	0.104761904762	0.191011235955	0.2	0.0	0.0	0.233644859813	0.0	0.0	0.103448275862	0.0	0.169811320755	0.0	0.0	0.0	0.0	0.195652173913	0.0	0.0	0.241379310345
