Num_mutations: 100
Num_samples: 5
Error_rate: 0.050000

5.262076053442960033e-01 0.000000000000000000e+00 0.000000000000000000e+00 0.000000000000000000e+00 1.895833333333333259e-01
4.787339268051434282e-01 0.000000000000000000e+00 0.000000000000000000e+00 0.000000000000000000e+00 1.829521829521829623e-01
0.000000000000000000e+00 0.000000000000000000e+00 4.211502782931354494e-01 0.000000000000000000e+00 0.000000000000000000e+00
0.000000000000000000e+00 0.000000000000000000e+00 3.899497487437185717e-01 0.000000000000000000e+00 0.000000000000000000e+00
0.000000000000000000e+00 3.727810650887574129e-01 0.000000000000000000e+00 0.000000000000000000e+00 0.000000000000000000e+00
5.859750240153698275e-01 2.645607107601184449e-01 3.200000000000000067e-01 3.861082737487231964e-01 0.000000000000000000e+00
4.691119691119691182e-01 0.000000000000000000e+00 0.000000000000000000e+00 0.000000000000000000e+00 1.705583756345177560e-01
5.544554455445545038e-01 1.001956947162426559e+00 9.922178988326848526e-01 9.645833333333333481e-01 5.786290322580645018e-01
0.000000000000000000e+00 0.000000000000000000e+00 0.000000000000000000e+00 6.262042389210019655e-01 0.000000000000000000e+00
0.000000000000000000e+00 3.721393034825870583e-01 0.000000000000000000e+00 0.000000000000000000e+00 0.000000000000000000e+00
0.000000000000000000e+00 0.000000000000000000e+00 0.000000000000000000e+00 6.303030303030302539e-01 0.000000000000000000e+00
0.000000000000000000e+00 4.096871846619576374e-01 0.000000000000000000e+00 0.000000000000000000e+00 0.000000000000000000e+00
0.000000000000000000e+00 0.000000000000000000e+00 0.000000000000000000e+00 6.122026887280248575e-01 0.000000000000000000e+00
4.775828460038986090e-01 0.000000000000000000e+00 0.000000000000000000e+00 0.000000000000000000e+00 1.718146718146718044e-01
5.485485485485485091e-01 9.958932238193018982e-01 9.935344827586206629e-01 1.010587102983638186e+00 4.818763326226012667e-01
4.360587002096436016e-01 0.000000000000000000e+00 0.000000000000000000e+00 0.000000000000000000e+00 4.895522388059701524e-01
5.418410041841004166e-01 0.000000000000000000e+00 0.000000000000000000e+00 0.000000000000000000e+00 4.780876494023904577e-01
0.000000000000000000e+00 0.000000000000000000e+00 0.000000000000000000e+00 6.202158979391559912e-01 0.000000000000000000e+00
5.391476709613478580e-01 2.670623145400593534e-01 2.629482071713147295e-01 3.724137931034482984e-01 0.000000000000000000e+00
5.351562500000000000e-01 9.599177800616649492e-01 1.027027027027026973e+00 9.685658153241650803e-01 5.642994241842610448e-01
0.000000000000000000e+00 0.000000000000000000e+00 0.000000000000000000e+00 0.000000000000000000e+00 3.223140495867768407e-01
4.397011739594450241e-01 0.000000000000000000e+00 0.000000000000000000e+00 0.000000000000000000e+00 2.053307008884501517e-01
4.582914572864321689e-01 0.000000000000000000e+00 0.000000000000000000e+00 0.000000000000000000e+00 5.035105315947843163e-01
0.000000000000000000e+00 0.000000000000000000e+00 0.000000000000000000e+00 6.283367556468172355e-01 0.000000000000000000e+00
0.000000000000000000e+00 0.000000000000000000e+00 0.000000000000000000e+00 0.000000000000000000e+00 2.304761904761904734e-01
5.044687189672294458e-01 0.000000000000000000e+00 0.000000000000000000e+00 0.000000000000000000e+00 5.205761316872428157e-01
0.000000000000000000e+00 0.000000000000000000e+00 0.000000000000000000e+00 5.834970530451866200e-01 0.000000000000000000e+00
4.354527938342967475e-01 0.000000000000000000e+00 0.000000000000000000e+00 0.000000000000000000e+00 1.583411875589066931e-01
0.000000000000000000e+00 0.000000000000000000e+00 0.000000000000000000e+00 0.000000000000000000e+00 0.000000000000000000e+00
0.000000000000000000e+00 0.000000000000000000e+00 0.000000000000000000e+00 6.079484425349086507e-01 0.000000000000000000e+00
0.000000000000000000e+00 0.000000000000000000e+00 0.000000000000000000e+00 0.000000000000000000e+00 2.561983471074379959e-01
5.281837160751565730e-01 1.016161616161616266e+00 1.003883495145631022e+00 9.775967413441954967e-01 5.674044265593561898e-01
0.000000000000000000e+00 0.000000000000000000e+00 0.000000000000000000e+00 6.073619631901840954e-01 0.000000000000000000e+00
4.518072289156626620e-01 0.000000000000000000e+00 0.000000000000000000e+00 0.000000000000000000e+00 1.816443594646271475e-01
0.000000000000000000e+00 0.000000000000000000e+00 3.750000000000000000e-01 0.000000000000000000e+00 0.000000000000000000e+00
0.000000000000000000e+00 0.000000000000000000e+00 0.000000000000000000e+00 0.000000000000000000e+00 0.000000000000000000e+00
0.000000000000000000e+00 0.000000000000000000e+00 0.000000000000000000e+00 0.000000000000000000e+00 2.587346553352218859e-01
4.700098328416912330e-01 2.845849802371541726e-01 2.581280788177339747e-01 3.728813559322033955e-01 0.000000000000000000e+00
0.000000000000000000e+00 0.000000000000000000e+00 0.000000000000000000e+00 0.000000000000000000e+00 0.000000000000000000e+00
5.016146393972013007e-01 3.326315789473684448e-01 2.669245647969052393e-01 4.133202742409402553e-01 0.000000000000000000e+00
0.000000000000000000e+00 3.770977295162882270e-01 0.000000000000000000e+00 0.000000000000000000e+00 0.000000000000000000e+00
5.424063116370808624e-01 1.005213764337852034e+00 9.791666666666666297e-01 1.033962264150943389e+00 5.103857566765578335e-01
0.000000000000000000e+00 0.000000000000000000e+00 0.000000000000000000e+00 0.000000000000000000e+00 2.397716460513796277e-01
0.000000000000000000e+00 0.000000000000000000e+00 0.000000000000000000e+00 6.263414634146341475e-01 0.000000000000000000e+00
0.000000000000000000e+00 0.000000000000000000e+00 0.000000000000000000e+00 6.358866736621195948e-01 0.000000000000000000e+00
0.000000000000000000e+00 0.000000000000000000e+00 0.000000000000000000e+00 5.829145728643215785e-01 0.000000000000000000e+00
5.117187500000000000e-01 2.963671128107074337e-01 2.614770459081836584e-01 4.229543039319872411e-01 0.000000000000000000e+00
0.000000000000000000e+00 4.245917387127761677e-01 0.000000000000000000e+00 0.000000000000000000e+00 0.000000000000000000e+00
4.644268774703557146e-01 0.000000000000000000e+00 0.000000000000000000e+00 0.000000000000000000e+00 1.592039800995024845e-01
0.000000000000000000e+00 0.000000000000000000e+00 0.000000000000000000e+00 5.657202944269190681e-01 0.000000000000000000e+00
4.923371647509578453e-01 0.000000000000000000e+00 0.000000000000000000e+00 0.000000000000000000e+00 1.687242798353909556e-01
5.124131082423039052e-01 0.000000000000000000e+00 0.000000000000000000e+00 0.000000000000000000e+00 4.766633565044687271e-01
0.000000000000000000e+00 0.000000000000000000e+00 0.000000000000000000e+00 6.213197969543147181e-01 0.000000000000000000e+00
0.000000000000000000e+00 0.000000000000000000e+00 4.512195121951219634e-01 0.000000000000000000e+00 0.000000000000000000e+00
5.029702970297029729e-01 0.000000000000000000e+00 0.000000000000000000e+00 0.000000000000000000e+00 4.884422110552764096e-01
5.334665334665334990e-01 1.041152263374485631e+00 1.019841269841269771e+00 9.621052631578946857e-01 6.194871794871794624e-01
0.000000000000000000e+00 4.109589041095890183e-01 0.000000000000000000e+00 0.000000000000000000e+00 0.000000000000000000e+00
0.000000000000000000e+00 0.000000000000000000e+00 3.800813008130081161e-01 0.000000000000000000e+00 0.000000000000000000e+00
4.796019900497512367e-01 0.000000000000000000e+00 0.000000000000000000e+00 0.000000000000000000e+00 1.825318940137389545e-01
5.038610038610038533e-01 0.000000000000000000e+00 0.000000000000000000e+00 0.000000000000000000e+00 4.667349027635619430e-01
0.000000000000000000e+00 0.000000000000000000e+00 6.925434116445352561e-01 0.000000000000000000e+00 5.184446660019940145e-01
0.000000000000000000e+00 4.066390041493775920e-01 0.000000000000000000e+00 0.000000000000000000e+00 0.000000000000000000e+00
0.000000000000000000e+00 0.000000000000000000e+00 0.000000000000000000e+00 0.000000000000000000e+00 2.638743455497382095e-01
5.233050847457627608e-01 0.000000000000000000e+00 0.000000000000000000e+00 0.000000000000000000e+00 4.597938144329896670e-01
0.000000000000000000e+00 0.000000000000000000e+00 0.000000000000000000e+00 6.373850868232890932e-01 0.000000000000000000e+00
0.000000000000000000e+00 0.000000000000000000e+00 7.244897959183673741e-01 0.000000000000000000e+00 4.964394710071210470e-01
5.239043824701195007e-01 0.000000000000000000e+00 0.000000000000000000e+00 0.000000000000000000e+00 1.901709401709401615e-01
6.046966731898238967e-01 9.547325102880658276e-01 9.929929929929930399e-01 9.696969696969697239e-01 5.857572718154463454e-01
0.000000000000000000e+00 0.000000000000000000e+00 0.000000000000000000e+00 0.000000000000000000e+00 3.064676616915422702e-01
0.000000000000000000e+00 0.000000000000000000e+00 0.000000000000000000e+00 0.000000000000000000e+00 0.000000000000000000e+00
0.000000000000000000e+00 0.000000000000000000e+00 0.000000000000000000e+00 5.871921182266010009e-01 0.000000000000000000e+00
0.000000000000000000e+00 0.000000000000000000e+00 3.815915627996164794e-01 0.000000000000000000e+00 0.000000000000000000e+00
0.000000000000000000e+00 0.000000000000000000e+00 0.000000000000000000e+00 0.000000000000000000e+00 0.000000000000000000e+00
5.466926070038909957e-01 9.901380670611439339e-01 9.103585657370517614e-01 9.628140703517588106e-01 5.266214908034849707e-01
0.000000000000000000e+00 3.843058350100603815e-01 0.000000000000000000e+00 0.000000000000000000e+00 0.000000000000000000e+00
5.445544554455445940e-01 9.607476635514018426e-01 1.011928429423459175e+00 9.569471624266144838e-01 5.951417004048582537e-01
0.000000000000000000e+00 4.288461538461538214e-01 0.000000000000000000e+00 0.000000000000000000e+00 0.000000000000000000e+00
4.930693069306930632e-01 0.000000000000000000e+00 0.000000000000000000e+00 0.000000000000000000e+00 1.570680628272251300e-01
4.779487179487179604e-01 0.000000000000000000e+00 0.000000000000000000e+00 0.000000000000000000e+00 4.974200206398348700e-01
5.860373647984267187e-01 2.515212981744421872e-01 2.917933130699087996e-01 4.273504273504273310e-01 0.000000000000000000e+00
5.090543259557344102e-01 0.000000000000000000e+00 0.000000000000000000e+00 0.000000000000000000e+00 1.761133603238866363e-01
0.000000000000000000e+00 0.000000000000000000e+00 0.000000000000000000e+00 6.122448979591836871e-01 0.000000000000000000e+00
0.000000000000000000e+00 0.000000000000000000e+00 4.019607843137255054e-01 0.000000000000000000e+00 0.000000000000000000e+00
5.469223007063571673e-01 2.854188210961737249e-01 2.909460834181078481e-01 3.655913978494623739e-01 0.000000000000000000e+00
4.421699078812691974e-01 0.000000000000000000e+00 0.000000000000000000e+00 0.000000000000000000e+00 4.593023255813953321e-01
0.000000000000000000e+00 0.000000000000000000e+00 3.761562178828365965e-01 0.000000000000000000e+00 0.000000000000000000e+00
0.000000000000000000e+00 0.000000000000000000e+00 0.000000000000000000e+00 6.021505376344086224e-01 0.000000000000000000e+00
0.000000000000000000e+00 0.000000000000000000e+00 6.727089627391742432e-01 0.000000000000000000e+00 5.146316851664984870e-01
0.000000000000000000e+00 4.304304304304304440e-01 0.000000000000000000e+00 0.000000000000000000e+00 0.000000000000000000e+00
0.000000000000000000e+00 0.000000000000000000e+00 0.000000000000000000e+00 0.000000000000000000e+00 2.532146389713155199e-01
0.000000000000000000e+00 0.000000000000000000e+00 0.000000000000000000e+00 0.000000000000000000e+00 2.688766114180478617e-01
5.909090909090909394e-01 2.788844621513943967e-01 2.622950819672131284e-01 3.629417382999045039e-01 0.000000000000000000e+00
4.799216454456415315e-01 0.000000000000000000e+00 0.000000000000000000e+00 0.000000000000000000e+00 1.586679725759059800e-01
0.000000000000000000e+00 0.000000000000000000e+00 0.000000000000000000e+00 0.000000000000000000e+00 0.000000000000000000e+00
0.000000000000000000e+00 0.000000000000000000e+00 7.252747252747252515e-01 0.000000000000000000e+00 5.474747474747474474e-01
0.000000000000000000e+00 0.000000000000000000e+00 4.062806673209028441e-01 0.000000000000000000e+00 0.000000000000000000e+00
4.622731614135625611e-01 0.000000000000000000e+00 0.000000000000000000e+00 0.000000000000000000e+00 1.954732510288065828e-01
4.914744232698094462e-01 0.000000000000000000e+00 0.000000000000000000e+00 0.000000000000000000e+00 1.774809160305343414e-01
4.795918367346938549e-01 0.000000000000000000e+00 0.000000000000000000e+00 0.000000000000000000e+00 4.732229795520934701e-01
0.000000000000000000e+00 0.000000000000000000e+00 0.000000000000000000e+00 0.000000000000000000e+00 2.865792129162462176e-01
