Num_mutations: 100
Num_samples: 5
Error_rate: 0.030000

2.126884549225943610e-01 5.258499295916314598e-01 3.855372740199065618e-01 2.854888033935089053e-01 1.954902355546607740e-01
3.236323632363236058e-01 0.000000000000000000e+00 0.000000000000000000e+00 0.000000000000000000e+00 0.000000000000000000e+00
5.332799519567610336e-01 0.000000000000000000e+00 0.000000000000000000e+00 0.000000000000000000e+00 2.255145669682807885e-01
3.139382976585267659e-01 0.000000000000000000e+00 0.000000000000000000e+00 0.000000000000000000e+00 0.000000000000000000e+00
2.443238898935101433e-01 5.221291866028707762e-01 0.000000000000000000e+00 0.000000000000000000e+00 2.241344401700749167e-01
0.000000000000000000e+00 0.000000000000000000e+00 0.000000000000000000e+00 0.000000000000000000e+00 0.000000000000000000e+00
0.000000000000000000e+00 0.000000000000000000e+00 0.000000000000000000e+00 0.000000000000000000e+00 0.000000000000000000e+00
3.087248322147650992e-01 0.000000000000000000e+00 0.000000000000000000e+00 0.000000000000000000e+00 0.000000000000000000e+00
2.453185376003170493e-01 4.805130735076467707e-01 6.092184368737475486e-01 3.166733306677328996e-01 3.085874799357945508e-01
0.000000000000000000e+00 0.000000000000000000e+00 0.000000000000000000e+00 0.000000000000000000e+00 0.000000000000000000e+00
0.000000000000000000e+00 0.000000000000000000e+00 0.000000000000000000e+00 4.097208274753966761e-01 2.791637208362791611e-01
2.257191540543249386e-01 5.306203869938160844e-01 0.000000000000000000e+00 0.000000000000000000e+00 2.126338972870157051e-01
2.433566433566433651e-01 4.648681296557278242e-01 5.986394557823129237e-01 3.222430644683581535e-01 3.060533651931501287e-01
3.173260847679452157e-01 0.000000000000000000e+00 0.000000000000000000e+00 0.000000000000000000e+00 0.000000000000000000e+00
2.071088165210484555e-01 5.243010321675518615e-01 3.829280397022332694e-01 2.879269261318506690e-01 2.023392982105368387e-01
2.452963074756011608e-01 5.180782565626548264e-01 0.000000000000000000e+00 0.000000000000000000e+00 2.181334968823469278e-01
5.490791337785873027e-01 0.000000000000000000e+00 0.000000000000000000e+00 0.000000000000000000e+00 2.069379186244126867e-01
2.149770759042282098e-01 5.365805168986083062e-01 3.944573682613533028e-01 2.859418558343289618e-01 2.016403280656131336e-01
0.000000000000000000e+00 0.000000000000000000e+00 0.000000000000000000e+00 0.000000000000000000e+00 0.000000000000000000e+00
5.378386484054783478e-01 0.000000000000000000e+00 0.000000000000000000e+00 0.000000000000000000e+00 2.276340947972224915e-01
2.083501411859620678e-01 5.219628017411951371e-01 3.856591066653461408e-01 2.733399405351833455e-01 1.844168734491315187e-01
0.000000000000000000e+00 0.000000000000000000e+00 0.000000000000000000e+00 0.000000000000000000e+00 0.000000000000000000e+00
2.389912323908974512e-01 4.761141712568853213e-01 6.009548438432464890e-01 3.256780835478123026e-01 3.138708062093139572e-01
0.000000000000000000e+00 0.000000000000000000e+00 0.000000000000000000e+00 0.000000000000000000e+00 0.000000000000000000e+00
2.071236156839269815e-01 5.219690805532953837e-01 3.881585549422980619e-01 2.769354352846671308e-01 1.980137819213619865e-01
0.000000000000000000e+00 0.000000000000000000e+00 0.000000000000000000e+00 0.000000000000000000e+00 0.000000000000000000e+00
3.136593591905564860e-01 0.000000000000000000e+00 0.000000000000000000e+00 0.000000000000000000e+00 0.000000000000000000e+00
0.000000000000000000e+00 0.000000000000000000e+00 0.000000000000000000e+00 0.000000000000000000e+00 0.000000000000000000e+00
2.228255404725993094e-01 5.230067433558112100e-01 3.944250871080139387e-01 2.767857142857143016e-01 1.915390078117074069e-01
0.000000000000000000e+00 0.000000000000000000e+00 0.000000000000000000e+00 0.000000000000000000e+00 0.000000000000000000e+00
0.000000000000000000e+00 0.000000000000000000e+00 0.000000000000000000e+00 0.000000000000000000e+00 0.000000000000000000e+00
0.000000000000000000e+00 0.000000000000000000e+00 0.000000000000000000e+00 0.000000000000000000e+00 0.000000000000000000e+00
0.000000000000000000e+00 0.000000000000000000e+00 0.000000000000000000e+00 0.000000000000000000e+00 0.000000000000000000e+00
2.122104436592069099e-01 5.143320166109591751e-01 3.853192759100855236e-01 2.890207715133530919e-01 1.932602517255379571e-01
3.079941147621382824e-01 0.000000000000000000e+00 0.000000000000000000e+00 0.000000000000000000e+00 0.000000000000000000e+00
3.027615400120943212e-01 0.000000000000000000e+00 0.000000000000000000e+00 0.000000000000000000e+00 0.000000000000000000e+00
5.519959575543204044e-01 0.000000000000000000e+00 0.000000000000000000e+00 0.000000000000000000e+00 2.170212765957446888e-01
0.000000000000000000e+00 0.000000000000000000e+00 0.000000000000000000e+00 0.000000000000000000e+00 0.000000000000000000e+00
0.000000000000000000e+00 0.000000000000000000e+00 0.000000000000000000e+00 0.000000000000000000e+00 0.000000000000000000e+00
2.135181279501857932e-01 5.252464292898813003e-01 3.843615638436156390e-01 2.749725027497250118e-01 1.960977532518722866e-01
2.234670401120336103e-01 5.230953809238152452e-01 3.818503241013553318e-01 2.826650708158787162e-01 2.017405063291139167e-01
0.000000000000000000e+00 0.000000000000000000e+00 0.000000000000000000e+00 0.000000000000000000e+00 0.000000000000000000e+00
3.146135878947902698e-01 0.000000000000000000e+00 0.000000000000000000e+00 0.000000000000000000e+00 0.000000000000000000e+00
0.000000000000000000e+00 0.000000000000000000e+00 0.000000000000000000e+00 0.000000000000000000e+00 0.000000000000000000e+00
0.000000000000000000e+00 0.000000000000000000e+00 0.000000000000000000e+00 4.008207934336525113e-01 2.787637088733798674e-01
3.086790940068149802e-01 0.000000000000000000e+00 0.000000000000000000e+00 0.000000000000000000e+00 0.000000000000000000e+00
2.298293446430374753e-01 5.157321500605083209e-01 0.000000000000000000e+00 0.000000000000000000e+00 2.268263943440691210e-01
0.000000000000000000e+00 0.000000000000000000e+00 0.000000000000000000e+00 0.000000000000000000e+00 0.000000000000000000e+00
3.147106109324758760e-01 0.000000000000000000e+00 0.000000000000000000e+00 0.000000000000000000e+00 0.000000000000000000e+00
0.000000000000000000e+00 0.000000000000000000e+00 0.000000000000000000e+00 0.000000000000000000e+00 0.000000000000000000e+00
5.383233532934131871e-01 0.000000000000000000e+00 0.000000000000000000e+00 0.000000000000000000e+00 2.159975730609768330e-01
0.000000000000000000e+00 0.000000000000000000e+00 0.000000000000000000e+00 0.000000000000000000e+00 0.000000000000000000e+00
2.209542547958681658e-01 5.170404030425762576e-01 3.898203592814371010e-01 2.784659597661282571e-01 1.926157452627466349e-01
0.000000000000000000e+00 0.000000000000000000e+00 0.000000000000000000e+00 0.000000000000000000e+00 0.000000000000000000e+00
0.000000000000000000e+00 0.000000000000000000e+00 0.000000000000000000e+00 0.000000000000000000e+00 0.000000000000000000e+00
0.000000000000000000e+00 0.000000000000000000e+00 0.000000000000000000e+00 3.906327852516193189e-01 2.710534258979776512e-01
0.000000000000000000e+00 0.000000000000000000e+00 0.000000000000000000e+00 0.000000000000000000e+00 0.000000000000000000e+00
2.059515287861744537e-01 5.338248480621700098e-01 3.892191835116924348e-01 2.826152455558903487e-01 1.860984271943176005e-01
2.994684585297362478e-01 0.000000000000000000e+00 0.000000000000000000e+00 0.000000000000000000e+00 0.000000000000000000e+00
0.000000000000000000e+00 0.000000000000000000e+00 0.000000000000000000e+00 0.000000000000000000e+00 0.000000000000000000e+00
2.424420887318413931e-01 5.311843027330063194e-01 0.000000000000000000e+00 0.000000000000000000e+00 2.141782813596711244e-01
2.313074770091963217e-01 5.345631260537538898e-01 0.000000000000000000e+00 0.000000000000000000e+00 2.136427285457091485e-01
0.000000000000000000e+00 0.000000000000000000e+00 0.000000000000000000e+00 0.000000000000000000e+00 0.000000000000000000e+00
0.000000000000000000e+00 0.000000000000000000e+00 0.000000000000000000e+00 0.000000000000000000e+00 0.000000000000000000e+00
2.092283214001590952e-01 5.324402679196240662e-01 3.822670025188916743e-01 2.699708454810495484e-01 2.028118456476218912e-01
2.375225496091400990e-01 5.379394184986323602e-01 0.000000000000000000e+00 0.000000000000000000e+00 2.110451664822452500e-01
2.492634060106069527e-01 5.147073486888025240e-01 0.000000000000000000e+00 0.000000000000000000e+00 2.114874815905743721e-01
0.000000000000000000e+00 0.000000000000000000e+00 0.000000000000000000e+00 0.000000000000000000e+00 0.000000000000000000e+00
2.169132347061175636e-01 5.086660175267769812e-01 3.808851698759955773e-01 2.718273609186299677e-01 1.965855136882513343e-01
0.000000000000000000e+00 0.000000000000000000e+00 0.000000000000000000e+00 0.000000000000000000e+00 0.000000000000000000e+00
2.010120051592420021e-01 5.296568141241817518e-01 3.903738041226945676e-01 2.797761790567546147e-01 1.893053473263368314e-01
0.000000000000000000e+00 0.000000000000000000e+00 0.000000000000000000e+00 0.000000000000000000e+00 0.000000000000000000e+00
0.000000000000000000e+00 0.000000000000000000e+00 0.000000000000000000e+00 0.000000000000000000e+00 0.000000000000000000e+00
3.049100828450191925e-01 0.000000000000000000e+00 0.000000000000000000e+00 0.000000000000000000e+00 0.000000000000000000e+00
0.000000000000000000e+00 0.000000000000000000e+00 0.000000000000000000e+00 3.926234384295062552e-01 2.780989710926016767e-01
3.080478247764493194e-01 0.000000000000000000e+00 0.000000000000000000e+00 0.000000000000000000e+00 0.000000000000000000e+00
0.000000000000000000e+00 0.000000000000000000e+00 0.000000000000000000e+00 0.000000000000000000e+00 0.000000000000000000e+00
2.534000000000000141e-01 4.657128761716822773e-01 6.117267781583719533e-01 3.215498302376672557e-01 3.180291153415453764e-01
5.389338271123672586e-01 0.000000000000000000e+00 0.000000000000000000e+00 0.000000000000000000e+00 2.106219709208400626e-01
0.000000000000000000e+00 0.000000000000000000e+00 0.000000000000000000e+00 0.000000000000000000e+00 0.000000000000000000e+00
2.245808947525047006e-01 5.286554370577095652e-01 3.733944040625311045e-01 2.740192153722978419e-01 1.869254341164453548e-01
0.000000000000000000e+00 0.000000000000000000e+00 0.000000000000000000e+00 0.000000000000000000e+00 0.000000000000000000e+00
0.000000000000000000e+00 0.000000000000000000e+00 0.000000000000000000e+00 0.000000000000000000e+00 0.000000000000000000e+00
3.210662422916252257e-01 0.000000000000000000e+00 0.000000000000000000e+00 0.000000000000000000e+00 0.000000000000000000e+00
0.000000000000000000e+00 0.000000000000000000e+00 0.000000000000000000e+00 0.000000000000000000e+00 0.000000000000000000e+00
0.000000000000000000e+00 0.000000000000000000e+00 6.158900836320191363e-01 0.000000000000000000e+00 3.064500049845478857e-01
2.359550561797752743e-01 5.087544767210505636e-01 0.000000000000000000e+00 0.000000000000000000e+00 2.195269860521528171e-01
2.120035831591519926e-01 5.092316855270994091e-01 3.848325937878176450e-01 2.820152549177037393e-01 1.953526629652477808e-01
2.169971106904453606e-01 5.330356236679183457e-01 3.859891465219536522e-01 2.742834394904458684e-01 2.073669849931787101e-01
2.155207076799356691e-01 5.208919244676576410e-01 3.813694267515923553e-01 2.802636835797043813e-01 1.969666733186988539e-01
0.000000000000000000e+00 0.000000000000000000e+00 0.000000000000000000e+00 4.070635721493440773e-01 2.762816676640734159e-01
2.337870296236989609e-01 5.283018867924528239e-01 0.000000000000000000e+00 0.000000000000000000e+00 2.112310151878497300e-01
2.954248366013071947e-01 0.000000000000000000e+00 0.000000000000000000e+00 0.000000000000000000e+00 0.000000000000000000e+00
0.000000000000000000e+00 0.000000000000000000e+00 0.000000000000000000e+00 0.000000000000000000e+00 0.000000000000000000e+00
0.000000000000000000e+00 0.000000000000000000e+00 6.199761241543971790e-01 0.000000000000000000e+00 2.977053140096618256e-01
2.058496103633235541e-01 5.207280080889787888e-01 4.003944773175542315e-01 2.820306204673650452e-01 2.020981789390340344e-01
3.202620867666037818e-01 0.000000000000000000e+00 0.000000000000000000e+00 0.000000000000000000e+00 0.000000000000000000e+00
0.000000000000000000e+00 0.000000000000000000e+00 0.000000000000000000e+00 0.000000000000000000e+00 0.000000000000000000e+00
3.158844765342960215e-01 0.000000000000000000e+00 0.000000000000000000e+00 0.000000000000000000e+00 0.000000000000000000e+00
0.000000000000000000e+00 0.000000000000000000e+00 0.000000000000000000e+00 0.000000000000000000e+00 0.000000000000000000e+00
