Chromosome	Position	Change	Gene	sample0	sample1	sample2	sample3	sample4	sample5	sample6	sample7	sample8	sample9
1	0	T>A	1	0	1060	2274	0	1601	0	0	2647	896	1195
1	1	C>T	1	3026	0	0	0	0	0	1195	0	0	0
1	2	T>A	1	1931	938	0	904	1526	0	0	0	0	880
1	3	T>A	1	0	1010	2156	0	1673	0	0	2610	895	1126
1	4	T>C	1	0	1116	2179	0	1674	0	0	2755	893	1208
1	5	C>T	1	0	0	0	1573	0	0	1450	0	1523	0
1	6	T>G	1	3130	2950	2873	1522	0	3106	2574	0	1173	1540
1	7	G>C	1	2986	4039	5065	3928	3425	4953	4983	4926	5101	4128
1	8	G>T	1	0	0	1227	0	0	0	0	2671	0	1237
1	9	T>G	1	3019	2938	2793	1582	0	3001	2688	0	1105	1577
1	10	A>T	1	1948	944	0	915	1549	0	0	0	0	868
1	11	T>A	1	0	0	1212	0	0	0	0	2635	0	1250
1	12	T>C	1	1990	1031	0	868	1565	0	0	0	0	899
1	13	C>T	1	2957	0	0	0	0	0	1234	0	0	0
1	14	T>G	1	0	1178	1184	0	0	0	0	0	1008	0
1	15	G>C	1	0	1190	1154	0	0	0	0	0	1106	0
1	16	C>T	1	0	0	0	1589	0	0	1397	0	1509	0
1	17	C>T	1	1992	985	0	859	1540	0	0	0	0	904
1	18	G>A	1	1979	934	0	915	1584	0	0	0	0	859
1	19	A>T	1	1963	1028	0	876	1552	0	0	0	0	831
1	20	A>C	1	2954	3017	2709	1648	0	3059	2662	0	1096	1610
1	21	G>C	1	1988	968	0	906	1575	0	0	0	0	836
1	22	T>G	1	0	1097	2150	0	1710	0	0	2770	972	1155
1	23	A>C	1	3064	0	0	0	0	0	1221	0	0	0
1	24	G>A	1	1902	920	0	877	1492	0	0	0	0	838
1	25	G>C	1	0	0	0	1623	0	0	1388	0	1487	0
1	26	C>G	1	2981	3951	5044	3998	3464	4757	4938	5029	3546	2692
1	27	A>G	1	0	0	0	1546	0	0	1386	0	1492	0
1	28	A>T	1	0	1049	2296	0	1678	0	0	2691	950	1142
1	29	A>C	1	3069	0	0	0	0	0	1184	0	0	0
1	30	G>T	1	0	1214	1179	0	0	0	0	0	1108	0
1	31	T>C	1	0	1051	2237	0	1637	0	0	2701	918	1123
1	32	C>A	1	1859	965	0	892	1528	0	0	0	0	905
1	33	C>T	1	2964	4121	5029	4021	3427	4991	5048	4933	5118	4010
1	34	A>G	1	0	1081	2236	0	1690	0	0	2702	911	1159
1	35	A>T	1	0	1256	1148	0	0	0	0	0	1109	0
1	36	C>A	1	1951	964	0	892	1443	0	0	0	0	845
1	37	T>C	1	2973	0	0	0	0	0	1244	0	0	0
1	38	A>T	1	0	1003	2206	0	1725	0	0	2706	957	1179
1	39	C>T	1	3003	0	0	0	0	0	1244	0	0	0
1	40	A>T	1	2904	4068	4995	4170	3331	5086	4900	4952	3524	2704
1	41	A>C	1	1869	941	0	828	1586	0	0	0	0	798
1	42	A>T	1	0	0	0	1557	0	0	1414	0	1571	0
1	43	T>A	1	3047	0	0	0	0	0	1192	0	0	0
1	44	C>A	1	3025	3940	4980	4201	3457	4980	5057	5055	4913	4175
1	45	T>G	1	2904	4044	4948	4135	3420	4952	5037	5128	4985	4208
1	46	A>G	1	1957	1016	0	848	1531	0	0	0	0	877
1	47	A>C	1	3024	0	0	0	0	0	1234	0	0	0
1	48	G>C	1	2994	2888	2738	1561	0	2972	2679	0	1148	1565
1	49	G>A	1	2995	0	0	0	0	0	1222	0	0	0
1	50	A>T	1	0	0	1206	0	0	0	0	2729	0	1176
1	51	C>T	1	3062	4039	4985	3949	3416	5010	4949	5113	5028	4156
1	52	G>C	1	0	0	1257	0	0	0	0	2676	0	1145
1	53	A>C	1	3091	0	0	0	0	0	1252	0	0	0
1	54	A>C	1	0	0	0	1516	0	0	1385	0	1567	0
1	55	G>T	1	2961	4113	4933	4165	3490	5015	4951	5024	5114	4105
1	56	G>C	1	0	0	0	1541	0	0	1421	0	1549	0
1	57	G>A	1	2061	942	0	881	1590	0	0	0	0	900
1	58	C>A	1	3031	0	0	0	0	0	1204	0	0	0
1	59	A>G	1	0	1066	2221	0	1682	0	0	2673	956	1141
1	60	G>T	1	2930	0	0	0	0	0	1271	0	0	0
1	61	A>T	1	3047	0	0	0	0	0	1267	0	0	0
1	62	G>T	1	3011	4009	4984	4147	3397	4868	4882	5000	5131	4204
1	63	C>A	1	0	1125	2233	0	1681	0	0	2737	947	1171
1	64	T>G	1	1948	1002	0	854	1591	0	0	0	0	930
1	65	A>T	1	3040	0	0	0	0	0	1210	0	0	0
1	66	G>C	1	0	1116	2146	0	1705	0	0	2642	978	1186
1	67	T>C	1	0	0	0	1573	0	0	1452	0	1525	0
1	68	A>T	1	2022	926	0	920	1574	0	0	0	0	881
1	69	G>C	1	0	0	0	1566	0	0	1400	0	1495	0
1	70	G>C	1	3060	0	0	0	0	0	1225	0	0	0
1	71	G>T	1	3017	0	0	0	0	0	1297	0	0	0
1	72	C>T	1	3065	0	0	0	0	0	1193	0	0	0
1	73	C>G	1	0	1025	2223	0	1717	0	0	2572	979	1183
1	74	G>T	1	3037	4028	4999	4052	3382	4995	5142	5018	5099	4089
1	75	T>C	1	0	1238	1176	0	0	0	0	0	1057	0
1	76	T>A	1	2924	0	0	0	0	0	1215	0	0	0
1	77	C>A	1	1999	981	0	859	1593	0	0	0	0	860
1	78	A>T	1	0	1032	2207	0	1677	0	0	2717	947	1191
1	79	A>G	1	3025	0	0	0	0	0	1223	0	0	0
1	80	A>C	1	0	1228	1251	0	0	0	0	0	1138	0
1	81	G>C	1	2067	941	0	842	1551	0	0	0	0	967
1	82	C>T	1	0	0	0	1549	0	0	1448	0	1576	0
1	83	T>A	1	3113	4099	4915	4097	3428	5001	4949	4838	5062	4167
1	84	A>T	1	0	1229	1201	0	0	0	0	0	1105	0
1	85	A>T	1	3025	4025	4934	4177	3335	4920	4995	4984	5143	4211
1	86	A>C	1	2969	4060	4917	4121	3376	4996	4971	5005	3651	2747
1	87	C>A	1	3057	0	0	0	0	0	1192	0	0	0
1	88	T>C	1	3049	3985	4951	4048	3400	4940	4859	4909	5004	4185
1	89	A>T	1	3005	3939	5056	4042	3516	5165	5001	5005	4932	4110
1	90	C>T	1	0	0	0	1564	0	0	1418	0	1495	0
1	91	C>T	1	0	0	0	1550	0	0	1429	0	1550	0
1	92	T>G	1	0	0	0	1579	0	0	1439	0	1523	0
1	93	G>C	1	0	0	1273	0	0	0	0	2687	0	1189
1	94	A>C	1	3077	0	0	0	0	0	1270	0	0	0
1	95	T>C	1	3068	2980	2756	1607	0	3073	2638	0	1024	1610
1	96	G>C	1	1953	1038	0	897	1585	0	0	0	0	903
1	97	T>G	1	3048	2970	2898	1579	0	2983	2621	0	1173	1531
1	98	A>T	1	2960	4061	4878	4163	3561	5063	5090	5065	5030	4129
1	99	A>G	1	2937	4060	5008	4170	3462	5008	4878	5005	4938	4147
