Num_mutations: 100
Num_samples: 20
Error_rate: 0.050000

0.000000000000000000e+00 0.000000000000000000e+00 2.912246865959498554e-01 2.975845410628019105e-01 2.943469785575048570e-01 3.018108651911468598e-01 0.000000000000000000e+00 0.000000000000000000e+00 0.000000000000000000e+00 4.717741935483871218e-01 0.000000000000000000e+00 0.000000000000000000e+00 3.797468354430380000e-01 0.000000000000000000e+00 0.000000000000000000e+00 6.070351758793970376e-01 0.000000000000000000e+00 0.000000000000000000e+00 0.000000000000000000e+00 0.000000000000000000e+00
0.000000000000000000e+00 0.000000000000000000e+00 0.000000000000000000e+00 2.546972860125261140e-01 0.000000000000000000e+00 0.000000000000000000e+00 0.000000000000000000e+00 0.000000000000000000e+00 0.000000000000000000e+00 0.000000000000000000e+00 0.000000000000000000e+00 0.000000000000000000e+00 0.000000000000000000e+00 2.842430484037075100e-01 0.000000000000000000e+00 0.000000000000000000e+00 2.762645914396887337e-01 2.696390658174097621e-01 0.000000000000000000e+00 0.000000000000000000e+00
2.696177062374245370e-01 7.987987987987987815e-01 2.655601659751037347e-01 4.228329809725158706e-01 4.910891089108910812e-01 4.786821705426356766e-01 2.687179487179487403e-01 1.025075225677031021e+00 4.225352112676056260e-01 2.442588726513569841e-01 4.501541623843782203e-01 6.399176954732510580e-01 3.393213572854291149e-01 2.497541789577187865e-01 5.182186234817813819e-01 3.828125000000000000e-01 4.970059880239520722e-01 2.206896551724137900e-01 6.539618856569708871e-01 3.205645161290322509e-01
2.611218568665377160e-01 4.995044598612487508e-01 0.000000000000000000e+00 4.304568527918781751e-01 5.116731517509727212e-01 2.691588785046729049e-01 0.000000000000000000e+00 5.521472392638037130e-01 2.512363996043521230e-01 0.000000000000000000e+00 2.690763052208835493e-01 0.000000000000000000e+00 3.383084577114428004e-01 2.589641434262948128e-01 2.862669245647969096e-01 3.886639676113360364e-01 2.776148582600195258e-01 2.246093750000000000e-01 2.697576396206533000e-01 3.431839847473784344e-01
2.927308447937131408e-01 2.987804878048780366e-01 0.000000000000000000e+00 0.000000000000000000e+00 2.551440329218107039e-01 2.504743833017077925e-01 0.000000000000000000e+00 0.000000000000000000e+00 0.000000000000000000e+00 0.000000000000000000e+00 2.802030456852792062e-01 0.000000000000000000e+00 3.544813695871097958e-01 0.000000000000000000e+00 0.000000000000000000e+00 0.000000000000000000e+00 2.430484037075180126e-01 0.000000000000000000e+00 0.000000000000000000e+00 0.000000000000000000e+00
0.000000000000000000e+00 0.000000000000000000e+00 2.945013979496738377e-01 3.007968127490039945e-01 2.883435582822085896e-01 2.936507936507936622e-01 0.000000000000000000e+00 0.000000000000000000e+00 0.000000000000000000e+00 3.663157894736842057e-01 0.000000000000000000e+00 0.000000000000000000e+00 3.541247484909456622e-01 0.000000000000000000e+00 0.000000000000000000e+00 5.764362220058422137e-01 0.000000000000000000e+00 0.000000000000000000e+00 0.000000000000000000e+00 0.000000000000000000e+00
0.000000000000000000e+00 0.000000000000000000e+00 2.880490296220633573e-01 3.208121827411167248e-01 2.963730569948186400e-01 2.797202797202797409e-01 0.000000000000000000e+00 0.000000000000000000e+00 0.000000000000000000e+00 4.470588235294117863e-01 0.000000000000000000e+00 0.000000000000000000e+00 3.279678068410462610e-01 0.000000000000000000e+00 0.000000000000000000e+00 6.019607843137254610e-01 0.000000000000000000e+00 0.000000000000000000e+00 0.000000000000000000e+00 0.000000000000000000e+00
0.000000000000000000e+00 0.000000000000000000e+00 2.798774259448416624e-01 2.833843017329255587e-01 2.876712328767123128e-01 3.083333333333333481e-01 0.000000000000000000e+00 0.000000000000000000e+00 0.000000000000000000e+00 4.311377245508982159e-01 0.000000000000000000e+00 0.000000000000000000e+00 3.630769230769230749e-01 0.000000000000000000e+00 0.000000000000000000e+00 5.855588526211671363e-01 0.000000000000000000e+00 0.000000000000000000e+00 0.000000000000000000e+00 0.000000000000000000e+00
2.561576354679803158e-01 2.507177033492822837e-01 2.398373983739837401e-01 0.000000000000000000e+00 0.000000000000000000e+00 0.000000000000000000e+00 3.908045977011494476e-01 0.000000000000000000e+00 2.877846790890269402e-01 0.000000000000000000e+00 2.507903055848261231e-01 0.000000000000000000e+00 0.000000000000000000e+00 2.095808383233532801e-01 2.473222979552093526e-01 0.000000000000000000e+00 2.462159434914228118e-01 2.280524722502522694e-01 0.000000000000000000e+00 0.000000000000000000e+00
0.000000000000000000e+00 0.000000000000000000e+00 0.000000000000000000e+00 3.333333333333333148e-01 0.000000000000000000e+00 0.000000000000000000e+00 0.000000000000000000e+00 0.000000000000000000e+00 0.000000000000000000e+00 0.000000000000000000e+00 0.000000000000000000e+00 0.000000000000000000e+00 0.000000000000000000e+00 3.108504398826979487e-01 0.000000000000000000e+00 0.000000000000000000e+00 2.890855457227138881e-01 2.761265580057526425e-01 0.000000000000000000e+00 0.000000000000000000e+00
2.564102564102563875e-01 2.432701894317048918e-01 2.647657841140529378e-01 0.000000000000000000e+00 0.000000000000000000e+00 0.000000000000000000e+00 3.480885311871227406e-01 0.000000000000000000e+00 2.737430167597765251e-01 0.000000000000000000e+00 2.686567164179104461e-01 0.000000000000000000e+00 0.000000000000000000e+00 1.747967479674796820e-01 2.587991718426501109e-01 0.000000000000000000e+00 2.414151925078043825e-01 2.018163471241170570e-01 0.000000000000000000e+00 0.000000000000000000e+00
1.022308438409311293e+00 1.048484848484848575e+00 1.018286814244465877e+00 9.940239043824701248e-01 1.049407114624505866e+00 9.852507374631268577e-01 9.931573802541544538e-01 9.783037475345167655e-01 1.037664783427495241e+00 1.020109689213893889e+00 9.682051282051281627e-01 1.006815968841285214e+00 1.008403361344537785e+00 9.979079497907950014e-01 9.776482021379980791e-01 1.006048387096774244e+00 1.006842619745845546e+00 1.008130081300812941e+00 9.826707441386340891e-01 1.040923399790136372e+00
2.357807652533609188e-01 7.374631268436577791e-01 2.178828365878725526e-01 3.649193548387096864e-01 5.020242914979756721e-01 4.624505928853754888e-01 2.487257900101936814e-01 9.960784313725490335e-01 4.404761904761904656e-01 2.389289392378990684e-01 5.850622406639004458e-01 6.084210526315789735e-01 3.361344537815126321e-01 2.224510813594232639e-01 5.204081632653061451e-01 3.402985074626865836e-01 5.040485829959514552e-01 2.438057482656095232e-01 6.902119071644803316e-01 3.299595141700404910e-01
2.680203045685279339e-01 7.022749752720078842e-01 2.567567567567567433e-01 4.107676969092721730e-01 4.969818913480885114e-01 4.235055724417426393e-01 2.785782901056676475e-01 1.016488845780795236e+00 4.423076923076922906e-01 2.752475247524752699e-01 5.207700101317123131e-01 6.107784431137724956e-01 3.270676691729323404e-01 2.644466209598432815e-01 5.141700404858299267e-01 3.880308880308880326e-01 4.949698189134809079e-01 2.405566600397614219e-01 6.344410876132930976e-01 3.144531250000000000e-01
0.000000000000000000e+00 0.000000000000000000e+00 3.445463812436289630e-01 2.968906720160481294e-01 3.205506391347099360e-01 3.180542563143124446e-01 0.000000000000000000e+00 0.000000000000000000e+00 0.000000000000000000e+00 4.887585532746823169e-01 0.000000000000000000e+00 0.000000000000000000e+00 3.712686567164178997e-01 0.000000000000000000e+00 0.000000000000000000e+00 6.194871794871794624e-01 0.000000000000000000e+00 0.000000000000000000e+00 0.000000000000000000e+00 0.000000000000000000e+00
0.000000000000000000e+00 0.000000000000000000e+00 3.151635282457879161e-01 2.815734989648033260e-01 3.238866396761133637e-01 3.002028397565922879e-01 0.000000000000000000e+00 0.000000000000000000e+00 0.000000000000000000e+00 4.381338742393509067e-01 0.000000000000000000e+00 0.000000000000000000e+00 3.667679837892603989e-01 0.000000000000000000e+00 0.000000000000000000e+00 6.287367405978785406e-01 0.000000000000000000e+00 0.000000000000000000e+00 0.000000000000000000e+00 0.000000000000000000e+00
2.550607287449392913e-01 4.959839357429718931e-01 0.000000000000000000e+00 4.600938967136150026e-01 5.194274028629857209e-01 2.631578947368420907e-01 0.000000000000000000e+00 5.250965250965250464e-01 2.391102873030583886e-01 0.000000000000000000e+00 2.661523625843780216e-01 0.000000000000000000e+00 3.412322274881516848e-01 2.734693877551020447e-01 2.752646775745909435e-01 3.922705314009661826e-01 2.286821705426356488e-01 2.455775234131113427e-01 2.729970326409495440e-01 3.550295857988165493e-01
2.652849740932642364e-01 2.976653696498054447e-01 0.000000000000000000e+00 0.000000000000000000e+00 2.633663366336633782e-01 2.662473794549266026e-01 0.000000000000000000e+00 0.000000000000000000e+00 0.000000000000000000e+00 0.000000000000000000e+00 2.255790533736153070e-01 0.000000000000000000e+00 3.170731707317073211e-01 0.000000000000000000e+00 0.000000000000000000e+00 0.000000000000000000e+00 2.547642928786358896e-01 0.000000000000000000e+00 0.000000000000000000e+00 0.000000000000000000e+00
0.000000000000000000e+00 2.736842105263158076e-01 2.295409181636726414e-01 0.000000000000000000e+00 0.000000000000000000e+00 0.000000000000000000e+00 0.000000000000000000e+00 2.699256110520722451e-01 0.000000000000000000e+00 0.000000000000000000e+00 2.775423728813559143e-01 3.870967741935483764e-01 0.000000000000000000e+00 0.000000000000000000e+00 2.526518804243008676e-01 0.000000000000000000e+00 1.976516634050880517e-01 0.000000000000000000e+00 3.416030534351144898e-01 0.000000000000000000e+00
0.000000000000000000e+00 0.000000000000000000e+00 2.769230769230769384e-01 3.149606299212598381e-01 3.107569721115537864e-01 2.923387096774193727e-01 0.000000000000000000e+00 0.000000000000000000e+00 0.000000000000000000e+00 4.392614188532555919e-01 0.000000000000000000e+00 0.000000000000000000e+00 3.620689655172413812e-01 0.000000000000000000e+00 0.000000000000000000e+00 5.762045231071779572e-01 0.000000000000000000e+00 0.000000000000000000e+00 0.000000000000000000e+00 0.000000000000000000e+00
2.755203171456888089e-01 3.051546391752577581e-01 0.000000000000000000e+00 0.000000000000000000e+00 2.191780821917808098e-01 2.180376610505450896e-01 0.000000000000000000e+00 0.000000000000000000e+00 0.000000000000000000e+00 0.000000000000000000e+00 2.608695652173912971e-01 0.000000000000000000e+00 3.349561830574488974e-01 0.000000000000000000e+00 0.000000000000000000e+00 0.000000000000000000e+00 2.590361445783132543e-01 0.000000000000000000e+00 0.000000000000000000e+00 0.000000000000000000e+00
2.642998027613412404e-01 0.000000000000000000e+00 5.817825661116552416e-01 5.692454632282712979e-01 2.854054054054054324e-01 2.795918367346938993e-01 3.799212598425196763e-01 0.000000000000000000e+00 0.000000000000000000e+00 7.759674134419551894e-01 2.608695652173912971e-01 4.090419806243272283e-01 4.279661016949152796e-01 2.881844380403458250e-01 2.769857433808554092e-01 6.142557651991614742e-01 3.067729083665338696e-01 3.507014028056112398e-01 3.466172381835032623e-01 3.211100099108027961e-01
0.000000000000000000e+00 0.000000000000000000e+00 2.883435582822085896e-01 2.780536246276067436e-01 2.851365015166835160e-01 3.376623376623376638e-01 0.000000000000000000e+00 0.000000000000000000e+00 0.000000000000000000e+00 3.897959183673469497e-01 0.000000000000000000e+00 0.000000000000000000e+00 3.809523809523809312e-01 0.000000000000000000e+00 0.000000000000000000e+00 6.262626262626262985e-01 0.000000000000000000e+00 0.000000000000000000e+00 0.000000000000000000e+00 0.000000000000000000e+00
2.871587462082911824e-01 3.023923444976076569e-01 0.000000000000000000e+00 0.000000000000000000e+00 2.712511938872970152e-01 2.618816682832201814e-01 0.000000000000000000e+00 0.000000000000000000e+00 0.000000000000000000e+00 0.000000000000000000e+00 2.673267326732673421e-01 0.000000000000000000e+00 3.078491335372069426e-01 0.000000000000000000e+00 0.000000000000000000e+00 0.000000000000000000e+00 2.492917847025495626e-01 0.000000000000000000e+00 0.000000000000000000e+00 0.000000000000000000e+00
0.000000000000000000e+00 0.000000000000000000e+00 0.000000000000000000e+00 2.454361054766734385e-01 0.000000000000000000e+00 0.000000000000000000e+00 0.000000000000000000e+00 0.000000000000000000e+00 0.000000000000000000e+00 0.000000000000000000e+00 0.000000000000000000e+00 0.000000000000000000e+00 0.000000000000000000e+00 3.150259067357513154e-01 0.000000000000000000e+00 0.000000000000000000e+00 2.971086739780657848e-01 3.110195674562307167e-01 0.000000000000000000e+00 0.000000000000000000e+00
2.571428571428571175e-01 4.862204724409449064e-01 0.000000000000000000e+00 4.196342637151107002e-01 4.953560371517027883e-01 2.446808510638297796e-01 0.000000000000000000e+00 5.334665334665334990e-01 2.161594963273872072e-01 0.000000000000000000e+00 2.679611650485436702e-01 0.000000000000000000e+00 3.410852713178294526e-01 2.268656716417910557e-01 2.479338842975206680e-01 3.675889328063240979e-01 2.653061224489796088e-01 2.536302032913843041e-01 3.327067669172932285e-01 2.925373134328358438e-01
2.237093690248566080e-01 2.390194075587334099e-01 1.716489874638379987e-01 0.000000000000000000e+00 0.000000000000000000e+00 0.000000000000000000e+00 3.391215526046986728e-01 0.000000000000000000e+00 2.605288932419196901e-01 0.000000000000000000e+00 2.079510703363914303e-01 0.000000000000000000e+00 0.000000000000000000e+00 2.430278884462151456e-01 2.416666666666666685e-01 0.000000000000000000e+00 2.189349112426035582e-01 2.285136501516683571e-01 0.000000000000000000e+00 0.000000000000000000e+00
0.000000000000000000e+00 2.311557788944723635e-01 2.445887445887445777e-01 0.000000000000000000e+00 0.000000000000000000e+00 0.000000000000000000e+00 0.000000000000000000e+00 2.772486772486772444e-01 0.000000000000000000e+00 0.000000000000000000e+00 2.026078234704112302e-01 3.753784056508577271e-01 0.000000000000000000e+00 0.000000000000000000e+00 2.118811881188118751e-01 0.000000000000000000e+00 2.062868369351670006e-01 0.000000000000000000e+00 2.924901185770750756e-01 0.000000000000000000e+00
0.000000000000000000e+00 0.000000000000000000e+00 2.932254802831142371e-01 2.812500000000000000e-01 2.550607287449392913e-01 3.006789524733268770e-01 0.000000000000000000e+00 0.000000000000000000e+00 0.000000000000000000e+00 4.462474645030425902e-01 0.000000000000000000e+00 0.000000000000000000e+00 3.843843843843843811e-01 0.000000000000000000e+00 0.000000000000000000e+00 5.779999999999999583e-01 0.000000000000000000e+00 0.000000000000000000e+00 0.000000000000000000e+00 0.000000000000000000e+00
0.000000000000000000e+00 0.000000000000000000e+00 0.000000000000000000e+00 2.578796561604584370e-01 0.000000000000000000e+00 0.000000000000000000e+00 0.000000000000000000e+00 0.000000000000000000e+00 0.000000000000000000e+00 0.000000000000000000e+00 0.000000000000000000e+00 0.000000000000000000e+00 0.000000000000000000e+00 2.957746478873239382e-01 0.000000000000000000e+00 0.000000000000000000e+00 3.182275931520644474e-01 2.957884427032321240e-01 0.000000000000000000e+00 0.000000000000000000e+00
0.000000000000000000e+00 2.576808721506442246e-01 2.678396871945258884e-01 0.000000000000000000e+00 0.000000000000000000e+00 0.000000000000000000e+00 0.000000000000000000e+00 2.923728813559322015e-01 0.000000000000000000e+00 0.000000000000000000e+00 2.660000000000000142e-01 3.668639053254437732e-01 0.000000000000000000e+00 0.000000000000000000e+00 2.246963562753036547e-01 0.000000000000000000e+00 2.296747967479674801e-01 0.000000000000000000e+00 3.136882129277566711e-01 0.000000000000000000e+00
2.341650671785028837e-01 2.818086225026288361e-01 2.028397565922920864e-01 0.000000000000000000e+00 0.000000000000000000e+00 0.000000000000000000e+00 3.905325443786982209e-01 0.000000000000000000e+00 2.312252964426877444e-01 0.000000000000000000e+00 2.356495468277945704e-01 0.000000000000000000e+00 0.000000000000000000e+00 2.488038277511961660e-01 1.998078770413064253e-01 0.000000000000000000e+00 2.133599202392821581e-01 2.154750244857982500e-01 0.000000000000000000e+00 0.000000000000000000e+00
0.000000000000000000e+00 2.885181550539744899e-01 2.310756972111553675e-01 0.000000000000000000e+00 0.000000000000000000e+00 0.000000000000000000e+00 0.000000000000000000e+00 2.578046324269889222e-01 0.000000000000000000e+00 0.000000000000000000e+00 2.635814889336016154e-01 3.240556660039761172e-01 0.000000000000000000e+00 0.000000000000000000e+00 2.399999999999999911e-01 0.000000000000000000e+00 2.258064516129032195e-01 0.000000000000000000e+00 3.091787439613526423e-01 0.000000000000000000e+00
2.898550724637681264e-01 7.510373443983402453e-01 2.025052192066805756e-01 4.598612487611496435e-01 4.959183673469387821e-01 4.528668610301263553e-01 2.507708119218910459e-01 9.683168316831682887e-01 4.329692154915590896e-01 2.681992337164750828e-01 5.004965243296921606e-01 6.280667320902846296e-01 2.935222672064777272e-01 2.600000000000000089e-01 4.666666666666666741e-01 3.422885572139303667e-01 4.912280701754385692e-01 2.352941176470588203e-01 6.133333333333332860e-01 2.897959183673469163e-01
0.000000000000000000e+00 0.000000000000000000e+00 3.075396825396825573e-01 2.822085889570551953e-01 2.792022792022791911e-01 3.506625891946992812e-01 0.000000000000000000e+00 0.000000000000000000e+00 0.000000000000000000e+00 4.135188866799204832e-01 0.000000000000000000e+00 0.000000000000000000e+00 3.884462151394422191e-01 0.000000000000000000e+00 0.000000000000000000e+00 6.122881355932203729e-01 0.000000000000000000e+00 0.000000000000000000e+00 0.000000000000000000e+00 0.000000000000000000e+00
2.196078431372548989e-01 2.580645161290322509e-01 2.120343839541547204e-01 0.000000000000000000e+00 0.000000000000000000e+00 0.000000000000000000e+00 3.307543520309477736e-01 0.000000000000000000e+00 2.357642357642357744e-01 0.000000000000000000e+00 2.050209205020920578e-01 0.000000000000000000e+00 0.000000000000000000e+00 1.941747572815533951e-01 2.383720930232558211e-01 0.000000000000000000e+00 2.238667900092506935e-01 2.458536585365853622e-01 0.000000000000000000e+00 0.000000000000000000e+00
0.000000000000000000e+00 0.000000000000000000e+00 3.296032553407934884e-01 2.818371607515657851e-01 3.058350100603621780e-01 3.047251687560270095e-01 0.000000000000000000e+00 0.000000000000000000e+00 0.000000000000000000e+00 3.827655310621242424e-01 0.000000000000000000e+00 0.000000000000000000e+00 3.645418326693227185e-01 0.000000000000000000e+00 0.000000000000000000e+00 5.750736015701668480e-01 0.000000000000000000e+00 0.000000000000000000e+00 0.000000000000000000e+00 0.000000000000000000e+00
0.000000000000000000e+00 0.000000000000000000e+00 3.128258602711157521e-01 3.543788187372708953e-01 2.746693794506612218e-01 3.206577595066803510e-01 0.000000000000000000e+00 0.000000000000000000e+00 0.000000000000000000e+00 4.318813716404077963e-01 0.000000000000000000e+00 0.000000000000000000e+00 3.570731707317073012e-01 0.000000000000000000e+00 0.000000000000000000e+00 5.688442211055276809e-01 0.000000000000000000e+00 0.000000000000000000e+00 0.000000000000000000e+00 0.000000000000000000e+00
2.590673575129533446e-01 5.174418604651163101e-01 0.000000000000000000e+00 3.370786516853932491e-01 4.513018322082931744e-01 2.415730337078651757e-01 0.000000000000000000e+00 4.897518878101402295e-01 2.217821782178217849e-01 0.000000000000000000e+00 2.677824267782426548e-01 0.000000000000000000e+00 3.212435233160621517e-01 2.515090543259557165e-01 2.527147087857847807e-01 3.777148253068933204e-01 2.523076923076922884e-01 2.401614530776992884e-01 2.673366834170854411e-01 3.226495726495726690e-01
0.000000000000000000e+00 0.000000000000000000e+00 2.816616008105369828e-01 2.896551724137931272e-01 2.665267576075550648e-01 3.167330677290836616e-01 0.000000000000000000e+00 0.000000000000000000e+00 0.000000000000000000e+00 4.328922495274102333e-01 0.000000000000000000e+00 0.000000000000000000e+00 3.723296032553408130e-01 0.000000000000000000e+00 0.000000000000000000e+00 5.608040201005025649e-01 0.000000000000000000e+00 0.000000000000000000e+00 0.000000000000000000e+00 0.000000000000000000e+00
0.000000000000000000e+00 0.000000000000000000e+00 0.000000000000000000e+00 2.550607287449392913e-01 0.000000000000000000e+00 0.000000000000000000e+00 0.000000000000000000e+00 0.000000000000000000e+00 0.000000000000000000e+00 0.000000000000000000e+00 0.000000000000000000e+00 0.000000000000000000e+00 0.000000000000000000e+00 2.917933130699087996e-01 0.000000000000000000e+00 0.000000000000000000e+00 3.119834710743801809e-01 2.902881536819637009e-01 0.000000000000000000e+00 0.000000000000000000e+00
2.279484638255698803e-01 2.455795677799607057e-01 2.408163265306122458e-01 0.000000000000000000e+00 0.000000000000000000e+00 0.000000000000000000e+00 3.491755577109602604e-01 0.000000000000000000e+00 2.747035573122529883e-01 0.000000000000000000e+00 2.418235877106045539e-01 0.000000000000000000e+00 0.000000000000000000e+00 2.067594433399602416e-01 2.275449101796407081e-01 0.000000000000000000e+00 2.085402184707050577e-01 2.098765432098765316e-01 0.000000000000000000e+00 0.000000000000000000e+00
0.000000000000000000e+00 0.000000000000000000e+00 3.090909090909090828e-01 2.803347280334728131e-01 2.968127490039840777e-01 3.237113402061855827e-01 0.000000000000000000e+00 0.000000000000000000e+00 0.000000000000000000e+00 4.383561643835616195e-01 0.000000000000000000e+00 0.000000000000000000e+00 3.625498007968127601e-01 0.000000000000000000e+00 0.000000000000000000e+00 6.045081967213115082e-01 0.000000000000000000e+00 0.000000000000000000e+00 0.000000000000000000e+00 0.000000000000000000e+00
2.276575729068673615e-01 0.000000000000000000e+00 5.530145530145530453e-01 5.856129685916919847e-01 3.001007049345417732e-01 3.182256509161041635e-01 3.956692913385826960e-01 0.000000000000000000e+00 0.000000000000000000e+00 7.121057985757883735e-01 2.597137014314928605e-01 3.983822042467138336e-01 3.983488132094943346e-01 2.963709677419354982e-01 2.540983606557377095e-01 5.773809523809523281e-01 2.916666666666666852e-01 3.323836657169990660e-01 3.266533066132264462e-01 4.069660861594867063e-01
2.658610271903323330e-01 2.965116279069767713e-01 0.000000000000000000e+00 0.000000000000000000e+00 2.294117647058823428e-01 2.761904761904762085e-01 0.000000000000000000e+00 0.000000000000000000e+00 0.000000000000000000e+00 0.000000000000000000e+00 2.449841605068637795e-01 0.000000000000000000e+00 3.305954825462012470e-01 0.000000000000000000e+00 0.000000000000000000e+00 0.000000000000000000e+00 2.387774594078319046e-01 0.000000000000000000e+00 0.000000000000000000e+00 0.000000000000000000e+00
2.354145342886386771e-01 4.712755598831548376e-01 0.000000000000000000e+00 4.406438631790744465e-01 4.679170779861796525e-01 2.367101303911735288e-01 0.000000000000000000e+00 5.728346456692913202e-01 2.044257112750263450e-01 0.000000000000000000e+00 2.833158447009443970e-01 0.000000000000000000e+00 3.096646942800789226e-01 2.098890010090817271e-01 2.893203883495145678e-01 3.667296786389414032e-01 2.463627546071774921e-01 2.458410351201478772e-01 3.119447186574531017e-01 3.296482412060301459e-01
0.000000000000000000e+00 0.000000000000000000e+00 3.452958292919495742e-01 2.689243027888446047e-01 3.160083160083160259e-01 3.105110896817743216e-01 0.000000000000000000e+00 0.000000000000000000e+00 0.000000000000000000e+00 4.257332071901608339e-01 0.000000000000000000e+00 0.000000000000000000e+00 3.602865916069600827e-01 0.000000000000000000e+00 0.000000000000000000e+00 5.877551020408163795e-01 0.000000000000000000e+00 0.000000000000000000e+00 0.000000000000000000e+00 0.000000000000000000e+00
0.000000000000000000e+00 2.415557830092118774e-01 2.478218780251694175e-01 0.000000000000000000e+00 0.000000000000000000e+00 0.000000000000000000e+00 0.000000000000000000e+00 2.500000000000000000e-01 0.000000000000000000e+00 0.000000000000000000e+00 2.887189292543020924e-01 3.207729468599033740e-01 0.000000000000000000e+00 0.000000000000000000e+00 2.278738555442522962e-01 0.000000000000000000e+00 2.402402402402402382e-01 0.000000000000000000e+00 3.158953722334004177e-01 0.000000000000000000e+00
0.000000000000000000e+00 2.479999999999999982e-01 2.142857142857142738e-01 0.000000000000000000e+00 0.000000000000000000e+00 0.000000000000000000e+00 0.000000000000000000e+00 2.694898941289701755e-01 0.000000000000000000e+00 0.000000000000000000e+00 1.985670419651995866e-01 3.421309872922775885e-01 0.000000000000000000e+00 0.000000000000000000e+00 2.635658914728682412e-01 0.000000000000000000e+00 2.411764705882352977e-01 0.000000000000000000e+00 3.102040816326530615e-01 0.000000000000000000e+00
2.621648460774577694e-01 5.029126213592233219e-01 0.000000000000000000e+00 3.991935483870967527e-01 4.587884806355511658e-01 2.701092353525322842e-01 0.000000000000000000e+00 5.266159695817490549e-01 2.328907048008171665e-01 0.000000000000000000e+00 2.480314960629921295e-01 0.000000000000000000e+00 3.424657534246575152e-01 2.590775269872424014e-01 2.566111655239960987e-01 3.972055888223552933e-01 2.383316782522343635e-01 2.583926754832146511e-01 2.566735112936344709e-01 3.252190847127556239e-01
2.373540856031128299e-01 0.000000000000000000e+00 5.252525252525253041e-01 5.944333996023857258e-01 2.444658325312800695e-01 3.368220742150332958e-01 3.932135728542914266e-01 0.000000000000000000e+00 0.000000000000000000e+00 7.361111111111111605e-01 2.484848484848484751e-01 3.522142121524201586e-01 3.796954314720812351e-01 2.914285714285714257e-01 2.453987730061349681e-01 6.365546218487394547e-01 3.578076525336090774e-01 2.703703703703703720e-01 3.423236514522821627e-01 3.175604626708727896e-01
0.000000000000000000e+00 2.461240310077519311e-01 2.172647914645974843e-01 0.000000000000000000e+00 0.000000000000000000e+00 0.000000000000000000e+00 0.000000000000000000e+00 2.946175637393767532e-01 0.000000000000000000e+00 0.000000000000000000e+00 2.287968441814595688e-01 3.667679837892603989e-01 0.000000000000000000e+00 0.000000000000000000e+00 2.399172699069286319e-01 0.000000000000000000e+00 2.538461538461538325e-01 0.000000000000000000e+00 3.527013251783894243e-01 0.000000000000000000e+00
2.543234994913530223e-01 2.196409714889123455e-01 1.927710843373494076e-01 0.000000000000000000e+00 0.000000000000000000e+00 0.000000000000000000e+00 3.258536585365853777e-01 0.000000000000000000e+00 2.678751258811681857e-01 0.000000000000000000e+00 2.320000000000000118e-01 0.000000000000000000e+00 0.000000000000000000e+00 2.242063492063492147e-01 2.579365079365079638e-01 0.000000000000000000e+00 2.553191489361701927e-01 2.428571428571428548e-01 0.000000000000000000e+00 0.000000000000000000e+00
0.000000000000000000e+00 0.000000000000000000e+00 0.000000000000000000e+00 3.013415892672858809e-01 0.000000000000000000e+00 0.000000000000000000e+00 0.000000000000000000e+00 0.000000000000000000e+00 0.000000000000000000e+00 0.000000000000000000e+00 0.000000000000000000e+00 0.000000000000000000e+00 0.000000000000000000e+00 3.043043043043043294e-01 0.000000000000000000e+00 0.000000000000000000e+00 2.777179763186221617e-01 3.248532289628179859e-01 0.000000000000000000e+00 0.000000000000000000e+00
0.000000000000000000e+00 0.000000000000000000e+00 0.000000000000000000e+00 2.933333333333333348e-01 0.000000000000000000e+00 0.000000000000000000e+00 0.000000000000000000e+00 0.000000000000000000e+00 0.000000000000000000e+00 0.000000000000000000e+00 0.000000000000000000e+00 0.000000000000000000e+00 0.000000000000000000e+00 3.064516129032258118e-01 0.000000000000000000e+00 0.000000000000000000e+00 3.182275931520644474e-01 2.949218750000000000e-01 0.000000000000000000e+00 0.000000000000000000e+00
2.417582417582417598e-01 7.451361867704280328e-01 2.224352828379674019e-01 4.172380019588638467e-01 5.000000000000000000e-01 4.128787878787879007e-01 2.897669706180344695e-01 1.018518518518518601e+00 4.582043343653250944e-01 2.790697674418604612e-01 5.070707070707071162e-01 6.363636363636363535e-01 3.016194331983805821e-01 2.381889763779527491e-01 4.833164812942365995e-01 3.839373163565132363e-01 4.703433922996878014e-01 2.502463054187192282e-01 5.844559585492228315e-01 3.446215139442231346e-01
2.665350444225074167e-01 2.992776057791537436e-01 0.000000000000000000e+00 0.000000000000000000e+00 2.808080808080807844e-01 2.398414271555996125e-01 0.000000000000000000e+00 0.000000000000000000e+00 0.000000000000000000e+00 0.000000000000000000e+00 2.896015549076773610e-01 0.000000000000000000e+00 3.462686567164179330e-01 0.000000000000000000e+00 0.000000000000000000e+00 0.000000000000000000e+00 2.446183953033267966e-01 0.000000000000000000e+00 0.000000000000000000e+00 0.000000000000000000e+00
2.342691190706679694e-01 3.048180924287118843e-01 0.000000000000000000e+00 0.000000000000000000e+00 2.447761194029850762e-01 2.851282051282051366e-01 0.000000000000000000e+00 0.000000000000000000e+00 0.000000000000000000e+00 0.000000000000000000e+00 3.010967098703888345e-01 0.000000000000000000e+00 3.084384093113481939e-01 0.000000000000000000e+00 0.000000000000000000e+00 0.000000000000000000e+00 2.551020408163265363e-01 0.000000000000000000e+00 0.000000000000000000e+00 0.000000000000000000e+00
0.000000000000000000e+00 0.000000000000000000e+00 0.000000000000000000e+00 2.443531827515400545e-01 2.263374485596707786e-01 0.000000000000000000e+00 0.000000000000000000e+00 2.482482482482482600e-01 0.000000000000000000e+00 0.000000000000000000e+00 0.000000000000000000e+00 0.000000000000000000e+00 0.000000000000000000e+00 2.209072978303747437e-01 2.573221757322175507e-01 0.000000000000000000e+00 0.000000000000000000e+00 2.899702085402184881e-01 0.000000000000000000e+00 3.194444444444444198e-01
0.000000000000000000e+00 0.000000000000000000e+00 0.000000000000000000e+00 2.800000000000000266e-01 0.000000000000000000e+00 0.000000000000000000e+00 0.000000000000000000e+00 0.000000000000000000e+00 0.000000000000000000e+00 0.000000000000000000e+00 0.000000000000000000e+00 0.000000000000000000e+00 0.000000000000000000e+00 2.996941896024464813e-01 0.000000000000000000e+00 0.000000000000000000e+00 2.765531062124248485e-01 2.623966942148760473e-01 0.000000000000000000e+00 0.000000000000000000e+00
0.000000000000000000e+00 2.076395690499510394e-01 2.463343108504398860e-01 0.000000000000000000e+00 0.000000000000000000e+00 0.000000000000000000e+00 0.000000000000000000e+00 2.773869346733668362e-01 0.000000000000000000e+00 0.000000000000000000e+00 2.560620756547041799e-01 3.395121951219512435e-01 0.000000000000000000e+00 0.000000000000000000e+00 2.356377799415774188e-01 0.000000000000000000e+00 2.266112266112266238e-01 0.000000000000000000e+00 3.747494989979959779e-01 0.000000000000000000e+00
2.807017543859648967e-01 4.985163204747774524e-01 0.000000000000000000e+00 4.392614188532555919e-01 5.109343936381709472e-01 2.741116751269035423e-01 0.000000000000000000e+00 5.801526717557251578e-01 2.706766917293232932e-01 0.000000000000000000e+00 2.693467336683417201e-01 0.000000000000000000e+00 3.249749247743229930e-01 2.366634335596508321e-01 3.250478011472275330e-01 3.895582329317269221e-01 2.451737451737451834e-01 2.372881355932203451e-01 3.301985370950888399e-01 3.412228796844181677e-01
0.000000000000000000e+00 2.884801548886737899e-01 2.299065420560747752e-01 0.000000000000000000e+00 0.000000000000000000e+00 0.000000000000000000e+00 0.000000000000000000e+00 2.566191446028513456e-01 0.000000000000000000e+00 0.000000000000000000e+00 1.920465567410281349e-01 3.562189054726367932e-01 0.000000000000000000e+00 0.000000000000000000e+00 2.652259332023575444e-01 0.000000000000000000e+00 2.302439024390244005e-01 0.000000000000000000e+00 3.574218750000000000e-01 0.000000000000000000e+00
2.740524781341107663e-01 7.443762781186094024e-01 2.202380952380952328e-01 4.498539435248296026e-01 4.899683210137275591e-01 4.260958205912334096e-01 2.556237218813905976e-01 9.795918367346938549e-01 4.379276637341153466e-01 2.151639344262294973e-01 5.339805825242718296e-01 6.325123152709359875e-01 3.682604272634791287e-01 2.222222222222222099e-01 4.384384384384384381e-01 3.565737051792828849e-01 4.640657084188911652e-01 2.851365015166835160e-01 6.448979591836734304e-01 3.613963039014373990e-01
0.000000000000000000e+00 2.585170340681362533e-01 2.765737874097007332e-01 0.000000000000000000e+00 0.000000000000000000e+00 0.000000000000000000e+00 0.000000000000000000e+00 2.585034013605442271e-01 0.000000000000000000e+00 0.000000000000000000e+00 2.294736842105263019e-01 3.202357563850687372e-01 0.000000000000000000e+00 0.000000000000000000e+00 2.592986184909670810e-01 0.000000000000000000e+00 2.244488977955911846e-01 0.000000000000000000e+00 3.619817997977755053e-01 0.000000000000000000e+00
0.000000000000000000e+00 0.000000000000000000e+00 0.000000000000000000e+00 2.001888574126534370e-01 2.334630350194552562e-01 0.000000000000000000e+00 0.000000000000000000e+00 2.681017612524461691e-01 0.000000000000000000e+00 0.000000000000000000e+00 0.000000000000000000e+00 0.000000000000000000e+00 0.000000000000000000e+00 2.482893450635386134e-01 2.673469387755101900e-01 0.000000000000000000e+00 0.000000000000000000e+00 2.534381139489194634e-01 0.000000000000000000e+00 3.400576368876080946e-01
2.386032977691561474e-01 0.000000000000000000e+00 5.113402061855669700e-01 5.612565445026177491e-01 2.687179487179487403e-01 3.136863136863136670e-01 3.428571428571428603e-01 0.000000000000000000e+00 0.000000000000000000e+00 7.683049147442326809e-01 2.865116279069767624e-01 3.406374501992031623e-01 3.283877349159248227e-01 2.688064192577733214e-01 2.547263681592039641e-01 5.725567620927937140e-01 3.120418848167539339e-01 2.649903288201160279e-01 4.082474226804123640e-01 3.414141414141413922e-01
0.000000000000000000e+00 2.568421052631578716e-01 2.290388548057259721e-01 0.000000000000000000e+00 0.000000000000000000e+00 0.000000000000000000e+00 0.000000000000000000e+00 2.611398963730570122e-01 0.000000000000000000e+00 0.000000000000000000e+00 2.130801687763713148e-01 3.530534351145038219e-01 0.000000000000000000e+00 0.000000000000000000e+00 2.361396303901437399e-01 0.000000000000000000e+00 2.106360792492179279e-01 0.000000000000000000e+00 3.631010794896957772e-01 0.000000000000000000e+00
2.693110647181628514e-01 7.257900101936799464e-01 2.312138728323699377e-01 4.426877470355731203e-01 5.559921414538310236e-01 4.386839481555334097e-01 2.710472279260780493e-01 9.547844374342796536e-01 4.636752136752136932e-01 2.579281183932346511e-01 5.544354838709677491e-01 6.261398176291793627e-01 2.993062438057482733e-01 2.264529058116232507e-01 4.482758620689655249e-01 4.365482233502537834e-01 4.741035856573705409e-01 2.270381836945304377e-01 6.472361809045226178e-01 3.269424823410696512e-01
0.000000000000000000e+00 2.854311199207135719e-01 2.500000000000000000e-01 0.000000000000000000e+00 0.000000000000000000e+00 0.000000000000000000e+00 0.000000000000000000e+00 2.690763052208835493e-01 0.000000000000000000e+00 0.000000000000000000e+00 2.610402355250245332e-01 3.534218590398365833e-01 0.000000000000000000e+00 0.000000000000000000e+00 2.505050505050505083e-01 0.000000000000000000e+00 2.250740375123395920e-01 0.000000000000000000e+00 3.162134944612285947e-01 0.000000000000000000e+00
0.000000000000000000e+00 0.000000000000000000e+00 0.000000000000000000e+00 2.848545636910732037e-01 0.000000000000000000e+00 0.000000000000000000e+00 0.000000000000000000e+00 0.000000000000000000e+00 0.000000000000000000e+00 0.000000000000000000e+00 0.000000000000000000e+00 0.000000000000000000e+00 0.000000000000000000e+00 2.794411177644710587e-01 0.000000000000000000e+00 0.000000000000000000e+00 3.184466019417475646e-01 3.238469087340529740e-01 0.000000000000000000e+00 0.000000000000000000e+00
0.000000000000000000e+00 0.000000000000000000e+00 0.000000000000000000e+00 3.126213592233009764e-01 0.000000000000000000e+00 0.000000000000000000e+00 0.000000000000000000e+00 0.000000000000000000e+00 0.000000000000000000e+00 0.000000000000000000e+00 0.000000000000000000e+00 0.000000000000000000e+00 0.000000000000000000e+00 3.449001051524711037e-01 0.000000000000000000e+00 0.000000000000000000e+00 3.155778894472361928e-01 3.264503441494591707e-01 0.000000000000000000e+00 0.000000000000000000e+00
0.000000000000000000e+00 0.000000000000000000e+00 2.959999999999999853e-01 2.907317073170731514e-01 2.781725888324872997e-01 3.084384093113481939e-01 0.000000000000000000e+00 0.000000000000000000e+00 0.000000000000000000e+00 4.616935483870967527e-01 0.000000000000000000e+00 0.000000000000000000e+00 4.007858546168958647e-01 0.000000000000000000e+00 0.000000000000000000e+00 6.255144032921811093e-01 0.000000000000000000e+00 0.000000000000000000e+00 0.000000000000000000e+00 0.000000000000000000e+00
2.208835341365461835e-01 2.432701894317048918e-01 2.176470588235294157e-01 0.000000000000000000e+00 0.000000000000000000e+00 0.000000000000000000e+00 3.343403826787512689e-01 0.000000000000000000e+00 2.566111655239960987e-01 0.000000000000000000e+00 2.278481012658227778e-01 0.000000000000000000e+00 0.000000000000000000e+00 2.172647914645974843e-01 2.448132780082987459e-01 0.000000000000000000e+00 2.121807465618860411e-01 2.175226586102718962e-01 0.000000000000000000e+00 0.000000000000000000e+00
0.000000000000000000e+00 0.000000000000000000e+00 0.000000000000000000e+00 2.373949579831932666e-01 2.197355035605289830e-01 0.000000000000000000e+00 0.000000000000000000e+00 3.322884012539185083e-01 0.000000000000000000e+00 0.000000000000000000e+00 0.000000000000000000e+00 0.000000000000000000e+00 0.000000000000000000e+00 2.306940371456500383e-01 2.403177755710029784e-01 0.000000000000000000e+00 0.000000000000000000e+00 2.463768115942029102e-01 0.000000000000000000e+00 3.693239152371342038e-01
0.000000000000000000e+00 0.000000000000000000e+00 0.000000000000000000e+00 2.447257383966244815e-01 2.382978723404255428e-01 0.000000000000000000e+00 0.000000000000000000e+00 2.999999999999999889e-01 0.000000000000000000e+00 0.000000000000000000e+00 0.000000000000000000e+00 0.000000000000000000e+00 0.000000000000000000e+00 2.378048780487804770e-01 2.721217887725975171e-01 0.000000000000000000e+00 0.000000000000000000e+00 2.532188841201716833e-01 0.000000000000000000e+00 3.543788187372708953e-01
0.000000000000000000e+00 0.000000000000000000e+00 3.340206185567010100e-01 2.687439143135345598e-01 3.422354104846686562e-01 3.339805825242718185e-01 0.000000000000000000e+00 0.000000000000000000e+00 0.000000000000000000e+00 4.094488188976377896e-01 0.000000000000000000e+00 0.000000000000000000e+00 3.896907216494845394e-01 0.000000000000000000e+00 0.000000000000000000e+00 5.883597883597883049e-01 0.000000000000000000e+00 0.000000000000000000e+00 0.000000000000000000e+00 0.000000000000000000e+00
0.000000000000000000e+00 0.000000000000000000e+00 0.000000000000000000e+00 3.293413173652694481e-01 0.000000000000000000e+00 0.000000000000000000e+00 0.000000000000000000e+00 0.000000000000000000e+00 0.000000000000000000e+00 0.000000000000000000e+00 0.000000000000000000e+00 0.000000000000000000e+00 0.000000000000000000e+00 2.816901408450704358e-01 0.000000000000000000e+00 0.000000000000000000e+00 3.326488706365502979e-01 2.485436893203883391e-01 0.000000000000000000e+00 0.000000000000000000e+00
3.057929724596391008e-01 7.172827172827173081e-01 2.082514734774066900e-01 3.957446808510638459e-01 5.000000000000000000e-01 4.591439688715953094e-01 2.480314960629921295e-01 9.831181727904667600e-01 3.980952380952381131e-01 2.286821705426356488e-01 4.959183673469387821e-01 6.147783251231526691e-01 2.904483430799220112e-01 2.625863770977295286e-01 5.272727272727272263e-01 4.233432245301681496e-01 4.588832487309644770e-01 2.755203171456888089e-01 5.915492957746478764e-01 3.378238341968912151e-01
0.000000000000000000e+00 0.000000000000000000e+00 0.000000000000000000e+00 2.812500000000000000e-01 0.000000000000000000e+00 0.000000000000000000e+00 0.000000000000000000e+00 0.000000000000000000e+00 0.000000000000000000e+00 0.000000000000000000e+00 0.000000000000000000e+00 0.000000000000000000e+00 0.000000000000000000e+00 2.966014418125643703e-01 0.000000000000000000e+00 0.000000000000000000e+00 3.264462809917355601e-01 2.581261950286806717e-01 0.000000000000000000e+00 0.000000000000000000e+00
0.000000000000000000e+00 0.000000000000000000e+00 0.000000000000000000e+00 2.219917012448132665e-01 2.617801047120418834e-01 0.000000000000000000e+00 0.000000000000000000e+00 3.075416258570029537e-01 0.000000000000000000e+00 0.000000000000000000e+00 0.000000000000000000e+00 0.000000000000000000e+00 0.000000000000000000e+00 2.470119521912350624e-01 2.857142857142856984e-01 0.000000000000000000e+00 0.000000000000000000e+00 2.156057494866529811e-01 0.000000000000000000e+00 3.686274509803921795e-01
2.497354497354497271e-01 7.323076923076923261e-01 2.790224032586557934e-01 4.231536926147704825e-01 4.570230607966456748e-01 4.238805970149253644e-01 2.525050100200400549e-01 1.005005005005005003e+00 4.453441295546558543e-01 1.998001998001998070e-01 5.103857566765578335e-01 6.308316430020284304e-01 3.395872420262663893e-01 2.288049029622063468e-01 5.694305694305694665e-01 3.835051546391752830e-01 4.642507345739471103e-01 2.072434607645875226e-01 5.714285714285713969e-01 3.290640394088669707e-01
0.000000000000000000e+00 0.000000000000000000e+00 2.826300294406280944e-01 3.153692614770459146e-01 2.758620689655172376e-01 3.081570996978851840e-01 0.000000000000000000e+00 0.000000000000000000e+00 0.000000000000000000e+00 4.734202607823470577e-01 0.000000000000000000e+00 0.000000000000000000e+00 3.791666666666666519e-01 0.000000000000000000e+00 0.000000000000000000e+00 6.004228329809725428e-01 0.000000000000000000e+00 0.000000000000000000e+00 0.000000000000000000e+00 0.000000000000000000e+00
2.813141683778234148e-01 2.848780487804877803e-01 0.000000000000000000e+00 0.000000000000000000e+00 2.350472193074501503e-01 2.954545454545454697e-01 0.000000000000000000e+00 0.000000000000000000e+00 0.000000000000000000e+00 0.000000000000000000e+00 2.877697841726618577e-01 0.000000000000000000e+00 3.451059535822401658e-01 0.000000000000000000e+00 0.000000000000000000e+00 0.000000000000000000e+00 2.860040567951318558e-01 0.000000000000000000e+00 0.000000000000000000e+00 0.000000000000000000e+00
0.000000000000000000e+00 0.000000000000000000e+00 2.685370741482965840e-01 2.859922178988326680e-01 2.827657378740970340e-01 3.156801661474558651e-01 0.000000000000000000e+00 0.000000000000000000e+00 0.000000000000000000e+00 4.167478091528724615e-01 0.000000000000000000e+00 0.000000000000000000e+00 3.825242718446602019e-01 0.000000000000000000e+00 0.000000000000000000e+00 5.747126436781608838e-01 0.000000000000000000e+00 0.000000000000000000e+00 0.000000000000000000e+00 0.000000000000000000e+00
0.000000000000000000e+00 2.452642073778663889e-01 2.335025380710659959e-01 0.000000000000000000e+00 0.000000000000000000e+00 0.000000000000000000e+00 0.000000000000000000e+00 2.714843750000000000e-01 0.000000000000000000e+00 0.000000000000000000e+00 2.142121524201853755e-01 3.379446640316205452e-01 0.000000000000000000e+00 0.000000000000000000e+00 2.631578947368420907e-01 0.000000000000000000e+00 2.164251207729468718e-01 0.000000000000000000e+00 3.099415204678362401e-01 0.000000000000000000e+00
0.000000000000000000e+00 2.198852772466539096e-01 2.183673469387755195e-01 0.000000000000000000e+00 0.000000000000000000e+00 0.000000000000000000e+00 0.000000000000000000e+00 2.631038026721480017e-01 0.000000000000000000e+00 0.000000000000000000e+00 2.607823470411233524e-01 3.490759753593429271e-01 0.000000000000000000e+00 0.000000000000000000e+00 2.500000000000000000e-01 0.000000000000000000e+00 2.473347547974413529e-01 0.000000000000000000e+00 3.048403707518022587e-01 0.000000000000000000e+00
2.608695652173912971e-01 2.739726027397260122e-01 0.000000000000000000e+00 0.000000000000000000e+00 2.285115303983228374e-01 2.651821862348178183e-01 0.000000000000000000e+00 0.000000000000000000e+00 0.000000000000000000e+00 0.000000000000000000e+00 2.939481268011527315e-01 0.000000000000000000e+00 3.595284872298624701e-01 0.000000000000000000e+00 0.000000000000000000e+00 0.000000000000000000e+00 2.475049900199600694e-01 0.000000000000000000e+00 0.000000000000000000e+00 0.000000000000000000e+00
0.000000000000000000e+00 0.000000000000000000e+00 0.000000000000000000e+00 2.939424031777557178e-01 0.000000000000000000e+00 0.000000000000000000e+00 0.000000000000000000e+00 0.000000000000000000e+00 0.000000000000000000e+00 0.000000000000000000e+00 0.000000000000000000e+00 0.000000000000000000e+00 0.000000000000000000e+00 2.953020134228188098e-01 0.000000000000000000e+00 0.000000000000000000e+00 2.711864406779661008e-01 2.986767485822306445e-01 0.000000000000000000e+00 0.000000000000000000e+00
2.554455445544554504e-01 2.475247524752475226e-01 0.000000000000000000e+00 0.000000000000000000e+00 2.654508611955420649e-01 2.609542356377799188e-01 0.000000000000000000e+00 0.000000000000000000e+00 0.000000000000000000e+00 0.000000000000000000e+00 3.162134944612285947e-01 0.000000000000000000e+00 3.264907135874877686e-01 0.000000000000000000e+00 0.000000000000000000e+00 0.000000000000000000e+00 2.470119521912350624e-01 0.000000000000000000e+00 0.000000000000000000e+00 0.000000000000000000e+00
0.000000000000000000e+00 0.000000000000000000e+00 2.946341463414633988e-01 3.086053412462907986e-01 2.644787644787645053e-01 3.091976516634050709e-01 0.000000000000000000e+00 0.000000000000000000e+00 0.000000000000000000e+00 4.229607250755286763e-01 0.000000000000000000e+00 0.000000000000000000e+00 3.486777668952008025e-01 0.000000000000000000e+00 0.000000000000000000e+00 6.172588832487310162e-01 0.000000000000000000e+00 0.000000000000000000e+00 0.000000000000000000e+00 0.000000000000000000e+00
0.000000000000000000e+00 0.000000000000000000e+00 0.000000000000000000e+00 2.728164867517173797e-01 0.000000000000000000e+00 0.000000000000000000e+00 0.000000000000000000e+00 0.000000000000000000e+00 0.000000000000000000e+00 0.000000000000000000e+00 0.000000000000000000e+00 0.000000000000000000e+00 0.000000000000000000e+00 2.713178294573643234e-01 0.000000000000000000e+00 0.000000000000000000e+00 2.995260663507108845e-01 3.045267489711934172e-01 0.000000000000000000e+00 0.000000000000000000e+00
3.111111111111111160e-01 4.758364312267657770e-01 0.000000000000000000e+00 4.287118977384464236e-01 4.541154210028382487e-01 2.639691714836223668e-01 0.000000000000000000e+00 5.553319919517102354e-01 3.028515240904621209e-01 0.000000000000000000e+00 2.879377431906614548e-01 0.000000000000000000e+00 3.506625891946992812e-01 2.396694214876033124e-01 2.299084435401831106e-01 3.871595330739299734e-01 2.421052631578947401e-01 2.324561403508771940e-01 2.885375494071146241e-01 3.475670307845084572e-01
2.634146341463414753e-01 7.099391480730222748e-01 2.617586912065439919e-01 4.263261296660117994e-01 5.170731707317073322e-01 4.172932330827067715e-01 2.987390882638215062e-01 9.263370332996972989e-01 4.590495449949443807e-01 2.745098039215686514e-01 5.467775467775467524e-01 6.306306306306306286e-01 3.282364933741080404e-01 2.507403751233958644e-01 5.137795275590550936e-01 4.663316582914572850e-01 5.122950819672130729e-01 2.492211838006230529e-01 6.627450980392156632e-01 3.532994923857867842e-01
2.084562438544739493e-01 0.000000000000000000e+00 5.871369294605809364e-01 6.033755274261602963e-01 3.091095189355169137e-01 2.373949579831932666e-01 3.463035019455252828e-01 0.000000000000000000e+00 0.000000000000000000e+00 6.942800788954635038e-01 2.620967741935483764e-01 3.311688311688311681e-01 3.397761953204476160e-01 2.371134020618556604e-01 2.831325301204819511e-01 5.928270042194092593e-01 3.073852295409181812e-01 2.422997946611909759e-01 3.567787971457695995e-01 3.663967611336032548e-01
2.137718396711202340e-01 2.542204568023833100e-01 2.378686964795432845e-01 0.000000000000000000e+00 0.000000000000000000e+00 0.000000000000000000e+00 3.692946058091286510e-01 0.000000000000000000e+00 2.765072765072765226e-01 0.000000000000000000e+00 2.328482328482328612e-01 0.000000000000000000e+00 0.000000000000000000e+00 2.294117647058823428e-01 2.645403377110694398e-01 0.000000000000000000e+00 2.262626262626262763e-01 2.059999999999999887e-01 0.000000000000000000e+00 0.000000000000000000e+00
2.315573770491803351e-01 0.000000000000000000e+00 5.735707591377694481e-01 5.458207452165155793e-01 2.778864970645792409e-01 2.839632277834525098e-01 3.529411764705882582e-01 0.000000000000000000e+00 0.000000000000000000e+00 7.509881422924901129e-01 3.142580019398641955e-01 3.367139959432048912e-01 3.795066413662239180e-01 3.150259067357513154e-01 2.510373443983402453e-01 6.300000000000000044e-01 2.983870967741935609e-01 3.167330677290836616e-01 4.084934277047522766e-01 3.867735470941883746e-01
2.724580454096742210e-01 5.030425963488843744e-01 0.000000000000000000e+00 4.084084084084084187e-01 4.244897959183673297e-01 2.514734774066797462e-01 0.000000000000000000e+00 4.764649375600384373e-01 2.453016815034619325e-01 0.000000000000000000e+00 2.556097560975609806e-01 0.000000000000000000e+00 3.055276381909547978e-01 2.266401590457256532e-01 2.403343782654127347e-01 3.416583416583416355e-01 2.673796791443850407e-01 2.303872889771598764e-01 3.012048192771084598e-01 3.323558162267839511e-01
0.000000000000000000e+00 0.000000000000000000e+00 3.073811931243680684e-01 2.664054848188051050e-01 2.515090543259557165e-01 3.125000000000000000e-01 0.000000000000000000e+00 0.000000000000000000e+00 0.000000000000000000e+00 4.262948207171314841e-01 0.000000000000000000e+00 0.000000000000000000e+00 3.971193415637860324e-01 0.000000000000000000e+00 0.000000000000000000e+00 5.780933062880324602e-01 0.000000000000000000e+00 0.000000000000000000e+00 0.000000000000000000e+00 0.000000000000000000e+00
0.000000000000000000e+00 0.000000000000000000e+00 0.000000000000000000e+00 2.567164179104477473e-01 0.000000000000000000e+00 0.000000000000000000e+00 0.000000000000000000e+00 0.000000000000000000e+00 0.000000000000000000e+00 0.000000000000000000e+00 0.000000000000000000e+00 0.000000000000000000e+00 0.000000000000000000e+00 2.974051896207584589e-01 0.000000000000000000e+00 0.000000000000000000e+00 3.056943056943056680e-01 2.892057026476578252e-01 0.000000000000000000e+00 0.000000000000000000e+00
