#chr	normal	sample0	sample1	sample2	sample3	sample4
0	0	0.0	0.212121212121	0.21875	0.148514851485	0.0
1	0	0.0	0.232142857143	0.259615384615	0.125	0.0
2	0	0.0	0.0	0.0	0.0	0.0
3	0	0.0	0.191304347826	0.0	0.16049382716	0.0
4	0	0.0	0.0	0.0	0.0	0.0
5	0	0.0	0.2	0.0	0.144230769231	0.0
6	0	0.0	0.0	0.210526315789	0.0	0.0
7	0	0.0	0.228571428571	0.314814814815	0.151515151515	0.0
8	0	0.0	0.0	0.0	0.0	0.0
9	0	0.0	0.19587628866	0.0	0.179245283019	0.0
10	0	0.0	0.0	0.0	0.0	0.0
11	0	0.0	0.0	0.231481481481	0.0	0.0
12	0	0.0	0.0	0.247422680412	0.0	0.0
13	0	0.0	0.163265306122	0.0	0.135416666667	0.0
14	0	0.0	0.0	0.0	0.0	0.161290322581
15	0	0.0	0.0	0.204545454545	0.147727272727	0.0
16	0	0.0	0.0	0.242424242424	0.178217821782	0.0
17	0	0.0	0.0	0.0	0.0	0.0
18	0	0.0	0.0	0.0	0.0	0.0
19	0	0.165137614679	0.137254901961	0.0	0.172043010753	0.0
20	0	0.550387596899	0.244897959184	0.0	0.162162162162	0.37037037037
21	0	0.0	0.0	0.0	0.0	0.0
22	0	0.0	0.0	0.0	0.0	0.0
23	0	0.41	0.547619047619	0.285714285714	0.298850574713	0.221052631579
24	0	0.0	0.0	0.0	0.0	0.0
25	0	0.258823529412	0.103092783505	0.0	0.0	0.0
26	0	0.456896551724	0.21568627451	0.0	0.169642857143	0.287128712871
27	0	0.495412844037	0.432989690722	0.244186046512	0.342857142857	0.336538461538
28	0	0.0	0.0	0.239316239316	0.0	0.0
29	0	0.0	0.0	0.151515151515	0.126315789474	0.0
30	0	0.27027027027	0.100917431193	0.0	0.166666666667	0.0
31	0	0.0	0.0	0.0	0.0	0.0
32	0	0.0	0.0	0.0	0.0	0.0
33	0	0.0	0.0	0.0	0.0	0.0
34	0	0.0	0.25	0.232142857143	0.174311926606	0.0
35	0	0.346534653465	0.0	0.0	0.0	0.207547169811
36	0	0.0	0.0	0.0	0.0	0.0
37	0	0.495145631068	0.258064516129	0.0	0.12962962963	0.398148148148
38	0	0.209090909091	0.15	0.0	0.183908045977	0.0
39	0	0.0	0.0	0.0	0.0	0.0
40	0	0.0	0.0	0.209523809524	0.170212765957	0.0
41	0	0.0	0.0	0.184782608696	0.0	0.0
42	0	0.0	0.0	0.0	0.0	0.0
43	0	0.0	0.0	0.0	0.0	0.0
44	0	0.0	0.0	0.0	0.0	0.0
45	0	0.150943396226	0.131147540984	0.0	0.166666666667	0.0
46	0	0.470588235294	0.454545454545	0.244680851064	0.252747252747	0.384615384615
47	0	0.228260869565	0.119266055046	0.0	0.144329896907	0.0
48	0	0.0	0.0	0.0	0.0	0.0
49	0	0.247311827957	0.147368421053	0.0	0.0	0.0
50	0	0.0	0.0	0.0	0.0	0.0
51	0	0.0	0.0	0.225490196078	0.23	0.0
52	0	0.495327102804	0.242424242424	0.0	0.22641509434	0.207920792079
53	0	0.0	0.0	0.254901960784	0.228571428571	0.0
54	0	0.487804878049	0.376146788991	0.0	0.151785714286	0.270491803279
55	0	0.0	0.267326732673	0.191011235955	0.0873786407767	0.0
56	0	0.0	0.0	0.238532110092	0.188679245283	0.0
57	0	0.0	0.0	0.28125	0.0	0.0
58	0	0.0	0.186813186813	0.234042553191	0.192660550459	0.0
59	0	0.0	0.0	0.0	0.0	0.0
60	0	0.0	0.265957446809	0.0	0.188679245283	0.0
61	0	0.0	0.0	0.0	0.0	0.0
62	0	0.0	0.272727272727	0.224489795918	0.169642857143	0.0
63	0	0.0	0.0	0.0	0.0	0.0
64	0	0.188679245283	0.0752688172043	0.0	0.255319148936	0.0
65	0	0.0	0.0	0.0	0.0	0.0
66	0	0.0	0.0	0.268817204301	0.119047619048	0.0
67	0	0.0	0.0	0.243243243243	0.155963302752	0.0
68	0	0.0	0.0	0.183673469388	0.126050420168	0.0
69	0	0.0	0.25	0.330097087379	0.211009174312	0.0
70	0	0.279279279279	0.0	0.0	0.0	0.157894736842
71	0	0.0	0.0	0.188888888889	0.158878504673	0.0
72	0	0.558139534884	0.306818181818	0.0	0.15625	0.308510638298
73	0	0.0	0.0	0.0	0.0	0.0
74	0	0.144329896907	0.19587628866	0.0	0.216494845361	0.0
75	0	0.0	0.0	0.0	0.0	0.0
76	0	0.0	0.0	0.341176470588	0.0	0.0
77	0	0.0	0.0	0.0	0.0	0.0
78	0	0.0	0.0	0.206896551724	0.0	0.0
79	0	0.0	0.190476190476	0.0	0.161290322581	0.0
80	0	0.0	0.276595744681	0.0	0.245283018868	0.0
81	0	0.0	0.0	0.276785714286	0.128440366972	0.0
82	0	0.607142857143	0.229166666667	0.0	0.12	0.34693877551
83	0	0.476635514019	0.207920792079	0.0	0.0752688172043	0.350515463918
84	0	0.196078431373	0.0803571428571	0.0	0.154545454545	0.0
85	0	0.0	0.0	0.0	0.0	0.0
86	0	0.0	0.0	0.0	0.0	0.0
87	0	0.205607476636	0.0892857142857	0.0	0.0	0.0
88	0	0.196721311475	0.0808080808081	0.0	0.175824175824	0.0
89	0	0.0	0.0	0.0	0.0	0.0
90	0	0.0	0.0	0.0	0.0	0.0
91	0	0.44	0.18085106383	0.0	0.209090909091	0.330097087379
92	0	0.0	0.0	0.0	0.0	0.145833333333
93	0	0.244897959184	0.155555555556	0.0	0.146788990826	0.0
94	0	0.540540540541	0.224489795918	0.0	0.133928571429	0.318181818182
95	0	0.0	0.0	0.0	0.0	0.0
96	0	0.0	0.0	0.0	0.0	0.0
97	0	0.0	0.0	0.24	0.178571428571	0.0
98	0	0.0	0.0	0.255319148936	0.152173913043	0.0
99	0	0.232323232323	0.0754716981132	0.0	0.228571428571	0.0
100	0	0.314049586777	0.136363636364	0.0	0.0	0.316239316239
101	0	0.0	0.0	0.0	0.0	0.0
102	0	0.0	0.0	0.278260869565	0.117021276596	0.0
103	0	0.0	0.0	0.0	0.0	0.0
104	0	0.0	0.259541984733	0.0	0.147286821705	0.0
105	0	0.0	0.0	0.235294117647	0.153846153846	0.0
106	0	0.0	0.0	0.233009708738	0.120879120879	0.0
107	0	0.0	0.0	0.0	0.0	0.0
108	0	0.252631578947	0.141414141414	0.0	0.0	0.0
109	0	0.445544554455	0.547368421053	0.252747252747	0.291262135922	0.333333333333
110	0	0.0	0.164705882353	0.318181818182	0.141304347826	0.0
111	0	0.0	0.0	0.299065420561	0.156862745098	0.0
112	0	0.0	0.147368421053	0.0	0.166666666667	0.0
113	0	0.21568627451	0.105263157895	0.0	0.0	0.0
114	0	0.0	0.0	0.174418604651	0.139784946237	0.0
115	0	0.0	0.279661016949	0.254901960784	0.211111111111	0.0
116	0	0.341176470588	0.234693877551	0.0	0.0	0.28125
117	0	0.0	0.0	0.0	0.0	0.0
118	0	0.209302325581	0.10101010101	0.0	0.0	0.0
119	0	0.323529411765	0.150943396226	0.0	0.0	0.0
120	0	0.0	0.0	0.0	0.0	0.0
121	0	0.47	0.521008403361	0.247619047619	0.296703296703	0.387096774194
122	0	0.0	0.0	0.0	0.0	0.0
123	0	0.0	0.0	0.0	0.0	0.0
124	0	0.0	0.303571428571	0.0	0.0568181818182	0.0
125	0	0.27	0.0804597701149	0.0	0.104347826087	0.0
126	0	0.472527472527	0.156862745098	0.0	0.111111111111	0.302325581395
127	0	0.0	0.19387755102	0.0	0.214285714286	0.0
128	0	0.0	0.0	0.0	0.0	0.0
129	0	0.0	0.0	0.216981132075	0.161616161616	0.0
130	0	0.177777777778	0.133333333333	0.0	0.171717171717	0.0
131	0	0.208333333333	0.0679611650485	0.0	0.0	0.0
132	0	0.0	0.0	0.0	0.0	0.0
133	0	0.0	0.201834862385	0.233333333333	0.168316831683	0.0
134	0	0.0	0.284210526316	0.0	0.165137614679	0.0
135	0	0.172131147541	0.0869565217391	0.0	0.116504854369	0.0
136	0	0.229357798165	0.0918367346939	0.0	0.0	0.0
137	0	0.0	0.0	0.0	0.0	0.0
138	0	0.131313131313	0.0978260869565	0.0	0.141509433962	0.0
139	0	0.0	0.0	0.181818181818	0.184466019417	0.0
140	0	0.0	0.0	0.260416666667	0.169811320755	0.0
141	0	0.0	0.0	0.214953271028	0.0	0.0
142	0	0.212121212121	0.15652173913	0.0	0.0	0.0
143	0	0.0	0.0	0.0	0.0	0.0
144	0	0.0	0.0	0.340659340659	0.183333333333	0.0
145	0	0.0	0.0	0.0	0.0	0.0
146	0	0.3125	0.0	0.0	0.0	0.258426966292
147	0	0.0	0.0	0.0	0.0	0.0
148	0	0.0	0.0	0.0	0.0	0.0
149	0	0.0	0.0	0.236363636364	0.202247191011	0.0
150	0	0.0	0.0	0.0	0.0	0.0
151	0	0.0	0.0	0.0	0.0	0.0
152	0	0.0	0.0	0.0	0.0	0.0
153	0	0.277777777778	0.0	0.0	0.0	0.13
154	0	0.0	0.197802197802	0.23	0.119266055046	0.0
155	0	0.549019607843	0.448979591837	0.291666666667	0.35593220339	0.288288288288
156	0	0.0	0.0	0.0	0.0	0.0
157	0	0.0	0.302083333333	0.0	0.175824175824	0.0
158	0	0.548076923077	0.285714285714	0.0	0.229166666667	0.279069767442
159	0	0.0	0.0	0.0	0.0	0.0
160	0	0.365853658537	0.0	0.0	0.0	0.154545454545
161	0	0.582677165354	0.203883495146	0.0	0.14953271028	0.326315789474
162	0	0.427272727273	0.270833333333	0.0	0.237623762376	0.366666666667
163	0	0.0	0.18085106383	0.0	0.173076923077	0.0
164	0	0.0	0.0	0.0	0.0	0.0
165	0	0.0	0.0	0.0	0.0	0.0
166	0	0.0	0.27	0.24	0.17	0.0
167	0	0.0	0.0	0.303921568627	0.0	0.0
168	0	0.0	0.278350515464	0.0	0.203883495146	0.0
169	0	0.0	0.0	0.291262135922	0.119565217391	0.0
170	0	0.486486486486	0.494252873563	0.151515151515	0.377551020408	0.301204819277
171	0	0.0	0.238095238095	0.0	0.153846153846	0.0
172	0	0.0	0.0	0.0	0.0	0.0
173	0	0.0	0.214876033058	0.0	0.150943396226	0.0
174	0	0.0	0.0	0.0	0.0	0.0
175	0	0.0	0.0	0.255555555556	0.0	0.0
176	0	0.301886792453	0.0	0.0	0.0	0.236842105263
177	0	0.0	0.0	0.0	0.0	0.0
178	0	0.0	0.19	0.0	0.122448979592	0.0
179	0	0.0	0.0	0.204081632653	0.135922330097	0.0
180	0	0.0	0.0	0.0	0.0	0.0
181	0	0.194174757282	0.155555555556	0.0	0.181818181818	0.0
182	0	0.0	0.26	0.247706422018	0.168539325843	0.0
183	0	0.0	0.0	0.19512195122	0.0	0.0
184	0	0.0	0.0	0.0	0.0	0.0
185	0	0.0	0.0	0.0	0.0	0.0
186	0	0.532110091743	0.238636363636	0.0	0.2	0.410526315789
187	0	0.0	0.0	0.0	0.0	0.0
188	0	0.0	0.0	0.252747252747	0.0	0.0
189	0	0.369369369369	0.0	0.0	0.0	0.145631067961
190	0	0.171717171717	0.146551724138	0.0	0.0	0.0
191	0	0.0	0.0	0.231578947368	0.128712871287	0.0
192	0	0.0	0.0	0.25	0.0	0.0
193	0	0.0	0.280701754386	0.0	0.217391304348	0.0
194	0	0.0	0.0	0.0	0.0	0.0
195	0	0.0	0.304347826087	0.0	0.1875	0.0
196	0	0.0	0.0	0.0	0.0	0.0
197	0	0.0	0.0	0.0	0.0	0.0
198	0	0.0	0.0	0.166666666667	0.144230769231	0.0
199	0	0.521739130435	0.256097560976	0.0	0.196428571429	0.344444444444
