#chr	position	description	normal	sample0	sample1	sample2	sample3	sample4
1	1	1	0	0.0	0.113402061856	0.0	0.0	0.0
2	1	1	0	0.316326530612	0.0	0.0	0.0	0.0
3	1	1	0	0.0	0.0	0.0	0.0	0.0
4	1	1	0	0.0	0.0	0.0	0.0	0.149425287356
5	1	1	0	0.0	0.0	0.0	0.0	0.0
6	1	1	0	0.24	0.0	0.0	0.0	0.0
7	1	1	0	0.0	0.0	0.0	0.0	0.0
8	1	1	0	0.0	0.21359223301	0.0	0.172413793103	0.103773584906
9	1	1	0	0.0	0.0	0.0	0.0	0.0
10	1	1	0	0.0	0.0	0.0	0.0	0.0
11	1	1	0	0.0	0.239583333333	0.0	0.309523809524	0.0909090909091
12	1	1	0	0.0	0.0	0.0	0.0	0.0
13	1	1	0	0.0	0.139240506329	0.0	0.0	0.0
14	1	1	0	0.0	0.0786516853933	0.0	0.0	0.0
15	1	1	0	0.0	0.136842105263	0.0	0.173076923077	0.369047619048
16	1	1	0	0.0	0.0	0.0	0.0	0.13
17	1	1	0	0.549019607843	0.480769230769	0.349056603774	0.434782608696	0.521739130435
18	1	1	0	0.0	0.0	0.29702970297	0.0	0.0
19	1	1	0	0.0	0.0	0.0	0.0	0.191011235955
20	1	1	0	0.0	0.0	0.0	0.0	0.0
21	1	1	0	0.0	0.254545454545	0.0	0.111111111111	0.160377358491
22	1	1	0	0.0	0.0	0.0	0.0	0.0
23	1	1	0	0.0	0.197674418605	0.0	0.171717171717	0.0760869565217
24	1	1	0	0.5	0.491379310345	0.264367816092	0.551724137931	0.525252525253
25	1	1	0	0.0	0.182795698925	0.0	0.279569892473	0.153846153846
26	1	1	0	0.0	0.0	0.0	0.317647058824	0.188888888889
27	1	1	0	0.310344827586	0.0	0.0	0.0	0.0
28	1	1	0	0.0	0.178947368421	0.0	0.0	0.0
29	1	1	0	0.0	0.0	0.0	0.0	0.120481927711
30	1	1	0	0.0	0.0	0.0	0.0	0.0
31	1	1	0	0.0	0.20618556701	0.0	0.0	0.0
32	1	1	0	0.0	0.0	0.0	0.0	0.0
33	1	1	0	0.0	0.190909090909	0.0	0.195652173913	0.15306122449
34	1	1	0	0.0	0.0	0.0	0.0	0.0
35	1	1	0	0.0	0.0	0.0	0.0	0.0
36	1	1	0	0.53488372093	0.511363636364	0.542553191489	0.595238095238	0.537735849057
37	1	1	0	0.0	0.0	0.0	0.0	0.0
38	1	1	0	0.469387755102	0.473684210526	0.285714285714	0.471153846154	0.485981308411
39	1	1	0	0.216494845361	0.0	0.0	0.0	0.0
40	1	1	0	0.564356435644	0.441176470588	0.277777777778	0.447368421053	0.546391752577
41	1	1	0	0.513043478261	0.517543859649	0.282828282828	0.556818181818	0.483146067416
42	1	1	0	0.0	0.0	0.0	0.0	0.0
43	1	1	0	0.0	0.0	0.0	0.0	0.0
44	1	1	0	0.292452830189	0.0	0.0	0.0	0.0
45	1	1	0	0.0	0.13829787234	0.0	0.0	0.0
46	1	1	0	0.0	0.0	0.0	0.0	0.0
47	1	1	0	0.0	0.0	0.163043478261	0.0	0.0
48	1	1	0	0.0	0.0	0.0	0.0	0.0
49	1	1	0	0.0	0.0	0.0	0.0	0.0
50	1	1	0	0.0	0.0	0.0	0.0	0.0
51	1	1	0	0.0	0.0	0.0	0.0	0.0
52	1	1	0	0.0	0.126436781609	0.0	0.0	0.0
53	1	1	0	0.0	0.219512195122	0.0	0.11	0.133333333333
54	1	1	0	0.0	0.0	0.210526315789	0.0	0.0
55	1	1	0	0.0	0.188888888889	0.0	0.186274509804	0.125
56	1	1	0	0.0	0.0	0.0	0.0	0.102040816327
57	1	1	0	0.0	0.0	0.0	0.0	0.148936170213
58	1	1	0	0.0	0.149425287356	0.0	0.204545454545	0.0693069306931
59	1	1	0	0.541666666667	0.450980392157	0.311926605505	0.563218390805	0.472727272727
60	1	1	0	0.0	0.0	0.0	0.0	0.0
61	1	1	0	0.0	0.0	0.0	0.0	0.1
62	1	1	0	0.552941176471	0.0	0.11	0.0	0.0
63	1	1	0	0.0	0.0	0.0	0.0	0.0
64	1	1	0	0.0	0.212121212121	0.0	0.225225225225	0.102040816327
65	1	1	0	0.0	0.0	0.0	0.0	0.0
66	1	1	0	0.0	0.0	0.0	0.0	0.0
67	1	1	0	0.0	0.173076923077	0.0	0.195652173913	0.147727272727
68	1	1	0	0.0	0.0	0.0	0.0	0.0
69	1	1	0	0.0	0.0	0.0	0.0	0.0
70	1	1	0	0.0	0.0	0.0	0.0	0.0
71	1	1	0	0.0	0.0	0.0	0.0	0.0
72	1	1	0	0.0	0.0	0.0	0.0	0.0
73	1	1	0	0.0	0.0	0.166666666667	0.0	0.0
74	1	1	0	0.0	0.180952380952	0.0	0.228260869565	0.306930693069
75	1	1	0	0.483870967742	0.504761904762	0.306818181818	0.576271186441	0.45045045045
76	1	1	0	0.0	0.223300970874	0.0	0.168224299065	0.117021276596
77	1	1	0	0.0	0.0	0.0	0.292929292929	0.132075471698
78	1	1	0	0.0	0.10752688172	0.0	0.0	0.0
79	1	1	0	0.0	0.0	0.0	0.0	0.0
80	1	1	0	0.0	0.275229357798	0.0	0.181034482759	0.125
81	1	1	0	0.299065420561	0.0	0.0	0.0	0.0
82	1	1	0	0.545454545455	0.581395348837	0.3125	0.530120481928	0.495495495495
83	1	1	0	0.0	0.0	0.0	0.346153846154	0.189189189189
84	1	1	0	0.0	0.0	0.0	0.0	0.127450980392
85	1	1	0	0.0	0.0	0.0	0.0	0.0
86	1	1	0	0.0	0.0	0.0	0.0	0.156862745098
87	1	1	0	0.0	0.224299065421	0.0	0.185185185185	0.125
88	1	1	0	0.0	0.214285714286	0.0	0.168224299065	0.0740740740741
89	1	1	0	0.0	0.0660377358491	0.0	0.0	0.0
90	1	1	0	0.0	0.151785714286	0.0	0.175824175824	0.127118644068
91	1	1	0	0.418604651163	0.455357142857	0.265306122449	0.456896551724	0.515463917526
92	1	1	0	0.0	0.207547169811	0.0	0.180952380952	0.152941176471
93	1	1	0	0.0	0.0	0.0	0.247311827957	0.115702479339
94	1	1	0	0.0	0.139784946237	0.0	0.225806451613	0.0918367346939
95	1	1	0	0.5	0.514285714286	0.28813559322	0.537634408602	0.48
96	1	1	0	0.0	0.0	0.0	0.0	0.0
97	1	1	0	0.473684210526	0.508474576271	0.317757009346	0.477477477477	0.5
98	1	1	0	0.0	0.0	0.158878504673	0.0	0.0
99	1	1	0	0.0	0.0	0.0	0.0	0.0
100	1	1	0	0.0	0.137254901961	0.0	0.233644859813	0.136842105263
101	1	1	0	0.0	0.0	0.21359223301	0.0	0.0
102	1	1	0	0.0	0.11	0.0	0.0	0.0
103	1	1	0	0.0	0.182795698925	0.0	0.210526315789	0.132743362832
104	1	1	0	0.0	0.0	0.0	0.0	0.0
105	1	1	0	0.0	0.0900900900901	0.0	0.0	0.0
106	1	1	0	0.0	0.0	0.0	0.0	0.0
107	1	1	0	0.0	0.157024793388	0.0	0.0	0.0
108	1	1	0	0.0	0.0	0.180952380952	0.0	0.0
109	1	1	0	0.0	0.0	0.0	0.0	0.0
110	1	1	0	0.0	0.182795698925	0.0	0.193548387097	0.308641975309
111	1	1	0	0.0	0.0	0.0	0.0	0.0
112	1	1	0	0.0	0.0	0.0	0.0	0.147058823529
113	1	1	0	0.464646464646	0.484848484848	0.536082474227	0.471698113208	0.548076923077
114	1	1	0	0.448275862069	0.509259259259	0.271844660194	0.517543859649	0.5078125
115	1	1	0	0.0	0.113636363636	0.0	0.0	0.0
116	1	1	0	0.0	0.162790697674	0.0	0.0	0.0
117	1	1	0	0.0	0.163265306122	0.0	0.172413793103	0.220183486239
118	1	1	0	0.0	0.0	0.0	0.0	0.0
119	1	1	0	0.563829787234	0.5	0.234782608696	0.5	0.628571428571
120	1	1	0	0.0	0.163265306122	0.0	0.214285714286	0.114285714286
121	1	1	0	0.277227722772	0.0	0.0	0.0	0.0
122	1	1	0	0.46875	0.572727272727	0.284403669725	0.583333333333	0.436781609195
123	1	1	0	0.0	0.0	0.0	0.0	0.0
124	1	1	0	0.545454545455	0.552380952381	0.30303030303	0.4375	0.565217391304
125	1	1	0	0.0	0.0	0.0	0.0	0.0
126	1	1	0	0.0	0.0	0.0	0.0	0.0
127	1	1	0	0.0	0.254901960784	0.0	0.152380952381	0.131868131868
128	1	1	0	0.0	0.0	0.0	0.361445783133	0.223404255319
129	1	1	0	0.0	0.0	0.0	0.0	0.0
130	1	1	0	0.0	0.10989010989	0.0	0.207920792079	0.155963302752
131	1	1	0	0.0	0.0	0.177083333333	0.0	0.0
132	1	1	0	0.0	0.0	0.0	0.0	0.0
133	1	1	0	0.0	0.2	0.0	0.19801980198	0.188888888889
134	1	1	0	0.282051282051	0.0	0.0	0.0	0.0
135	1	1	0	0.0	0.2	0.0	0.257142857143	0.119658119658
136	1	1	0	0.0	0.177083333333	0.0	0.179245283019	0.10752688172
137	1	1	0	0.0	0.0	0.0	0.0	0.0
138	1	1	0	0.479166666667	0.5	0.387096774194	0.564356435644	0.51
139	1	1	0	0.483050847458	0.485436893204	0.495238095238	0.553398058252	0.543209876543
140	1	1	0	0.0	0.0	0.0	0.0	0.122807017544
141	1	1	0	0.0	0.0	0.0	0.0	0.0
142	1	1	0	0.0	0.0	0.0	0.0	0.0
143	1	1	0	0.0	0.0	0.0	0.0	0.0
144	1	1	0	0.0	0.0	0.0	0.0	0.0
145	1	1	0	0.0	0.0	0.0	0.0	0.204819277108
146	1	1	0	0.0	0.0	0.0	0.0	0.204301075269
147	1	1	0	0.0	0.0	0.0	0.0	0.0
148	1	1	0	0.0	0.0	0.0	0.0	0.0
149	1	1	0	0.0	0.0	0.0	0.0	0.0990099009901
150	1	1	0	0.258928571429	0.0	0.0	0.0	0.0
151	1	1	0	0.0	0.210526315789	0.0	0.166666666667	0.173913043478
152	1	1	0	0.0	0.0	0.0	0.0	0.0
153	1	1	0	0.0	0.252173913043	0.0	0.203539823009	0.155339805825
154	1	1	0	0.0	0.0	0.0	0.0	0.0
155	1	1	0	0.0	0.0	0.0	0.0	0.0
156	1	1	0	0.0	0.115384615385	0.0	0.0	0.0
157	1	1	0	0.508928571429	0.576086956522	0.326086956522	0.433962264151	0.515463917526
158	1	1	0	0.0	0.194690265487	0.0	0.13	0.173469387755
159	1	1	0	0.471264367816	0.414893617021	0.451612903226	0.519230769231	0.477272727273
160	1	1	0	0.0	0.119565217391	0.0	0.0	0.0
161	1	1	0	0.0	0.280898876404	0.0	0.18691588785	0.12
162	1	1	0	0.0	0.0	0.0	0.0	0.122448979592
163	1	1	0	0.0	0.0	0.0	0.0	0.0
164	1	1	0	0.252747252747	0.0	0.0	0.0	0.0
165	1	1	0	0.0	0.258823529412	0.0	0.18018018018	0.103773584906
166	1	1	0	0.0	0.0	0.0	0.0	0.0
167	1	1	0	0.0	0.227722772277	0.0	0.235294117647	0.0941176470588
168	1	1	0	0.184782608696	0.0	0.0	0.0	0.0
169	1	1	0	0.0	0.352380952381	0.0	0.413043478261	0.408695652174
170	1	1	0	0.448979591837	0.444444444444	0.290909090909	0.545454545455	0.477477477477
171	1	1	0	0.0	0.185567010309	0.0	0.274509803922	0.147058823529
172	1	1	0	0.0	0.0	0.0	0.0	0.0
173	1	1	0	0.0	0.0	0.0	0.0	0.0
174	1	1	0	0.0	0.313253012048	0.0	0.2	0.19801980198
175	1	1	0	0.0	0.301886792453	0.0	0.186274509804	0.129411764706
176	1	1	0	0.0	0.202127659574	0.0	0.0	0.0
177	1	1	0	0.0	0.134146341463	0.0	0.0	0.0
178	1	1	0	0.428571428571	0.552941176471	0.111111111111	0.387755102041	0.478723404255
179	1	1	0	0.0	0.0	0.186046511628	0.0	0.0
180	1	1	0	0.0	0.0	0.0	0.0	0.0
181	1	1	0	0.0	0.0	0.0	0.0	0.0
182	1	1	0	0.0	0.208791208791	0.0	0.155339805825	0.209523809524
183	1	1	0	0.289473684211	0.0	0.0	0.0	0.0
184	1	1	0	0.0	0.0	0.0	0.0	0.0967741935484
185	1	1	0	0.0	0.1875	0.0	0.127659574468	0.125
186	1	1	0	0.549450549451	0.41935483871	0.534653465347	0.436170212766	0.490196078431
187	1	1	0	0.546511627907	0.638095238095	0.259615384615	0.504761904762	0.469879518072
188	1	1	0	0.0	0.290697674419	0.0	0.178571428571	0.0865384615385
189	1	1	0	0.302521008403	0.0	0.0	0.0	0.0
190	1	1	0	0.515789473684	0.505154639175	0.257425742574	0.441441441441	0.384615384615
191	1	1	0	0.336448598131	0.0	0.0	0.0	0.0
192	1	1	0	0.0	0.0	0.0	0.252525252525	0.154545454545
193	1	1	0	0.0	0.0	0.0	0.0	0.0
194	1	1	0	0.0	0.146551724138	0.0	0.258823529412	0.19387755102
195	1	1	0	0.0	0.0	0.0	0.0	0.112068965517
196	1	1	0	0.220338983051	0.0	0.0	0.0	0.0
197	1	1	0	0.217821782178	0.0	0.0	0.0	0.0
198	1	1	0	0.489795918367	0.458333333333	0.45	0.458333333333	0.586206896552
199	1	1	0	0.0	0.173469387755	0.0	0.179245283019	0.130952380952
200	1	1	0	0.434782608696	0.474137931034	0.266666666667	0.472727272727	0.418367346939
