#chr	position	description	normal	sample0	sample1	sample2	sample3	sample4
1	1	1	0	0.0	0.0	0.0	0.0	0.294117647059
2	1	1	0	0.0	0.0	0.0	0.0	0.0
3	1	1	0	0.583333333333	0.464646464646	0.505376344086	0.56880733945	0.29702970297
4	1	1	0	0.0	0.0	0.0	0.0	0.0
5	1	1	0	0.0	0.0	0.0	0.0	0.0
6	1	1	0	0.596153846154	0.460674157303	0.494117647059	0.579545454545	0.215909090909
7	1	1	0	0.0	0.0	0.0	0.0	0.0
8	1	1	0	0.0	0.0	0.0	0.0	0.0
9	1	1	0	0.483870967742	0.132075471698	0.0	0.505747126437	0.168421052632
10	1	1	0	0.0	0.0	0.0	0.0	0.0
11	1	1	0	0.0	0.0	0.0	0.0	0.191919191919
12	1	1	0	0.537634408602	0.245098039216	0.0	0.450381679389	0.166666666667
13	1	1	0	0.0	0.393617021277	0.297619047619	0.0	0.0
14	1	1	0	0.307692307692	0.0	0.0	0.0	0.0
15	1	1	0	0.0	0.0	0.0	0.0	0.0
16	1	1	0	0.0	0.0	0.0	0.0	0.0
17	1	1	0	0.0	0.0	0.0	0.0	0.229357798165
18	1	1	0	0.0	0.0	0.0	0.0	0.0
19	1	1	0	0.543689320388	0.436170212766	0.433333333333	0.456310679612	0.272727272727
20	1	1	0	0.0	0.0	0.0	0.0	0.0
21	1	1	0	0.0	0.0	0.0	0.261261261261	0.0
22	1	1	0	0.0	0.144444444444	0.0	0.0	0.0
23	1	1	0	0.0	0.0	0.0	0.0	0.0
24	1	1	0	0.0	0.0	0.0	0.0	0.211111111111
25	1	1	0	0.0	0.0	0.0	0.0	0.0
26	1	1	0	0.0	0.204545454545	0.0	0.0	0.0
27	1	1	0	0.0	0.0	0.0	0.0	0.0
28	1	1	0	0.508620689655	0.494252873563	0.466019417476	0.465346534653	0.285714285714
29	1	1	0	0.460784313725	0.547368421053	0.48	0.536842105263	0.233333333333
30	1	1	0	0.0	0.0	0.0	0.0	0.0
31	1	1	0	0.0	0.0	0.0	0.0	0.168316831683
32	1	1	0	0.0	0.0	0.0	0.0	0.0
33	1	1	0	0.0	0.0	0.0	0.0	0.213483146067
34	1	1	0	0.0	0.0	0.0	0.0	0.0
35	1	1	0	0.0	0.0	0.0	0.0	0.0
36	1	1	0	0.546391752577	0.153153153153	0.0	0.522222222222	0.155555555556
37	1	1	0	0.455445544554	0.494949494949	0.511363636364	0.494845360825	0.27380952381
38	1	1	0	0.0	0.0	0.0	0.0	0.0
39	1	1	0	0.0	0.0	0.0	0.0	0.0
40	1	1	0	0.0	0.0	0.0	0.0	0.0
41	1	1	0	0.0	0.193548387097	0.0	0.0	0.0
42	1	1	0	0.0	0.0	0.0	0.0	0.0
43	1	1	0	0.0	0.0	0.0	0.0	0.0
44	1	1	0	0.0	0.0	0.0	0.0	0.0
45	1	1	0	0.0	0.166666666667	0.0	0.0	0.0
46	1	1	0	0.0	0.0	0.0	0.0	0.0
47	1	1	0	0.0	0.0	0.0	0.0	0.172727272727
48	1	1	0	0.0	0.0	0.0	0.0	0.0
49	1	1	0	0.0	0.0	0.0	0.0	0.180722891566
50	1	1	0	0.0	0.189189189189	0.0	0.0	0.0
51	1	1	0	0.0	0.0	0.0	0.0	0.0
52	1	1	0	0.0	0.0	0.0	0.0	0.152173913043
53	1	1	0	0.0	0.0	0.0	0.0	0.189655172414
54	1	1	0	0.0	0.0	0.0	0.0	0.0
55	1	1	0	0.0	0.0	0.0	0.0	0.0
56	1	1	0	0.0	0.0	0.0	0.0	0.197916666667
57	1	1	0	0.0	0.0	0.0	0.0	0.189655172414
58	1	1	0	0.523255813953	0.494736842105	0.489583333333	0.5	0.27
59	1	1	0	0.0	0.0	0.0	0.228571428571	0.0
60	1	1	0	0.0	0.0	0.0	0.0	0.209302325581
61	1	1	0	0.597701149425	0.18085106383	0.0	0.512605042017	0.105263157895
62	1	1	0	0.0	0.0	0.0	0.0	0.0
63	1	1	0	0.0	0.0	0.0	0.0	0.297872340426
64	1	1	0	0.0	0.0	0.0	0.0	0.159292035398
65	1	1	0	0.0	0.214876033058	0.0	0.0	0.0
66	1	1	0	0.0	0.0	0.0	0.0	0.0
67	1	1	0	0.555555555556	0.490384615385	0.558558558559	0.517857142857	0.313131313131
68	1	1	0	0.0	0.0	0.0	0.0	0.190909090909
69	1	1	0	0.0	0.0	0.0	0.0	0.0
70	1	1	0	0.0	0.0	0.0	0.0	0.10101010101
71	1	1	0	0.0	0.0	0.0	0.0	0.0
72	1	1	0	0.0	0.0	0.0	0.0	0.0
73	1	1	0	0.52688172043	0.26	0.0	0.591397849462	0.153846153846
74	1	1	0	0.0	0.203703703704	0.0	0.0	0.0
75	1	1	0	0.0	0.0	0.0	0.0	0.0
76	1	1	0	0.0	0.0	0.0	0.0	0.0
77	1	1	0	0.0	0.0	0.0	0.0	0.0
78	1	1	0	0.549450549451	0.52380952381	0.482456140351	0.5	0.422680412371
79	1	1	0	0.0	0.0	0.0	0.0	0.0
80	1	1	0	0.0	0.0	0.0	0.151162790698	0.0
81	1	1	0	0.0	0.0	0.0	0.0	0.0
82	1	1	0	0.0	0.0	0.0	0.0	0.185567010309
83	1	1	0	0.0	0.25	0.241379310345	0.0	0.0
84	1	1	0	0.0	0.131868131868	0.0	0.0	0.0
85	1	1	0	0.0	0.27027027027	0.0	0.0	0.0
86	1	1	0	0.551401869159	0.148514851485	0.0	0.467391304348	0.137614678899
87	1	1	0	0.0	0.0	0.0	0.0	0.0
88	1	1	0	0.0	0.0	0.0	0.0	0.0
89	1	1	0	0.0	0.0	0.0	0.229166666667	0.0
90	1	1	0	0.0	0.237113402062	0.0	0.0	0.0
91	1	1	0	0.0	0.0	0.0	0.0	0.0
92	1	1	0	0.0	0.198347107438	0.0	0.427083333333	0.0
93	1	1	0	0.555555555556	0.551020408163	0.47	0.494845360825	0.278350515464
94	1	1	0	0.0	0.0	0.0	0.0	0.0
95	1	1	0	0.0	0.0	0.0	0.252631578947	0.0
96	1	1	0	0.0	0.0	0.0	0.0	0.28
97	1	1	0	0.0	0.0	0.0	0.0	0.0
98	1	1	0	0.447619047619	0.531914893617	0.439252336449	0.458333333333	0.296296296296
99	1	1	0	0.0	0.0	0.0	0.0	0.0
100	1	1	0	0.0	0.207920792079	0.0	0.439024390244	0.0
101	1	1	0	0.537634408602	0.21686746988	0.0	0.402173913043	0.15
102	1	1	0	0.0	0.0	0.0	0.0	0.0
103	1	1	0	0.0	0.0	0.0	0.191489361702	0.0
104	1	1	0	0.0	0.264705882353	0.324786324786	0.0	0.0
105	1	1	0	0.0	0.0	0.0	0.0	0.230769230769
106	1	1	0	0.46875	0.519230769231	0.578947368421	0.509259259259	0.305263157895
107	1	1	0	0.518181818182	0.21568627451	0.0	0.65	0.127659574468
108	1	1	0	0.0	0.0	0.0	0.0	0.0
109	1	1	0	0.0	0.0	0.0	0.0	0.0
110	1	1	0	0.0	0.0	0.0	0.0	0.0
111	1	1	0	0.464646464646	0.192307692308	0.0	0.52808988764	0.145833333333
112	1	1	0	0.0	0.0	0.0	0.0	0.16091954023
113	1	1	0	0.0	0.322222222222	0.322580645161	0.0	0.0
114	1	1	0	0.0	0.0	0.0	0.0	0.0
115	1	1	0	0.0	0.0	0.0	0.0	0.0
116	1	1	0	0.619565217391	0.536363636364	0.5	0.5	0.29
117	1	1	0	0.0	0.299145299145	0.326315789474	0.0	0.0
118	1	1	0	0.0	0.0	0.0	0.305555555556	0.0
119	1	1	0	0.0	0.184466019417	0.0	0.0	0.0
120	1	1	0	0.0	0.0	0.0	0.0	0.0
121	1	1	0	0.0	0.0	0.0	0.0	0.0
122	1	1	0	0.0	0.0	0.0	0.0	0.0
123	1	1	0	0.0	0.0	0.0	0.0	0.0
124	1	1	0	0.0	0.176991150442	0.0	0.0	0.0
125	1	1	0	0.0	0.0	0.0	0.204545454545	0.0
126	1	1	0	0.0	0.0	0.0	0.0	0.0
127	1	1	0	0.0	0.0	0.0	0.252631578947	0.0
128	1	1	0	0.444444444444	0.55	0.542553191489	0.490196078431	0.344827586207
129	1	1	0	0.0	0.0	0.0	0.0	0.0
130	1	1	0	0.0	0.0	0.0	0.0	0.0
131	1	1	0	0.0	0.0	0.0	0.0	0.218181818182
132	1	1	0	0.0	0.0	0.0	0.0	0.237113402062
133	1	1	0	0.604166666667	0.382352941176	0.509615384615	0.505617977528	0.228571428571
134	1	1	0	0.0	0.158415841584	0.0	0.0	0.0
135	1	1	0	0.490566037736	0.231481481481	0.0	0.550458715596	0.174757281553
136	1	1	0	0.0	0.283185840708	0.0	0.516129032258	0.0
137	1	1	0	0.0	0.0	0.0	0.0	0.19
138	1	1	0	0.584158415842	0.518518518519	0.581632653061	0.56	0.336363636364
139	1	1	0	0.0	0.182795698925	0.0	0.0	0.0
140	1	1	0	0.49504950495	0.457142857143	0.545454545455	0.510638297872	0.170212765957
141	1	1	0	0.0	0.0	0.0	0.0	0.0
142	1	1	0	0.0	0.0	0.0	0.0	0.280898876404
143	1	1	0	0.0	0.0	0.0	0.0	0.0
144	1	1	0	0.463414634146	0.558823529412	0.5	0.466019417476	0.333333333333
145	1	1	0	0.0	0.0	0.0	0.0	0.0
146	1	1	0	0.0	0.0	0.0	0.0	0.0
147	1	1	0	0.494252873563	0.530612244898	0.5	0.520833333333	0.314606741573
148	1	1	0	0.0	0.193181818182	0.0	0.0	0.0
149	1	1	0	0.0	0.0	0.0	0.0	0.0
150	1	1	0	0.0	0.0	0.0	0.0	0.0
151	1	1	0	0.0	0.0	0.0	0.0	0.0
152	1	1	0	0.585106382979	0.545454545455	0.5	0.571428571429	0.351063829787
153	1	1	0	0.0	0.0	0.0	0.0	0.0
154	1	1	0	0.0	0.0	0.0	0.0	0.181818181818
155	1	1	0	0.0	0.0	0.0	0.0	0.0
156	1	1	0	0.0	0.0	0.0	0.0	0.182795698925
157	1	1	0	0.0	0.0	0.0	0.0	0.126126126126
158	1	1	0	0.0	0.0	0.0	0.0	0.0
159	1	1	0	0.516129032258	0.590476190476	0.52688172043	0.522727272727	0.295918367347
160	1	1	0	0.0	0.0	0.0	0.0	0.0
161	1	1	0	0.0	0.0	0.0	0.0	0.0
162	1	1	0	0.0	0.0	0.0	0.0	0.186813186813
163	1	1	0	0.0	0.0	0.0	0.185185185185	0.0
164	1	1	0	0.0	0.0	0.0	0.0	0.0
165	1	1	0	0.0	0.0	0.0	0.0	0.0
166	1	1	0	0.0	0.0	0.0	0.0	0.0
167	1	1	0	0.0	0.0	0.0	0.0	0.0
168	1	1	0	0.0	0.344827586207	0.244444444444	0.0	0.0
169	1	1	0	0.0	0.0	0.0	0.0	0.0
170	1	1	0	0.0	0.0	0.0	0.0	0.0
171	1	1	0	0.0	0.0	0.0	0.0	0.0
172	1	1	0	0.0	0.231404958678	0.0	0.0	0.0
173	1	1	0	0.572916666667	0.526315789474	0.588235294118	0.453488372093	0.465346534653
174	1	1	0	0.0	0.225806451613	0.0	0.0	0.0
175	1	1	0	0.0	0.0	0.0	0.0	0.108910891089
176	1	1	0	0.0	0.216666666667	0.0	0.451327433628	0.0
177	1	1	0	0.0	0.0	0.0	0.0	0.163265306122
178	1	1	0	0.0	0.0	0.0	0.260416666667	0.0
179	1	1	0	0.0	0.0	0.0	0.0	0.0
180	1	1	0	0.0	0.237113402062	0.0	0.0	0.0
181	1	1	0	0.0	0.0	0.0	0.0	0.0
182	1	1	0	0.0	0.176470588235	0.0	0.417582417582	0.0
183	1	1	0	0.0	0.194174757282	0.0	0.0	0.0
184	1	1	0	0.0	0.0	0.0	0.0	0.272727272727
185	1	1	0	0.0	0.0	0.0	0.0	0.0
186	1	1	0	0.0	0.0	0.0	0.0	0.0
187	1	1	0	0.421568627451	0.494949494949	0.509803921569	0.56862745098	0.324074074074
188	1	1	0	0.0	0.0	0.0	0.0	0.229885057471
189	1	1	0	0.0	0.225806451613	0.0	0.0	0.0
190	1	1	0	0.0	0.0	0.0	0.0	0.0
191	1	1	0	0.0	0.0	0.0	0.0	0.0
192	1	1	0	0.0	0.0	0.0	0.0	0.221153846154
193	1	1	0	0.0	0.0	0.0	0.0	0.0
194	1	1	0	0.0	0.0	0.0	0.0	0.0
195	1	1	0	0.0	0.0	0.0	0.0	0.0
196	1	1	0	0.0	0.0	0.0	0.0	0.252631578947
197	1	1	0	0.0	0.0	0.0	0.0	0.0
198	1	1	0	0.0	0.0	0.0	0.0	0.184466019417
199	1	1	0	0.0	0.0	0.0	0.237113402062	0.0
200	1	1	0	0.0	0.0	0.0	0.0	0.0
