Chromosome	Position	Change	Gene	sample0	sample1	sample2	sample3	sample4	sample5	sample6	sample7	sample8	sample9
1	0	G>T	1	957	1001	949	991	990	958	1046	966	1013	968
1	1	A>T	1	1009	1018	1017	1057	953	958	957	1042	1016	979
1	2	T>G	1	974	1001	989	1001	998	941	1020	1040	1035	990
1	3	A>T	1	1026	976	1037	979	971	1008	1067	1050	999	928
1	4	C>T	1	928	1040	1038	909	1005	1040	984	1005	1000	1014
1	5	C>T	1	983	1004	1003	967	994	978	1010	986	1040	1008
1	6	A>T	1	991	997	996	979	1056	1036	1016	1018	984	1016
1	7	A>T	1	1018	937	1033	1005	977	1051	984	945	964	1004
1	8	T>A	1	947	960	997	949	1020	958	1008	989	993	913
1	9	C>A	1	939	986	992	966	972	1008	974	971	1046	992
1	10	T>C	1	1031	997	981	1010	1034	944	944	1027	1025	974
1	11	C>A	1	1028	985	987	988	1009	1018	1012	998	1034	984
1	12	A>G	1	1011	980	1029	1013	925	1021	971	1042	1041	1022
1	13	T>G	1	978	1024	1012	954	1002	1015	1029	1008	995	991
1	14	T>G	1	1035	981	992	1008	1017	997	996	948	1041	1042
1	15	C>A	1	1007	1014	963	989	958	1006	986	1052	1002	973
1	16	T>A	1	997	985	1004	994	947	1035	968	1019	985	1021
1	17	A>T	1	1029	1015	993	995	964	973	1044	1005	1012	1013
1	18	G>C	1	983	1026	1040	949	1080	996	1036	997	1071	967
1	19	C>A	1	981	1044	946	974	982	1014	1025	986	1003	966
1	20	T>C	1	1005	1003	1017	1029	1028	973	964	987	1000	979
1	21	T>G	1	984	1022	1021	1071	978	968	997	1020	1004	1009
1	22	A>G	1	940	1059	1010	994	954	979	1040	993	976	1028
1	23	G>C	1	976	976	992	963	1011	978	1002	1059	972	976
1	24	G>C	1	950	1029	955	988	992	958	984	1056	986	992
1	25	C>A	1	984	988	964	986	1022	1052	997	1015	998	942
1	26	G>T	1	998	988	941	1013	996	1038	1015	945	984	1065
1	27	C>A	1	955	1020	991	1003	941	968	1024	1051	994	989
1	28	T>A	1	1059	1002	1000	991	994	1014	984	983	1007	969
1	29	C>A	1	1014	1031	1029	1009	1002	956	1056	972	996	1044
1	30	T>A	1	1014	1004	1042	1006	978	954	1010	944	980	979
1	31	C>T	1	1049	1027	1017	996	965	989	968	1066	989	969
1	32	T>A	1	1031	982	978	970	954	949	946	1024	993	1054
1	33	G>T	1	996	912	1061	963	1007	946	985	1048	1036	995
1	34	C>T	1	1017	1023	998	1056	1015	989	1005	952	991	990
1	35	A>T	1	1015	1016	976	953	993	997	992	1043	1016	1008
1	36	T>C	1	1029	993	1041	1013	1021	969	962	995	1016	974
1	37	A>T	1	1005	1051	1060	961	967	985	1055	991	1015	1038
1	38	C>A	1	967	989	982	988	973	962	1028	985	1092	969
1	39	C>G	1	1019	1018	945	1009	980	999	1040	997	976	991
1	40	T>A	1	970	1056	996	1002	1008	1030	1007	1040	973	1061
1	41	C>G	1	1020	1038	1031	992	951	1019	991	1021	1023	981
1	42	C>A	1	1040	1035	982	930	991	1047	1001	988	992	1015
1	43	G>C	1	984	961	963	1034	970	1006	987	1020	1006	1033
1	44	T>A	1	985	1025	964	1038	1061	984	1041	1020	955	989
1	45	A>G	1	1013	973	1010	981	1021	1029	962	1012	983	1003
1	46	G>C	1	1024	990	1049	978	963	944	994	977	948	996
1	47	G>C	1	1025	1045	951	1014	1027	1045	988	1022	1012	1030
1	48	T>C	1	1075	1034	978	961	1037	1029	978	990	968	990
1	49	C>G	1	985	1002	991	1021	1011	961	1031	1026	1013	1009
1	50	G>T	1	1006	1023	994	972	967	1032	992	991	962	1000
1	51	T>A	1	1003	1055	946	979	1015	985	1007	1007	996	980
1	52	T>G	1	998	1076	989	954	976	951	1013	992	1013	984
1	53	A>G	1	1019	1027	1048	1038	1055	1041	1006	1006	1002	1014
1	54	C>G	1	1027	995	977	961	979	956	1021	1054	1007	979
1	55	C>A	1	1021	925	912	1001	1063	963	1009	1036	987	1019
1	56	G>T	1	1024	970	1003	1078	1032	977	966	973	1018	997
1	57	G>T	1	998	1034	1017	990	932	1009	1042	972	1030	954
1	58	G>T	1	1055	1054	990	1005	1018	1060	989	1013	1010	972
1	59	T>C	1	969	987	986	1008	1001	1017	1008	1035	981	1045
1	60	T>G	1	1040	998	964	938	960	994	970	990	997	1015
1	61	A>C	1	1019	1026	991	1062	965	1000	990	977	988	1038
1	62	A>T	1	979	999	984	983	1001	995	1013	998	968	978
1	63	G>T	1	952	961	988	1063	973	1022	973	991	1009	1030
1	64	G>C	1	970	1017	1015	1048	1002	1041	1041	1028	1012	983
1	65	A>G	1	1012	943	1010	991	1037	968	1041	1005	1031	967
1	66	G>A	1	1001	1017	973	937	973	968	1026	981	996	1033
1	67	G>A	1	999	1014	1061	1009	994	1023	1049	948	1003	999
1	68	T>G	1	975	976	962	1015	985	1020	1045	1058	963	1016
1	69	C>A	1	1066	1011	1069	1015	956	975	985	994	1068	1029
1	70	T>A	1	1011	1024	1025	1032	1015	980	983	958	953	1020
1	71	T>G	1	998	1020	1008	1026	963	985	995	960	1014	1009
1	72	G>C	1	1044	973	1010	989	970	971	977	925	969	1052
1	73	C>A	1	968	973	972	971	969	988	982	1013	1045	968
1	74	A>C	1	987	1041	1024	1021	948	1002	1061	965	995	1026
1	75	C>A	1	1040	1021	1052	1022	1004	944	1011	1044	1005	1014
1	76	C>T	1	1015	996	1032	930	990	992	952	1034	1025	1010
1	77	G>T	1	1083	961	1003	940	1030	1006	1006	1007	995	1013
1	78	C>A	1	981	1008	954	984	1056	1041	1029	1031	1018	1014
1	79	A>G	1	1012	980	956	951	973	957	1020	1041	1060	1001
1	80	C>T	1	1042	1002	1006	1009	952	1055	1012	1019	987	993
1	81	C>G	1	1033	942	1036	995	960	992	1031	1018	1028	918
1	82	G>A	1	970	1010	1006	989	1016	1009	974	1002	1017	975
1	83	G>C	1	1001	1074	979	1031	968	979	997	970	992	1006
1	84	T>A	1	984	961	992	921	983	981	992	1018	1000	965
1	85	G>T	1	1000	960	968	1087	986	1009	989	952	967	1004
1	86	C>G	1	983	1016	1001	1016	993	981	994	1003	1008	1020
1	87	A>G	1	999	978	1006	984	973	1014	966	1009	955	1027
1	88	A>T	1	1008	966	1032	1017	1003	1027	990	950	1032	998
1	89	T>A	1	966	1017	994	1018	976	1049	995	1024	1036	973
1	90	G>C	1	1005	995	984	1035	1008	1044	1021	970	996	1012
1	91	A>G	1	1025	994	993	984	969	1012	968	1031	968	990
1	92	C>A	1	1035	995	961	1000	1007	992	989	970	1041	971
1	93	C>A	1	966	956	1008	995	1022	985	1012	975	982	988
1	94	C>T	1	1022	966	1010	979	990	980	990	972	1015	1016
1	95	A>T	1	953	968	1033	987	986	989	1015	1035	1008	995
1	96	G>A	1	989	938	956	1042	992	1057	954	1029	1033	969
1	97	C>G	1	1024	1023	1002	990	1045	986	1006	1007	982	959
1	98	G>C	1	1007	1008	981	1056	1038	996	1027	992	960	1001
1	99	T>C	1	1055	1012	1037	1049	995	979	1056	1012	1004	993
