Chromosome	Position	Change	Gene	sample0	sample1	sample2	sample3	sample4	sample5	sample6	sample7	sample8	sample9
1	0	G>T	1	1184	0	0	0	1155	0	1378	0	0	0
1	1	C>T	1	0	1744	0	0	1414	0	0	1442	0	0
1	2	A>C	1	0	1362	1914	0	0	1060	0	1032	0	0
1	3	G>C	1	1787	0	3067	0	0	0	0	0	2319	1852
1	4	G>A	1	0	1330	1874	0	0	991	0	1086	0	0
1	5	C>G	1	0	0	0	0	0	0	0	0	0	0
1	6	C>T	1	1881	0	2987	0	0	0	0	0	2373	1842
1	7	A>T	1	0	1821	0	0	1450	0	0	1493	0	0
1	8	T>A	1	0	0	0	0	1105	985	1298	1036	0	1132
1	9	C>G	1	0	1766	0	0	1386	0	0	1421	0	0
1	10	T>C	1	0	1377	1985	0	0	1040	0	1111	0	0
1	11	G>A	1	0	0	0	0	0	0	0	0	0	0
1	12	G>A	1	1213	0	0	0	1142	0	1362	0	0	0
1	13	C>T	1	1115	0	0	0	1124	0	1300	0	0	0
1	14	A>T	1	1183	0	0	0	1082	0	1392	0	0	0
1	15	A>C	1	1840	0	3076	0	0	0	0	0	2356	1865
1	16	G>T	1	1143	0	0	0	1085	0	1360	0	0	0
1	17	A>C	1	0	0	0	0	0	0	0	0	0	0
1	18	C>A	1	1182	0	0	0	1170	0	1386	0	0	0
1	19	G>T	1	1151	0	0	0	1069	0	1375	0	0	0
1	20	A>G	1	0	0	0	0	0	0	0	0	0	0
1	21	T>A	1	0	1779	0	0	1447	0	0	1442	0	0
1	22	G>C	1	0	0	0	0	0	0	0	0	0	0
1	23	C>G	1	0	1386	1921	0	0	1022	0	1151	0	0
1	24	A>T	1	0	0	0	0	0	0	0	0	0	0
1	25	A>T	1	0	0	0	0	989	961	1282	1085	0	1149
1	26	G>C	1	0	0	0	0	0	0	0	0	0	0
1	27	A>C	1	2008	4973	1954	2772	2873	4106	0	2495	0	0
1	28	T>A	1	1201	0	0	0	1141	0	1349	0	0	0
1	29	T>G	1	1168	0	0	0	1158	0	1342	0	0	0
1	30	G>T	1	1170	0	0	0	1103	0	1333	0	0	0
1	31	C>G	1	0	1419	1937	0	0	982	0	1098	0	0
1	32	A>C	1	1137	0	0	0	1048	0	1282	0	0	0
1	33	T>C	1	0	1421	1943	0	0	994	0	1080	0	0
1	34	A>G	1	1162	0	0	0	1128	0	1342	0	0	0
1	35	A>C	1	0	0	0	2186	0	0	2269	1374	2612	1952
1	36	T>C	1	0	0	0	0	0	0	0	0	0	0
1	37	T>A	1	1197	0	0	0	1086	0	1335	0	0	0
1	38	T>A	1	1168	0	0	0	1053	0	1395	0	0	0
1	39	G>C	1	0	0	0	0	0	0	0	0	0	0
1	40	C>G	1	0	0	0	0	0	0	0	0	0	0
1	41	A>G	1	1829	0	2949	0	0	0	0	0	2386	1840
1	42	G>T	1	1229	0	0	0	1176	0	1327	0	0	0
1	43	G>A	1	1778	0	2972	0	0	0	0	0	2406	1828
1	44	G>C	1	0	1670	0	0	1418	0	0	1486	0	0
1	45	T>A	1	0	1818	0	0	1385	0	0	1352	0	0
1	46	T>G	1	0	0	0	0	0	0	0	0	0	0
1	47	T>G	1	0	1788	0	0	1404	0	0	1404	0	0
1	48	T>C	1	1188	0	0	0	1157	0	1329	0	0	0
1	49	G>T	1	0	0	0	2109	0	0	2370	1428	2645	1994
1	50	C>G	1	0	0	0	0	0	0	0	0	0	0
1	51	A>G	1	0	1771	0	0	1362	0	0	1416	0	0
1	52	T>C	1	0	0	0	0	0	0	0	0	0	0
1	53	C>G	1	1150	0	0	0	1118	0	1317	0	0	0
1	54	C>A	1	0	0	0	0	1032	994	1276	1025	0	1135
1	55	T>C	1	1186	0	0	0	1089	0	1315	0	0	0
1	56	A>T	1	1792	0	3048	0	0	0	0	0	2409	1816
1	57	T>G	1	0	1719	0	0	1352	0	0	1397	0	0
1	58	C>G	1	1143	0	0	0	1083	0	1329	0	0	0
1	59	G>A	1	1241	0	0	0	1112	0	1312	0	0	0
1	60	A>G	1	1771	0	3012	0	0	0	0	0	2442	1864
1	61	T>G	1	0	1776	0	0	1337	0	0	1433	0	0
1	62	A>T	1	0	0	0	0	0	0	0	0	0	0
1	63	G>C	1	0	1834	0	0	1356	0	0	1396	0	0
1	64	C>T	1	1125	0	0	0	1159	0	1356	0	0	0
1	65	G>A	1	0	1762	0	0	1438	0	0	1414	0	0
1	66	G>A	1	1148	0	0	0	1046	0	1340	0	0	0
1	67	T>A	1	0	0	0	0	0	0	0	0	0	0
1	68	A>C	1	1105	0	0	0	1138	0	1378	0	0	0
1	69	C>T	1	0	1414	1988	0	0	1076	0	1103	0	0
1	70	T>A	1	1176	0	0	0	1112	0	1422	0	0	0
1	71	A>G	1	0	0	0	0	0	0	0	0	0	0
1	72	C>T	1	0	1427	1956	0	0	997	0	1165	0	0
1	73	A>C	1	2037	1811	0	2881	1419	1726	0	1370	0	0
1	74	A>C	1	1176	0	0	0	1124	0	1345	0	0	0
1	75	T>C	1	1216	0	0	0	1068	0	1487	0	0	0
1	76	A>C	1	0	1455	1970	0	0	1005	0	1158	0	0
1	77	T>C	1	0	0	0	0	0	0	0	0	0	0
1	78	G>T	1	0	0	0	0	0	0	0	0	0	0
1	79	A>G	1	1774	0	3156	0	0	0	0	0	2449	1884
1	80	C>T	1	0	1353	2002	0	0	1041	0	1087	0	0
1	81	A>T	1	1147	0	0	0	1094	0	1379	0	0	0
1	82	G>C	1	1827	0	3038	0	0	0	0	0	2360	1781
1	83	G>C	1	0	0	0	0	1098	963	1306	1128	0	1152
1	84	G>C	1	0	0	0	0	1070	1008	1281	1085	0	1139
1	85	T>G	1	0	1788	0	0	1366	0	0	1422	0	0
1	86	C>G	1	0	1764	0	0	1508	0	0	1436	0	0
1	87	T>G	1	0	1805	0	0	1390	0	0	1358	0	0
1	88	A>C	1	0	1341	1893	0	0	1011	0	1121	0	0
1	89	C>T	1	1162	0	0	0	1113	0	1405	0	0	0
1	90	C>A	1	1175	0	0	0	1121	0	1397	0	0	0
1	91	T>C	1	0	0	0	0	0	0	0	0	0	0
1	92	A>T	1	0	0	0	0	0	0	0	0	0	0
1	93	G>A	1	0	0	0	2116	0	0	0	1432	0	0
1	94	A>G	1	1163	0	0	0	1092	0	1366	0	0	0
1	95	C>A	1	0	1726	0	0	1371	0	0	1428	0	0
1	96	A>T	1	1264	0	0	0	1091	0	1314	0	0	0
1	97	C>T	1	0	0	0	0	0	0	0	0	0	0
1	98	G>T	1	0	1410	2018	0	0	1024	0	1082	0	0
1	99	G>C	1	0	1346	1927	0	0	1037	0	1162	0	0
