#chr	normal	sample0	sample1	sample2	sample3	sample4
0	0	0.0	0.0	0.0	0.175925925926	0.0
1	0	0.0	0.0	0.0	0.0	0.0
2	0	0.0	0.0	0.333333333333	0.0	0.0
3	0	0.0	0.0	0.316239316239	0.0	0.0
4	0	0.0	0.0	0.201923076923	0.0	0.0
5	0	0.4375	0.394736842105	0.505154639175	0.479591836735	0.495798319328
6	0	0.0	0.0	0.0	0.0	0.0
7	0	0.201754385965	0.0	0.0	0.0	0.0
8	0	0.0	0.0	0.0	0.246913580247	0.0
9	0	0.0964912280702	0.0	0.0	0.0	0.0
10	0	0.166666666667	0.0	0.0	0.0	0.0
11	0	0.0	0.0	0.0	0.0697674418605	0.0
12	0	0.551401869159	0.504504504505	0.445652173913	0.551401869159	0.549180327869
13	0	0.0	0.0	0.0	0.0	0.0
14	0	0.146341463415	0.0636363636364	0.0	0.0	0.192660550459
15	0	0.490384615385	0.590909090909	0.408602150538	0.540540540541	0.452631578947
16	0	0.0	0.0	0.0	0.0	0.0
17	0	0.0	0.294736842105	0.168674698795	0.173913043478	0.0
18	0	0.152173913043	0.0	0.0	0.0	0.0
19	0	0.281818181818	0.121495327103	0.0	0.0	0.336633663366
20	0	0.0	0.0	0.177083333333	0.0	0.0
21	0	0.188679245283	0.106194690265	0.0	0.0	0.317073170732
22	0	0.459183673469	0.514285714286	0.571428571429	0.440860215054	0.484210526316
23	0	0.220183486239	0.158878504673	0.0	0.0	0.351063829787
24	0	0.0	0.0	0.0	0.176470588235	0.0
25	0	0.0	0.23595505618	0.232142857143	0.107142857143	0.0
26	0	0.0	0.0	0.0	0.0	0.0
27	0	0.369565217391	0.100917431193	0.0	0.0	0.330097087379
28	0	0.112244897959	0.0	0.0	0.0	0.0
29	0	0.0	0.424242424242	0.263736263736	0.114285714286	0.0
30	0	0.0	0.0	0.0	0.217821782178	0.0
31	0	0.0	0.0	0.241379310345	0.0	0.0
32	0	0.0	0.0	0.0	0.0	0.0
33	0	0.360465116279	0.0891089108911	0.0	0.0	0.32967032967
34	0	0.0	0.0	0.0	0.0	0.0
35	0	0.0	0.317307692308	0.2	0.205357142857	0.0
36	0	0.0	0.0	0.0	0.0	0.0
37	0	0.208333333333	0.0	0.0	0.0	0.0
38	0	0.0843373493976	0.0	0.0	0.0	0.0
39	0	0.0	0.409523809524	0.25	0.179775280899	0.0
40	0	0.0	0.125	0.0	0.0	0.0
41	0	0.0	0.385416666667	0.211111111111	0.1875	0.0
42	0	0.0	0.336956521739	0.241071428571	0.275510204082	0.0
43	0	0.0	0.0	0.0	0.0	0.0
44	0	0.0	0.0	0.0	0.0	0.0
45	0	0.0	0.392156862745	0.216981132075	0.132075471698	0.0
46	0	0.522522522523	0.508928571429	0.527272727273	0.571428571429	0.521276595745
47	0	0.491525423729	0.564102564103	0.539215686275	0.443037974684	0.556962025316
48	0	0.0	0.0	0.0	0.0	0.0
49	0	0.0	0.420560747664	0.209090909091	0.228813559322	0.0
50	0	0.0	0.0	0.0	0.162393162393	0.0
51	0	0.0	0.0	0.0	0.0	0.0
52	0	0.0	0.0	0.270588235294	0.0	0.0
53	0	0.105769230769	0.163461538462	0.0	0.0	0.397590361446
54	0	0.413043478261	0.105769230769	0.0	0.0	0.28431372549
55	0	0.0	0.166666666667	0.0	0.0	0.0
56	0	0.0	0.0	0.0	0.0	0.0
57	0	0.0	0.0	0.0	0.133333333333	0.0
58	0	0.0	0.15652173913	0.0	0.0	0.0
59	0	0.0	0.0	0.0	0.141304347826	0.0
60	0	0.0	0.0	0.0	0.0	0.142857142857
61	0	0.133333333333	0.0	0.0	0.0	0.0
62	0	0.442105263158	0.47	0.602040816327	0.490384615385	0.490740740741
63	0	0.0	0.505617977528	0.207920792079	0.125	0.0
64	0	0.0	0.336448598131	0.257425742574	0.214285714286	0.0
65	0	0.0	0.291666666667	0.252747252747	0.163793103448	0.0
66	0	0.583333333333	0.510869565217	0.440366972477	0.44347826087	0.53
67	0	0.275510204082	0.108910891089	0.0	0.0	0.392857142857
68	0	0.0	0.0	0.25	0.0	0.0
69	0	0.0	0.0	0.0	0.0	0.0
70	0	0.0	0.0	0.284482758621	0.0	0.0
71	0	0.149425287356	0.102803738318	0.0	0.0	0.172043010753
72	0	0.0	0.0	0.0	0.0	0.12380952381
73	0	0.642857142857	0.590476190476	0.441666666667	0.47311827957	0.595238095238
74	0	0.0	0.0	0.0	0.0	0.0
75	0	0.134020618557	0.372549019608	0.228571428571	0.125	0.0
76	0	0.0	0.11214953271	0.0	0.0	0.0
77	0	0.0	0.0	0.0	0.0	0.0
78	0	0.0	0.0	0.0	0.168316831683	0.0
79	0	0.0	0.0	0.229357798165	0.0	0.0
80	0	0.0	0.0	0.0	0.0	0.0
81	0	0.0	0.333333333333	0.184782608696	0.126050420168	0.0
82	0	0.0	0.0	0.0	0.0	0.152173913043
83	0	0.0	0.31914893617	0.344537815126	0.118811881188	0.0
84	0	0.269230769231	0.141509433962	0.0	0.0	0.377551020408
85	0	0.0	0.0	0.0	0.154639175258	0.0
86	0	0.0	0.245098039216	0.217391304348	0.175824175824	0.0
87	0	0.0	0.0	0.0	0.217821782178	0.0
88	0	0.0	0.0	0.0	0.0	0.173913043478
89	0	0.0	0.0	0.0	0.0	0.0
90	0	0.0	0.191489361702	0.262711864407	0.142857142857	0.0
91	0	0.0	0.0	0.0	0.0	0.0
92	0	0.0	0.120689655172	0.0	0.0	0.0
93	0	0.214285714286	0.08	0.0	0.0	0.314814814815
94	0	0.0	0.161904761905	0.0	0.0	0.0
95	0	0.284210526316	0.0934579439252	0.0	0.0	0.355555555556
96	0	0.0	0.0	0.0	0.0	0.0
97	0	0.0	0.0	0.0	0.182608695652	0.0
98	0	0.0	0.0	0.0	0.0	0.0
99	0	0.0	0.186274509804	0.0	0.0	0.0
100	0	0.0	0.0	0.2	0.0	0.0
101	0	0.0	0.287234042553	0.261261261261	0.148148148148	0.0
102	0	0.0	0.0	0.0	0.0	0.163636363636
103	0	0.0	0.324786324786	0.157894736842	0.183908045977	0.0
104	0	0.367346938776	0.114285714286	0.0	0.0	0.345132743363
105	0	0.0	0.0	0.0	0.0	0.174757281553
106	0	0.0	0.348623853211	0.227272727273	0.24	0.0
107	0	0.0865384615385	0.0	0.0	0.0	0.0
108	0	0.0	0.0	0.0	0.0	0.0
109	0	0.0	0.262626262626	0.25	0.173076923077	0.0
110	0	0.422018348624	0.0918367346939	0.0	0.0	0.354166666667
111	0	0.0	0.0	0.0	0.0	0.0
112	0	0.0	0.0	0.298969072165	0.0	0.0
113	0	0.0	0.0	0.0	0.0	0.205357142857
114	0	0.0	0.0	0.0	0.188888888889	0.0
115	0	0.417582417582	0.53125	0.430379746835	0.5	0.417475728155
116	0	0.0	0.0	0.0	0.0	0.164835164835
117	0	0.0	0.0	0.0	0.206896551724	0.0
118	0	0.0	0.0	0.0	0.0	0.185185185185
119	0	0.0	0.0	0.0	0.0	0.0
120	0	0.0	0.26	0.219298245614	0.210526315789	0.0
121	0	0.0	0.0	0.0	0.0	0.0
122	0	0.522935779817	0.485436893204	0.571428571429	0.417475728155	0.557522123894
123	0	0.0	0.0	0.0	0.0	0.0
124	0	0.0	0.0	0.0	0.0	0.139534883721
125	0	0.0	0.0	0.0	0.0	0.0
126	0	0.0	0.0	0.0	0.0	0.0
127	0	0.1875	0.0	0.0	0.0	0.0
128	0	0.0	0.0	0.0	0.0	0.0
129	0	0.0	0.0	0.0	0.0	0.0
130	0	0.0957446808511	0.0	0.0	0.0	0.0
131	0	0.0	0.0	0.268518518519	0.0	0.0
132	0	0.513274336283	0.59595959596	0.543209876543	0.5	0.474747474747
133	0	0.0	0.196078431373	0.0	0.0	0.0
134	0	0.0	0.0	0.0	0.0	0.0
135	0	0.0	0.0	0.0	0.271739130435	0.0
136	0	0.0	0.120689655172	0.0	0.0	0.0
137	0	0.0	0.0	0.270833333333	0.0	0.0
138	0	0.0	0.0	0.0	0.105882352941	0.0
139	0	0.0	0.0	0.0	0.0	0.171171171171
140	0	0.0	0.0	0.0	0.18085106383	0.0
141	0	0.0	0.0	0.0	0.0	0.0
142	0	0.0804597701149	0.0	0.0	0.0	0.0
143	0	0.0	0.0	0.295918367347	0.0	0.0
144	0	0.0	0.0	0.0	0.0	0.0
145	0	0.15306122449	0.436170212766	0.230769230769	0.145299145299	0.0
146	0	0.0	0.0	0.262626262626	0.0	0.0
147	0	0.0	0.0	0.0	0.171171171171	0.0
148	0	0.495495495495	0.5	0.445652173913	0.436781609195	0.459183673469
149	0	0.147058823529	0.0	0.0	0.0	0.0
150	0	0.0	0.0	0.0	0.0	0.0
151	0	0.0	0.0	0.0	0.0	0.0
152	0	0.412844036697	0.531531531532	0.450704225352	0.428571428571	0.494949494949
153	0	0.0	0.0	0.0	0.0	0.0
154	0	0.0	0.0	0.0	0.0	0.0
155	0	0.0	0.0	0.0	0.135922330097	0.0
156	0	0.0	0.0	0.0	0.0	0.0
157	0	0.0	0.291262135922	0.234567901235	0.168316831683	0.0
158	0	0.0	0.0	0.0	0.154545454545	0.0
159	0	0.0	0.0	0.0	0.0	0.0
160	0	0.344444444444	0.0714285714286	0.0	0.0	0.315789473684
161	0	0.0	0.311320754717	0.220183486239	0.219047619048	0.0
162	0	0.217391304348	0.0	0.0	0.0	0.0
163	0	0.0	0.0	0.0	0.0	0.0
164	0	0.0	0.336734693878	0.287356321839	0.130434782609	0.0
165	0	0.154545454545	0.0	0.0	0.0	0.0
166	0	0.583333333333	0.567567567568	0.475609756098	0.53164556962	0.504672897196
167	0	0.0	0.141304347826	0.0	0.0	0.0
168	0	0.0	0.0	0.0	0.0	0.0
169	0	0.0	0.0	0.38961038961	0.0	0.0
170	0	0.0	0.0	0.0	0.0	0.0
171	0	0.0	0.316455696203	0.197530864198	0.177966101695	0.0
172	0	0.0	0.274193548387	0.255319148936	0.192660550459	0.0
173	0	0.0	0.0	0.0	0.0	0.0
174	0	0.0	0.102040816327	0.0	0.0	0.0
175	0	0.0	0.0	0.268518518519	0.0	0.0
176	0	0.118811881188	0.0	0.0	0.0	0.0
177	0	0.0	0.0	0.0	0.0	0.154639175258
178	0	0.0	0.0	0.295454545455	0.0	0.0
179	0	0.0	0.0	0.0	0.0	0.0
180	0	0.0	0.0	0.0	0.0	0.0
181	0	0.0	0.0	0.0	0.208695652174	0.0
182	0	0.296703296703	0.146788990826	0.0	0.0	0.308510638298
183	0	0.477876106195	0.432692307692	0.495145631068	0.477876106195	0.51
184	0	0.0	0.0	0.0	0.0	0.0
185	0	0.0	0.0	0.0	0.193181818182	0.0
186	0	0.542056074766	0.550561797753	0.491666666667	0.511363636364	0.5
187	0	0.0	0.326732673267	0.214285714286	0.19387755102	0.0
188	0	0.0	0.307692307692	0.240963855422	0.172043010753	0.0
189	0	0.0	0.0	0.0	0.0	0.0
190	0	0.495495495495	0.440860215054	0.505154639175	0.52688172043	0.598130841121
191	0	0.0	0.0	0.0	0.153153153153	0.0
192	0	0.0	0.0	0.0	0.155963302752	0.0
193	0	0.0	0.0	0.0	0.0	0.178217821782
194	0	0.0	0.0	0.190476190476	0.0	0.0
195	0	0.0	0.0	0.0	0.0	0.204081632653
196	0	0.574257425743	0.538461538462	0.530612244898	0.481481481481	0.592233009709
197	0	0.0	0.391304347826	0.288288288288	0.120879120879	0.0
198	0	0.538461538462	0.528301886792	0.487603305785	0.451923076923	0.48275862069
199	0	0.0	0.0	0.22480620155	0.0	0.0
200	0	0.0	0.0	0.0	0.0	0.0
201	0	0.0	0.32	0.245098039216	0.122448979592	0.0
202	0	0.0	0.0	0.0	0.165137614679	0.0
203	0	0.0	0.0	0.0	0.0	0.208333333333
204	0	0.0	0.0	0.0	0.0	0.179775280899
205	0	0.0	0.0	0.0	0.2	0.0
206	0	0.0	0.0	0.0	0.0	0.0
207	0	0.0	0.300970873786	0.295652173913	0.20202020202	0.0
208	0	0.0	0.129032258065	0.0	0.0	0.0
209	0	0.0	0.379310344828	0.275	0.242424242424	0.0
210	0	0.0	0.0	0.0	0.0	0.13
211	0	0.154639175258	0.0	0.0	0.0	0.0
212	0	0.0	0.0	0.0	0.0	0.0
213	0	0.0	0.0	0.227272727273	0.0	0.0
214	0	0.0	0.0	0.305263157895	0.0	0.0
215	0	0.0	0.0	0.0	0.0	0.140186915888
216	0	0.0	0.0	0.0	0.0	0.0
217	0	0.0	0.134020618557	0.0	0.0	0.0
218	0	0.0	0.0	0.341463414634	0.0	0.0
219	0	0.15306122449	0.0	0.0	0.0	0.0
220	0	0.0	0.0	0.0	0.0	0.0
221	0	0.0	0.0	0.191489361702	0.0	0.0
222	0	0.0	0.173913043478	0.0	0.0	0.0
223	0	0.0	0.0	0.0	0.0	0.147058823529
224	0	0.0	0.0	0.0	0.0	0.0
225	0	0.0	0.0	0.0	0.0	0.0
226	0	0.443396226415	0.527272727273	0.547826086957	0.480769230769	0.485714285714
227	0	0.0	0.0	0.0	0.144444444444	0.0
228	0	0.0	0.0	0.0	0.288	0.0
229	0	0.51	0.454545454545	0.581395348837	0.569892473118	0.535353535354
230	0	0.197916666667	0.0	0.0	0.0	0.0
231	0	0.0	0.0	0.0	0.0	0.0
232	0	0.0	0.0	0.0	0.0	0.0
233	0	0.0	0.0	0.0	0.0	0.0
234	0	0.269230769231	0.0769230769231	0.0	0.0	0.345238095238
235	0	0.0	0.0	0.0	0.0	0.0
236	0	0.0	0.0	0.0	0.190082644628	0.0
237	0	0.0	0.0	0.0	0.0	0.0
238	0	0.47	0.511904761905	0.52	0.509433962264	0.495412844037
239	0	0.0	0.142857142857	0.0	0.0	0.0
240	0	0.474747474747	0.564705882353	0.550561797753	0.534482758621	0.527472527473
241	0	0.0	0.0	0.0	0.0	0.0
242	0	0.351851851852	0.111111111111	0.0	0.0	0.314606741573
243	0	0.546296296296	0.536842105263	0.587628865979	0.457943925234	0.520833333333
244	0	0.0	0.0	0.0	0.0	0.108695652174
245	0	0.0	0.307692307692	0.175257731959	0.104761904762	0.0
246	0	0.0	0.0	0.0	0.0	0.0
247	0	0.12380952381	0.0	0.0	0.0	0.0
248	0	0.0	0.0	0.0	0.0	0.0
249	0	0.0	0.0	0.0	0.0823529411765	0.0
250	0	0.510204081633	0.534653465347	0.520408163265	0.548780487805	0.521367521368
251	0	0.0	0.134615384615	0.0	0.0	0.0
252	0	0.550561797753	0.480392156863	0.48275862069	0.495327102804	0.526785714286
253	0	0.0	0.137931034483	0.0	0.0	0.0
254	0	0.0	0.0	0.0	0.0	0.18085106383
255	0	0.148936170213	0.107843137255	0.0	0.0	0.164835164835
256	0	0.0	0.0	0.0	0.0	0.0
257	0	0.0	0.0	0.0	0.0	0.0
258	0	0.0	0.0	0.0	0.0	0.0
259	0	0.5	0.397849462366	0.636363636364	0.551020408163	0.475247524752
260	0	0.166666666667	0.0	0.0	0.0	0.0
261	0	0.0	0.0	0.0	0.0	0.0
262	0	0.0	0.0	0.0	0.0	0.0
263	0	0.0	0.164948453608	0.0	0.0	0.0
264	0	0.0	0.0	0.364583333333	0.0	0.0
265	0	0.0	0.0	0.0	0.186274509804	0.0
266	0	0.0	0.0	0.0	0.0	0.0
267	0	0.150537634409	0.0	0.0	0.0	0.0
268	0	0.161904761905	0.0	0.0	0.0	0.0
269	0	0.0	0.0	0.0	0.0	0.181818181818
270	0	0.0	0.0	0.0	0.0	0.0
271	0	0.0	0.0	0.260416666667	0.0	0.0
272	0	0.202380952381	0.0	0.0	0.0	0.0
273	0	0.0	0.0	0.0	0.0	0.0
274	0	0.111111111111	0.0	0.0	0.0	0.0
275	0	0.125	0.336734693878	0.240740740741	0.168316831683	0.0
276	0	0.0	0.0	0.0	0.0	0.144230769231
277	0	0.0	0.134831460674	0.0	0.0	0.0
278	0	0.260504201681	0.0891089108911	0.0	0.0	0.307692307692
279	0	0.0	0.0	0.0	0.186440677966	0.0
280	0	0.155963302752	0.0	0.0	0.0	0.0
281	0	0.0	0.176991150442	0.0	0.0	0.0
282	0	0.0	0.0	0.0	0.0	0.137096774194
283	0	0.0	0.0	0.0	0.184	0.0
284	0	0.0	0.0	0.0	0.0	0.0
285	0	0.453488372093	0.530434782609	0.575757575758	0.462264150943	0.453703703704
286	0	0.0	0.367346938776	0.183908045977	0.15	0.0
287	0	0.515463917526	0.536363636364	0.489130434783	0.125	0.428571428571
288	0	0.172413793103	0.0	0.0	0.0	0.0
289	0	0.352941176471	0.157894736842	0.0	0.0	0.254716981132
290	0	0.194174757282	0.108695652174	0.0	0.0	0.32967032967
291	0	0.0	0.0	0.0	0.0	0.0
292	0	0.0	0.0	0.0	0.0	0.0
293	0	0.339805825243	0.145833333333	0.0	0.0	0.31
294	0	0.0	0.0	0.0	0.0	0.0
295	0	0.504761904762	0.345454545455	0.382978723404	0.484848484848	0.594339622642
296	0	0.0	0.0	0.31067961165	0.0	0.0
297	0	0.0	0.0	0.0	0.0	0.0
298	0	0.0	0.0	0.29347826087	0.0	0.0
299	0	0.0	0.0	0.177570093458	0.0	0.0
