#chr	position	description	normal	sample0	sample1	sample2	sample3	sample4	sample5	sample6	sample7	sample8	sample9	sample10	sample11	sample12	sample13	sample14
1	1	1	0	0.0	0.0	0.279772195668	0.0	0.157421141106	0.0	0.0	0.0	0.0	0.0	0.129605591613	0.0	0.0	0.139520837528	0.240907274181
2	1	1	0	0.134051466188	0.0	0.0	0.0	0.0	0.191885964912	0.0	0.20618660239	0.0	0.0	0.0	0.0	0.0	0.0	0.0
3	1	1	0	0.0	0.0	0.0	0.140702520341	0.0	0.0	0.115755310779	0.165014233827	0.0	0.0	0.0	0.0	0.0	0.0	0.0
4	1	1	0	0.13801980198	0.0	0.0	0.188058203713	0.181662468514	0.0	0.150789658988	0.0	0.0	0.177815495208	0.0	0.212844957351	0.0	0.0	0.0
5	1	1	0	0.0	0.188926712054	0.0	0.0	0.162043504291	0.0	0.0	0.0	0.0	0.164683531647	0.140443822471	0.0	0.0	0.147928994083	0.0
6	1	1	0	0.125415868535	0.0	0.0	0.0	0.0	0.184666532339	0.0	0.206089937487	0.0	0.0	0.0	0.0	0.0	0.0	0.0
7	1	1	0	0.111979695431	0.0	0.0	0.0	0.0	0.179775280899	0.0	0.0	0.272337882259	0.0	0.126657292085	0.0	0.0	0.0	0.0
8	1	1	0	0.121983237403	0.186403508772	0.0	0.171696046211	0.0	0.0	0.137927575484	0.0	0.0	0.154525605399	0.0	0.0	0.0	0.0	0.248229073132
9	1	1	0	0.0	0.186768498314	0.0	0.0	0.162361251261	0.0	0.0	0.0	0.0	0.16318692141	0.13821300359	0.0	0.0	0.145484434398	0.0
10	1	1	0	0.124156411274	0.176790660863	0.0	0.169363755151	0.0	0.0	0.135957593011	0.0	0.0	0.159721541328	0.0	0.0	0.0	0.0	0.254625905068
11	1	1	0	0.112660402142	0.0	0.0	0.0	0.0	0.175025380711	0.0	0.0	0.26976650967	0.0	0.130105304596	0.0	0.0	0.0	0.0
12	1	1	0	0.120035654155	0.179649758454	0.0	0.171281135259	0.0	0.0	0.138756466173	0.0	0.0	0.157962926051	0.0	0.0	0.0	0.0	0.258967716222
13	1	1	0	0.0	0.190696272481	0.0	0.0	0.170746268657	0.0	0.0	0.0	0.0	0.160293667788	0.140080563948	0.0	0.0	0.144650387369	0.0
14	1	1	0	0.121862348178	0.0	0.0	0.0	0.0	0.190841214535	0.0	0.205340886102	0.0	0.0	0.0	0.0	0.0	0.0	0.0
15	1	1	0	0.0	0.183541147132	0.0	0.0	0.165305715993	0.0	0.0	0.0	0.0	0.161652268891	0.143349075167	0.0	0.0	0.143764492388	0.0
16	1	1	0	0.121756487026	0.184474704304	0.0	0.174470623322	0.0	0.0	0.135448993893	0.0	0.0	0.157721468476	0.0	0.0	0.0	0.0	0.258379466532
17	1	1	0	0.0	0.182952601389	0.0	0.0	0.16864631393	0.0	0.0	0.0	0.0	0.161783821618	0.148826677645	0.0	0.0	0.147203042129	0.0
18	1	1	0	0.0	0.187399030695	0.0	0.0	0.159774056889	0.0	0.0	0.0	0.0	0.160612996318	0.135370295427	0.0	0.0	0.142800982801	0.0
19	1	1	0	0.137158577324	0.0	0.0	0.188085539715	0.181350806452	0.0	0.156089711355	0.0	0.0	0.182260516979	0.0	0.215725806452	0.0	0.0	0.0
20	1	1	0	0.0	0.187394540943	0.0	0.0	0.156773362402	0.0	0.0	0.0	0.0	0.161522325442	0.135110199897	0.0	0.0	0.141592029788	0.0
21	1	1	0	0.136418149111	0.0	0.0	0.195937156009	0.177987792873	0.0	0.154946604876	0.0	0.0	0.173770816812	0.0	0.205799151344	0.0	0.0	0.0
22	1	1	0	0.0	0.131144258685	0.215930999493	0.0	0.0	0.138771498771	0.101547678482	0.0	0.0	0.0	0.103532635287	0.0	0.237241798299	0.106412547151	0.0
23	1	1	0	0.0	0.0	0.290287628054	0.0	0.157936040808	0.0	0.0	0.0	0.0	0.0	0.13841039589	0.0	0.0	0.141647106848	0.2443273906
24	1	1	0	0.121622949209	0.0	0.0	0.0	0.0	0.191649143887	0.0	0.208593208593	0.0	0.0	0.0	0.0	0.0	0.0	0.0
25	1	1	0	0.0	0.132577278202	0.210312345067	0.0	0.0	0.136922466786	0.105057194461	0.0	0.0	0.0	0.10936728852	0.0	0.240137568278	0.103688239388	0.0
26	1	1	0	0.0	0.0	0.286817817014	0.0	0.151410594682	0.0	0.0	0.0	0.0	0.0	0.127600979192	0.0	0.0	0.138731202072	0.235139240506
27	1	1	0	0.116665010434	0.183510903117	0.0	0.177366049074	0.0	0.0	0.1385801542	0.0	0.0	0.160436291522	0.0	0.0	0.0	0.0	0.251053582179
28	1	1	0	0.0	0.0	0.279281989571	0.0	0.155202995664	0.0	0.0	0.0	0.0	0.0	0.130534732634	0.0	0.0	0.135611907387	0.245954367273
29	1	1	0	0.0	0.183956574186	0.0	0.0	0.166885278983	0.0	0.0	0.0	0.0	0.167098703888	0.137540128411	0.0	0.0	0.139913559152	0.0
30	1	1	0	0.0	0.185059760956	0.0	0.0	0.165794927465	0.0	0.0	0.0	0.0	0.157504756183	0.142670025189	0.0	0.0	0.135075376884	0.0
31	1	1	0	0.134441237934	0.0	0.0	0.191033723607	0.184254441936	0.0	0.155069982882	0.0	0.0	0.174612815062	0.0	0.212465739519	0.0	0.0	0.0
32	1	1	0	0.0	0.189882329277	0.0	0.0	0.162053789731	0.0	0.0	0.0	0.0	0.155148651309	0.138091858461	0.0	0.0	0.141007627459	0.0
33	1	1	0	0.0	0.0	0.288489061542	0.0	0.154195240016	0.0	0.0	0.0	0.0	0.0	0.127928109855	0.0	0.0	0.132056552692	0.250273007049
34	1	1	0	0.124344493747	0.0	0.0	0.0	0.0	0.188794397199	0.0	0.209067763416	0.0	0.0	0.0	0.0	0.0	0.0	0.0
35	1	1	0	0.132443736308	0.0	0.0	0.193673530289	0.179011099899	0.0	0.151706450977	0.0	0.0	0.184880689793	0.0	0.215526046987	0.0	0.0	0.0
36	1	1	0	0.0	0.181256846928	0.0	0.0	0.164029484029	0.0	0.0	0.0	0.0	0.161102904973	0.143128815934	0.0	0.0	0.146719319563	0.0
37	1	1	0	0.116797769591	0.181081081081	0.0	0.171306422748	0.0	0.0	0.138699317543	0.0	0.0	0.161526294978	0.0	0.0	0.0	0.0	0.247896177634
38	1	1	0	0.128780981285	0.182735991923	0.0	0.171508997688	0.0	0.0	0.134015594542	0.0	0.0	0.160422479075	0.0	0.0	0.0	0.0	0.251514248833
39	1	1	0	0.126996805112	0.0	0.0	0.0	0.0	0.197890507283	0.0	0.210358565737	0.0	0.0	0.0	0.0	0.0	0.0	0.0
40	1	1	0	0.128402722178	0.0	0.0	0.0	0.0	0.193972877951	0.0	0.206	0.0	0.0	0.0	0.0	0.0	0.0	0.0
41	1	1	0	0.0	0.178887672868	0.0	0.0	0.162852472415	0.0	0.0	0.0	0.0	0.161249265714	0.13878080415	0.0	0.0	0.146487892736	0.0
42	1	1	0	0.116578733766	0.0	0.0	0.0	0.0	0.172692385377	0.0	0.0	0.267477203647	0.0	0.128401191658	0.0	0.0	0.0	0.0
43	1	1	0	0.0	0.181440583528	0.0	0.0	0.166699449253	0.0	0.0	0.0	0.0	0.162113659023	0.141819267516	0.0	0.0	0.14412174259	0.0
44	1	1	0	0.0	0.186576781997	0.0	0.0	0.16583863275	0.0	0.0	0.0	0.0	0.161725067385	0.145950280674	0.0	0.0	0.139106033273	0.0
45	1	1	0	0.122144985104	0.187791563275	0.0	0.159611099858	0.0	0.0	0.13789662742	0.0	0.0	0.16242133653	0.0	0.0	0.0	0.0	0.259362828323
46	1	1	0	0.0	0.190797972772	0.0	0.0	0.166073064007	0.0	0.0	0.0	0.0	0.159337869402	0.138751728224	0.0	0.0	0.148188694268	0.0
47	1	1	0	0.0	0.182545236429	0.0	0.0	0.167169887279	0.0	0.0	0.0	0.0	0.15843495935	0.137631366209	0.0	0.0	0.137025060631	0.0
48	1	1	0	0.132765531062	0.0	0.0	0.0	0.0	0.19671466234	0.0	0.203690632248	0.0	0.0	0.0	0.0	0.0	0.0	0.0
49	1	1	0	0.121303865173	0.183382789318	0.0	0.16745984533	0.0	0.0	0.136746280345	0.0	0.0	0.155297388541	0.0	0.0	0.0	0.0	0.2524603334
50	1	1	0	0.0	0.0	0.274447321251	0.0	0.154688569473	0.0	0.0	0.0	0.0	0.0	0.129038711613	0.0	0.0	0.132848315727	0.242841129114
51	1	1	0	0.12629585327	0.0	0.0	0.0	0.0	0.199491094148	0.0	0.200811158374	0.0	0.0	0.0	0.0	0.0	0.0	0.0
52	1	1	0	0.134949132256	0.0	0.0	0.192538507702	0.181562844819	0.0	0.150048590865	0.0	0.0	0.174817481748	0.0	0.214415322581	0.0	0.0	0.0
53	1	1	0	0.12783810464	0.0	0.0	0.0	0.0	0.182797805643	0.0	0.216723549488	0.0	0.0	0.0	0.0	0.0	0.0	0.0
54	1	1	0	0.135743380855	0.0	0.0	0.187145174371	0.181073248726	0.0	0.155674922909	0.0	0.0	0.175922213312	0.0	0.217758774983	0.0	0.0	0.0
55	1	1	0	0.0	0.184740590031	0.0	0.0	0.164217633042	0.0	0.0	0.0	0.0	0.160271782574	0.140836532633	0.0	0.0	0.144016837041	0.0
56	1	1	0	0.112391348292	0.0	0.0	0.0	0.0	0.173620862588	0.0	0.0	0.269892043183	0.0	0.124163420238	0.0	0.0	0.0	0.0
57	1	1	0	0.111565304088	0.0	0.0	0.0	0.0	0.171431447554	0.0	0.131773763696	0.261750324319	0.0	0.12977786672	0.126788752126	0.0	0.0	0.0
58	1	1	0	0.122547056468	0.18540058157	0.0	0.180830925575	0.0	0.0	0.138666666667	0.0	0.0	0.15696455317	0.0	0.0	0.0	0.0	0.265482233503
59	1	1	0	0.1207960199	0.18422889044	0.0	0.173742523777	0.0	0.0	0.135382736156	0.0	0.0	0.157751860044	0.0	0.0	0.0	0.0	0.256027097031
60	1	1	0	0.124621288629	0.185820023374	0.0	0.174934462593	0.0	0.0	0.135456950946	0.0	0.0	0.157324776898	0.0	0.0	0.0	0.0	0.255068226121
61	1	1	0	0.0	0.18372023513	0.0	0.0	0.167605067364	0.0	0.0	0.0	0.0	0.157810306798	0.133854372774	0.0	0.0	0.145485622361	0.0
62	1	1	0	0.0	0.181737936446	0.0	0.0	0.159951407167	0.0	0.0	0.0	0.0	0.169756778309	0.137673102193	0.0	0.0	0.143842463015	0.0
63	1	1	0	0.0	0.180886699507	0.0	0.0	0.169484702093	0.0	0.0	0.0	0.0	0.164372788046	0.139467937264	0.0	0.0	0.150747873692	0.0
64	1	1	0	0.0	0.0	0.0	0.132075471698	0.0	0.0	0.107877222609	0.160911533486	0.0	0.0	0.0	0.0	0.0	0.0	0.0
65	1	1	0	0.1236	0.181377009402	0.0	0.175076227009	0.0	0.0	0.138467638022	0.0	0.0	0.161685746125	0.0	0.0	0.0	0.0	0.256670649144
66	1	1	0	0.0	0.187322802754	0.0	0.0	0.166717402334	0.0	0.0	0.0	0.0	0.165884652981	0.134394075853	0.0	0.0	0.148122112874	0.0
67	1	1	0	0.0	0.181487101669	0.0	0.0	0.17169187619	0.0	0.0	0.0	0.0	0.161210562753	0.139080927206	0.0	0.0	0.148483021901	0.0
68	1	1	0	0.121686266693	0.1828	0.0	0.168633726745	0.0	0.0	0.139140044203	0.0	0.0	0.156147173198	0.0	0.0	0.0	0.0	0.256822953114
69	1	1	0	0.0	0.182120205376	0.0	0.0	0.174164588529	0.0	0.0	0.0	0.0	0.158785120696	0.141693163752	0.0	0.0	0.143773811911	0.0
70	1	1	0	0.126746406674	0.0	0.0	0.0	0.0	0.185166799047	0.0	0.203211189913	0.0	0.0	0.0	0.0	0.0	0.0	0.0
71	1	1	0	0.124873404902	0.0	0.0	0.0	0.0	0.18779867819	0.0	0.206809710889	0.0	0.0	0.0	0.0	0.0	0.0	0.0
72	1	1	0	0.0	0.175461476726	0.0	0.0	0.170264965653	0.0	0.0	0.0	0.0	0.159557344064	0.136418632789	0.0	0.0	0.143665046136	0.0
73	1	1	0	0.122910619558	0.180911538845	0.0	0.179572160289	0.0	0.0	0.138675192327	0.0	0.0	0.164461056672	0.0	0.0	0.0	0.0	0.257228315055
74	1	1	0	0.126130653266	0.0	0.0	0.0	0.0	0.187212787213	0.0	0.206029647436	0.0	0.0	0.0	0.0	0.0	0.0	0.0
75	1	1	0	0.0	0.17549903739	0.0	0.0	0.163010026804	0.0	0.0	0.0	0.0	0.164783047427	0.13477061408	0.0	0.0	0.145671641791	0.0
76	1	1	0	0.133219556269	0.0	0.0	0.190885206144	0.179805401112	0.0	0.155445142973	0.0	0.0	0.177380714714	0.0	0.212315521628	0.0	0.0	0.0
77	1	1	0	0.0	0.180674383493	0.0	0.0	0.165717141429	0.0	0.0	0.0	0.0	0.157809658517	0.136859103755	0.0	0.0	0.139253079062	0.0
78	1	1	0	0.117498484542	0.180329495832	0.0	0.174264054347	0.0	0.0	0.135702266653	0.0	0.0	0.155319571258	0.0	0.0	0.0	0.0	0.263074953216
79	1	1	0	0.0	0.177372771636	0.0	0.0	0.161642463696	0.0	0.0	0.0	0.0	0.161175069472	0.139558232932	0.0	0.0	0.141337535704	0.0
80	1	1	0	0.0	0.187169510127	0.0	0.0	0.167018390112	0.0	0.0	0.0	0.0	0.153893005786	0.135264735265	0.0	0.0	0.144521912351	0.0
81	1	1	0	0.0	0.180531861515	0.0	0.0	0.16493902439	0.0	0.0	0.0	0.0	0.155383822772	0.137965260546	0.0	0.0	0.145557655955	0.0
82	1	1	0	0.129479072569	0.0	0.0	0.0	0.0	0.184635707753	0.0	0.212635596625	0.235712853419	0.0	0.0	0.160787041638	0.269461677006	0.120682607807	0.0
83	1	1	0	0.124136550205	0.18328358209	0.0	0.172358697823	0.0	0.0	0.136445602084	0.0	0.0	0.164885193983	0.0	0.0	0.0	0.0	0.253386853989
84	1	1	0	0.122788045615	0.0	0.0	0.0	0.0	0.19581598255	0.0	0.210452683122	0.0	0.0	0.0	0.0	0.0	0.0	0.0
85	1	1	0	0.0	0.1840135715	0.0	0.0	0.164752086402	0.0	0.0	0.0	0.0	0.158459979737	0.136845261895	0.0	0.0	0.15185074329	0.0
86	1	1	0	0.123211446741	0.0	0.0	0.0	0.0	0.192539228264	0.0	0.20798884351	0.0	0.0	0.0	0.0	0.0	0.0	0.0
87	1	1	0	0.0	0.0	0.284569341585	0.0	0.154085837773	0.0	0.0	0.0	0.0	0.0	0.127355163728	0.0	0.0	0.137833468068	0.24061056437
88	1	1	0	0.0	0.184289426344	0.0	0.0	0.164621370847	0.0	0.0	0.0	0.0	0.155277668373	0.136674718196	0.0	0.0	0.144840675257	0.0
89	1	1	0	0.133922296958	0.0	0.0	0.193078880407	0.181993699827	0.0	0.147659658866	0.0	0.0	0.178862587172	0.0	0.211793020457	0.0	0.0	0.0
90	1	1	0	0.112664721859	0.0	0.0	0.0	0.0	0.173834946612	0.0	0.13296426774	0.262470308789	0.0	0.126540092911	0.130948802725	0.0	0.0	0.0
91	1	1	0	0.110785403821	0.0	0.0	0.0	0.0	0.171185434395	0.0	0.0	0.260330165083	0.0	0.124912491249	0.0	0.0	0.0	0.0
92	1	1	0	0.134203447245	0.0	0.0	0.187822393041	0.185095912423	0.0	0.153493013972	0.0	0.0	0.174269352291	0.0	0.216037641406	0.0	0.0	0.0
93	1	1	0	0.0	0.18923784757	0.0	0.0	0.163205349002	0.0	0.0	0.0	0.0	0.163578402072	0.144619057092	0.0	0.0	0.143372046456	0.0
94	1	1	0	0.124381625442	0.0	0.0	0.0	0.0	0.19561925911	0.0	0.203696303696	0.0	0.0	0.0	0.0	0.0	0.0	0.0
95	1	1	0	0.0	0.186976465895	0.0	0.0	0.17350504143	0.0	0.0	0.0	0.0	0.165956181223	0.139033680834	0.0	0.0	0.139748788448	0.0
96	1	1	0	0.127569952863	0.188473831402	0.0	0.175916548511	0.0	0.0	0.1419444999	0.0	0.0	0.162730700536	0.0	0.0	0.0	0.0	0.260766729082
97	1	1	0	0.0	0.180947680158	0.0	0.0	0.164869495112	0.0	0.0	0.0	0.0	0.16121260791	0.143967320913	0.0	0.0	0.150423512603	0.0
98	1	1	0	0.130195843325	0.0	0.0	0.193428456592	0.180633698549	0.0	0.154855382169	0.0	0.0	0.176931578419	0.0	0.219623389495	0.0	0.0	0.0
99	1	1	0	0.0	0.181518151815	0.0	0.0	0.164379414733	0.0	0.0	0.0	0.0	0.161410204902	0.139864999007	0.0	0.0	0.144916012325	0.0
100	1	1	0	0.0	0.179668091027	0.0	0.0	0.168703192747	0.0	0.0	0.0	0.0	0.158872841127	0.134760956175	0.0	0.0	0.144934804413	0.0
