gene_id	sample0	sample0	sample1	sample1	sample2	sample2	sample3	sample3	sample4	sample4	sample5	sample5	sample6	sample6	sample7	sample7	sample8	sample8	sample9	sample9
0	10089	0	8662	1402	9991	0	9825	0	8401	1650	9800	0	8422	1458	9897	0	9969	0	9904	0
1	10005	0	8610	1335	9959	0	9990	0	8287	1635	10022	0	8636	1514	10117	0	9950	0	9863	0
2	10136	0	10088	0	7816	2072	9927	0	8946	976	10013	0	9992	0	8204	1783	8975	1127	9979	0
3	7386	2560	7666	2471	7188	2962	6628	3414	9988	0	8552	1561	7316	2547	6752	3174	8555	1485	6584	3466
4	9976	0	8846	988	10000	0	8644	1342	10023	0	10001	0	8885	1007	9976	0	10081	0	8658	1403
5	9966	0	10076	0	9838	0	10057	0	8962	928	9938	0	10100	0	8233	1828	10042	0	10190	0
6	10157	0	8950	984	9944	0	8487	1392	10076	0	9917	0	9065	1065	10004	0	9945	0	8684	1293
7	10079	0	8650	1409	9982	0	9998	0	8487	1634	10056	0	8490	1516	10178	0	10077	0	10028	0
8	9764	0	8737	1399	10089	0	10302	0	8446	1594	10016	0	8567	1490	10027	0	10132	0	10089	0
9	9852	0	8490	1425	10035	0	10014	0	8262	1652	10148	0	8510	1445	9934	0	10059	0	10147	0
10	10087	0	9012	1014	10025	0	8593	1334	10030	0	9842	0	8881	984	9987	0	9877	0	8377	1344
11	7538	2389	9990	0	9955	0	10035	0	10114	0	9916	0	9933	0	10073	0	8927	1007	9799	0
12	10001	0	8725	1431	10109	0	10118	0	8428	1592	10015	0	8586	1488	9856	0	9915	0	9939	0
13	7442	2575	7540	2508	7101	2952	6635	3301	10118	0	8376	1544	7579	2594	6689	3341	8491	1594	6681	3325
14	7583	2457	9999	0	10142	0	9997	0	9767	0	9745	0	9888	0	10127	0	8864	1018	9998	0
15	9941	0	10108	0	7870	2112	9816	0	8938	910	9999	0	9988	0	8158	1824	8968	1198	9998	0
16	7385	2597	7710	2443	7124	2889	6806	3400	9907	0	8546	1611	7440	2560	6635	3131	8561	1519	6637	3393
17	10083	0	9001	983	9967	0	8749	1347	9893	0	9847	0	8898	1121	10097	0	10020	0	8717	1371
18	9925	0	10000	0	10122	0	9825	0	8880	1076	9072	968	9216	971	9875	0	10049	0	9831	0
19	10023	0	8572	1389	9888	0	9951	0	8306	1665	9956	0	8522	1498	10010	0	10153	0	10096	0
20	10004	0	8644	1361	9860	0	10050	0	8322	1588	9966	0	8488	1536	10006	0	10118	0	10095	0
21	10163	0	8448	1456	10004	0	9907	0	8314	1576	9866	0	8459	1483	10008	0	10167	0	9997	0
22	10122	0	8412	1373	10012	0	10122	0	8409	1630	10041	0	8609	1491	10081	0	9896	0	10098	0
23	10154	0	9964	0	8033	2142	10114	0	9087	897	9808	0	9995	0	8277	1757	8969	1138	9996	0
24	9907	0	8384	1411	10051	0	10160	0	8278	1607	10075	0	8668	1462	9923	0	10012	0	9868	0
25	7480	2616	6357	3612	7096	2899	5076	5076	10035	0	7413	2746	7539	2628	6746	3200	8484	1494	5083	5150
26	9852	0	8643	1414	10000	0	9950	0	8224	1627	10004	0	8518	1488	9947	0	10016	0	10058	0
27	10054	0	9830	0	10206	0	9717	0	9138	924	10002	0	10073	0	8173	1770	10005	0	10067	0
28	7377	2545	7464	2487	7072	2846	6578	3372	10069	0	8539	1568	7542	2702	6760	3230	8538	1598	6645	3431
29	10012	0	8970	983	10039	0	8488	1398	9952	0	9922	0	9000	1059	9840	0	10105	0	8699	1380
30	7620	2320	10019	0	9994	0	10142	0	10105	0	10171	0	9838	0	9858	0	9037	1007	9720	0
31	9990	0	8700	1423	10012	0	9970	0	8252	1637	10038	0	8476	1443	9933	0	9968	0	9889	0
32	10151	0	8454	1358	10014	0	10205	0	8379	1638	9949	0	8625	1491	10055	0	10015	0	10016	0
33	9972	0	8584	1421	9947	0	9870	0	8392	1585	10046	0	8609	1526	10171	0	10016	0	9998	0
34	9955	0	8539	1427	10001	0	9953	0	8391	1651	9980	0	8516	1446	9962	0	9794	0	9933	0
35	9904	0	8615	1403	9912	0	10073	0	8429	1590	9894	0	8648	1433	9868	0	10107	0	10063	0
36	10032	0	8579	1405	9989	0	9903	0	8327	1553	10033	0	8437	1470	10068	0	10109	0	9807	0
37	10047	0	8724	1386	10133	0	9876	0	8520	1621	9843	0	8597	1509	9814	0	9972	0	10073	0
38	9905	0	9006	988	10092	0	8704	1339	10024	0	9939	0	8931	1045	9938	0	10019	0	8668	1421
39	9954	0	8507	1381	9874	0	9848	0	8405	1663	10016	0	8521	1481	10065	0	10028	0	10157	0
40	10019	0	8583	1418	9994	0	10160	0	8340	1693	10301	0	8310	1528	9960	0	9862	0	10053	0
41	10031	0	9937	0	9964	0	9986	0	10017	0	9987	0	9994	0	9865	0	8913	991	10129	0
42	7446	2610	7656	2437	7110	2903	6608	3278	10008	0	8596	1535	7534	2609	6718	3144	8483	1564	6606	3385
43	10086	0	9086	987	10010	0	8591	1389	10044	0	9970	0	9041	1032	9999	0	9884	0	8640	1310
44	10239	0	8512	1375	10185	0	10022	0	8449	1593	10092	0	8617	1515	10043	0	9814	0	9697	0
45	9695	0	8631	1416	10002	0	10141	0	8289	1651	10105	0	8650	1487	10095	0	10055	0	9749	0
46	10135	0	8560	1374	9998	0	10159	0	8232	1635	9986	0	8542	1430	9941	0	10083	0	9910	0
47	9985	0	8570	1429	10150	0	10081	0	8462	1708	9997	0	8554	1523	10044	0	9984	0	9912	0
48	10037	0	8480	1415	9788	0	10041	0	8450	1621	10087	0	8473	1459	10018	0	10130	0	10091	0
49	10067	0	8658	1354	10002	0	9897	0	8438	1590	9999	0	8406	1411	9948	0	10094	0	9901	0
50	9969	0	8481	1407	9962	0	9955	0	8545	1667	10067	0	8465	1415	10173	0	10007	0	9876	0
51	9768	0	8578	1405	10034	0	10023	0	8041	1607	10166	0	8666	1421	9861	0	9979	0	9885	0
52	7584	2386	10124	0	10162	0	10007	0	10103	0	10072	0	9880	0	9943	0	9101	955	10147	0
53	9857	0	8810	1396	10186	0	9916	0	8297	1709	10189	0	8536	1457	10087	0	9964	0	10096	0
54	10065	0	9080	1012	10086	0	8618	1339	10125	0	9991	0	8845	1029	9995	0	10181	0	8581	1368
55	9860	0	8599	1431	10032	0	10042	0	8486	1626	10003	0	8577	1461	9996	0	9746	0	9925	0
56	9825	0	8516	1409	9981	0	10115	0	8392	1613	9963	0	8508	1535	9990	0	10117	0	9998	0
57	9959	0	8575	1382	10006	0	9870	0	8400	1664	9997	0	8529	1452	10038	0	10150	0	9957	0
58	9893	0	8619	1391	10005	0	9959	0	8516	1600	9958	0	8453	1553	10068	0	10026	0	10035	0
59	9960	0	8640	1491	10055	0	10047	0	8457	1589	10033	0	8534	1523	9982	0	9831	0	10020	0
60	7719	2361	9804	0	9853	0	10045	0	9900	0	10162	0	10044	0	10007	0	9063	1016	9843	0
61	10056	0	8656	1389	10178	0	9878	0	8408	1629	10003	0	8591	1478	9928	0	9998	0	9859	0
62	7415	2597	7726	2471	7082	2921	6612	3221	9700	0	8542	1564	7557	2527	6798	3246	8582	1521	6724	3513
63	9802	0	8688	1375	9994	0	9947	0	8385	1573	9970	0	8561	1437	9867	0	9929	0	10127	0
64	7641	2454	9935	0	9972	0	9922	0	10053	0	9990	0	9873	0	10148	0	9052	1030	10042	0
65	9941	0	10043	0	9992	0	9998	0	8814	1024	9090	876	9044	925	9993	0	10017	0	9988	0
66	7383	2620	7495	2461	7219	2905	6753	3367	9955	0	8522	1554	7396	2487	6914	3241	8295	1501	6617	3337
67	7325	2643	6406	3606	7176	2849	4965	4972	10052	0	7160	2803	7420	2628	6729	3209	8422	1561	5046	4995
68	9964	0	8643	1423	10172	0	10231	0	8394	1651	9983	0	8506	1474	10007	0	10087	0	10186	0
69	7529	2623	7575	2447	7131	2905	6777	3393	10026	0	8499	1505	7367	2556	6766	3328	8462	1557	6649	3347
70	9908	0	8599	1382	10015	0	10081	0	8436	1646	9944	0	8570	1448	10170	0	9902	0	9958	0
71	7588	2370	9950	0	9979	0	9947	0	10139	0	9978	0	9872	0	9926	0	8916	997	10011	0
72	10054	0	8574	1390	10088	0	9868	0	8365	1660	10006	0	8426	1490	10103	0	10137	0	9993	0
73	10078	0	10097	0	9975	0	9966	0	9874	0	10037	0	10016	0	9745	0	9039	1018	9972	0
74	10038	0	8966	1013	9919	0	8717	1364	9942	0	10122	0	8950	1075	10015	0	10075	0	8607	1341
75	10045	0	8573	1353	9793	0	9994	0	8392	1625	10054	0	8552	1547	9968	0	9949	0	10039	0
76	9845	0	9798	0	10029	0	10128	0	9007	956	9102	1059	9180	981	9888	0	9967	0	9824	0
77	10077	0	8543	1400	10053	0	10081	0	8421	1619	9924	0	8485	1542	9938	0	10001	0	10023	0
78	10144	0	8482	1400	9966	0	10029	0	8421	1635	9907	0	8433	1547	9812	0	10071	0	9997	0
79	10020	0	8732	1350	10098	0	9956	0	8373	1575	9874	0	8444	1464	10134	0	9980	0	9965	0
80	10166	0	10072	0	10175	0	9980	0	9977	0	10007	0	9933	0	9903	0	8916	1005	10025	0
81	10034	0	8506	1387	9863	0	10120	0	8548	1675	9973	0	8586	1520	10073	0	9930	0	9913	0
82	9918	0	9978	0	10007	0	10074	0	8772	1378	8687	1264	10153	0	10063	0	8525	1351	10053	0
83	9942	0	9853	0	9968	0	10093	0	8802	1013	9001	918	9131	967	9997	0	10237	0	9910	0
84	9953	0	8439	1356	10036	0	10196	0	8375	1606	9951	0	8579	1424	10001	0	10084	0	10004	0
85	9945	0	8626	1377	10049	0	10027	0	8311	1613	10003	0	8571	1483	9889	0	9929	0	10005	0
86	9995	0	8610	1337	10024	0	10189	0	8268	1579	9995	0	8454	1484	9825	0	10025	0	9952	0
87	9891	0	8542	1431	9782	0	9928	0	8420	1626	10047	0	8514	1477	10047	0	9934	0	9949	0
88	9952	0	8889	978	9893	0	8692	1362	10097	0	9967	0	8828	1002	10041	0	9969	0	8602	1325
89	10190	0	8611	1326	10110	0	10010	0	8430	1651	9961	0	8697	1500	9851	0	10016	0	9996	0
90	9828	0	9887	0	10010	0	10071	0	8905	1027	9062	922	9122	924	9967	0	10068	0	10021	0
91	9974	0	9996	0	7798	2011	9922	0	9047	865	9938	0	10160	0	8220	1725	8945	1081	10006	0
92	10048	0	8610	1432	9983	0	9953	0	8394	1628	9910	0	8429	1467	10002	0	9938	0	10159	0
93	10065	0	10262	0	9939	0	9858	0	8582	1393	8566	1285	10041	0	10025	0	8587	1324	9962	0
94	7595	2389	10144	0	9966	0	9997	0	9983	0	10030	0	10023	0	10020	0	9025	991	10088	0
95	10123	0	9016	1021	9957	0	8662	1433	10062	0	10054	0	8963	1072	9960	0	10039	0	8591	1373
96	9953	0	9957	0	9846	0	9918	0	9893	0	9921	0	10109	0	10082	0	9099	1023	9834	0
97	10106	0	9891	0	9876	0	10096	0	8601	1362	8798	1227	9913	0	10095	0	8703	1372	9935	0
98	7617	2384	10125	0	9882	0	9850	0	10118	0	10001	0	9987	0	9810	0	8942	1013	9954	0
99	10066	0	8532	1401	10165	0	9969	0	8505	1586	10030	0	8579	1446	10010	0	10050	0	9944	0
