gene_id	sample0	sample0	sample1	sample1	sample2	sample2	sample3	sample3	sample4	sample4	sample5	sample5	sample6	sample6	sample7	sample7	sample8	sample8	sample9	sample9
0	7470	2585	5031	4962	7724	2493	8113	1901	4873	4976	5064	5032	7210	2758	6907	3176	8008	2096	8261	1639
1	8624	1376	10069	0	7491	2585	8333	1799	9899	0	9982	0	10096	0	9965	0	9798	0	8562	1557
2	8517	1435	10243	0	10130	0	8042	1874	9882	0	7297	2650	9819	0	8205	1717	9957	0	10008	0
3	8631	1371	10144	0	9950	0	8011	1924	10093	0	7430	2687	9992	0	8343	1794	10021	0	10205	0
4	10016	0	9811	0	10064	0	10038	0	9944	0	9859	0	9909	0	8166	1818	6921	2917	8117	1909
5	10046	0	10042	0	9961	0	9997	0	10085	0	10011	0	10042	0	8087	1806	7139	2878	7952	1859
6	9831	0	9944	0	9946	0	10092	0	9995	0	9929	0	10042	0	8181	1796	6979	3057	8198	1863
7	8655	1299	9895	0	7472	2452	8332	1764	10043	0	10091	0	10115	0	9934	0	10078	0	8564	1470
8	9784	0	6422	3500	8804	1090	9953	0	4973	5052	7678	2321	7181	2863	8547	1313	10009	0	10013	0
9	8844	990	10021	0	9975	0	8844	1318	10108	0	9879	0	7808	2175	10033	0	10134	0	10096	0
10	10011	0	10013	0	9936	0	10038	0	9931	0	10039	0	9834	0	8247	1788	7103	2961	8362	1913
11	9039	936	9992	0	9993	0	8514	1350	10002	0	9911	0	7829	2215	9964	0	9882	0	10099	0
12	9915	0	6446	3507	8857	1102	9984	0	5134	4970	7710	2369	7312	2765	8575	1374	10068	0	9907	0
13	9960	0	9937	0	9936	0	10109	0	10123	0	9899	0	10041	0	8268	1792	6970	2988	8224	1819
14	8674	1329	10023	0	7387	2611	8164	1795	10152	0	9843	0	10140	0	10107	0	10161	0	8555	1499
15	9815	0	6503	3547	8984	1123	9956	0	5142	4950	7714	2333	7424	2851	8803	1387	9990	0	9966	0
16	9051	1014	9979	0	9994	0	8558	1315	9861	0	10096	0	7733	2277	10055	0	9733	0	9908	0
17	8555	1402	10007	0	7449	2619	8191	1805	10012	0	9992	0	9925	0	10139	0	9994	0	8478	1458
18	8712	1313	10108	0	7505	2581	8243	1782	10013	0	10142	0	9955	0	10070	0	10043	0	8548	1483
19	7184	2719	5109	4931	7511	2437	8121	1862	4906	4865	4917	5029	7255	2804	6746	3164	7798	1963	8156	1652
20	9960	0	9873	0	9902	0	10048	0	9935	0	10162	0	10088	0	10041	0	10093	0	10156	0
21	7379	2672	4854	4902	7588	2438	7945	1867	4927	5004	5041	5089	7239	2852	6856	3177	7973	2020	8335	1621
22	9876	0	7986	1869	10016	0	9854	0	7314	2774	7718	2354	7175	2661	9968	0	9921	0	10218	0
23	7265	2464	9964	0	6019	3758	8153	1695	10099	0	9719	0	10070	0	10236	0	10029	0	6894	3163
24	7296	2679	4885	5012	7700	2393	7989	1961	5037	4858	4959	5059	7246	2800	6743	3153	8018	2035	8588	1613
25	7367	2687	5067	5040	7714	2427	7973	1837	5004	5038	5072	4904	7406	2704	6825	3306	8065	2029	8415	1611
26	8726	1319	10069	0	7406	2624	8355	1787	10167	0	9889	0	9883	0	10076	0	9994	0	8489	1486
27	8594	1343	9964	0	7434	2568	8109	1785	10107	0	10054	0	9832	0	9988	0	10222	0	8460	1458
28	9889	0	8046	1936	9925	0	10071	0	7256	2628	7640	2363	7159	2663	10054	0	9922	0	9893	0
29	8683	1334	10172	0	7335	2617	8064	1726	10052	0	10082	0	10009	0	9863	0	9876	0	8439	1578
30	7423	2534	10244	0	6075	3802	8116	1791	9925	0	9912	0	9999	0	9818	0	9966	0	6789	3132
31	8680	1364	10079	0	7352	2570	8285	1809	10129	0	10186	0	10068	0	9880	0	9875	0	8436	1419
32	7512	2563	9989	0	6158	3780	8099	1740	9956	0	10116	0	9959	0	9991	0	9934	0	6956	3154
33	10022	0	9980	0	10020	0	9938	0	9960	0	9838	0	10017	0	9973	0	9876	0	9919	0
34	9913	0	9723	0	9897	0	9950	0	10002	0	10012	0	9973	0	8197	1779	6980	2865	8152	1885
35	8588	1326	9642	0	7423	2562	8268	1780	10052	0	9832	0	10017	0	9958	0	10032	0	8478	1427
36	10115	0	10049	0	9977	0	9937	0	10090	0	10141	0	9901	0	9880	0	10173	0	9919	0
37	7287	2535	9981	0	6056	3817	8232	1773	9931	0	10038	0	10066	0	10290	0	9995	0	6874	3163
38	8666	1400	10133	0	10019	0	8028	1912	9961	0	7370	2639	9773	0	8103	1856	9885	0	9913	0
39	10009	0	10049	0	8799	1180	9953	0	10058	0	10149	0	9980	0	10012	0	9885	0	8584	1386
40	9889	0	9995	0	9967	0	10046	0	10006	0	10018	0	9907	0	8160	1848	7069	2891	8118	1813
41	8674	1404	9932	0	10058	0	8111	1840	9965	0	7252	2677	10008	0	8242	1834	9999	0	9756	0
42	8537	1416	10182	0	9915	0	8068	1864	10121	0	7415	2578	9900	0	8183	1873	10201	0	10160	0
43	8747	1316	10020	0	7384	2636	8124	1855	9773	0	10019	0	10000	0	9898	0	10002	0	8258	1489
44	10034	0	9985	0	8967	1218	10100	0	9996	0	9976	0	9960	0	10077	0	9978	0	8587	1485
45	10078	0	10117	0	10054	0	10079	0	10058	0	9933	0	10195	0	9839	0	9952	0	10018	0
46	9992	0	10127	0	8797	1137	10010	0	10137	0	10014	0	9930	0	10242	0	10079	0	8342	1463
47	9937	0	9902	0	10039	0	10071	0	10041	0	9808	0	9909	0	8313	1804	7054	3029	8309	1854
48	9911	0	8287	1945	10010	0	10054	0	7250	2676	7665	2344	7404	2696	10042	0	10124	0	10073	0
49	10040	0	8131	1826	9927	0	10133	0	7316	2716	7604	2317	7210	2728	9958	0	9878	0	9932	0
50	8643	1361	9970	0	10001	0	7974	1876	9963	0	7187	2612	9948	0	8111	1850	9965	0	10052	0
51	8668	1343	10001	0	7326	2562	8280	1820	9975	0	10037	0	9976	0	9999	0	10062	0	8564	1467
52	8530	1384	10079	0	9777	0	8020	1822	10174	0	7389	2664	9976	0	8180	1752	9958	0	10059	0
53	9956	0	9957	0	10054	0	9966	0	9997	0	9865	0	9995	0	8230	1815	6885	2885	8081	1901
54	9110	997	10119	0	9986	0	8680	1347	9974	0	9861	0	7900	2346	9935	0	10143	0	10039	0
55	8860	966	9938	0	9905	0	8547	1369	9864	0	10116	0	7600	2205	10091	0	9968	0	9985	0
56	8581	1354	9913	0	7480	2603	8245	1813	9885	0	10014	0	9940	0	10149	0	10012	0	8360	1457
57	8829	1004	10131	0	9926	0	8744	1382	10067	0	9946	0	7703	2192	10057	0	10027	0	9987	0
58	8552	1321	10085	0	7311	2493	8319	1736	10047	0	9967	0	9921	0	9967	0	9900	0	8644	1496
59	8834	1022	10026	0	9883	0	8652	1358	10031	0	9844	0	7795	2216	9930	0	10093	0	10058	0
60	9991	0	6446	3486	8891	1141	10136	0	4978	4978	7587	2358	7296	2735	8644	1377	9821	0	9992	0
61	7556	2519	10071	0	6125	3919	8219	1804	10011	0	10100	0	10000	0	10049	0	10168	0	6936	3064
62	10007	0	9885	0	10018	0	10042	0	10171	0	9820	0	9883	0	10063	0	9986	0	9831	0
63	7270	2564	9894	0	6087	3948	8160	1791	10092	0	10138	0	9947	0	9909	0	9888	0	6806	3093
64	8493	1373	9952	0	7627	2589	8357	1772	9951	0	10031	0	9921	0	9916	0	10046	0	8580	1460
65	8716	1315	10035	0	7390	2520	8137	1819	10082	0	10108	0	9911	0	10202	0	9902	0	8467	1440
66	10045	0	9909	0	9965	0	9769	0	9995	0	10066	0	10121	0	9887	0	10066	0	9991	0
67	8649	1358	9939	0	7333	2528	8205	1747	10054	0	9993	0	9897	0	9978	0	9981	0	8429	1455
68	8622	1446	9855	0	10162	0	8042	1884	10076	0	7270	2694	9971	0	8245	1854	9873	0	10073	0
69	10059	0	10061	0	9911	0	10044	0	10154	0	10074	0	9916	0	8153	1810	6969	3055	8077	1834
70	8393	1406	10006	0	10015	0	8218	1894	10008	0	7407	2711	10060	0	8152	1839	10057	0	10008	0
71	8495	1402	9995	0	9933	0	8221	1875	9944	0	7385	2754	10157	0	8373	1831	9935	0	9839	0
72	7412	2546	9995	0	6168	3848	8350	1782	9987	0	9986	0	9672	0	9972	0	10165	0	6829	3199
73	7179	2582	5023	4902	7545	2339	8191	1898	4995	4851	5023	5017	7147	2722	6745	3196	8028	2082	8444	1576
74	8582	1305	9983	0	7447	2593	8166	1812	10125	0	10023	0	10129	0	9866	0	9947	0	8512	1547
75	8729	1451	9834	0	9922	0	8235	1848	10107	0	7382	2651	9998	0	8047	1815	10077	0	10080	0
76	9916	0	9911	0	9981	0	10215	0	9979	0	10143	0	9924	0	8365	1803	7120	3000	8238	1828
77	8786	1335	10046	0	7418	2613	8169	1811	9878	0	10272	0	9929	0	9818	0	9910	0	8386	1484
78	8670	1326	9848	0	7430	2663	8207	1795	9896	0	10043	0	10056	0	9928	0	9957	0	8513	1473
79	8492	1393	10174	0	9972	0	8013	1887	9980	0	7343	2694	9900	0	8187	1780	10191	0	10035	0
80	10047	0	9881	0	8653	1188	10061	0	9852	0	9937	0	10050	0	10097	0	9930	0	8497	1527
81	9963	0	10047	0	9976	0	10012	0	10063	0	9908	0	10081	0	8184	1841	6959	2994	8075	1893
82	8812	1371	10079	0	7345	2558	8119	1745	10010	0	9985	0	10028	0	10118	0	10013	0	8437	1474
83	9948	0	8328	1923	9840	0	10112	0	7309	2718	7657	2263	7262	2732	10054	0	10168	0	10069	0
84	8536	1357	10048	0	7409	2567	8175	1798	10066	0	10027	0	10078	0	9854	0	9841	0	8448	1492
85	7493	2582	4861	5041	7646	2512	8032	1879	4922	4829	4958	4939	7285	2767	6832	3167	7953	2063	8422	1583
86	7484	2618	10026	0	6226	3782	8182	1771	9853	0	9973	0	10012	0	10234	0	10016	0	6908	3080
87	8632	1339	9920	0	7432	2639	8221	1820	10106	0	9986	0	9885	0	10066	0	10085	0	8553	1518
88	10049	0	6486	3572	8955	1070	9917	0	5042	4955	7627	2347	7306	2704	8549	1419	9936	0	10151	0
89	8592	1390	10041	0	9874	0	8206	1817	10125	0	7410	2664	10096	0	8238	1852	9929	0	9916	0
90	8535	1477	9881	0	10108	0	8079	1859	10116	0	7318	2703	9999	0	8121	1806	10071	0	10112	0
91	7284	2641	5126	4950	7554	2507	8182	1924	4867	5079	5085	4951	7117	2810	6699	3269	7939	2039	8416	1656
92	10062	0	9877	0	9912	0	10127	0	9822	0	10025	0	10054	0	8122	1782	7050	3017	8340	1869
93	9979	0	10000	0	10024	0	10072	0	9909	0	10067	0	10006	0	9969	0	9991	0	10069	0
94	7325	2688	4921	4956	7670	2319	8162	1898	4994	5047	5026	5119	7225	2846	6832	3185	7889	2021	8444	1669
95	10104	0	10127	0	8913	1269	10015	0	9930	0	10223	0	10172	0	9876	0	10107	0	8594	1492
96	10046	0	9998	0	10105	0	10026	0	10055	0	10010	0	9998	0	8336	1781	7027	2902	8083	1892
97	8656	1345	9952	0	7387	2586	8134	1764	9941	0	9921	0	9884	0	10053	0	9899	0	8559	1535
98	8544	1354	10077	0	7431	2597	8269	1774	10068	0	10029	0	10056	0	9972	0	10085	0	8348	1546
99	10064	0	10000	0	8839	1241	9943	0	9954	0	10026	0	10045	0	9828	0	10009	0	8471	1457
