#chr	position	description	normal	sample0	sample1	sample2	sample3	sample4
1	1	1	0	0.137254901961	0.204301075269	0.0	0.139534883721	0.0
2	1	1	0	0.0	0.0	0.201923076923	0.0	0.13829787234
3	1	1	0	0.0	0.0	0.302083333333	0.0	0.128712871287
4	1	1	0	0.0	0.0	0.0	0.10101010101	0.128440366972
5	1	1	0	0.0	0.0	0.349514563107	0.0	0.174311926606
6	1	1	0	0.0	0.0	0.282828282828	0.0	0.0
7	1	1	0	0.162162162162	0.0	0.0	0.129032258065	0.0
8	1	1	0	0.0	0.0	0.326732673267	0.0	0.141414141414
9	1	1	0	0.0	0.0	0.267326732673	0.0	0.178571428571
10	1	1	0	0.0	0.0	0.220779220779	0.0	0.0
11	1	1	0	0.0	0.0	0.222222222222	0.0	0.140350877193
12	1	1	0	0.0	0.0	0.0	0.0	0.0
13	1	1	0	0.0	0.0	0.0	0.151515151515	0.0689655172414
14	1	1	0	0.0	0.0	0.212962962963	0.0	0.0
15	1	1	0	0.0	0.0	0.205128205128	0.0	0.0
16	1	1	0	0.127659574468	0.268041237113	0.0	0.138888888889	0.0
17	1	1	0	0.173913043478	0.27380952381	0.0	0.134831460674	0.0
18	1	1	0	0.0	0.0	0.136842105263	0.0	0.162790697674
19	1	1	0	0.0	0.193548387097	0.0	0.188118811881	0.342857142857
20	1	1	0	0.0	0.0	0.268817204301	0.0	0.0917431192661
21	1	1	0	0.0	0.0	0.314606741573	0.0	0.0
22	1	1	0	0.0	0.0	0.295918367347	0.0	0.0
23	1	1	0	0.0	0.0	0.198113207547	0.0	0.161290322581
24	1	1	0	0.0	0.0	0.321428571429	0.0	0.0
25	1	1	0	0.0	0.0	0.222222222222	0.0	0.147058823529
26	1	1	0	0.0	0.0	0.222222222222	0.0	0.0860215053763
27	1	1	0	0.352380952381	0.273684210526	0.0	0.0792079207921	0.0
28	1	1	0	0.296703296703	0.295918367347	0.0	0.16814159292	0.0
29	1	1	0	0.0	0.0	0.0	0.215053763441	0.10752688172
30	1	1	0	0.427184466019	0.0	0.0	0.0	0.0
31	1	1	0	0.0	0.0	0.165137614679	0.0	0.0
32	1	1	0	0.170212765957	0.0	0.0	0.142857142857	0.0
33	1	1	0	0.102272727273	0.0	0.0	0.204081632653	0.0
34	1	1	0	0.188235294118	0.0	0.0	0.1875	0.0
35	1	1	0	0.0	0.0	0.242990654206	0.0	0.0
36	1	1	0	0.0	0.0	0.239316239316	0.0	0.129411764706
37	1	1	0	0.347826086957	0.0	0.0	0.0	0.0
38	1	1	0	0.0	0.0	0.257425742574	0.0	0.0689655172414
39	1	1	0	0.0	0.0	0.0	0.0	0.0
40	1	1	0	0.0	0.0	0.255319148936	0.0	0.135593220339
41	1	1	0	0.0	0.0	0.313131313131	0.0	0.14
42	1	1	0	0.107843137255	0.0	0.0	0.111111111111	0.0
43	1	1	0	0.4	0.0	0.0	0.0	0.0
44	1	1	0	0.317757009346	0.0	0.0	0.0	0.0
45	1	1	0	0.0	0.0	0.0	0.0	0.0
46	1	1	0	0.0	0.0	0.0	0.129411764706	0.0943396226415
47	1	1	0	0.0	0.0	0.290697674419	0.0	0.0
48	1	1	0	0.0	0.0	0.267326732673	0.0	0.203883495146
49	1	1	0	0.368932038835	0.0	0.0	0.0	0.0
50	1	1	0	0.0	0.0	0.277777777778	0.0	0.0
51	1	1	0	0.0	0.0	0.223404255319	0.0	0.186991869919
52	1	1	0	0.0	0.0	0.236559139785	0.0	0.0
53	1	1	0	0.0	0.0	0.0	0.0	0.0
54	1	1	0	0.0	0.0	0.0	0.0	0.0
55	1	1	0	0.295918367347	0.0	0.0	0.0	0.0
56	1	1	0	0.515789473684	0.25	0.0	0.125	0.0
57	1	1	0	0.0	0.0	0.241379310345	0.0	0.0
58	1	1	0	0.355140186916	0.0	0.0	0.0	0.0
59	1	1	0	0.0	0.0	0.241758241758	0.0	0.0
60	1	1	0	0.0	0.0	0.229166666667	0.0	0.0
61	1	1	0	0.317757009346	0.247706422018	0.0	0.148514851485	0.0
62	1	1	0	0.0	0.0	0.0	0.152380952381	0.122448979592
63	1	1	0	0.0	0.0	0.0	0.212765957447	0.177777777778
64	1	1	0	0.0	0.255319148936	0.0	0.220183486239	0.366336633663
65	1	1	0	0.0	0.0	0.266055045872	0.0	0.128440366972
66	1	1	0	0.0	0.0	0.0	0.0	0.0
67	1	1	0	0.0	0.0	0.0	0.0	0.0
68	1	1	0	0.0	0.0	0.285714285714	0.0	0.113043478261
69	1	1	0	0.0	0.0	0.0	0.0	0.0
70	1	1	0	0.0	0.0	0.25	0.0	0.0
71	1	1	0	0.433734939759	0.0	0.0	0.0	0.0
72	1	1	0	0.305263157895	0.281818181818	0.0	0.111111111111	0.0
73	1	1	0	0.19587628866	0.0	0.0	0.113402061856	0.0
74	1	1	0	0.168224299065	0.305555555556	0.0	0.161904761905	0.0
75	1	1	0	0.0	0.0	0.285714285714	0.0	0.186046511628
76	1	1	0	0.345132743363	0.397727272727	0.0	0.135416666667	0.0
77	1	1	0	0.0	0.0	0.27380952381	0.0	0.0
78	1	1	0	0.0	0.0	0.0	0.0	0.0
79	1	1	0	0.595238095238	0.285714285714	0.0	0.144144144144	0.0
80	1	1	0	0.340909090909	0.287234042553	0.0	0.125	0.0
81	1	1	0	0.0	0.0	0.234693877551	0.0	0.0
82	1	1	0	0.0	0.229357798165	0.0	0.216981132075	0.364485981308
83	1	1	0	0.0	0.0	0.203883495146	0.0	0.0952380952381
84	1	1	0	0.285714285714	0.318181818182	0.0	0.148148148148	0.0
85	1	1	0	0.152380952381	0.0	0.0	0.221052631579	0.0
86	1	1	0	0.0	0.0	0.0	0.0	0.0
87	1	1	0	0.36170212766	0.0	0.0	0.0	0.0
88	1	1	0	0.0	0.0	0.0	0.0	0.0
89	1	1	0	0.0	0.0	0.203703703704	0.0	0.119402985075
90	1	1	0	0.0	0.314814814815	0.287234042553	0.0	0.154545454545
91	1	1	0	0.0	0.0	0.0	0.173076923077	0.0918367346939
92	1	1	0	0.4	0.233333333333	0.0	0.0594059405941	0.0
93	1	1	0	0.0	0.0	0.0	0.0	0.0
94	1	1	0	0.522727272727	0.504424778761	0.26213592233	0.235294117647	0.19587628866
95	1	1	0	0.133333333333	0.320987654321	0.0	0.123711340206	0.0
96	1	1	0	0.329268292683	0.0	0.0	0.0	0.0
97	1	1	0	0.0	0.0	0.18085106383	0.0	0.0
98	1	1	0	0.136842105263	0.317307692308	0.0	0.2	0.0
99	1	1	0	0.0	0.0	0.233009708738	0.0	0.122222222222
100	1	1	0	0.0	0.0	0.0	0.0	0.0
101	1	1	0	0.0	0.244444444444	0.0	0.154639175258	0.448598130841
102	1	1	0	0.123456790123	0.0	0.0	0.186813186813	0.0
103	1	1	0	0.0	0.0	0.0	0.238095238095	0.0
104	1	1	0	0.0	0.0	0.0	0.0	0.0
105	1	1	0	0.113043478261	0.0	0.0	0.131313131313	0.0
106	1	1	0	0.0	0.0	0.214285714286	0.0	0.0
107	1	1	0	0.19	0.0	0.0	0.140186915888	0.0
108	1	1	0	0.47572815534	0.252336448598	0.0	0.166666666667	0.0
109	1	1	0	0.383720930233	0.291666666667	0.0	0.11	0.0
110	1	1	0	0.349056603774	0.269565217391	0.0	0.158415841584	0.0
111	1	1	0	0.318181818182	0.321100917431	0.0	0.12	0.0
112	1	1	0	0.333333333333	0.0	0.0	0.0	0.0
113	1	1	0	0.0869565217391	0.0	0.0	0.165048543689	0.0
114	1	1	0	0.0	0.0	0.0	0.0	0.0
115	1	1	0	0.0	0.0	0.0	0.0	0.0
116	1	1	0	0.0	0.0	0.0	0.184210526316	0.101123595506
117	1	1	0	0.0	0.0	0.0	0.25	0.115789473684
118	1	1	0	0.0	0.0	0.0	0.0	0.0
119	1	1	0	0.127659574468	0.0	0.0	0.116071428571	0.0
120	1	1	0	0.158415841584	0.0	0.0	0.133333333333	0.0
121	1	1	0	0.205128205128	0.0	0.0	0.0	0.0
122	1	1	0	0.0	0.0	0.234693877551	0.0	0.0961538461538
123	1	1	0	0.337078651685	0.284482758621	0.0	0.133333333333	0.0
124	1	1	0	0.0	0.0	0.263157894737	0.0	0.118279569892
125	1	1	0	0.0	0.0	0.255813953488	0.0	0.116279069767
126	1	1	0	0.0	0.0	0.244680851064	0.0	0.0
127	1	1	0	0.0972222222222	0.231578947368	0.0	0.127450980392	0.0
128	1	1	0	0.139784946237	0.292929292929	0.0	0.166666666667	0.0
129	1	1	0	0.271844660194	0.0	0.0	0.0	0.0
130	1	1	0	0.161616161616	0.0	0.0	0.114942528736	0.0
131	1	1	0	0.489361702128	0.313043478261	0.0	0.0823529411765	0.0
132	1	1	0	0.0	0.0	0.25	0.0	0.0
133	1	1	0	0.0	0.0	0.260869565217	0.0	0.141414141414
134	1	1	0	0.0	0.0	0.238938053097	0.0	0.12389380531
135	1	1	0	0.0	0.0	0.263157894737	0.0	0.0
136	1	1	0	0.0	0.0	0.0	0.0	0.0
137	1	1	0	0.345238095238	0.215053763441	0.0	0.25	0.0
138	1	1	0	0.0	0.0	0.265957446809	0.0	0.21568627451
139	1	1	0	0.134453781513	0.0	0.0	0.0681818181818	0.0
140	1	1	0	0.0	0.0	0.0	0.0	0.0
141	1	1	0	0.314606741573	0.0	0.0	0.0	0.0
142	1	1	0	0.0	0.0	0.211009174312	0.0	0.118279569892
143	1	1	0	0.363636363636	0.0	0.0	0.0	0.0
144	1	1	0	0.154761904762	0.0	0.0	0.146551724138	0.0
145	1	1	0	0.0	0.0	0.0	0.168421052632	0.126213592233
146	1	1	0	0.137614678899	0.261682242991	0.0	0.158878504673	0.0
147	1	1	0	0.0	0.0	0.25	0.0	0.12
148	1	1	0	0.189189189189	0.25	0.0	0.126213592233	0.0
149	1	1	0	0.0	0.0	0.0	0.206896551724	0.184466019417
150	1	1	0	0.0	0.0	0.0	0.0	0.0
151	1	1	0	0.103448275862	0.0	0.0	0.2	0.0
152	1	1	0	0.0	0.0	0.20202020202	0.0	0.0
153	1	1	0	0.173076923077	0.0	0.0	0.132530120482	0.0
154	1	1	0	0.567567567568	0.299065420561	0.0	0.333333333333	0.0
155	1	1	0	0.0	0.0	0.0	0.0	0.0
156	1	1	0	0.0	0.0	0.212389380531	0.0	0.141509433962
157	1	1	0	0.0	0.0	0.0	0.0	0.0
158	1	1	0	0.0	0.0	0.0	0.136363636364	0.144329896907
159	1	1	0	0.0	0.0	0.269230769231	0.0	0.0
160	1	1	0	0.0	0.0	0.223529411765	0.0	0.15
161	1	1	0	0.144329896907	0.0	0.0	0.129411764706	0.0
162	1	1	0	0.0	0.0	0.297872340426	0.0	0.184782608696
163	1	1	0	0.0	0.0	0.228813559322	0.0	0.0
164	1	1	0	0.157894736842	0.0	0.0	0.137614678899	0.0
165	1	1	0	0.0	0.0	0.0	0.0	0.0
166	1	1	0	0.0	0.0	0.0	0.0	0.0
167	1	1	0	0.0	0.0	0.0	0.0	0.0
168	1	1	0	0.0	0.0	0.0	0.0	0.0
169	1	1	0	0.0	0.0	0.266055045872	0.0	0.0
170	1	1	0	0.333333333333	0.0	0.0	0.0	0.0
171	1	1	0	0.0	0.0	0.260416666667	0.0	0.0
172	1	1	0	0.0	0.0	0.0	0.0	0.0
173	1	1	0	0.0	0.0	0.185185185185	0.0	0.0
174	1	1	0	0.193548387097	0.0	0.0	0.134831460674	0.0
175	1	1	0	0.329545454545	0.0	0.0	0.0	0.0
176	1	1	0	0.401960784314	0.0	0.0	0.0	0.0
177	1	1	0	0.0	0.0	0.333333333333	0.0	0.0
178	1	1	0	0.0	0.0	0.20202020202	0.0	0.0
179	1	1	0	0.0909090909091	0.301075268817	0.0	0.184466019417	0.0
180	1	1	0	0.295238095238	0.263636363636	0.0	0.107142857143	0.0
181	1	1	0	0.15625	0.0	0.0	0.121212121212	0.0
182	1	1	0	0.0	0.0	0.0	0.0	0.0
183	1	1	0	0.357894736842	0.0	0.0	0.0	0.0
184	1	1	0	0.388888888889	0.0	0.0	0.0	0.0
185	1	1	0	0.0	0.0	0.247311827957	0.0	0.0823529411765
186	1	1	0	0.0	0.0	0.0	0.18	0.129032258065
187	1	1	0	0.0	0.0	0.0	0.0	0.0
188	1	1	0	0.366071428571	0.0	0.0	0.0	0.0
189	1	1	0	0.0	0.0	0.0	0.0	0.0
190	1	1	0	0.0	0.0	0.326086956522	0.0	0.144144144144
191	1	1	0	0.0	0.0	0.0	0.118644067797	0.163043478261
192	1	1	0	0.247191011236	0.247422680412	0.0	0.170212765957	0.0
193	1	1	0	0.0	0.0	0.0	0.0	0.0
194	1	1	0	0.0	0.0	0.288888888889	0.0	0.156862745098
195	1	1	0	0.0	0.0	0.0	0.0	0.0
196	1	1	0	0.422680412371	0.282352941176	0.0	0.201834862385	0.0
197	1	1	0	0.2	0.276595744681	0.0	0.186046511628	0.0
198	1	1	0	0.0	0.0	0.304347826087	0.0	0.10989010989
199	1	1	0	0.0	0.0	0.0	0.0	0.0
200	1	1	0	0.115789473684	0.311827956989	0.0	0.0927835051546	0.0
