#chr	normal	sample0	sample1	sample2	sample3	sample4
0	0	0.16	0.163265306122	0.0	0.26213592233	0.0989010989011
1	0	0.0	0.0	0.0	0.223404255319	0.102040816327
2	0	0.180722891566	0.0660377358491	0.0	0.101123595506	0.0
3	0	0.135416666667	0.349056603774	0.0	0.306930693069	0.04
4	0	0.171717171717	0.0934579439252	0.0	0.23595505618	0.148936170213
5	0	0.122807017544	0.126436781609	0.0	0.0	0.0
6	0	0.0	0.0	0.0	0.0	0.0
7	0	0.252873563218	0.257731958763	0.217391304348	0.490196078431	0.402597402597
8	0	0.0	0.0	0.0	0.235294117647	0.104166666667
9	0	0.132075471698	0.037037037037	0.0	0.0	0.0
10	0	0.0851063829787	0.0833333333333	0.0	0.273684210526	0.106382978723
11	0	0.21359223301	0.293577981651	0.0	0.488888888889	0.264150943396
12	0	0.0	0.0	0.0	0.0	0.0
13	0	0.171717171717	0.134831460674	0.0	0.126050420168	0.0
14	0	0.0	0.0	0.0	0.144230769231	0.138888888889
15	0	0.0	0.0	0.0	0.0	0.0
16	0	0.0898876404494	0.122448979592	0.0	0.0	0.0
17	0	0.0	0.0	0.0	0.185567010309	0.154545454545
18	0	0.0	0.0	0.0	0.0	0.0
19	0	0.0	0.0	0.0	0.215053763441	0.113043478261
20	0	0.18	0.0776699029126	0.0	0.385416666667	0.0909090909091
21	0	0.0941176470588	0.0	0.224719101124	0.0	0.0
22	0	0.318181818182	0.278846153846	0.0	0.402173913043	0.127450980392
23	0	0.301075268817	0.32380952381	0.0	0.556451612903	0.265957446809
24	0	0.556603773585	0.47572815534	0.542857142857	0.529411764706	0.495238095238
25	0	0.0	0.0	0.0	0.0	0.0
26	0	0.0	0.0	0.0	0.0	0.0
27	0	0.114285714286	0.142857142857	0.0	0.267441860465	0.161290322581
28	0	0.0	0.0	0.0	0.0	0.0
29	0	0.0	0.0	0.0	0.221153846154	0.0990099009901
30	0	0.2	0.0980392156863	0.0	0.275510204082	0.0
31	0	0.447619047619	0.438775510204	0.30303030303	0.413461538462	0.441441441441
32	0	0.0	0.0	0.0	0.0	0.0
33	0	0.0909090909091	0.10101010101	0.0	0.320754716981	0.102272727273
34	0	0.157894736842	0.0776699029126	0.0	0.271028037383	0.163265306122
35	0	0.160377358491	0.046511627907	0.0	0.291666666667	0.0877192982456
36	0	0.132743362832	0.151515151515	0.0	0.357142857143	0.106382978723
37	0	0.0	0.0	0.0	0.18691588785	0.103773584906
38	0	0.0	0.0	0.0	0.152	0.203703703704
39	0	0.0	0.0	0.0	0.154639175258	0.0550458715596
40	0	0.0	0.0	0.0	0.0	0.0
41	0	0.173076923077	0.0	0.139784946237	0.0	0.0
42	0	0.148148148148	0.128712871287	0.0	0.339449541284	0.0666666666667
43	0	0.494949494949	0.481481481481	0.418367346939	0.448598130841	0.522935779817
44	0	0.0	0.0	0.0	0.0	0.0
45	0	0.0	0.0	0.0	0.142857142857	0.0952380952381
46	0	0.0235294117647	0.158878504673	0.0	0.0	0.0
47	0	0.0	0.0	0.0	0.0	0.0
48	0	0.0	0.0	0.0	0.173469387755	0.125
49	0	0.0	0.0	0.0	0.0	0.0
50	0	0.131868131868	0.353535353535	0.0	0.274336283186	0.0964912280702
51	0	0.203883495146	0.194174757282	0.0	0.364583333333	0.054347826087
52	0	0.28	0.326732673267	0.0	0.47	0.345454545455
53	0	0.0	0.0	0.0	0.0	0.0
54	0	0.483146067416	0.505617977528	0.490909090909	0.504672897196	0.505263157895
55	0	0.0	0.0	0.0	0.134146341463	0.0891089108911
56	0	0.155339805825	0.300884955752	0.0	0.266666666667	0.0581395348837
57	0	0.157894736842	0.271844660194	0.0	0.307692307692	0.170454545455
58	0	0.164948453608	0.104166666667	0.0	0.254385964912	0.117117117117
59	0	0.0	0.0	0.0	0.0	0.0
60	0	0.0	0.0	0.0	0.161616161616	0.149425287356
61	0	0.0	0.0	0.0	0.163793103448	0.207317073171
62	0	0.0769230769231	0.0515463917526	0.0	0.0	0.0
63	0	0.0485436893204	0.0571428571429	0.0	0.0	0.0
64	0	0.128440366972	0.0	0.193181818182	0.0	0.0
65	0	0.0776699029126	0.138888888889	0.0	0.0	0.0
66	0	0.0	0.0	0.0	0.0	0.0
67	0	0.195652173913	0.152173913043	0.0	0.239130434783	0.136363636364
68	0	0.166666666667	0.0	0.228813559322	0.0	0.0
69	0	0.0	0.0	0.0	0.159574468085	0.106382978723
70	0	0.197802197802	0.25	0.0	0.185185185185	0.0860215053763
71	0	0.28431372549	0.323232323232	0.0	0.515789473684	0.127450980392
72	0	0.0	0.0	0.0	0.0	0.0
73	0	0.135135135135	0.0	0.162790697674	0.0	0.0
74	0	0.0990099009901	0.14	0.0	0.326086956522	0.193798449612
75	0	0.138613861386	0.0606060606061	0.0	0.317757009346	0.10752688172
76	0	0.0	0.0	0.0	0.0	0.0
77	0	0.2	0.0924369747899	0.0	0.133928571429	0.0
78	0	0.131313131313	0.375	0.0	0.244680851064	0.104347826087
79	0	0.188679245283	0.070796460177	0.0	0.342342342342	0.0526315789474
80	0	0.119565217391	0.271739130435	0.0	0.297619047619	0.144230769231
81	0	0.318584070796	0.234782608696	0.0	0.45	0.32380952381
82	0	0.108910891089	0.0957446808511	0.0	0.0	0.0
83	0	0.16091954023	0.116279069767	0.0	0.413043478261	0.128205128205
84	0	0.275229357798	0.244186046512	0.0	0.504504504505	0.290322580645
85	0	0.1375	0.115789473684	0.0	0.305555555556	0.114035087719
86	0	0.347826086957	0.371428571429	0.18	0.47619047619	0.34375
87	0	0.0882352941176	0.221052631579	0.0	0.0	0.0
88	0	0.122448979592	0.148148148148	0.0	0.14953271028	0.0
89	0	0.163636363636	0.333333333333	0.0	0.313131313131	0.114035087719
90	0	0.0470588235294	0.0721649484536	0.0	0.0	0.0
91	0	0.0760869565217	0.0813953488372	0.0	0.0	0.0
92	0	0.0	0.0	0.0	0.0	0.0
93	0	0.188679245283	0.135593220339	0.0	0.333333333333	0.137614678899
94	0	0.0	0.0	0.0	0.104761904762	0.0866141732283
95	0	0.144444444444	0.0	0.259259259259	0.0	0.0
96	0	0.0	0.0869565217391	0.0	0.132743362832	0.0
97	0	0.0	0.0	0.0	0.137614678899	0.121212121212
98	0	0.0900900900901	0.111111111111	0.23	0.0	0.0
99	0	0.0	0.0	0.0	0.0	0.0
100	0	0.0	0.0	0.0	0.14953271028	0.136842105263
101	0	0.0	0.0	0.0	0.0	0.0
102	0	0.266055045872	0.232323232323	0.0	0.495412844037	0.329787234043
103	0	0.254385964912	0.28813559322	0.0	0.529914529915	0.40404040404
104	0	0.0	0.0	0.0	0.0	0.0
105	0	0.173913043478	0.0549450549451	0.0	0.120689655172	0.0
106	0	0.0	0.0	0.0	0.211111111111	0.144578313253
107	0	0.0	0.0	0.0	0.0	0.0
108	0	0.0	0.0	0.0	0.18018018018	0.108910891089
109	0	0.0	0.0	0.0	0.132743362832	0.182692307692
110	0	0.195652173913	0.235294117647	0.0	0.525773195876	0.277777777778
111	0	0.203883495146	0.254901960784	0.0	0.433962264151	0.261261261261
112	0	0.165048543689	0.0630630630631	0.0	0.309278350515	0.141304347826
113	0	0.0	0.0	0.0	0.0	0.0
114	0	0.173913043478	0.0	0.132743362832	0.0	0.0
115	0	0.152941176471	0.0	0.128712871287	0.0	0.0
116	0	0.117117117117	0.125	0.0	0.0	0.0
117	0	0.0	0.0	0.0	0.0	0.0
118	0	0.155737704918	0.0	0.180722891566	0.0	0.0
119	0	0.0873786407767	0.0740740740741	0.0	0.27380952381	0.113402061856
120	0	0.0	0.0	0.0	0.0	0.0
121	0	0.021978021978	0.112244897959	0.0	0.0	0.0
122	0	0.1	0.135922330097	0.0	0.0	0.0
123	0	0.0	0.0	0.0	0.0	0.0
124	0	0.0526315789474	0.0909090909091	0.163636363636	0.0	0.0
125	0	0.0909090909091	0.0769230769231	0.0	0.0	0.0
126	0	0.116071428571	0.0	0.171428571429	0.0	0.0
127	0	0.0	0.0	0.0	0.0	0.0
128	0	0.0	0.0	0.0	0.0	0.0
129	0	0.0	0.0	0.0	0.0	0.0
130	0	0.0	0.0	0.0	0.185185185185	0.0825688073394
131	0	0.153846153846	0.278846153846	0.0	0.33734939759	0.127906976744
132	0	0.0	0.0	0.0	0.0	0.0
133	0	0.135416666667	0.0	0.11	0.0	0.0
134	0	0.0	0.0	0.0	0.0	0.0
135	0	0.175	0.101123595506	0.0	0.313953488372	0.136363636364
136	0	0.145833333333	0.141304347826	0.0	0.388349514563	0.0958904109589
137	0	0.0	0.0	0.0	0.0	0.0
138	0	0.108910891089	0.281818181818	0.0	0.3125	0.125
139	0	0.0	0.122807017544	0.0	0.211009174312	0.0
140	0	0.39	0.43956043956	0.510416666667	0.466666666667	0.467889908257
141	0	0.0	0.0	0.0	0.0	0.0
142	0	0.157407407407	0.134615384615	0.0	0.30701754386	0.118279569892
143	0	0.154639175258	0.0891089108911	0.0	0.25	0.172043010753
144	0	0.0	0.0	0.0	0.170212765957	0.0873786407767
145	0	0.0	0.0	0.0	0.0970873786408	0.146341463415
146	0	0.134020618557	0.152173913043	0.0	0.311320754717	0.0866141732283
147	0	0.0	0.0	0.0	0.0	0.0
148	0	0.166666666667	0.119565217391	0.0	0.254545454545	0.102803738318
149	0	0.138613861386	0.0480769230769	0.0	0.245098039216	0.134615384615
150	0	0.210526315789	0.252747252747	0.0	0.296703296703	0.108333333333
151	0	0.149122807018	0.0877192982456	0.0	0.405405405405	0.138888888889
152	0	0.0	0.0	0.0	0.0	0.0
153	0	0.127906976744	0.134146341463	0.0	0.0	0.0
154	0	0.0	0.0	0.0	0.161904761905	0.1
155	0	0.0803571428571	0.135135135135	0.0	0.0	0.0
156	0	0.168067226891	0.152173913043	0.0	0.271028037383	0.111111111111
157	0	0.0	0.0	0.0	0.0	0.0
158	0	0.145833333333	0.0	0.152941176471	0.0	0.0
159	0	0.0	0.0	0.0	0.0	0.0
160	0	0.148148148148	0.40404040404	0.0	0.275510204082	0.0918367346939
161	0	0.183908045977	0.225806451613	0.0	0.35	0.103092783505
162	0	0.202247191011	0.257142857143	0.0	0.311320754717	0.129032258065
163	0	0.0	0.0	0.0	0.193181818182	0.12037037037
164	0	0.544554455446	0.459459459459	0.383928571429	0.511627906977	0.513157894737
165	0	0.0	0.0	0.0	0.137931034483	0.13829787234
166	0	0.182692307692	0.26213592233	0.0	0.302083333333	0.106796116505
167	0	0.148936170213	0.0	0.114942528736	0.0	0.0
168	0	0.144230769231	0.0606060606061	0.0	0.377777777778	0.0978260869565
169	0	0.113402061856	0.0	0.161616161616	0.0	0.0
170	0	0.138888888889	0.126213592233	0.0	0.32	0.0769230769231
171	0	0.173076923077	0.106382978723	0.0	0.291666666667	0.130434782609
172	0	0.0	0.0	0.0	0.160377358491	0.144578313253
173	0	0.0	0.0	0.0	0.0642201834862	0.0927835051546
174	0	0.160714285714	0.0777777777778	0.0	0.287128712871	0.115789473684
175	0	0.0	0.0	0.0	0.1	0.0869565217391
176	0	0.16	0.108910891089	0.0	0.274336283186	0.0681818181818
177	0	0.0973451327434	0.21359223301	0.0	0.30701754386	0.117117117117
178	0	0.103092783505	0.0721649484536	0.0	0.260869565217	0.0595238095238
179	0	0.0	0.0	0.0	0.0	0.0
180	0	0.353535353535	0.318181818182	0.0	0.593406593407	0.364583333333
181	0	0.141304347826	0.125	0.0	0.198113207547	0.0
182	0	0.0	0.0	0.0	0.20618556701	0.108910891089
183	0	0.142857142857	0.117021276596	0.0	0.339805825243	0.126126126126
184	0	0.0948275862069	0.145833333333	0.0	0.0	0.0
185	0	0.13829787234	0.0	0.158415841584	0.0	0.0
186	0	0.0	0.0	0.0	0.0	0.0
187	0	0.189473684211	0.294117647059	0.0	0.302083333333	0.0989010989011
188	0	0.141304347826	0.125	0.0	0.301075268817	0.100917431193
189	0	0.0921052631579	0.127450980392	0.0	0.0	0.0
190	0	0.0	0.0	0.0	0.0	0.0
191	0	0.0	0.0	0.0	0.118811881188	0.0754716981132
192	0	0.139534883721	0.103773584906	0.0	0.27	0.135416666667
193	0	0.152173913043	0.0	0.212389380531	0.0	0.0
194	0	0.0	0.0	0.0	0.0	0.0
195	0	0.0	0.0	0.0	0.0	0.0
196	0	0.403361344538	0.411111111111	0.463157894737	0.425287356322	0.541176470588
197	0	0.294117647059	0.295454545455	0.0	0.530612244898	0.28125
198	0	0.112359550562	0.12	0.0	0.366336633663	0.163043478261
199	0	0.5	0.527777777778	0.572916666667	0.5	0.571428571429
