Chromosome	Position	Change	Gene	sample0	sample1	sample2	sample3	sample4
1	0	A>C	1	9	0	0	0	0
1	1	A>G	1	0	17	0	0	33
1	2	C>G	1	11	14	20	0	0
1	3	G>T	1	20	39	38	25	25
1	4	T>A	1	13	0	0	0	0
1	5	C>G	1	9	18	11	0	0
1	6	A>C	1	0	0	0	0	0
1	7	C>T	1	13	0	0	0	0
1	8	A>C	1	0	0	0	0	0
1	9	T>C	1	9	0	0	0	0
1	10	T>G	1	15	0	0	0	0
1	11	T>A	1	0	0	0	0	0
1	12	A>G	1	20	16	14	0	0
1	13	G>A	1	0	0	0	0	0
1	14	C>G	1	7	0	0	0	0
1	15	T>A	1	0	12	0	0	17
1	16	A>T	1	13	0	0	0	0
1	17	T>C	1	0	0	0	0	0
1	18	T>A	1	0	7	0	0	20
1	19	C>T	1	0	0	0	0	0
1	20	C>G	1	0	0	0	0	0
1	21	T>C	1	12	28	21	0	0
1	22	T>A	1	0	0	0	0	0
1	23	C>T	1	0	0	0	0	0
1	24	A>C	1	13	0	0	0	0
1	25	T>G	1	15	0	0	0	0
1	26	T>G	1	15	23	22	29	21
1	27	G>A	1	11	15	16	0	0
1	28	T>C	1	10	14	16	0	0
1	29	A>G	1	0	0	0	0	0
1	30	C>G	1	0	0	0	0	0
1	31	C>A	1	8	0	0	0	0
1	32	C>G	1	0	0	0	0	0
1	33	G>A	1	0	0	0	0	0
1	34	T>A	1	12	20	18	26	23
1	35	C>G	1	7	0	0	0	0
1	36	G>T	1	0	0	0	0	0
1	37	G>T	1	15	18	18	26	38
1	38	G>A	1	22	16	16	30	27
1	39	A>T	1	26	34	35	19	35
1	40	T>C	1	0	0	0	0	0
1	41	A>T	1	16	19	19	27	22
1	42	C>A	1	24	18	7	26	31
1	43	T>C	1	14	12	0	26	0
1	44	C>A	1	11	0	0	0	0
1	45	G>A	1	15	18	18	0	0
1	46	A>C	1	16	0	0	0	0
1	47	A>C	1	0	10	0	0	26
1	48	T>C	1	0	0	0	0	0
1	49	T>C	1	22	18	19	0	0
1	50	T>A	1	12	17	15	29	32
1	51	G>A	1	0	0	0	0	0
1	52	G>T	1	13	0	0	0	0
1	53	G>A	1	0	0	0	0	0
1	54	A>G	1	0	14	0	0	20
1	55	C>T	1	12	0	0	0	0
1	56	T>C	1	0	0	0	0	0
1	57	A>G	1	0	0	0	0	0
1	58	T>A	1	22	17	17	22	28
1	59	C>T	1	0	0	0	0	0
1	60	G>C	1	0	0	0	0	0
1	61	A>G	1	12	0	0	0	0
1	62	G>T	1	0	0	0	0	0
1	63	T>G	1	13	0	0	0	0
1	64	C>T	1	12	28	16	0	0
1	65	A>C	1	18	26	22	21	32
1	66	G>A	1	0	0	0	0	0
1	67	T>G	1	12	27	18	0	0
1	68	C>T	1	10	11	16	0	0
1	69	G>C	1	13	20	25	0	0
1	70	A>G	1	9	17	13	0	0
1	71	G>C	1	0	0	0	0	0
1	72	A>T	1	12	15	19	28	33
1	73	C>G	1	0	0	0	0	0
1	74	G>C	1	0	0	0	0	0
1	75	A>C	1	0	0	0	0	0
1	76	A>G	1	17	0	0	0	0
1	77	G>T	1	9	19	9	28	26
1	78	A>G	1	0	0	0	0	0
1	79	C>T	1	0	0	0	0	0
1	80	G>C	1	7	21	14	0	0
1	81	A>T	1	7	0	0	0	0
1	82	T>A	1	10	0	0	0	0
1	83	T>C	1	0	0	0	0	0
1	84	T>G	1	0	16	0	0	19
1	85	T>G	1	31	41	33	19	38
1	86	C>G	1	0	0	0	0	0
1	87	G>A	1	12	10	22	0	0
1	88	A>T	1	23	21	23	23	31
1	89	C>G	1	0	0	0	0	0
1	90	C>A	1	17	13	21	0	0
1	91	G>C	1	6	14	14	0	0
1	92	G>A	1	0	0	0	0	0
1	93	T>A	1	0	0	0	0	0
1	94	T>C	1	0	13	0	0	25
1	95	C>T	1	7	0	0	0	0
1	96	A>G	1	13	0	19	30	0
1	97	G>A	1	15	12	16	26	23
1	98	C>T	1	14	14	22	0	0
1	99	G>T	1	8	0	0	0	0
