#chr	normal	sample0	sample1	sample2	sample3	sample4
0	0	0.0	0.0	0.0	0.0	0.0
1	0	0.0	0.238938053097	0.0	0.0	0.0
2	0	0.0	0.285714285714	0.0	0.0	0.0
3	0	0.0	0.0	0.0	0.0	0.0
4	0	0.0	0.322916666667	0.0	0.0	0.0
5	0	0.0	0.0	0.0	0.0	0.0
6	0	0.491071428571	0.504854368932	0.5	0.556603773585	0.5
7	0	0.0	0.0	0.0	0.0	0.0
8	0	0.0	0.0	0.0	0.0	0.0
9	0	0.0	0.0	0.0	0.0	0.0
10	0	0.0	0.0	0.0	0.0	0.0
11	0	0.0	0.0	0.0	0.0	0.0
12	0	0.0	0.0	0.0	0.0	0.0
13	0	0.0	0.0	0.0	0.0	0.0
14	0	0.0	0.0	0.0	0.0	0.0
15	0	0.0	0.0	0.0	0.0	0.0
16	0	0.0	0.0	0.0	0.0	0.0
17	0	0.239130434783	0.0	0.141414141414	0.209302325581	0.0
18	0	0.0	0.0	0.0	0.0	0.278481012658
19	0	0.0	0.0	0.0	0.0	0.0
20	0	0.247058823529	0.0	0.295918367347	0.398058252427	0.0
21	0	0.0	0.0	0.0	0.0	0.0
22	0	0.0	0.0	0.0	0.0	0.0
23	0	0.2875	0.0	0.311827956989	0.354838709677	0.0
24	0	0.294736842105	0.0	0.324675324675	0.422018348624	0.0
25	0	0.0	0.0	0.0	0.0	0.0
26	0	0.0	0.0	0.0	0.0	0.0
27	0	0.295918367347	0.0	0.345454545455	0.346534653465	0.0
28	0	0.0	0.0	0.0	0.0	0.0
29	0	0.0	0.325301204819	0.0	0.0	0.530973451327
30	0	0.0	0.0	0.0	0.0	0.0
31	0	0.0	0.0	0.0	0.0	0.0
32	0	0.22641509434	0.0	0.19587628866	0.189473684211	0.0
33	0	0.0	0.0	0.0	0.0	0.0
34	0	0.234042553191	0.0	0.15625	0.126213592233	0.0
35	0	0.266666666667	0.0	0.320754716981	0.336283185841	0.0
36	0	0.0	0.0	0.0	0.0	0.0
37	0	0.0	0.0	0.0	0.0	0.0
38	0	0.0	0.0	0.0	0.0	0.0
39	0	0.0	0.0	0.0	0.0	0.0
40	0	0.0	0.30303030303	0.0	0.0	0.0
41	0	0.0	0.0	0.0	0.0	0.0
42	0	0.254545454545	0.0	0.0	0.0	0.0
43	0	0.0	0.0	0.0	0.0	0.0
44	0	0.0	0.0	0.0	0.0	0.0
45	0	0.0	0.0	0.0	0.0	0.0
46	0	0.0	0.0	0.0	0.0	0.181818181818
47	0	0.161616161616	0.0	0.0	0.0	0.0
48	0	0.0	0.0	0.0	0.0	0.0
49	0	0.0	0.0	0.0	0.0	0.22
50	0	0.223404255319	0.0	0.134831460674	0.222222222222	0.0
51	0	0.0	0.0	0.0	0.0	0.0
52	0	0.0	0.0	0.0	0.0	0.21359223301
53	0	0.0	0.0	0.0	0.0	0.0
54	0	0.0	0.0	0.0	0.0	0.0
55	0	0.5	0.533333333333	0.412844036697	0.447619047619	0.43
56	0	0.0	0.148936170213	0.0	0.0	0.0
57	0	0.0	0.0	0.0	0.0	0.0
58	0	0.0	0.0	0.0	0.0	0.0
59	0	0.0	0.0	0.0	0.0	0.0
60	0	0.0	0.0	0.0	0.0	0.2
61	0	0.0	0.226086956522	0.0	0.0	0.0
62	0	0.0	0.0	0.0	0.0	0.0
63	0	0.260869565217	0.0	0.0	0.0	0.0
64	0	0.272727272727	0.0	0.223300970874	0.37037037037	0.0
65	0	0.0	0.0	0.0	0.0	0.0
66	0	0.0	0.0	0.0	0.0	0.0
67	0	0.224489795918	0.0	0.0	0.0	0.0
68	0	0.0	0.220779220779	0.0	0.0	0.0
69	0	0.0	0.0	0.0	0.0	0.0
70	0	0.0	0.0	0.0	0.0	0.0
71	0	0.0	0.234042553191	0.173469387755	0.0	0.490384615385
72	0	0.25	0.0	0.336842105263	0.462264150943	0.0
73	0	0.21186440678	0.0	0.285714285714	0.443396226415	0.0
74	0	0.0	0.2	0.185185185185	0.0	0.469387755102
75	0	0.0	0.0	0.0	0.0	0.0
76	0	0.0	0.0	0.0	0.0	0.0
77	0	0.0	0.0	0.0	0.0	0.0
78	0	0.0	0.0	0.202380952381	0.0	0.0
79	0	0.0	0.0	0.0	0.0	0.0
80	0	0.204081632653	0.0	0.0	0.0	0.0
81	0	0.0	0.0	0.0	0.0	0.0
82	0	0.213333333333	0.0	0.162162162162	0.189473684211	0.0
83	0	0.0	0.0	0.0	0.0	0.0
84	0	0.223300970874	0.0	0.377777777778	0.397959183673	0.0
85	0	0.0	0.0	0.228571428571	0.0	0.0
86	0	0.343434343434	0.0	0.0	0.0	0.0
87	0	0.0	0.0	0.0	0.0	0.0
88	0	0.237288135593	0.0	0.373737373737	0.375	0.0
89	0	0.0	0.0	0.0	0.0	0.0
90	0	0.0	0.0	0.0	0.0	0.0
91	0	0.265306122449	0.0	0.215053763441	0.154761904762	0.0
92	0	0.288888888889	0.0	0.342105263158	0.315789473684	0.0
93	0	0.0	0.0	0.0	0.0	0.0
94	0	0.0	0.0	0.0	0.0	0.212962962963
95	0	0.0	0.0	0.0	0.0	0.0
96	0	0.0	0.0	0.0	0.0	0.203703703704
97	0	0.0	0.219047619048	0.0	0.0	0.0
98	0	0.0	0.0	0.0	0.0	0.0
99	0	0.0	0.347826086957	0.0	0.0	0.0
100	0	0.0	0.0	0.0	0.0	0.3
101	0	0.0	0.0	0.0	0.0	0.0
102	0	0.0	0.0	0.0	0.0	0.0
103	0	0.336134453782	0.0	0.0	0.0	0.0
104	0	0.0	0.0	0.0	0.0	0.0
105	0	0.247524752475	0.0	0.128440366972	0.161290322581	0.0
106	0	0.227722772277	0.0	0.287128712871	0.371134020619	0.0
107	0	0.0	0.0	0.0	0.0	0.0
108	0	0.0	0.0	0.222222222222	0.0	0.0
109	0	0.0	0.0	0.122222222222	0.0	0.0
110	0	0.0	0.0	0.0	0.0	0.0
111	0	0.0	0.0	0.0	0.0	0.0
112	0	0.0	0.0	0.0	0.0	0.0
113	0	0.268817204301	0.0	0.137931034483	0.161290322581	0.0
114	0	0.163793103448	0.0	0.0	0.0	0.0
115	0	0.227722772277	0.0	0.0	0.0	0.0
116	0	0.0	0.0	0.0	0.0	0.0
117	0	0.243243243243	0.0	0.0947368421053	0.247058823529	0.0
118	0	0.0	0.0	0.0	0.0	0.0
119	0	0.23595505618	0.0	0.0	0.0	0.0
120	0	0.0	0.0	0.0	0.0	0.0
121	0	0.0	0.0	0.0	0.0	0.0
122	0	0.237113402062	0.0	0.0	0.0	0.0
123	0	0.0	0.0	0.0	0.0	0.0
124	0	0.0	0.0	0.0	0.0	0.0
125	0	0.0	0.0	0.0	0.0	0.0
126	0	0.0	0.0	0.0	0.0	0.0
127	0	0.0	0.0	0.175824175824	0.0	0.0
128	0	0.0	0.0	0.0	0.0	0.0
129	0	0.286885245902	0.0	0.3125	0.397959183673	0.0
130	0	0.0	0.0	0.0	0.0	0.0
131	0	0.254385964912	0.0	0.0	0.0	0.0
132	0	0.0	0.0	0.0	0.0	0.266055045872
133	0	0.211764705882	0.0	0.340425531915	0.393258426966	0.0
134	0	0.0	0.0	0.0	0.0	0.0
135	0	0.271844660194	0.0	0.343137254902	0.386138613861	0.0
136	0	0.0	0.0	0.0	0.0	0.0
137	0	0.0	0.36	0.0	0.0	0.0
138	0	0.0	0.0	0.18	0.0	0.0
139	0	0.221238938053	0.0	0.161616161616	0.194174757282	0.0
140	0	0.0	0.0	0.0	0.0	0.0
141	0	0.0	0.0	0.0	0.0	0.0
142	0	0.0	0.0	0.0	0.0	0.0
143	0	0.0	0.0	0.0	0.0	0.0
144	0	0.315217391304	0.0	0.271739130435	0.373737373737	0.0
145	0	0.0	0.0	0.0	0.0	0.0
146	0	0.174311926606	0.0	0.229166666667	0.164705882353	0.0
147	0	0.0	0.204545454545	0.212765957447	0.0	0.567901234568
148	0	0.228260869565	0.0	0.366336633663	0.352272727273	0.0
149	0	0.291262135922	0.0	0.388429752066	0.362745098039	0.0
150	0	0.0	0.0	0.0	0.0	0.0
151	0	0.0	0.0	0.0	0.0	0.0
152	0	0.0	0.0	0.189189189189	0.0	0.0
153	0	0.206896551724	0.0	0.239130434783	0.373913043478	0.0
154	0	0.0	0.36170212766	0.0	0.0	0.0
155	0	0.0	0.0	0.154639175258	0.0	0.0
156	0	0.0	0.0	0.0	0.0	0.0
157	0	0.0	0.0	0.0	0.0	0.0
158	0	0.0	0.268817204301	0.0	0.0	0.0
159	0	0.0	0.0	0.0	0.0	0.0
160	0	0.0	0.0	0.0	0.0	0.0
161	0	0.0	0.0	0.0	0.0	0.0
162	0	0.333333333333	0.0	0.0	0.0	0.0
163	0	0.0	0.194444444444	0.161616161616	0.0	0.525252525253
164	0	0.0	0.0	0.0	0.0	0.214285714286
165	0	0.0	0.0	0.0	0.0	0.0
166	0	0.0	0.0	0.0	0.0	0.0
167	0	0.0	0.307692307692	0.0	0.0	0.0
168	0	0.0	0.0	0.0	0.0	0.0
169	0	0.257425742574	0.0	0.0	0.0	0.0
170	0	0.0	0.262626262626	0.0	0.0	0.0
171	0	0.0	0.0	0.15306122449	0.0	0.0
172	0	0.228813559322	0.0	0.306930693069	0.401960784314	0.0
173	0	0.0	0.0	0.0	0.0	0.0
174	0	0.0	0.0	0.0	0.0	0.0
175	0	0.0	0.0	0.0	0.0	0.254545454545
176	0	0.0	0.136363636364	0.142857142857	0.0	0.551020408163
177	0	0.0	0.0	0.0	0.0	0.211538461538
178	0	0.0	0.0	0.152173913043	0.0	0.0
179	0	0.225806451613	0.0	0.164948453608	0.189393939394	0.0
180	0	0.0	0.285714285714	0.0	0.0	0.0
181	0	0.0	0.0	0.0	0.0	0.0
182	0	0.0	0.0	0.0	0.0	0.0
183	0	0.0	0.0	0.0	0.0	0.0
184	0	0.0	0.280487804878	0.164835164835	0.0	0.538461538462
185	0	0.188888888889	0.0	0.146341463415	0.204301075269	0.0
186	0	0.0	0.0	0.0	0.0	0.326923076923
187	0	0.0	0.0	0.0	0.0	0.0
188	0	0.0	0.0	0.0	0.0	0.0
189	0	0.0	0.0	0.0	0.0	0.0
190	0	0.0	0.0	0.0	0.0	0.0
191	0	0.0	0.0	0.0	0.0	0.0
192	0	0.0	0.260416666667	0.0	0.0	0.0
193	0	0.0	0.0	0.0	0.0	0.0
194	0	0.0	0.0	0.0	0.0	0.0
195	0	0.0	0.29702970297	0.0	0.0	0.0
196	0	0.0	0.23275862069	0.0	0.0	0.0
197	0	0.0	0.0	0.0	0.0	0.0
198	0	0.0	0.0	0.0	0.0	0.0
199	0	0.0	0.0	0.0	0.0	0.0
