#chr	normal	sample0	sample1	sample2	sample3	sample4
0	0	0.0	0.0	0.0	0.36170212766	0.19801980198
1	0	0.0	0.0	0.093023255814	0.0	0.0
2	0	0.27868852459	0.563829787234	0.38202247191	0.397849462366	0.357142857143
3	0	0.0	0.0	0.15	0.0	0.0
4	0	0.0	0.0	0.0	0.0	0.0
5	0	0.333333333333	0.265957446809	0.0	0.240384615385	0.291666666667
6	0	0.234042553191	0.241758241758	0.0	0.0	0.0
7	0	0.258823529412	0.190476190476	0.0	0.0	0.0
8	0	0.0	0.0	0.0	0.0	0.126213592233
9	0	0.247619047619	0.229166666667	0.0	0.0	0.0
10	0	0.254901960784	0.574074074074	0.296296296296	0.417475728155	0.407766990291
11	0	0.0	0.0	0.0	0.0	0.0
12	0	0.162162162162	0.306930693069	0.0	0.252525252525	0.349056603774
13	0	0.217821782178	0.252525252525	0.0	0.272727272727	0.365591397849
14	0	0.210526315789	0.548780487805	0.365384615385	0.413793103448	0.373831775701
15	0	0.0	0.0	0.0	0.0	0.135416666667
16	0	0.133333333333	0.473214285714	0.383928571429	0.391304347826	0.308510638298
17	0	0.0	0.0	0.0	0.235849056604	0.100917431193
18	0	0.0	0.0	0.0	0.239130434783	0.102040816327
19	0	0.0	0.0	0.0	0.0857142857143	0.0
20	0	0.0	0.0	0.0	0.29	0.212121212121
21	0	0.0	0.0	0.0	0.104761904762	0.0
22	0	0.0	0.0	0.0	0.0	0.0
23	0	0.0	0.0	0.0	0.0	0.121495327103
24	0	0.208791208791	0.453488372093	0.43137254902	0.52	0.318681318681
25	0	0.0	0.0	0.0	0.155844155844	0.111111111111
26	0	0.0	0.0	0.0	0.0	0.0
27	0	0.210526315789	0.207920792079	0.0	0.0	0.0
28	0	0.0	0.0	0.0	0.0	0.0
29	0	0.0	0.0	0.0	0.0	0.125
30	0	0.0	0.0	0.0	0.0	0.163043478261
31	0	0.0	0.0	0.0	0.288888888889	0.18
32	0	0.276595744681	0.27	0.0	0.0	0.0
33	0	0.285714285714	0.294117647059	0.0	0.21359223301	0.351851851852
34	0	0.220183486239	0.309734513274	0.0	0.0	0.0
35	0	0.0	0.125	0.0	0.125	0.0
36	0	0.0	0.0	0.0	0.0	0.0
37	0	0.224299065421	0.0	0.0989010989011	0.0865384615385	0.157407407407
38	0	0.188888888889	0.209090909091	0.0	0.177083333333	0.321100917431
39	0	0.0	0.0	0.208333333333	0.0	0.0
40	0	0.0	0.0	0.0	0.0	0.174418604651
41	0	0.211538461538	0.433962264151	0.389473684211	0.373737373737	0.351648351648
42	0	0.22	0.0	0.112244897959	0.108108108108	0.0
43	0	0.0	0.0	0.0	0.319672131148	0.137254901961
44	0	0.0	0.0	0.0	0.205357142857	0.175824175824
45	0	0.198113207547	0.471264367816	0.416666666667	0.427272727273	0.319587628866
46	0	0.26213592233	0.0	0.135416666667	0.0744680851064	0.0
47	0	0.0	0.0	0.0	0.0	0.104166666667
48	0	0.0	0.117647058824	0.0	0.164948453608	0.0
49	0	0.0	0.0	0.0	0.333333333333	0.193181818182
50	0	0.0	0.0	0.0	0.0	0.0
51	0	0.0	0.0	0.137254901961	0.0	0.0
52	0	0.0	0.0	0.0	0.298850574713	0.175257731959
53	0	0.238532110092	0.205607476636	0.0	0.188679245283	0.44
54	0	0.0	0.0	0.0	0.0	0.0
55	0	0.274509803922	0.147058823529	0.0	0.0	0.0
56	0	0.0	0.0	0.0	0.0	0.138888888889
57	0	0.315315315315	0.224719101124	0.0	0.243243243243	0.287128712871
58	0	0.0	0.0	0.0	0.0	0.153846153846
59	0	0.178571428571	0.211764705882	0.0	0.0	0.0
60	0	0.265306122449	0.196428571429	0.0	0.0	0.0
61	0	0.233644859813	0.369565217391	0.38202247191	0.371134020619	0.38679245283
62	0	0.0	0.0	0.135416666667	0.0	0.0
63	0	0.244680851064	0.281553398058	0.0	0.33	0.31
64	0	0.225806451613	0.263157894737	0.0	0.195652173913	0.308411214953
65	0	0.0	0.0	0.0	0.0	0.144444444444
66	0	0.0	0.0	0.0	0.164835164835	0.190476190476
67	0	0.0	0.0	0.0	0.0	0.190909090909
68	0	0.25974025974	0.247524752475	0.0	0.0	0.0
69	0	0.235849056604	0.0967741935484	0.0	0.0	0.0
70	0	0.0	0.0	0.0	0.0857142857143	0.0
71	0	0.0	0.0	0.0	0.0	0.0
72	0	0.182608695652	0.247191011236	0.0	0.186274509804	0.451219512195
73	0	0.34	0.0	0.141304347826	0.0841121495327	0.0
74	0	0.0	0.0	0.188235294118	0.0	0.0
75	0	0.0	0.0	0.0	0.0	0.0
76	0	0.282608695652	0.0	0.125	0.102040816327	0.0
77	0	0.295652173913	0.467289719626	0.292929292929	0.432098765432	0.382113821138
78	0	0.0	0.196428571429	0.0	0.182608695652	0.0
79	0	0.0	0.0	0.0	0.0	0.0
80	0	0.23	0.0	0.118811881188	0.0865384615385	0.0
81	0	0.0	0.0	0.0	0.0	0.137254901961
82	0	0.264705882353	0.263736263736	0.0	0.291666666667	0.296703296703
83	0	0.0	0.0	0.0	0.24	0.160377358491
84	0	0.307692307692	0.0	0.107142857143	0.0582524271845	0.0
85	0	0.233644859813	0.0	0.113043478261	0.0989010989011	0.0
86	0	0.269662921348	0.244444444444	0.0	0.280487804878	0.42
87	0	0.244680851064	0.21	0.0	0.339130434783	0.352941176471
88	0	0.216981132075	0.283018867925	0.0	0.0	0.0
89	0	0.0	0.0	0.0	0.0	0.0
90	0	0.0	0.0	0.0	0.0	0.231481481481
91	0	0.316326530612	0.215909090909	0.0	0.0	0.0
92	0	0.0	0.0	0.0	0.0	0.0
93	0	0.0	0.0	0.0	0.277227722772	0.205607476636
94	0	0.266666666667	0.211538461538	0.0	0.242105263158	0.390804597701
95	0	0.21875	0.24	0.0	0.0	0.0
96	0	0.2	0.274509803922	0.0	0.286956521739	0.409090909091
97	0	0.0	0.0	0.132743362832	0.0	0.0
98	0	0.0	0.0	0.0	0.0	0.0
99	0	0.0	0.0	0.152671755725	0.0	0.0
100	0	0.237113402062	0.485436893204	0.470588235294	0.466666666667	0.354166666667
101	0	0.0	0.0	0.0978260869565	0.0	0.0
102	0	0.252525252525	0.206896551724	0.0	0.304347826087	0.435643564356
103	0	0.174311926606	0.510204081633	0.375	0.436170212766	0.326086956522
104	0	0.178217821782	0.2	0.0	0.0	0.0
105	0	0.0	0.0	0.0	0.0	0.0652173913043
106	0	0.256880733945	0.32	0.0	0.0	0.0
107	0	0.0	0.0	0.135135135135	0.0	0.0
108	0	0.265957446809	0.516129032258	0.461538461538	0.397435897436	0.43
109	0	0.28	0.542168674699	0.490196078431	0.336842105263	0.279569892473
110	0	0.0	0.0	0.0	0.0	0.113402061856
111	0	0.0	0.0	0.126315789474	0.0	0.0
112	0	0.24	0.104166666667	0.0	0.0	0.0
113	0	0.252525252525	0.0	0.0833333333333	0.0983606557377	0.0
114	0	0.122222222222	0.570093457944	0.461538461538	0.391304347826	0.320754716981
115	0	0.0	0.0	0.0	0.0	0.166666666667
116	0	0.0	0.0	0.0	0.204545454545	0.126213592233
117	0	0.238532110092	0.571428571429	0.329896907216	0.43956043956	0.339285714286
118	0	0.19387755102	0.52427184466	0.417582417582	0.380952380952	0.306930693069
119	0	0.241758241758	0.483516483516	0.322222222222	0.452631578947	0.404494382022
120	0	0.0	0.0	0.0	0.0	0.186813186813
121	0	0.0	0.0	0.0	0.0	0.0
122	0	0.229885057471	0.491525423729	0.32380952381	0.36	0.350515463918
123	0	0.0	0.0	0.0	0.0	0.0
124	0	0.0	0.0	0.0	0.0	0.157407407407
125	0	0.0	0.0	0.0	0.0	0.0
126	0	0.196078431373	0.288659793814	0.0	0.221052631579	0.336
127	0	0.0	0.0	0.0	0.299065420561	0.151898734177
128	0	0.287037037037	0.245762711864	0.0	0.336734693878	0.414893617021
129	0	0.260162601626	0.231578947368	0.0	0.252747252747	0.303921568627
130	0	0.0	0.0	0.0	0.0	0.180952380952
131	0	0.0	0.0	0.0	0.0	0.146788990826
132	0	0.0	0.0	0.0	0.0	0.133333333333
133	0	0.0	0.0	0.0	0.0	0.161290322581
134	0	0.0	0.0	0.0	0.216981132075	0.114583333333
135	0	0.0	0.0	0.0	0.0	0.0
136	0	0.16091954023	0.522123893805	0.412280701754	0.435294117647	0.316239316239
137	0	0.227272727273	0.485981308411	0.3671875	0.421568627451	0.369565217391
138	0	0.27619047619	0.159090909091	0.0	0.0	0.0
139	0	0.230088495575	0.0	0.130841121495	0.120481927711	0.0
140	0	0.0	0.0	0.0	0.415730337079	0.153846153846
141	0	0.0	0.0	0.0	0.0	0.21875
142	0	0.0	0.0	0.0	0.0	0.0
143	0	0.218181818182	0.205357142857	0.0	0.3	0.418604651163
144	0	0.0	0.0	0.0	0.0	0.21359223301
145	0	0.217391304348	0.45652173913	0.48	0.406593406593	0.298076923077
146	0	0.0	0.0	0.0	0.0	0.195652173913
147	0	0.0	0.0	0.0	0.0	0.0
148	0	0.0	0.0	0.0	0.0	0.0
149	0	0.0	0.0	0.0	0.0	0.0
150	0	0.195652173913	0.274509803922	0.0	0.0	0.0
151	0	0.25	0.29	0.0	0.3125	0.336956521739
152	0	0.0	0.0	0.0	0.305555555556	0.177777777778
153	0	0.0	0.0	0.0	0.0	0.0
154	0	0.0	0.0	0.102040816327	0.102803738318	0.0
155	0	0.0	0.0	0.132075471698	0.0796460176991	0.0
156	0	0.0	0.0	0.0	0.0	0.150537634409
157	0	0.0	0.0	0.0	0.0891089108911	0.0
158	0	0.0	0.0	0.175438596491	0.0	0.0
159	0	0.221153846154	0.206896551724	0.0	0.0	0.0
160	0	0.301204819277	0.25	0.0	0.27	0.388349514563
161	0	0.268041237113	0.255555555556	0.0	0.267441860465	0.315315315315
162	0	0.0	0.0	0.0	0.0	0.0
163	0	0.329787234043	0.458333333333	0.307692307692	0.37962962963	0.313131313131
164	0	0.0	0.0	0.0	0.291666666667	0.13829787234
165	0	0.0	0.0	0.0	0.0	0.0
166	0	0.283185840708	0.215909090909	0.0	0.258928571429	0.280991735537
167	0	0.258426966292	0.336734693878	0.0	0.186274509804	0.402173913043
168	0	0.208333333333	0.2	0.0	0.277777777778	0.255102040816
169	0	0.21568627451	0.176991150442	0.0	0.29347826087	0.283018867925
170	0	0.0	0.0	0.0	0.0	0.21359223301
171	0	0.0	0.0	0.0	0.113402061856	0.0
172	0	0.0	0.0	0.0761904761905	0.0	0.0
173	0	0.0	0.0	0.0	0.0	0.0
174	0	0.26213592233	0.511363636364	0.329896907216	0.397959183673	0.316239316239
175	0	0.0	0.151515151515	0.0	0.174311926606	0.0
176	0	0.0	0.0	0.144144144144	0.0875	0.0
177	0	0.247058823529	0.224489795918	0.0	0.0	0.0
178	0	0.288461538462	0.461538461538	0.415094339623	0.413793103448	0.337078651685
179	0	0.0	0.0	0.0	0.236559139785	0.159090909091
180	0	0.0	0.0	0.0	0.197802197802	0.153153153153
181	0	0.0	0.0	0.0	0.0	0.0
182	0	0.223140495868	0.265060240964	0.0	0.0	0.0
183	0	0.273684210526	0.237623762376	0.0	0.216216216216	0.383928571429
184	0	0.22	0.150537634409	0.0	0.295918367347	0.29702970297
185	0	0.218181818182	0.310344827586	0.0	0.0	0.0
186	0	0.232323232323	0.0	0.17	0.0918367346939	0.116504854369
187	0	0.0	0.0	0.0	0.0	0.0
188	0	0.238095238095	0.0686274509804	0.0	0.0	0.0
189	0	0.0	0.0	0.0	0.0	0.175
190	0	0.0	0.0	0.0	0.0	0.161290322581
191	0	0.278846153846	0.5	0.415254237288	0.462264150943	0.330275229358
192	0	0.321739130435	0.540816326531	0.416666666667	0.465346534653	0.405940594059
193	0	0.305555555556	0.212765957447	0.0	0.207547169811	0.390909090909
194	0	0.0	0.0	0.0	0.183908045977	0.0
195	0	0.0	0.0	0.0	0.0	0.0
196	0	0.258620689655	0.0952380952381	0.0	0.0	0.0
197	0	0.0	0.0	0.0	0.0	0.160714285714
198	0	0.0	0.0	0.133333333333	0.0	0.0
199	0	0.0	0.0	0.0	0.0	0.163461538462
