#chr	position	description	normal	sample0	sample1	sample2	sample3	sample4
1	1	1	0	0.513145082765	0.498486377397	0.508910891089	0.524242424242	0.493519441675
2	1	1	0	0.489539748954	0.494370522006	0.465140478668	0.504504504505	0.494494494494
3	1	1	0	0.224789915966	0.0	0.0	0.0	0.154308617234
4	1	1	0	0.204268292683	0.0	0.0	0.0	0.141885325559
5	1	1	0	0.0	0.0	0.0	0.0	0.115303983229
6	1	1	0	0.0	0.495702005731	0.108737864078	0.222739981361	0.0
7	1	1	0	0.509125840538	0.498977505112	0.501	0.490872210953	0.465931863727
8	1	1	0	0.0	0.506862745098	0.114457831325	0.201015228426	0.0
9	1	1	0	0.205761316872	0.513078470825	0.247	0.198396793587	0.148111332008
10	1	1	0	0.0	0.0	0.0	0.0	0.136412459721
11	1	1	0	0.186512118019	0.0	0.0	0.0	0.144076840982
12	1	1	0	0.179047619048	0.508875739645	0.251599147122	0.202518363064	0.14556331007
13	1	1	0	0.0	0.0	0.0	0.0	0.149522799576
14	1	1	0	0.500477554919	0.498931623932	0.504210526316	0.51677852349	0.490603363007
15	1	1	0	0.190618762475	0.505870841487	0.258955987718	0.227579556413	0.151362260343
16	1	1	0	0.497414684592	0.490476190476	0.484936831876	0.517057569296	0.478033472803
17	1	1	0	0.0	0.305164319249	0.0	0.0	0.0
18	1	1	0	0.20060483871	0.0	0.0	0.0	0.146090534979
19	1	1	0	0.489754098361	0.497593840231	0.51269035533	0.517892644135	0.49419218585
20	1	1	0	0.499491353001	0.498908296943	0.516751269036	0.494427558257	0.497023809524
21	1	1	0	0.502443792766	0.494392523364	0.532940019666	0.476744186047	0.50390625
22	1	1	0	0.48973880597	0.503875968992	0.495092693566	0.476608187135	0.494438827098
23	1	1	0	0.513972055888	0.51567239636	0.517276422764	0.473282442748	0.49419729207
24	1	1	0	0.5	0.500503524673	0.506329113924	0.470526315789	0.489775051125
25	1	1	0	0.0	0.271815446339	0.0	0.0	0.0
26	1	1	0	0.0	0.0	0.0	0.0	0.159563924678
27	1	1	0	0.505397448479	0.510060362173	0.492929292929	0.505102040816	0.477412731006
28	1	1	0	0.198581560284	0.0	0.0	0.0	0.15695952616
29	1	1	0	0.500978473581	0.508374384236	0.507869884575	0.482421875	0.51002004008
30	1	1	0	0.200587084149	0.0	0.0	0.0	0.138506876228
31	1	1	0	0.0	0.0	0.104294478528	0.0	0.179863147605
32	1	1	0	0.0	0.0	0.125888324873	0.0	0.162814070352
33	1	1	0	0.19274611399	0.0	0.0	0.0	0.125367286974
34	1	1	0	0.219921104536	0.488775510204	0.220131702728	0.488911290323	0.118042226488
35	1	1	0	0.0	0.0	0.113453815261	0.0	0.165496489468
36	1	1	0	0.167976424361	0.0	0.0	0.0	0.129482071713
37	1	1	0	0.0	0.283950617284	0.0	0.0	0.0
38	1	1	0	0.185903983657	0.0	0.0	0.0	0.134615384615
39	1	1	0	0.4990234375	0.505988023952	0.477993858751	0.528528528529	0.506391347099
40	1	1	0	0.198588709677	0.0	0.0	0.0	0.130890052356
41	1	1	0	0.210945273632	0.0	0.0	0.0	0.12786259542
42	1	1	0	0.512670565302	0.480789200415	0.511695906433	0.503944773176	0.502517623364
43	1	1	0	0.0	0.310717797443	0.0	0.0	0.0
44	1	1	0	0.0	0.317198764161	0.0	0.0	0.0
45	1	1	0	0.210031347962	0.0	0.0	0.0	0.124878993224
46	1	1	0	0.208970438328	0.0	0.0	0.0	0.144640998959
47	1	1	0	0.515923566879	0.52453653217	0.507276507277	0.539666993144	0.496296296296
48	1	1	0	0.0	0.0	0.0	0.0	0.0
49	1	1	0	0.2125	0.485212569316	0.236842105263	0.498489425982	0.156041864891
50	1	1	0	0.184857423795	0.49641025641	0.210578842315	0.207	0.15444015444
51	1	1	0	0.479423868313	0.503073770492	0.482857142857	0.492537313433	0.488465396189
52	1	1	0	0.183414634146	0.0	0.0	0.0	0.13353115727
53	1	1	0	0.491609081935	0.479797979798	0.503311258278	0.487899322362	0.514047866805
54	1	1	0	0.0	0.0	0.139	0.0	0.173292558614
55	1	1	0	0.0	0.321656050955	0.0	0.0	0.0
56	1	1	0	0.0	0.321533923304	0.0	0.0	0.0
57	1	1	0	0.0	0.301797540208	0.0	0.0	0.0
58	1	1	0	0.0	0.0	0.0	0.0	0.150809716599
59	1	1	0	0.189979123173	0.48136315229	0.229968782518	0.191089108911	0.130905511811
60	1	1	0	0.0	0.306760847629	0.0	0.0	0.0
61	1	1	0	0.177638453501	0.0	0.0	0.0	0.130745658836
62	1	1	0	0.192913385827	0.494023904382	0.245206861756	0.510531594784	0.134944612286
63	1	1	0	0.0	0.311111111111	0.0	0.0	0.0
64	1	1	0	0.200841219769	0.471287128713	0.222111553785	0.498583569405	0.140939597315
65	1	1	0	0.0	0.509703779367	0.109848484848	0.206195546951	0.0
66	1	1	0	0.185026737968	0.0	0.0	0.0	0.143139190523
67	1	1	0	0.181268882175	0.490625	0.244979919679	0.204183266932	0.148148148148
68	1	1	0	0.0	0.291384317522	0.0	0.0	0.0
69	1	1	0	0.0	0.503305004721	0.0855457227139	0.22123015873	0.0
70	1	1	0	0.0	0.289423076923	0.0	0.0	0.0
71	1	1	0	0.220977596741	0.0	0.0	0.0	0.146692233941
72	1	1	0	0.0	0.325897187197	0.0	0.0	0.0
73	1	1	0	0.0	0.0	0.0	0.0	0.120080726539
74	1	1	0	0.0	0.505652620761	0.108695652174	0.231404958678	0.0
75	1	1	0	0.0	0.0	0.0	0.0	0.141325536062
76	1	1	0	0.0	0.295585412668	0.0	0.0	0.0
77	1	1	0	0.0	0.504098360656	0.112595419847	0.202797202797	0.0
78	1	1	0	0.0	0.516256157635	0.108481262327	0.212660731949	0.0
79	1	1	0	0.503080082136	0.520038167939	0.517497348887	0.496138996139	0.499511241447
80	1	1	0	0.0	0.332323232323	0.0	0.0	0.0
81	1	1	0	0.0	0.281190019194	0.0	0.0	0.0
82	1	1	0	0.0	0.0	0.0	0.0	0.137577002053
83	1	1	0	0.0	0.299196787149	0.0	0.0	0.0
84	1	1	0	0.0	0.291586998088	0.0	0.0	0.0
85	1	1	0	0.0	0.524201853759	0.112121212121	0.218536585366	0.0
86	1	1	0	0.190871369295	0.494786729858	0.22695035461	0.507462686567	0.145833333333
87	1	1	0	0.517350157729	0.492291880781	0.520120724346	0.477344573235	0.51689860835
88	1	1	0	0.20892494929	0.498065764023	0.255555555556	0.224086870681	0.129162462159
89	1	1	0	0.498567335244	0.5009765625	0.46243902439	0.491869918699	0.544455544456
90	1	1	0	0.521611001965	0.490196078431	0.488301119023	0.489593657086	0.505040322581
91	1	1	0	0.0	0.0	0.099297893681	0.0	0.188811188811
92	1	1	0	0.207456978967	0.505675954592	0.240506329114	0.196555217832	0.138888888889
93	1	1	0	0.519191919192	0.481180061038	0.496538081108	0.507919746568	0.49459193707
94	1	1	0	0.192660550459	0.0	0.0	0.0	0.143984220907
95	1	1	0	0.0	0.507614213198	0.0966735966736	0.209598432909	0.0
96	1	1	0	0.0	0.0	0.0	0.0	0.1369168357
97	1	1	0	0.0	0.50884086444	0.100297914598	0.230690010299	0.0
98	1	1	0	0.494623655914	0.49898989899	0.494949494949	0.502879078695	0.473577235772
99	1	1	0	0.225872689938	0.493	0.258653846154	0.214807090719	0.1328125
100	1	1	0	0.19651500484	0.527254707631	0.228571428571	0.498516320475	0.156882591093
