#chr	position	description	normal	sample0	sample1	sample2	sample3	sample4
1	1	1	0	0.0	0.121212121212	0.150537634409	0.252252252252	0.188118811881
2	1	1	0	0.0	0.0	0.063829787234	0.2625	0.132743362832
3	1	1	0	0.0	0.0	0.141509433962	0.0	0.0
4	1	1	0	0.0	0.0	0.0	0.0	0.0
5	1	1	0	0.28431372549	0.0	0.0	0.0	0.0
6	1	1	0	0.307692307692	0.0	0.1	0.0	0.116504854369
7	1	1	0	0.0	0.154639175258	0.23595505618	0.3	0.193548387097
8	1	1	0	0.0	0.0	0.0	0.0	0.0
9	1	1	0	0.0	0.136842105263	0.119047619048	0.333333333333	0.214285714286
10	1	1	0	0.0	0.105769230769	0.222222222222	0.367346938776	0.141509433962
11	1	1	0	0.0	0.0	0.0	0.0	0.0
12	1	1	0	0.0	0.0	0.125	0.0	0.0
13	1	1	0	0.0	0.0	0.170731707317	0.0	0.0
14	1	1	0	0.0	0.0	0.0	0.0	0.0
15	1	1	0	0.0	0.165048543689	0.362745098039	0.357142857143	0.158878504673
16	1	1	0	0.0	0.129411764706	0.294117647059	0.314516129032	0.127118644068
17	1	1	0	0.0	0.0	0.165048543689	0.0	0.0
18	1	1	0	0.0	0.129310344828	0.0849056603774	0.294736842105	0.229885057471
19	1	1	0	0.0	0.0	0.137931034483	0.0	0.0
20	1	1	0	0.0	0.173076923077	0.235294117647	0.27027027027	0.145454545455
21	1	1	0	0.0	0.103092783505	0.223529411765	0.326530612245	0.147058823529
22	1	1	0	0.0	0.0	0.0	0.0	0.0
23	1	1	0	0.0	0.344	0.0	0.0	0.221052631579
24	1	1	0	0.0	0.0	0.175257731959	0.0	0.0
25	1	1	0	0.0	0.0	0.188888888889	0.0	0.0
26	1	1	0	0.0	0.144444444444	0.20202020202	0.357142857143	0.185567010309
27	1	1	0	0.0	0.351648351648	0.0	0.0	0.141304347826
28	1	1	0	0.0	0.0	0.125	0.0	0.0
29	1	1	0	0.0	0.0	0.1625	0.0	0.0
30	1	1	0	0.0	0.162162162162	0.135135135135	0.290697674419	0.175257731959
31	1	1	0	0.0	0.0	0.142857142857	0.0	0.0
32	1	1	0	0.0	0.133333333333	0.298969072165	0.3	0.103448275862
33	1	1	0	0.0	0.175925925926	0.116279069767	0.194174757282	0.161904761905
34	1	1	0	0.0	0.1875	0.13	0.3125	0.233644859813
35	1	1	0	0.260869565217	0.0	0.119565217391	0.0	0.151785714286
36	1	1	0	0.0	0.0	0.0	0.0	0.0
37	1	1	0	0.0	0.10989010989	0.298969072165	0.28125	0.19801980198
38	1	1	0	0.0	0.0	0.0	0.0	0.0
39	1	1	0	0.0	0.340425531915	0.0	0.0	0.179245283019
40	1	1	0	0.0	0.0	0.0	0.0	0.0
41	1	1	0	0.0	0.0	0.183673469388	0.0	0.0
42	1	1	0	0.0	0.0	0.0952380952381	0.0	0.0
43	1	1	0	0.0	0.0	0.147826086957	0.0	0.0
44	1	1	0	0.0	0.0	0.147368421053	0.0	0.0
45	1	1	0	0.0	0.0	0.117117117117	0.0	0.0
46	1	1	0	0.0	0.0	0.114583333333	0.0	0.0
47	1	1	0	0.0	0.162162162162	0.164948453608	0.333333333333	0.127906976744
48	1	1	0	0.0	0.0842105263158	0.264705882353	0.224299065421	0.173469387755
49	1	1	0	0.0	0.409090909091	0.0	0.0	0.141414141414
50	1	1	0	0.0	0.0	0.16091954023	0.0	0.0
51	1	1	0	0.175	0.0	0.0714285714286	0.0	0.0
52	1	1	0	0.0	0.13	0.28431372549	0.252525252525	0.169491525424
53	1	1	0	0.0	0.0	0.13	0.0	0.0
54	1	1	0	0.0	0.164948453608	0.27358490566	0.261261261261	0.177570093458
55	1	1	0	0.0	0.0	0.0	0.0	0.0
56	1	1	0	0.0	0.0776699029126	0.255555555556	0.222222222222	0.221153846154
57	1	1	0	0.0	0.0	0.0	0.0	0.0
58	1	1	0	0.0	0.0	0.0454545454545	0.257425742574	0.0898876404494
59	1	1	0	0.0	0.0	0.205607476636	0.0	0.0
60	1	1	0	0.0	0.0	0.168539325843	0.0	0.0
61	1	1	0	0.0	0.186274509804	0.236363636364	0.237623762376	0.19
62	1	1	0	0.0	0.103773584906	0.252873563218	0.326923076923	0.220930232558
63	1	1	0	0.0	0.204081632653	0.0824742268041	0.227272727273	0.136363636364
64	1	1	0	0.0	0.3125	0.0	0.0	0.235294117647
65	1	1	0	0.0	0.223404255319	0.262626262626	0.262711864407	0.178947368421
66	1	1	0	0.0	0.17	0.0	0.0	0.129032258065
67	1	1	0	0.0	0.0	0.14	0.32	0.170212765957
68	1	1	0	0.0	0.151515151515	0.0	0.0	0.0967741935484
69	1	1	0	0.0	0.107142857143	0.28125	0.343137254902	0.225806451613
70	1	1	0	0.0	0.137254901961	0.144444444444	0.239130434783	0.245283018868
71	1	1	0	0.0	0.125	0.25	0.316831683168	0.191489361702
72	1	1	0	0.0	0.0	0.0	0.0	0.0
73	1	1	0	0.0	0.152380952381	0.279569892473	0.311827956989	0.15625
74	1	1	0	0.0	0.0947368421053	0.111111111111	0.288288288288	0.129032258065
75	1	1	0	0.0	0.0	0.142857142857	0.0	0.0
76	1	1	0	0.0	0.0	0.0	0.0	0.0
77	1	1	0	0.0	0.0	0.0	0.0	0.0
78	1	1	0	0.0	0.235294117647	0.242990654206	0.269230769231	0.153153153153
79	1	1	0	0.0	0.198198198198	0.0714285714286	0.275510204082	0.164948453608
80	1	1	0	0.0	0.0	0.0	0.0	0.0
81	1	1	0	0.0	0.195652173913	0.0	0.0	0.174418604651
82	1	1	0	0.0	0.12962962963	0.25	0.333333333333	0.164705882353
83	1	1	0	0.0	0.0	0.15306122449	0.0	0.0
84	1	1	0	0.0	0.2	0.0	0.0	0.20987654321
85	1	1	0	0.0	0.3125	0.0	0.0	0.168421052632
86	1	1	0	0.252252252252	0.396226415094	0.208333333333	0.239130434783	0.135922330097
87	1	1	0	0.0	0.145299145299	0.291666666667	0.311111111111	0.118181818182
88	1	1	0	0.0	0.0	0.0	0.0	0.0
89	1	1	0	0.0	0.0	0.0	0.305555555556	0.0
90	1	1	0	0.0	0.0	0.154761904762	0.0	0.0
91	1	1	0	0.0	0.0	0.201923076923	0.0	0.0
92	1	1	0	0.0	0.0	0.0	0.0	0.0
93	1	1	0	0.0	0.0	0.158878504673	0.0	0.0
94	1	1	0	0.0	0.0	0.141025641026	0.0	0.0
95	1	1	0	0.0	0.0	0.0	0.0	0.0
96	1	1	0	0.0	0.211111111111	0.25	0.383720930233	0.240740740741
97	1	1	0	0.0	0.0	0.0	0.0	0.0
98	1	1	0	0.0	0.144736842105	0.218181818182	0.296296296296	0.133333333333
99	1	1	0	0.0	0.0	0.0	0.0	0.0
100	1	1	0	0.0	0.0	0.0	0.0	0.0
101	1	1	0	0.275590551181	0.0	0.108108108108	0.0	0.153846153846
102	1	1	0	0.0	0.0	0.0	0.0	0.0
103	1	1	0	0.0	0.148148148148	0.0	0.0	0.117647058824
104	1	1	0	0.0	0.341666666667	0.0	0.0	0.2
105	1	1	0	0.0	0.115789473684	0.201923076923	0.259259259259	0.2
106	1	1	0	0.0	0.0	0.106382978723	0.205882352941	0.21359223301
107	1	1	0	0.0	0.0	0.0531914893617	0.0	0.0
108	1	1	0	0.0	0.211764705882	0.0	0.0	0.218487394958
109	1	1	0	0.0	0.130434782609	0.13	0.324324324324	0.247706422018
110	1	1	0	0.0	0.138613861386	0.24	0.24347826087	0.2
111	1	1	0	0.0	0.0	0.0	0.0	0.0
112	1	1	0	0.0	0.0	0.0	0.0	0.0
113	1	1	0	0.0	0.185567010309	0.207207207207	0.281690140845	0.235294117647
114	1	1	0	0.0	0.0	0.147826086957	0.0	0.0
115	1	1	0	0.0	0.0	0.0	0.0	0.0
116	1	1	0	0.0	0.0	0.160714285714	0.0	0.0
117	1	1	0	0.0	0.0	0.0	0.0	0.0
118	1	1	0	0.0	0.0	0.140186915888	0.0	0.0
119	1	1	0	0.0	0.0	0.0	0.0	0.0
120	1	1	0	0.198412698413	0.0	0.0594059405941	0.0	0.0
121	1	1	0	0.0	0.0	0.0	0.233009708738	0.0
122	1	1	0	0.0	0.208791208791	0.141304347826	0.279661016949	0.173913043478
123	1	1	0	0.0	0.0	0.0	0.0	0.0
124	1	1	0	0.0	0.0	0.0	0.0	0.0
125	1	1	0	0.0	0.0	0.0	0.0	0.0
126	1	1	0	0.0	0.0	0.0952380952381	0.31067961165	0.0
127	1	1	0	0.0	0.120879120879	0.0	0.0	0.144444444444
128	1	1	0	0.0	0.0	0.117647058824	0.0	0.0
129	1	1	0	0.0	0.0	0.145631067961	0.0	0.0
130	1	1	0	0.0	0.212121212121	0.0	0.0	0.209523809524
131	1	1	0	0.0	0.107843137255	0.27	0.245762711864	0.110091743119
132	1	1	0	0.0	0.136842105263	0.294736842105	0.313725490196	0.164948453608
133	1	1	0	0.0	0.0	0.191489361702	0.0	0.0
134	1	1	0	0.0	0.0	0.157894736842	0.0	0.0
135	1	1	0	0.0	0.0	0.0	0.0	0.0
136	1	1	0	0.0	0.173469387755	0.0	0.0	0.2
137	1	1	0	0.0	0.0	0.172839506173	0.0	0.0
138	1	1	0	0.0	0.20618556701	0.205128205128	0.281690140845	0.148936170213
139	1	1	0	0.0	0.173076923077	0.172413793103	0.234234234234	0.218487394958
140	1	1	0	0.0	0.0860215053763	0.255555555556	0.337078651685	0.155737704918
141	1	1	0	0.0	0.0	0.0	0.0	0.0
142	1	1	0	0.0	0.0	0.0901639344262	0.0	0.0
143	1	1	0	0.0	0.0	0.0	0.0	0.0
144	1	1	0	0.0	0.177777777778	0.166666666667	0.27358490566	0.171717171717
145	1	1	0	0.0	0.377777777778	0.0	0.0	0.148148148148
146	1	1	0	0.0	0.0	0.0927835051546	0.204081632653	0.192307692308
147	1	1	0	0.0	0.0909090909091	0.0	0.0	0.226890756303
148	1	1	0	0.0	0.0	0.0	0.0	0.0
149	1	1	0	0.0	0.0	0.0	0.0	0.0
150	1	1	0	0.0	0.0	0.145631067961	0.0	0.0
151	1	1	0	0.0	0.0	0.116504854369	0.0	0.0
152	1	1	0	0.0	0.359223300971	0.0	0.0	0.18487394958
153	1	1	0	0.0	0.0	0.1	0.297872340426	0.205357142857
154	1	1	0	0.0	0.0	0.112244897959	0.0	0.0
155	1	1	0	0.0	0.154545454545	0.133333333333	0.274509803922	0.123711340206
156	1	1	0	0.0	0.0	0.0	0.0	0.0
157	1	1	0	0.2	0.0	0.16	0.0	0.0
158	1	1	0	0.0	0.111111111111	0.203703703704	0.288659793814	0.134831460674
159	1	1	0	0.0	0.0	0.212121212121	0.0	0.0
160	1	1	0	0.0	0.234234234234	0.255102040816	0.27358490566	0.111111111111
161	1	1	0	0.0	0.292929292929	0.0	0.0	0.168674698795
162	1	1	0	0.221052631579	0.339805825243	0.309278350515	0.33	0.166666666667
163	1	1	0	0.0	0.151515151515	0.16	0.212765957447	0.0967741935484
164	1	1	0	0.0	0.0	0.146341463415	0.0	0.0
165	1	1	0	0.0	0.0	0.0	0.0	0.0
166	1	1	0	0.0	0.412280701754	0.0	0.0	0.173333333333
167	1	1	0	0.0	0.166666666667	0.293103448276	0.321739130435	0.141176470588
168	1	1	0	0.0	0.0990990990991	0.20652173913	0.300884955752	0.172727272727
169	1	1	0	0.0	0.159292035398	0.168421052632	0.349514563107	0.118181818182
170	1	1	0	0.0	0.0	0.0	0.0	0.0
171	1	1	0	0.0	0.0	0.14953271028	0.0	0.0
172	1	1	0	0.0	0.21978021978	0.254716981132	0.330188679245	0.178947368421
173	1	1	0	0.0	0.0	0.121212121212	0.0	0.0
174	1	1	0	0.0	0.125	0.166666666667	0.275510204082	0.223300970874
175	1	1	0	0.0	0.223404255319	0.0	0.0	0.3125
176	1	1	0	0.0	0.0	0.102803738318	0.0	0.0
177	1	1	0	0.0	0.0	0.0851063829787	0.0	0.0
178	1	1	0	0.0	0.0	0.121739130435	0.0	0.0
179	1	1	0	0.0	0.155555555556	0.204301075269	0.18253968254	0.1875
180	1	1	0	0.0	0.0	0.0	0.0	0.0
181	1	1	0	0.0	0.0	0.20202020202	0.0	0.0
182	1	1	0	0.0	0.10989010989	0.24	0.303921568627	0.144329896907
183	1	1	0	0.0	0.0927835051546	0.12037037037	0.321100917431	0.16049382716
184	1	1	0	0.0	0.0	0.0	0.0	0.0
185	1	1	0	0.0	0.0	0.157303370787	0.0	0.0
186	1	1	0	0.0	0.0	0.0	0.0	0.0
187	1	1	0	0.0	0.0	0.0	0.0	0.0
188	1	1	0	0.0	0.0	0.0	0.0	0.0
189	1	1	0	0.0	0.106796116505	0.245901639344	0.313725490196	0.174757281553
190	1	1	0	0.0	0.10101010101	0.292929292929	0.263636363636	0.112359550562
191	1	1	0	0.0	0.151785714286	0.0	0.0	0.184782608696
192	1	1	0	0.0	0.101123595506	0.307692307692	0.26	0.2
193	1	1	0	0.0	0.129032258065	0.232558139535	0.336956521739	0.142857142857
194	1	1	0	0.0	0.0	0.105263157895	0.0	0.0
195	1	1	0	0.0	0.186813186813	0.0	0.0	0.19387755102
196	1	1	0	0.252100840336	0.32380952381	0.205128205128	0.240384615385	0.205882352941
197	1	1	0	0.0	0.135135135135	0.279661016949	0.264150943396	0.206896551724
198	1	1	0	0.0	0.0	0.1875	0.0	0.0
199	1	1	0	0.0	0.303370786517	0.0	0.0	0.175824175824
200	1	1	0	0.0	0.233333333333	0.1875	0.242105263158	0.211538461538
