#chr	position	description	normal	sample0	sample1	sample2	sample3	sample4
1	1	1	0	0.0	0.0	0.0869565217391	0.168316831683	0.19587628866
2	1	1	0	0.0	0.0	0.0520833333333	0.182795698925	0.166666666667
3	1	1	0	0.333333333333	0.237113402062	0.564705882353	0.543689320388	0.457831325301
4	1	1	0	0.0	0.0	0.1	0.135922330097	0.168539325843
5	1	1	0	0.0	0.0	0.142857142857	0.0	0.0
6	1	1	0	0.0	0.0	0.1	0.153153153153	0.179245283019
7	1	1	0	0.0	0.0	0.0	0.0	0.0
8	1	1	0	0.0	0.0	0.0	0.0	0.0
9	1	1	0	0.0	0.0	0.0683760683761	0.122448979592	0.0
10	1	1	0	0.0	0.0	0.111111111111	0.0	0.0
11	1	1	0	0.0	0.0	0.0813953488372	0.135416666667	0.222222222222
12	1	1	0	0.0	0.0	0.0	0.0	0.0
13	1	1	0	0.147058823529	0.0	0.0	0.0	0.0
14	1	1	0	0.0	0.0	0.06	0.128712871287	0.188034188034
15	1	1	0	0.0	0.0	0.130434782609	0.0	0.0
16	1	1	0	0.0	0.0	0.0566037735849	0.17	0.186440677966
17	1	1	0	0.0	0.0	0.123711340206	0.1	0.162601626016
18	1	1	0	0.309278350515	0.212121212121	0.478260869565	0.459183673469	0.479166666667
19	1	1	0	0.3125	0.185185185185	0.450980392157	0.474226804124	0.545454545455
20	1	1	0	0.371134020619	0.163265306122	0.490196078431	0.459459459459	0.490740740741
21	1	1	0	0.0	0.0	0.0	0.0	0.0
22	1	1	0	0.0	0.0	0.103174603175	0.116071428571	0.231578947368
23	1	1	0	0.0	0.0	0.0952380952381	0.0	0.0
24	1	1	0	0.0	0.0	0.0	0.0	0.0
25	1	1	0	0.382978723404	0.214285714286	0.451923076923	0.483146067416	0.505376344086
26	1	1	0	0.0	0.0	0.106382978723	0.125	0.150943396226
27	1	1	0	0.0	0.0	0.0769230769231	0.127659574468	0.22
28	1	1	0	0.0	0.283185840708	0.0	0.0	0.0
29	1	1	0	0.15306122449	0.0	0.0	0.0	0.0
30	1	1	0	0.0	0.0	0.0909090909091	0.0842105263158	0.163461538462
31	1	1	0	0.232558139535	0.0	0.0	0.0	0.0
32	1	1	0	0.0	0.0	0.122641509434	0.0	0.0
33	1	1	0	0.0	0.0	0.0869565217391	0.122641509434	0.233644859813
34	1	1	0	0.0	0.0	0.137254901961	0.14953271028	0.239130434783
35	1	1	0	0.0	0.0	0.021978021978	0.181818181818	0.177777777778
36	1	1	0	0.20652173913	0.291262135922	0.0	0.0	0.0
37	1	1	0	0.0	0.0	0.117021276596	0.208333333333	0.18085106383
38	1	1	0	0.0	0.0	0.095652173913	0.119047619048	0.180952380952
39	1	1	0	0.0	0.0	0.0666666666667	0.127450980392	0.204301075269
40	1	1	0	0.0	0.0	0.103896103896	0.0823529411765	0.0
41	1	1	0	0.0	0.0	0.0886075949367	0.0879120879121	0.173076923077
42	1	1	0	0.0	0.0	0.0980392156863	0.243243243243	0.239583333333
43	1	1	0	0.126126126126	0.0	0.0	0.0	0.0
44	1	1	0	0.0	0.0	0.0990099009901	0.190476190476	0.223300970874
45	1	1	0	0.0	0.0	0.0714285714286	0.14	0.186046511628
46	1	1	0	0.0	0.0	0.131868131868	0.16	0.11214953271
47	1	1	0	0.0	0.0	0.0795454545455	0.0	0.0
48	1	1	0	0.0	0.0	0.093023255814	0.190839694656	0.16814159292
49	1	1	0	0.0	0.0	0.111111111111	0.0721649484536	0.0
50	1	1	0	0.0	0.0	0.0645161290323	0.0841121495327	0.159574468085
51	1	1	0	0.150793650794	0.256880733945	0.0	0.0	0.0
52	1	1	0	0.0	0.0	0.129411764706	0.0	0.0
53	1	1	0	0.28125	0.257425742574	0.471153846154	0.49504950495	0.462365591398
54	1	1	0	0.313043478261	0.164835164835	0.466666666667	0.47311827957	0.423913043478
55	1	1	0	0.0	0.0	0.0673076923077	0.142857142857	0.254385964912
56	1	1	0	0.192307692308	0.242718446602	0.0	0.0	0.0
57	1	1	0	0.0	0.0	0.0970873786408	0.101123595506	0.266666666667
58	1	1	0	0.0	0.0	0.0916666666667	0.115702479339	0.135416666667
59	1	1	0	0.0	0.0	0.0	0.0	0.0
60	1	1	0	0.0	0.0	0.0636363636364	0.110169491525	0.123595505618
61	1	1	0	0.0	0.0	0.11320754717	0.0	0.0
62	1	1	0	0.0	0.0	0.0666666666667	0.0847457627119	0.21568627451
63	1	1	0	0.0	0.0	0.0967741935484	0.0	0.0
64	1	1	0	0.0	0.0	0.151785714286	0.15652173913	0.188118811881
65	1	1	0	0.0	0.0	0.122448979592	0.112	0.142857142857
66	1	1	0	0.333333333333	0.221238938053	0.563636363636	0.494623655914	0.511627906977
67	1	1	0	0.184210526316	0.254237288136	0.0	0.0	0.0
68	1	1	0	0.0	0.0	0.0416666666667	0.122222222222	0.133928571429
69	1	1	0	0.0	0.0	0.118811881188	0.0824742268041	0.0
70	1	1	0	0.0	0.0	0.0642201834862	0.183486238532	0.10101010101
71	1	1	0	0.369565217391	0.181818181818	0.528846153846	0.557522123894	0.426666666667
72	1	1	0	0.0	0.0	0.0	0.0	0.0
73	1	1	0	0.0	0.0	0.17	0.0505050505051	0.0
74	1	1	0	0.278350515464	0.232323232323	0.524193548387	0.573913043478	0.469387755102
75	1	1	0	0.0	0.0	0.16814159292	0.148148148148	0.0
76	1	1	0	0.0	0.0	0.0796460176991	0.135593220339	0.135593220339
77	1	1	0	0.0	0.0	0.141414141414	0.0940170940171	0.0
78	1	1	0	0.0	0.0	0.0	0.0	0.0
79	1	1	0	0.0	0.0	0.166666666667	0.0	0.0
80	1	1	0	0.239130434783	0.0	0.0	0.0	0.0
81	1	1	0	0.0	0.0	0.0	0.0	0.0
82	1	1	0	0.0	0.0	0.156862745098	0.151515151515	0.273684210526
83	1	1	0	0.0	0.0	0.133333333333	0.18	0.217821782178
84	1	1	0	0.0	0.0	0.105263157895	0.15625	0.227272727273
85	1	1	0	0.173076923077	0.194174757282	0.369047619048	0.402173913043	0.471153846154
86	1	1	0	0.0	0.0	0.108910891089	0.191489361702	0.172727272727
87	1	1	0	0.0	0.0	0.103092783505	0.17	0.0
88	1	1	0	0.153846153846	0.134615384615	0.238095238095	0.40625	0.268518518519
89	1	1	0	0.0	0.0	0.0617283950617	0.0	0.0
90	1	1	0	0.0	0.327868852459	0.0	0.0	0.0
91	1	1	0	0.0	0.0	0.135802469136	0.121495327103	0.165217391304
92	1	1	0	0.0	0.0	0.129411764706	0.0909090909091	0.0
93	1	1	0	0.0	0.0	0.105263157895	0.235849056604	0.166666666667
94	1	1	0	0.0	0.0	0.177083333333	0.046511627907	0.0
95	1	1	0	0.0	0.0	0.09375	0.158333333333	0.2
96	1	1	0	0.0	0.0	0.119565217391	0.12380952381	0.207547169811
97	1	1	0	0.0	0.0	0.0	0.0	0.0
98	1	1	0	0.284403669725	0.254237288136	0.455445544554	0.476635514019	0.47191011236
99	1	1	0	0.158878504673	0.262626262626	0.0	0.0	0.0
100	1	1	0	0.0	0.0	0.0	0.0	0.0
101	1	1	0	0.0	0.0	0.127450980392	0.0	0.0
102	1	1	0	0.160714285714	0.185567010309	0.509803921569	0.539325842697	0.546391752577
103	1	1	0	0.168674698795	0.0	0.0	0.0	0.0
104	1	1	0	0.0	0.0	0.111111111111	0.119266055046	0.164948453608
105	1	1	0	0.0	0.0	0.168421052632	0.0	0.0
106	1	1	0	0.0	0.0	0.103092783505	0.146551724138	0.178571428571
107	1	1	0	0.0	0.0	0.0	0.0	0.0
108	1	1	0	0.0	0.0	0.0	0.0	0.0
109	1	1	0	0.0	0.0	0.0	0.0	0.0
110	1	1	0	0.357798165138	0.231578947368	0.550458715596	0.451923076923	0.604166666667
111	1	1	0	0.0	0.0	0.09	0.0	0.0
112	1	1	0	0.178217821782	0.0	0.0	0.0	0.0
113	1	1	0	0.0	0.0	0.0952380952381	0.136363636364	0.212765957447
114	1	1	0	0.0	0.0	0.112359550562	0.171717171717	0.127906976744
115	1	1	0	0.0	0.0	0.125	0.12962962963	0.0
116	1	1	0	0.0	0.0	0.0833333333333	0.142857142857	0.240384615385
117	1	1	0	0.176470588235	0.252525252525	0.25	0.39175257732	0.468468468468
118	1	1	0	0.0	0.0	0.0	0.0	0.0
119	1	1	0	0.0	0.0	0.0873786407767	0.2	0.157894736842
120	1	1	0	0.0	0.0	0.078431372549	0.149122807018	0.173469387755
121	1	1	0	0.0	0.0	0.174418604651	0.0	0.0
122	1	1	0	0.327586206897	0.32	0.517647058824	0.421568627451	0.5
123	1	1	0	0.0	0.0	0.103773584906	0.0882352941176	0.170454545455
124	1	1	0	0.0	0.0	0.0576923076923	0.18	0.195402298851
125	1	1	0	0.153153153153	0.223404255319	0.37	0.467889908257	0.489361702128
126	1	1	0	0.287037037037	0.284210526316	0.509615384615	0.430107526882	0.548076923077
127	1	1	0	0.0	0.0	0.0581395348837	0.159090909091	0.221052631579
128	1	1	0	0.324786324786	0.214953271028	0.451612903226	0.564814814815	0.438202247191
129	1	1	0	0.0	0.0	0.10989010989	0.185567010309	0.225225225225
130	1	1	0	0.158415841584	0.291262135922	0.0	0.0	0.0
131	1	1	0	0.0	0.0	0.0729166666667	0.168316831683	0.220930232558
132	1	1	0	0.0	0.0	0.104166666667	0.171717171717	0.168316831683
133	1	1	0	0.165137614679	0.288888888889	0.0	0.0	0.0
134	1	1	0	0.136842105263	0.2125	0.0	0.0	0.0
135	1	1	0	0.0	0.0	0.116279069767	0.115789473684	0.147058823529
136	1	1	0	0.0	0.0	0.0752688172043	0.0	0.0
137	1	1	0	0.176470588235	0.34693877551	0.0	0.0	0.0
138	1	1	0	0.107142857143	0.234693877551	0.0	0.0	0.0
139	1	1	0	0.213483146067	0.238636363636	0.556701030928	0.535087719298	0.468468468468
140	1	1	0	0.0	0.0	0.0847457627119	0.13829787234	0.179245283019
141	1	1	0	0.0	0.0	0.10989010989	0.141509433962	0.171717171717
142	1	1	0	0.377777777778	0.22	0.55	0.473684210526	0.466666666667
143	1	1	0	0.0	0.0	0.12	0.120879120879	0.212962962963
144	1	1	0	0.0	0.0	0.222222222222	0.109243697479	0.0
145	1	1	0	0.0	0.0	0.0849056603774	0.1	0.109243697479
146	1	1	0	0.0	0.0	0.106796116505	0.157894736842	0.165048543689
147	1	1	0	0.0	0.0	0.0761904761905	0.130434782609	0.152941176471
148	1	1	0	0.0	0.0	0.0555555555556	0.139240506329	0.212389380531
149	1	1	0	0.0	0.0	0.132530120482	0.121495327103	0.168224299065
150	1	1	0	0.0	0.0	0.0560747663551	0.142857142857	0.173076923077
151	1	1	0	0.0	0.0	0.095652173913	0.142857142857	0.194915254237
152	1	1	0	0.266666666667	0.252525252525	0.5	0.464912280702	0.526785714286
153	1	1	0	0.0	0.0	0.0823529411765	0.148936170213	0.125
154	1	1	0	0.0	0.0	0.0869565217391	0.102040816327	0.175257731959
155	1	1	0	0.0	0.0	0.170454545455	0.0	0.0
156	1	1	0	0.0	0.0	0.1	0.0909090909091	0.159574468085
157	1	1	0	0.368932038835	0.161290322581	0.494949494949	0.511904761905	0.523364485981
158	1	1	0	0.0	0.0	0.129411764706	0.216981132075	0.176470588235
159	1	1	0	0.0	0.0	0.0326086956522	0.131313131313	0.117647058824
160	1	1	0	0.0	0.0	0.0853658536585	0.163265306122	0.148760330579
161	1	1	0	0.0	0.0	0.0642201834862	0.145631067961	0.166666666667
162	1	1	0	0.0	0.0	0.101123595506	0.120879120879	0.191489361702
163	1	1	0	0.0	0.0	0.0412371134021	0.157407407407	0.264705882353
164	1	1	0	0.119565217391	0.0	0.0	0.0	0.0
165	1	1	0	0.18487394958	0.176470588235	0.0	0.0	0.0
166	1	1	0	0.0	0.0	0.117117117117	0.191489361702	0.21978021978
167	1	1	0	0.0	0.0	0.122641509434	0.155339805825	0.108695652174
168	1	1	0	0.0	0.0	0.0	0.0	0.0
169	1	1	0	0.0	0.0	0.0	0.0	0.0
170	1	1	0	0.0	0.0	0.112244897959	0.216494845361	0.197530864198
171	1	1	0	0.0	0.0	0.137254901961	0.115384615385	0.0
172	1	1	0	0.209523809524	0.246913580247	0.0	0.0	0.0
173	1	1	0	0.173913043478	0.245098039216	0.0	0.0	0.0
174	1	1	0	0.0	0.0	0.0947368421053	0.144444444444	0.235294117647
175	1	1	0	0.0	0.0	0.0	0.0	0.0
176	1	1	0	0.444444444444	0.311827956989	0.532710280374	0.431034482759	0.570093457944
177	1	1	0	0.0	0.0	0.0980392156863	0.0873786407767	0.214285714286
178	1	1	0	0.0	0.0	0.127450980392	0.122222222222	0.166666666667
179	1	1	0	0.0	0.0	0.0421052631579	0.0879120879121	0.0
180	1	1	0	0.0	0.0	0.0777777777778	0.159574468085	0.242424242424
181	1	1	0	0.0	0.0	0.132653061224	0.139534883721	0.1875
182	1	1	0	0.0	0.0	0.0666666666667	0.204081632653	0.172043010753
183	1	1	0	0.0	0.0	0.0	0.0	0.0
184	1	1	0	0.0	0.0	0.0	0.0	0.0
185	1	1	0	0.297872340426	0.245454545455	0.50495049505	0.438095238095	0.536842105263
186	1	1	0	0.190476190476	0.0	0.0	0.0	0.0
187	1	1	0	0.0	0.0	0.0833333333333	0.134831460674	0.177777777778
188	1	1	0	0.237113402062	0.0	0.0	0.0	0.0
189	1	1	0	0.0	0.0	0.0648148148148	0.121495327103	0.133928571429
190	1	1	0	0.0	0.0	0.0654205607477	0.145454545455	0.215053763441
191	1	1	0	0.188888888889	0.0	0.0	0.0	0.0
192	1	1	0	0.105769230769	0.0	0.0	0.0	0.0
193	1	1	0	0.176470588235	0.277777777778	0.0	0.0	0.0
194	1	1	0	0.153846153846	0.26213592233	0.0	0.0	0.0
195	1	1	0	0.0	0.0	0.123595505618	0.148936170213	0.180952380952
196	1	1	0	0.0	0.266666666667	0.0	0.0	0.0
197	1	1	0	0.100917431193	0.0	0.0	0.0	0.0
198	1	1	0	0.0	0.0	0.0970873786408	0.127659574468	0.0
199	1	1	0	0.347368421053	0.169811320755	0.538461538462	0.495495495495	0.483870967742
200	1	1	0	0.0	0.0	0.0921052631579	0.168224299065	0.176470588235
