Chromosome	Position	Change	Gene	sample0	sample1	sample2	sample3	sample4
1	0	T>A	1	0	0	0	2793	0
1	1	C>A	1	2453	1849	0	0	0
1	2	C>G	1	2510	3134	1629	2148	0
1	3	G>T	1	2498	3169	1735	2164	0
1	4	A>C	1	2515	1797	1642	0	0
1	5	C>T	1	0	0	0	2857	0
1	6	C>T	1	2535	1877	0	0	0
1	7	A>C	1	2484	3141	1620	2197	0
1	8	C>G	1	2442	3156	1661	2105	0
1	9	T>A	1	0	0	1613	2224	0
1	10	A>G	1	0	0	1712	0	0
1	11	C>G	1	2603	3296	1734	2126	0
1	12	C>A	1	2519	3143	1767	2226	0
1	13	G>C	1	2491	3082	1703	2200	0
1	14	G>T	1	0	0	0	2795	0
1	15	G>A	1	2533	1909	1579	0	0
1	16	A>T	1	0	0	1655	2207	0
1	17	T>C	1	0	0	0	2812	0
1	18	A>G	1	2467	1918	1621	0	0
1	19	T>C	1	2484	1911	0	0	0
1	20	A>T	1	2513	1863	1609	0	0
1	21	C>T	1	2583	1868	0	0	0
1	22	T>G	1	2564	1821	0	0	0
1	23	T>A	1	0	0	1644	2183	0
1	24	C>T	1	0	0	1743	2166	0
1	25	G>T	1	2409	1864	1631	0	0
1	26	A>T	1	2560	1937	0	0	0
1	27	A>T	1	2447	1893	1571	0	0
1	28	C>A	1	2498	1856	1640	0	0
1	29	G>T	1	0	0	0	2879	0
1	30	A>T	1	2445	1873	0	0	0
1	31	C>T	1	2464	1910	1607	0	0
1	32	G>C	1	2398	1854	1605	0	0
1	33	G>A	1	2496	1858	0	0	0
1	34	T>G	1	2544	1809	0	0	0
1	35	T>C	1	2456	1846	1696	0	0
1	36	A>C	1	2486	1891	0	0	0
1	37	G>A	1	2650	1886	0	0	0
1	38	C>T	1	0	0	1652	2189	0
1	39	C>T	1	2472	1883	1578	0	0
1	40	T>G	1	2511	3013	1605	2133	0
1	41	T>A	1	2541	1910	0	0	0
1	42	A>G	1	0	0	1751	2113	0
1	43	C>G	1	2473	1904	1625	0	0
1	44	A>C	1	2453	3068	1675	2149	0
1	45	A>G	1	2483	3202	1618	2117	0
1	46	A>T	1	2513	1973	0	0	0
1	47	C>G	1	0	0	0	2818	0
1	48	C>G	1	2464	3052	1654	2132	0
1	49	T>C	1	0	0	0	0	2559
1	50	C>A	1	2466	1941	0	0	0
1	51	T>A	1	2476	1874	1601	0	0
1	52	T>G	1	2478	1921	0	0	0
1	53	A>G	1	2482	3054	1674	2215	0
1	54	C>T	1	2474	3091	1735	2146	0
1	55	A>C	1	2502	1904	1623	0	0
1	56	C>A	1	2500	1892	0	0	0
1	57	T>A	1	0	0	1704	2183	0
1	58	C>A	1	2494	1818	0	0	0
1	59	T>G	1	2448	1877	1619	0	0
1	60	G>C	1	0	0	0	2728	0
1	61	G>T	1	2557	1836	1615	0	0
1	62	G>C	1	2487	1828	0	0	0
1	63	C>A	1	2485	1864	1592	0	0
1	64	A>C	1	2475	1938	1629	0	0
1	65	C>A	1	2312	1886	1543	0	0
1	66	C>A	1	2499	3068	1580	2161	0
1	67	T>G	1	2489	3139	3246	5059	5040
1	68	A>G	1	2618	3113	1701	2237	0
1	69	A>C	1	2554	3116	1696	2058	0
1	70	C>T	1	2553	1874	0	0	0
1	71	A>G	1	0	0	1696	0	0
1	72	C>A	1	0	0	1700	2224	0
1	73	G>T	1	2541	3088	3474	5090	4940
1	74	T>C	1	2420	1822	1687	0	0
1	75	G>A	1	2456	1811	1603	0	0
1	76	G>T	1	0	0	1651	0	2396
1	77	A>T	1	0	0	0	2788	0
1	78	A>G	1	2448	1801	0	0	0
1	79	T>A	1	2534	3100	1651	2179	0
1	80	G>C	1	2620	3137	3332	4935	4979
1	81	C>A	1	2475	1895	1637	0	0
1	82	T>G	1	2415	1903	1694	0	0
1	83	C>G	1	0	0	1674	2240	0
1	84	A>C	1	0	0	1647	2210	0
1	85	C>G	1	2458	1930	1606	0	0
1	86	G>C	1	0	0	1685	2122	0
1	87	G>T	1	2503	3179	1700	2166	0
1	88	G>C	1	2454	1824	0	0	0
1	89	C>G	1	2552	1821	0	0	0
1	90	A>G	1	2527	1865	0	0	0
1	91	A>C	1	2511	1894	0	0	0
1	92	A>T	1	0	0	0	2879	0
1	93	G>T	1	2495	1882	0	0	0
1	94	G>A	1	2522	3119	1677	2235	0
1	95	G>A	1	0	0	1691	0	0
1	96	T>G	1	0	0	1701	2190	0
1	97	A>G	1	2552	1879	0	0	0
1	98	A>G	1	2510	3158	3329	4940	4908
1	99	A>T	1	2535	1789	1605	0	0
