Chromosome	Position	Change	Gene	sample0	sample1	sample2	sample3	sample4
1	0	A>T	1	9937	10131	10035	10020	10148
1	1	G>T	1	10140	10061	9851	10049	10033
1	2	C>G	1	10144	10023	9870	9975	10115
1	3	G>T	1	9979	9849	9893	10133	9921
1	4	G>T	1	10077	9910	10087	9939	10043
1	5	A>G	1	9892	10086	9865	9970	10133
1	6	C>A	1	9997	10063	9973	10095	10010
1	7	C>T	1	10017	10126	10091	9917	9942
1	8	A>G	1	9948	10168	9971	10040	9884
1	9	C>A	1	9980	9948	10112	10030	9872
1	10	T>G	1	9986	9852	10084	9864	9942
1	11	C>A	1	9995	9803	9841	9880	9961
1	12	C>G	1	9966	10152	9957	10040	10106
1	13	A>T	1	10041	10019	9873	10305	10026
1	14	C>T	1	10012	9994	9971	9930	10033
1	15	A>G	1	9917	9965	10053	10000	9990
1	16	T>G	1	9819	10093	10063	9976	9913
1	17	G>C	1	10128	9927	10045	9938	10118
1	18	C>T	1	10102	10006	9892	10058	9920
1	19	A>C	1	10068	10033	9975	10061	10005
1	20	G>A	1	10045	10150	9864	10129	10149
1	21	C>A	1	10014	9981	9950	10015	9902
1	22	C>A	1	10069	10057	9986	10096	9944
1	23	T>A	1	10024	10098	10016	9889	9785
1	24	T>C	1	10051	9961	9999	9969	9845
1	25	G>T	1	10041	10073	9977	9941	9966
1	26	G>A	1	9969	9958	9878	10036	9899
1	27	T>G	1	10157	10054	10065	9900	10188
1	28	T>A	1	10079	9948	10111	9950	9984
1	29	A>T	1	10058	10040	10036	10105	9850
1	30	T>C	1	10027	9937	10037	9934	9954
1	31	G>T	1	9946	10137	10146	9992	10039
1	32	C>G	1	10099	9988	10284	10035	9941
1	33	G>T	1	10001	10123	10156	10152	9929
1	34	G>T	1	10247	10124	10012	10066	10057
1	35	C>T	1	9995	9998	9975	9953	9842
1	36	T>A	1	9888	10021	9869	9895	9840
1	37	G>T	1	9928	9822	9932	9942	9992
1	38	G>A	1	10085	10024	10014	9986	10063
1	39	T>G	1	9989	10021	9986	9951	10158
1	40	T>G	1	10079	9888	9940	9923	9935
1	41	A>G	1	10137	9950	9996	9968	10081
1	42	T>A	1	10085	9959	10166	9906	10012
1	43	C>T	1	10199	10090	9764	9944	9645
1	44	C>T	1	9889	9966	9894	9830	9934
1	45	G>C	1	9972	10001	10116	10016	10063
1	46	T>A	1	9978	10100	10111	10082	10020
1	47	T>G	1	10251	9958	9888	10082	10059
1	48	T>G	1	10012	9890	9933	10021	9960
1	49	T>C	1	10001	9992	9982	9895	10028
1	50	A>T	1	9991	9950	10046	9842	9823
1	51	A>C	1	9903	10114	9874	10058	9974
1	52	G>A	1	10132	10007	10087	10071	9986
1	53	C>T	1	9932	10059	9972	9875	9980
1	54	A>C	1	10025	10073	10156	9988	9848
1	55	G>T	1	10115	10036	10041	9989	9795
1	56	G>C	1	9961	9994	9974	9831	10049
1	57	C>T	1	9953	10016	10197	9918	10038
1	58	C>G	1	10077	9892	9821	9901	9908
1	59	A>G	1	9891	10084	9843	10042	10025
1	60	C>T	1	10045	9925	10153	10103	10088
1	61	T>G	1	10042	10175	10168	10095	9866
1	62	C>G	1	10017	10003	10093	10000	10202
1	63	C>A	1	10188	10028	10020	9766	10038
1	64	G>C	1	9901	9994	10103	10036	9955
1	65	C>A	1	9858	10049	10277	10015	10114
1	66	G>A	1	10074	9898	9962	9880	10026
1	67	T>A	1	10097	9969	10154	9931	10095
1	68	G>T	1	9799	10149	9938	9886	9978
1	69	A>T	1	10050	10026	9966	10060	9914
1	70	A>G	1	10002	9799	10069	10088	10018
1	71	G>C	1	9972	9977	10170	9920	9928
1	72	A>C	1	9898	10242	10038	10032	10026
1	73	A>C	1	9841	9899	10070	10144	9807
1	74	C>G	1	10168	9981	9939	9995	10008
1	75	C>G	1	9800	9916	10133	10043	10037
1	76	A>C	1	10070	9886	9861	9966	9847
1	77	G>C	1	10013	10166	10068	10031	9921
1	78	G>C	1	10040	10195	9989	10239	10000
1	79	G>C	1	9876	9869	10186	10021	9912
1	80	T>C	1	9961	10105	10185	9979	9962
1	81	A>G	1	10050	10042	10073	9866	10066
1	82	C>A	1	9948	9871	9987	10233	9948
1	83	G>A	1	9996	9823	10021	10112	10005
1	84	C>T	1	10094	10002	10034	9873	9952
1	85	T>C	1	9934	10124	9832	10098	10100
1	86	T>C	1	10086	9830	9971	10161	9858
1	87	C>T	1	10002	9989	10029	10148	10339
1	88	A>T	1	9926	10108	9952	9986	10124
1	89	C>A	1	10060	9972	10010	10009	10047
1	90	T>G	1	9904	10032	10153	10045	10073
1	91	C>G	1	9938	9980	9812	10131	9982
1	92	G>T	1	9961	9898	9990	10099	10128
1	93	A>G	1	10012	10105	10098	9966	9982
1	94	G>A	1	10047	9951	10019	9942	10066
1	95	G>A	1	9861	9874	10084	10034	9980
1	96	G>T	1	9869	9893	10003	9913	9923
1	97	A>C	1	10015	10041	9873	10029	10101
1	98	T>G	1	9938	9963	9937	9995	10105
1	99	C>T	1	10140	9914	9960	9907	10124
