#chr	position	description	normal	sample0	sample1	sample2	sample3	sample4
1	1	1	0	0.0	0.0	0.156691522763	0.238660153524	0.166176917621
2	1	1	0	0.0	0.0	0.165735757083	0.227907440654	0.159574468085
3	1	1	0	0.0	0.0	0.16252174803	0.230862329803	0.152182539683
4	1	1	0	0.496771630078	0.4921224285	0.503026093859	0.507213438735	0.338458466454
5	1	1	0	0.507240665944	0.496209098164	0.504851485149	0.49760813235	0.337632473505
6	1	1	0	0.0	0.0	0.16427084366	0.230335968379	0.162608867775
7	1	1	0	0.0	0.0	0.172695565521	0.0	0.0
8	1	1	0	0.0	0.0	0.0	0.0	0.0
9	1	1	0	0.497401039584	0.491527133347	0.50124094113	0.502705361535	0.343028485757
10	1	1	0	0.0	0.0	0.167034289152	0.230560305804	0.157942328946
11	1	1	0	0.0	0.0	0.0	0.0	0.156697725679
12	1	1	0	0.0	0.0	0.0	0.232919886133	0.160805021421
13	1	1	0	0.0	0.0	0.191126279863	0.0	0.0
14	1	1	0	0.0	0.0	0.0	0.0	0.154774972558
15	1	1	0	0.50400162091	0.49238528481	0.5085931255	0.497790721028	0.344071146245
16	1	1	0	0.0990367248645	0.504901960784	0.341465843457	0.227895266868	0.161236010696
17	1	1	0	0.100623867981	0.496118560339	0.352604577743	0.228091117079	0.149729945989
18	1	1	0	0.0	0.0	0.0	0.23090674347	0.151852219684
19	1	1	0	0.0	0.0	0.0	0.0	0.158515026517
20	1	1	0	0.503944871667	0.501439777579	0.503523573201	0.495613160518	0.340804941223
21	1	1	0	0.0	0.0	0.0	0.22993904267	0.156924905885
22	1	1	0	0.0	0.0	0.156636031228	0.228959643074	0.159423212665
23	1	1	0	0.0	0.0	0.0	0.233226195259	0.158830744072
24	1	1	0	0.506202723147	0.5054501413	0.494287432351	0.500201126307	0.346150024839
25	1	1	0	0.150351758794	0.0	0.0	0.256470819801	0.18514115899
26	1	1	0	0.4980103462	0.499104833897	0.493711003268	0.502550019616	0.342174796748
27	1	1	0	0.509784345048	0.496283648051	0.505585477758	0.505289421158	0.342653887956
28	1	1	0	0.492716973498	0.493342819392	0.493904876099	0.503190428714	0.347317950255
29	1	1	0	0.497176280758	0.494859766444	0.501308900524	0.497661924187	0.338180389074
30	1	1	0	0.49924887331	0.49959628583	0.497265545878	0.5045687318	0.343356857932
31	1	1	0	0.0	0.0	0.159698083226	0.240283037672	0.159368836292
32	1	1	0	0.0	0.0	0.167218376969	0.235807422267	0.162112747588
33	1	1	0	0.105654025151	0.499649333734	0.351154313487	0.240791806185	0.156290726817
34	1	1	0	0.0	0.0	0.0	0.233136804237	0.155032548823
35	1	1	0	0.0	0.0	0.0	0.0	0.0
36	1	1	0	0.153017456359	0.0	0.0	0.270256718813	0.187013239875
37	1	1	0	0.0	0.0	0.0	0.0	0.151353527221
38	1	1	0	0.10106704248	0.502339938265	0.354561611374	0.235211690521	0.158617942846
39	1	1	0	0.0	0.0	0.161189358372	0.227557207119	0.154196618406
40	1	1	0	0.0	0.0	0.16459197787	0.230493986681	0.157784847882
41	1	1	0	0.0	0.0	0.1603642843	0.220185314337	0.157437892846
42	1	1	0	0.493547086106	0.510036130068	0.501696945498	0.504464733621	0.344099871198
43	1	1	0	0.0	0.0	0.0	0.231479622566	0.165810032895
44	1	1	0	0.0	0.0	0.168199347375	0.224079263411	0.159379689845
45	1	1	0	0.0	0.0	0.16648280012	0.226200080678	0.156860769696
46	1	1	0	0.0	0.0	0.0	0.0	0.156780086319
47	1	1	0	0.211915911129	0.489867297603	0.340237281319	0.230166700141	0.160802500252
48	1	1	0	0.0	0.0	0.0	0.226932416026	0.15846721884
49	1	1	0	0.499016868467	0.487753882915	0.501268649142	0.500202224469	0.340891010342
50	1	1	0	0.501631986944	0.491960451413	0.499694189602	0.498537569339	0.344559061489
51	1	1	0	0.0	0.0	0.161338363781	0.240590478053	0.156851080706
52	1	1	0	0.0	0.0	0.159453760418	0.241828087167	0.154328478964
53	1	1	0	0.0	0.0	0.0	0.0	0.158146487294
54	1	1	0	0.498356082495	0.499797734628	0.50009788567	0.500197044335	0.339997990556
55	1	1	0	0.0	0.0	0.160176193813	0.232338458446	0.161586268127
56	1	1	0	0.0	0.0	0.0	0.0	0.160560023831
57	1	1	0	0.0	0.240616757963	0.349105887081	0.232418353035	0.161595067621
58	1	1	0	0.0	0.0	0.0	0.0	0.151683168317
59	1	1	0	0.0	0.0	0.0	0.233780647765	0.150756811302
60	1	1	0	0.502165780665	0.492826326879	0.495902458525	0.502891902673	0.347567730889
61	1	1	0	0.0	0.0	0.18661971831	0.0	0.0
62	1	1	0	0.0	0.0	0.0	0.0	0.159072498987
63	1	1	0	0.498576946534	0.505154639175	0.506213017751	0.504773389609	0.340884143299
64	1	1	0	0.0	0.0	0.163720369626	0.232251622566	0.157800179659
65	1	1	0	0.496695373523	0.503082364831	0.510089348459	0.499391233766	0.357627290212
66	1	1	0	0.101485899121	0.501333070011	0.346772591857	0.228315946349	0.159622527859
67	1	1	0	0.0	0.0	0.0	0.0	0.15417158599
68	1	1	0	0.507677165354	0.501589509239	0.500742206828	0.49955013496	0.336549202803
69	1	1	0	0.0	0.0	0.0	0.22418967587	0.15677881744
70	1	1	0	0.0	0.0	0.0	0.235110977202	0.153345535896
71	1	1	0	0.0	0.0	0.162725450902	0.229137341645	0.157171717172
72	1	1	0	0.0	0.0	0.0	0.0	0.155824808819
73	1	1	0	0.50259688374	0.501204577394	0.50234601178	0.497024990083	0.336304456685
74	1	1	0	0.0	0.0	0.0	0.23125249302	0.162377994676
75	1	1	0	0.101920236337	0.498965211393	0.348381258798	0.230939448803	0.162116381028
76	1	1	0	0.0	0.0	0.190178571429	0.0	0.0
77	1	1	0	0.495505393528	0.502693363147	0.504200840168	0.508176984047	0.343555247799
78	1	1	0	0.0	0.0	0.0	0.0	0.160920705739
79	1	1	0	0.497893258427	0.498731865679	0.496479222454	0.503228410008	0.346499804458
80	1	1	0	0.0	0.0	0.161296718549	0.230653417645	0.155507346416
81	1	1	0	0.501001001001	0.494946401225	0.50167563725	0.496865983484	0.340922828934
82	1	1	0	0.506871141207	0.492074499703	0.501167157211	0.493449781659	0.341175292822
83	1	1	0	0.500250526105	0.504388177141	0.491238432762	0.499949067943	0.336631663974
84	1	1	0	0.495401718039	0.492885771543	0.500400641026	0.491586538462	0.347588264545
85	1	1	0	0.500939199209	0.503903122498	0.501735938895	0.504453117182	0.339335455631
86	1	1	0	0.0	0.0	0.183230432185	0.0	0.0
87	1	1	0	0.0	0.0	0.0	0.0	0.0
88	1	1	0	0.505816843989	0.50229147571	0.499746063992	0.50262922909	0.345054288276
89	1	1	0	0.0	0.0	0.0	0.0	0.153149567121
90	1	1	0	0.495333462959	0.498378926039	0.509222860599	0.505637807628	0.348638441662
91	1	1	0	0.0	0.0	0.166067864271	0.229210134128	0.163712407887
92	1	1	0	0.0	0.0	0.15277219767	0.236161986162	0.161518271754
93	1	1	0	0.0	0.0	0.165794410981	0.241407116218	0.155515730785
94	1	1	0	0.502407221665	0.50106049894	0.499851027907	0.490549054905	0.332502492522
95	1	1	0	0.5065815716	0.504627326102	0.495733360104	0.495408214754	0.341527567021
96	1	1	0	0.502529852257	0.500953911035	0.502330193356	0.502210610932	0.344441108776
97	1	1	0	0.0	0.0	0.0	0.0	0.156468706259
98	1	1	0	0.0	0.0	0.0	0.0	0.0
99	1	1	0	0.492614326184	0.502057613169	0.499702439992	0.493749384782	0.349761051374
100	1	1	0	0.0	0.0	0.166415435635	0.23671835918	0.164622402433
