#chr	position	description	normal	sample0	sample1	sample2	sample3	sample4	sample5	sample6	sample7	sample8	sample9
1	1	1	0	0.272279714659	0.0	0.149067703659	0.0	0.256740196078	0.0	0.152649202285	0.0	0.366512190208	0.282820258193
2	1	1	0	0.0	0.0	0.0	0.124372111714	0.0	0.0	0.0	0.0	0.0	0.0
3	1	1	0	0.275944811038	0.332805541811	0.402663729221	0.497926989584	0.492112312729	0.254644808743	0.277109621451	0.505286255735	0.508365758755	0.498948843728
4	1	1	0	0.0	0.0	0.0	0.127047944517	0.0	0.0	0.0	0.0	0.0	0.0
5	1	1	0	0.0	0.0	0.0	0.0	0.11015936255	0.0	0.0	0.0	0.163722144148	0.273903882813
6	1	1	0	0.0	0.0	0.0	0.126575945567	0.0	0.0	0.0	0.0	0.0	0.0
7	1	1	0	0.0	0.189786812097	0.251820812132	0.404961147639	0.249597585513	0.262694041062	0.12723959915	0.498527470296	0.0	0.0
8	1	1	0	0.0	0.0	0.0	0.0	0.114479135091	0.0	0.0	0.0	0.160585404972	0.27296222664
9	1	1	0	0.0	0.0	0.0	0.121880324747	0.0	0.0	0.0	0.0	0.0	0.0
10	1	1	0	0.0	0.0	0.132009228609	0.143438150977	0.129180730285	0.259080874975	0.0	0.267573011078	0.0	0.0
11	1	1	0	0.0	0.0	0.0	0.127905816622	0.0	0.0	0.0	0.0	0.0	0.0
12	1	1	0	0.286241276171	0.0	0.146038114343	0.0	0.256492852829	0.0	0.148967992821	0.0	0.357987268869	0.276459854015
13	1	1	0	0.0	0.194864048338	0.256485610053	0.413222301208	0.249493722155	0.255934793683	0.120755860954	0.485830360682	0.0	0.0
14	1	1	0	0.503771337832	0.500661308373	0.505027376804	0.499261010937	0.497637148141	0.26315270936	0.365858466391	0.507704785077	0.5046	0.51283063561
15	1	1	0	0.0	0.0	0.0	0.0	0.113279678068	0.0	0.0	0.0	0.172399959884	0.271765175719
16	1	1	0	0.0	0.197654941374	0.115372845047	0.0	0.110788048927	0.0	0.0	0.239512442864	0.0	0.0
17	1	1	0	0.0	0.0	0.0	0.0	0.101935353126	0.0	0.0	0.0	0.169014084507	0.266194230961
18	1	1	0	0.499342704015	0.504764770789	0.506678539626	0.494098658327	0.499051612259	0.249434667191	0.375337263915	0.502170182699	0.493363708399	0.488924526411
19	1	1	0	0.0	0.0	0.0	0.0	0.110143753796	0.0	0.0	0.0	0.163267366721	0.279139270771
20	1	1	0	0.505586868387	0.50907624042	0.495568248966	0.499111374408	0.509815527276	0.5	0.502635689184	0.502828282828	0.496820981522	0.503537618336
21	1	1	0	0.0	0.201500750375	0.123603493805	0.0	0.117504542701	0.0	0.0	0.234535297105	0.0	0.0
22	1	1	0	0.28668532587	0.336774827925	0.404793204571	0.49778449144	0.495807546416	0.258503401361	0.27155128853	0.502896416298	0.50104989501	0.491203518593
23	1	1	0	0.0	0.193574459487	0.122377622378	0.0	0.115962207857	0.0	0.0	0.242293402952	0.0	0.0
24	1	1	0	0.278533412182	0.0	0.145658815413	0.0	0.247141424273	0.0	0.140105252706	0.0	0.364415425423	0.274179148894
25	1	1	0	0.0	0.0	0.0	0.0	0.108592726906	0.0	0.0	0.0	0.168115942029	0.278037615683
26	1	1	0	0.0	0.1848	0.255904723779	0.405462184874	0.247876752913	0.250390320062	0.125787421258	0.500246767348	0.0	0.0
27	1	1	0	0.281327883561	0.0	0.147458131008	0.0	0.257551185891	0.0	0.143449849601	0.0	0.358405753671	0.267831741516
28	1	1	0	0.0	0.0	0.0	0.0	0.113549716641	0.0	0.0	0.0	0.165515861103	0.281612645058
29	1	1	0	0.0	0.187972919156	0.254560112869	0.401840801052	0.2451	0.25753968254	0.132711405357	0.509009457442	0.0	0.0
30	1	1	0	0.282401365325	0.337253719341	0.394569956401	0.493008751635	0.498402555911	0.259016393443	0.276127504194	0.497804829375	0.501303388811	0.509226580619
31	1	1	0	0.287588294652	0.345489443378	0.406290825043	0.504532323937	0.505507710795	0.261998041136	0.271794871795	0.506446046087	0.500100563154	0.49666464524
32	1	1	0	0.281479987902	0.0	0.0	0.0	0.0	0.0	0.0	0.0	0.197412311736	0.0
33	1	1	0	0.0	0.181162365373	0.258690700208	0.405081157375	0.245862649886	0.259481443823	0.12253364363	0.49926275435	0.0	0.0
34	1	1	0	0.276348966213	0.342287956535	0.405804278922	0.500852814287	0.508471177945	0.260528696351	0.27303788564	0.488765743073	0.498904818797	0.502659030477
35	1	1	0	0.0	0.188749509996	0.255905511811	0.410207939509	0.245329400197	0.260222310441	0.127039151713	0.498170309564	0.0	0.0
36	1	1	0	0.275331294597	0.0	0.0	0.0	0.0	0.0	0.0	0.0	0.192118226601	0.0
37	1	1	0	0.0	0.0	0.0	0.0	0.110711430855	0.0	0.0	0.0	0.169521734825	0.278049266979
38	1	1	0	0.0	0.0	0.0	0.0	0.108388788062	0.0	0.0	0.0	0.163838383838	0.273689516129
39	1	1	0	0.278482276585	0.0	0.147038117268	0.0	0.25327167175	0.0	0.14834620717	0.0	0.359022743073	0.262449262449
40	1	1	0	0.0	0.0	0.0	0.0	0.115827774409	0.0	0.0	0.0	0.174045651318	0.274962962963
41	1	1	0	0.0	0.0	0.0	0.0	0.110073315256	0.0	0.0	0.0	0.161918280442	0.278903456496
42	1	1	0	0.0	0.0	0.0	0.0	0.116703651402	0.0	0.0	0.0	0.169832067173	0.27101693237
43	1	1	0	0.281644610567	0.339628208911	0.393227366966	0.493814744041	0.503977968176	0.252768270586	0.273900526159	0.496078037007	0.506613226453	0.505503222608
44	1	1	0	0.283840190817	0.0	0.0	0.0	0.0	0.0	0.0	0.0	0.187321023008	0.0
45	1	1	0	0.283297051257	0.336828309305	0.39308398024	0.497995590299	0.495164215192	0.255850852836	0.278614752495	0.501372648704	0.504105748047	0.497809637595
46	1	1	0	0.0	0.0	0.0	0.0	0.109043617447	0.0	0.0	0.0	0.1715627498	0.281087043722
47	1	1	0	0.0	0.0	0.0	0.0	0.109003793172	0.0	0.0	0.0	0.172424151397	0.267091087169
48	1	1	0	0.0	0.185903781429	0.250224752772	0.395672791938	0.253396337862	0.257699367734	0.13146100986	0.493421713367	0.0	0.0
49	1	1	0	0.0	0.0	0.0	0.132159033719	0.0	0.0	0.0	0.0	0.0	0.0
50	1	1	0	0.0	0.0	0.0	0.0	0.105641648942	0.0	0.0	0.0	0.16649858814	0.267761224283
51	1	1	0	0.0	0.199276817999	0.244319858365	0.408152994464	0.252614802271	0.247571357036	0.125210500248	0.494671224613	0.0	0.0
52	1	1	0	0.0	0.0	0.0	0.0	0.112322042219	0.0	0.0	0.0	0.168812877264	0.274179059786
53	1	1	0	0.0	0.0	0.0	0.128146453089	0.0	0.0	0.0	0.0	0.0	0.0
54	1	1	0	0.0	0.0	0.0	0.0	0.102200634417	0.0	0.0	0.0	0.170603674541	0.273377769065
55	1	1	0	0.495076366559	0.499151442548	0.491617307499	0.505780061259	0.495855236555	0.50197745699	0.502879660503	0.494000786782	0.507191676018	0.496805111821
56	1	1	0	0.280196137296	0.333935380293	0.403366396153	0.494684550422	0.498704405023	0.254708429852	0.275656324582	0.507758534388	0.492943548387	0.494168078955
57	1	1	0	0.0	0.0	0.0	0.0	0.11011011011	0.0	0.0	0.0	0.167422181928	0.266170634921
58	1	1	0	0.0	0.0	0.0	0.0	0.1074669967	0.0	0.0	0.0	0.167315175097	0.272208057114
59	1	1	0	0.0	0.0	0.136858942317	0.136546588851	0.13075690829	0.250721034311	0.0	0.256920590018	0.0	0.0
60	1	1	0	0.0	0.0	0.0	0.0	0.109423715177	0.0	0.0	0.0	0.166281058244	0.27761627907
61	1	1	0	0.0	0.197137996598	0.119642857143	0.0	0.111221449851	0.0	0.0	0.234848484848	0.0	0.0
62	1	1	0	0.278937188232	0.345220257717	0.393221682688	0.510724403076	0.500347532519	0.256053632179	0.273657802308	0.498559364133	0.49603577963	0.503961965135
63	1	1	0	0.503629312916	0.500492610837	0.494241260861	0.503864447087	0.49664160401	0.504190649298	0.498902852583	0.501324908276	0.496316208682	0.498429216572
64	1	1	0	0.0	0.191881918819	0.251928020566	0.400279776179	0.253884984658	0.263411210268	0.12979526933	0.499899598394	0.0	0.0
65	1	1	0	0.0	0.0	0.0	0.0	0.113019891501	0.0	0.0	0.0	0.16473757733	0.277905927189
66	1	1	0	0.0	0.0	0.0	0.13026552206	0.0	0.0	0.0	0.0	0.0	0.0
67	1	1	0	0.497338328076	0.492284866469	0.499900039984	0.493564800958	0.492681962025	0.253483280255	0.370661824052	0.499748819451	0.505314393563	0.503161698284
68	1	1	0	0.0	0.188008436276	0.25129454767	0.405600814664	0.246512554803	0.252834245504	0.123454327882	0.499306243806	0.0	0.0
69	1	1	0	0.0	0.0	0.0	0.122794707298	0.0	0.0	0.0	0.0	0.0	0.0
70	1	1	0	0.496978103636	0.495977473854	0.502780536246	0.501111335623	0.49813714631	0.501652809777	0.501831874618	0.501971220185	0.497156539958	0.502048566004
71	1	1	0	0.283456790123	0.332900129961	0.394707938093	0.510501287894	0.508170426065	0.25966027615	0.277357935028	0.500100140196	0.497373737374	0.497772056639
72	1	1	0	0.505845056469	0.50441944556	0.504887923373	0.497333199155	0.494505494505	0.258291752275	0.37914973739	0.499495051505	0.51337438175	0.50106049894
73	1	1	0	0.504457577882	0.49940699743	0.50599280863	0.495457238791	0.50212679765	0.257185479861	0.377851433028	0.49945420264	0.499093290349	0.500099049128
74	1	1	0	0.0	0.0	0.0	0.13054700685	0.0	0.0	0.0	0.0	0.0	0.0
75	1	1	0	0.290232743187	0.0	0.145674363294	0.0	0.249330024814	0.0	0.149121906131	0.0	0.35758669072	0.272471061902
76	1	1	0	0.0	0.0	0.0	0.0	0.11136408632	0.0	0.0	0.0	0.170927318296	0.273452489145
77	1	1	0	0.268765871001	0.333198666801	0.409501140534	0.505513404148	0.500050165546	0.255862688354	0.260948905109	0.497351324338	0.500652021266	0.501555756298
78	1	1	0	0.0	0.0	0.0	0.0	0.112957802548	0.0	0.0	0.0	0.173028247444	0.278753026634
79	1	1	0	0.0	0.19451145959	0.24695669527	0.402212524104	0.247010350719	0.256361450611	0.125087842586	0.50246602919	0.0	0.0
80	1	1	0	0.0	0.0	0.0	0.0	0.107714112168	0.0	0.0	0.0	0.170219153407	0.271384928717
81	1	1	0	0.504579768495	0.498543152818	0.504212637914	0.502562041595	0.49724144849	0.503463027093	0.497265545878	0.503609557702	0.505444466442	0.504601682335
82	1	1	0	0.0	0.0	0.0	0.0	0.107462987209	0.0	0.0	0.0	0.168042392744	0.278566394845
83	1	1	0	0.0	0.197646826182	0.252619911326	0.398202383357	0.24693980779	0.25012367666	0.123390236598	0.505465587045	0.0	0.0
84	1	1	0	0.291359010178	0.335631494804	0.407524792966	0.496290354923	0.499045322078	0.25022200296	0.277949669967	0.502187748608	0.499389375127	0.49715370019
85	1	1	0	0.0	0.0	0.0	0.0	0.109063595393	0.0	0.0	0.0	0.166109253066	0.276279254264
86	1	1	0	0.0	0.0	0.0	0.129863618131	0.0	0.0	0.0	0.0	0.0	0.0
87	1	1	0	0.0	0.0	0.0	0.0	0.109410941094	0.0	0.0	0.0	0.166917444077	0.269572076514
88	1	1	0	0.279259333803	0.335404971933	0.4023197176	0.502627143849	0.499194847021	0.265442067017	0.272337027054	0.498346196251	0.499252615845	0.490391387464
89	1	1	0	0.0	0.0	0.0	0.13202247191	0.0	0.0	0.0	0.0	0.0	0.0
90	1	1	0	0.0	0.0	0.0	0.0	0.108969236916	0.0	0.0	0.0	0.167343703557	0.272182254197
91	1	1	0	0.279205725229	0.0	0.144799054374	0.0	0.259525952595	0.0	0.149755002042	0.0	0.369325519023	0.271528471528
92	1	1	0	0.276872312769	0.332959983708	0.398182362928	0.500601202405	0.499796043239	0.254982887055	0.27131163905	0.493821008571	0.491966021902	0.501963479285
93	1	1	0	0.0	0.0	0.0	0.0	0.11573523583	0.0	0.0	0.0	0.165733146629	0.269019842457
94	1	1	0	0.0	0.0	0.0	0.135571142285	0.0	0.0	0.0	0.0	0.0	0.0
95	1	1	0	0.283862540193	0.338438438438	0.398202695956	0.507250695272	0.507810168142	0.24924984997	0.277109631249	0.49925940555	0.502235318025	0.501971887956
96	1	1	0	0.0	0.0	0.0	0.0	0.108663292647	0.0	0.0	0.0	0.164164164164	0.267304785894
97	1	1	0	0.281582952816	0.0	0.150926207106	0.0	0.248466257669	0.0	0.14917347142	0.0	0.364022233451	0.263395092639
98	1	1	0	0.277471149022	0.337857775155	0.404563894523	0.496905569974	0.49742502272	0.253053927898	0.273772622738	0.500150768921	0.50633922332	0.50070323488
99	1	1	0	0.0	0.198592257416	0.254888406083	0.410083526215	0.251554663992	0.254416263693	0.123755906303	0.497491392031	0.0	0.0
100	1	1	0	0.0	0.190058770794	0.254143646409	0.392207534042	0.24281213076	0.257943356004	0.131180223285	0.509390145396	0.0	0.0
