Chromosome	Position	Change	Gene	sample0	sample1	sample2	sample3	sample4
1	0	T>C	1	10163	9862	9974	10049	10157
1	1	C>T	1	9928	9963	10037	9906	10084
1	2	G>C	1	10009	10038	10045	9984	10044
1	3	A>T	1	9927	9923	9973	9796	9937
1	4	T>G	1	10075	10112	9986	10087	10013
1	5	C>T	1	10025	9926	10029	10062	9998
1	6	G>A	1	9929	10040	10027	9947	10092
1	7	A>C	1	10002	9934	10042	10070	10012
1	8	C>G	1	9790	9922	10144	10042	9917
1	9	T>C	1	9953	9890	10216	9990	9922
1	10	A>G	1	9942	9915	10021	10082	10041
1	11	A>T	1	9938	10000	10155	9964	10176
1	12	A>C	1	9990	9979	10218	9994	9971
1	13	G>T	1	9820	9944	9886	9752	10104
1	14	C>T	1	9823	10117	10204	9925	10027
1	15	G>C	1	9992	9993	10045	10202	9954
1	16	A>T	1	10015	9935	9980	9974	9844
1	17	T>C	1	9826	10114	10045	9788	9919
1	18	G>C	1	9910	9933	9931	10054	9951
1	19	T>A	1	10058	9986	9946	10144	9933
1	20	A>T	1	10070	10056	9971	10062	9853
1	21	A>C	1	10150	9877	9941	9884	10017
1	22	T>G	1	9914	9937	9801	10093	10114
1	23	C>G	1	10000	10114	10084	10031	10037
1	24	T>A	1	9971	9838	10000	10148	10111
1	25	C>G	1	10124	9808	10007	9944	10061
1	26	G>T	1	10151	10015	10110	9913	10015
1	27	C>G	1	9939	10010	10080	10160	9989
1	28	G>A	1	9823	9871	10104	10143	10072
1	29	A>T	1	9991	10104	9944	9975	10121
1	30	T>C	1	10095	9966	10201	9858	10323
1	31	T>A	1	9980	9968	10105	10008	10043
1	32	G>T	1	9740	9978	9794	10142	10160
1	33	G>A	1	9967	9995	9935	9988	10101
1	34	A>G	1	10102	9831	10080	9842	10071
1	35	A>C	1	9961	9964	9866	9802	9893
1	36	A>T	1	9900	9823	10029	9845	10025
1	37	C>A	1	9943	10167	10108	9982	10068
1	38	T>A	1	10019	10074	9748	10001	10089
1	39	A>T	1	10047	9921	9986	10009	10021
1	40	G>C	1	10004	10045	10027	10293	9896
1	41	A>G	1	10114	9929	10029	10057	9971
1	42	A>G	1	10046	10105	9995	10103	10031
1	43	A>C	1	9975	10044	10009	10136	10046
1	44	G>A	1	10153	10125	9993	10057	10037
1	45	G>T	1	9919	10035	9926	9941	10058
1	46	A>G	1	10133	10091	10032	10082	10001
1	47	G>A	1	9977	9998	9929	10087	9997
1	48	G>A	1	9968	9993	9972	10075	10031
1	49	G>T	1	9990	10036	9998	9831	9958
1	50	C>T	1	9915	10006	10075	9996	9883
1	51	T>G	1	9888	10060	10104	9963	10110
1	52	T>G	1	10303	10117	9872	9993	9990
1	53	C>A	1	10023	9916	10097	10021	10020
1	54	C>T	1	9967	9967	9986	9869	9820
1	55	G>A	1	9794	9874	9870	10037	10019
1	56	T>A	1	10080	10088	10150	10109	10100
1	57	A>G	1	9958	9836	10013	10012	10029
1	58	A>C	1	9839	9970	10193	9917	9944
1	59	G>T	1	9997	9895	9841	9999	9842
1	60	G>T	1	9847	9837	10084	10081	9964
1	61	A>C	1	10141	10201	9937	10119	9958
1	62	C>A	1	9951	10067	9912	9872	9957
1	63	C>A	1	9918	10096	10059	9878	9938
1	64	A>T	1	9998	10047	9870	10101	9986
1	65	T>A	1	9945	10004	10090	9920	10147
1	66	G>T	1	9926	10082	10285	9853	9923
1	67	A>G	1	9946	9976	9986	10087	10153
1	68	G>T	1	9981	10077	10092	10081	9896
1	69	A>T	1	10029	9923	9800	10060	10033
1	70	G>C	1	9914	10125	9894	9843	9940
1	71	G>C	1	10125	10259	9881	10026	10029
1	72	G>T	1	10047	10139	9879	9764	10016
1	73	T>A	1	10309	10032	10009	10076	10152
1	74	G>C	1	9963	9913	9964	9999	9961
1	75	T>C	1	10038	9982	9879	10016	10052
1	76	A>G	1	10009	9873	10152	9809	10010
1	77	C>A	1	9965	9917	10090	9963	9941
1	78	G>A	1	9973	10149	9935	10135	10001
1	79	C>T	1	10010	10079	10153	9965	10299
1	80	G>C	1	9917	9923	9965	10001	9884
1	81	A>T	1	9989	10175	10041	9953	9925
1	82	A>T	1	10007	9838	10193	10187	10104
1	83	C>T	1	10003	9859	10065	9919	10004
1	84	T>C	1	9997	9885	9955	10071	10059
1	85	G>T	1	9866	10043	10094	9965	9938
1	86	C>T	1	9892	9978	9897	10068	9948
1	87	G>A	1	10022	10169	10106	10218	9990
1	88	C>G	1	10019	10025	9830	10031	9989
1	89	G>C	1	10190	9947	9965	10081	10050
1	90	G>T	1	10107	10135	9866	10089	10123
1	91	C>A	1	9849	10068	10184	10185	9826
1	92	G>A	1	10238	9914	10038	10024	10114
1	93	A>G	1	10100	9972	9953	10060	10136
1	94	G>A	1	9971	10042	10069	10076	9925
1	95	C>G	1	9957	10048	9855	9908	10167
1	96	A>G	1	10002	9859	9963	10017	9873
1	97	G>A	1	9957	9935	9920	9989	10011
1	98	T>G	1	10039	9879	10022	9981	10005
1	99	G>A	1	10000	9888	10278	9820	9938
