Chromosome	Position	Change	Gene	sample0	sample1	sample2	sample3	sample4
1	0	A>T	1	0	2332	2911	1501	2152
1	1	C>T	1	0	2592	0	1617	0
1	2	G>C	1	0	0	1674	0	1367
1	3	G>T	1	0	0	0	1976	1242
1	4	T>A	1	2087	0	2029	0	1517
1	5	A>C	1	0	2664	0	1636	0
1	6	G>T	1	0	0	2038	0	1484
1	7	C>G	1	0	2664	0	1600	0
1	8	A>T	1	0	0	0	1918	1244
1	9	G>T	1	0	2326	2971	1460	2204
1	10	C>T	1	0	2497	0	1585	0
1	11	A>T	1	0	2340	2845	1422	2249
1	12	G>A	1	0	2640	0	1649	0
1	13	C>A	1	0	0	0	1943	1324
1	14	C>G	1	0	2656	0	1664	0
1	15	C>T	1	0	2579	0	1579	0
1	16	G>C	1	0	2391	2993	1475	2267
1	17	C>A	1	0	0	0	1890	1240
1	18	T>G	1	2000	0	2064	0	1458
1	19	A>T	1	0	2668	0	1632	0
1	20	A>G	1	0	0	0	0	1209
1	21	C>A	1	0	2369	3051	1504	2210
1	22	A>G	1	0	2513	0	1609	0
1	23	A>T	1	0	2294	2985	1425	2304
1	24	T>A	1	0	0	0	1895	1256
1	25	T>G	1	0	2344	2954	1514	2221
1	26	A>C	1	0	0	2014	0	1519
1	27	T>A	1	0	0	0	1880	1237
1	28	T>C	1	0	0	1757	0	1375
1	29	T>A	1	0	0	2038	0	1526
1	30	A>G	1	0	2754	0	1594	0
1	31	T>G	1	0	0	2001	0	1474
1	32	G>A	1	0	0	2022	0	1516
1	33	C>T	1	0	0	1790	0	1313
1	34	A>T	1	0	2339	2923	1444	2239
1	35	C>T	1	0	2755	0	1692	0
1	36	G>T	1	0	2385	3023	1489	2183
1	37	T>G	1	0	2354	2979	1497	2238
1	38	C>A	1	0	2343	2886	1467	2223
1	39	G>A	1	0	0	0	0	1196
1	40	A>G	1	0	0	2018	0	1544
1	41	G>C	1	0	2308	2909	1500	2240
1	42	G>T	1	0	2590	0	1582	0
1	43	C>A	1	0	2717	0	1650	0
1	44	A>G	1	0	2636	0	1645	0
1	45	C>T	1	0	0	0	1975	1250
1	46	G>C	1	0	2339	3039	1498	2292
1	47	A>G	1	0	0	0	0	1298
1	48	G>C	1	0	2586	0	1623	0
1	49	A>T	1	0	0	0	1868	1308
1	50	C>G	1	0	2622	0	1641	0
1	51	A>T	1	3089	0	0	0	0
1	52	G>A	1	2042	0	1994	0	1498
1	53	T>A	1	0	0	1960	0	1463
1	54	G>T	1	0	0	2044	0	1377
1	55	G>C	1	0	2301	2881	1487	2206
1	56	T>C	1	0	2573	0	1612	0
1	57	T>G	1	0	0	0	1911	1268
1	58	T>G	1	0	2414	2999	1404	2222
1	59	A>T	1	0	2650	0	1641	0
1	60	A>T	1	2024	0	2051	0	1441
1	61	C>G	1	0	2405	2980	1440	2198
1	62	C>A	1	0	0	0	1864	1228
1	63	A>G	1	0	0	0	1928	1246
1	64	C>A	1	3070	0	0	0	0
1	65	G>T	1	2021	0	2065	0	1501
1	66	C>T	1	0	2355	2873	1493	2207
1	67	T>C	1	0	0	0	1959	1266
1	68	T>A	1	2068	0	1970	0	1529
1	69	A>G	1	3025	0	0	0	0
1	70	G>T	1	0	2356	3116	1457	2341
1	71	C>T	1	0	0	0	1966	1278
1	72	G>T	1	1986	0	0	0	0
1	73	A>G	1	0	0	2061	0	1541
1	74	G>T	1	0	2610	0	1664	0
1	75	A>T	1	0	0	0	0	1229
1	76	T>C	1	0	2633	0	1613	0
1	77	C>T	1	0	2353	2925	1476	2276
1	78	G>C	1	0	0	0	0	1257
1	79	C>T	1	0	0	0	0	1275
1	80	A>T	1	0	0	0	1898	1231
1	81	G>C	1	0	2555	0	1586	0
1	82	T>C	1	0	2376	2965	1443	2286
1	83	G>A	1	0	2386	2944	1505	2260
1	84	G>A	1	0	2374	2985	1467	2266
1	85	T>C	1	0	0	0	1897	1290
1	86	C>T	1	0	0	2053	0	1497
1	87	A>T	1	0	0	2015	0	1487
1	88	T>A	1	2027	0	2087	0	1494
1	89	G>C	1	0	2323	2987	1474	2206
1	90	T>C	1	0	2625	0	1636	0
1	91	T>C	1	0	0	2046	0	1580
1	92	G>C	1	0	0	1773	0	1316
1	93	T>C	1	0	2364	2942	1441	2182
1	94	G>T	1	0	0	0	0	1198
1	95	A>G	1	0	2352	2999	1467	2216
1	96	T>C	1	0	2268	2976	1443	2303
1	97	C>G	1	0	0	2004	0	1472
1	98	G>A	1	0	0	0	1886	1266
1	99	G>T	1	0	2650	0	1710	0
