Chromosome	Position	Change	Gene	sample0	sample1	sample2	sample3	sample4	sample5	sample6	sample7	sample8	sample9
1	0	A>C	1	9880	9802	9950	10014	10068	10083	9950	10146	10142	10089
1	1	T>C	1	10079	9950	10033	10045	9997	9790	10015	10059	9954	10078
1	2	T>C	1	9998	9886	9959	9998	10094	10007	10095	9967	9949	10192
1	3	T>C	1	10189	10119	10218	9992	10107	10274	10016	10251	10156	9929
1	4	C>T	1	9973	9944	10088	10139	9948	10003	9976	9987	9941	9925
1	5	T>A	1	9962	10149	10048	9880	9886	10035	10144	9960	9992	10112
1	6	G>T	1	10111	10031	9949	10105	10093	10053	10145	9944	9906	10014
1	7	A>T	1	10128	9891	10163	9820	10145	10043	10170	10093	9901	10038
1	8	T>A	1	9968	9908	9995	10060	9865	9983	10029	9920	9919	10066
1	9	A>G	1	9994	9991	9775	9875	9865	9928	9919	9986	10053	9984
1	10	T>G	1	10116	10073	10063	9987	10063	9867	9834	10109	9865	10068
1	11	C>G	1	9844	10049	10082	9976	9983	9912	10065	10002	9796	9964
1	12	G>C	1	10084	9994	10171	10100	10116	9952	10208	9808	9867	10086
1	13	G>T	1	9959	10103	10114	9905	10019	10059	10105	10012	9991	10033
1	14	G>C	1	9902	9866	9999	10194	10077	10165	9803	10030	9866	9881
1	15	A>G	1	9865	10030	9947	10101	10085	9861	9954	10018	10067	10066
1	16	C>A	1	9972	10030	9929	9827	9889	10105	9906	9982	10026	9964
1	17	A>G	1	10020	10091	10075	9965	9942	9985	10030	10079	9998	10019
1	18	G>C	1	9916	10224	9874	9969	10128	9862	9951	10065	9936	10076
1	19	G>T	1	10022	10061	10005	9827	10008	10170	9873	9899	9862	9979
1	20	C>T	1	9816	10062	10138	10049	9868	9857	10161	9967	10040	10029
1	21	G>C	1	10083	9983	10071	9992	10101	9898	10168	10138	9954	9946
1	22	T>A	1	10036	10024	9954	10181	9997	9950	10057	9932	10018	9914
1	23	A>C	1	9697	9865	10027	10179	10131	9978	10034	9816	9903	10188
1	24	G>T	1	9992	9966	10123	10035	10012	10022	9886	9872	9982	9965
1	25	C>G	1	9900	10020	9956	9976	9905	10108	9960	10032	10087	9961
1	26	G>A	1	10046	10271	10132	10028	10158	9886	10020	9940	9975	10107
1	27	G>C	1	9831	10055	9921	10091	10132	10163	10015	10017	9970	9984
1	28	T>G	1	9935	9986	10041	9874	9888	10010	10037	10009	9991	10109
1	29	C>G	1	9939	9871	9782	9975	10065	10127	10126	10109	9873	9990
1	30	A>G	1	9945	10080	10127	10045	10040	10002	9970	10114	10083	9907
1	31	C>G	1	10143	9970	9894	9925	10096	9920	9913	9740	9877	9996
1	32	T>G	1	10062	9868	10031	9851	9996	10043	10223	10000	10102	9926
1	33	A>T	1	9888	9959	10024	9995	10059	9815	9974	9989	10012	9932
1	34	G>A	1	10013	10148	9997	9953	10176	10021	9943	10060	10062	10069
1	35	T>G	1	9920	9963	9996	10096	10055	9940	10060	9837	10024	9818
1	36	G>T	1	9877	9822	9982	9918	10207	10014	9991	10053	10009	9973
1	37	T>A	1	9899	9727	9910	9995	9918	9925	10050	9922	9935	10048
1	38	G>A	1	9960	9941	9993	10119	9978	10075	9806	9936	10048	9971
1	39	C>G	1	10075	9893	10141	10144	9987	9927	10097	10056	10059	10031
1	40	C>G	1	10090	9879	10034	9966	9990	10003	10099	9952	9839	9924
1	41	C>A	1	10026	10008	10019	9978	10018	9916	9861	10143	10107	9983
1	42	G>A	1	10147	10028	10007	9870	9903	9913	10116	10021	9823	9812
1	43	A>C	1	10033	9972	9995	9938	9997	9940	9867	9824	9974	10039
1	44	A>G	1	9965	10023	9965	9943	9954	9953	10013	9880	10001	9988
1	45	T>G	1	9987	9954	9999	9909	9812	10024	9992	10084	10085	9996
1	46	G>A	1	9903	10200	9985	9875	10114	9937	10100	10032	10013	10058
1	47	T>C	1	9984	10105	9876	10015	10069	9838	9928	10020	9962	10149
1	48	T>A	1	9926	9905	9957	9913	10044	10039	9882	10061	10090	10079
1	49	C>G	1	9883	10086	10066	9881	10051	9987	9918	9927	10043	9881
1	50	C>A	1	9893	10035	9968	9942	10076	9970	9966	10083	9982	10050
1	51	G>C	1	10044	9786	10004	10008	10157	9821	10037	9889	10065	10194
1	52	C>A	1	9931	9979	9997	10137	9872	9934	10168	10064	9873	10067
1	53	G>C	1	9900	9984	10140	9929	9929	10096	9948	10101	10066	9890
1	54	T>A	1	10005	9864	10006	9773	9997	9884	10149	10024	9815	10145
1	55	C>T	1	9875	9968	10253	9931	9936	9903	10041	10119	10039	10012
1	56	G>A	1	9914	10116	9990	9873	10010	9999	10040	10058	10024	10167
1	57	G>T	1	10117	9992	9998	9795	9965	9993	10138	9952	10032	9873
1	58	C>A	1	9722	10090	9882	9919	9992	10083	10169	10101	9969	10042
1	59	T>G	1	10043	9882	9932	9893	9968	10031	10019	9956	10081	10036
1	60	T>G	1	10005	9824	9986	10037	10066	9997	9955	9989	10072	10024
1	61	A>T	1	10034	9947	9970	9933	10014	9997	10020	10027	10018	9978
1	62	T>A	1	10114	10130	10068	9974	9918	9906	9810	10150	9974	9932
1	63	G>T	1	9854	10200	10057	10071	10208	10046	9960	10035	10091	10103
1	64	T>G	1	9911	9954	10215	10117	9984	10156	10062	9945	10038	9978
1	65	G>A	1	10020	10063	10076	10185	10039	9905	10103	10228	10010	10055
1	66	G>C	1	10049	10032	10141	10047	9853	9985	9943	10058	9758	10105
1	67	G>T	1	10014	9990	9872	10078	10038	9978	10012	9976	10029	10021
1	68	A>C	1	9946	10081	9999	9983	10068	9948	10031	9869	10021	9879
1	69	A>C	1	9917	10062	9966	10007	9983	9885	10116	10093	9778	10078
1	70	A>G	1	9931	10021	9865	10163	9945	9946	10000	10067	10126	9979
1	71	G>T	1	9936	9917	9823	9981	10055	9891	9932	9989	9916	9869
1	72	G>C	1	10044	10013	9854	9845	9910	10158	10033	9926	9897	9979
1	73	G>C	1	10083	10046	9886	10056	9984	10011	10141	10036	10125	9959
1	74	G>T	1	10172	9848	9922	9998	10095	10019	9910	9976	10022	10152
1	75	G>A	1	10059	9947	9949	9961	10024	10033	10037	10013	10080	10010
1	76	A>T	1	10029	9968	10111	9870	10133	10163	10158	10104	10041	10013
1	77	T>G	1	10084	10005	10111	9979	10082	9990	10017	10156	9953	10003
1	78	A>C	1	9957	9918	9859	9946	9980	9874	10004	9956	9854	10066
1	79	C>T	1	10105	9948	10084	10101	10035	9911	10147	9889	9875	10001
1	80	G>A	1	10090	10013	10003	10107	9884	9795	10062	9931	9965	10201
1	81	G>T	1	10048	9952	10186	9934	9998	10040	10093	10095	9947	10069
1	82	T>A	1	9889	10088	10078	10090	9965	9796	9903	10143	10152	9920
1	83	C>T	1	10154	10061	10087	10083	10204	9987	9818	10071	9849	9823
1	84	G>A	1	10155	10172	9868	9980	9970	9911	9936	10188	10046	9858
1	85	C>A	1	10074	10019	9977	9999	10065	9970	10004	10051	10091	9952
1	86	G>C	1	9913	10024	9931	10081	10050	10165	10174	9936	10082	10015
1	87	T>G	1	10108	9930	10074	9912	10021	10227	10060	9780	9891	10146
1	88	G>A	1	9922	10120	9923	9827	10099	9888	10124	9855	9982	9819
1	89	G>A	1	9872	10078	9888	10097	10065	9981	9898	9937	9966	10049
1	90	C>G	1	10109	9990	10051	9932	10128	10013	10169	9953	10023	10175
1	91	T>A	1	10047	10030	10007	9972	10005	10014	10049	10030	9902	9935
1	92	G>T	1	9876	10069	10092	10038	9932	10175	9942	9964	9918	9970
1	93	A>G	1	10175	9837	9807	9945	9823	10098	9968	10042	9910	9966
1	94	A>C	1	9980	9964	10166	9971	10185	9994	9902	9834	9905	9906
1	95	T>C	1	10112	10054	10016	10087	9761	10253	9941	9936	10137	9921
1	96	C>T	1	10098	10179	10152	10064	10010	10133	10117	9977	9969	9955
1	97	G>A	1	9914	10087	9873	9923	10039	9972	9951	9864	9743	10016
1	98	A>C	1	9738	9939	9892	10005	9962	9989	10094	9989	9952	10035
1	99	G>T	1	9974	9724	10108	9836	10021	10089	9868	10168	10131	9872
