#chr	position	description	normal	sample0	sample1	sample2	sample3	sample4
1	1	1	0	0.0	0.0	0.0	0.0	0.0
2	1	1	0	0.0	0.0	0.0	0.0776699029126	0.0
3	1	1	0	0.211111111111	0.182795698925	0.0	0.117647058824	0.0
4	1	1	0	0.138613861386	0.0	0.0	0.0	0.0
5	1	1	0	0.0	0.0	0.329411764706	0.0	0.0
6	1	1	0	0.148148148148	0.0	0.0	0.106382978723	0.155339805825
7	1	1	0	0.36036036036	0.148514851485	0.0	0.188118811881	0.258426966292
8	1	1	0	0.0	0.0	0.0	0.0952380952381	0.0
9	1	1	0	0.0	0.0	0.2	0.0	0.0
10	1	1	0	0.485714285714	0.509615384615	0.581818181818	0.514563106796	0.460674157303
11	1	1	0	0.224719101124	0.231578947368	0.0	0.145833333333	0.15652173913
12	1	1	0	0.0	0.0	0.0	0.0	0.0
13	1	1	0	0.0	0.0	0.0	0.0	0.0
14	1	1	0	0.252631578947	0.0	0.0	0.0	0.0
15	1	1	0	0.0	0.0	0.0	0.0	0.0
16	1	1	0	0.175925925926	0.296296296296	0.0	0.158878504673	0.09375
17	1	1	0	0.115384615385	0.0	0.0	0.0927835051546	0.142857142857
18	1	1	0	0.241758241758	0.245098039216	0.0	0.176923076923	0.0
19	1	1	0	0.0	0.0	0.0	0.0	0.0
20	1	1	0	0.0	0.0	0.0	0.0	0.0
21	1	1	0	0.15625	0.0	0.0	0.0	0.0
22	1	1	0	0.0	0.0	0.0	0.0	0.0
23	1	1	0	0.0	0.0	0.0	0.0	0.0
24	1	1	0	0.0	0.0	0.254716981132	0.0	0.0
25	1	1	0	0.129032258065	0.0	0.0	0.119658119658	0.212765957447
26	1	1	0	0.205607476636	0.22641509434	0.0	0.2	0.0
27	1	1	0	0.115702479339	0.0	0.0	0.0	0.0
28	1	1	0	0.0	0.0	0.0	0.0	0.0
29	1	1	0	0.0	0.0	0.0	0.0	0.138613861386
30	1	1	0	0.0	0.0	0.0	0.0	0.0
31	1	1	0	0.0	0.287037037037	0.0	0.168316831683	0.0
32	1	1	0	0.151898734177	0.0	0.0	0.0	0.0
33	1	1	0	0.0	0.0	0.0	0.0	0.131313131313
34	1	1	0	0.113402061856	0.0	0.0	0.0	0.0
35	1	1	0	0.0	0.0	0.0	0.0	0.0
36	1	1	0	0.258064516129	0.283950617284	0.0	0.139784946237	0.0818181818182
37	1	1	0	0.142857142857	0.0	0.0	0.117021276596	0.127450980392
38	1	1	0	0.0	0.0	0.0	0.0	0.0
39	1	1	0	0.0	0.0	0.0	0.0	0.0
40	1	1	0	0.1	0.0	0.0	0.0943396226415	0.153153153153
41	1	1	0	0.0654205607477	0.0	0.0	0.0	0.0
42	1	1	0	0.116504854369	0.0	0.0	0.115044247788	0.11
43	1	1	0	0.0	0.0	0.0	0.0	0.0
44	1	1	0	0.338028169014	0.27	0.0	0.0857142857143	0.09
45	1	1	0	0.276595744681	0.230769230769	0.0	0.119266055046	0.1
46	1	1	0	0.108108108108	0.0	0.0	0.0	0.0
47	1	1	0	0.210526315789	0.0	0.0	0.118811881188	0.0
48	1	1	0	0.105769230769	0.0	0.0	0.13829787234	0.0980392156863
49	1	1	0	0.25	0.216981132075	0.0	0.183486238532	0.0
50	1	1	0	0.448275862069	0.533980582524	0.505050505051	0.524752475248	0.5
51	1	1	0	0.0	0.0	0.17	0.0	0.0
52	1	1	0	0.0	0.3	0.0	0.10101010101	0.0
53	1	1	0	0.14606741573	0.0	0.0	0.0	0.0
54	1	1	0	0.365384615385	0.175824175824	0.0	0.28	0.266666666667
55	1	1	0	0.161616161616	0.0	0.0	0.0	0.0
56	1	1	0	0.0	0.0	0.0	0.0	0.0
57	1	1	0	0.10843373494	0.0	0.0	0.0	0.0
58	1	1	0	0.210526315789	0.0	0.0	0.0	0.0
59	1	1	0	0.0818181818182	0.0	0.0	0.102040816327	0.168224299065
60	1	1	0	0.396694214876	0.485981308411	0.5	0.522727272727	0.508771929825
61	1	1	0	0.0	0.0	0.0	0.0	0.0
62	1	1	0	0.0	0.0	0.255102040816	0.0	0.0
63	1	1	0	0.0	0.0	0.0	0.0	0.0
64	1	1	0	0.202247191011	0.203703703704	0.0	0.125	0.105882352941
65	1	1	0	0.333333333333	0.186991869919	0.0	0.27	0.260504201681
66	1	1	0	0.471153846154	0.542857142857	0.436893203883	0.464646464646	0.551020408163
67	1	1	0	0.0	0.0	0.0	0.0	0.0
68	1	1	0	0.0	0.0	0.271028037383	0.0	0.0
69	1	1	0	0.0	0.270833333333	0.0	0.168539325843	0.0
70	1	1	0	0.0	0.0	0.0	0.0	0.111111111111
71	1	1	0	0.0	0.0	0.354838709677	0.0	0.0
72	1	1	0	0.532608695652	0.443298969072	0.454545454545	0.457446808511	0.510416666667
73	1	1	0	0.0	0.0	0.0	0.0	0.0
74	1	1	0	0.590909090909	0.462264150943	0.584269662921	0.504	0.417475728155
75	1	1	0	0.222222222222	0.2	0.0	0.150943396226	0.09375
76	1	1	0	0.0	0.0	0.0	0.0	0.0
77	1	1	0	0.0851063829787	0.0	0.0	0.14606741573	0.130434782609
78	1	1	0	0.0	0.0	0.0	0.152173913043	0.0
79	1	1	0	0.127659574468	0.0	0.0	0.126436781609	0.135135135135
80	1	1	0	0.0	0.0	0.0	0.0	0.0
81	1	1	0	0.0	0.0	0.0	0.0	0.14
82	1	1	0	0.505494505495	0.465909090909	0.433333333333	0.452830188679	0.545454545455
83	1	1	0	0.0	0.0	0.0	0.0	0.181818181818
84	1	1	0	0.230769230769	0.0	0.0	0.179487179487	0.0
85	1	1	0	0.0917431192661	0.0	0.0	0.0	0.0
86	1	1	0	0.0	0.0	0.32967032967	0.0	0.0
87	1	1	0	0.181818181818	0.1875	0.0	0.160377358491	0.0
88	1	1	0	0.133333333333	0.0	0.0	0.0	0.0
89	1	1	0	0.196078431373	0.0	0.0	0.0	0.0
90	1	1	0	0.140186915888	0.0	0.0	0.105263157895	0.126315789474
91	1	1	0	0.125	0.0	0.0	0.12962962963	0.129032258065
92	1	1	0	0.0917431192661	0.0	0.0	0.0	0.0
93	1	1	0	0.144444444444	0.0	0.0	0.0	0.0
94	1	1	0	0.207547169811	0.145631067961	0.0	0.170454545455	0.0
95	1	1	0	0.230769230769	0.231481481481	0.0	0.150442477876	0.162393162393
96	1	1	0	0.13829787234	0.0	0.0	0.0	0.0
97	1	1	0	0.0	0.0	0.0	0.0	0.0
98	1	1	0	0.164948453608	0.0	0.0	0.128712871287	0.111111111111
99	1	1	0	0.0	0.0	0.0	0.0	0.0
100	1	1	0	0.153153153153	0.0	0.0	0.0	0.0
101	1	1	0	0.0	0.0	0.0	0.0	0.0
102	1	1	0	0.0	0.0	0.0	0.0754716981132	0.0
103	1	1	0	0.193181818182	0.242718446602	0.0	0.0792079207921	0.0898876404494
104	1	1	0	0.18	0.238095238095	0.0	0.131313131313	0.0
105	1	1	0	0.0	0.0	0.0	0.0	0.0
106	1	1	0	0.223529411765	0.238938053097	0.0	0.0918367346939	0.106382978723
107	1	1	0	0.0	0.0	0.0	0.0	0.0
108	1	1	0	0.157894736842	0.0	0.0	0.0	0.0
109	1	1	0	0.0	0.262626262626	0.0	0.154761904762	0.0
110	1	1	0	0.268907563025	0.175925925926	0.0	0.0333333333333	0.144444444444
111	1	1	0	0.108695652174	0.0	0.0	0.0	0.0
112	1	1	0	0.205882352941	0.247422680412	0.0	0.0909090909091	0.119266055046
113	1	1	0	0.0	0.0	0.0	0.0	0.0
114	1	1	0	0.132653061224	0.0	0.0	0.126315789474	0.179245283019
115	1	1	0	0.0	0.0	0.0	0.0	0.0
116	1	1	0	0.122222222222	0.0	0.0	0.0	0.0
117	1	1	0	0.0	0.0	0.0	0.0	0.112244897959
118	1	1	0	0.277108433735	0.262626262626	0.0	0.145833333333	0.117117117117
119	1	1	0	0.0	0.308510638298	0.0	0.0	0.0
120	1	1	0	0.0	0.0	0.0	0.0	0.0
121	1	1	0	0.52380952381	0.522123893805	0.510204081633	0.517647058824	0.472527472527
122	1	1	0	0.256880733945	0.173076923077	0.0	0.145833333333	0.0810810810811
123	1	1	0	0.0	0.327868852459	0.0	0.0824742268041	0.0
124	1	1	0	0.0	0.0	0.0	0.0	0.0
125	1	1	0	0.0842105263158	0.0	0.0	0.0	0.0
126	1	1	0	0.0	0.0	0.0	0.0	0.0
127	1	1	0	0.14606741573	0.0	0.0	0.0	0.0
128	1	1	0	0.4	0.274725274725	0.0	0.309278350515	0.355555555556
129	1	1	0	0.488636363636	0.41592920354	0.544444444444	0.51724137931	0.435185185185
130	1	1	0	0.0	0.0	0.0	0.0	0.0
131	1	1	0	0.520325203252	0.514563106796	0.567567567568	0.527472527473	0.54347826087
132	1	1	0	0.236842105263	0.21568627451	0.0	0.212389380531	0.0
133	1	1	0	0.25	0.21	0.0	0.0918367346939	0.108910891089
134	1	1	0	0.171428571429	0.0	0.0	0.0	0.0
135	1	1	0	0.0	0.0	0.0	0.0	0.0
136	1	1	0	0.0	0.0	0.0	0.0	0.135922330097
137	1	1	0	0.0	0.0	0.0	0.127118644068	0.0
138	1	1	0	0.0	0.238095238095	0.0	0.0769230769231	0.0
139	1	1	0	0.252873563218	0.238095238095	0.0	0.120879120879	0.126126126126
140	1	1	0	0.12380952381	0.0	0.0	0.0	0.0
141	1	1	0	0.529411764706	0.436781609195	0.587719298246	0.425531914894	0.509615384615
142	1	1	0	0.105882352941	0.0	0.0	0.0	0.0
143	1	1	0	0.357142857143	0.358490566038	0.0	0.270833333333	0.196078431373
144	1	1	0	0.404494382022	0.172727272727	0.0	0.298076923077	0.213483146067
145	1	1	0	0.0	0.0	0.0	0.0	0.0
146	1	1	0	0.0	0.0	0.0	0.0	0.0
147	1	1	0	0.241758241758	0.0	0.0	0.0	0.0
148	1	1	0	0.0	0.0	0.0	0.0	0.0
149	1	1	0	0.161904761905	0.0	0.0	0.0796460176991	0.134615384615
150	1	1	0	0.223529411765	0.226086956522	0.0	0.176470588235	0.0
151	1	1	0	0.0	0.0	0.0	0.0	0.0
152	1	1	0	0.0833333333333	0.0	0.0	0.0	0.0
153	1	1	0	0.0	0.0	0.0	0.0	0.0
154	1	1	0	0.144329896907	0.0	0.0	0.0	0.0
155	1	1	0	0.21568627451	0.0	0.0	0.142857142857	0.138888888889
156	1	1	0	0.177570093458	0.269230769231	0.0	0.171171171171	0.0
157	1	1	0	0.165137614679	0.0	0.0	0.0	0.0
158	1	1	0	0.0	0.0	0.0	0.0	0.0
159	1	1	0	0.211111111111	0.0	0.0	0.0	0.0
160	1	1	0	0.411111111111	0.172413793103	0.0	0.395348837209	0.252747252747
161	1	1	0	0.127450980392	0.0	0.0	0.0	0.0
162	1	1	0	0.0865384615385	0.0	0.0	0.0	0.0
163	1	1	0	0.0	0.0	0.0	0.168539325843	0.0
164	1	1	0	0.0927835051546	0.0	0.0	0.131313131313	0.155339805825
165	1	1	0	0.0	0.0	0.247422680412	0.0	0.0
166	1	1	0	0.0	0.178947368421	0.0	0.14953271028	0.0
167	1	1	0	0.258064516129	0.145833333333	0.0	0.16	0.0
168	1	1	0	0.591397849462	0.5	0.505154639175	0.52	0.53164556962
169	1	1	0	0.1	0.0	0.0	0.111111111111	0.164948453608
170	1	1	0	0.0	0.0	0.0	0.0	0.0
171	1	1	0	0.0	0.0	0.0	0.0	0.0
172	1	1	0	0.0	0.0	0.271028037383	0.0	0.0
173	1	1	0	0.284090909091	0.2	0.0	0.18085106383	0.0
174	1	1	0	0.0	0.0	0.0	0.0	0.148148148148
175	1	1	0	0.133333333333	0.0	0.0	0.0	0.0
176	1	1	0	0.193277310924	0.0	0.0	0.119266055046	0.152941176471
177	1	1	0	0.576576576577	0.54954954955	0.586538461538	0.532786885246	0.533980582524
178	1	1	0	0.486725663717	0.505154639175	0.576923076923	0.5	0.441176470588
179	1	1	0	0.137096774194	0.0	0.0	0.116504854369	0.10752688172
180	1	1	0	0.5625	0.484536082474	0.457446808511	0.549450549451	0.52
181	1	1	0	0.0	0.0	0.0	0.0	0.0
182	1	1	0	0.326732673267	0.203883495146	0.0	0.0882352941176	0.0659340659341
183	1	1	0	0.545454545455	0.443037974684	0.606837606838	0.5	0.533333333333
184	1	1	0	0.0	0.0	0.254385964912	0.0	0.0
185	1	1	0	0.515151515152	0.505882352941	0.584158415842	0.442307692308	0.46017699115
186	1	1	0	0.552631578947	0.428571428571	0.553191489362	0.542168674699	0.462365591398
187	1	1	0	0.18085106383	0.260416666667	0.0	0.201612903226	0.19587628866
188	1	1	0	0.593406593407	0.543859649123	0.567010309278	0.509803921569	0.408163265306
189	1	1	0	0.0	0.0	0.260416666667	0.0	0.0
190	1	1	0	0.0	0.0	0.0	0.0	0.0
191	1	1	0	0.190476190476	0.0	0.0	0.0	0.0
192	1	1	0	0.264705882353	0.216216216216	0.0	0.137614678899	0.0980392156863
193	1	1	0	0.225490196078	0.242105263158	0.0	0.108910891089	0.0
194	1	1	0	0.0	0.0	0.276422764228	0.0	0.0
195	1	1	0	0.495575221239	0.462264150943	0.527777777778	0.532258064516	0.461538461538
196	1	1	0	0.0	0.0	0.0	0.126126126126	0.0
197	1	1	0	0.0	0.0	0.0	0.0	0.0
198	1	1	0	0.0	0.0	0.0	0.0	0.0
199	1	1	0	0.0	0.0	0.0	0.0	0.0957446808511
200	1	1	0	0.14	0.18085106383	0.0	0.13	0.128205128205
201	1	1	0	0.0	0.0	0.0	0.0	0.0
202	1	1	0	0.0	0.0	0.0	0.0674157303371	0.0
203	1	1	0	0.0	0.0	0.0	0.0	0.240963855422
204	1	1	0	0.101123595506	0.0	0.0	0.138461538462	0.107843137255
205	1	1	0	0.0	0.0	0.0	0.0	0.0
206	1	1	0	0.102272727273	0.0	0.0	0.0	0.0
207	1	1	0	0.0	0.0	0.0	0.0	0.0
208	1	1	0	0.0	0.0	0.0	0.0	0.0
209	1	1	0	0.410526315789	0.243902439024	0.0	0.26	0.25
210	1	1	0	0.0	0.0	0.0	0.0	0.0
211	1	1	0	0.0	0.229166666667	0.0	0.134020618557	0.0
212	1	1	0	0.0	0.0	0.0	0.0	0.0
213	1	1	0	0.0	0.0	0.0	0.0	0.0
214	1	1	0	0.136	0.24347826087	0.0	0.15625	0.0
215	1	1	0	0.0	0.0	0.0	0.144144144144	0.0
216	1	1	0	0.0	0.23	0.0	0.0729166666667	0.0
217	1	1	0	0.0	0.0	0.0	0.0	0.169642857143
218	1	1	0	0.131147540984	0.0	0.0	0.150943396226	0.113402061856
219	1	1	0	0.343434343434	0.272727272727	0.0	0.267326732673	0.292452830189
220	1	1	0	0.155555555556	0.0	0.0	0.0	0.0
221	1	1	0	0.434343434343	0.504672897196	0.5	0.595505617978	0.5
222	1	1	0	0.181818181818	0.0	0.0	0.0873786407767	0.15503875969
223	1	1	0	0.224137931034	0.265957446809	0.0	0.159574468085	0.0
224	1	1	0	0.520408163265	0.471153846154	0.43137254902	0.589473684211	0.447619047619
225	1	1	0	0.447916666667	0.526315789474	0.350515463918	0.504854368932	0.444444444444
226	1	1	0	0.564814814815	0.489795918367	0.46	0.564356435644	0.62037037037
227	1	1	0	0.180952380952	0.271604938272	0.0	0.118279569892	0.119658119658
228	1	1	0	0.461538461538	0.485981308411	0.39	0.47311827957	0.525
229	1	1	0	0.0	0.0	0.0	0.0	0.13
230	1	1	0	0.0	0.0	0.0	0.0	0.0
231	1	1	0	0.224299065421	0.242424242424	0.0	0.118811881188	0.171428571429
232	1	1	0	0.0	0.0	0.0	0.0	0.0
233	1	1	0	0.0	0.341666666667	0.0	0.0891089108911	0.0
234	1	1	0	0.0	0.0	0.0	0.111111111111	0.0
235	1	1	0	0.141414141414	0.0	0.0	0.0	0.0
236	1	1	0	0.127450980392	0.0	0.0	0.0	0.0
237	1	1	0	0.0	0.0	0.0	0.0	0.0
238	1	1	0	0.175824175824	0.0	0.0	0.0833333333333	0.212389380531
239	1	1	0	0.51	0.453608247423	0.46875	0.516666666667	0.455555555556
240	1	1	0	0.0	0.0	0.0	0.0	0.0
241	1	1	0	0.486111111111	0.55	0.481132075472	0.485714285714	0.579831932773
242	1	1	0	0.0	0.0	0.0	0.0	0.0
243	1	1	0	0.575	0.504424778761	0.473684210526	0.509433962264	0.576086956522
244	1	1	0	0.0	0.0	0.0	0.0	0.0
245	1	1	0	0.0	0.0	0.0	0.0	0.0
246	1	1	0	0.17	0.0	0.0	0.0	0.0
247	1	1	0	0.247619047619	0.269230769231	0.0	0.166666666667	0.0973451327434
248	1	1	0	0.0	0.0	0.0	0.111111111111	0.0
249	1	1	0	0.48	0.511111111111	0.53982300885	0.477477477477	0.508620689655
250	1	1	0	0.579439252336	0.472222222222	0.57	0.536585365854	0.358490566038
251	1	1	0	0.0	0.0	0.0	0.0	0.0
252	1	1	0	0.138613861386	0.0	0.0	0.0	0.0
253	1	1	0	0.342342342342	0.206896551724	0.0	0.279569892473	0.337209302326
254	1	1	0	0.0	0.0	0.0	0.0	0.0
255	1	1	0	0.235294117647	0.201680672269	0.0	0.132075471698	0.0520833333333
256	1	1	0	0.0	0.0	0.0	0.0	0.0
257	1	1	0	0.0	0.0	0.0	0.0	0.169811320755
258	1	1	0	0.0	0.0	0.0	0.0	0.0
259	1	1	0	0.3	0.234693877551	0.0	0.170731707317	0.0
260	1	1	0	0.0	0.0	0.0	0.0	0.0
261	1	1	0	0.489361702128	0.422680412371	0.5	0.456896551724	0.48
262	1	1	0	0.247422680412	0.305263157895	0.0	0.157303370787	0.139534883721
263	1	1	0	0.0	0.0	0.0	0.0	0.0
264	1	1	0	0.0816326530612	0.0	0.0	0.0	0.0
265	1	1	0	0.0	0.0	0.3125	0.0	0.0
266	1	1	0	0.148936170213	0.0	0.0	0.0	0.0
267	1	1	0	0.0	0.278260869565	0.0	0.113402061856	0.0
268	1	1	0	0.0	0.0	0.271028037383	0.0	0.0
269	1	1	0	0.0	0.0	0.0	0.118811881188	0.0
270	1	1	0	0.0	0.0	0.0	0.0	0.127659574468
271	1	1	0	0.258928571429	0.224719101124	0.0	0.135135135135	0.151785714286
272	1	1	0	0.267326732673	0.222222222222	0.0	0.15625	0.134615384615
273	1	1	0	0.239130434783	0.225225225225	0.0	0.0869565217391	0.15306122449
274	1	1	0	0.0	0.0	0.258426966292	0.0	0.0
275	1	1	0	0.0	0.0	0.0	0.15306122449	0.0
276	1	1	0	0.0	0.258426966292	0.0	0.0865384615385	0.0
277	1	1	0	0.0	0.0	0.0	0.0	0.0
278	1	1	0	0.345679012346	0.5	0.0	0.378640776699	0.238095238095
279	1	1	0	0.126315789474	0.0	0.0	0.130434782609	0.132743362832
280	1	1	0	0.164948453608	0.0	0.0	0.15	0.13
281	1	1	0	0.0	0.0	0.297872340426	0.0	0.0
282	1	1	0	0.252173913043	0.231707317073	0.0	0.115702479339	0.0860215053763
283	1	1	0	0.12	0.0	0.0	0.0	0.0
284	1	1	0	0.586538461538	0.48623853211	0.55	0.567010309278	0.518867924528
285	1	1	0	0.165048543689	0.0	0.0	0.0	0.0
286	1	1	0	0.217391304348	0.255555555556	0.0	0.0891089108911	0.09375
287	1	1	0	0.171717171717	0.0	0.0	0.123595505618	0.18018018018
288	1	1	0	0.0	0.0	0.0	0.0	0.0
289	1	1	0	0.268518518519	0.224299065421	0.0	0.0833333333333	0.0
290	1	1	0	0.0967741935484	0.0	0.0	0.0555555555556	0.157894736842
291	1	1	0	0.252427184466	0.215053763441	0.0	0.130841121495	0.104347826087
292	1	1	0	0.148514851485	0.0	0.0	0.0	0.0
293	1	1	0	0.149425287356	0.0	0.0	0.0	0.0
294	1	1	0	0.132653061224	0.0	0.0	0.0	0.0
295	1	1	0	0.253164556962	0.168539325843	0.0	0.157407407407	0.0
296	1	1	0	0.0	0.0	0.0	0.0	0.0
297	1	1	0	0.54	0.486842105263	0.563636363636	0.558558558559	0.461538461538
298	1	1	0	0.0	0.256880733945	0.0	0.12389380531	0.0
299	1	1	0	0.0	0.0	0.0	0.0	0.0
300	1	1	0	0.209302325581	0.0	0.0	0.117021276596	0.144329896907
