#chr	normal	sample0	sample1	sample2	sample3	sample4
0	0	0.0	0.0	0.0	0.0	0.0963855421687
1	0	0.0	0.095652173913	0.292929292929	0.0	0.0
2	0	0.0	0.0	0.0	0.0	0.0
3	0	0.0	0.0	0.0	0.0	0.0
4	0	0.152173913043	0.378947368421	0.21	0.161290322581	0.15
5	0	0.0	0.0	0.0	0.0	0.28125
6	0	0.0	0.0	0.0	0.0	0.0
7	0	0.0	0.0	0.0	0.0	0.0
8	0	0.0	0.0	0.0	0.0	0.107843137255
9	0	0.0	0.0	0.0	0.0	0.0952380952381
10	0	0.222222222222	0.30612244898	0.26	0.2	0.151785714286
11	0	0.0	0.0	0.0964912280702	0.0	0.0
12	0	0.239583333333	0.247311827957	0.244897959184	0.214953271028	0.204301075269
13	0	0.282828282828	0.422764227642	0.390476190476	0.543689320388	0.336842105263
14	0	0.0	0.0	0.0	0.0	0.18691588785
15	0	0.0	0.0	0.0	0.0	0.2
16	0	0.285714285714	0.417475728155	0.29702970297	0.168539325843	0.0952380952381
17	0	0.0	0.0	0.0	0.0	0.0
18	0	0.151260504202	0.0	0.144578313253	0.0	0.222222222222
19	0	0.0	0.0	0.0	0.0	0.127450980392
20	0	0.180952380952	0.384615384615	0.267326732673	0.284403669725	0.11214953271
21	0	0.0	0.0	0.0	0.0	0.0
22	0	0.0	0.0	0.0	0.0	0.0
23	0	0.0	0.161616161616	0.121495327103	0.34	0.180722891566
24	0	0.0	0.0	0.0	0.0	0.140186915888
25	0	0.0	0.0	0.0	0.0	0.0520833333333
26	0	0.0	0.0	0.0	0.0	0.0
27	0	0.0	0.0	0.0	0.0	0.128712871287
28	0	0.0	0.0	0.0	0.0	0.0
29	0	0.0	0.0	0.0	0.0	0.0
30	0	0.0	0.0	0.0	0.0	0.141025641026
31	0	0.0	0.0	0.0	0.0	0.0
32	0	0.0	0.0	0.0	0.0	0.0
33	0	0.0	0.0	0.0	0.0	0.0
34	0	0.0	0.0	0.0	0.0	0.13
35	0	0.144444444444	0.317073170732	0.27868852459	0.182692307692	0.0909090909091
36	0	0.0	0.0	0.0	0.0	0.0
37	0	0.0	0.0	0.0	0.0	0.101851851852
38	0	0.412371134021	0.37962962963	0.270833333333	0.235294117647	0.114285714286
39	0	0.0	0.0	0.0	0.0	0.115789473684
40	0	0.0	0.0	0.0	0.0	0.0
41	0	0.0	0.0	0.0	0.0	0.0
42	0	0.0	0.0	0.0	0.0	0.0
43	0	0.136842105263	0.295918367347	0.24	0.189473684211	0.190082644628
44	0	0.0	0.0	0.0	0.0	0.0
45	0	0.0	0.0	0.0	0.0	0.0
46	0	0.0	0.0989010989011	0.271844660194	0.0	0.0
47	0	0.0	0.0	0.0	0.0	0.0
48	0	0.161616161616	0.0	0.0	0.0	0.0
49	0	0.0	0.0	0.0	0.0	0.0
50	0	0.0	0.231578947368	0.21875	0.237113402062	0.323232323232
51	0	0.0	0.171428571429	0.14406779661	0.258823529412	0.201923076923
52	0	0.0	0.102803738318	0.25	0.191919191919	0.121212121212
53	0	0.142857142857	0.0	0.0808080808081	0.0	0.228070175439
54	0	0.0	0.0	0.0	0.0	0.0
55	0	0.0	0.0	0.0	0.0	0.0
56	0	0.189189189189	0.0	0.0	0.0	0.0
57	0	0.0	0.16	0.303921568627	0.0	0.0
58	0	0.0	0.0	0.0	0.0	0.0
59	0	0.0	0.0	0.0	0.0	0.0
60	0	0.0	0.0	0.0	0.0	0.0
61	0	0.0	0.123711340206	0.165137614679	0.242990654206	0.207207207207
62	0	0.0	0.0	0.0	0.0	0.0
63	0	0.0	0.0	0.0	0.0	0.0
64	0	0.0	0.0	0.0	0.0	0.0
65	0	0.157894736842	0.373626373626	0.32380952381	0.218390804598	0.177419354839
66	0	0.0	0.0	0.0	0.0	0.0
67	0	0.205357142857	0.0	0.0	0.0	0.0
68	0	0.366666666667	0.358490566038	0.232558139535	0.217821782178	0.145631067961
69	0	0.0	0.0	0.0	0.0	0.0
70	0	0.364583333333	0.509090909091	0.364705882353	0.563829787234	0.318181818182
71	0	0.120689655172	0.303571428571	0.265957446809	0.20202020202	0.119565217391
72	0	0.177570093458	0.0	0.0	0.0	0.0
73	0	0.0	0.0	0.0	0.0	0.0
74	0	0.0	0.0	0.0	0.0	0.0
75	0	0.0	0.0	0.0	0.0	0.111111111111
76	0	0.330097087379	0.253012048193	0.287037037037	0.157894736842	0.0947368421053
77	0	0.0	0.0	0.0	0.0	0.0
78	0	0.196581196581	0.0	0.0	0.0	0.0
79	0	0.0	0.0	0.0	0.0	0.0
80	0	0.0	0.0	0.0	0.0	0.190476190476
81	0	0.35	0.339622641509	0.244680851064	0.268817204301	0.118811881188
82	0	0.0	0.0	0.0	0.0	0.0
83	0	0.0	0.0	0.0	0.0	0.18018018018
84	0	0.398148148148	0.321428571429	0.32	0.269841269841	0.0823529411765
85	0	0.191919191919	0.0	0.0	0.0	0.0
86	0	0.0	0.0	0.0	0.0	0.0
87	0	0.0	0.0	0.0	0.0	0.141304347826
88	0	0.0	0.0	0.0	0.0	0.0
89	0	0.0	0.0	0.0	0.0	0.0
90	0	0.0	0.0	0.0	0.0	0.0
91	0	0.285714285714	0.330275229358	0.169811320755	0.25	0.0978260869565
92	0	0.0	0.0	0.0	0.0	0.122222222222
93	0	0.0	0.0	0.0	0.0	0.0924369747899
94	0	0.0	0.0	0.0	0.0	0.0
95	0	0.178217821782	0.0	0.0	0.0	0.0
96	0	0.0	0.0862068965517	0.148148148148	0.0	0.0
97	0	0.166666666667	0.326923076923	0.263736263736	0.235294117647	0.182692307692
98	0	0.0	0.0	0.0	0.0	0.0
99	0	0.361904761905	0.330097087379	0.2	0.19387755102	0.114285714286
100	0	0.0	0.0	0.0	0.0	0.0
101	0	0.392156862745	0.425	0.432098765432	0.487394957983	0.313131313131
102	0	0.452631578947	0.324074074074	0.415094339623	0.236559139785	0.259541984733
103	0	0.0	0.105769230769	0.298245614035	0.0	0.0
104	0	0.0	0.0	0.0	0.0	0.0
105	0	0.0	0.0	0.0	0.0	0.159663865546
106	0	0.0	0.117647058824	0.144736842105	0.29702970297	0.247191011236
107	0	0.191919191919	0.0	0.0	0.0	0.0
108	0	0.0	0.117647058824	0.118811881188	0.0	0.0
109	0	0.0	0.12	0.123711340206	0.0	0.0
110	0	0.0	0.0	0.0	0.0	0.206896551724
111	0	0.0	0.0	0.116883116883	0.0	0.0
112	0	0.0	0.0	0.0	0.0	0.0
113	0	0.0	0.0	0.0	0.0	0.0
114	0	0.55	0.5	0.553191489362	0.528846153846	0.476635514019
115	0	0.390476190476	0.320388349515	0.171717171717	0.210526315789	0.111111111111
116	0	0.0	0.0	0.0	0.0	0.133333333333
117	0	0.307692307692	0.336538461538	0.311320754717	0.27	0.0947368421053
118	0	0.0	0.0	0.148148148148	0.0	0.0
119	0	0.0	0.0	0.0	0.0	0.0
120	0	0.0	0.0	0.0	0.0	0.0
121	0	0.394230769231	0.357142857143	0.201834862385	0.19298245614	0.130434782609
122	0	0.0	0.0	0.0	0.0	0.0
123	0	0.0	0.0	0.0	0.0	0.0
124	0	0.242105263158	0.277227722772	0.308510638298	0.110091743119	0.152380952381
125	0	0.336	0.306451612903	0.188888888889	0.206896551724	0.123711340206
126	0	0.0	0.0	0.0	0.0	0.0
127	0	0.0	0.0	0.0	0.0	0.0
128	0	0.47572815534	0.481132075472	0.473684210526	0.53125	0.429906542056
129	0	0.0	0.0	0.12	0.0	0.0
130	0	0.0	0.0	0.0	0.0	0.142857142857
131	0	0.0	0.0	0.0	0.0	0.0
132	0	0.0	0.211009174312	0.16091954023	0.322222222222	0.185567010309
133	0	0.176991150442	0.326732673267	0.260416666667	0.203703703704	0.08
134	0	0.317307692308	0.336	0.197916666667	0.186666666667	0.0927835051546
135	0	0.122448979592	0.0	0.0875	0.0	0.159292035398
136	0	0.303921568627	0.33	0.270588235294	0.266666666667	0.104347826087
137	0	0.0	0.0	0.0	0.0	0.0
138	0	0.0	0.0	0.0	0.0	0.0
139	0	0.0	0.0	0.0	0.0	0.0
140	0	0.0	0.0	0.0	0.0	0.0
141	0	0.0	0.0	0.0	0.0	0.118279569892
142	0	0.0	0.0	0.0	0.0	0.0
143	0	0.384615384615	0.4	0.453608247423	0.422222222222	0.53125
144	0	0.0	0.0	0.0	0.0	0.0
145	0	0.0	0.0	0.0	0.0	0.078431372549
146	0	0.0	0.0	0.0	0.0	0.0
147	0	0.0	0.0	0.0	0.0	0.0
148	0	0.0	0.12	0.279569892473	0.0	0.0
149	0	0.0	0.0	0.0	0.0	0.0
150	0	0.0	0.0	0.0	0.0	0.121212121212
151	0	0.163636363636	0.0	0.0	0.0	0.0
152	0	0.0	0.0	0.06	0.0	0.0
153	0	0.289256198347	0.489795918367	0.477272727273	0.481927710843	0.3
154	0	0.0	0.0	0.0	0.0	0.121495327103
155	0	0.0	0.0	0.0	0.0	0.0
156	0	0.0	0.172043010753	0.10101010101	0.271844660194	0.26724137931
157	0	0.0	0.0	0.0	0.0	0.0
158	0	0.0	0.0	0.0	0.0	0.0
159	0	0.0	0.144444444444	0.113043478261	0.0	0.0
160	0	0.0	0.0	0.0	0.0	0.0
161	0	0.0	0.0	0.0	0.0	0.127906976744
162	0	0.0	0.0	0.0	0.0	0.0
163	0	0.0	0.197530864198	0.093023255814	0.0	0.0
164	0	0.0	0.0	0.0	0.0	0.0
165	0	0.0	0.222222222222	0.2	0.323232323232	0.213675213675
166	0	0.0	0.0	0.0	0.0	0.0
167	0	0.0	0.0	0.0	0.0	0.0
168	0	0.0	0.0	0.0	0.0	0.0
169	0	0.0	0.0	0.0	0.0	0.0
170	0	0.0	0.0	0.0	0.0	0.0
171	0	0.0	0.0	0.0	0.0	0.106796116505
172	0	0.0	0.10752688172	0.240384615385	0.0	0.0
173	0	0.0	0.0	0.0	0.0	0.117647058824
174	0	0.0	0.0	0.0	0.0	0.0
175	0	0.485714285714	0.5	0.536082474227	0.47619047619	0.46
176	0	0.0	0.0	0.0	0.0	0.0
177	0	0.0	0.0	0.0	0.0	0.0
178	0	0.0	0.0	0.0	0.0	0.1875
179	0	0.375	0.527472527473	0.444444444444	0.531531531532	0.315217391304
180	0	0.530612244898	0.36036036036	0.41	0.185567010309	0.26
181	0	0.0	0.0	0.0	0.0	0.0
182	0	0.178571428571	0.294117647059	0.255319148936	0.231578947368	0.102564102564
183	0	0.0	0.166666666667	0.12	0.348837209302	0.253012048193
184	0	0.0	0.0	0.0	0.0	0.0
185	0	0.0	0.0	0.0	0.0	0.0
186	0	0.0	0.0	0.0	0.0	0.127906976744
187	0	0.0	0.0	0.0	0.0	0.0
188	0	0.160377358491	0.0	0.0	0.0	0.0
189	0	0.0	0.12037037037	0.217391304348	0.0	0.0
190	0	0.0	0.0	0.0	0.0	0.126582278481
191	0	0.329896907216	0.522727272727	0.424242424242	0.575	0.359649122807
192	0	0.0	0.0	0.0	0.0	0.0
193	0	0.431818181818	0.49	0.516853932584	0.585858585859	0.489583333333
194	0	0.0	0.0	0.0	0.0	0.0
195	0	0.0	0.194174757282	0.182692307692	0.228915662651	0.235849056604
196	0	0.0	0.0	0.0	0.0	0.0
197	0	0.0	0.0	0.0	0.0	0.0
198	0	0.0	0.0	0.0	0.0	0.0
199	0	0.0	0.0	0.0	0.0	0.182795698925
200	0	0.0	0.0	0.0	0.0	0.0
201	0	0.0	0.0	0.0	0.0	0.0
202	0	0.0	0.136842105263	0.130434782609	0.247863247863	0.168421052632
203	0	0.0	0.0	0.0	0.0	0.0
204	0	0.0	0.0	0.0	0.0	0.131868131868
205	0	0.0	0.0	0.0	0.0	0.0
206	0	0.0	0.0	0.0	0.0	0.0
207	0	0.204301075269	0.265306122449	0.26	0.210526315789	0.229166666667
208	0	0.0	0.161904761905	0.102272727273	0.0	0.0
209	0	0.0	0.0	0.0	0.0	0.0
210	0	0.0	0.0	0.0	0.0	0.0
211	0	0.0	0.0	0.0	0.0	0.184466019417
212	0	0.0	0.0	0.0	0.0	0.0786516853933
213	0	0.0	0.0	0.0	0.0	0.0
214	0	0.0	0.119266055046	0.136363636364	0.193548387097	0.177083333333
215	0	0.0	0.0	0.0	0.0	0.120879120879
216	0	0.0	0.0	0.0	0.0	0.0
217	0	0.0	0.0	0.0	0.0	0.0
218	0	0.0	0.0	0.0	0.0	0.155339805825
219	0	0.0	0.0	0.0	0.0	0.0
220	0	0.0	0.0	0.0	0.0	0.0
221	0	0.238938053097	0.290322580645	0.266666666667	0.238636363636	0.13
222	0	0.0744680851064	0.0	0.0	0.0	0.0
223	0	0.0	0.0	0.0	0.0	0.0
224	0	0.217391304348	0.291666666667	0.278260869565	0.17	0.137931034483
225	0	0.0	0.0	0.0	0.0	0.0873786407767
226	0	0.0	0.0	0.0	0.0	0.0
227	0	0.0	0.0	0.0	0.0	0.0
228	0	0.0	0.0	0.0	0.0	0.0
229	0	0.0	0.0	0.0	0.0	0.0
230	0	0.0	0.0	0.0	0.0	0.0
231	0	0.219047619048	0.0	0.0	0.0	0.0
232	0	0.0	0.0	0.0	0.0	0.114285714286
233	0	0.0	0.0	0.0	0.0	0.0
234	0	0.301075268817	0.365384615385	0.261261261261	0.190476190476	0.128712871287
235	0	0.0	0.0	0.0	0.0	0.142857142857
236	0	0.0	0.0	0.0	0.0	0.0
237	0	0.0	0.215909090909	0.163461538462	0.29702970297	0.294736842105
238	0	0.0	0.0	0.0	0.0	0.0
239	0	0.0	0.0	0.0	0.0	0.0
240	0	0.0	0.0	0.0	0.0	0.133928571429
241	0	0.0	0.0	0.0	0.0	0.0
242	0	0.0	0.0	0.0	0.0	0.12389380531
243	0	0.0	0.0	0.0	0.0	0.0
244	0	0.128440366972	0.0	0.0	0.0	0.0
245	0	0.0	0.0	0.0	0.0	0.138888888889
246	0	0.0	0.0	0.0	0.0	0.0
247	0	0.0	0.0	0.0	0.0	0.0
248	0	0.0	0.0	0.0	0.0	0.0
249	0	0.0	0.0	0.0	0.0	0.0
250	0	0.0	0.0	0.0	0.0	0.0
251	0	0.0	0.0	0.0	0.0	0.0
252	0	0.495726495726	0.304761904762	0.4	0.26	0.330578512397
253	0	0.303370786517	0.267441860465	0.333333333333	0.134146341463	0.104166666667
254	0	0.0	0.0	0.0	0.0	0.150537634409
255	0	0.0	0.0	0.0	0.0	0.0
256	0	0.347826086957	0.44347826087	0.347368421053	0.457627118644	0.329411764706
257	0	0.0	0.0	0.0	0.0	0.0
258	0	0.0	0.0	0.0	0.0	0.0
259	0	0.0	0.0	0.0	0.0	0.09375
260	0	0.0	0.0	0.0	0.0	0.125
261	0	0.0	0.0	0.0	0.0	0.0
262	0	0.0	0.0	0.0	0.0	0.0
263	0	0.354166666667	0.359550561798	0.294736842105	0.16814159292	0.172043010753
264	0	0.0	0.0	0.0	0.0	0.0
265	0	0.0	0.15652173913	0.339805825243	0.237113402062	0.135416666667
266	0	0.0	0.117117117117	0.0909090909091	0.0	0.0
267	0	0.0	0.0	0.0	0.0	0.0
268	0	0.0	0.0	0.0	0.0	0.170454545455
269	0	0.0	0.0	0.0	0.0	0.0
270	0	0.0	0.186046511628	0.0947368421053	0.240963855422	0.212121212121
271	0	0.14606741573	0.0	0.0	0.0	0.0
272	0	0.0	0.131868131868	0.141304347826	0.0	0.0
273	0	0.0	0.0	0.0	0.0	0.142857142857
274	0	0.0	0.0	0.0	0.0	0.155963302752
275	0	0.0	0.0	0.0	0.0	0.0
276	0	0.0	0.0	0.0	0.0	0.0
277	0	0.321428571429	0.266666666667	0.227722772277	0.0869565217391	0.102272727273
278	0	0.0	0.0	0.0	0.0	0.0
279	0	0.233333333333	0.329787234043	0.217391304348	0.2	0.136842105263
280	0	0.0	0.0	0.0	0.0	0.0
281	0	0.0	0.162393162393	0.1	0.0	0.0
282	0	0.0	0.0	0.0	0.0	0.115702479339
283	0	0.0	0.173913043478	0.130434782609	0.0	0.0
284	0	0.0	0.0	0.0	0.0	0.0
285	0	0.0	0.0	0.0	0.0	0.0
286	0	0.309734513274	0.294117647059	0.231578947368	0.297297297297	0.0714285714286
287	0	0.175824175824	0.0	0.0	0.0	0.0
288	0	0.330188679245	0.48623853211	0.417475728155	0.522935779817	0.347826086957
289	0	0.339805825243	0.364583333333	0.194915254237	0.23595505618	0.117021276596
290	0	0.268817204301	0.3	0.278350515464	0.259259259259	0.0927835051546
291	0	0.0	0.0	0.0	0.0	0.0588235294118
292	0	0.0	0.0	0.0	0.0	0.0
293	0	0.0	0.0	0.0	0.0	0.0
294	0	0.0	0.0	0.0	0.0	0.0
295	0	0.485436893204	0.317073170732	0.414893617021	0.176470588235	0.371794871795
296	0	0.310810810811	0.510638297872	0.423076923077	0.421568627451	0.342592592593
297	0	0.0	0.0	0.0	0.0	0.135922330097
298	0	0.418181818182	0.505263157895	0.47619047619	0.516129032258	0.51
299	0	0.413461538462	0.386138613861	0.277777777778	0.295918367347	0.16
