#chr	normal	sample0	sample1	sample2	sample3	sample4
0	0	0.0	0.0	0.0	0.0	0.0
1	0	0.0	0.0	0.0	0.0	0.116504854369
2	0	0.488636363636	0.511627906977	0.567307692308	0.5	0.0
3	0	0.0	0.0	0.0	0.0	0.419047619048
4	0	0.293577981651	0.505050505051	0.0	0.238095238095	0.0
5	0	0.0	0.0	0.0	0.0	0.0
6	0	0.0	0.0	0.0	0.0	0.0
7	0	0.0	0.0	0.0	0.0	0.0
8	0	0.0	0.0	0.0	0.0	0.0
9	0	0.0	0.0	0.0	0.0	0.0
10	0	0.21875	0.0	0.0	0.0	0.0
11	0	0.0	0.0	0.0	0.0	0.0
12	0	0.0	0.0	0.0	0.0	0.19587628866
13	0	0.0	0.0	0.0	0.0	0.0
14	0	0.0	0.0	0.0	0.0	0.0
15	0	0.0	0.0	0.0	0.0	0.229885057471
16	0	0.0	0.0	0.0	0.0	0.0
17	0	0.0	0.0	0.0	0.0	0.0
18	0	0.229508196721	0.505494505495	0.0	0.258064516129	0.0
19	0	0.0	0.0	0.0	0.0	0.0
20	0	0.0	0.0	0.243902439024	0.0	0.0
21	0	0.0	0.0	0.0	0.0	0.224489795918
22	0	0.0	0.0	0.0	0.0	0.0
23	0	0.465909090909	0.463917525773	0.0	0.543103448276	0.0
24	0	0.330097087379	0.490196078431	0.0	0.27027027027	0.0
25	0	0.0	0.0	0.0	0.0	0.0
26	0	0.0	0.0	0.278846153846	0.0	0.0
27	0	0.0	0.0	0.0	0.0	0.0
28	0	0.292134831461	0.336448598131	0.0	0.244897959184	0.0
29	0	0.219047619048	0.525252525253	0.0	0.30303030303	0.0
30	0	0.571428571429	0.386138613861	0.0	0.464912280702	0.0
31	0	0.0	0.0	0.0	0.0	0.391304347826
32	0	0.0	0.0	0.0	0.0	0.0
33	0	0.0	0.0	0.0	0.0	0.0
34	0	0.0	0.0	0.0	0.0	0.1875
35	0	0.0	0.0	0.0	0.0	0.0
36	0	0.172043010753	0.587628865979	0.0	0.298245614035	0.0
37	0	0.0	0.0	0.0	0.0	0.0
38	0	0.252631578947	0.489583333333	0.0	0.404494382022	0.0
39	0	0.284090909091	0.313253012048	0.0	0.277777777778	0.0
40	0	0.0	0.0	0.0	0.0	0.242990654206
41	0	0.0	0.0	0.0	0.0	0.0
42	0	0.0	0.0	0.0	0.0	0.227722772277
43	0	0.0	0.0	0.224489795918	0.0	0.0
44	0	0.0	0.0	0.0	0.0	0.0
45	0	0.0	0.0	0.355263157895	0.0	0.0
46	0	0.510416666667	0.490384615385	0.0	0.573033707865	0.0
47	0	0.179245283019	0.495327102804	0.0	0.325842696629	0.0
48	0	0.0	0.0	0.0	0.0	0.0
49	0	0.0	0.0	0.0	0.0	0.43956043956
50	0	0.0	0.0	0.0	0.0	0.207317073171
51	0	0.494736842105	0.490566037736	0.0	0.456310679612	0.0
52	0	0.0	0.0	0.0	0.0	0.240740740741
53	0	0.0	0.0	0.0	0.0	0.0
54	0	0.21978021978	0.271739130435	0.0	0.243902439024	0.0
55	0	0.0	0.0	0.0	0.0	0.252336448598
56	0	0.0	0.0	0.0	0.0	0.0
57	0	0.0	0.0	0.0	0.0	0.214285714286
58	0	0.0	0.0	0.263636363636	0.0	0.0
59	0	0.268292682927	0.588235294118	0.0	0.181818181818	0.0
60	0	0.0	0.0	0.0	0.0	0.0
61	0	0.0	0.0	0.0	0.0	0.184466019417
62	0	0.0	0.0	0.0	0.0	0.0
63	0	0.0	0.0	0.0	0.0	0.283185840708
64	0	0.0	0.0	0.0	0.0	0.0
65	0	0.0	0.0	0.0	0.0	0.0
66	0	0.0	0.0	0.0	0.0	0.258620689655
67	0	0.254901960784	0.257731958763	0.0	0.317307692308	0.0
68	0	0.451923076923	0.494382022472	0.0	0.527272727273	0.0
69	0	0.46	0.548387096774	0.510204081633	0.43137254902	0.0
70	0	0.0	0.0	0.0	0.0	0.0
71	0	0.0	0.0	0.0	0.0	0.0
72	0	0.395833333333	0.479591836735	0.272727272727	0.426966292135	0.0
73	0	0.0	0.0	0.0	0.0	0.208695652174
74	0	0.0	0.0	0.0	0.0	0.0
75	0	0.0	0.0	0.172043010753	0.0	0.0
76	0	0.0	0.0	0.254545454545	0.0	0.0
77	0	0.490384615385	0.491379310345	0.409638554217	0.514563106796	0.0
78	0	0.424242424242	0.474226804124	0.0	0.505747126437	0.0
79	0	0.494252873563	0.558333333333	0.377192982456	0.495412844037	0.0
80	0	0.598130841121	0.540229885057	0.439655172414	0.475247524752	0.0
81	0	0.511363636364	0.536082474227	0.0	0.539215686275	0.0
82	0	0.0	0.0	0.0	0.0	0.0
83	0	0.31	0.512820512821	0.0	0.297297297297	0.0
84	0	0.247524752475	0.55737704918	0.0	0.262626262626	0.0
85	0	0.234042553191	0.610526315789	0.0	0.186813186813	0.0
86	0	0.0	0.0	0.0	0.0	0.0
87	0	0.0	0.0	0.0	0.0	0.0
88	0	0.460784313725	0.43137254902	0.318681318681	0.570175438596	0.0
89	0	0.0	0.0	0.0	0.0	0.0
90	0	0.0	0.0	0.0	0.0	0.0
91	0	0.0	0.0	0.0	0.0	0.0
92	0	0.0	0.0	0.0	0.0	0.0
93	0	0.0	0.0	0.0	0.0	0.0
94	0	0.52688172043	0.532110091743	0.525641025641	0.586538461538	0.0
95	0	0.452631578947	0.491071428571	0.0	0.518867924528	0.0
96	0	0.0	0.0	0.0	0.0	0.283018867925
97	0	0.0	0.0	0.0	0.0	0.0
98	0	0.0	0.0	0.0	0.0	0.0
99	0	0.0	0.0	0.0	0.0	0.0
100	0	0.0	0.0	0.0	0.0	0.0
101	0	0.0	0.0	0.0	0.0	0.0
102	0	0.52688172043	0.446808510638	0.0	0.464285714286	0.0
103	0	0.0	0.0	0.0	0.0	0.0
104	0	0.0	0.0	0.0	0.0	0.0
105	0	0.0	0.0	0.0	0.0	0.0
106	0	0.0	0.0	0.0	0.0	0.0
107	0	0.0	0.0	0.0	0.0	0.22619047619
108	0	0.0	0.0	0.0	0.0	0.0
109	0	0.0	0.0	0.0	0.0	0.0
110	0	0.0	0.0	0.265957446809	0.0	0.0
111	0	0.477876106195	0.552631578947	0.409523809524	0.494505494505	0.0
112	0	0.261363636364	0.0	0.0	0.0	0.0
113	0	0.469026548673	0.52688172043	0.524752475248	0.504672897196	0.0
114	0	0.0	0.0	0.0	0.0	0.0
115	0	0.490566037736	0.550458715596	0.0	0.515151515152	0.0
116	0	0.0	0.0	0.0	0.0	0.0
117	0	0.0	0.0	0.0	0.0	0.0
118	0	0.0	0.0	0.0	0.0	0.0
119	0	0.247619047619	0.458333333333	0.0	0.333333333333	0.0
120	0	0.0	0.0	0.0	0.0	0.2
121	0	0.0	0.0	0.0	0.0	0.0
122	0	0.0	0.0	0.0	0.0	0.0
123	0	0.0	0.0	0.0	0.0	0.222222222222
124	0	0.591397849462	0.461538461538	0.431578947368	0.589473684211	0.0
125	0	0.519607843137	0.489361702128	0.577777777778	0.473684210526	0.0
126	0	0.470588235294	0.520833333333	0.394230769231	0.5625	0.0
127	0	0.0	0.0	0.0	0.0	0.0
128	0	0.0	0.0	0.0	0.0	0.182795698925
129	0	0.436893203883	0.447916666667	0.0	0.495412844037	0.0
130	0	0.0	0.0	0.0	0.0	0.5
131	0	0.0	0.0	0.268292682927	0.0	0.0
132	0	0.472222222222	0.53125	0.0	0.53982300885	0.0
133	0	0.0	0.0	0.0	0.0	0.0
134	0	0.0	0.0	0.0	0.0	0.0
135	0	0.0	0.0	0.0	0.0	0.0
136	0	0.0	0.0	0.0	0.0	0.0
137	0	0.0	0.0	0.0	0.0	0.0
138	0	0.207792207792	0.45	0.0	0.365591397849	0.0
139	0	0.0	0.0	0.0	0.0	0.0
140	0	0.0	0.0	0.185567010309	0.0	0.0
141	0	0.216981132075	0.484848484848	0.0	0.222222222222	0.0
142	0	0.0	0.0	0.0	0.0	0.0
143	0	0.0	0.0	0.0	0.0	0.19
144	0	0.0	0.0	0.0	0.0	0.0
145	0	0.0	0.0	0.234693877551	0.0	0.0
146	0	0.438095238095	0.48	0.0	0.478632478632	0.0
147	0	0.197916666667	0.461538461538	0.0	0.31914893617	0.0
148	0	0.26213592233	0.0	0.0	0.0	0.0
149	0	0.531914893617	0.566037735849	0.275229357798	0.518072289157	0.0
150	0	0.245901639344	0.0	0.0	0.0	0.0
151	0	0.0	0.0	0.0	0.0	0.0
152	0	0.489130434783	0.506329113924	0.301886792453	0.428571428571	0.0
153	0	0.5	0.61	0.0	0.583333333333	0.0
154	0	0.481818181818	0.556701030928	0.375	0.518518518519	0.0
155	0	0.0	0.0	0.320754716981	0.0	0.0
156	0	0.0	0.0	0.259259259259	0.0	0.0
157	0	0.48275862069	0.448	0.422222222222	0.539215686275	0.0
158	0	0.0	0.0	0.0	0.0	0.0
159	0	0.0	0.0	0.0	0.0	0.0
160	0	0.0	0.0	0.223214285714	0.0	0.0
161	0	0.177777777778	0.543689320388	0.0	0.288461538462	0.0
162	0	0.184782608696	0.530612244898	0.0	0.326315789474	0.0
163	0	0.0	0.0	0.0	0.0	0.19512195122
164	0	0.0	0.0	0.203883495146	0.0	0.0
165	0	0.0	0.0	0.232323232323	0.0	0.0
166	0	0.207547169811	0.450819672131	0.0	0.316326530612	0.0
167	0	0.0	0.0	0.0	0.0	0.164556962025
168	0	0.0	0.0	0.0	0.0	0.0
169	0	0.0	0.0	0.0	0.0	0.0
170	0	0.0	0.0	0.0	0.0	0.186440677966
171	0	0.0	0.0	0.0	0.0	0.239436619718
172	0	0.0	0.0	0.0	0.0	0.0
173	0	0.0	0.0	0.0	0.0	0.0
174	0	0.0	0.0	0.0	0.0	0.0
175	0	0.0	0.0	0.161616161616	0.0	0.0
176	0	0.0	0.0	0.0	0.0	0.0
177	0	0.0	0.0	0.0	0.0	0.0
178	0	0.0	0.0	0.242424242424	0.0	0.0
179	0	0.0	0.0	0.0	0.0	0.0
180	0	0.522935779817	0.479166666667	0.0	0.467289719626	0.0
181	0	0.0	0.0	0.0	0.0	0.265306122449
182	0	0.0	0.0	0.0	0.0	0.157407407407
183	0	0.57	0.51	0.0	0.505494505495	0.0
184	0	0.0	0.0	0.184466019417	0.0	0.0
185	0	0.417582417582	0.423076923077	0.444444444444	0.535353535354	0.0
186	0	0.0	0.0	0.0	0.0	0.561224489796
187	0	0.163793103448	0.221052631579	0.0	0.321739130435	0.0
188	0	0.0	0.0	0.0	0.0	0.0
189	0	0.0	0.0	0.0	0.0	0.0
190	0	0.0	0.0	0.0	0.0	0.2
191	0	0.5	0.561224489796	0.563829787234	0.428571428571	0.0
192	0	0.442307692308	0.47572815534	0.0	0.5	0.0
193	0	0.231481481481	0.485436893204	0.0	0.311827956989	0.0
194	0	0.0	0.0	0.235294117647	0.0	0.0
195	0	0.0	0.0	0.0	0.0	0.0
196	0	0.0	0.0	0.0	0.0	0.0
197	0	0.0	0.0	0.0	0.0	0.0
198	0	0.514285714286	0.516129032258	0.0	0.44	0.0
199	0	0.0	0.0	0.0	0.0	0.0
200	0	0.556818181818	0.505617977528	0.252427184466	0.522727272727	0.0
201	0	0.272727272727	0.461538461538	0.0	0.344086021505	0.0
202	0	0.0	0.0	0.0	0.0	0.175257731959
203	0	0.0	0.0	0.0	0.0	0.0
204	0	0.0	0.0	0.0	0.0	0.0
205	0	0.0	0.0	0.0	0.0	0.0
206	0	0.0	0.0	0.0	0.0	0.0
207	0	0.0	0.0	0.0	0.0	0.0
208	0	0.0	0.0	0.0	0.0	0.264462809917
209	0	0.0	0.0	0.0	0.0	0.0
210	0	0.241758241758	0.53488372093	0.0	0.204301075269	0.0
211	0	0.0	0.0	0.0	0.0	0.168421052632
212	0	0.0	0.0	0.0	0.0	0.0
213	0	0.0	0.0	0.0	0.0	0.0
214	0	0.0	0.0	0.0	0.0	0.0
215	0	0.0	0.0	0.0	0.0	0.21186440678
216	0	0.0	0.0	0.0	0.0	0.267857142857
217	0	0.428571428571	0.469387755102	0.0	0.569620253165	0.0
218	0	0.0	0.0	0.163265306122	0.0	0.0
219	0	0.556603773585	0.454545454545	0.436170212766	0.448979591837	0.0
220	0	0.0	0.0	0.0	0.0	0.0
221	0	0.0	0.0	0.0	0.0	0.179245283019
222	0	0.0	0.0	0.252747252747	0.0	0.0
223	0	0.0	0.0	0.0	0.0	0.0
224	0	0.161290322581	0.236842105263	0.0	0.271844660194	0.0
225	0	0.533333333333	0.556603773585	0.6	0.518867924528	0.0
226	0	0.0	0.0	0.342105263158	0.0	0.0
227	0	0.0	0.0	0.0	0.0	0.0
228	0	0.0	0.0	0.0	0.0	0.0
229	0	0.0	0.0	0.0	0.0	0.0
230	0	0.0	0.0	0.0	0.0	0.0
231	0	0.0	0.0	0.0	0.0	0.0
232	0	0.0	0.0	0.0	0.0	0.2
233	0	0.0	0.0	0.0	0.0	0.0
234	0	0.0	0.0	0.0	0.0	0.0
235	0	0.0	0.0	0.0	0.0	0.0
236	0	0.0	0.0	0.0	0.0	0.0
237	0	0.0	0.0	0.224299065421	0.0	0.0
238	0	0.168316831683	0.532710280374	0.0	0.26213592233	0.0
239	0	0.5	0.549450549451	0.483516483516	0.495726495726	0.0
240	0	0.0	0.0	0.0	0.0	0.0
241	0	0.0	0.0	0.0	0.0	0.0
242	0	0.449275362319	0.571428571429	0.0	0.380952380952	0.0
243	0	0.254901960784	0.526315789474	0.0	0.210526315789	0.0
244	0	0.0	0.0	0.0	0.0	0.203883495146
245	0	0.0	0.0	0.0	0.0	0.0
246	0	0.424528301887	0.495145631068	0.0	0.479166666667	0.0
247	0	0.238095238095	0.463917525773	0.0	0.298969072165	0.0
248	0	0.0	0.0	0.0	0.0	0.0
249	0	0.0	0.0	0.214285714286	0.0	0.0
250	0	0.0	0.0	0.0	0.0	0.269230769231
251	0	0.0	0.0	0.0	0.0	0.0
252	0	0.268817204301	0.434343434343	0.0	0.309523809524	0.0
253	0	0.0	0.0	0.0	0.0	0.221052631579
254	0	0.0	0.0	0.0	0.0	0.237288135593
255	0	0.0	0.0	0.0	0.0	0.0
256	0	0.0	0.0	0.0	0.0	0.0
257	0	0.204081632653	0.25	0.0	0.293103448276	0.0
258	0	0.0	0.0	0.0	0.0	0.0
259	0	0.0	0.0	0.0	0.0	0.0
260	0	0.0	0.0	0.321100917431	0.0	0.0
261	0	0.0	0.0	0.0	0.0	0.0
262	0	0.225806451613	0.343434343434	0.0	0.330357142857	0.0
263	0	0.0	0.0	0.0	0.0	0.212765957447
264	0	0.0	0.0	0.0	0.0	0.0
265	0	0.0	0.0	0.0	0.0	0.0
266	0	0.0	0.0	0.0	0.0	0.185567010309
267	0	0.0	0.0	0.0	0.0	0.0
268	0	0.0	0.0	0.0	0.0	0.0
269	0	0.0	0.252427184466	0.0	0.0	0.0
270	0	0.0	0.0	0.0	0.0	0.0
271	0	0.0	0.0	0.0	0.0	0.216981132075
272	0	0.0	0.0	0.212121212121	0.0	0.0
273	0	0.0	0.0	0.0	0.0	0.0
274	0	0.5	0.527272727273	0.534653465347	0.5	0.0
275	0	0.0	0.0	0.0	0.0	0.55
276	0	0.0	0.0	0.0	0.0	0.0
277	0	0.0	0.0	0.0	0.0	0.0
278	0	0.0	0.0	0.0	0.0	0.0
279	0	0.536363636364	0.517543859649	0.0	0.504672897196	0.0
280	0	0.0	0.0	0.219512195122	0.0	0.0
281	0	0.238938053097	0.318181818182	0.0	0.371134020619	0.0
282	0	0.252100840336	0.506024096386	0.0	0.351063829787	0.0
283	0	0.0	0.0	0.0	0.0	0.0
284	0	0.0	0.0	0.0	0.0	0.272727272727
285	0	0.504854368932	0.432989690722	0.0	0.530434782609	0.0
286	0	0.0	0.0	0.0	0.0	0.0
287	0	0.0	0.0	0.219512195122	0.0	0.0
288	0	0.0	0.0	0.0	0.0	0.0
289	0	0.0	0.0	0.0	0.0	0.0
290	0	0.27	0.195652173913	0.0	0.336538461538	0.0
291	0	0.0	0.0	0.0	0.0	0.0
292	0	0.545454545455	0.573033707865	0.0	0.438095238095	0.0
293	0	0.0	0.0	0.0	0.0	0.0
294	0	0.0	0.0	0.0	0.0	0.0
295	0	0.0	0.0	0.0	0.0	0.0
296	0	0.0	0.0	0.0	0.0	0.0
297	0	0.0	0.0	0.0	0.0	0.0
298	0	0.0	0.0	0.0	0.0	0.0
299	0	0.0	0.0	0.242718446602	0.0	0.0
