#chr	position	description	normal	sample0	sample1	sample2	sample3	sample4	sample5	sample6	sample7	sample8	sample9	sample10	sample11	sample12	sample13	sample14
1	1	1	0	0.0	0.192801283337	0.172892103438	0.0	0.177	0.0	0.216232404912	0.0	0.0	0.0	0.114847906837	0.0	0.0	0.0	0.0
2	1	1	0	0.0931852599697	0.0	0.0	0.0	0.170204204808	0.0	0.133539443503	0.161032206441	0.149211484027	0.0	0.111399480934	0.183128189733	0.0894507056554	0.126069651741	0.0
3	1	1	0	0.267936316002	0.311313212073	0.336769058067	0.493164455167	0.318942201743	0.288904466253	0.143443854553	0.344892499752	0.349225507946	0.243371787088	0.388477695539	0.490853357065	0.363883026831	0.516199562711	0.161165241599
4	1	1	0	0.0897959183673	0.0	0.0	0.0	0.17017129962	0.0	0.142569877338	0.166499699459	0.153784380646	0.0	0.120052770449	0.184397864346	0.0853524778143	0.120088656055	0.0
5	1	1	0	0.4061	0.503868957894	0.494522062519	0.499052558093	0.497436423298	0.42295613413	0.369387347835	0.500655307995	0.501956063798	0.500753541646	0.49949959968	0.496441281139	0.510841456137	0.502140794583	0.359849980261
6	1	1	0	0.0	0.192323355732	0.164549483013	0.0	0.175662317121	0.0	0.219839142091	0.0	0.0	0.0	0.118920551807	0.0	0.0	0.0	0.0
7	1	1	0	0.0934305091608	0.0	0.0	0.0	0.169182453652	0.0	0.141685011007	0.156278229449	0.154233771366	0.0	0.11166650005	0.172108301812	0.087594173782	0.124108416548	0.0
8	1	1	0	0.260481712756	0.306600425834	0.345334160977	0.508498023715	0.316977042073	0.290589660743	0.14371557336	0.339799064956	0.334520276954	0.244842779892	0.38320806962	0.497071890145	0.346188074755	0.500649805058	0.158844409387
9	1	1	0	0.26494524264	0.308014720916	0.323968740726	0.499600079984	0.327093397746	0.290125283614	0.140742977952	0.339154594166	0.336139506915	0.251080945199	0.38284581061	0.500736811082	0.366111498953	0.497460918052	0.162758207764
10	1	1	0	0.257443609023	0.305111662531	0.335162094763	0.49512121517	0.325760608487	0.276091931151	0.142643391521	0.34052828701	0.342354257809	0.24079291608	0.381107491857	0.496311802233	0.365841334007	0.501226331796	0.16901127407
11	1	1	0	0.094453985251	0.0	0.0	0.0	0.169418593015	0.0	0.143305016181	0.165917041479	0.154522985665	0.0	0.114351343254	0.175164967007	0.0894642143143	0.122442716858	0.0
12	1	1	0	0.0	0.305218872083	0.136313410347	0.212349846123	0.15046414363	0.0	0.0	0.0	0.0	0.10901591043	0.0	0.0	0.114575059571	0.157513159202	0.170417368891
13	1	1	0	0.0	0.190570327172	0.156737029	0.0	0.179071628651	0.0	0.211917876815	0.0	0.0	0.0	0.112629357983	0.0	0.0	0.0	0.0
14	1	1	0	0.089586447434	0.0	0.0	0.280564107657	0.174329310861	0.140662650602	0.143197380173	0.344598612488	0.157368526295	0.142702062568	0.248913902054	0.181577138368	0.0898024346438	0.118260351504	0.0
15	1	1	0	0.0948241406875	0.0	0.0	0.0	0.166500399042	0.0	0.144449975112	0.161389578164	0.15162527761	0.0	0.11004691165	0.172431128092	0.091239402503	0.118186397985	0.0
16	1	1	0	0.263695543315	0.306124518353	0.336071321246	0.496248986212	0.325886595873	0.289429280397	0.136285512082	0.348033847685	0.347791083828	0.250504032258	0.382308391397	0.504676656945	0.3543029693	0.497478991597	0.158537816823
17	1	1	0	0.0910376881883	0.0	0.0	0.0	0.0	0.0	0.138129782371	0.0	0.0	0.0	0.0	0.174857940385	0.089504950495	0.120724346076	0.0
18	1	1	0	0.260239253852	0.306797853309	0.341526778577	0.504408817635	0.321657968687	0.290514032793	0.135732133933	0.339147091441	0.352574873974	0.249453606199	0.379092820667	0.494073925271	0.3599640036	0.505179282869	0.164539149663
19	1	1	0	0.267281105991	0.310839056435	0.337745098039	0.49949969982	0.323407202216	0.283679406159	0.148396645289	0.341223848345	0.351387188902	0.238738284793	0.381015094722	0.497279651795	0.361406619385	0.497366288493	0.166276584919
20	1	1	0	0.0898413973098	0.0	0.0	0.0	0.166218236173	0.0	0.14694041868	0.158280410357	0.158320687911	0.0	0.110600459586	0.178316831683	0.0932865731463	0.126093366093	0.0
21	1	1	0	0.0933704957197	0.0	0.0	0.0	0.170289132602	0.0	0.1386001386	0.159347804341	0.150756285686	0.0	0.114500752634	0.178822583886	0.0902103559871	0.120816326531	0.0
22	1	1	0	0.0940017905103	0.0	0.0	0.0	0.167197135468	0.0	0.138339524144	0.159072661582	0.157820949329	0.0	0.114095955591	0.179634675547	0.0867413914975	0.122524876872	0.0
23	1	1	0	0.0878606965174	0.0	0.0	0.0	0.163949095248	0.0	0.141897233202	0.154804625199	0.155955011046	0.0	0.1139761212	0.168629016164	0.0940343781598	0.126028496889	0.0
24	1	1	0	0.258375085961	0.303375355836	0.33906437425	0.506590596105	0.318619989853	0.300448430493	0.145619455796	0.333333333333	0.345865403592	0.240806642942	0.379282947661	0.499900318979	0.366753559254	0.505882352941	0.167030351121
25	1	1	0	0.0	0.304786649345	0.137712074611	0.210042927024	0.15429726997	0.0	0.0	0.0	0.0	0.111554579924	0.0	0.0	0.106628826272	0.158793568361	0.170445583596
26	1	1	0	0.404721245605	0.307894736842	0.335721295388	0.496420047733	0.33111265785	0.414898865318	0.140324816795	0.347313237221	0.344896933132	0.376216758655	0.376673228346	0.499704316972	0.498791053798	0.497696314103	0.369297537344
27	1	1	0	0.0959879638917	0.0	0.0	0.0	0.167298862048	0.0	0.140620384047	0.156487419832	0.149826474963	0.0	0.112359550562	0.176894208338	0.0810512589026	0.124430805781	0.0
28	1	1	0	0.256551862637	0.302933935166	0.334324806663	0.499087406206	0.330858747994	0.27938247012	0.138788608103	0.338417065391	0.350554256076	0.245189886169	0.379646373317	0.504249291785	0.362705740666	0.495933326639	0.161312779712
29	1	1	0	0.403342730568	0.506676107627	0.508838133069	0.50655983976	0.501971997634	0.42400561066	0.360733763014	0.496614220275	0.490275526742	0.504304304304	0.48941506973	0.503496503497	0.510091374636	0.493879615579	0.37034795764
30	1	1	0	0.0931795386158	0.0	0.0	0.0	0.170858283433	0.0	0.140900392789	0.160056372056	0.152208515718	0.0	0.11348781937	0.18836675646	0.0898149084657	0.117408906883	0.0
31	1	1	0	0.0	0.314471707561	0.138519924099	0.212898136278	0.152628943415	0.0	0.0	0.0	0.0	0.109574152752	0.0	0.0	0.11342454888	0.159040959041	0.160429417076
32	1	1	0	0.0	0.163211913866	0.138341126245	0.213389121339	0.148736389971	0.0	0.0	0.0	0.0	0.112748107223	0.0	0.0	0.113518987342	0.159354711784	0.162797619048
33	1	1	0	0.0886242051075	0.0	0.0	0.0	0.0	0.0	0.141111667501	0.0	0.0	0.0	0.0	0.180336067213	0.090438247012	0.12087246289	0.0
34	1	1	0	0.0950647249191	0.0	0.0	0.0	0.171103798983	0.0	0.142814931547	0.159291149379	0.155791352638	0.0	0.120024004801	0.184557063049	0.0888821630347	0.123430962343	0.0
35	1	1	0	0.0948572585544	0.0	0.0	0.0	0.172427572428	0.0	0.143349753695	0.154453663901	0.153450881612	0.0	0.117989364904	0.177607732582	0.0892576590731	0.122314552088	0.0
36	1	1	0	0.0911278195489	0.0	0.0	0.0	0.167567026811	0.0	0.140443822471	0.156024214021	0.152337103393	0.0	0.1151	0.181710331191	0.088133240805	0.119073650731	0.0
37	1	1	0	0.261818547576	0.298087739033	0.343940008107	0.509141494436	0.324110671937	0.288166034724	0.142985791475	0.336535574902	0.342868533838	0.249305003971	0.379183266932	0.494993425711	0.359337589785	0.499453008454	0.167443273906
38	1	1	0	0.262022881442	0.310327556847	0.33899320815	0.497192137986	0.315269461078	0.286112493778	0.137931034483	0.343607421677	0.344803717987	0.252148148148	0.384012066365	0.497862185542	0.36625882821	0.499608457322	0.167543946767
39	1	1	0	0.401686239085	0.313824931535	0.34001572327	0.501950975488	0.328707893414	0.423621572763	0.140086423475	0.344169611307	0.337201089698	0.375337263915	0.383308494784	0.496601359456	0.498520710059	0.495979899497	0.374699278268
40	1	1	0	0.0932498260264	0.0	0.0	0.0	0.0	0.0	0.1393	0.0	0.0	0.0	0.0	0.176237230983	0.0847847847848	0.12238452428	0.0
41	1	1	0	0.259041546279	0.314268512944	0.332872245826	0.505115724645	0.32576594676	0.289368104313	0.14135021097	0.336604613517	0.339139139139	0.248657784848	0.38782083543	0.501058147738	0.356663662762	0.496874369833	0.166973980742
42	1	1	0	0.260393200901	0.306282983172	0.334260178749	0.504641181755	0.321374584299	0.285278878391	0.138455341859	0.337614496217	0.347301778716	0.249214553562	0.382347120522	0.494173414971	0.366878852177	0.496352553213	0.165264423077
43	1	1	0	0.0987828186299	0.0	0.0	0.289712180062	0.171537996372	0.136618589744	0.139688911189	0.345449053564	0.152169525732	0.137720962748	0.250345918166	0.176494224008	0.0854717923115	0.11848010372	0.0
44	1	1	0	0.0878029400079	0.0	0.0	0.0	0.168668718356	0.0	0.143767705382	0.163569512074	0.150820340365	0.0	0.110555277639	0.183823529412	0.082703777336	0.119009100101	0.0
45	1	1	0	0.258490008859	0.299788455727	0.340110165248	0.496446900908	0.326455342903	0.285395084298	0.141190429108	0.341923883728	0.350632787207	0.248367326434	0.377098321343	0.490545490545	0.356961768583	0.494239054203	0.161444821393
46	1	1	0	0.0942173479561	0.0	0.0	0.279643387816	0.170372566459	0.134596310256	0.14427171007	0.342882721576	0.1513367917	0.137591389115	0.241109042814	0.186172305271	0.0908197365834	0.121710194615	0.0
47	1	1	0	0.26597144882	0.306443679292	0.343849840256	0.499799759712	0.331315136476	0.291612774848	0.139983828583	0.342196646493	0.344592592593	0.243671516843	0.382980855969	0.501185536455	0.368877805486	0.497370249082	0.164210738797
48	1	1	0	0.262149486079	0.308975377284	0.339457741583	0.495419309373	0.312594534637	0.288079470199	0.137640734354	0.344726166329	0.342774219376	0.249230463708	0.382976595319	0.496482013676	0.352685783522	0.498243853487	0.160622802612
49	1	1	0	0.0901377520463	0.0	0.0	0.0	0.17542130679	0.0	0.14388198444	0.15247044559	0.149174587294	0.0	0.119146825397	0.179206566347	0.0882295338817	0.121155546821	0.0
50	1	1	0	0.262291792093	0.312134577905	0.332931605905	0.485705777248	0.320257431811	0.284691848907	0.140612244898	0.345960838335	0.35052062475	0.256087662338	0.374329928189	0.493589106451	0.358086469175	0.493925512846	0.167625391059
51	1	1	0	0.0	0.306645786434	0.139687593274	0.22228995225	0.153599358332	0.0	0.0	0.0	0.0	0.104461041583	0.0	0.0	0.108251552173	0.15180456419	0.165208647562
52	1	1	0	0.0862990220788	0.0	0.0	0.286755165186	0.173297166968	0.138593380615	0.142998613587	0.337748344371	0.146649433287	0.14051187927	0.237242073478	0.182641054008	0.0893228908496	0.125075650595	0.0
53	1	1	0	0.395934556272	0.497407259673	0.499647993563	0.499798142915	0.49218591435	0.420053396618	0.359681804451	0.501048427359	0.502911062036	0.490493547434	0.492954911433	0.501002606778	0.504362482649	0.50222356984	0.363336333633
54	1	1	0	0.0911450534092	0.0	0.0	0.0	0.0	0.0	0.147050132966	0.0	0.0	0.0	0.0	0.179965701604	0.088717844845	0.121917673642	0.0
55	1	1	0	0.0874594155844	0.0	0.0	0.0	0.168567679419	0.0	0.136400241595	0.152253590887	0.156008432888	0.0	0.110048328635	0.172448365751	0.0832169227699	0.122582594682	0.0
56	1	1	0	0.0937062937063	0.0	0.0	0.0	0.0	0.0	0.139494949495	0.0	0.0	0.0	0.0	0.179668794892	0.0831897861992	0.121588841722	0.0
57	1	1	0	0.261379586926	0.30474488783	0.33754602448	0.510124298316	0.314132956723	0.283527189581	0.137547207315	0.340920385648	0.350019944156	0.252598960416	0.387238285145	0.503938598263	0.35221822542	0.497219463754	0.168712590038
58	1	1	0	0.093803354424	0.0	0.0	0.0	0.16698330167	0.0	0.143425898278	0.152583341726	0.158600814866	0.0	0.121100735148	0.180962025316	0.0858295511851	0.121557360808	0.0
59	1	1	0	0.257538063489	0.31204251479	0.334833483348	0.499144955236	0.326948281077	0.288851012633	0.140233063401	0.337184978584	0.343581013419	0.249331616992	0.383319805195	0.495917960972	0.357811085404	0.497163896905	0.163283671633
60	1	1	0	0.404229484974	0.50125615516	0.497838544285	0.500841001286	0.498734433532	0.418276448804	0.357062837356	0.499343500656	0.492768179992	0.496832209279	0.500351017952	0.499602701629	0.50393236335	0.502930948833	0.36856450636
61	1	1	0	0.400885391048	0.506368468559	0.507581012784	0.489591673339	0.500694996029	0.417570391006	0.358167051038	0.508397867847	0.50442566888	0.508547868061	0.492340042055	0.504024644738	0.492553723138	0.502029632636	0.368733901328
62	1	1	0	0.092140385566	0.0	0.0	0.0	0.165907480514	0.0	0.142611857388	0.155011885895	0.153762051486	0.0	0.114762285258	0.17896514053	0.0871527429546	0.120551556322	0.0
63	1	1	0	0.0	0.193558127831	0.170343868018	0.0	0.182364729459	0.0	0.214451508729	0.0	0.0	0.0	0.114220274846	0.0	0.0	0.0	0.0
64	1	1	0	0.0971599402093	0.0	0.0	0.278138420054	0.17649430501	0.134398874146	0.139768728004	0.341909547739	0.157782515991	0.138314944835	0.244638602065	0.1778	0.0854700854701	0.129112662014	0.0
65	1	1	0	0.0	0.172282390694	0.141297816944	0.223492827766	0.160882647944	0.0	0.0	0.0	0.0	0.103596833985	0.0	0.0	0.113341322149	0.156442939653	0.160081943225
66	1	1	0	0.0963915470494	0.0	0.0	0.0	0.0	0.0	0.139899497487	0.0	0.0	0.0	0.0	0.172304019101	0.0831104507182	0.121151738567	0.0
67	1	1	0	0.0906601764527	0.0	0.0	0.0	0.168572295862	0.0	0.14226323261	0.159372501998	0.149355877617	0.0	0.106126144251	0.183807219197	0.0879809126156	0.119061816736	0.0
68	1	1	0	0.0	0.192570202808	0.166867348987	0.0	0.171982116244	0.0	0.221991701245	0.0	0.0	0.0	0.111930756369	0.0	0.0	0.0	0.0
69	1	1	0	0.0967065868263	0.0	0.0	0.0	0.0	0.0	0.139880952381	0.0	0.0	0.0	0.0	0.177626983335	0.0894562267565	0.125087281796	0.0
70	1	1	0	0.255931859663	0.305437258592	0.340027977618	0.493388186894	0.330121200079	0.288624961605	0.144026349935	0.343621192319	0.343702960361	0.239892183288	0.378160354156	0.498587000404	0.36881634288	0.501596487727	0.166485953672
71	1	1	0	0.0918357149995	0.0	0.0	0.0	0.176476557743	0.0	0.138132100131	0.157000296413	0.156070509012	0.0	0.106046701336	0.177011494253	0.0856174623742	0.116754814889	0.0
72	1	1	0	0.258013139558	0.316759665205	0.327802916038	0.490330940989	0.32265788686	0.283648051426	0.135863640868	0.344917376064	0.341950294441	0.245065290009	0.384389095901	0.502149355193	0.354546359924	0.492381236929	0.168044077135
73	1	1	0	0.263601607686	0.303878883831	0.337146238044	0.505181607808	0.332998594095	0.292363126814	0.140815510694	0.336503804565	0.345747858992	0.250691527507	0.380094595955	0.497101738957	0.367562669888	0.502083121634	0.167650295089
74	1	1	0	0.0890890890891	0.0	0.0	0.284666468431	0.166257246733	0.139213494564	0.145264847512	0.341707051726	0.150633930368	0.14183195455	0.245215798046	0.175232942591	0.0861296425371	0.121640316206	0.0
75	1	1	0	0.261680368959	0.310241265392	0.341326228538	0.502249168785	0.320185614849	0.291434262948	0.144829641403	0.338333833383	0.343911659371	0.245302081229	0.382953300807	0.495075642197	0.361177406523	0.496812749004	0.166136408829
76	1	1	0	0.0872012640727	0.0	0.0	0.0	0.173637643274	0.0	0.1434721666	0.160378317909	0.161001083851	0.0	0.111955217913	0.177988727381	0.0898298377523	0.125099522293	0.0
77	1	1	0	0.405968639353	0.307453104624	0.340092528792	0.502756990941	0.332777068813	0.413369304556	0.145706763872	0.34335145823	0.33860022283	0.377936157398	0.388124183663	0.490874448456	0.508084764487	0.499402271369	0.371695487975
78	1	1	0	0.0924528301887	0.0	0.0	0.269797055312	0.168327796235	0.143616497687	0.145222802088	0.342050520059	0.15993602559	0.1441	0.247609561753	0.177690526528	0.0828582661687	0.119660708876	0.0
79	1	1	0	0.0	0.164646970456	0.132646880678	0.213070184271	0.146906187625	0.0	0.0	0.0	0.0	0.109176566981	0.0	0.0	0.112434921906	0.156041960863	0.167456556082
80	1	1	0	0.260115033717	0.303549939832	0.332265492041	0.508526068209	0.31589456869	0.289452893541	0.146571400218	0.337402004565	0.341546816856	0.247825227363	0.383378283888	0.504306504307	0.366452251361	0.499797324686	0.159816440543
81	1	1	0	0.0	0.16038772859	0.13714111179	0.211371571072	0.153218495014	0.0	0.0	0.0	0.0	0.110068603713	0.0	0.0	0.115986529319	0.155421686747	0.168734002756
82	1	1	0	0.0961615353858	0.0	0.0	0.0	0.0	0.0	0.145146927872	0.0	0.0	0.0	0.0	0.178442496132	0.091008012662	0.120573689416	0.0
83	1	1	0	0.262326043738	0.310054184226	0.330986604087	0.508439029262	0.321077940293	0.28683653943	0.143043043043	0.337990220537	0.34783494651	0.247737111373	0.385024590987	0.501704773365	0.366423649256	0.504238958991	0.168564010385
84	1	1	0	0.0	0.304479952946	0.140595057993	0.20685483871	0.146276067527	0.0	0.0	0.0	0.0	0.104139520898	0.0	0.0	0.112171837709	0.159516496582	0.166396924944
85	1	1	0	0.398107569721	0.312980186009	0.328344895937	0.504735039291	0.322147651007	0.423473990177	0.143415122684	0.336092046831	0.350962977747	0.379882715436	0.390997885409	0.495485553772	0.505968961401	0.508257431689	0.373288713112
86	1	1	0	0.261525990475	0.30645489717	0.332867132867	0.491410307631	0.319037022051	0.2932644546	0.139157286582	0.346577261809	0.336483931947	0.245718837117	0.378540686618	0.490478539714	0.368542481693	0.512929753294	0.169054150157
87	1	1	0	0.0927866209954	0.0	0.0	0.0	0.0	0.083081570997	0.146153074531	0.0	0.0	0.0	0.0	0.0	0.0	0.0	0.136508887557
88	1	1	0	0.0938425103612	0.0	0.0	0.0	0.173522364217	0.0	0.148633659373	0.162553275845	0.156212544946	0.0	0.113929146538	0.173194856578	0.0881531711209	0.122580007902	0.0
89	1	1	0	0.266379050868	0.309198229218	0.331748861161	0.496645639331	0.326592212496	0.2800524405	0.142871189774	0.332996564963	0.348874598071	0.24651024651	0.374532592218	0.504630561707	0.37248389694	0.503535504432	0.167854234528
90	1	1	0	0.256477732794	0.303692463328	0.332724875773	0.503412284223	0.319151026825	0.286409736308	0.14274393264	0.344137655062	0.339880358923	0.247095577468	0.387138975546	0.493674698795	0.35967496191	0.497207838359	0.164413518887
91	1	1	0	0.0941763388312	0.0	0.0	0.0	0.0	0.0	0.144831730769	0.0	0.0	0.0	0.0	0.180309845077	0.0877123274064	0.114744351962	0.0
92	1	1	0	0.0	0.164586357039	0.140345649583	0.213327915482	0.150253908195	0.0	0.0	0.0	0.0	0.10548313265	0.0	0.0	0.114089208051	0.155348557692	0.161727774987
93	1	1	0	0.254454178561	0.305837049047	0.336298221067	0.496356921848	0.323827693544	0.288059701493	0.143901956908	0.339570063694	0.346256288843	0.246156878203	0.380128076846	0.493917274939	0.366722424481	0.506389452333	0.172959082823
94	1	1	0	0.0	0.162715625946	0.138775915088	0.217496229261	0.149435711407	0.0	0.0	0.0	0.0	0.106790247834	0.0	0.0	0.115038115038	0.156900190974	0.171104928458
95	1	1	0	0.0	0.304670492777	0.138380178239	0.213127718466	0.154605587916	0.0	0.0	0.0	0.0	0.10775427996	0.0	0.0	0.115722508331	0.15484256676	0.165953636454
96	1	1	0	0.0897691082803	0.0	0.0	0.0	0.169001400841	0.0	0.144971307762	0.156812083872	0.151045856798	0.0	0.117476504699	0.178924476078	0.0900409276944	0.12179038865	0.0
97	1	1	0	0.403881140085	0.497880072683	0.502302302302	0.497773820125	0.494635406318	0.417552144825	0.357178095708	0.502142074325	0.495639829649	0.500250125063	0.502186959618	0.506493506494	0.503695565322	0.493492079508	0.376549481813
98	1	1	0	0.403243678856	0.30345800988	0.33215408805	0.4998998999	0.326256759463	0.418130990415	0.140625	0.346538615446	0.343547260206	0.379575915183	0.377010360138	0.503624647604	0.508754575131	0.500699161007	0.366020864382
99	1	1	0	0.0	0.161462530218	0.139583961411	0.218563469956	0.158929657409	0.0	0.0	0.0	0.0	0.106593851133	0.0	0.0	0.119083509195	0.156064796523	0.166069651741
100	1	1	0	0.0920227069017	0.0	0.0	0.0	0.0	0.0808698266359	0.146962314806	0.0	0.0	0.0	0.0	0.0	0.0	0.0	0.128097521982
