#chr	normal	sample0	sample1	sample2	sample3	sample4	sample5	sample6	sample7	sample8	sample9	sample10	sample11	sample12	sample13	sample14
0	0	0.0	0.116279069767	0.128440366972	0.0	0.08	0.0	0.13	0.11214953271	0.0	0.0	0.0	0.0	0.0	0.0	0.347826086957
1	0	0.19587628866	0.444444444444	0.178217821782	0.363636363636	0.35632183908	0.284090909091	0.0	0.11320754717	0.15	0.170212765957	0.207920792079	0.295918367347	0.160377358491	0.163461538462	0.253012048193
2	0	0.0	0.155737704918	0.108910891089	0.0	0.101851851852	0.0	0.0674157303371	0.0733944954128	0.0	0.0	0.0	0.0	0.0	0.0	0.31067961165
3	0	0.219298245614	0.46511627907	0.241758241758	0.35593220339	0.239130434783	0.325301204819	0.0	0.173553719008	0.09375	0.130434782609	0.159574468085	0.28431372549	0.141304347826	0.207792207792	0.254545454545
4	0	0.0	0.0	0.0	0.163265306122	0.0618556701031	0.213675213675	0.08	0.15	0.0818181818182	0.182795698925	0.190476190476	0.0	0.135416666667	0.132075471698	0.0
5	0	0.272727272727	0.405660377358	0.439252336449	0.291262135922	0.37984496124	0.336633663366	0.317073170732	0.219298245614	0.265151515152	0.373913043478	0.434343434343	0.534653465347	0.340206185567	0.0833333333333	0.510204081633
6	0	0.0	0.0	0.0	0.0964912280702	0.112244897959	0.20618556701	0.0873786407767	0.130434782609	0.148514851485	0.193548387097	0.0957446808511	0.0	0.131868131868	0.137931034483	0.0
7	0	0.0	0.0	0.0	0.0873786407767	0.114285714286	0.183486238532	0.0927835051546	0.0631578947368	0.100840336134	0.137614678899	0.139534883721	0.0	0.119565217391	0.134831460674	0.0
8	0	0.0	0.0	0.161904761905	0.0	0.0	0.0	0.128440366972	0.0	0.102803738318	0.229885057471	0.165217391304	0.229508196721	0.184466019417	0.0	0.0
9	0	0.0	0.0	0.0	0.0	0.135802469136	0.0	0.0	0.0	0.10989010989	0.0	0.0733944954128	0.0	0.125	0.126213592233	0.0
10	0	0.0	0.0	0.0	0.170212765957	0.0775862068966	0.18	0.10989010989	0.144578313253	0.0777777777778	0.10752688172	0.106382978723	0.0	0.118811881188	0.119565217391	0.0
11	0	0.0	0.0	0.0980392156863	0.0	0.0	0.0	0.151162790698	0.0	0.15873015873	0.20618556701	0.201923076923	0.212962962963	0.2	0.0	0.0
12	0	0.322916666667	0.528301886792	0.481481481481	0.336842105263	0.411214953271	0.382608695652	0.451612903226	0.275	0.224489795918	0.363636363636	0.469565217391	0.456310679612	0.333333333333	0.166666666667	0.536082474227
13	0	0.0	0.0	0.0	0.166666666667	0.148514851485	0.229166666667	0.117117117117	0.117647058824	0.0900900900901	0.0841121495327	0.12	0.0	0.133333333333	0.115044247788	0.0
14	0	0.0	0.0	0.0	0.148514851485	0.0744680851064	0.323529411765	0.129411764706	0.0769230769231	0.0761904761905	0.137931034483	0.144	0.0	0.115789473684	0.105769230769	0.0
15	0	0.0	0.2	0.134453781513	0.0	0.102040816327	0.0	0.0941176470588	0.148936170213	0.0	0.0	0.0	0.0	0.0	0.0	0.262626262626
16	0	0.0	0.0	0.189473684211	0.0	0.0	0.0	0.0775862068966	0.0	0.105769230769	0.129032258065	0.132653061224	0.21568627451	0.150943396226	0.0	0.0
17	0	0.25	0.0	0.0	0.0	0.0	0.0	0.0	0.18691588785	0.170454545455	0.0	0.0	0.0	0.0	0.198113207547	0.0
18	0	0.255813953488	0.525252525253	0.591397849462	0.319587628866	0.388349514563	0.326923076923	0.367346938776	0.266055045872	0.348623853211	0.316239316239	0.415094339623	0.524752475248	0.247706422018	0.16393442623	0.522222222222
19	0	0.0	0.185840707965	0.142857142857	0.0	0.0849056603774	0.0	0.131313131313	0.150943396226	0.0	0.0	0.0	0.0	0.0	0.0	0.25
20	0	0.0	0.0	0.0	0.128712871287	0.118279569892	0.181818181818	0.118811881188	0.0792079207921	0.0808080808081	0.148514851485	0.0961538461538	0.0	0.197802197802	0.0588235294118	0.0
21	0	0.321428571429	0.472222222222	0.467889908257	0.322580645161	0.380952380952	0.43	0.386138613861	0.195652173913	0.247863247863	0.413043478261	0.362637362637	0.47619047619	0.290322580645	0.161904761905	0.478723404255
22	0	0.305263157895	0.0	0.0	0.0	0.0	0.0	0.0	0.0943396226415	0.148760330579	0.0	0.0	0.0	0.0	0.22	0.0
23	0	0.0	0.168674698795	0.0824742268041	0.0	0.095652173913	0.0	0.0934579439252	0.150943396226	0.0	0.0	0.0	0.0	0.0	0.0	0.271739130435
24	0	0.0	0.0	0.0	0.0	0.11	0.0	0.0	0.0	0.0769230769231	0.0	0.166666666667	0.0	0.168674698795	0.137254901961	0.0
25	0	0.0	0.132653061224	0.117647058824	0.0	0.0721649484536	0.0	0.0654205607477	0.193548387097	0.0	0.0	0.0	0.0	0.0	0.0	0.296296296296
26	0	0.252631578947	0.586538461538	0.47572815534	0.367521367521	0.387096774194	0.229357798165	0.321428571429	0.284403669725	0.257425742574	0.336734693878	0.411764705882	0.598039215686	0.411214953271	0.254716981132	0.52427184466
27	0	0.0	0.0	0.127450980392	0.0	0.0	0.0	0.171717171717	0.0	0.217391304348	0.157894736842	0.114285714286	0.19387755102	0.196428571429	0.0	0.0
28	0	0.240740740741	0.394495412844	0.19801980198	0.415841584158	0.394495412844	0.336734693878	0.0	0.0869565217391	0.0666666666667	0.0614035087719	0.211538461538	0.34	0.135416666667	0.28125	0.247422680412
29	0	0.0	0.193181818182	0.11	0.0	0.0970873786408	0.0	0.106796116505	0.114583333333	0.0	0.0	0.0	0.0	0.0	0.0	0.238095238095
30	0	0.252631578947	0.525252525253	0.5	0.425531914894	0.405940594059	0.29347826087	0.389380530973	0.260416666667	0.25	0.321100917431	0.344444444444	0.52427184466	0.329896907216	0.201834862385	0.528846153846
31	0	0.0	0.0	0.172727272727	0.0	0.0	0.0	0.22	0.0	0.128712871287	0.181818181818	0.238636363636	0.209523809524	0.175257731959	0.0	0.0
32	0	0.0	0.164835164835	0.0982142857143	0.0	0.078431372549	0.0	0.136842105263	0.171428571429	0.0	0.0	0.0	0.0	0.0	0.0	0.29702970297
33	0	0.0	0.0	0.0	0.0588235294118	0.112068965517	0.263157894737	0.137614678899	0.0754716981132	0.0990990990991	0.174311926606	0.09375	0.0	0.108910891089	0.0982142857143	0.0
34	0	0.0	0.156862745098	0.132653061224	0.0	0.0891089108911	0.0	0.113402061856	0.155844155844	0.0	0.0	0.0	0.0	0.0	0.0	0.27
35	0	0.0	0.128205128205	0.180722891566	0.0	0.0857142857143	0.0	0.0377358490566	0.0978260869565	0.0	0.0	0.0	0.0	0.0	0.0	0.196261682243
36	0	0.0	0.0	0.0	0.191919191919	0.100917431193	0.238636363636	0.0943396226415	0.0909090909091	0.0825688073394	0.104166666667	0.160377358491	0.0	0.149425287356	0.105769230769	0.0
37	0	0.0	0.2	0.161616161616	0.0	0.126315789474	0.0	0.0521739130435	0.154545454545	0.0	0.0	0.0	0.0	0.0	0.0	0.230088495575
38	0	0.0	0.0	0.162790697674	0.0	0.0	0.0	0.157894736842	0.0	0.127450980392	0.254545454545	0.147058823529	0.22	0.267326732673	0.0	0.0
39	0	0.0	0.137931034483	0.186274509804	0.0	0.0490196078431	0.0	0.0752688172043	0.14606741573	0.0	0.0	0.0	0.0	0.0	0.0	0.261682242991
40	0	0.0	0.231578947368	0.1	0.0	0.0672268907563	0.0	0.133333333333	0.126315789474	0.0	0.0	0.0	0.0	0.0	0.0	0.228915662651
41	0	0.0	0.0	0.14953271028	0.0	0.0	0.0	0.141592920354	0.0	0.147368421053	0.188679245283	0.115384615385	0.238095238095	0.227722772277	0.0	0.0
42	0	0.0	0.12	0.108695652174	0.0	0.11214953271	0.0	0.102272727273	0.115789473684	0.0	0.0	0.0	0.0	0.0	0.0	0.285714285714
43	0	0.0	0.0	0.219512195122	0.0	0.0	0.0	0.116504854369	0.0	0.0982142857143	0.134615384615	0.191489361702	0.210526315789	0.287128712871	0.0	0.0
44	0	0.0	0.0	0.135135135135	0.0	0.0	0.0	0.129032258065	0.0	0.120879120879	0.180952380952	0.181818181818	0.172727272727	0.224137931034	0.0	0.0
45	0	0.247422680412	0.573913043478	0.495238095238	0.264150943396	0.348214285714	0.276785714286	0.355371900826	0.280898876404	0.2	0.329896907216	0.411764705882	0.469135802469	0.4	0.158415841584	0.47311827957
46	0	0.274336283186	0.26213592233	0.207547169811	0.4	0.338842975207	0.305555555556	0.0	0.0	0.0618556701031	0.141414141414	0.236842105263	0.31067961165	0.177777777778	0.19	0.21
47	0	0.235294117647	0.433070866142	0.591397849462	0.357142857143	0.37	0.433333333333	0.336538461538	0.261261261261	0.242990654206	0.321100917431	0.387387387387	0.645833333333	0.327731092437	0.164948453608	0.520833333333
48	0	0.0	0.0	0.0	0.0873786407767	0.0645161290323	0.232323232323	0.131313131313	0.0760869565217	0.122222222222	0.101123595506	0.139534883721	0.0	0.154639175258	0.13829787234	0.0
49	0	0.273684210526	0.0	0.0	0.0	0.0	0.0	0.0	0.195402298851	0.163043478261	0.0	0.0	0.0	0.0	0.21186440678	0.0
50	0	0.0	0.0	0.0	0.161616161616	0.111111111111	0.22	0.0795454545455	0.0978260869565	0.063829787234	0.128205128205	0.182926829268	0.0	0.158415841584	0.147826086957	0.0
51	0	0.0	0.0943396226415	0.138888888889	0.0	0.0421052631579	0.0	0.0549450549451	0.166666666667	0.0	0.0	0.0	0.0	0.0	0.0	0.19
52	0	0.0	0.0	0.157894736842	0.0	0.0	0.0	0.12962962963	0.0	0.20652173913	0.170454545455	0.144230769231	0.20202020202	0.186274509804	0.0	0.0
53	0	0.0	0.0	0.0	0.150442477876	0.15	0.179245283019	0.127659574468	0.0963855421687	0.0813953488372	0.147727272727	0.130434782609	0.0	0.111111111111	0.109243697479	0.0
54	0	0.0	0.19801980198	0.11214953271	0.0	0.101123595506	0.0	0.105769230769	0.125	0.0	0.0	0.0	0.0	0.0	0.0	0.142857142857
55	0	0.0	0.0	0.0	0.10752688172	0.0	0.0	0.0	0.0	0.0786516853933	0.162601626016	0.0	0.0	0.17	0.0	0.354166666667
56	0	0.0	0.0	0.0	0.0	0.112068965517	0.0	0.0	0.0	0.131868131868	0.0	0.111111111111	0.0	0.240506329114	0.12	0.0
57	0	0.131868131868	0.504672897196	0.509090909091	0.392523364486	0.393258426966	0.41	0.422018348624	0.211764705882	0.255319148936	0.365217391304	0.305263157895	0.478723404255	0.303571428571	0.168421052632	0.451612903226
58	0	0.274725274725	0.0	0.0	0.0	0.0	0.0	0.0	0.186274509804	0.152173913043	0.0	0.0	0.0	0.0	0.171428571429	0.0
59	0	0.0	0.195652173913	0.120879120879	0.0	0.0480769230769	0.0	0.127450980392	0.110091743119	0.0	0.0	0.0	0.0	0.0	0.0	0.227722772277
60	0	0.207547169811	0.0	0.0	0.0	0.0	0.0	0.0	0.18018018018	0.131313131313	0.0	0.0	0.0	0.0	0.185185185185	0.0
61	0	0.189189189189	0.0	0.0	0.0	0.0	0.0	0.0	0.158415841584	0.247311827957	0.0	0.0	0.0	0.0	0.27619047619	0.0
62	0	0.0	0.0	0.0	0.179775280899	0.132653061224	0.111111111111	0.13829787234	0.107843137255	0.121495327103	0.10101010101	0.0576923076923	0.0	0.141414141414	0.12	0.0
63	0	0.0	0.0	0.0	0.195652173913	0.111111111111	0.178947368421	0.141304347826	0.118811881188	0.141414141414	0.189189189189	0.122448979592	0.0	0.158536585366	0.132075471698	0.0
64	0	0.0	0.0	0.145833333333	0.0	0.0	0.0	0.15	0.0	0.185567010309	0.220183486239	0.176470588235	0.271929824561	0.202127659574	0.0	0.0
65	0	0.0	0.0	0.0	0.153846153846	0.0916666666667	0.288659793814	0.0978260869565	0.162162162162	0.146788990826	0.125	0.123711340206	0.0	0.181818181818	0.116504854369	0.0
66	0	0.345238095238	0.295454545455	0.152941176471	0.362068965517	0.314285714286	0.380434782609	0.0	0.154545454545	0.0833333333333	0.113043478261	0.203883495146	0.307692307692	0.148148148148	0.184466019417	0.316831683168
67	0	0.0	0.0	0.173469387755	0.0	0.0	0.0	0.18018018018	0.0	0.170454545455	0.222222222222	0.163043478261	0.252873563218	0.204081632653	0.0	0.0
68	0	0.0	0.0	0.141414141414	0.0	0.0	0.0	0.142857142857	0.0	0.0803571428571	0.170212765957	0.154545454545	0.210526315789	0.178947368421	0.0	0.0
69	0	0.0	0.222222222222	0.168421052632	0.0	0.0555555555556	0.0	0.105769230769	0.141414141414	0.0	0.0	0.0	0.0	0.0	0.0	0.208791208791
70	0	0.0	0.0	0.0	0.120879120879	0.04	0.150442477876	0.1	0.11214953271	0.102803738318	0.182795698925	0.12389380531	0.0	0.182795698925	0.132530120482	0.0
71	0	0.0	0.0	0.0	0.137614678899	0.0841121495327	0.134615384615	0.122448979592	0.0869565217391	0.0744680851064	0.116071428571	0.186813186813	0.0	0.181102362205	0.106194690265	0.0
72	0	0.0	0.141414141414	0.18018018018	0.0	0.0721649484536	0.0	0.0849056603774	0.106557377049	0.0	0.0	0.0	0.0	0.0	0.0	0.203703703704
73	0	0.29347826087	0.3	0.214285714286	0.265306122449	0.278846153846	0.290909090909	0.0	0.0	0.139130434783	0.148148148148	0.25	0.217391304348	0.203703703704	0.25	0.278350515464
74	0	0.0	0.0	0.0	0.141414141414	0.0816326530612	0.247422680412	0.130434782609	0.0618556701031	0.04	0.156862745098	0.145631067961	0.0	0.185840707965	0.14606741573	0.0
75	0	0.20202020202	0.387387387387	0.317757009346	0.311111111111	0.262626262626	0.402298850575	0.0	0.20325203252	0.11214953271	0.188118811881	0.276595744681	0.260162601626	0.142857142857	0.148148148148	0.278846153846
76	0	0.0	0.222222222222	0.0860215053763	0.0	0.122448979592	0.0	0.10101010101	0.142857142857	0.0	0.0	0.0	0.0	0.0	0.0	0.243243243243
77	0	0.0	0.233644859813	0.11214953271	0.0	0.108108108108	0.0	0.078431372549	0.198113207547	0.0	0.0	0.0	0.0	0.0	0.0	0.192307692308
78	0	0.0	0.169811320755	0.103448275862	0.0	0.13	0.0	0.154639175258	0.172043010753	0.0	0.0	0.0	0.0	0.0	0.0	0.221052631579
79	0	0.283185840708	0.607142857143	0.504854368932	0.300884955752	0.473684210526	0.342857142857	0.396694214876	0.287356321839	0.197802197802	0.381443298969	0.368421052632	0.488549618321	0.290322580645	0.21686746988	0.450549450549
80	0	0.237623762376	0.509615384615	0.519607843137	0.28	0.382716049383	0.274725274725	0.357798165138	0.257731958763	0.208333333333	0.392857142857	0.366972477064	0.438775510204	0.373493975904	0.180555555556	0.610526315789
81	0	0.0	0.178217821782	0.12389380531	0.0	0.0630630630631	0.0	0.08	0.15652173913	0.0	0.0	0.0	0.0	0.0	0.0	0.31914893617
82	0	0.0	0.144144144144	0.0940170940171	0.0	0.0666666666667	0.0	0.107142857143	0.0864197530864	0.0	0.0	0.0	0.0	0.0	0.0	0.221238938053
83	0	0.231707317073	0.547619047619	0.535714285714	0.424242424242	0.462962962963	0.393939393939	0.423529411765	0.271844660194	0.184466019417	0.352272727273	0.43	0.560975609756	0.327433628319	0.212765957447	0.52
84	0	0.186046511628	0.550561797753	0.418181818182	0.440860215054	0.459183673469	0.252525252525	0.420560747664	0.303797468354	0.318965517241	0.393700787402	0.371134020619	0.577777777778	0.339285714286	0.166666666667	0.463917525773
85	0	0.0	0.204545454545	0.152380952381	0.0	0.107142857143	0.0	0.122448979592	0.159090909091	0.0	0.0	0.0	0.0	0.0	0.0	0.214953271028
86	0	0.0	0.133333333333	0.107142857143	0.0	0.0612244897959	0.0	0.166666666667	0.116071428571	0.0	0.0	0.0	0.0	0.0	0.0	0.232323232323
87	0	0.0	0.155963302752	0.163265306122	0.0	0.0796460176991	0.0	0.0961538461538	0.161904761905	0.0	0.0	0.0	0.0	0.0	0.0	0.26213592233
88	0	0.307692307692	0.0	0.0	0.0	0.0	0.0	0.0	0.152173913043	0.139240506329	0.0	0.0	0.0	0.0	0.151515151515	0.0
89	0	0.0	0.0	0.0	0.0	0.0873786407767	0.0	0.0	0.0	0.106382978723	0.0	0.127906976744	0.0	0.220930232558	0.142857142857	0.0
90	0	0.203703703704	0.475247524752	0.526315789474	0.423076923077	0.365591397849	0.3	0.474226804124	0.227722772277	0.225806451613	0.327102803738	0.390476190476	0.518181818182	0.333333333333	0.235294117647	0.63
91	0	0.336633663366	0.0	0.0	0.189189189189	0.172131147541	0.284090909091	0.0	0.0	0.0	0.0	0.221052631579	0.0	0.0	0.170731707317	0.0
92	0	0.0	0.0	0.155555555556	0.0	0.0	0.0	0.142857142857	0.0	0.0900900900901	0.177083333333	0.196078431373	0.226804123711	0.176470588235	0.0	0.0
93	0	0.0	0.0	0.0	0.117647058824	0.09	0.19801980198	0.128712871287	0.112244897959	0.125	0.142857142857	0.127450980392	0.0	0.113402061856	0.135135135135	0.0
94	0	0.0	0.0	0.207547169811	0.0	0.0	0.0	0.138613861386	0.0	0.130952380952	0.212121212121	0.153846153846	0.211538461538	0.178947368421	0.0	0.0
95	0	0.0	0.208333333333	0.0722891566265	0.0	0.0756302521008	0.0	0.070796460177	0.175824175824	0.0	0.0	0.0	0.0	0.0	0.0	0.265306122449
96	0	0.0	0.191011235955	0.128712871287	0.0	0.0925925925926	0.0	0.119565217391	0.144329896907	0.0	0.0	0.0	0.0	0.0	0.0	0.247524752475
97	0	0.0	0.0	0.117647058824	0.0	0.0	0.0	0.165137614679	0.0	0.135416666667	0.117647058824	0.2	0.14406779661	0.161290322581	0.0	0.0
98	0	0.0	0.222222222222	0.128205128205	0.0	0.0947368421053	0.0	0.141176470588	0.194174757282	0.0	0.0	0.0	0.0	0.0	0.0	0.252173913043
99	0	0.0	0.255102040816	0.0947368421053	0.0	0.0869565217391	0.0	0.147058823529	0.134831460674	0.0	0.0	0.0	0.0	0.0	0.0	0.237113402062
