#chr	position	description	normal	sample0	sample1	sample2	sample3	sample4
1	1	1	0	0.0	0.0	0.258823529412	0.186813186813	0.112676056338
2	1	1	0	0.0	0.13	0.0	0.0	0.180722891566
3	1	1	0	0.0	0.0	0.154761904762	0.0	0.0
4	1	1	0	0.0	0.135135135135	0.0	0.0	0.205607476636
5	1	1	0	0.0	0.0	0.236559139785	0.242990654206	0.206896551724
6	1	1	0	0.0	0.0754716981132	0.0	0.0	0.129310344828
7	1	1	0	0.0	0.0	0.230769230769	0.0	0.0
8	1	1	0	0.0	0.150943396226	0.0	0.0	0.0
9	1	1	0	0.0	0.153846153846	0.0	0.0	0.204301075269
10	1	1	0	0.0	0.0	0.27619047619	0.2	0.205607476636
11	1	1	0	0.0	0.0884955752212	0.0	0.0	0.128712871287
12	1	1	0	0.316326530612	0.0	0.0	0.0	0.0
13	1	1	0	0.0	0.0	0.20652173913	0.186813186813	0.152941176471
14	1	1	0	0.0	0.163043478261	0.0	0.0	0.0
15	1	1	0	0.311827956989	0.0	0.0	0.0	0.0
16	1	1	0	0.0	0.0	0.233333333333	0.259259259259	0.163461538462
17	1	1	0	0.0	0.184210526316	0.0	0.0	0.0
18	1	1	0	0.0	0.0	0.192307692308	0.0	0.0
19	1	1	0	0.0	0.139240506329	0.0	0.0	0.170731707317
20	1	1	0	0.0	0.208695652174	0.0	0.0	0.0
21	1	1	0	0.0	0.0	0.242424242424	0.0	0.0
22	1	1	0	0.0	0.0	0.227272727273	0.0	0.0
23	1	1	0	0.0	0.0	0.268041237113	0.142857142857	0.132075471698
24	1	1	0	0.0	0.0980392156863	0.0	0.0	0.178571428571
25	1	1	0	0.0	0.0	0.227642276423	0.166666666667	0.242718446602
26	1	1	0	0.0	0.141304347826	0.0	0.0	0.132653061224
27	1	1	0	0.226666666667	0.0	0.0	0.0	0.0
28	1	1	0	0.0	0.114942528736	0.0	0.0	0.171428571429
29	1	1	0	0.0	0.114035087719	0.0	0.0	0.263157894737
30	1	1	0	0.0	0.0	0.130434782609	0.0	0.0
31	1	1	0	0.0	0.121739130435	0.0	0.0	0.132653061224
32	1	1	0	0.0	0.0	0.352380952381	0.220183486239	0.0932203389831
33	1	1	0	0.0	0.0	0.2	0.0	0.0
34	1	1	0	0.0	0.0	0.240506329114	0.245283018868	0.0740740740741
35	1	1	0	0.0	0.0	0.298076923077	0.0	0.0
36	1	1	0	0.0	0.0	0.21	0.163265306122	0.258823529412
37	1	1	0	0.287037037037	0.0	0.0	0.0	0.0
38	1	1	0	0.153846153846	0.111111111111	0.208333333333	0.194174757282	0.330188679245
39	1	1	0	0.0	0.184466019417	0.0	0.0	0.0
40	1	1	0	0.0	0.0	0.268518518519	0.316831683168	0.128712871287
41	1	1	0	0.0	0.0	0.20253164557	0.288461538462	0.119658119658
42	1	1	0	0.326732673267	0.0	0.0	0.0	0.0
43	1	1	0	0.0	0.1	0.0	0.0	0.173469387755
44	1	1	0	0.0	0.0	0.274336283186	0.2	0.267441860465
45	1	1	0	0.0	0.0	0.177215189873	0.158333333333	0.275862068966
46	1	1	0	0.0	0.0884955752212	0.0	0.0	0.141509433962
47	1	1	0	0.0	0.0	0.262626262626	0.166666666667	0.204301075269
48	1	1	0	0.0	0.0	0.212962962963	0.18085106383	0.0990099009901
49	1	1	0	0.333333333333	0.0	0.0	0.0	0.0
50	1	1	0	0.0	0.157303370787	0.0	0.0	0.108333333333
51	1	1	0	0.0	0.146788990826	0.0	0.0	0.0
52	1	1	0	0.0	0.172839506173	0.0	0.0	0.140350877193
53	1	1	0	0.52808988764	0.1	0.390243902439	0.214953271028	0.33
54	1	1	0	0.0	0.147058823529	0.0	0.0	0.161616161616
55	1	1	0	0.0	0.217391304348	0.0	0.0	0.161904761905
56	1	1	0	0.0	0.10989010989	0.0	0.0	0.218390804598
57	1	1	0	0.265957446809	0.0	0.0	0.0	0.0
58	1	1	0	0.0	0.159663865546	0.0	0.0	0.0
59	1	1	0	0.0	0.14953271028	0.0	0.0	0.152941176471
60	1	1	0	0.0	0.0	0.279569892473	0.219298245614	0.0737704918033
61	1	1	0	0.0	0.121495327103	0.0	0.0	0.201754385965
62	1	1	0	0.0	0.0	0.214953271028	0.0	0.0
63	1	1	0	0.275	0.0	0.0	0.0	0.0
64	1	1	0	0.0	0.144230769231	0.0	0.0	0.201923076923
65	1	1	0	0.0	0.171171171171	0.0	0.0	0.154545454545
66	1	1	0	0.0	0.0	0.283333333333	0.170212765957	0.244186046512
67	1	1	0	0.112903225806	0.09375	0.175824175824	0.180952380952	0.237623762376
68	1	1	0	0.0	0.0	0.233333333333	0.252631578947	0.049504950495
69	1	1	0	0.0	0.123595505618	0.0	0.0	0.121495327103
70	1	1	0	0.0	0.0	0.22	0.135416666667	0.218390804598
71	1	1	0	0.0	0.0	0.116279069767	0.155555555556	0.0686274509804
72	1	1	0	0.0	0.0	0.22641509434	0.0	0.0
73	1	1	0	0.0	0.145631067961	0.0	0.0	0.158415841584
74	1	1	0	0.0	0.136842105263	0.0	0.0	0.166666666667
75	1	1	0	0.0	0.0	0.180722891566	0.0	0.0
76	1	1	0	0.264367816092	0.0	0.0	0.0	0.0
77	1	1	0	0.0	0.0	0.14953271028	0.275862068966	0.266055045872
78	1	1	0	0.0	0.15652173913	0.0	0.0	0.0
79	1	1	0	0.21	0.12	0.228571428571	0.252631578947	0.29347826087
80	1	1	0	0.0	0.0	0.204081632653	0.0	0.0
81	1	1	0	0.0	0.0	0.292929292929	0.148936170213	0.142857142857
82	1	1	0	0.0	0.0	0.284090909091	0.14	0.11214953271
83	1	1	0	0.534090909091	0.114285714286	0.59595959596	0.141304347826	0.333333333333
84	1	1	0	0.0	0.0	0.287356321839	0.160377358491	0.182608695652
85	1	1	0	0.0	0.0	0.254716981132	0.0	0.0
86	1	1	0	0.0	0.0	0.307692307692	0.0	0.0
87	1	1	0	0.46511627907	0.125	0.537735849057	0.204301075269	0.363636363636
88	1	1	0	0.473214285714	0.0824742268041	0.483516483516	0.183486238532	0.306930693069
89	1	1	0	0.516949152542	0.0550458715596	0.555555555556	0.144230769231	0.28
90	1	1	0	0.0	0.0	0.238095238095	0.0	0.0
91	1	1	0	0.0	0.146788990826	0.0	0.288659793814	0.0
92	1	1	0	0.166666666667	0.137931034483	0.214285714286	0.255102040816	0.391304347826
93	1	1	0	0.443298969072	0.121495327103	0.448275862069	0.25	0.392523364486
94	1	1	0	0.0	0.0	0.191011235955	0.0	0.0
95	1	1	0	0.0	0.0	0.230769230769	0.0	0.0
96	1	1	0	0.0	0.0	0.281818181818	0.0	0.0
97	1	1	0	0.505494505495	0.1	0.582417582418	0.157894736842	0.414141414141
98	1	1	0	0.0	0.0	0.253012048193	0.313131313131	0.0819672131148
99	1	1	0	0.0	0.0	0.186274509804	0.271604938272	0.133333333333
100	1	1	0	0.442105263158	0.063829787234	0.520408163265	0.183673469388	0.309090909091
