Num_mutations: 100
Num_samples: 5
Error_rate: 0.030000

5.251273853531821523e-01 0.000000000000000000e+00 4.386317907444667874e-01 2.454672245467224567e-01 2.311800866673384969e-01
4.709883953581432414e-01 0.000000000000000000e+00 0.000000000000000000e+00 2.452392947103274601e-01 0.000000000000000000e+00
5.394619279261392286e-01 0.000000000000000000e+00 0.000000000000000000e+00 0.000000000000000000e+00 0.000000000000000000e+00
1.020014080257467537e+00 0.000000000000000000e+00 9.927579963789981976e-01 6.561520574259427363e-01 2.181966212090372392e-01
0.000000000000000000e+00 0.000000000000000000e+00 0.000000000000000000e+00 3.268389662027832987e-01 0.000000000000000000e+00
0.000000000000000000e+00 0.000000000000000000e+00 0.000000000000000000e+00 3.381728395061728287e-01 0.000000000000000000e+00
5.379488709837859650e-01 0.000000000000000000e+00 4.419070512820512664e-01 2.533201189296332978e-01 2.180200222469410587e-01
0.000000000000000000e+00 0.000000000000000000e+00 0.000000000000000000e+00 3.460534243824061051e-01 0.000000000000000000e+00
0.000000000000000000e+00 9.863150534412146175e-01 0.000000000000000000e+00 0.000000000000000000e+00 5.705771332075096902e-01
5.224210737985119923e-01 0.000000000000000000e+00 4.349990045789368653e-01 2.573040499697763495e-01 2.231480540595467965e-01
0.000000000000000000e+00 4.426745329400196827e-01 0.000000000000000000e+00 0.000000000000000000e+00 2.638695565718831015e-01
0.000000000000000000e+00 0.000000000000000000e+00 0.000000000000000000e+00 3.303400262334779680e-01 0.000000000000000000e+00
0.000000000000000000e+00 0.000000000000000000e+00 0.000000000000000000e+00 3.400080096115338235e-01 0.000000000000000000e+00
0.000000000000000000e+00 0.000000000000000000e+00 0.000000000000000000e+00 3.275330615491697239e-01 0.000000000000000000e+00
0.000000000000000000e+00 0.000000000000000000e+00 0.000000000000000000e+00 3.372431077694235668e-01 0.000000000000000000e+00
9.960863020572001680e-01 0.000000000000000000e+00 1.004679876530917060e+00 6.615781126090404252e-01 4.196989333067490668e-01
5.133205991756308872e-01 0.000000000000000000e+00 4.435314159735444517e-01 2.505391099784355924e-01 2.180382629820832030e-01
5.200514902465590561e-01 0.000000000000000000e+00 4.432733419508799733e-01 2.358933386597423243e-01 2.179383116883116811e-01
5.280743376828785918e-01 0.000000000000000000e+00 4.342685370741483086e-01 2.443761767912000782e-01 2.168482062556210677e-01
0.000000000000000000e+00 0.000000000000000000e+00 0.000000000000000000e+00 3.448067632850241315e-01 0.000000000000000000e+00
0.000000000000000000e+00 0.000000000000000000e+00 0.000000000000000000e+00 3.364612556834671309e-01 0.000000000000000000e+00
0.000000000000000000e+00 0.000000000000000000e+00 0.000000000000000000e+00 3.513677811550152130e-01 0.000000000000000000e+00
1.015590200445434244e+00 0.000000000000000000e+00 1.032128916024422027e+00 6.563837197731117179e-01 2.131456329929612425e-01
9.945837512537613057e-01 0.000000000000000000e+00 9.992054032578466805e-01 6.648724082934609481e-01 2.235270700636942665e-01
0.000000000000000000e+00 0.000000000000000000e+00 0.000000000000000000e+00 3.458691145987562998e-01 0.000000000000000000e+00
5.237761537691461022e-01 0.000000000000000000e+00 4.254556319091724048e-01 2.488201626669344357e-01 2.063380985704288684e-01
0.000000000000000000e+00 0.000000000000000000e+00 0.000000000000000000e+00 3.244123333672535026e-01 0.000000000000000000e+00
4.705049074167763079e-01 0.000000000000000000e+00 0.000000000000000000e+00 0.000000000000000000e+00 0.000000000000000000e+00
0.000000000000000000e+00 0.000000000000000000e+00 0.000000000000000000e+00 3.381730187537810295e-01 0.000000000000000000e+00
0.000000000000000000e+00 0.000000000000000000e+00 0.000000000000000000e+00 3.375086300424104957e-01 0.000000000000000000e+00
4.772681754456238878e-01 0.000000000000000000e+00 0.000000000000000000e+00 2.428330522765598520e-01 0.000000000000000000e+00
0.000000000000000000e+00 0.000000000000000000e+00 0.000000000000000000e+00 3.419147224456958734e-01 0.000000000000000000e+00
0.000000000000000000e+00 0.000000000000000000e+00 0.000000000000000000e+00 3.354197714853452417e-01 0.000000000000000000e+00
0.000000000000000000e+00 0.000000000000000000e+00 0.000000000000000000e+00 3.362493715434892172e-01 0.000000000000000000e+00
5.098352471293060573e-01 0.000000000000000000e+00 4.280413198274997666e-01 2.501267877066639667e-01 2.203791469194312791e-01
4.602794411177644762e-01 0.000000000000000000e+00 0.000000000000000000e+00 2.551731099222771526e-01 0.000000000000000000e+00
0.000000000000000000e+00 4.460289166171519382e-01 0.000000000000000000e+00 0.000000000000000000e+00 2.630853994490358061e-01
5.267692307692307674e-01 0.000000000000000000e+00 4.252158201164424889e-01 2.538384845463609318e-01 2.192831903079252853e-01
0.000000000000000000e+00 0.000000000000000000e+00 0.000000000000000000e+00 3.416716299384554567e-01 0.000000000000000000e+00
0.000000000000000000e+00 0.000000000000000000e+00 0.000000000000000000e+00 3.418578793086020640e-01 0.000000000000000000e+00
0.000000000000000000e+00 0.000000000000000000e+00 0.000000000000000000e+00 3.354610625552391090e-01 0.000000000000000000e+00
0.000000000000000000e+00 0.000000000000000000e+00 0.000000000000000000e+00 3.231027336425540408e-01 0.000000000000000000e+00
1.018577706751897738e+00 0.000000000000000000e+00 1.000000000000000000e+00 6.512145748987854255e-01 2.200503778337531413e-01
0.000000000000000000e+00 0.000000000000000000e+00 0.000000000000000000e+00 3.362034441329595502e-01 0.000000000000000000e+00
0.000000000000000000e+00 0.000000000000000000e+00 0.000000000000000000e+00 3.296351824087955795e-01 0.000000000000000000e+00
0.000000000000000000e+00 1.009813739234928898e+00 0.000000000000000000e+00 0.000000000000000000e+00 5.764647956671590245e-01
0.000000000000000000e+00 4.609398383717450143e-01 0.000000000000000000e+00 0.000000000000000000e+00 2.519920318725099584e-01
0.000000000000000000e+00 0.000000000000000000e+00 0.000000000000000000e+00 3.281297210192365976e-01 0.000000000000000000e+00
4.612294094013660306e-01 0.000000000000000000e+00 0.000000000000000000e+00 0.000000000000000000e+00 0.000000000000000000e+00
0.000000000000000000e+00 0.000000000000000000e+00 0.000000000000000000e+00 3.365413235440024020e-01 0.000000000000000000e+00
5.465338565248012426e-01 0.000000000000000000e+00 4.252656668984010069e-01 2.432057131521523641e-01 2.208735449209033863e-01
1.005673335323977291e+00 0.000000000000000000e+00 9.971295654756012761e-01 6.577689243027888821e-01 4.334896716894521274e-01
0.000000000000000000e+00 0.000000000000000000e+00 0.000000000000000000e+00 3.224662661282379772e-01 0.000000000000000000e+00
0.000000000000000000e+00 0.000000000000000000e+00 0.000000000000000000e+00 3.360761376028551517e-01 0.000000000000000000e+00
0.000000000000000000e+00 0.000000000000000000e+00 0.000000000000000000e+00 3.354825710255893711e-01 0.000000000000000000e+00
0.000000000000000000e+00 0.000000000000000000e+00 0.000000000000000000e+00 3.345687669037363254e-01 0.000000000000000000e+00
0.000000000000000000e+00 0.000000000000000000e+00 0.000000000000000000e+00 3.372035327974595709e-01 0.000000000000000000e+00
9.979018883005295049e-01 0.000000000000000000e+00 1.001289810497073107e+00 6.530774584866262389e-01 2.192895415757094568e-01
0.000000000000000000e+00 0.000000000000000000e+00 0.000000000000000000e+00 3.214035087719298023e-01 0.000000000000000000e+00
0.000000000000000000e+00 0.000000000000000000e+00 0.000000000000000000e+00 3.344400845155447999e-01 0.000000000000000000e+00
5.374458219937506831e-01 0.000000000000000000e+00 0.000000000000000000e+00 0.000000000000000000e+00 0.000000000000000000e+00
0.000000000000000000e+00 0.000000000000000000e+00 0.000000000000000000e+00 3.336621941594317131e-01 0.000000000000000000e+00
1.013627254509018139e+00 0.000000000000000000e+00 1.008411776487081912e+00 6.700456158134819873e-01 4.340664858893241163e-01
5.363039586234334966e-01 0.000000000000000000e+00 4.378604096241797694e-01 2.405063291139240556e-01 2.150622652698161719e-01
0.000000000000000000e+00 0.000000000000000000e+00 0.000000000000000000e+00 3.315768139440616324e-01 0.000000000000000000e+00
5.339728217426059631e-01 0.000000000000000000e+00 4.314367580843225802e-01 2.591745400298359203e-01 2.178726769474100544e-01
4.817195660907995225e-01 0.000000000000000000e+00 0.000000000000000000e+00 0.000000000000000000e+00 0.000000000000000000e+00
0.000000000000000000e+00 0.000000000000000000e+00 0.000000000000000000e+00 3.400720576461169209e-01 0.000000000000000000e+00
5.278280088406670512e-01 0.000000000000000000e+00 4.217181854676836372e-01 2.465024630541871875e-01 2.184320766008378267e-01
0.000000000000000000e+00 0.000000000000000000e+00 0.000000000000000000e+00 3.356757307261432066e-01 0.000000000000000000e+00
0.000000000000000000e+00 0.000000000000000000e+00 0.000000000000000000e+00 3.574305275875956367e-01 0.000000000000000000e+00
9.976038338658147486e-01 0.000000000000000000e+00 9.986816752864821067e-01 6.638638228055783186e-01 4.403481822836661785e-01
9.883926814873106315e-01 0.000000000000000000e+00 9.953731643532488516e-01 6.556846892369884161e-01 4.152896675293649142e-01
9.996939712332959527e-01 0.000000000000000000e+00 1.003371677905593007e+00 6.638162473898776561e-01 2.131097868902131209e-01
4.612922584516903624e-01 0.000000000000000000e+00 0.000000000000000000e+00 0.000000000000000000e+00 0.000000000000000000e+00
0.000000000000000000e+00 0.000000000000000000e+00 0.000000000000000000e+00 3.284294234592445294e-01 0.000000000000000000e+00
0.000000000000000000e+00 0.000000000000000000e+00 0.000000000000000000e+00 3.441663302381913758e-01 0.000000000000000000e+00
1.001511335012594373e+00 0.000000000000000000e+00 9.969467152565744117e-01 6.681288007177749178e-01 4.314944834503510740e-01
0.000000000000000000e+00 4.490483743061062794e-01 0.000000000000000000e+00 0.000000000000000000e+00 2.497003595685177713e-01
0.000000000000000000e+00 0.000000000000000000e+00 0.000000000000000000e+00 0.000000000000000000e+00 0.000000000000000000e+00
4.780246913580246670e-01 0.000000000000000000e+00 0.000000000000000000e+00 2.478195488721804396e-01 0.000000000000000000e+00
0.000000000000000000e+00 0.000000000000000000e+00 0.000000000000000000e+00 3.538215924965076864e-01 0.000000000000000000e+00
1.001626016260162677e+00 0.000000000000000000e+00 9.911044477761119520e-01 6.575012543903663298e-01 4.491687657430730729e-01
0.000000000000000000e+00 0.000000000000000000e+00 0.000000000000000000e+00 3.343230403800475092e-01 0.000000000000000000e+00
5.323043435242901245e-01 0.000000000000000000e+00 4.362803663878932481e-01 2.587467879027475770e-01 2.081264565812138978e-01
0.000000000000000000e+00 0.000000000000000000e+00 0.000000000000000000e+00 3.360063360063360038e-01 0.000000000000000000e+00
1.010633946830265861e+00 0.000000000000000000e+00 1.012721626765501259e+00 6.772189941895411236e-01 4.362522237596362928e-01
5.303922547160395684e-01 0.000000000000000000e+00 4.223186119873816868e-01 2.465889851608405459e-01 2.164201330288891001e-01
0.000000000000000000e+00 4.381163211913866040e-01 0.000000000000000000e+00 0.000000000000000000e+00 2.473238862269344362e-01
0.000000000000000000e+00 0.000000000000000000e+00 0.000000000000000000e+00 3.459999999999999742e-01 0.000000000000000000e+00
0.000000000000000000e+00 0.000000000000000000e+00 0.000000000000000000e+00 3.406965174129353291e-01 0.000000000000000000e+00
0.000000000000000000e+00 0.000000000000000000e+00 0.000000000000000000e+00 3.300856214939474342e-01 0.000000000000000000e+00
0.000000000000000000e+00 0.000000000000000000e+00 0.000000000000000000e+00 3.401824195649995053e-01 0.000000000000000000e+00
9.842426629899546642e-01 0.000000000000000000e+00 9.970077797725912516e-01 6.626554352186121433e-01 4.248974281997398017e-01
0.000000000000000000e+00 0.000000000000000000e+00 0.000000000000000000e+00 3.294803497838978967e-01 0.000000000000000000e+00
9.994977398292315129e-01 0.000000000000000000e+00 1.006208692169036745e+00 6.646104865187543176e-01 2.103150712422235669e-01
5.362448898195233404e-01 0.000000000000000000e+00 4.320585038047237703e-01 2.531208768902872275e-01 2.250024823751365366e-01
9.987022062493761121e-01 0.000000000000000000e+00 9.972910604996488848e-01 6.705952856572113818e-01 2.191231062506270588e-01
0.000000000000000000e+00 0.000000000000000000e+00 0.000000000000000000e+00 3.422676241529281072e-01 0.000000000000000000e+00
9.827378562826174502e-01 0.000000000000000000e+00 1.005075151278547629e+00 6.701528559935640006e-01 2.215668927553327561e-01
