Chromosome	Position	Change	Gene	sample0	sample1	sample2	sample3	sample4
1	0	G>A	1	73	119	109	86	96
1	1	G>T	1	116	93	98	116	87
1	2	T>G	1	107	97	90	95	102
1	3	G>A	1	100	88	77	86	117
1	4	T>G	1	88	101	100	95	110
1	5	A>T	1	113	96	79	127	88
1	6	G>C	1	91	106	92	100	111
1	7	C>G	1	102	97	90	106	100
1	8	A>C	1	92	92	110	97	99
1	9	T>C	1	109	105	105	106	91
1	10	A>G	1	89	92	113	89	96
1	11	C>G	1	106	86	108	95	112
1	12	C>G	1	112	107	102	108	95
1	13	T>G	1	110	92	111	110	100
1	14	G>T	1	92	94	100	85	104
1	15	G>A	1	108	96	95	84	96
1	16	T>A	1	109	89	102	117	94
1	17	G>A	1	90	104	122	98	103
1	18	A>T	1	111	104	95	92	105
1	19	T>A	1	95	87	102	92	103
1	20	G>T	1	98	104	93	98	100
1	21	A>G	1	95	114	109	89	106
1	22	G>T	1	94	102	90	103	97
1	23	A>T	1	90	108	105	92	91
1	24	G>T	1	98	78	126	107	109
1	25	T>A	1	95	95	101	110	96
1	26	G>T	1	99	110	91	106	106
1	27	C>T	1	87	82	114	104	105
1	28	G>T	1	103	88	104	111	95
1	29	A>T	1	90	106	103	90	94
1	30	T>G	1	105	103	81	105	104
1	31	A>G	1	95	105	79	97	97
1	32	C>A	1	103	95	133	111	81
1	33	T>A	1	94	106	96	84	105
1	34	A>G	1	90	115	103	87	93
1	35	C>G	1	105	94	96	102	82
1	36	T>A	1	107	102	102	107	88
1	37	C>A	1	92	121	100	100	102
1	38	A>C	1	100	117	96	88	107
1	39	G>T	1	96	95	87	97	95
1	40	G>C	1	108	107	109	94	100
1	41	A>C	1	94	100	123	100	103
1	42	A>T	1	130	114	97	107	123
1	43	G>T	1	99	85	115	94	105
1	44	T>G	1	98	122	105	96	88
1	45	G>T	1	89	99	93	103	99
1	46	G>T	1	96	102	94	110	96
1	47	A>T	1	114	91	88	113	96
1	48	A>C	1	88	98	114	86	114
1	49	C>T	1	111	108	110	102	102
1	50	A>G	1	90	91	85	101	99
1	51	C>G	1	100	111	99	109	109
1	52	T>C	1	99	98	101	93	96
1	53	T>A	1	96	112	108	101	121
1	54	C>G	1	102	90	93	97	87
1	55	G>A	1	123	94	115	101	111
1	56	A>C	1	92	98	94	96	101
1	57	T>A	1	95	98	113	88	109
1	58	A>C	1	106	119	102	99	102
1	59	T>A	1	96	82	109	105	86
1	60	A>C	1	95	97	107	103	107
1	61	A>T	1	121	102	94	99	102
1	62	C>G	1	105	91	104	83	94
1	63	T>C	1	109	103	81	109	96
1	64	T>A	1	98	100	91	94	100
1	65	A>C	1	91	90	110	101	107
1	66	A>C	1	107	101	97	92	86
1	67	C>A	1	101	103	92	102	116
1	68	G>C	1	105	104	100	96	93
1	69	G>T	1	93	102	91	101	112
1	70	T>C	1	110	118	93	88	88
1	71	A>C	1	108	90	104	98	100
1	72	T>C	1	104	118	116	111	86
1	73	G>C	1	106	85	116	101	90
1	74	T>A	1	98	90	103	93	96
1	75	T>G	1	108	97	100	92	111
1	76	C>A	1	130	107	105	110	99
1	77	T>G	1	106	98	106	100	105
1	78	C>A	1	98	110	84	87	105
1	79	C>A	1	107	121	92	102	90
1	80	G>A	1	103	105	107	119	115
1	81	C>A	1	100	92	131	119	90
1	82	C>A	1	100	79	99	110	108
1	83	C>T	1	105	108	104	82	105
1	84	G>A	1	89	127	90	102	108
1	85	T>G	1	105	101	91	94	103
1	86	G>A	1	88	92	96	105	81
1	87	G>T	1	113	106	94	117	110
1	88	T>G	1	107	100	131	103	85
1	89	T>G	1	111	102	117	97	105
1	90	C>A	1	103	102	101	105	99
1	91	C>G	1	94	95	108	105	100
1	92	A>T	1	104	98	100	95	94
1	93	A>G	1	75	111	101	91	110
1	94	C>G	1	108	119	106	98	98
1	95	G>A	1	101	96	109	83	94
1	96	T>A	1	91	96	92	108	100
1	97	G>C	1	103	105	97	100	92
1	98	A>G	1	116	103	133	92	81
1	99	C>T	1	106	102	108	95	92
