#chr	normal	sample0	sample1	sample2	sample3	sample4
0	0	0.0909090909091	0.0	0.264705882353	0.0	0.145631067961
1	0	0.2	0.0	0.278350515464	0.0	0.219512195122
2	0	0.318681318681	0.339805825243	0.272727272727	0.363636363636	0.504672897196
3	0	0.37	0.2	0.223404255319	0.372881355932	0.489583333333
4	0	0.329896907216	0.333333333333	0.20618556701	0.363636363636	0.57
5	0	0.404494382022	0.490196078431	0.212121212121	0.48	0.566666666667
6	0	0.352941176471	0.514851485149	0.24358974359	0.452830188679	0.418604651163
7	0	0.326315789474	0.42	0.26	0.505376344086	0.460784313725
8	0	0.114583333333	0.0	0.209090909091	0.0	0.29203539823
9	0	0.0	0.0	0.224489795918	0.0	0.0
10	0	0.344444444444	0.333333333333	0.228260869565	0.351351351351	0.431578947368
11	0	0.46	0.479591836735	0.111111111111	0.5	0.436893203883
12	0	0.0	0.0	0.245614035088	0.0	0.0
13	0	0.384615384615	0.523364485981	0.217391304348	0.557692307692	0.52427184466
14	0	0.429906542056	0.488636363636	0.21875	0.54347826087	0.459770114943
15	0	0.294117647059	0.0	0.244680851064	0.0	0.229885057471
16	0	0.347826086957	0.485436893204	0.207920792079	0.537037037037	0.523255813953
17	0	0.447916666667	0.538461538462	0.217821782178	0.521276595745	0.466019417476
18	0	0.410526315789	0.378947368421	0.205607476636	0.40206185567	0.536363636364
19	0	0.0	0.0	0.282608695652	0.0	0.0
20	0	0.305263157895	0.44	0.198412698413	0.63	0.520833333333
21	0	0.404255319149	0.554347826087	0.231578947368	0.469387755102	0.458333333333
22	0	0.0	0.0	0.0	0.0	0.0
23	0	0.0	0.0	0.247191011236	0.0	0.0
24	0	0.405940594059	0.46	0.222222222222	0.5	0.49504950495
25	0	0.0789473684211	0.0	0.21568627451	0.0	0.25
26	0	0.46875	0.490566037736	0.198347107438	0.474358974359	0.495652173913
27	0	0.333333333333	0.425925925926	0.170212765957	0.53	0.526785714286
28	0	0.442477876106	0.383928571429	0.258426966292	0.5	0.62
29	0	0.333333333333	0.0821917808219	0.22	0.39603960396	0.523255813953
30	0	0.146788990826	0.0	0.0	0.0	0.0
31	0	0.09	0.0	0.0	0.0	0.0
32	0	0.364485981308	0.273504273504	0.222222222222	0.340659340659	0.609756097561
33	0	0.0	0.0	0.238636363636	0.0	0.0
34	0	0.314049586777	0.236363636364	0.212962962963	0.336538461538	0.495327102804
35	0	0.380434782609	0.417391304348	0.122807017544	0.462365591398	0.473684210526
36	0	0.0	0.0	0.0	0.0	0.0
37	0	0.0	0.0	0.264150943396	0.0	0.0
38	0	0.421568627451	0.481481481481	0.255319148936	0.46	0.464646464646
39	0	0.377777777778	0.203883495146	0.19	0.389380530973	0.485714285714
40	0	0.352272727273	0.494736842105	0.284403669725	0.521276595745	0.504672897196
41	0	0.0	0.0	0.17	0.0	0.0
42	0	0.0	0.0	0.227272727273	0.0	0.0
43	0	0.348314606742	0.52688172043	0.209302325581	0.575221238938	0.54347826087
44	0	0.47	0.551401869159	0.172043010753	0.43	0.570093457944
45	0	0.333333333333	0.438775510204	0.242424242424	0.476635514019	0.523364485981
46	0	0.480519480519	0.490566037736	0.156626506024	0.5	0.606382978723
47	0	0.367521367521	0.481132075472	0.2	0.547368421053	0.488
48	0	0.0	0.0	0.266666666667	0.0	0.0
49	0	0.306930693069	0.535714285714	0.21686746988	0.533333333333	0.553398058252
50	0	0.309278350515	0.461538461538	0.300970873786	0.423076923077	0.386138613861
51	0	0.227272727273	0.169230769231	0.197183098592	0.128712871287	0.522522522523
52	0	0.267326732673	0.168224299065	0.264150943396	0.198113207547	0.56
53	0	0.367346938776	0.495495495495	0.193548387097	0.59595959596	0.494382022472
54	0	0.415730337079	0.528301886792	0.223140495868	0.572727272727	0.47619047619
55	0	0.336842105263	0.481132075472	0.247619047619	0.474226804124	0.434782608696
56	0	0.265957446809	0.0	0.190909090909	0.0	0.287037037037
57	0	0.0	0.0	0.0	0.0	0.0
58	0	0.274509803922	0.553191489362	0.223404255319	0.539215686275	0.490566037736
59	0	0.45	0.438596491228	0.261682242991	0.489795918367	0.546391752577
60	0	0.316831683168	0.604166666667	0.244680851064	0.566666666667	0.489583333333
61	0	0.370967741935	0.52380952381	0.156862745098	0.478260869565	0.565217391304
62	0	0.371134020619	0.577586206897	0.240384615385	0.61	0.5
63	0	0.509803921569	0.541176470588	0.181818181818	0.542056074766	0.423913043478
64	0	0.0	0.0	0.0	0.0	0.0
65	0	0.360465116279	0.25	0.201754385965	0.394230769231	0.362637362637
66	0	0.303921568627	0.535353535354	0.245283018868	0.391304347826	0.518518518519
67	0	0.452631578947	0.543689320388	0.263157894737	0.508928571429	0.547368421053
68	0	0.349397590361	0.469387755102	0.258064516129	0.485981308411	0.533333333333
69	0	0.342592592593	0.202247191011	0.252525252525	0.394495412844	0.494505494505
70	0	0.0740740740741	0.0	0.0	0.0	0.0
71	0	0.0	0.0	0.30612244898	0.0	0.0
72	0	0.425742574257	0.38202247191	0.245283018868	0.345238095238	0.463636363636
73	0	0.308411214953	0.168316831683	0.24347826087	0.348314606742	0.52380952381
74	0	0.0	0.0	0.278350515464	0.0	0.0
75	0	0.40404040404	0.47572815534	0.194174757282	0.47	0.544554455446
76	0	0.197674418605	0.0	0.258064516129	0.0	0.261682242991
77	0	0.340909090909	0.536842105263	0.276595744681	0.53	0.5
78	0	0.0	0.0	0.0	0.0	0.0
79	0	0.0	0.0	0.245098039216	0.0	0.0
80	0	0.452380952381	0.474747474747	0.1875	0.489130434783	0.477064220183
81	0	0.205882352941	0.140186915888	0.232323232323	0.223214285714	0.524752475248
82	0	0.214285714286	0.0	0.224489795918	0.0	0.207920792079
83	0	0.32183908046	0.183486238532	0.256880733945	0.363636363636	0.43956043956
84	0	0.0	0.0	0.305555555556	0.0	0.0
85	0	0.429906542056	0.489130434783	0.266666666667	0.445378151261	0.510638297872
86	0	0.337078651685	0.504761904762	0.265957446809	0.466666666667	0.413793103448
87	0	0.41935483871	0.485981308411	0.194915254237	0.510416666667	0.466019417476
88	0	0.0	0.0	0.0	0.0	0.0
89	0	0.39	0.278350515464	0.252100840336	0.373493975904	0.553398058252
90	0	0.13	0.0	0.283333333333	0.127659574468	0.0
91	0	0.0	0.0	0.25	0.0	0.0
92	0	0.0721649484536	0.0	0.0	0.0	0.0
93	0	0.247619047619	0.0	0.232	0.0	0.224489795918
94	0	0.327586206897	0.303921568627	0.22	0.378378378378	0.471698113208
95	0	0.0	0.0	0.244897959184	0.0	0.0
96	0	0.344827586207	0.475247524752	0.252427184466	0.505376344086	0.462365591398
97	0	0.423076923077	0.548387096774	0.258426966292	0.553191489362	0.510638297872
98	0	0.329411764706	0.27027027027	0.26	0.37962962963	0.395833333333
99	0	0.323232323232	0.16	0.27358490566	0.34693877551	0.533333333333
