#chr	position	description	normal	sample0	sample1	sample2	sample3	sample4
1	1	1	0	0.14217236104	0.0	0.0	0.0	0.12436013249
2	1	1	0	0.143894914917	0.0	0.0	0.0	0.115450427781
3	1	1	0	0.147302283834	0.0	0.0	0.0	0.116696588869
4	1	1	0	0.14203416766	0.0	0.0	0.0	0.122604595164
5	1	1	0	0.171125137762	0.232305993374	0.239033757833	0.386774735594	0.128432152805
6	1	1	0	0.0	0.256694837593	0.127608104022	0.0	0.0
7	1	1	0	0.172361960116	0.243402638944	0.235982008996	0.375124775404	0.129333063045
8	1	1	0	0.0	0.256847230676	0.125866398795	0.0	0.0
9	1	1	0	0.0	0.253697042366	0.130295121462	0.0	0.0
10	1	1	0	0.0	0.0	0.0	0.119452551072	0.12701733413
11	1	1	0	0.0	0.0	0.0	0.0	0.127348230176
12	1	1	0	0.0	0.0	0.0	0.119299275788	0.121856287425
13	1	1	0	0.148542433589	0.0	0.0	0.0	0.118684843625
14	1	1	0	0.0	0.259795057263	0.128987517337	0.0	0.0
15	1	1	0	0.172100907369	0.243968910871	0.247059986165	0.376432240221	0.130252520212
16	1	1	0	0.141426282051	0.0	0.0	0.0	0.112064613831
17	1	1	0	0.174021565495	0.23631815908	0.243358345163	0.388535664614	0.134367183592
18	1	1	0	0.0	0.2538777144	0.128548256285	0.0	0.0
19	1	1	0	0.174512507386	0.24287109375	0.235370741483	0.381203906717	0.129845540608
20	1	1	0	0.0	0.259845675919	0.129836457918	0.0	0.0
21	1	1	0	0.0	0.0	0.0	0.120367565384	0.12641061176
22	1	1	0	0.1740146282	0.241475019826	0.245532629085	0.385050064439	0.129642606868
23	1	1	0	0.146058423369	0.0	0.0	0.0	0.118715083799
24	1	1	0	0.142068273092	0.0	0.0	0.0	0.115870786517
25	1	1	0	0.144708643739	0.0	0.0	0.0	0.118399838775
26	1	1	0	0.145697421559	0.0	0.0	0.0	0.116774700452
27	1	1	0	0.0	0.0	0.0	0.0	0.0
28	1	1	0	0.0	0.26641078634	0.131851553857	0.0	0.0
29	1	1	0	0.0	0.253675009932	0.134028892456	0.0	0.0
30	1	1	0	0.174863938722	0.0	0.1241	0.132592298531	0.0
31	1	1	0	0.0	0.0	0.0	0.0	0.0
32	1	1	0	0.177182281772	0.237209302326	0.242140604334	0.381019121033	0.138649706458
33	1	1	0	0.169462752147	0.236818227644	0.236206896552	0.375262473753	0.132130035899
34	1	1	0	0.172118772018	0.23992548289	0.239916134185	0.379213764129	0.131453059597
35	1	1	0	0.0	0.0	0.112592592593	0.123770736068	0.124912839924
36	1	1	0	0.140850722311	0.0	0.0	0.0	0.112212212212
37	1	1	0	0.0	0.268924889543	0.127522115098	0.0	0.0
38	1	1	0	0.0	0.258394306906	0.131927710843	0.0	0.0
39	1	1	0	0.0	0.26030695155	0.124144672532	0.0	0.0
40	1	1	0	0.146549989942	0.0	0.0	0.0	0.124664479571
41	1	1	0	0.142543421841	0.0	0.0	0.0	0.113173831033
42	1	1	0	0.0	0.25639457862	0.13261257687	0.0	0.0
43	1	1	0	0.169706028899	0.0	0.120898787035	0.132333962077	0.0
44	1	1	0	0.144012127337	0.0	0.0	0.0	0.11855771115
45	1	1	0	0.0	0.0	0.0	0.123774631152	0.134555076441
46	1	1	0	0.0	0.0	0.0	0.118886005191	0.130254648343
47	1	1	0	0.0	0.265378900446	0.132208867791	0.0	0.0
48	1	1	0	0.167950537198	0.239516773163	0.241379310345	0.382785509821	0.135492202245
49	1	1	0	0.0	0.0	0.0	0.121221312304	0.130374203822
50	1	1	0	0.139906196986	0.0	0.0	0.0	0.119260463226
51	1	1	0	0.176394807254	0.241438703141	0.238868832732	0.387138584247	0.12955465587
52	1	1	0	0.172420714572	0.241070530234	0.243232601634	0.389798551156	0.135376376079
53	1	1	0	0.0	0.264895330113	0.13883972468	0.0	0.0
54	1	1	0	0.18059138718	0.233571500453	0.237154150198	0.384253230492	0.131274900398
55	1	1	0	0.0	0.0	0.0	0.116646658663	0.125983457737
56	1	1	0	0.170023696682	0.240438247012	0.233260697306	0.380281690141	0.13069664726
57	1	1	0	0.0	0.0	0.0	0.123304190534	0.132696177062
58	1	1	0	0.167673716012	0.0	0.118528199457	0.130734396535	0.0
59	1	1	0	0.137508782495	0.0	0.0	0.0	0.113239719157
60	1	1	0	0.168689198676	0.0	0.119731704875	0.135645741703	0.0
61	1	1	0	0.0	0.266491564805	0.133392928089	0.0	0.0
62	1	1	0	0.171548535439	0.0	0.118681318681	0.132862963331	0.0
63	1	1	0	0.0	0.260900140647	0.132857426135	0.0	0.0
64	1	1	0	0.14411882778	0.0	0.0	0.0	0.117582197273
65	1	1	0	0.0	0.256454215409	0.125074925075	0.0	0.0
66	1	1	0	0.0	0.0	0.0	0.118474492323	0.12328632015
67	1	1	0	0.0	0.0	0.0	0.119987787503	0.129923633441
68	1	1	0	0.0	0.0	0.0	0.0	0.126720408966
69	1	1	0	0.175899028348	0.235720671501	0.241670860594	0.378725083876	0.135953160663
70	1	1	0	0.0	0.259373446047	0.126675270525	0.0	0.0
71	1	1	0	0.173618715779	0.231873727088	0.237210688388	0.385534846029	0.131062531774
72	1	1	0	0.0	0.256663671758	0.128294728435	0.0	0.0
73	1	1	0	0.0	0.258476707918	0.133366484336	0.0	0.0
74	1	1	0	0.0	0.0	0.0	0.119906986149	0.125978647687
75	1	1	0	0.0	0.259604774802	0.124887511249	0.0	0.0
76	1	1	0	0.0	0.0	0.0	0.122897800776	0.121746933892
77	1	1	0	0.143185681432	0.0	0.0	0.0	0.119301745636
78	1	1	0	0.0	0.258996401439	0.13111289998	0.0	0.0
79	1	1	0	0.166343702193	0.0	0.122812251392	0.128457711443	0.0
80	1	1	0	0.141048466864	0.0	0.0	0.0	0.120771513353
81	1	1	0	0.140475706444	0.0	0.0	0.0	0.116824714048
82	1	1	0	0.144558688792	0.0	0.0	0.0	0.113808197374
83	1	1	0	0.0	0.261378413524	0.134226845369	0.0	0.0
84	1	1	0	0.176042823957	0.238217314139	0.241265060241	0.378354292504	0.132033762058
85	1	1	0	0.173834405145	0.245336291217	0.242162379421	0.384912384912	0.12383650344
86	1	1	0	0.14207925784	0.0	0.0	0.0	0.110978043912
87	1	1	0	0.140580592773	0.0	0.0	0.0	0.120436130839
88	1	1	0	0.143337287465	0.0	0.0	0.0	0.119261426698
89	1	1	0	0.173031876973	0.243078795254	0.24260766025	0.391036906854	0.129788101059
90	1	1	0	0.143795402528	0.0	0.0	0.0	0.119162156745
91	1	1	0	0.0	0.0	0.0	0.0	0.0
92	1	1	0	0.0	0.264373613072	0.130521091811	0.0	0.0
93	1	1	0	0.0	0.0	0.0	0.0	0.131389816783
94	1	1	0	0.144650929181	0.0	0.0	0.0	0.116983791402
95	1	1	0	0.0	0.0	0.0	0.0	0.121121121121
96	1	1	0	0.0	0.0	0.0	0.0	0.122600743644
97	1	1	0	0.0	0.258617234469	0.132734430201	0.0	0.0
98	1	1	0	0.0	0.0	0.0	0.0	0.125362101688
99	1	1	0	0.186067642605	0.0	0.132799367151	0.0	0.0
100	1	1	0	0.0	0.0	0.0	0.0	0.129561499453
