gene_id	sample0	sample0	sample1	sample1	sample2	sample2	sample3	sample3	sample4	sample4	sample5	sample5	sample6	sample6	sample7	sample7	sample8	sample8	sample9	sample9
0	9929	0	10097	0	10036	0	10099	0	9974	0	10017	0	8933	1173	8358	1573	9947	0	9967	0
1	9991	0	9893	0	10002	0	9964	0	8083	1765	10084	0	9976	0	10138	0	9919	0	8865	1164
2	7203	2990	8179	1848	10004	0	9941	0	10022	0	9970	0	8683	1411	10081	0	10047	0	10013	0
3	10179	0	10193	0	10053	0	7497	2680	9860	0	8530	1480	9856	0	8582	1375	9967	0	8926	1028
4	10139	0	9774	0	9958	0	7441	2493	9955	0	6279	3617	7320	2676	5055	4856	10041	0	7211	2771
5	9976	0	10030	0	9917	0	7465	2607	9850	0	8514	1357	9994	0	8718	1393	9904	0	8879	1087
6	5147	5023	5148	4995	4922	4861	5000	5109	4933	4782	5045	5079	5148	5054	5011	4971	5003	4998	4950	4953
7	10034	0	10025	0	10024	0	10020	0	8224	1744	10121	0	9973	0	9949	0	9940	0	9001	1125
8	10120	0	10082	0	9978	0	10012	0	9945	0	9953	0	9002	1216	8238	1642	9847	0	9866	0
9	6991	2926	8080	1800	10049	0	10017	0	10074	0	9917	0	8738	1377	9950	0	10045	0	9985	0
10	7059	3014	8048	1817	9956	0	9846	0	9936	0	10094	0	8726	1369	10098	0	9889	0	9919	0
11	10061	0	10021	0	10052	0	7393	2602	9942	0	8592	1468	8462	1429	8662	1313	10136	0	8975	1127
12	7034	2947	8220	1828	9856	0	10106	0	10136	0	10041	0	8585	1394	9955	0	10073	0	10050	0
13	9967	0	10025	0	10084	0	10018	0	8368	1683	10044	0	9862	0	9926	0	9986	0	8863	1134
14	7858	2150	9972	0	7420	2566	10155	0	8423	1672	10115	0	9124	944	9987	0	8078	1913	8768	1058
15	7038	3006	8222	1819	10075	0	9982	0	10104	0	10123	0	8782	1365	9963	0	9979	0	10113	0
16	10116	0	10071	0	9857	0	7487	2544	10026	0	8560	1484	8565	1436	8617	1375	10145	0	8776	1071
17	4932	4973	8315	1852	7441	2482	10033	0	8188	1679	8716	1400	7687	2303	9873	0	8115	2055	8903	1038
18	7126	2928	8176	1805	9929	0	10022	0	10008	0	10098	0	8541	1408	10169	0	10043	0	10308	0
19	9849	0	8149	1931	10039	0	10021	0	10002	0	9904	0	10069	0	9964	0	6871	3090	9915	0
20	6968	2985	8030	1807	9998	0	10055	0	9918	0	9916	0	8517	1373	10169	0	10035	0	10135	0
21	6974	3004	8223	1723	10014	0	9890	0	10108	0	10087	0	8586	1385	10010	0	10109	0	9880	0
22	4931	4999	8144	1849	7402	2544	10038	0	8318	1632	8627	1353	7675	2380	9963	0	8041	2028	8992	1061
23	9980	0	10162	0	9910	0	7523	2529	9788	0	8489	1463	9988	0	8777	1307	9928	0	8965	1115
24	10236	0	9962	0	9978	0	7544	2552	10021	0	8647	1452	10075	0	8542	1370	9921	0	8868	1089
25	7012	2949	8178	1814	9944	0	9926	0	10024	0	10052	0	8743	1380	9905	0	10131	0	10012	0
26	9854	0	10082	0	10069	0	7486	2657	9996	0	8701	1415	10038	0	8847	1325	9917	0	8753	1079
27	5070	4917	8135	1839	7467	2553	10186	0	8490	1730	8748	1356	7686	2288	9692	0	8001	1965	8846	1095
28	10010	0	7955	1966	9995	0	9952	0	9965	0	10188	0	10011	0	10116	0	6944	3045	9969	0
29	7025	2967	8123	1834	10050	0	10075	0	10172	0	10112	0	8579	1396	9884	0	9836	0	10119	0
30	10312	0	10044	0	9932	0	7561	2522	9967	0	8551	1426	8511	1493	8889	1378	10123	0	8911	1092
31	9958	0	10060	0	10008	0	7316	2530	9967	0	8529	1423	8547	1475	8698	1298	10102	0	8862	1103
32	7154	2956	8312	1766	9953	0	9978	0	10036	0	9997	0	8763	1349	9995	0	10027	0	9748	0
33	9998	0	10020	0	9913	0	9906	0	8228	1703	9917	0	10045	0	10154	0	9993	0	9023	1128
34	9994	0	10026	0	10052	0	7294	2504	9959	0	8662	1429	10174	0	8639	1384	10068	0	8996	1089
35	6973	2921	8195	1741	10077	0	9930	0	10042	0	9944	0	8542	1362	9896	0	10092	0	10154	0
36	10012	0	8079	1951	9908	0	10007	0	9926	0	9895	0	9996	0	10045	0	6925	3084	9943	0
37	9879	0	10014	0	10069	0	7353	2624	10048	0	6476	3678	7295	2559	4923	4949	9872	0	7187	2834
38	7032	2919	8219	1842	9874	0	10074	0	10117	0	10011	0	8603	1335	10150	0	9877	0	9858	0
39	6878	2908	8303	1879	10033	0	9888	0	9930	0	9768	0	8712	1359	9923	0	9918	0	10005	0
40	7763	1996	9959	0	7595	2491	9874	0	8249	1665	10003	0	8876	930	10010	0	8060	2002	8960	1051
41	7156	2977	8158	1798	9884	0	9835	0	9906	0	10043	0	8539	1354	9974	0	9972	0	9997	0
42	10000	0	8040	1942	9901	0	9993	0	10006	0	10099	0	10128	0	10189	0	6961	3010	9890	0
43	7111	2976	8181	1826	10003	0	9829	0	10171	0	9916	0	8655	1404	9925	0	9965	0	9991	0
44	9981	0	9865	0	9954	0	7462	2552	9959	0	6367	3788	7447	2715	5064	5007	9730	0	7094	2848
45	10269	0	10063	0	9944	0	10102	0	9933	0	9927	0	8740	1158	8589	1617	10084	0	9763	0
46	6975	2968	8136	1824	10023	0	9984	0	10112	0	9996	0	8672	1388	10201	0	9920	0	9972	0
47	10086	0	9973	0	9974	0	9995	0	10034	0	10016	0	8755	1227	8227	1553	9983	0	9830	0
48	10130	0	10088	0	9944	0	9978	0	8205	1743	10117	0	10136	0	10044	0	10013	0	8872	1124
49	7977	2004	9798	0	7702	2480	10013	0	8313	1643	10084	0	9066	934	10011	0	8122	1945	9038	1067
50	9845	0	9836	0	10011	0	10051	0	10101	0	10017	0	8834	1137	8494	1643	10031	0	9880	0
51	9976	0	10062	0	9918	0	9951	0	8232	1732	9926	0	10046	0	9917	0	10079	0	8807	1140
52	10027	0	10076	0	10016	0	10112	0	9889	0	10006	0	8714	1182	8311	1573	10065	0	9916	0
53	10088	0	9918	0	10001	0	9861	0	10075	0	9807	0	8845	1094	8283	1639	10133	0	10013	0
54	9882	0	10004	0	10083	0	7535	2541	10056	0	6336	3609	7189	2638	5011	4960	10007	0	7104	2835
55	7970	1989	10113	0	7439	2473	9906	0	8231	1658	10046	0	8986	904	9827	0	8125	1958	8954	1033
56	10157	0	7913	1978	10081	0	9982	0	9946	0	9962	0	10035	0	9940	0	6944	3110	9848	0
57	10004	0	9928	0	9910	0	9899	0	9886	0	10018	0	8715	1182	8444	1617	10095	0	9942	0
58	7053	3004	8237	1838	10073	0	10040	0	9960	0	10053	0	8492	1383	10045	0	9954	0	10077	0
59	9906	0	10110	0	9953	0	10145	0	10176	0	9966	0	8808	1199	8395	1666	10232	0	9794	0
60	9976	0	10002	0	9897	0	7455	2533	10021	0	8482	1386	8597	1477	8629	1342	9843	0	9104	1095
61	5000	4988	5040	5129	5004	4868	4943	4932	5104	5119	5121	4991	5099	4953	4877	5061	4997	5044	4961	4974
62	6925	2956	8339	1835	9939	0	10128	0	9960	0	10015	0	8890	1379	9947	0	10074	0	10009	0
63	6980	2918	8143	1858	9826	0	10046	0	9969	0	9976	0	8554	1419	10024	0	9910	0	10051	0
64	9986	0	9973	0	10138	0	10019	0	9891	0	10064	0	8799	1237	8394	1716	9860	0	10042	0
65	9898	0	10042	0	10095	0	9887	0	8332	1747	10000	0	10026	0	9945	0	9913	0	8882	1136
66	9854	0	10067	0	10057	0	9996	0	9730	0	9825	0	8833	1096	8377	1577	9983	0	9944	0
67	10108	0	9984	0	10076	0	7371	2594	9930	0	8433	1423	8494	1424	8601	1324	10144	0	8933	1078
68	7036	2856	8200	1814	9913	0	9999	0	9997	0	10026	0	8525	1408	10057	0	9956	0	9906	0
69	9733	0	9959	0	9909	0	7531	2546	9948	0	8536	1474	8404	1504	8606	1332	9922	0	8934	1006
70	7080	2966	8160	1759	10086	0	9965	0	10199	0	10004	0	8644	1384	9988	0	10037	0	9993	0
71	4970	4998	8150	1872	7366	2670	10014	0	8180	1723	8462	1358	7577	2342	10053	0	8033	1965	8933	1070
72	4971	5062	8199	1785	7566	2556	9978	0	8371	1618	8677	1314	7615	2375	10067	0	7871	2028	8857	1079
73	9927	0	10010	0	10116	0	7332	2603	9925	0	8553	1458	8631	1580	8559	1360	10126	0	8792	1079
74	10025	0	10039	0	9976	0	7560	2558	9833	0	6342	3639	7338	2601	5060	5062	9840	0	7154	2743
75	4909	5041	8186	1722	7506	2465	10033	0	8362	1655	8822	1393	7518	2274	9966	0	8078	1945	8970	1093
76	6998	2995	8283	1769	10052	0	10147	0	9892	0	9983	0	8542	1398	9961	0	9901	0	10013	0
77	4989	5123	8266	1725	7444	2551	9801	0	8361	1583	8712	1389	7674	2276	10170	0	8118	1996	8975	1087
78	6969	2868	8147	1791	10069	0	10105	0	9917	0	9922	0	8602	1385	10035	0	9891	0	9913	0
79	9990	0	10085	0	9965	0	7492	2655	9960	0	8543	1433	9864	0	8652	1363	10132	0	9199	1065
80	10198	0	7979	2003	9992	0	9972	0	9909	0	10127	0	10126	0	10026	0	6911	2987	9813	0
81	10165	0	9973	0	9894	0	7379	2597	9978	0	8615	1432	10117	0	8548	1341	9944	0	9021	1120
82	10001	0	9991	0	9892	0	7524	2570	10105	0	8631	1410	8535	1482	8731	1324	9854	0	8926	1060
83	7962	2043	9899	0	7391	2536	10083	0	8285	1668	9917	0	9008	946	10086	0	8189	1990	8853	1082
84	10110	0	9889	0	9896	0	7587	2507	10006	0	8583	1407	8430	1537	8748	1342	9832	0	9011	1124
85	5040	4884	8191	1919	7643	2562	9885	0	8340	1662	8689	1325	7557	2276	10195	0	8017	1960	8846	1057
86	9914	0	8100	1917	10059	0	10017	0	10060	0	10087	0	10040	0	9970	0	6873	3031	9882	0
87	10119	0	9822	0	9999	0	7346	2503	9890	0	8536	1448	8758	1537	8686	1292	9909	0	8790	1079
88	10131	0	10020	0	9962	0	7549	2474	9863	0	6282	3617	7489	2646	4882	4973	10018	0	7111	2793
89	9988	0	10057	0	10081	0	10060	0	9988	0	9994	0	8740	1143	8488	1689	10001	0	10262	0
90	10149	0	8033	1973	10325	0	9845	0	10008	0	9945	0	10289	0	10045	0	7048	2904	10085	0
91	10073	0	9946	0	10060	0	10084	0	8227	1736	9996	0	9954	0	9863	0	9900	0	8870	1155
92	10044	0	9950	0	10014	0	10051	0	9987	0	10066	0	8795	1204	8326	1638	9914	0	9986	0
93	5063	5022	8175	1766	7275	2583	10056	0	8281	1700	8792	1317	7600	2390	9891	0	8059	1914	8989	1090
94	5019	4926	5030	4832	5026	4926	4991	4887	5051	5000	5005	5092	5007	4928	4946	5039	4915	5035	5082	5071
95	7030	2946	8233	1841	10141	0	9917	0	9877	0	10108	0	8773	1385	10156	0	9936	0	10099	0
96	9697	0	9949	0	9956	0	7290	2484	10069	0	8634	1457	8527	1514	8849	1377	10322	0	8886	1099
97	7246	2913	8116	1856	10096	0	9972	0	10089	0	10002	0	8658	1481	9969	0	9929	0	9932	0
98	9939	0	9895	0	10017	0	10108	0	8315	1739	10019	0	9925	0	10059	0	9823	0	8910	1156
99	7035	2925	8028	1881	9945	0	10041	0	9944	0	9940	0	8774	1415	9921	0	9995	0	9899	0
