Chromosome	Position	Change	Gene	sample0	sample1	sample2	sample3	sample4	sample5	sample6	sample7	sample8	sample9
1	0	C>A	1	952	1021	996	1019	975	946	987	1039	1057	985
1	1	T>A	1	973	1056	1058	934	1014	995	993	962	1021	975
1	2	C>G	1	968	960	1015	993	1052	1037	1032	953	1026	1075
1	3	G>A	1	999	991	971	1008	986	1008	1012	989	1010	1003
1	4	T>C	1	1023	960	1010	1002	1016	991	976	1078	1018	1005
1	5	T>G	1	984	1005	962	944	1015	990	1087	981	1022	995
1	6	A>T	1	1019	1044	1021	969	1001	998	962	989	1001	1004
1	7	G>C	1	1014	1023	1056	977	1002	1030	995	1052	967	1042
1	8	G>A	1	1036	1041	973	1018	986	973	1030	992	990	1024
1	9	T>G	1	1060	1029	959	1015	943	1028	1061	981	953	1019
1	10	G>T	1	964	943	1003	950	963	1051	982	1024	958	987
1	11	G>T	1	1016	1048	989	976	1098	1011	971	941	983	999
1	12	G>A	1	1021	975	1030	1005	967	988	1019	1001	1003	1020
1	13	G>T	1	981	996	1021	976	1013	1008	1009	1024	1035	1025
1	14	T>C	1	979	962	972	980	988	995	939	1045	1059	960
1	15	G>C	1	1036	924	981	1006	979	1040	1012	1016	1006	975
1	16	G>T	1	945	1042	1073	1047	963	1041	982	995	936	1030
1	17	G>T	1	1049	1047	994	976	1044	1025	993	993	977	1012
1	18	C>T	1	990	966	1035	991	1019	1027	1039	1003	970	1000
1	19	T>C	1	983	998	1037	994	946	991	999	1013	975	937
1	20	T>G	1	978	1046	976	1063	980	964	1007	997	995	1075
1	21	G>C	1	982	1003	971	1025	1018	1011	1032	988	946	937
1	22	G>T	1	1002	1018	996	1038	1096	990	993	997	981	954
1	23	C>G	1	1014	1012	976	1023	1031	1005	1026	990	1015	1003
1	24	C>T	1	996	977	999	963	1075	1020	961	1051	1000	983
1	25	A>C	1	1013	988	978	1002	952	978	1031	988	1041	1013
1	26	G>C	1	990	1010	953	970	992	994	995	1025	976	979
1	27	A>T	1	1024	982	1000	964	1018	961	992	1048	998	1043
1	28	C>A	1	1039	971	1038	986	951	994	963	1049	1015	1053
1	29	G>C	1	977	896	1055	984	976	1015	977	990	990	1109
1	30	A>C	1	988	1040	998	1045	1065	972	997	1047	1025	1033
1	31	A>G	1	1033	1042	981	964	1021	979	932	980	994	970
1	32	T>A	1	1031	930	975	1011	977	997	967	1003	984	938
1	33	A>T	1	1019	995	1018	1020	1000	965	980	1017	964	1013
1	34	C>A	1	1005	976	953	928	992	972	973	976	918	1026
1	35	C>A	1	1022	1001	942	1026	941	992	1037	997	1007	1032
1	36	G>A	1	984	990	996	979	1025	1017	1062	997	967	987
1	37	C>T	1	964	990	1008	1041	974	1046	992	966	1018	997
1	38	A>G	1	1026	1001	963	1031	1004	969	984	993	1021	985
1	39	T>A	1	965	1036	991	998	1028	986	977	974	1027	996
1	40	C>G	1	1042	1096	1002	972	1015	1045	958	989	1013	1049
1	41	T>G	1	1068	976	932	1005	1046	1083	951	1065	1006	970
1	42	C>G	1	1004	947	1006	1019	1037	996	977	1012	957	1006
1	43	G>T	1	987	1045	1015	1001	1036	960	1017	1000	965	1040
1	44	T>C	1	970	973	1022	1032	1009	987	966	1006	992	977
1	45	A>G	1	980	990	1001	997	1016	981	1074	1028	1056	995
1	46	T>G	1	993	982	905	964	997	1029	1038	985	1020	993
1	47	T>G	1	982	1023	994	997	1009	1074	1042	1067	1014	963
1	48	G>A	1	961	976	993	983	990	950	1025	963	1030	1042
1	49	A>T	1	996	1026	983	1016	1024	963	1005	983	984	1048
1	50	G>T	1	1051	1007	1058	980	974	1042	1047	984	982	982
1	51	A>C	1	1008	1084	1008	983	1015	999	1019	1003	993	1029
1	52	G>T	1	970	993	1036	983	1009	1000	1060	975	1004	982
1	53	A>T	1	1023	1008	1041	1019	1106	1021	1003	1065	1086	1003
1	54	A>C	1	956	990	1063	1011	1001	961	954	988	1034	1011
1	55	T>A	1	1010	1033	985	1007	1067	1122	1004	946	1007	981
1	56	T>C	1	974	976	992	1041	1046	975	1004	967	1061	995
1	57	C>A	1	1005	1045	1010	1054	1002	1057	1003	989	973	999
1	58	A>G	1	990	949	948	998	1002	1024	1018	1006	987	1033
1	59	C>T	1	1009	1047	993	976	1000	1041	1018	978	1000	980
1	60	A>T	1	952	1035	930	987	1041	968	1018	954	945	1013
1	61	T>A	1	1002	997	1018	983	1008	990	959	995	1010	1001
1	62	C>T	1	1014	1020	1014	957	1004	1025	964	1030	1018	998
1	63	G>C	1	955	979	1007	1039	1029	1006	1044	981	1000	998
1	64	A>C	1	956	995	959	1017	986	1029	1037	968	987	1004
1	65	T>G	1	1019	946	994	955	967	1041	1003	1000	982	978
1	66	A>G	1	1020	966	988	991	964	1056	935	926	975	987
1	67	C>T	1	988	1021	1015	951	999	991	989	978	983	976
1	68	T>A	1	949	1056	993	961	986	1022	993	1016	1027	985
1	69	T>G	1	1021	1019	1044	1019	936	1019	1006	945	1010	1019
1	70	A>G	1	1030	1011	947	1006	965	1029	977	1007	984	988
1	71	A>C	1	999	1052	1005	983	909	1000	1006	1019	995	939
1	72	G>T	1	990	1001	957	976	979	996	1010	1001	976	980
1	73	G>A	1	1029	1017	961	924	988	999	1067	1001	1025	1011
1	74	G>C	1	988	1005	1043	982	962	1004	996	1002	1062	950
1	75	A>C	1	1021	1018	1005	955	1042	1001	1002	981	1002	1004
1	76	C>T	1	1036	990	984	1011	1053	969	1042	1031	1009	1064
1	77	G>C	1	989	998	989	945	1025	983	953	933	976	995
1	78	G>A	1	1039	969	980	998	1018	1035	1026	969	950	954
1	79	C>A	1	1006	980	1056	1008	1035	1034	967	1079	1003	992
1	80	T>A	1	1044	995	1010	959	980	1027	1090	1017	992	990
1	81	G>T	1	995	1046	1006	990	985	984	1025	996	1012	963
1	82	C>T	1	1009	987	987	1001	939	1005	993	996	1063	976
1	83	A>T	1	992	997	1035	1010	977	1039	985	957	941	1026
1	84	A>G	1	973	968	1026	1016	1038	966	961	986	991	994
1	85	G>A	1	988	926	1075	937	998	965	1022	969	985	1057
1	86	T>A	1	982	1019	970	1019	974	927	1045	999	1001	1000
1	87	G>C	1	938	1069	943	1002	969	1022	981	994	1005	995
1	88	T>G	1	953	990	919	1014	985	967	999	1043	1024	966
1	89	A>C	1	993	962	1003	994	1070	973	979	964	1011	1037
1	90	T>C	1	973	993	989	1009	977	945	1002	1025	1017	1044
1	91	A>G	1	962	998	1007	999	993	1014	974	992	997	982
1	92	T>A	1	992	1017	996	947	1042	971	1026	1015	1051	980
1	93	A>G	1	972	1051	964	1007	970	993	965	945	1018	1073
1	94	G>T	1	957	991	970	1011	961	1029	1028	970	1008	1014
1	95	G>C	1	987	975	1017	1032	1012	988	954	1044	978	1009
1	96	A>C	1	1000	995	1046	1003	1001	993	1030	995	969	1001
1	97	C>G	1	1029	980	1010	1001	1000	1015	983	963	1021	1025
1	98	T>A	1	1008	975	986	1009	1028	1010	1036	1033	1052	979
1	99	C>G	1	1005	982	972	1028	1016	956	968	1009	996	1039
