Chromosome	Position	Change	Gene	sample0	sample1	sample2	sample3	sample4	sample5	sample6	sample7	sample8	sample9
1	0	G>C	1	1010	1008	979	941	1014	1030	988	968	991	994
1	1	G>T	1	1003	1001	1015	1041	996	960	1026	1009	1030	932
1	2	A>G	1	995	986	1014	1017	991	1047	944	950	1054	1057
1	3	A>G	1	973	978	1007	998	1004	1005	1006	979	1007	994
1	4	T>G	1	1011	1019	994	952	992	996	952	1004	1012	996
1	5	G>T	1	995	1049	990	1004	1033	984	1025	1021	1061	1017
1	6	C>G	1	1026	1002	978	1029	1031	986	1035	1025	986	956
1	7	G>T	1	921	1000	1018	996	1017	1004	968	903	1017	998
1	8	G>C	1	984	1019	964	1037	995	992	977	1047	1005	1009
1	9	A>C	1	1004	1040	1022	1010	988	991	1011	988	1003	980
1	10	G>C	1	965	999	1030	997	969	1006	966	1006	960	980
1	11	T>A	1	1003	998	1021	1040	984	1012	988	1026	1048	957
1	12	T>C	1	1025	1027	1008	1012	1028	1002	969	954	1077	966
1	13	G>C	1	1025	999	964	1016	982	985	1006	971	1039	1021
1	14	G>A	1	983	938	974	1003	1012	924	1031	1009	945	997
1	15	C>T	1	989	1005	985	961	1018	1026	1089	996	1022	1025
1	16	G>C	1	989	968	1057	1005	975	1040	988	966	1017	965
1	17	T>G	1	979	938	976	943	954	1006	1022	1009	980	987
1	18	A>T	1	1015	982	938	1022	1020	963	1018	991	995	984
1	19	T>C	1	1022	940	1007	1041	1016	1011	970	1029	1010	1020
1	20	G>T	1	1038	984	1043	1021	928	1029	1043	1023	1064	1001
1	21	A>C	1	973	976	966	1012	1048	1018	1074	1027	965	1003
1	22	T>C	1	1007	999	980	916	952	996	1000	989	969	1058
1	23	T>C	1	990	990	985	1021	1015	972	997	979	962	1079
1	24	G>A	1	1002	952	963	1048	975	1001	925	1010	1020	1018
1	25	G>T	1	976	1055	909	994	961	1010	986	1020	1008	1016
1	26	G>T	1	1004	996	985	959	961	1015	978	943	989	1047
1	27	A>G	1	1016	1025	989	1087	981	966	976	1062	951	935
1	28	T>A	1	1066	1010	988	1025	992	984	1013	980	948	970
1	29	T>C	1	963	973	1036	982	998	1017	1040	1013	1030	979
1	30	C>T	1	993	964	995	998	1050	997	1036	994	965	1034
1	31	T>G	1	996	1002	1031	998	984	1036	998	997	1025	997
1	32	A>T	1	1025	1005	998	1022	914	1004	1058	992	974	992
1	33	T>G	1	990	1026	1016	1059	1009	1052	1008	977	953	1011
1	34	C>A	1	1032	1044	1032	996	1001	951	962	1005	1026	967
1	35	T>A	1	980	980	1031	987	986	986	1014	1014	1021	933
1	36	G>T	1	974	1022	1026	1010	1037	966	1009	1041	1020	982
1	37	G>A	1	1010	1013	1024	986	986	1025	1005	1016	966	959
1	38	C>T	1	962	1044	1010	982	906	1002	976	997	996	990
1	39	G>C	1	1011	930	968	1001	1019	1030	970	994	1012	1063
1	40	T>C	1	1032	965	984	997	984	997	1033	1000	964	960
1	41	T>A	1	996	953	997	1054	998	983	1002	991	977	992
1	42	A>T	1	980	968	963	1018	992	1047	995	1048	992	1043
1	43	T>A	1	997	987	1005	1033	974	976	976	988	981	1005
1	44	T>G	1	1024	1021	969	985	1032	996	1030	1002	997	1067
1	45	A>G	1	984	1045	1038	1007	1022	985	1013	986	1028	1000
1	46	T>A	1	1027	1060	1019	1007	1010	994	995	949	1016	981
1	47	C>G	1	985	1069	1066	990	1046	1044	1034	1026	967	1001
1	48	C>T	1	996	1023	1020	960	1076	1033	1024	985	988	979
1	49	C>T	1	1049	1024	1003	987	1078	1022	1008	987	968	995
1	50	A>G	1	984	985	1053	1050	985	975	1005	1007	978	998
1	51	T>G	1	977	982	990	970	986	980	977	968	999	994
1	52	T>C	1	961	1040	969	1021	1020	968	1005	1006	1029	987
1	53	A>G	1	997	956	983	1022	1055	973	952	959	1014	1006
1	54	A>C	1	1007	1042	1006	1033	984	967	1058	1037	982	991
1	55	A>T	1	997	949	1031	965	949	1042	1029	980	986	1038
1	56	C>T	1	913	1005	1015	979	1017	1007	1020	1006	967	1011
1	57	T>C	1	993	988	1015	996	1056	1003	995	1023	932	1014
1	58	G>T	1	977	1011	1040	973	968	1072	1002	1005	1030	991
1	59	C>G	1	1024	1011	970	1008	1043	991	977	1000	999	944
1	60	G>C	1	992	955	954	961	1026	1004	1001	1029	1017	1036
1	61	C>T	1	987	1020	1064	1021	1020	1094	1026	950	957	940
1	62	G>C	1	1044	1011	1063	1023	1004	1017	1003	978	1010	1043
1	63	T>C	1	1011	1030	967	971	986	997	1042	974	977	949
1	64	A>C	1	1002	976	1043	1009	980	1010	1003	940	998	958
1	65	C>G	1	1031	972	980	982	975	1019	991	990	1011	995
1	66	C>T	1	980	1003	1021	941	1027	1063	942	1016	973	1019
1	67	T>A	1	1008	920	1005	985	985	974	1021	1043	1045	936
1	68	A>G	1	1057	1012	991	970	981	985	1020	976	1009	978
1	69	A>T	1	1036	981	1104	1009	1008	1029	1017	988	956	973
1	70	G>T	1	957	1003	1002	1012	978	1022	968	1009	1022	972
1	71	A>G	1	955	1005	1024	1051	1004	988	998	994	1059	1003
1	72	G>C	1	998	1010	989	1028	1010	997	1021	987	1004	1018
1	73	G>T	1	1018	1038	983	1059	1033	974	950	1028	973	996
1	74	T>A	1	1034	1004	976	1009	1048	956	1009	958	999	1029
1	75	A>G	1	998	1025	956	1046	993	943	998	1048	1008	1022
1	76	G>T	1	947	983	1032	1034	1023	1029	1017	1027	1016	969
1	77	C>T	1	965	1036	963	1027	978	1039	956	1019	945	955
1	78	A>C	1	1004	986	970	946	1026	986	1025	986	997	1001
1	79	A>T	1	987	983	1015	1020	1009	986	995	994	966	1028
1	80	T>C	1	1026	981	1063	992	980	949	1014	984	1058	1009
1	81	A>C	1	961	975	976	1018	979	1036	1011	929	1024	1048
1	82	G>C	1	1050	985	1017	996	973	1061	1021	958	1035	971
1	83	A>C	1	990	1053	1008	998	1088	1001	1009	963	979	957
1	84	A>C	1	992	1032	989	1034	992	1000	1001	1005	974	1051
1	85	C>A	1	1045	986	971	941	984	966	1007	1034	997	974
1	86	T>G	1	969	1051	1020	1001	953	974	1024	1046	990	983
1	87	C>T	1	1004	1009	1022	940	1019	981	994	1010	984	975
1	88	C>G	1	986	984	995	990	993	1024	1011	990	1033	1042
1	89	A>G	1	1027	992	1013	1003	1012	1037	1031	987	1050	1032
1	90	C>A	1	1011	974	947	996	1011	982	973	987	1058	997
1	91	C>A	1	1060	995	1011	986	1090	987	997	968	1002	970
1	92	C>T	1	952	990	974	1035	987	1045	953	994	967	1042
1	93	C>G	1	971	956	1016	1014	940	980	939	961	1018	989
1	94	C>T	1	1027	988	999	1044	1015	997	1020	989	974	994
1	95	T>C	1	967	976	958	1017	1010	994	984	1072	1023	969
1	96	C>T	1	983	968	1030	957	943	985	991	1027	939	1046
1	97	A>C	1	1071	1053	985	980	1019	989	984	998	1034	1008
1	98	G>A	1	942	987	978	993	997	1043	999	1017	980	1016
1	99	T>A	1	1037	983	1003	981	1003	1027	992	938	1026	1022
