Chromosome	Position	Change	Gene	sample0	sample1	sample2	sample3	sample4	sample5	sample6	sample7	sample8	sample9
1	0	A>T	1	0	0	17	0	0	10	0	0	0	0
1	1	T>G	1	0	0	0	29	14	0	0	11	19	0
1	2	T>A	1	0	28	58	25	0	12	17	13	0	31
1	3	G>T	1	17	0	0	0	14	27	0	0	0	0
1	4	G>T	1	0	0	18	0	0	8	0	0	0	0
1	5	G>C	1	0	0	11	0	0	9	0	0	0	0
1	6	C>A	1	11	0	0	0	17	36	0	0	0	0
1	7	A>G	1	0	0	18	0	0	12	0	0	0	0
1	8	A>G	1	22	0	0	0	11	17	0	0	0	0
1	9	G>T	1	0	0	0	30	14	0	0	14	20	0
1	10	C>A	1	0	0	0	22	11	0	0	8	20	0
1	11	C>G	1	0	0	14	0	0	9	0	0	0	0
1	12	C>A	1	23	0	0	0	22	22	0	0	0	0
1	13	C>A	1	0	26	39	20	0	18	19	11	0	25
1	14	C>A	1	0	0	0	0	11	0	0	0	0	27
1	15	T>A	1	0	0	21	0	0	6	0	0	0	0
1	16	C>G	1	31	0	0	0	16	19	0	0	0	0
1	17	C>A	1	29	0	0	0	18	20	0	0	0	0
1	18	T>G	1	16	0	0	0	17	22	0	0	0	0
1	19	C>A	1	17	24	0	0	0	0	23	12	0	0
1	20	A>G	1	25	0	0	0	17	21	0	0	0	0
1	21	G>T	1	20	0	0	0	14	25	0	0	0	0
1	22	C>G	1	18	0	0	0	6	24	0	0	0	0
1	23	A>T	1	0	22	47	26	0	10	14	13	0	21
1	24	T>C	1	13	0	0	0	7	25	0	0	0	0
1	25	T>C	1	24	0	0	0	10	20	0	0	0	0
1	26	G>A	1	0	24	56	33	0	12	17	12	0	29
1	27	A>C	1	9	0	0	0	0	15	12	10	10	0
1	28	A>G	1	23	0	0	0	20	26	0	0	0	0
1	29	C>A	1	22	0	0	0	8	25	0	0	0	0
1	30	A>G	1	0	0	0	20	10	0	0	10	20	0
1	31	G>A	1	22	0	0	0	12	25	0	0	0	0
1	32	C>T	1	12	0	0	0	10	11	0	0	0	0
1	33	A>C	1	0	18	47	14	0	13	11	16	0	20
1	34	G>C	1	14	22	0	0	0	0	23	19	0	0
1	35	T>A	1	0	0	16	0	0	14	0	0	0	0
1	36	C>A	1	21	0	0	0	16	18	0	0	0	0
1	37	G>T	1	19	25	0	0	0	0	18	12	0	0
1	38	A>C	1	0	26	41	31	0	16	18	17	0	25
1	39	A>G	1	21	0	0	0	15	17	0	0	0	0
1	40	A>C	1	0	0	0	0	0	0	0	16	0	0
1	41	G>A	1	14	0	0	0	13	22	0	0	0	0
1	42	T>C	1	16	29	0	0	0	0	20	22	0	0
1	43	A>T	1	18	0	0	0	13	23	0	0	0	0
1	44	G>T	1	0	22	40	28	0	16	21	13	0	25
1	45	C>A	1	0	0	24	0	0	16	0	0	0	0
1	46	T>A	1	0	0	21	0	0	9	0	0	0	0
1	47	C>G	1	0	0	18	0	0	16	0	0	0	0
1	48	A>G	1	0	0	22	0	0	13	0	0	0	0
1	49	T>A	1	0	0	17	0	0	14	0	0	0	0
1	50	T>C	1	0	24	49	27	0	12	14	8	0	32
1	51	A>G	1	0	0	0	0	17	0	0	0	0	30
1	52	T>G	1	0	31	37	27	0	24	11	19	0	22
1	53	G>T	1	24	0	0	0	11	23	0	0	0	0
1	54	A>C	1	0	0	15	0	0	12	0	0	0	0
1	55	G>T	1	0	0	27	0	0	11	0	0	0	0
1	56	T>A	1	0	28	55	22	0	22	23	13	0	26
1	57	G>A	1	20	0	0	0	9	19	0	0	0	0
1	58	T>C	1	0	20	42	25	0	14	21	20	0	26
1	59	G>A	1	0	25	44	25	0	9	17	20	0	20
1	60	G>T	1	24	0	0	0	14	16	0	0	0	0
1	61	A>C	1	16	0	0	0	4	21	0	0	0	0
1	62	G>C	1	25	0	0	0	13	25	0	0	0	0
1	63	C>A	1	17	0	0	0	9	27	0	0	0	0
1	64	T>A	1	0	0	23	0	0	11	0	0	0	0
1	65	T>C	1	0	18	41	20	0	14	20	14	0	23
1	66	G>A	1	0	29	29	26	0	0	17	17	0	31
1	67	C>A	1	23	26	0	0	0	0	21	16	0	0
1	68	C>T	1	0	36	50	28	0	16	12	9	0	30
1	69	C>T	1	22	0	0	0	13	29	0	0	0	0
1	70	T>A	1	26	0	0	0	12	30	0	0	0	0
1	71	G>C	1	0	30	57	17	0	8	14	7	0	20
1	72	C>A	1	24	0	0	0	14	23	0	0	0	0
1	73	C>T	1	15	28	0	0	0	0	15	24	0	0
1	74	C>A	1	0	0	23	0	0	13	0	0	0	0
1	75	A>T	1	11	0	0	0	15	19	0	0	0	0
1	76	C>T	1	0	21	27	19	0	0	18	12	0	26
1	77	T>A	1	18	24	47	55	44	41	14	37	27	36
1	78	T>A	1	0	22	63	22	0	16	25	14	0	30
1	79	G>C	1	13	0	0	0	13	23	0	0	0	0
1	80	G>T	1	16	0	0	0	13	14	0	0	0	0
1	81	G>T	1	0	20	59	24	0	20	16	9	0	21
1	82	A>T	1	0	0	30	0	0	16	0	0	0	0
1	83	A>G	1	0	23	48	27	0	15	18	9	0	23
1	84	G>C	1	13	34	43	53	42	43	19	25	35	22
1	85	G>A	1	0	0	12	0	0	12	0	0	0	0
1	86	T>A	1	0	0	20	0	0	13	0	0	0	0
1	87	G>A	1	0	0	16	0	0	14	0	0	0	0
1	88	G>T	1	23	0	0	0	20	16	0	0	0	0
1	89	G>C	1	0	0	22	0	0	19	0	0	0	0
1	90	C>T	1	0	0	27	0	0	15	0	0	0	0
1	91	C>T	1	0	0	12	0	0	12	0	0	0	0
1	92	G>T	1	22	25	0	0	0	0	21	7	0	0
1	93	A>G	1	20	0	0	0	14	22	0	0	0	0
1	94	C>T	1	0	0	0	21	15	0	0	16	22	0
1	95	C>G	1	0	26	50	19	0	10	21	13	0	22
1	96	A>G	1	0	18	25	26	0	0	16	10	0	30
1	97	G>T	1	0	16	68	24	0	15	21	11	0	32
1	98	A>T	1	19	24	0	0	0	0	20	17	0	0
1	99	G>A	1	20	0	0	0	13	19	0	0	0	0
