Chromosome	Position	Change	Gene	sample0	sample1	sample2	sample3	sample4	sample5	sample6	sample7	sample8	sample9
1	0	T>A	1	0	24	0	0	0	0	0	0	0	13
1	1	C>A	1	0	19	8	18	0	0	0	10	0	0
1	2	T>G	1	0	12	12	17	0	0	0	3	0	0
1	3	C>G	1	0	22	0	15	0	0	0	0	17	15
1	4	T>G	1	0	14	9	12	0	0	0	6	0	0
1	5	G>T	1	0	10	11	16	0	0	0	10	0	0
1	6	A>T	1	44	52	12	24	35	51	21	32	27	35
1	7	C>T	1	19	0	0	0	11	0	23	12	0	0
1	8	C>A	1	0	13	6	12	0	0	0	3	0	0
1	9	G>T	1	20	0	0	0	14	0	28	4	0	0
1	10	C>G	1	0	0	9	14	0	0	0	0	0	0
1	11	T>C	1	0	0	27	7	13	0	32	8	0	12
1	12	C>A	1	44	0	0	0	13	23	0	16	0	0
1	13	T>A	1	14	0	0	0	17	0	15	6	0	0
1	14	A>C	1	15	0	0	0	5	0	11	13	0	0
1	15	A>G	1	0	34	8	45	0	0	0	10	13	24
1	16	C>G	1	26	0	0	0	20	34	0	12	0	0
1	17	C>G	1	0	9	9	10	0	0	0	19	0	0
1	18	C>T	1	0	15	12	13	0	0	0	12	0	0
1	19	G>C	1	0	16	0	0	0	0	0	0	0	19
1	20	C>T	1	0	13	13	10	0	0	0	11	0	0
1	21	T>A	1	0	18	10	21	0	0	0	10	0	0
1	22	G>T	1	32	0	0	0	10	29	0	20	0	0
1	23	T>C	1	0	18	0	17	0	0	0	0	20	9
1	24	C>G	1	0	0	21	0	0	0	0	0	10	0
1	25	T>C	1	0	0	11	15	0	0	0	0	0	0
1	26	T>C	1	22	0	0	0	14	32	0	14	0	0
1	27	C>A	1	0	21	0	0	0	0	0	0	0	11
1	28	G>C	1	20	0	0	0	12	0	19	10	0	0
1	29	T>A	1	55	63	10	38	35	51	18	45	33	39
1	30	G>T	1	0	0	9	18	0	0	0	0	0	0
1	31	G>T	1	0	0	15	0	0	0	0	0	17	0
1	32	C>G	1	21	0	0	0	14	0	22	8	0	0
1	33	A>T	1	0	9	11	15	0	0	0	12	0	0
1	34	C>G	1	0	38	6	34	0	0	0	8	17	29
1	35	A>C	1	0	10	0	9	0	0	0	0	23	11
1	36	G>C	1	13	0	0	0	20	0	18	12	0	0
1	37	C>A	1	0	17	0	0	0	0	0	0	0	13
1	38	A>T	1	0	0	11	13	0	0	0	0	0	0
1	39	C>T	1	0	0	13	0	0	0	0	0	26	0
1	40	A>T	1	0	16	0	13	0	0	0	0	11	11
1	41	A>C	1	52	52	11	42	28	53	17	33	25	37
1	42	C>T	1	43	0	0	0	13	23	0	25	0	0
1	43	A>C	1	0	19	0	12	0	0	0	0	13	14
1	44	A>T	1	0	17	0	11	0	0	0	0	20	14
1	45	A>G	1	50	56	15	35	30	37	13	40	26	35
1	46	T>A	1	57	44	14	36	47	56	20	37	26	38
1	47	G>A	1	43	38	9	33	32	39	23	37	29	30
1	48	G>A	1	0	22	0	9	0	0	0	0	8	12
1	49	C>A	1	0	0	13	0	0	0	0	0	13	0
1	50	C>A	1	0	0	11	0	0	0	0	0	19	0
1	51	G>A	1	35	0	0	0	20	28	0	18	0	0
1	52	T>A	1	26	0	0	0	12	30	0	12	0	0
1	53	G>A	1	0	0	17	0	0	0	0	0	17	0
1	54	A>C	1	0	0	10	0	0	0	0	0	18	0
1	55	T>A	1	0	14	8	16	0	0	0	9	0	0
1	56	T>G	1	0	10	0	23	0	0	0	0	15	8
1	57	A>T	1	41	56	6	49	38	47	15	28	42	43
1	58	T>C	1	0	15	10	14	0	0	0	1	0	0
1	59	G>A	1	0	10	9	12	0	0	0	4	0	0
1	60	G>A	1	0	17	6	22	0	0	0	11	0	0
1	61	A>T	1	18	0	0	0	12	0	23	16	0	0
1	62	T>C	1	26	0	0	0	6	0	14	13	0	0
1	63	G>A	1	21	0	0	0	9	0	21	8	0	0
1	64	C>G	1	14	0	0	0	7	0	19	8	0	0
1	65	G>C	1	0	14	12	11	0	0	0	15	0	0
1	66	C>G	1	0	23	0	0	0	0	0	0	0	14
1	67	A>G	1	44	50	7	34	37	48	16	34	33	33
1	68	T>A	1	0	10	10	16	0	0	0	14	0	0
1	69	G>T	1	0	17	0	0	0	0	0	0	0	22
1	70	C>T	1	24	0	0	0	11	0	19	7	0	0
1	71	A>C	1	0	9	0	21	0	0	0	0	21	15
1	72	T>G	1	43	40	8	38	51	47	21	42	33	26
1	73	G>T	1	0	10	16	9	0	0	0	8	0	0
1	74	T>C	1	0	14	0	8	0	0	0	0	18	10
1	75	G>A	1	13	0	0	0	10	0	20	13	0	0
1	76	T>C	1	50	51	8	40	35	56	28	34	28	43
1	77	A>C	1	0	8	11	11	0	0	0	11	0	0
1	78	T>G	1	0	53	7	36	0	0	0	11	28	24
1	79	A>T	1	36	0	0	0	15	35	0	11	0	0
1	80	G>C	1	0	28	10	15	0	0	0	8	0	0
1	81	C>A	1	30	0	0	0	11	32	0	9	0	0
1	82	A>G	1	0	18	0	16	0	0	0	0	17	13
1	83	T>C	1	31	0	0	0	12	31	0	19	0	0
1	84	A>T	1	0	25	0	0	0	0	0	0	0	13
1	85	G>C	1	52	53	9	34	26	43	16	29	22	45
1	86	A>T	1	0	10	8	13	0	0	0	15	0	0
1	87	T>C	1	0	15	0	19	0	0	0	0	9	12
1	88	C>T	1	0	7	9	13	0	0	0	13	0	0
1	89	T>C	1	0	14	0	14	0	0	0	0	13	10
1	90	G>T	1	19	0	0	0	6	0	21	11	0	0
1	91	T>A	1	36	0	0	0	18	35	0	20	0	0
1	92	T>A	1	22	0	0	0	12	0	14	8	0	0
1	93	G>T	1	0	16	10	12	0	0	0	18	0	0
1	94	G>A	1	57	49	8	47	32	53	20	40	32	27
1	95	C>G	1	0	19	0	15	0	0	0	0	19	8
1	96	G>A	1	26	0	0	0	10	0	19	15	0	0
1	97	A>C	1	0	12	0	17	0	0	0	0	19	7
1	98	T>A	1	19	0	0	0	4	0	25	11	0	0
1	99	T>C	1	0	24	0	0	0	0	0	0	0	17
