#chr	normal	sample0	sample1	sample2	sample3	sample4
0	0	0.0	0.0	0.0	0.0	0.27371541502
1	0	0.0	0.0	0.0	0.0	0.262032085561
2	0	0.0	0.0	0.0	0.0	0.0
3	0	0.134673366834	0.0	0.129719264279	0.0	0.0
4	0	0.149621212121	0.0	0.158266129032	0.0	0.0
5	0	0.155102040816	0.0	0.128404669261	0.0	0.0
6	0	0.128458498024	0.0	0.13862332696	0.0	0.0
7	0	0.0	0.0	0.0	0.0	0.253807106599
8	0	0.0	0.20255653884	0.0893401015228	0.0	0.0
9	0	0.0	0.0	0.0	0.0	0.0
10	0	0.156941649899	0.0	0.0	0.0	0.0
11	0	0.0	0.0	0.0	0.0	0.0
12	0	0.135826771654	0.330409356725	0.0	0.161522633745	0.0
13	0	0.0	0.181274900398	0.105809128631	0.0	0.0
14	0	0.162134944612	0.0	0.0	0.0	0.0
15	0	0.137313432836	0.0	0.157505285412	0.0	0.0
16	0	0.150333016175	0.0	0.0	0.0	0.0
17	0	0.136222910217	0.318181818182	0.0	0.176229508197	0.0
18	0	0.137760158573	0.0	0.146265560166	0.0	0.0
19	0	0.129100529101	0.32416502947	0.0	0.163204747774	0.0
20	0	0.136972193615	0.0	0.141489361702	0.0	0.0
21	0	0.0	0.0	0.0	0.0	0.0
22	0	0.0	0.165966386555	0.0777891504606	0.0	0.0
23	0	0.0	0.0	0.173017507724	0.174650698603	0.0
24	0	0.0	0.0	0.122470713525	0.0	0.0
25	0	0.0	0.0	0.0	0.0	0.270323212537
26	0	0.141424272818	0.0	0.142857142857	0.0	0.0
27	0	0.143939393939	0.0	0.152597402597	0.0	0.0
28	0	0.0845921450151	0.0	0.0	0.0	0.232558139535
29	0	0.0	0.0	0.0	0.0	0.262605042017
30	0	0.136904761905	0.313746065058	0.0	0.168844221106	0.0
31	0	0.0	0.0	0.0	0.0	0.251509054326
32	0	0.0	0.0	0.0	0.0	0.0
33	0	0.120505344995	0.31492248062	0.0	0.17458677686	0.0
34	0	0.0	0.0	0.147540983607	0.331643002028	0.0
35	0	0.102239532619	0.0	0.0	0.0	0.232443125618
36	0	0.141700404858	0.0	0.127703398558	0.0	0.0
37	0	0.0	0.0	0.0	0.0	0.252960172228
38	0	0.135643564356	0.317049808429	0.0	0.185755534167	0.0
39	0	0.0	0.201005025126	0.086	0.0	0.0
40	0	0.0	0.0	0.159960745829	0.309844559585	0.0
41	0	0.140186915888	0.0	0.135220125786	0.0	0.0
42	0	0.0881763527054	0.0	0.0	0.0	0.226987447699
43	0	0.115758754864	0.0	0.150548354935	0.0	0.0
44	0	0.142152023692	0.295362903226	0.0	0.158859470468	0.0
45	0	0.0	0.178821178821	0.067868504772	0.0	0.0
46	0	0.127	0.327739387957	0.0	0.152400835073	0.0
47	0	0.100194552529	0.0	0.0	0.0	0.213426853707
48	0	0.0	0.19416498994	0.0772163965682	0.0	0.0
49	0	0.136945812808	0.0	0.0	0.0	0.0
50	0	0.145124716553	0.0	0.137966804979	0.0	0.0
51	0	0.0	0.0	0.0	0.0	0.274669379451
52	0	0.109284332689	0.0	0.0	0.0	0.24032586558
53	0	0.0	0.179513184584	0.0827067669173	0.0	0.0
54	0	0.0	0.0	0.0	0.0	0.0
55	0	0.0	0.0	0.0	0.0	0.0
56	0	0.0	0.0	0.0	0.0	0.245483528162
57	0	0.124768946396	0.28932038835	0.0	0.178794178794	0.0
58	0	0.142121524202	0.327623126338	0.0	0.18986083499	0.0
59	0	0.142023346304	0.0	0.154701718908	0.0	0.0
60	0	0.0	0.0	0.174174174174	0.175487465181	0.0
61	0	0.128331688055	0.0	0.141062801932	0.0	0.0
62	0	0.16699410609	0.0	0.0	0.0	0.0
63	0	0.0	0.201557935735	0.089898989899	0.0	0.0
64	0	0.0	0.0	0.0	0.0	0.250260688217
65	0	0.0	0.0	0.0	0.0	0.0
66	0	0.0	0.0	0.0	0.0	0.268195413759
67	0	0.136495643756	0.0	0.144672531769	0.0	0.0
68	0	0.118460019743	0.323501427212	0.0	0.178571428571	0.0
69	0	0.141858141858	0.0	0.148148148148	0.0	0.0
70	0	0.0	0.216216216216	0.0847803881512	0.0	0.0
71	0	0.14271555996	0.308163265306	0.0	0.182095625636	0.0
72	0	0.0	0.0	0.0	0.0	0.0
73	0	0.0	0.193806193806	0.0766961651917	0.0	0.0
74	0	0.0	0.0	0.0	0.0	0.0
75	0	0.153465346535	0.0	0.0	0.0	0.0
76	0	0.0	0.189688715953	0.0801644398767	0.0	0.0
77	0	0.1217750258	0.3125	0.0	0.143269230769	0.0
78	0	0.0	0.0	0.191295546559	0.322906155399	0.0
79	0	0.119830328738	0.0	0.0	0.0	0.0
80	0	0.0	0.0	0.0	0.0	0.23784901758
81	0	0.0	0.0	0.14606741573	0.328189300412	0.0
82	0	0.0	0.174776564052	0.0831600831601	0.0	0.0
83	0	0.125252525253	0.321083172147	0.0	0.161693936477	0.0
84	0	0.123595505618	0.293401015228	0.0	0.16	0.0
85	0	0.0	0.0	0.0	0.0	0.27390438247
86	0	0.0	0.0	0.0	0.0	0.234359483615
87	0	0.142857142857	0.0	0.130346232179	0.0	0.0
88	0	0.129719264279	0.0	0.15023923445	0.0	0.0
89	0	0.0	0.0	0.0	0.0	0.252371916509
90	0	0.0	0.177777777778	0.0730994152047	0.0	0.0
91	0	0.0955223880597	0.0	0.0	0.0	0.226470588235
92	0	0.123287671233	0.309430255403	0.0	0.172199170124	0.0
93	0	0.0	0.17004048583	0.0862239841427	0.0	0.0
94	0	0.132942326491	0.303191489362	0.0	0.16850551655	0.0
95	0	0.17174796748	0.0	0.0	0.0	0.0
96	0	0.111992071358	0.0	0.147727272727	0.0	0.0
97	0	0.142441860465	0.0	0.0	0.0	0.0
98	0	0.11481844946	0.0	0.128937007874	0.0	0.0
99	0	0.111545988258	0.297935103245	0.0	0.177	0.0
