gene_id	sample0	sample0	sample1	sample1	sample2	sample2	sample3	sample3	sample4	sample4	sample5	sample5	sample6	sample6	sample7	sample7	sample8	sample8	sample9	sample9	sample10	sample10	sample11	sample11	sample12	sample12	sample13	sample13	sample14	sample14	sample15	sample15	sample16	sample16	sample17	sample17	sample18	sample18	sample19	sample19
0	9970	0	9811	0	9991	0	9924	0	9940	0	8549	1333	9797	0	7506	2427	9964	0	9991	0	8563	1391	8675	1311	10019	0	10203	0	10023	0	10192	0	8559	1461	9720	0	9981	0	9904	0
1	10019	0	7215	2907	8590	1536	8680	1295	10019	0	9166	719	8986	1028	9928	0	7334	2562	8869	1236	9080	823	9157	946	9172	840	7633	2380	10161	0	7675	2198	8740	1301	9978	0	7964	2018	9895	0
2	5038	4971	9847	0	8596	1464	7953	1895	7756	2270	7307	2759	7340	2650	7522	2483	10024	0	7503	2229	8651	1466	8576	1378	8527	1465	7536	2620	7903	2015	9950	0	6308	3689	8599	1260	6979	2953	7880	2138
3	9938	0	9902	0	10115	0	10083	0	10133	0	8684	1335	10073	0	7569	2446	9945	0	9990	0	8780	1437	8473	1338	10052	0	10147	0	9881	0	9846	0	8581	1438	10071	0	9954	0	10004	0
4	10103	0	9874	0	10042	0	8297	1751	10116	0	10117	0	9993	0	9920	0	9907	0	9914	0	10034	0	9965	0	8481	1366	9837	0	7066	2926	7112	2750	9839	0	8687	1196	9930	0	7051	2960
5	9966	0	9972	0	9988	0	10130	0	9948	0	8751	1359	10039	0	7630	2491	10171	0	9923	0	8705	1392	8652	1384	9979	0	10033	0	10024	0	10053	0	8650	1404	9995	0	10073	0	10012	0
6	9981	0	9973	0	9966	0	8304	1749	9987	0	10057	0	9937	0	9977	0	9850	0	10149	0	10037	0	10133	0	8491	1306	10056	0	7105	2963	7185	2803	10076	0	8625	1176	9904	0	7158	2957
7	10105	0	9972	0	10040	0	8163	1845	9685	0	9957	0	10005	0	9999	0	9907	0	9899	0	9921	0	10033	0	8773	1355	10016	0	6881	2920	6976	2774	9997	0	8753	1247	9987	0	7183	2876
8	9949	0	5035	5014	8583	1483	8682	1295	8378	1486	7775	2209	8961	1039	7498	2486	7536	2466	7198	2713	7784	2286	7542	2390	9308	825	7634	2284	10106	0	7843	2095	8721	1218	8666	1397	7793	2037	9911	0
9	9959	0	9956	0	9875	0	8236	1699	9992	0	10040	0	10142	0	10023	0	9809	0	10052	0	10109	0	9953	0	8758	1391	10056	0	7107	2896	7227	2834	10151	0	8940	1223	10249	0	7198	3011
10	9902	0	10161	0	10049	0	8293	1788	9934	0	10076	0	10002	0	9973	0	9930	0	9987	0	10033	0	9947	0	8742	1291	9947	0	7028	3081	7194	2849	9850	0	8979	1282	10097	0	7090	2919
11	10132	0	9905	0	9948	0	8131	1796	10100	0	9878	0	10091	0	10049	0	10047	0	9977	0	10245	0	9947	0	8819	1387	10106	0	7156	2939	7133	2761	10160	0	8665	1147	10058	0	6950	2974
12	9813	0	6954	2865	8634	1497	8712	1328	9847	0	9230	856	8933	1096	9964	0	7420	2463	8773	1314	9184	850	9059	991	9284	777	7627	2427	10132	0	7860	2152	8647	1318	9973	0	7869	2066	9885	0
13	10031	0	5113	4968	8520	1459	8535	1301	8433	1455	7747	2237	8941	1082	7371	2585	7559	2563	7227	2754	7651	2370	7635	2494	9186	851	7541	2434	10075	0	7851	2158	8679	1354	8662	1335	7847	2150	10007	0
14	10059	0	7134	2881	8420	1487	8710	1237	9860	0	9218	787	8903	1016	10018	0	7361	2455	8617	1276	9086	783	8893	1015	9201	841	7535	2372	9962	0	7861	2192	8709	1307	9987	0	7951	2107	10164	0
15	10003	0	4957	5134	8413	1501	8620	1296	8653	1445	7744	2220	8944	1058	7343	2536	7519	2483	7236	2749	7732	2346	7397	2459	9305	826	7584	2515	10012	0	7814	2150	8883	1313	8573	1280	7840	2128	10140	0
16	9939	0	10067	0	9965	0	9905	0	9935	0	8637	1400	9951	0	7604	2440	10032	0	10083	0	8527	1364	8590	1399	9931	0	9843	0	10041	0	10047	0	8706	1392	10044	0	10008	0	10179	0
17	7080	3068	4883	4945	8659	1465	6663	3225	7302	2823	4995	4947	7297	2629	5092	4993	7457	2481	5911	4072	6252	3766	6302	3834	7839	2259	5010	4948	10266	0	7870	2208	5858	4080	7285	2584	5163	4930	10041	0
18	9939	0	10116	0	8000	2137	10086	0	8724	1287	10042	0	8621	1384	10149	0	7507	2397	10007	0	8737	1278	8726	1197	8601	1387	10141	0	9951	0	10057	0	9989	0	8798	1180	9861	0	10053	0
19	9769	0	8759	1394	9964	0	10073	0	10121	0	10122	0	9873	0	10009	0	7375	2550	8793	1335	10041	0	8863	1011	10035	0	7548	2417	9855	0	7827	2178	8764	1256	9917	0	7871	2111	9944	0
20	9949	0	9873	0	10222	0	10006	0	9947	0	8781	1410	10000	0	7561	2575	10054	0	10045	0	8645	1415	8539	1355	9897	0	9901	0	9813	0	10149	0	8648	1412	9947	0	9904	0	10026	0
21	5011	4980	10144	0	8697	1498	8125	2006	7686	2300	7230	2741	7418	2564	7576	2386	9978	0	7760	2213	8503	1411	8473	1437	8491	1459	7338	2556	7980	2035	10021	0	6297	3683	8594	1299	7213	2896	7795	2068
22	9935	0	10055	0	10112	0	9969	0	9997	0	9987	0	9947	0	9906	0	7526	2513	8713	1229	9995	0	9935	0	10060	0	7639	2465	9875	0	9969	0	8749	1332	9826	0	9979	0	10061	0
23	9934	0	9800	0	9997	0	10056	0	10090	0	8510	1395	10061	0	7529	2455	10111	0	10016	0	8753	1389	8386	1382	10028	0	9923	0	10101	0	10067	0	8792	1374	10016	0	10058	0	9951	0
24	10036	0	10063	0	10066	0	9781	0	9875	0	9001	827	9784	0	10175	0	10049	0	10055	0	9124	861	9974	0	9314	815	9942	0	9913	0	10179	0	9906	0	10038	0	10044	0	10068	0
25	10044	0	8525	1464	9907	0	9958	0	10019	0	10029	0	10077	0	10060	0	7423	2494	8552	1235	10149	0	9095	982	10017	0	7472	2435	10062	0	7853	2113	8788	1217	9727	0	7841	2061	9802	0
26	10110	0	9940	0	9878	0	8356	1758	9953	0	10204	0	10065	0	9870	0	10016	0	9879	0	10138	0	9996	0	8738	1379	10018	0	6989	2867	7209	2795	10159	0	8778	1293	9983	0	7161	2856
27	9939	0	4962	5099	8444	1478	8477	1383	8444	1482	7704	2194	8947	1014	7438	2562	7523	2536	7198	2842	7720	2373	7379	2383	9058	817	7625	2323	9925	0	7702	2185	8692	1335	8515	1331	7916	2121	9838	0
28	5080	5164	10088	0	8517	1512	8111	1850	7655	2301	7176	2669	7471	2597	7599	2486	9995	0	7717	2323	8527	1442	8645	1336	8712	1507	7379	2593	7913	2123	10123	0	6149	3688	8769	1305	7062	3042	7963	2062
29	9984	0	9953	0	9937	0	9956	0	10311	0	8492	1439	9943	0	7533	2527	9975	0	9900	0	8527	1458	8631	1311	9887	0	10177	0	9871	0	9947	0	8687	1527	10232	0	10021	0	9798	0
30	10043	0	9819	0	10034	0	8040	1778	9996	0	10288	0	10163	0	9838	0	9852	0	10093	0	9949	0	9962	0	8775	1343	9800	0	7127	2949	7066	2961	10039	0	8827	1225	9949	0	7161	2978
31	9873	0	4984	5027	8401	1548	8540	1194	8616	1461	7686	2281	8959	1057	7628	2536	7512	2594	7409	2706	7852	2274	7512	2443	9360	873	7591	2387	10137	0	7753	2201	8564	1218	8581	1375	7910	2070	9963	0
32	5055	5024	10002	0	8492	1436	8032	1939	7583	2246	7201	2777	7533	2632	7400	2475	10071	0	7855	2302	8615	1366	8691	1315	8505	1437	7391	2626	8040	2012	10068	0	6257	3615	8777	1283	7124	2950	7928	2029
33	4999	4903	10090	0	8425	1498	8137	1912	7693	2281	7206	2801	7414	2566	7633	2480	9798	0	7741	2364	8750	1415	8627	1333	8461	1500	7542	2569	7879	2115	10140	0	6191	3781	8709	1262	7107	2895	7759	2043
34	9800	0	10171	0	9839	0	8233	1811	9981	0	10161	0	9995	0	9976	0	9979	0	10033	0	10125	0	9902	0	8614	1302	9773	0	7015	2881	7144	2815	10191	0	8615	1181	10052	0	7037	2902
35	10000	0	10042	0	10084	0	9819	0	10086	0	8669	1459	10069	0	7482	2554	9803	0	9835	0	8557	1392	8528	1420	9980	0	10097	0	9782	0	10035	0	8514	1309	10102	0	9876	0	9902	0
36	5176	4931	10067	0	8519	1429	8205	1963	7751	2365	7101	2742	7448	2583	7550	2454	10092	0	7608	2308	8560	1405	8668	1352	8468	1449	7551	2600	7907	2042	10237	0	6177	3616	8755	1217	7146	2899	7919	2062
37	10014	0	9940	0	10113	0	10116	0	10076	0	8790	1475	9960	0	7592	2328	9881	0	10028	0	8572	1437	8584	1407	9913	0	10081	0	10026	0	9984	0	8518	1326	10114	0	9947	0	9981	0
38	9977	0	10190	0	9899	0	8183	1841	9888	0	9980	0	10285	0	9833	0	9881	0	9972	0	9975	0	10006	0	8577	1372	10194	0	7087	2966	7314	2869	9937	0	8837	1245	10215	0	7046	2961
39	9916	0	7034	2837	8519	1506	8595	1371	10047	0	9165	773	9065	1060	9948	0	7445	2502	8642	1251	9155	798	9003	977	9204	836	7533	2478	9813	0	7781	2213	8598	1302	9917	0	8026	2106	10106	0
40	10021	0	9874	0	10045	0	8277	1796	10098	0	10012	0	10246	0	10080	0	10022	0	9963	0	10199	0	9981	0	8570	1300	10167	0	7094	2935	7014	2797	9986	0	8813	1172	9849	0	7069	2927
41	5142	5019	10029	0	8535	1548	8017	1904	7782	2316	7222	2813	7384	2503	7658	2418	9903	0	7626	2302	8629	1310	8764	1378	8513	1486	7462	2582	7934	2060	10042	0	6372	3731	8565	1257	7188	2914	8056	2067
42	9913	0	9926	0	10101	0	10106	0	10168	0	8533	1348	9951	0	7652	2447	10043	0	10078	0	8697	1414	8622	1293	10071	0	9910	0	10076	0	10130	0	8726	1364	9949	0	9973	0	9892	0
43	10234	0	7274	2868	8328	1529	8781	1239	9950	0	9378	833	8928	1023	10045	0	7441	2543	8777	1271	9327	840	8904	1002	8962	851	7678	2448	9896	0	7770	2171	8539	1257	9977	0	7869	2064	10130	0
44	9997	0	9838	0	10033	0	10082	0	10015	0	8521	1409	10091	0	7439	2448	9936	0	10106	0	8592	1434	8673	1325	9999	0	9809	0	9873	0	10300	0	8706	1435	9939	0	9945	0	9882	0
45	9840	0	9845	0	10084	0	10023	0	10155	0	8575	1295	10127	0	7480	2481	10073	0	10092	0	8516	1410	8737	1263	10298	0	9966	0	9954	0	9909	0	8620	1436	10125	0	10001	0	10062	0
46	9901	0	9704	0	10035	0	9976	0	9947	0	8620	1397	9912	0	7594	2468	10016	0	9994	0	8730	1442	8682	1323	10059	0	9952	0	10060	0	9995	0	8606	1426	10046	0	10006	0	9993	0
47	9945	0	8422	1453	9974	0	10063	0	9992	0	10057	0	10054	0	9878	0	7432	2518	8567	1300	9886	0	8910	949	10121	0	7722	2456	10113	0	8047	2165	8645	1269	10068	0	7914	2062	9994	0
48	9920	0	7084	2761	8484	1499	8756	1284	9937	0	9098	824	8855	1019	10134	0	7583	2514	8775	1292	9107	846	8887	959	9154	824	7676	2487	9995	0	7956	2194	8616	1279	9980	0	7978	2065	9948	0
49	10028	0	5032	4940	8531	1436	8720	1347	8437	1468	7812	2239	8888	1023	7646	2535	7474	2456	7305	2664	7832	2266	7648	2471	9252	849	7568	2427	9935	0	7738	2173	8675	1275	8654	1358	7995	2101	10012	0
50	10268	0	8571	1521	10111	0	9896	0	9907	0	10044	0	10084	0	9896	0	7426	2556	8677	1226	9806	0	9115	960	9884	0	7588	2384	10073	0	7812	2144	8662	1367	9956	0	8022	2137	10045	0
51	10108	0	9940	0	10039	0	10026	0	9847	0	8664	1401	10076	0	7616	2427	10148	0	9834	0	8434	1447	8484	1349	10158	0	9994	0	9964	0	10046	0	8606	1351	9972	0	10028	0	9848	0
52	10022	0	10043	0	9914	0	9946	0	10023	0	9869	0	9956	0	9947	0	7392	2406	8866	1228	9939	0	9953	0	10108	0	7541	2363	9918	0	9946	0	8595	1304	9976	0	10117	0	10033	0
53	10038	0	9983	0	9969	0	9903	0	10135	0	8637	1380	10044	0	7598	2472	10069	0	10075	0	8569	1415	8558	1324	9844	0	9953	0	9859	0	10094	0	8636	1348	9931	0	9876	0	10045	0
54	9935	0	5056	5163	8557	1495	8523	1270	8502	1465	7786	2330	9056	1092	7366	2466	7397	2534	7231	2711	7781	2262	7610	2419	9155	834	7568	2411	10090	0	7872	2132	8740	1238	8620	1338	7727	2123	9829	0
55	9959	0	10140	0	10040	0	10016	0	10074	0	8429	1348	9944	0	7538	2537	9890	0	9984	0	8550	1405	8505	1366	10022	0	9959	0	9951	0	9819	0	8443	1414	9852	0	9963	0	9873	0
56	10048	0	9966	0	9864	0	9977	0	9940	0	8767	1437	9859	0	7528	2387	10074	0	9896	0	8541	1416	8623	1355	9994	0	9986	0	9931	0	10134	0	8491	1464	10058	0	10085	0	9968	0
57	9929	0	5029	5011	8390	1489	8681	1294	8548	1416	7651	2216	8997	1062	7530	2673	7497	2523	7217	2733	7708	2311	7553	2452	9105	845	7590	2336	9972	0	7727	2110	8742	1242	8562	1335	7999	2083	9841	0
58	10131	0	10019	0	9965	0	10144	0	10294	0	10097	0	9722	0	10131	0	7656	2580	8665	1281	9978	0	10125	0	10259	0	7524	2448	9853	0	10110	0	8873	1279	9979	0	9947	0	10049	0
59	9902	0	9914	0	9761	0	10049	0	10052	0	8398	1345	10121	0	7577	2472	9968	0	10127	0	8450	1433	8551	1380	9899	0	9868	0	10030	0	9938	0	8506	1439	10040	0	9854	0	10097	0
60	5032	4972	9972	0	8494	1421	7998	1881	7774	2361	7083	2701	7495	2506	7557	2440	10076	0	7758	2296	8577	1427	8618	1420	8611	1502	7271	2529	7973	2046	10009	0	6328	3749	8712	1318	7002	2927	7920	2054
61	9832	0	10066	0	9972	0	10040	0	10086	0	8774	1327	9964	0	7643	2510	10024	0	9881	0	8727	1397	8654	1401	10027	0	9952	0	10066	0	9996	0	8566	1323	9956	0	10042	0	9981	0
62	10060	0	10021	0	10047	0	10047	0	10079	0	8563	1367	9871	0	7500	2427	9985	0	10030	0	8614	1394	8717	1364	10068	0	9955	0	10261	0	9844	0	8697	1384	10057	0	9993	0	10137	0
63	9927	0	9995	0	10033	0	9909	0	10031	0	10058	0	10042	0	9979	0	7467	2510	8765	1303	10053	0	9986	0	9944	0	7419	2448	10000	0	10010	0	8718	1321	10102	0	9995	0	10136	0
64	10007	0	7125	2869	8473	1505	8790	1322	10046	0	9158	790	9091	1066	10012	0	7381	2553	8645	1293	9235	821	9122	940	9338	847	7603	2282	10068	0	7795	2192	8634	1289	9889	0	8059	2091	10041	0
65	4956	4985	10029	0	8553	1440	8260	1876	7565	2323	7359	2768	7547	2481	7650	2495	9932	0	7639	2222	8551	1411	8637	1364	8627	1507	7339	2562	7904	2078	10010	0	6296	3677	8511	1278	7071	2911	8000	1960
66	9867	0	10071	0	10000	0	9910	0	10103	0	8531	1423	10026	0	7666	2493	10033	0	10063	0	8747	1372	8714	1349	9999	0	9974	0	10147	0	10054	0	8608	1399	9841	0	10111	0	9921	0
67	10075	0	9975	0	9931	0	9972	0	9883	0	10088	0	10071	0	9892	0	7339	2592	8887	1251	9995	0	9804	0	9792	0	7575	2310	10050	0	9798	0	8825	1269	10073	0	9974	0	9948	0
68	9907	0	10004	0	9928	0	10095	0	10118	0	8721	1376	10223	0	7582	2467	9972	0	10177	0	8510	1455	8769	1363	9954	0	9995	0	9933	0	10081	0	8601	1404	10068	0	10003	0	10024	0
69	4969	4967	9968	0	8596	1501	8045	1932	7628	2293	7276	2867	7476	2587	7536	2553	10142	0	7671	2246	8652	1312	8652	1356	8400	1488	7467	2592	7917	2043	10177	0	6214	3770	8852	1347	7048	2886	7885	1979
70	10178	0	10113	0	9838	0	8197	1860	9843	0	9913	0	9874	0	10005	0	9717	0	9843	0	9930	0	10003	0	8414	1314	10087	0	7140	3041	7120	2840	9901	0	8684	1179	9949	0	6986	2905
71	10012	0	9868	0	9925	0	10024	0	9945	0	9928	0	9814	0	10002	0	7354	2488	8714	1333	10026	0	9763	0	9978	0	7562	2424	10109	0	10052	0	8754	1233	9714	0	9963	0	10027	0
72	10040	0	10074	0	9912	0	9944	0	10025	0	10064	0	9991	0	10077	0	7592	2538	8674	1342	9962	0	10108	0	9934	0	7582	2328	10101	0	9956	0	8844	1259	10027	0	10077	0	10096	0
73	10024	0	10051	0	9752	0	8180	1803	9927	0	9979	0	9982	0	9943	0	10022	0	10080	0	10088	0	9962	0	8528	1388	10027	0	7171	2994	7147	2742	10026	0	8904	1244	9931	0	7089	2888
74	9969	0	10052	0	10070	0	10029	0	10127	0	9088	769	10149	0	10032	0	9988	0	9998	0	9151	816	10053	0	9048	838	10157	0	9874	0	9949	0	10119	0	9966	0	9922	0	10122	0
75	10024	0	10196	0	10050	0	9857	0	10099	0	8615	1361	9880	0	7577	2426	9922	0	10075	0	8520	1423	8692	1379	9807	0	10106	0	10142	0	9783	0	8632	1409	9954	0	9912	0	9972	0
76	9899	0	5063	5107	8491	1554	8567	1310	8612	1428	7656	2270	8914	1042	7441	2551	7503	2495	7226	2701	7544	2353	7746	2427	9116	845	7740	2409	10208	0	7908	2186	8695	1282	8639	1370	7964	2105	10038	0
77	5028	5012	10088	0	8539	1496	8036	1878	7718	2339	7200	2784	7483	2659	7603	2476	9867	0	7630	2237	8551	1373	8709	1406	8603	1449	7193	2638	7882	2113	10044	0	6389	3678	8588	1289	7188	2870	7842	2090
78	9892	0	10040	0	9881	0	8325	1780	9964	0	10133	0	9949	0	9924	0	9993	0	9932	0	10001	0	9849	0	8635	1352	10150	0	7021	2992	7250	2791	9873	0	8729	1195	9846	0	7002	2959
79	9976	0	10104	0	9986	0	9989	0	10116	0	8555	1340	10030	0	7523	2433	9860	0	10156	0	8454	1428	8704	1362	9871	0	9991	0	9941	0	10130	0	8714	1453	10030	0	9970	0	10038	0
80	10192	0	7034	2847	8430	1469	8941	1292	9868	0	9198	751	8868	1096	10083	0	7583	2583	8864	1262	9261	792	8911	943	9122	802	7468	2369	10010	0	7861	2141	8591	1339	9935	0	8156	2088	10074	0
81	9860	0	9984	0	10176	0	9799	0	9902	0	8672	1438	9876	0	7468	2471	10061	0	9972	0	8440	1391	8749	1360	10128	0	10038	0	9867	0	10180	0	8467	1421	9909	0	9952	0	10140	0
82	10056	0	9957	0	10239	0	8210	1806	10178	0	9871	0	9969	0	9982	0	9885	0	9901	0	9935	0	10003	0	8758	1293	9623	0	7011	2814	7281	2934	10084	0	8718	1260	10075	0	7003	2962
83	10015	0	9850	0	9817	0	9990	0	10048	0	8768	1350	9936	0	7554	2299	10132	0	9880	0	8539	1446	8622	1303	9973	0	10055	0	9997	0	9912	0	8631	1432	9874	0	10015	0	9992	0
84	10022	0	9964	0	9896	0	8284	1783	9925	0	9882	0	9879	0	10057	0	9881	0	9989	0	9975	0	9943	0	8575	1398	10081	0	7098	2862	7037	2783	9996	0	8856	1160	10156	0	6945	2918
85	4882	5068	10032	0	8346	1523	8109	1943	7799	2281	7390	2739	7529	2538	7627	2425	10102	0	7671	2305	8543	1413	8837	1333	8502	1469	7373	2579	7791	2059	9975	0	6312	3757	8680	1322	7071	2967	7938	2080
86	9981	0	8334	1506	9879	0	9795	0	9874	0	10045	0	10080	0	10067	0	7602	2515	8466	1275	10019	0	8864	1018	9954	0	7509	2439	9924	0	7876	2298	8790	1325	9851	0	7960	2128	9886	0
87	10038	0	10041	0	9993	0	9984	0	9922	0	10188	0	9829	0	10002	0	7292	2540	8608	1236	10050	0	9868	0	9770	0	7633	2422	10093	0	10062	0	8664	1326	9927	0	10113	0	10051	0
88	9815	0	10143	0	10182	0	9902	0	10020	0	8674	1376	9652	0	7365	2411	9993	0	10047	0	8421	1442	8444	1329	9901	0	10129	0	9977	0	10208	0	8498	1441	9853	0	10075	0	10165	0
89	9877	0	8442	1470	10194	0	10087	0	10045	0	10059	0	9889	0	10019	0	7623	2558	8691	1232	10068	0	9039	998	10051	0	7726	2364	9924	0	7846	2183	8749	1260	10062	0	7799	2144	10261	0
90	10045	0	8458	1520	10016	0	10110	0	10178	0	9982	0	9931	0	9868	0	7370	2504	8784	1244	9865	0	9190	968	10077	0	7522	2447	9988	0	7674	2175	8664	1275	9922	0	8067	2083	10093	0
91	10007	0	9924	0	8179	1966	10138	0	8672	1243	9995	0	8621	1495	9843	0	7541	2418	9891	0	8577	1312	8832	1260	8775	1293	9957	0	10021	0	9963	0	10009	0	8730	1110	9829	0	10044	0
92	9967	0	7013	2790	8482	1564	8824	1308	9864	0	9054	741	8989	1017	9808	0	7534	2500	8730	1343	9243	842	8936	941	9321	829	7590	2371	10116	0	7648	2172	8666	1273	10048	0	8034	2149	9936	0
93	10034	0	4923	4958	8556	1538	8706	1320	8622	1419	7593	2294	8907	1032	7315	2564	7450	2618	7324	2724	7705	2353	7497	2305	9230	861	7679	2447	9979	0	7761	2150	8826	1277	8782	1405	7901	2135	9973	0
94	9992	0	10034	0	9939	0	10023	0	10110	0	8644	1432	10047	0	7630	2516	9991	0	9918	0	8649	1460	8644	1338	10110	0	10065	0	9875	0	9985	0	8605	1419	10205	0	9988	0	9910	0
95	10179	0	5010	4972	8679	1495	9020	1308	8341	1457	7600	2259	8945	1123	7562	2561	7614	2476	7316	2728	7663	2404	7517	2305	9273	815	7716	2393	9874	0	7743	2257	8738	1283	8747	1370	7980	2117	10138	0
96	9949	0	9995	0	10074	0	9846	0	9848	0	10045	0	9890	0	10047	0	7531	2529	8604	1234	10004	0	9963	0	9962	0	7669	2434	9997	0	9982	0	8743	1338	10013	0	9895	0	9827	0
97	9993	0	10034	0	10007	0	9883	0	10162	0	9932	0	10028	0	10089	0	7437	2519	8870	1288	9964	0	9870	0	10008	0	7567	2446	10006	0	9967	0	8598	1326	10121	0	10117	0	10026	0
98	10078	0	9949	0	9956	0	8182	1784	9834	0	9937	0	9949	0	9933	0	9868	0	10045	0	9960	0	9906	0	8637	1347	9763	0	7045	2903	7065	2833	10001	0	8831	1212	9865	0	6844	2886
99	9836	0	9924	0	10041	0	9992	0	10160	0	8589	1386	9907	0	7657	2454	9912	0	9924	0	8367	1408	8762	1385	9976	0	10037	0	10104	0	9967	0	8601	1348	9877	0	10116	0	9945	0
