Chromosome	Position	Change	Gene	sample0	sample1	sample2	sample3	sample4
1	0	C>T	1	0	185	258	273	132
1	1	C>A	1	0	0	0	0	0
1	2	A>G	1	513	544	467	477	517
1	3	C>A	1	206	117	0	0	98
1	4	A>T	1	0	0	0	0	0
1	5	A>C	1	484	526	518	492	493
1	6	T>G	1	0	123	0	0	96
1	7	G>A	1	0	183	274	231	118
1	8	C>G	1	214	118	0	0	89
1	9	T>C	1	0	152	275	240	151
1	10	G>C	1	315	169	256	245	243
1	11	G>C	1	0	135	0	0	94
1	12	T>A	1	0	229	246	120	152
1	13	A>T	1	0	0	0	0	0
1	14	A>G	1	493	540	506	517	511
1	15	T>G	1	281	167	256	219	273
1	16	C>G	1	0	158	0	121	133
1	17	T>A	1	283	163	266	231	286
1	18	T>A	1	0	0	0	0	0
1	19	G>A	1	303	165	261	258	251
1	20	C>G	1	0	211	228	130	161
1	21	A>C	1	201	118	0	0	97
1	22	C>G	1	526	499	515	514	477
1	23	G>C	1	0	164	273	241	116
1	24	C>A	1	280	155	257	262	261
1	25	C>A	1	0	183	231	277	121
1	26	T>C	1	0	166	245	233	106
1	27	A>G	1	0	0	0	0	0
1	28	G>C	1	467	508	472	526	470
1	29	C>T	1	478	484	512	486	518
1	30	A>G	1	322	169	251	252	277
1	31	G>T	1	500	495	510	507	495
1	32	G>C	1	224	128	0	0	71
1	33	C>T	1	512	429	489	516	506
1	34	G>C	1	510	457	466	441	477
1	35	C>A	1	315	176	254	269	284
1	36	T>G	1	515	478	504	503	535
1	37	T>A	1	0	0	0	0	0
1	38	A>T	1	0	0	0	0	0
1	39	G>C	1	281	196	236	249	264
1	40	T>A	1	310	178	271	271	251
1	41	G>T	1	253	181	261	277	229
1	42	T>A	1	197	124	0	0	99
1	43	A>C	1	0	191	279	279	120
1	44	T>G	1	310	171	256	244	279
1	45	C>A	1	535	491	486	487	524
1	46	A>T	1	0	183	270	264	116
1	47	G>T	1	205	129	0	0	100
1	48	A>C	1	206	105	0	0	78
1	49	C>A	1	299	173	236	249	267
1	50	G>T	1	294	162	278	244	280
1	51	G>A	1	218	131	0	0	71
1	52	A>C	1	298	165	261	291	251
1	53	A>C	1	0	195	0	130	149
1	54	A>G	1	0	0	0	0	0
1	55	A>T	1	0	0	0	0	0
1	56	T>C	1	0	156	248	254	123
1	57	G>A	1	334	195	288	248	285
1	58	A>C	1	0	0	0	0	0
1	59	A>C	1	0	147	259	234	123
1	60	C>T	1	315	155	267	256	252
1	61	C>T	1	0	205	265	244	115
1	62	C>G	1	0	0	0	0	0
1	63	G>A	1	0	168	0	111	118
1	64	A>G	1	213	133	0	0	90
1	65	G>C	1	211	143	0	0	85
1	66	C>G	1	208	301	247	160	216
1	67	A>C	1	318	172	257	239	243
1	68	C>T	1	206	134	0	0	88
1	69	T>C	1	0	157	284	252	131
1	70	G>C	1	0	170	249	287	100
1	71	C>G	1	0	0	0	0	0
1	72	G>A	1	179	127	0	0	87
1	73	C>T	1	303	183	234	282	260
1	74	G>C	1	0	191	238	259	119
1	75	T>G	1	295	162	302	239	256
1	76	G>C	1	0	161	266	277	128
1	77	A>T	1	0	0	0	0	0
1	78	C>G	1	317	162	246	264	250
1	79	C>A	1	540	501	503	506	494
1	80	C>T	1	0	180	235	249	135
1	81	C>A	1	0	218	249	133	120
1	82	A>T	1	479	471	521	480	505
1	83	C>A	1	0	0	0	0	0
1	84	G>T	1	217	129	0	0	85
1	85	G>T	1	0	0	0	0	0
1	86	A>T	1	0	0	0	0	0
1	87	T>C	1	0	177	259	240	136
1	88	G>T	1	212	108	0	0	103
1	89	A>C	1	0	0	0	0	0
1	90	G>A	1	0	112	0	0	85
1	91	A>C	1	201	138	0	0	105
1	92	A>G	1	211	131	0	0	93
1	93	C>G	1	210	116	0	0	92
1	94	T>C	1	525	497	470	509	521
1	95	A>T	1	0	0	0	0	0
1	96	T>C	1	306	173	253	251	257
1	97	C>A	1	0	181	239	258	132
1	98	A>C	1	290	153	276	252	272
1	99	T>C	1	476	514	531	495	555
