#chr	normal	sample0	sample1	sample2	sample3	sample4	sample5	sample6	sample7	sample8	sample9	sample10	sample11	sample12	sample13	sample14	sample15	sample16	sample17	sample18	sample19
0	0	0.0	0.169720636828	0.0	0.0	0.0	0.0	0.183468332195	0.0	0.0	0.269041527258	0.227419030376	0.143729967949	0.0	0.191255739669	0.0	0.0	0.0	0.0	0.0	0.16716507177
1	0	0.0	0.0	0.0	0.0	0.0	0.0	0.0	0.129187081292	0.0	0.0	0.0	0.107078942136	0.129924393156	0.142929600325	0.183823529412	0.0	0.0	0.184057680753	0.0	0.0
2	0	0.0	0.160096057635	0.0	0.0	0.0	0.0	0.182895260852	0.0	0.0	0.26775147929	0.229175050302	0.148028311426	0.0	0.194115862906	0.0	0.0	0.0	0.0	0.0	0.161757313763
3	0	0.0	0.205115346038	0.0	0.0	0.0	0.140195296931	0.0	0.0	0.146047073024	0.0	0.0	0.0	0.0	0.0	0.0	0.0	0.152014468	0.0	0.0	0.192238983724
4	0	0.213204540928	0.0	0.0	0.0	0.0	0.0	0.0	0.0	0.0	0.0	0.0	0.0	0.150070550292	0.0	0.0	0.0	0.103272290603	0.0	0.0	0.136961900049
5	0	0.0	0.205465788949	0.0	0.0	0.0	0.139878884146	0.0	0.0	0.141636869289	0.0	0.0	0.0	0.0	0.0	0.0	0.0	0.150369187787	0.0	0.0	0.200160449258
6	0	0.0	0.0	0.220885564092	0.0	0.0	0.0	0.174262196346	0.0	0.0	0.0	0.0	0.139734031836	0.0	0.0	0.0	0.0	0.0	0.0	0.161077844311	0.0
7	0	0.0	0.196635438703	0.0	0.0	0.0	0.152822257806	0.0	0.0	0.148923385078	0.0	0.0	0.0	0.0	0.0	0.0	0.0	0.14854998986	0.0	0.0	0.193947315504
8	0	0.0	0.134346142389	0.0	0.205282944203	0.100824286289	0.0	0.0	0.0	0.0	0.0	0.0	0.0	0.0	0.159090909091	0.0	0.203273126434	0.099542106311	0.0	0.0	0.0
9	0	0.0	0.200177935943	0.0	0.0	0.0	0.144577124248	0.0	0.0	0.14075589324	0.0	0.0	0.0	0.0	0.0	0.0	0.0	0.159230616696	0.0	0.0	0.198336468957
10	0	0.0	0.0	0.0	0.0	0.0	0.0	0.0	0.132165605096	0.0	0.0	0.0	0.104892329066	0.126615508885	0.141147378833	0.188464183944	0.0	0.0	0.195213980737	0.0	0.0
11	0	0.0	0.0	0.21644245142	0.0	0.0	0.0	0.17283585036	0.0	0.0	0.0	0.0	0.130344418052	0.0	0.0	0.0	0.0	0.0	0.0	0.165409803532	0.0
12	0	0.0	0.207895512128	0.0	0.0	0.0	0.141284770863	0.0	0.0	0.139537233505	0.0	0.0	0.0	0.0	0.0	0.0	0.0	0.156577885391	0.0	0.0	0.19665105153
13	0	0.0	0.167786581085	0.0	0.0	0.0	0.0	0.176128967658	0.0	0.0	0.269633769085	0.238333667134	0.134293270644	0.0	0.191821034518	0.0	0.0	0.0	0.0	0.0	0.159448025786
14	0	0.0	0.132360291912	0.0	0.202571711177	0.0974584750851	0.0	0.0	0.0	0.0	0.0	0.0	0.0	0.0	0.15860873113	0.0	0.197020034229	0.100425027182	0.0	0.0	0.0
15	0	0.0	0.210348929421	0.0	0.0	0.0	0.147328167455	0.0	0.0	0.143067412423	0.0	0.0	0.0	0.0	0.0	0.0	0.0	0.148541919806	0.0	0.0	0.198861934711
16	0	0.0	0.164811817078	0.0	0.0	0.0	0.0	0.1767727639	0.0	0.0	0.269797055312	0.229137199434	0.141514151415	0.0	0.199819258962	0.0	0.0	0.0	0.0	0.0	0.164125200642
17	0	0.0	0.0	0.216278602971	0.0	0.0	0.0	0.175131525698	0.0	0.0	0.0	0.0	0.137968874701	0.0	0.0	0.0	0.0	0.0	0.0	0.16701193647	0.0
18	0	0.0	0.0	0.210953957268	0.0	0.0	0.0	0.169098797081	0.0	0.0	0.0	0.0	0.136400080176	0.0	0.0	0.0	0.0	0.0	0.0	0.168031543828	0.0
19	0	0.0	0.0	0.220438683948	0.0	0.0	0.0	0.171835792432	0.0	0.0	0.0	0.0	0.136597159263	0.0	0.0	0.0	0.0	0.0	0.0	0.166014645401	0.0
20	0	0.0	0.159003443387	0.0	0.0	0.0	0.0	0.176593625498	0.0	0.0	0.271530390022	0.228471876556	0.13764624914	0.0	0.199193786255	0.0	0.0	0.0	0.0	0.0	0.16772759422
21	0	0.0	0.0	0.217841301134	0.0	0.0	0.0	0.170180873389	0.0	0.0	0.0	0.0	0.134578301025	0.0	0.0	0.0	0.0	0.0	0.0	0.16508097166	0.0
22	0	0.0	0.211223458038	0.0	0.0	0.0	0.132924961715	0.0	0.0	0.144333956877	0.0	0.0	0.0	0.0	0.0	0.0	0.0	0.148404993065	0.0	0.0	0.200019962072
23	0	0.0	0.0	0.0	0.0	0.0	0.0	0.0	0.139571611884	0.0	0.0	0.0	0.108064352929	0.130447911424	0.148092670262	0.194539592988	0.0	0.0	0.19156504065	0.0	0.0
24	0	0.0	0.168654173765	0.0	0.0	0.0	0.0	0.178162665856	0.0	0.0	0.268137205302	0.231064044377	0.139629970357	0.0	0.194887856133	0.0	0.0	0.0	0.0	0.0	0.156742644844
25	0	0.0	0.198752138472	0.0	0.0	0.0	0.146536234777	0.0	0.0	0.140335128665	0.0	0.0	0.0	0.0	0.0	0.0	0.0	0.156493896338	0.0	0.0	0.198345459982
26	0	0.0	0.131789937863	0.0	0.202522632489	0.200896860987	0.0990246815287	0.151815836475	0.283146964856	0.0966803730819	0.227666567075	0.0	0.219420917865	0.135361291593	0.307309300936	0.190537977842	0.195639127826	0.0973184694185	0.198863636364	0.144022560177	0.0
27	0	0.500202839757	0.365373074615	0.221612280167	0.294659853722	0.143557422969	0.407301147606	0.343435350414	0.213669209153	0.26486268987	0.283080582813	0.501413284878	0.276515537443	0.148392250849	0.190245868601	0.0	0.301869902526	0.403724247227	0.315428109855	0.347632085995	0.495337522806
28	0	0.0	0.166350663606	0.0	0.0	0.0	0.0	0.179024049496	0.0	0.0	0.27834018242	0.22817657586	0.139054702026	0.0	0.194091136705	0.0	0.0	0.0	0.0	0.0	0.162024048096
29	0	0.211844197138	0.0	0.0	0.0	0.0	0.0	0.0	0.0	0.0	0.0	0.0	0.0	0.150806451613	0.0	0.0	0.0	0.102188335479	0.0	0.0	0.138250705361
30	0	0.0	0.164739012371	0.0	0.0	0.0	0.0	0.179510426111	0.0	0.0	0.268410462777	0.223305801572	0.14591726442	0.0	0.198527216638	0.0	0.0	0.0	0.0	0.0	0.158590753079
31	0	0.0	0.162608957018	0.0	0.0	0.0	0.0	0.173682100621	0.0	0.0	0.267626466818	0.222596630327	0.140778140778	0.0	0.191211401425	0.0	0.0	0.0	0.0	0.0	0.163773206222
32	0	0.0	0.202923215537	0.0	0.0	0.0	0.142715165971	0.0	0.0	0.141111000696	0.0	0.0	0.0	0.0	0.0	0.0	0.0	0.155753968254	0.0	0.0	0.199820609926
33	0	0.0	0.206893136575	0.0	0.0	0.0	0.142245669918	0.0	0.0	0.140433176964	0.0	0.0	0.0	0.0	0.0	0.0	0.0	0.151768809168	0.0	0.0	0.200552431686
34	0	0.0	0.134056528662	0.0	0.19802479089	0.203624839061	0.0951327433628	0.157032271036	0.281125696102	0.0968318601649	0.223487474007	0.0	0.228978007762	0.135180939089	0.311166007905	0.182112832979	0.198286895737	0.0997506234414	0.190833583508	0.155134153722	0.0
35	0	0.0	0.131430270592	0.0	0.20306358964	0.096516618425	0.0	0.0	0.0	0.0	0.0	0.0	0.0	0.0	0.157841755587	0.0	0.201066561327	0.0945081717592	0.0	0.0	0.0
36	0	0.0	0.199348662785	0.0	0.0	0.0	0.140476903123	0.0	0.0	0.137658702389	0.0	0.0	0.0	0.0	0.0	0.0	0.0	0.151374760802	0.0	0.0	0.197836321747
37	0	0.219993953441	0.0	0.0	0.0	0.0	0.0	0.0	0.0	0.0	0.0	0.0	0.0	0.153892335401	0.0	0.0	0.0	0.101683303973	0.0	0.0	0.137124739919
38	0	0.487902021308	0.357563067105	0.221833799441	0.296363089871	0.148971760307	0.409375	0.351755265797	0.217813925808	0.265867066467	0.26725345069	0.494892393137	0.276993895727	0.148126056268	0.194106406517	0.0	0.297563451777	0.400622990354	0.292748972019	0.360461645607	0.502032520325
39	0	0.216923842708	0.0	0.0	0.0	0.0	0.0	0.0	0.0	0.0	0.0	0.0	0.0	0.150958546623	0.0	0.0	0.0	0.102584414298	0.0	0.0	0.136630510499
40	0	0.215778894472	0.0	0.0	0.0	0.0	0.0	0.0	0.0	0.0	0.0	0.0	0.0	0.146169354839	0.0	0.0	0.0	0.0978304539976	0.0	0.0	0.135105535643
41	0	0.213148184113	0.0	0.0	0.0	0.0	0.0	0.0	0.0	0.0	0.0	0.0	0.0	0.144179633642	0.0	0.0	0.0	0.104356534802	0.0	0.0	0.134627108311
42	0	0.504888620099	0.365768810257	0.220926726304	0.289205103042	0.145405351238	0.398556456397	0.353377430347	0.219345775637	0.263377345379	0.26963427787	0.502975890245	0.268599617437	0.142169158222	0.192637669593	0.0	0.292438657987	0.391163156859	0.307338511856	0.350224438903	0.499298878205
43	0	0.0	0.20457073516	0.0	0.0	0.0	0.139560549814	0.0	0.0	0.143298147779	0.0	0.0	0.0	0.0	0.0	0.0	0.0	0.153560682046	0.0	0.0	0.203315794699
44	0	0.0	0.168228958915	0.0	0.287095166916	0.154785348562	0.138886121351	0.177977080219	0.215881397238	0.0	0.274633330052	0.497104720777	0.137188770955	0.0	0.197502725201	0.0	0.298378270819	0.148869914616	0.303516592372	0.0	0.166816952209
45	0	0.0	0.133656989993	0.0	0.199310004929	0.209459459459	0.0950095009501	0.15548508572	0.287262338686	0.0945864962046	0.230655786058	0.0	0.235398754818	0.131003069611	0.295080321285	0.184382871537	0.200279552716	0.0942496772271	0.189545725055	0.146256471525	0.0
46	0	0.0	0.198217147436	0.0	0.0	0.0	0.143028725853	0.0	0.0	0.134916674983	0.0	0.0	0.0	0.0	0.0	0.0	0.0	0.152101602661	0.0	0.0	0.197830629913
47	0	0.0	0.0	0.282891420506	0.0	0.153655145014	0.0	0.0	0.0	0.139635995956	0.0	0.0	0.0	0.215927258193	0.0	0.307289091089	0.0	0.0	0.0	0.0	0.0
48	0	0.0	0.0	0.0	0.0	0.0	0.0	0.0	0.137035200793	0.0	0.0	0.0	0.109644670051	0.140340279875	0.149171270718	0.191042969538	0.0	0.0	0.195434243176	0.0	0.0
49	0	0.0	0.0	0.0	0.0	0.0	0.0	0.0	0.13196161836	0.0	0.0	0.0	0.0979543666404	0.132743362832	0.146796350145	0.189322837824	0.0	0.0	0.19783882044	0.0	0.0
50	0	0.212815104951	0.0	0.0	0.0	0.0	0.0	0.0	0.0	0.0	0.0	0.0	0.0	0.152052610602	0.0	0.0	0.0	0.0977481571241	0.0	0.0	0.138583457157
51	0	0.0	0.163629120606	0.0	0.0	0.0	0.0	0.175435087017	0.0	0.0	0.274893701177	0.233830354498	0.137130801688	0.0	0.19520174482	0.0	0.0	0.0	0.0	0.0	0.168625498008
52	0	0.0	0.0	0.0	0.0	0.0	0.0	0.0	0.133386107263	0.0	0.0	0.0	0.101965109284	0.135811080112	0.142038719874	0.195315641335	0.0	0.0	0.190900981267	0.0	0.0
53	0	0.0	0.162864827174	0.0	0.0	0.0	0.0	0.181791251111	0.0	0.0	0.275114039534	0.231496379726	0.140568319226	0.0	0.188003581021	0.0	0.0	0.0	0.0	0.0	0.170264272746
54	0	0.0	0.160384923817	0.0	0.0	0.0	0.0	0.179587732529	0.0	0.0	0.265563909774	0.228114057029	0.141943861752	0.0	0.192656082595	0.0	0.0	0.0	0.0	0.0	0.164333234038
55	0	0.209825997953	0.0	0.0	0.0	0.0	0.0	0.0	0.0	0.0	0.0	0.0	0.0	0.147275258552	0.0	0.0	0.0	0.106175298805	0.0	0.0	0.131315156375
56	0	0.0	0.164610322846	0.0	0.0	0.0	0.0	0.18397922493	0.0	0.0	0.272552588997	0.226525938465	0.142584213172	0.0	0.191701575903	0.0	0.0	0.0	0.0	0.0	0.164261375025
57	0	0.0	0.160853878533	0.0	0.0	0.0	0.0	0.179544988727	0.0	0.0	0.272915230875	0.233163664839	0.1387381957	0.0	0.202859696157	0.0	0.0	0.0	0.0	0.0	0.158921746128
58	0	0.0	0.136318800552	0.0	0.205179085227	0.210420235816	0.0947378951581	0.146636055101	0.276243093923	0.100218949045	0.23368589104	0.0	0.218582952668	0.129788281635	0.306364183899	0.183272077084	0.204625984252	0.0970591187393	0.194569682397	0.144965104686	0.0
59	0	0.0	0.0	0.273776403916	0.0	0.150922693267	0.0	0.0	0.0	0.136191047162	0.0	0.0	0.0	0.217061323619	0.0	0.314620115057	0.0	0.0	0.0	0.0	0.0
60	0	0.0	0.204825409753	0.0	0.0	0.0	0.145246919764	0.0	0.0	0.136670359553	0.0	0.0	0.0	0.0	0.0	0.0	0.0	0.154737154737	0.0	0.0	0.19180540325
61	0	0.0	0.201814737262	0.0	0.0	0.0	0.135911490053	0.0	0.0	0.143710785778	0.0	0.0	0.0	0.0	0.0	0.0	0.0	0.147257551669	0.0	0.0	0.198868149325
62	0	0.0	0.199822204662	0.0	0.0	0.0	0.136396047672	0.0	0.0	0.138571570478	0.0	0.0	0.0	0.0	0.0	0.0	0.0	0.147893636092	0.0	0.0	0.201549617562
63	0	0.0	0.16976628543	0.0	0.0	0.0	0.0	0.172513454256	0.0	0.0	0.260886975673	0.227017992331	0.137716748522	0.0	0.201892109501	0.0	0.0	0.0	0.0	0.0	0.164394546913
64	0	0.0	0.0	0.285424690857	0.0	0.144273127753	0.0	0.0	0.0	0.138972205559	0.0	0.0	0.0	0.215315315315	0.0	0.309297912713	0.0	0.0	0.0	0.0	0.0
65	0	0.0	0.202263926125	0.0	0.0	0.0	0.141772671317	0.0	0.0	0.139905251487	0.0	0.0	0.0	0.0	0.0	0.0	0.0	0.151846231664	0.0	0.0	0.205382858278
66	0	0.209005778043	0.0	0.0	0.0	0.0	0.0	0.0	0.0	0.0	0.0	0.0	0.0	0.149168503306	0.0	0.0	0.0	0.0973760351192	0.0	0.0	0.130739606991
67	0	0.0	0.135056020995	0.0	0.205879461213	0.196610841344	0.0993618960802	0.149051224068	0.288017515924	0.102167487685	0.224170568895	0.0	0.22308303536	0.137359324759	0.301222935044	0.189085396665	0.214228776405	0.102546455609	0.195063694268	0.149851337958	0.0
68	0	0.0	0.0	0.223110755698	0.0	0.0	0.0	0.174074445671	0.0	0.0	0.0	0.0	0.138285024155	0.0	0.0	0.0	0.0	0.0	0.0	0.165758676352	0.0
69	0	0.0	0.0	0.217929519816	0.0	0.0	0.0	0.169372619763	0.0	0.0	0.0	0.0	0.138606895165	0.0	0.0	0.0	0.0	0.0	0.0	0.16557175118	0.0
70	0	0.0	0.134303078609	0.0	0.209051297287	0.206921119593	0.0966923701299	0.151410192974	0.291591410797	0.09493863475	0.224649915582	0.0	0.227069462387	0.136813948881	0.305308861259	0.191755910285	0.204913905951	0.0960231814548	0.198847553579	0.148683946152	0.0
71	0	0.214580191051	0.0	0.0	0.0	0.0	0.0	0.0	0.0	0.0	0.0	0.0	0.0	0.146901603643	0.0	0.0	0.0	0.104664837319	0.0	0.0	0.135042042346
72	0	0.215313411812	0.0	0.0	0.0	0.0	0.0	0.0	0.0	0.0	0.0	0.0	0.0	0.148356054531	0.0	0.0	0.0	0.102584572398	0.0	0.0	0.140567810862
73	0	0.0	0.0	0.21665845244	0.0	0.0	0.0	0.170420570062	0.0	0.0	0.0	0.0	0.12982135607	0.0	0.0	0.0	0.0	0.0	0.0	0.167092488503	0.0
74	0	0.0	0.0	0.21944939592	0.0	0.0	0.0	0.172300656194	0.0	0.0	0.0	0.0	0.13808284971	0.0	0.0	0.0	0.0	0.0	0.0	0.165965544872	0.0
75	0	0.0	0.205440806045	0.0	0.0	0.0	0.143746235696	0.0	0.0	0.144725022457	0.0	0.0	0.0	0.0	0.0	0.0	0.0	0.154075751338	0.0	0.0	0.20170145415
76	0	0.0	0.210420438544	0.0	0.0	0.0	0.143317554638	0.0	0.0	0.139473166896	0.0	0.0	0.0	0.0	0.0	0.0	0.0	0.153524908024	0.0	0.0	0.202078288943
77	0	0.0	0.0	0.0	0.0	0.0	0.0	0.0	0.132605459057	0.0	0.0	0.0	0.10948608572	0.13800723182	0.141748160097	0.196031981048	0.0	0.0	0.192540933899	0.0	0.0
78	0	0.0	0.0	0.223656559592	0.0	0.0	0.0	0.172812654474	0.0	0.0	0.0	0.0	0.138713871387	0.0	0.0	0.0	0.0	0.0	0.0	0.160508782556	0.0
79	0	0.0	0.0	0.215792586751	0.0	0.0	0.0	0.174668130552	0.0	0.0	0.0	0.0	0.139465875371	0.0	0.0	0.0	0.0	0.0	0.0	0.164167166567	0.0
80	0	0.0	0.134486551345	0.0	0.204486797697	0.0990627834324	0.0	0.0	0.0	0.0	0.0	0.0	0.0	0.0	0.156193353474	0.0	0.200360829909	0.101331731251	0.0	0.0	0.0
81	0	0.0	0.158946322068	0.0	0.0	0.0	0.0	0.175424495127	0.0	0.0	0.274099654662	0.232469063052	0.141623660183	0.0	0.198571711962	0.0	0.0	0.0	0.0	0.0	0.166733426798
82	0	0.0	0.161683277962	0.0	0.0	0.0	0.0	0.174930583102	0.0	0.0	0.274085882236	0.223669367244	0.137742718447	0.0	0.200674536256	0.0	0.0	0.0	0.0	0.0	0.163527054108
83	0	0.0	0.202305125872	0.0	0.0	0.0	0.141216418656	0.0	0.0	0.136813240623	0.0	0.0	0.0	0.0	0.0	0.0	0.0	0.145483773737	0.0	0.0	0.20322677623
84	0	0.0	0.0	0.220003992813	0.0	0.0	0.0	0.170655983976	0.0	0.0	0.0	0.0	0.130828885084	0.0	0.0	0.0	0.0	0.0	0.0	0.172232341631	0.0
85	0	0.0	0.0	0.225793611305	0.0	0.0	0.0	0.174059740002	0.0	0.0	0.0	0.0	0.141096302235	0.0	0.0	0.0	0.0	0.0	0.0	0.162302618429	0.0
86	0	0.0	0.202899970608	0.0	0.0	0.0	0.13813874109	0.0	0.0	0.135288835678	0.0	0.0	0.0	0.0	0.0	0.0	0.0	0.150879634231	0.0	0.0	0.202579365079
87	0	0.217248582513	0.0	0.0	0.0	0.0	0.0	0.0	0.0	0.0	0.0	0.0	0.0	0.151505993754	0.0	0.0	0.0	0.105595578802	0.0	0.0	0.138095238095
88	0	0.209148359916	0.0	0.0	0.0	0.0	0.0	0.0	0.0	0.0	0.0	0.0	0.0	0.144739468956	0.0	0.0	0.0	0.096559928621	0.0	0.0	0.132543318064
89	0	0.0	0.202049343414	0.0	0.0	0.0	0.140490979	0.0	0.0	0.140064166834	0.0	0.0	0.0	0.0	0.0	0.0	0.0	0.154290345456	0.0	0.0	0.199273167777
90	0	0.0	0.0	0.224511824159	0.0	0.0	0.0	0.175334473393	0.0	0.0	0.0	0.0	0.134998513232	0.0	0.0	0.0	0.0	0.0	0.0	0.159150130287	0.0
91	0	0.21814921805	0.0	0.0	0.0	0.0	0.0	0.0	0.0	0.0	0.0	0.0	0.0	0.149028503797	0.0	0.0	0.0	0.104361841443	0.0	0.0	0.137110425172
92	0	0.22027330206	0.0	0.0	0.0	0.0	0.0	0.0	0.0	0.0	0.0	0.0	0.0	0.150070692789	0.0	0.0	0.0	0.105528652139	0.0	0.0	0.137952052011
93	0	0.0	0.206120612061	0.0	0.0	0.0	0.143462827845	0.0	0.0	0.140306637079	0.0	0.0	0.0	0.0	0.0	0.0	0.0	0.149454071922	0.0	0.0	0.200603015075
94	0	0.0	0.135795116141	0.0	0.199081010888	0.19952162647	0.0984886397758	0.146807645384	0.291536681091	0.0959698758396	0.226976650967	0.0	0.225433526012	0.128212761735	0.307135678392	0.191166041941	0.200217090981	0.0977958697379	0.19534697152	0.14939711793	0.0
95	0	0.0	0.0	0.213895239042	0.0	0.0	0.0	0.181736705835	0.0	0.0	0.0	0.0	0.133693045564	0.0	0.0	0.0	0.0	0.0	0.0	0.172619047619	0.0
96	0	0.0	0.20025699318	0.0	0.0	0.0	0.135080028545	0.0	0.0	0.135655819525	0.0	0.0	0.0	0.0	0.0	0.0	0.0	0.15549273021	0.0	0.0	0.202363367799
97	0	0.0	0.0	0.214040928229	0.0	0.0	0.0	0.170420269455	0.0	0.0	0.0	0.0	0.134695912263	0.0	0.0	0.0	0.0	0.0	0.0	0.156739499152	0.0
98	0	0.0	0.0	0.215489566613	0.0	0.0	0.0	0.170150753769	0.0	0.0	0.0	0.0	0.135520112348	0.0	0.0	0.0	0.0	0.0	0.0	0.159612697145	0.0
99	0	0.217008504252	0.0	0.0	0.0	0.0	0.0	0.0	0.0	0.0	0.0	0.0	0.0	0.150890534321	0.0	0.0	0.0	0.108846269706	0.0	0.0	0.132321912991
