Num_mutations: 100
Num_samples: 20
Error_rate: 0.080000

0.000000000000000000e+00 0.000000000000000000e+00 0.000000000000000000e+00 0.000000000000000000e+00 0.000000000000000000e+00 0.000000000000000000e+00 0.000000000000000000e+00 0.000000000000000000e+00 0.000000000000000000e+00 5.376344086021505042e-01 2.831858407079645978e-01 0.000000000000000000e+00 0.000000000000000000e+00 0.000000000000000000e+00 3.888888888888888951e-01 2.372881355932203451e-01 0.000000000000000000e+00 0.000000000000000000e+00 0.000000000000000000e+00 3.738317757009345654e-01
0.000000000000000000e+00 5.762711864406779849e-01 6.915887850467289377e-01 6.601941747572815933e-01 5.283018867924528239e-01 0.000000000000000000e+00 5.773195876288659267e-01 6.595744680851063357e-01 7.358490566037735325e-01 9.565217391304348116e-01 5.581395348837209225e-01 3.725490196078431460e-01 3.898305084745762872e-01 1.106796116504854322e+00 9.887640449438201973e-01 5.607476635514018204e-01 0.000000000000000000e+00 4.000000000000000222e-01 0.000000000000000000e+00 1.034482758620689724e+00
0.000000000000000000e+00 0.000000000000000000e+00 0.000000000000000000e+00 0.000000000000000000e+00 0.000000000000000000e+00 0.000000000000000000e+00 0.000000000000000000e+00 0.000000000000000000e+00 0.000000000000000000e+00 3.541666666666666852e-01 3.168316831683168355e-01 0.000000000000000000e+00 0.000000000000000000e+00 0.000000000000000000e+00 3.953488372093023062e-01 1.720430107526881858e-01 0.000000000000000000e+00 0.000000000000000000e+00 0.000000000000000000e+00 4.485981308411214896e-01
0.000000000000000000e+00 3.232323232323232598e-01 0.000000000000000000e+00 0.000000000000000000e+00 0.000000000000000000e+00 0.000000000000000000e+00 0.000000000000000000e+00 0.000000000000000000e+00 2.828282828282828176e-01 0.000000000000000000e+00 0.000000000000000000e+00 4.363636363636363424e-01 0.000000000000000000e+00 0.000000000000000000e+00 0.000000000000000000e+00 2.307692307692307820e-01 6.593406593406593297e-01 0.000000000000000000e+00 0.000000000000000000e+00 0.000000000000000000e+00
0.000000000000000000e+00 1.818181818181818232e-01 1.636363636363636354e-01 0.000000000000000000e+00 0.000000000000000000e+00 0.000000000000000000e+00 0.000000000000000000e+00 0.000000000000000000e+00 0.000000000000000000e+00 0.000000000000000000e+00 0.000000000000000000e+00 0.000000000000000000e+00 0.000000000000000000e+00 2.735042735042735318e-01 2.736842105263158076e-01 0.000000000000000000e+00 0.000000000000000000e+00 0.000000000000000000e+00 0.000000000000000000e+00 0.000000000000000000e+00
0.000000000000000000e+00 1.568627450980392135e-01 2.926829268292682751e-01 0.000000000000000000e+00 0.000000000000000000e+00 0.000000000000000000e+00 0.000000000000000000e+00 0.000000000000000000e+00 0.000000000000000000e+00 0.000000000000000000e+00 0.000000000000000000e+00 0.000000000000000000e+00 0.000000000000000000e+00 3.177570093457943723e-01 2.452830188679245293e-01 0.000000000000000000e+00 0.000000000000000000e+00 0.000000000000000000e+00 0.000000000000000000e+00 0.000000000000000000e+00
0.000000000000000000e+00 2.365591397849462485e-01 1.797752808988763995e-01 0.000000000000000000e+00 0.000000000000000000e+00 0.000000000000000000e+00 0.000000000000000000e+00 0.000000000000000000e+00 0.000000000000000000e+00 0.000000000000000000e+00 0.000000000000000000e+00 0.000000000000000000e+00 0.000000000000000000e+00 3.678160919540229834e-01 2.022471910112359494e-01 0.000000000000000000e+00 0.000000000000000000e+00 0.000000000000000000e+00 0.000000000000000000e+00 0.000000000000000000e+00
0.000000000000000000e+00 5.555555555555555802e-01 7.878787878787878451e-01 6.086956521739130821e-01 4.494382022471909988e-01 0.000000000000000000e+00 6.034482758620689502e-01 5.961538461538461453e-01 7.118644067796610075e-01 1.142857142857142794e+00 6.168224299065420135e-01 2.241379310344827624e-01 4.680851063829787329e-01 1.010526315789473717e+00 7.916666666666666297e-01 3.826086956521739246e-01 0.000000000000000000e+00 3.010752688172043112e-01 0.000000000000000000e+00 8.686868686868687295e-01
0.000000000000000000e+00 3.043478260869565410e-01 0.000000000000000000e+00 0.000000000000000000e+00 0.000000000000000000e+00 0.000000000000000000e+00 0.000000000000000000e+00 0.000000000000000000e+00 2.708333333333333148e-01 0.000000000000000000e+00 0.000000000000000000e+00 3.664122137404580148e-01 0.000000000000000000e+00 0.000000000000000000e+00 0.000000000000000000e+00 2.424242424242424310e-01 4.950495049504950451e-01 0.000000000000000000e+00 0.000000000000000000e+00 0.000000000000000000e+00
0.000000000000000000e+00 2.429906542056074759e-01 0.000000000000000000e+00 0.000000000000000000e+00 0.000000000000000000e+00 0.000000000000000000e+00 0.000000000000000000e+00 0.000000000000000000e+00 3.800000000000000044e-01 0.000000000000000000e+00 0.000000000000000000e+00 3.220338983050847204e-01 0.000000000000000000e+00 0.000000000000000000e+00 0.000000000000000000e+00 1.489361702127659504e-01 4.112149532710280275e-01 0.000000000000000000e+00 0.000000000000000000e+00 0.000000000000000000e+00
0.000000000000000000e+00 2.682926829268292845e-01 0.000000000000000000e+00 0.000000000000000000e+00 0.000000000000000000e+00 0.000000000000000000e+00 0.000000000000000000e+00 0.000000000000000000e+00 3.711340206185567148e-01 0.000000000000000000e+00 0.000000000000000000e+00 3.917525773195876249e-01 0.000000000000000000e+00 0.000000000000000000e+00 0.000000000000000000e+00 3.076923076923077094e-01 5.043478260869564966e-01 0.000000000000000000e+00 0.000000000000000000e+00 0.000000000000000000e+00
0.000000000000000000e+00 1.980198019801980291e-01 2.626262626262626521e-01 0.000000000000000000e+00 0.000000000000000000e+00 0.000000000000000000e+00 0.000000000000000000e+00 0.000000000000000000e+00 0.000000000000000000e+00 0.000000000000000000e+00 0.000000000000000000e+00 0.000000000000000000e+00 0.000000000000000000e+00 2.068965517241379282e-01 1.228070175438596423e-01 0.000000000000000000e+00 0.000000000000000000e+00 0.000000000000000000e+00 0.000000000000000000e+00 0.000000000000000000e+00
4.222222222222222210e-01 6.206896551724138122e-01 2.407407407407407274e-01 0.000000000000000000e+00 0.000000000000000000e+00 4.646464646464646409e-01 3.392857142857143016e-01 0.000000000000000000e+00 3.614457831325301185e-01 0.000000000000000000e+00 3.255813953488372325e-01 6.470588235294117974e-01 0.000000000000000000e+00 0.000000000000000000e+00 0.000000000000000000e+00 6.666666666666666297e-01 7.128712871287128383e-01 0.000000000000000000e+00 4.347826086956521618e-01 0.000000000000000000e+00
0.000000000000000000e+00 0.000000000000000000e+00 0.000000000000000000e+00 0.000000000000000000e+00 0.000000000000000000e+00 0.000000000000000000e+00 4.901960784313725283e-01 0.000000000000000000e+00 3.762376237623762387e-01 4.854368932038835016e-01 2.637362637362637430e-01 3.539823008849557473e-01 0.000000000000000000e+00 0.000000000000000000e+00 4.946236559139784994e-01 2.916666666666666852e-01 0.000000000000000000e+00 0.000000000000000000e+00 0.000000000000000000e+00 3.584905660377358250e-01
0.000000000000000000e+00 0.000000000000000000e+00 0.000000000000000000e+00 0.000000000000000000e+00 0.000000000000000000e+00 0.000000000000000000e+00 0.000000000000000000e+00 0.000000000000000000e+00 0.000000000000000000e+00 5.142857142857142350e-01 2.040816326530612290e-01 0.000000000000000000e+00 0.000000000000000000e+00 0.000000000000000000e+00 3.773584905660377631e-01 2.247191011235954994e-01 0.000000000000000000e+00 0.000000000000000000e+00 0.000000000000000000e+00 1.199999999999999956e-01
0.000000000000000000e+00 0.000000000000000000e+00 0.000000000000000000e+00 0.000000000000000000e+00 0.000000000000000000e+00 0.000000000000000000e+00 0.000000000000000000e+00 0.000000000000000000e+00 0.000000000000000000e+00 5.054945054945054750e-01 2.476190476190476275e-01 0.000000000000000000e+00 0.000000000000000000e+00 0.000000000000000000e+00 2.500000000000000000e-01 2.752293577981651529e-01 0.000000000000000000e+00 0.000000000000000000e+00 0.000000000000000000e+00 3.106796116504854099e-01
0.000000000000000000e+00 0.000000000000000000e+00 0.000000000000000000e+00 0.000000000000000000e+00 0.000000000000000000e+00 0.000000000000000000e+00 0.000000000000000000e+00 0.000000000000000000e+00 0.000000000000000000e+00 3.960396039603960583e-01 3.544303797468354444e-01 0.000000000000000000e+00 0.000000000000000000e+00 0.000000000000000000e+00 2.083333333333333426e-01 2.736842105263158076e-01 0.000000000000000000e+00 0.000000000000000000e+00 0.000000000000000000e+00 3.298969072164948391e-01
0.000000000000000000e+00 1.075268817204301092e-01 2.745098039215686514e-01 0.000000000000000000e+00 0.000000000000000000e+00 0.000000000000000000e+00 0.000000000000000000e+00 0.000000000000000000e+00 0.000000000000000000e+00 0.000000000000000000e+00 0.000000000000000000e+00 0.000000000000000000e+00 0.000000000000000000e+00 3.300970873786407966e-01 2.795698924731182533e-01 0.000000000000000000e+00 0.000000000000000000e+00 0.000000000000000000e+00 0.000000000000000000e+00 0.000000000000000000e+00
0.000000000000000000e+00 0.000000000000000000e+00 0.000000000000000000e+00 0.000000000000000000e+00 0.000000000000000000e+00 0.000000000000000000e+00 0.000000000000000000e+00 0.000000000000000000e+00 0.000000000000000000e+00 6.521739130434782705e-01 2.476190476190476275e-01 0.000000000000000000e+00 0.000000000000000000e+00 0.000000000000000000e+00 4.086021505376344343e-01 3.518518518518518601e-01 0.000000000000000000e+00 0.000000000000000000e+00 0.000000000000000000e+00 3.636363636363636465e-01
5.344827586206896131e-01 5.106382978723403854e-01 3.846153846153846367e-01 0.000000000000000000e+00 0.000000000000000000e+00 5.263157894736841813e-01 2.999999999999999889e-01 0.000000000000000000e+00 2.619047619047619180e-01 0.000000000000000000e+00 2.476190476190476275e-01 7.173913043478260532e-01 0.000000000000000000e+00 0.000000000000000000e+00 0.000000000000000000e+00 4.199999999999999845e-01 5.303030303030302761e-01 0.000000000000000000e+00 4.000000000000000222e-01 0.000000000000000000e+00
0.000000000000000000e+00 1.632653061224489666e-01 1.851851851851851749e-01 0.000000000000000000e+00 0.000000000000000000e+00 0.000000000000000000e+00 0.000000000000000000e+00 0.000000000000000000e+00 0.000000000000000000e+00 0.000000000000000000e+00 0.000000000000000000e+00 0.000000000000000000e+00 0.000000000000000000e+00 4.262295081967212851e-01 2.448979591836734637e-01 0.000000000000000000e+00 0.000000000000000000e+00 0.000000000000000000e+00 0.000000000000000000e+00 0.000000000000000000e+00
0.000000000000000000e+00 9.756097560975610095e-02 2.203389830508474534e-01 0.000000000000000000e+00 0.000000000000000000e+00 0.000000000000000000e+00 0.000000000000000000e+00 0.000000000000000000e+00 0.000000000000000000e+00 0.000000000000000000e+00 0.000000000000000000e+00 0.000000000000000000e+00 0.000000000000000000e+00 3.921568627450980338e-01 1.797752808988763995e-01 0.000000000000000000e+00 0.000000000000000000e+00 0.000000000000000000e+00 0.000000000000000000e+00 0.000000000000000000e+00
0.000000000000000000e+00 1.882352941176470562e-01 1.799999999999999933e-01 0.000000000000000000e+00 0.000000000000000000e+00 0.000000000000000000e+00 0.000000000000000000e+00 0.000000000000000000e+00 0.000000000000000000e+00 0.000000000000000000e+00 0.000000000000000000e+00 0.000000000000000000e+00 0.000000000000000000e+00 4.000000000000000222e-01 2.857142857142856984e-01 0.000000000000000000e+00 0.000000000000000000e+00 0.000000000000000000e+00 0.000000000000000000e+00 0.000000000000000000e+00
0.000000000000000000e+00 1.956521739130434867e-01 1.851851851851851749e-01 0.000000000000000000e+00 0.000000000000000000e+00 0.000000000000000000e+00 0.000000000000000000e+00 0.000000000000000000e+00 0.000000000000000000e+00 0.000000000000000000e+00 0.000000000000000000e+00 0.000000000000000000e+00 0.000000000000000000e+00 3.333333333333333148e-01 2.000000000000000111e-01 0.000000000000000000e+00 0.000000000000000000e+00 0.000000000000000000e+00 0.000000000000000000e+00 0.000000000000000000e+00
0.000000000000000000e+00 0.000000000000000000e+00 0.000000000000000000e+00 0.000000000000000000e+00 0.000000000000000000e+00 0.000000000000000000e+00 0.000000000000000000e+00 0.000000000000000000e+00 0.000000000000000000e+00 6.190476190476190688e-01 2.178217821782178210e-01 0.000000000000000000e+00 0.000000000000000000e+00 0.000000000000000000e+00 2.399999999999999911e-01 2.549019607843137081e-01 0.000000000000000000e+00 0.000000000000000000e+00 0.000000000000000000e+00 3.225806451612903136e-01
1.040816326530612290e+00 5.409836065573770947e-01 2.307692307692307820e-01 3.777777777777777679e-01 3.877551020408163129e-01 8.666666666666666963e-01 2.429906542056074759e-01 4.660194174757281704e-01 3.181818181818181768e-01 0.000000000000000000e+00 4.494382022471909988e-01 7.157894736842105310e-01 5.510204081632652517e-01 0.000000000000000000e+00 0.000000000000000000e+00 5.961538461538461453e-01 9.702970297029702706e-01 6.336633663366336711e-01 9.900990099009900902e-01 0.000000000000000000e+00
0.000000000000000000e+00 6.185567010309278579e-01 6.666666666666666297e-01 5.833333333333333703e-01 6.605504587155963669e-01 0.000000000000000000e+00 7.311827956989247479e-01 6.021505376344086224e-01 8.139534883720930258e-01 8.888888888888888395e-01 5.945945945945946276e-01 3.333333333333333148e-01 4.000000000000000222e-01 1.196078431372548989e+00 1.076923076923076872e+00 5.057471264367816577e-01 0.000000000000000000e+00 5.894736842105262609e-01 0.000000000000000000e+00 7.800000000000000266e-01
5.142857142857142350e-01 4.705882352941176405e-01 2.549019607843137081e-01 0.000000000000000000e+00 0.000000000000000000e+00 5.384615384615384359e-01 3.883495145631067902e-01 0.000000000000000000e+00 2.916666666666666852e-01 0.000000000000000000e+00 1.523809523809523947e-01 5.168539325842697041e-01 0.000000000000000000e+00 0.000000000000000000e+00 0.000000000000000000e+00 3.269230769230769273e-01 6.326530612244898322e-01 0.000000000000000000e+00 7.102803738317756688e-01 0.000000000000000000e+00
0.000000000000000000e+00 2.040816326530612290e-01 3.225806451612903136e-01 0.000000000000000000e+00 0.000000000000000000e+00 0.000000000000000000e+00 0.000000000000000000e+00 0.000000000000000000e+00 0.000000000000000000e+00 0.000000000000000000e+00 0.000000000000000000e+00 0.000000000000000000e+00 0.000000000000000000e+00 3.838383838383838120e-01 3.076923076923077094e-01 0.000000000000000000e+00 0.000000000000000000e+00 0.000000000000000000e+00 0.000000000000000000e+00 0.000000000000000000e+00
0.000000000000000000e+00 0.000000000000000000e+00 0.000000000000000000e+00 0.000000000000000000e+00 0.000000000000000000e+00 0.000000000000000000e+00 5.192307692307692735e-01 0.000000000000000000e+00 2.522522522522522292e-01 4.629629629629629650e-01 3.220338983050847204e-01 2.828282828282828176e-01 0.000000000000000000e+00 0.000000000000000000e+00 4.695652173913043570e-01 2.978723404255319007e-01 0.000000000000000000e+00 0.000000000000000000e+00 0.000000000000000000e+00 4.545454545454545303e-01
0.000000000000000000e+00 1.702127659574468044e-01 1.960784313725490169e-01 0.000000000000000000e+00 0.000000000000000000e+00 0.000000000000000000e+00 0.000000000000000000e+00 0.000000000000000000e+00 0.000000000000000000e+00 0.000000000000000000e+00 0.000000000000000000e+00 0.000000000000000000e+00 0.000000000000000000e+00 2.444444444444444364e-01 4.000000000000000222e-01 0.000000000000000000e+00 0.000000000000000000e+00 0.000000000000000000e+00 0.000000000000000000e+00 0.000000000000000000e+00
0.000000000000000000e+00 1.983471074380165344e-01 0.000000000000000000e+00 0.000000000000000000e+00 0.000000000000000000e+00 0.000000000000000000e+00 0.000000000000000000e+00 0.000000000000000000e+00 3.333333333333333148e-01 0.000000000000000000e+00 0.000000000000000000e+00 3.428571428571428603e-01 0.000000000000000000e+00 0.000000000000000000e+00 0.000000000000000000e+00 1.505376344086021556e-01 4.948453608247422864e-01 0.000000000000000000e+00 0.000000000000000000e+00 0.000000000000000000e+00
0.000000000000000000e+00 4.807692307692307820e-01 5.625000000000000000e-01 5.546218487394958263e-01 4.554455445544554615e-01 0.000000000000000000e+00 6.999999999999999556e-01 6.126126126126125726e-01 6.915887850467289377e-01 8.411214953271027861e-01 4.888888888888888729e-01 3.461538461538461453e-01 4.299065420560747586e-01 9.302325581395348708e-01 1.045454545454545414e+00 4.230769230769230727e-01 0.000000000000000000e+00 5.045045045045044585e-01 0.000000000000000000e+00 1.150684931506849251e+00
0.000000000000000000e+00 2.916666666666666852e-01 0.000000000000000000e+00 0.000000000000000000e+00 0.000000000000000000e+00 0.000000000000000000e+00 0.000000000000000000e+00 0.000000000000000000e+00 3.409090909090908839e-01 0.000000000000000000e+00 0.000000000000000000e+00 3.200000000000000067e-01 0.000000000000000000e+00 0.000000000000000000e+00 0.000000000000000000e+00 2.857142857142856984e-01 5.999999999999999778e-01 0.000000000000000000e+00 0.000000000000000000e+00 0.000000000000000000e+00
0.000000000000000000e+00 1.272727272727272596e-01 2.882882882882882858e-01 0.000000000000000000e+00 0.000000000000000000e+00 0.000000000000000000e+00 0.000000000000000000e+00 0.000000000000000000e+00 0.000000000000000000e+00 0.000000000000000000e+00 0.000000000000000000e+00 0.000000000000000000e+00 0.000000000000000000e+00 2.187500000000000000e-01 1.525423728813559421e-01 0.000000000000000000e+00 0.000000000000000000e+00 0.000000000000000000e+00 0.000000000000000000e+00 0.000000000000000000e+00
0.000000000000000000e+00 7.199999999999999734e-01 2.526315789473684292e-01 0.000000000000000000e+00 5.233644859813083583e-01 0.000000000000000000e+00 0.000000000000000000e+00 4.421052631578947234e-01 4.040404040404040331e-01 4.752475247524752255e-01 2.469135802469135665e-01 0.000000000000000000e+00 0.000000000000000000e+00 3.505154639175257492e-01 5.481481481481481621e-01 1.649484536082474195e-01 0.000000000000000000e+00 0.000000000000000000e+00 0.000000000000000000e+00 4.285714285714285476e-01
0.000000000000000000e+00 1.869158878504672827e-01 3.214285714285714524e-01 0.000000000000000000e+00 0.000000000000000000e+00 0.000000000000000000e+00 0.000000000000000000e+00 0.000000000000000000e+00 0.000000000000000000e+00 0.000000000000000000e+00 0.000000000000000000e+00 0.000000000000000000e+00 0.000000000000000000e+00 3.461538461538461453e-01 2.528735632183908288e-01 0.000000000000000000e+00 0.000000000000000000e+00 0.000000000000000000e+00 0.000000000000000000e+00 0.000000000000000000e+00
0.000000000000000000e+00 0.000000000000000000e+00 0.000000000000000000e+00 0.000000000000000000e+00 0.000000000000000000e+00 0.000000000000000000e+00 4.954128440366972752e-01 0.000000000000000000e+00 3.366336633663366551e-01 5.714285714285713969e-01 4.074074074074073848e-01 3.870967741935483764e-01 0.000000000000000000e+00 0.000000000000000000e+00 3.962264150943396457e-01 2.834645669291338543e-01 0.000000000000000000e+00 0.000000000000000000e+00 0.000000000000000000e+00 5.000000000000000000e-01
0.000000000000000000e+00 4.421052631578947234e-01 7.339449541284404077e-01 8.380952380952381153e-01 4.000000000000000222e-01 0.000000000000000000e+00 6.813186813186813406e-01 5.000000000000000000e-01 5.799999999999999600e-01 1.053763440860215006e+00 4.237288135593220151e-01 2.244897959183673464e-01 5.454545454545454142e-01 8.367346938775510612e-01 1.000000000000000000e+00 4.859813084112149517e-01 0.000000000000000000e+00 4.222222222222222210e-01 0.000000000000000000e+00 1.123809523809523814e+00
0.000000000000000000e+00 2.156862745098039325e-01 0.000000000000000000e+00 0.000000000000000000e+00 0.000000000000000000e+00 0.000000000000000000e+00 0.000000000000000000e+00 0.000000000000000000e+00 2.528735632183908288e-01 0.000000000000000000e+00 0.000000000000000000e+00 5.384615384615384359e-01 0.000000000000000000e+00 0.000000000000000000e+00 0.000000000000000000e+00 2.522522522522522292e-01 6.400000000000000133e-01 0.000000000000000000e+00 0.000000000000000000e+00 0.000000000000000000e+00
0.000000000000000000e+00 2.222222222222222099e-01 1.441441441441441429e-01 0.000000000000000000e+00 0.000000000000000000e+00 0.000000000000000000e+00 0.000000000000000000e+00 0.000000000000000000e+00 0.000000000000000000e+00 0.000000000000000000e+00 0.000000000000000000e+00 0.000000000000000000e+00 0.000000000000000000e+00 3.777777777777777679e-01 1.428571428571428492e-01 0.000000000000000000e+00 0.000000000000000000e+00 0.000000000000000000e+00 0.000000000000000000e+00 0.000000000000000000e+00
0.000000000000000000e+00 3.370786516853932491e-01 2.123893805309734484e-01 0.000000000000000000e+00 0.000000000000000000e+00 0.000000000000000000e+00 0.000000000000000000e+00 0.000000000000000000e+00 0.000000000000000000e+00 0.000000000000000000e+00 0.000000000000000000e+00 0.000000000000000000e+00 0.000000000000000000e+00 2.291666666666666574e-01 3.076923076923077094e-01 0.000000000000000000e+00 0.000000000000000000e+00 0.000000000000000000e+00 0.000000000000000000e+00 0.000000000000000000e+00
0.000000000000000000e+00 8.333333333333332871e-02 1.086956521739130405e-01 0.000000000000000000e+00 0.000000000000000000e+00 0.000000000000000000e+00 0.000000000000000000e+00 0.000000000000000000e+00 0.000000000000000000e+00 0.000000000000000000e+00 0.000000000000000000e+00 0.000000000000000000e+00 0.000000000000000000e+00 2.399999999999999911e-01 2.619047619047619180e-01 0.000000000000000000e+00 0.000000000000000000e+00 0.000000000000000000e+00 0.000000000000000000e+00 0.000000000000000000e+00
0.000000000000000000e+00 2.588235294117647300e-01 0.000000000000000000e+00 0.000000000000000000e+00 0.000000000000000000e+00 0.000000000000000000e+00 0.000000000000000000e+00 0.000000000000000000e+00 3.689320388349514590e-01 0.000000000000000000e+00 0.000000000000000000e+00 3.076923076923077094e-01 0.000000000000000000e+00 0.000000000000000000e+00 0.000000000000000000e+00 2.736842105263158076e-01 4.827586206896551935e-01 0.000000000000000000e+00 0.000000000000000000e+00 0.000000000000000000e+00
0.000000000000000000e+00 0.000000000000000000e+00 0.000000000000000000e+00 0.000000000000000000e+00 0.000000000000000000e+00 0.000000000000000000e+00 0.000000000000000000e+00 0.000000000000000000e+00 0.000000000000000000e+00 4.752475247524752255e-01 2.574257425742574323e-01 0.000000000000000000e+00 0.000000000000000000e+00 0.000000000000000000e+00 3.539823008849557473e-01 1.754385964912280604e-01 0.000000000000000000e+00 0.000000000000000000e+00 0.000000000000000000e+00 3.495145631067961278e-01
0.000000000000000000e+00 3.454545454545454586e-01 0.000000000000000000e+00 0.000000000000000000e+00 0.000000000000000000e+00 0.000000000000000000e+00 0.000000000000000000e+00 0.000000000000000000e+00 3.409090909090908839e-01 0.000000000000000000e+00 0.000000000000000000e+00 2.200000000000000011e-01 0.000000000000000000e+00 0.000000000000000000e+00 0.000000000000000000e+00 2.962962962962962798e-01 5.000000000000000000e-01 0.000000000000000000e+00 0.000000000000000000e+00 0.000000000000000000e+00
9.473684210526315264e-01 6.170212765957446832e-01 3.157894736842105088e-01 6.666666666666666297e-01 4.123711340206185350e-01 9.892473118279569988e-01 5.656565656565656353e-01 4.864864864864865135e-01 3.157894736842105088e-01 0.000000000000000000e+00 6.041666666666666297e-01 6.363636363636363535e-01 6.153846153846154188e-01 0.000000000000000000e+00 0.000000000000000000e+00 4.854368932038835016e-01 1.186813186813186816e+00 5.333333333333333259e-01 8.686868686868687295e-01 0.000000000000000000e+00
0.000000000000000000e+00 0.000000000000000000e+00 1.764705882352941291e-01 1.782178217821782096e-01 0.000000000000000000e+00 0.000000000000000000e+00 2.857142857142856984e-01 0.000000000000000000e+00 0.000000000000000000e+00 0.000000000000000000e+00 0.000000000000000000e+00 0.000000000000000000e+00 3.461538461538461453e-01 2.580645161290322509e-01 0.000000000000000000e+00 0.000000000000000000e+00 0.000000000000000000e+00 0.000000000000000000e+00 0.000000000000000000e+00 0.000000000000000000e+00
0.000000000000000000e+00 3.265306122448979331e-01 0.000000000000000000e+00 0.000000000000000000e+00 0.000000000000000000e+00 0.000000000000000000e+00 0.000000000000000000e+00 0.000000000000000000e+00 3.617021276595744905e-01 0.000000000000000000e+00 0.000000000000000000e+00 2.666666666666666630e-01 0.000000000000000000e+00 0.000000000000000000e+00 0.000000000000000000e+00 2.222222222222222099e-01 5.517241379310344751e-01 0.000000000000000000e+00 0.000000000000000000e+00 0.000000000000000000e+00
0.000000000000000000e+00 3.953488372093023062e-01 1.978021978021977934e-01 0.000000000000000000e+00 4.468085106382978511e-01 0.000000000000000000e+00 0.000000000000000000e+00 5.116279069767442067e-01 3.061224489795918435e-01 3.090909090909090828e-01 3.789473684210526438e-01 0.000000000000000000e+00 0.000000000000000000e+00 4.363636363636363424e-01 7.289719626168223998e-01 2.105263157894736725e-01 0.000000000000000000e+00 0.000000000000000000e+00 0.000000000000000000e+00 2.444444444444444364e-01
0.000000000000000000e+00 0.000000000000000000e+00 0.000000000000000000e+00 0.000000000000000000e+00 0.000000000000000000e+00 0.000000000000000000e+00 0.000000000000000000e+00 0.000000000000000000e+00 0.000000000000000000e+00 5.631067961165048263e-01 2.285714285714285643e-01 0.000000000000000000e+00 0.000000000000000000e+00 0.000000000000000000e+00 2.222222222222222099e-01 2.045454545454545581e-01 0.000000000000000000e+00 0.000000000000000000e+00 0.000000000000000000e+00 2.419354838709677491e-01
0.000000000000000000e+00 2.178217821782178210e-01 2.471910112359550493e-01 0.000000000000000000e+00 0.000000000000000000e+00 0.000000000000000000e+00 0.000000000000000000e+00 0.000000000000000000e+00 0.000000000000000000e+00 0.000000000000000000e+00 0.000000000000000000e+00 0.000000000000000000e+00 0.000000000000000000e+00 2.988505747126437018e-01 1.609195402298850552e-01 0.000000000000000000e+00 0.000000000000000000e+00 0.000000000000000000e+00 0.000000000000000000e+00 0.000000000000000000e+00
0.000000000000000000e+00 4.554455445544554615e-01 6.290322580645161255e-01 6.545454545454545414e-01 6.818181818181817677e-01 0.000000000000000000e+00 4.782608695652174058e-01 5.871559633027523262e-01 5.346534653465346842e-01 1.053571428571428603e+00 4.950495049504950451e-01 4.583333333333333148e-01 3.619047619047618958e-01 9.425287356321838672e-01 1.066666666666666652e+00 4.631578947368421018e-01 0.000000000000000000e+00 4.040404040404040331e-01 0.000000000000000000e+00 1.043478260869565188e+00
0.000000000000000000e+00 2.765957446808510745e-01 2.272727272727272652e-01 0.000000000000000000e+00 0.000000000000000000e+00 0.000000000000000000e+00 0.000000000000000000e+00 0.000000000000000000e+00 0.000000000000000000e+00 0.000000000000000000e+00 0.000000000000000000e+00 0.000000000000000000e+00 0.000000000000000000e+00 5.048543689320388328e-01 2.765957446808510745e-01 0.000000000000000000e+00 0.000000000000000000e+00 0.000000000000000000e+00 0.000000000000000000e+00 0.000000000000000000e+00
0.000000000000000000e+00 0.000000000000000000e+00 2.315789473684210509e-01 3.220338983050847204e-01 0.000000000000000000e+00 0.000000000000000000e+00 3.913043478260869734e-01 0.000000000000000000e+00 0.000000000000000000e+00 0.000000000000000000e+00 0.000000000000000000e+00 0.000000000000000000e+00 3.859649122807017330e-01 1.836734693877551117e-01 0.000000000000000000e+00 0.000000000000000000e+00 0.000000000000000000e+00 0.000000000000000000e+00 0.000000000000000000e+00 0.000000000000000000e+00
0.000000000000000000e+00 0.000000000000000000e+00 0.000000000000000000e+00 0.000000000000000000e+00 0.000000000000000000e+00 0.000000000000000000e+00 3.168316831683168355e-01 0.000000000000000000e+00 2.452830188679245293e-01 4.782608695652174058e-01 2.702702702702702853e-01 3.518518518518518601e-01 0.000000000000000000e+00 0.000000000000000000e+00 4.565217391304347561e-01 3.404255319148936088e-01 0.000000000000000000e+00 0.000000000000000000e+00 0.000000000000000000e+00 2.469135802469135665e-01
0.000000000000000000e+00 0.000000000000000000e+00 0.000000000000000000e+00 0.000000000000000000e+00 0.000000000000000000e+00 0.000000000000000000e+00 0.000000000000000000e+00 0.000000000000000000e+00 0.000000000000000000e+00 4.301075268817204367e-01 2.909090909090908950e-01 0.000000000000000000e+00 0.000000000000000000e+00 0.000000000000000000e+00 4.040404040404040331e-01 2.419354838709677491e-01 0.000000000000000000e+00 0.000000000000000000e+00 0.000000000000000000e+00 3.030303030303030387e-01
0.000000000000000000e+00 7.619047619047619735e-02 2.352941176470588203e-01 0.000000000000000000e+00 0.000000000000000000e+00 0.000000000000000000e+00 0.000000000000000000e+00 0.000000000000000000e+00 0.000000000000000000e+00 0.000000000000000000e+00 0.000000000000000000e+00 0.000000000000000000e+00 0.000000000000000000e+00 3.010752688172043112e-01 3.541666666666666852e-01 0.000000000000000000e+00 0.000000000000000000e+00 0.000000000000000000e+00 0.000000000000000000e+00 0.000000000000000000e+00
0.000000000000000000e+00 1.739130434782608647e-01 2.156862745098039325e-01 0.000000000000000000e+00 0.000000000000000000e+00 0.000000000000000000e+00 0.000000000000000000e+00 0.000000000000000000e+00 0.000000000000000000e+00 0.000000000000000000e+00 0.000000000000000000e+00 0.000000000000000000e+00 0.000000000000000000e+00 2.826086956521738913e-01 2.592592592592592449e-01 0.000000000000000000e+00 0.000000000000000000e+00 0.000000000000000000e+00 0.000000000000000000e+00 0.000000000000000000e+00
0.000000000000000000e+00 1.142857142857142821e-01 2.178217821782178210e-01 0.000000000000000000e+00 0.000000000000000000e+00 0.000000000000000000e+00 0.000000000000000000e+00 0.000000000000000000e+00 0.000000000000000000e+00 0.000000000000000000e+00 0.000000000000000000e+00 0.000000000000000000e+00 0.000000000000000000e+00 3.168316831683168355e-01 1.894736842105263219e-01 0.000000000000000000e+00 0.000000000000000000e+00 0.000000000000000000e+00 0.000000000000000000e+00 0.000000000000000000e+00
0.000000000000000000e+00 0.000000000000000000e+00 0.000000000000000000e+00 0.000000000000000000e+00 0.000000000000000000e+00 0.000000000000000000e+00 0.000000000000000000e+00 0.000000000000000000e+00 0.000000000000000000e+00 5.742574257425742124e-01 1.980198019801980291e-01 0.000000000000000000e+00 0.000000000000000000e+00 0.000000000000000000e+00 3.962264150943396457e-01 2.777777777777777901e-01 0.000000000000000000e+00 0.000000000000000000e+00 0.000000000000000000e+00 2.978723404255319007e-01
0.000000000000000000e+00 1.086956521739130405e-01 1.505376344086021556e-01 0.000000000000000000e+00 0.000000000000000000e+00 0.000000000000000000e+00 0.000000000000000000e+00 0.000000000000000000e+00 0.000000000000000000e+00 0.000000000000000000e+00 0.000000000000000000e+00 0.000000000000000000e+00 0.000000000000000000e+00 3.370786516853932491e-01 3.043478260869565410e-01 0.000000000000000000e+00 0.000000000000000000e+00 0.000000000000000000e+00 0.000000000000000000e+00 0.000000000000000000e+00
0.000000000000000000e+00 1.428571428571428492e-01 2.399999999999999911e-01 0.000000000000000000e+00 0.000000000000000000e+00 0.000000000000000000e+00 0.000000000000000000e+00 0.000000000000000000e+00 0.000000000000000000e+00 0.000000000000000000e+00 0.000000000000000000e+00 0.000000000000000000e+00 0.000000000000000000e+00 3.396226415094339424e-01 3.636363636363636465e-01 0.000000000000000000e+00 0.000000000000000000e+00 0.000000000000000000e+00 0.000000000000000000e+00 0.000000000000000000e+00
0.000000000000000000e+00 1.709401709401709435e-01 1.777777777777777846e-01 0.000000000000000000e+00 0.000000000000000000e+00 0.000000000000000000e+00 0.000000000000000000e+00 0.000000000000000000e+00 0.000000000000000000e+00 0.000000000000000000e+00 0.000000000000000000e+00 0.000000000000000000e+00 0.000000000000000000e+00 2.075471698113207641e-01 2.244897959183673464e-01 0.000000000000000000e+00 0.000000000000000000e+00 0.000000000000000000e+00 0.000000000000000000e+00 0.000000000000000000e+00
0.000000000000000000e+00 2.444444444444444364e-01 0.000000000000000000e+00 0.000000000000000000e+00 0.000000000000000000e+00 0.000000000000000000e+00 0.000000000000000000e+00 0.000000000000000000e+00 2.978723404255319007e-01 0.000000000000000000e+00 0.000000000000000000e+00 2.947368421052631304e-01 0.000000000000000000e+00 0.000000000000000000e+00 0.000000000000000000e+00 1.739130434782608647e-01 4.601769911504424715e-01 0.000000000000000000e+00 0.000000000000000000e+00 0.000000000000000000e+00
0.000000000000000000e+00 2.978723404255319007e-01 0.000000000000000000e+00 0.000000000000000000e+00 0.000000000000000000e+00 0.000000000000000000e+00 0.000000000000000000e+00 0.000000000000000000e+00 3.793103448275861878e-01 0.000000000000000000e+00 0.000000000000000000e+00 2.702702702702702853e-01 0.000000000000000000e+00 0.000000000000000000e+00 0.000000000000000000e+00 3.291139240506328889e-01 5.517241379310344751e-01 0.000000000000000000e+00 0.000000000000000000e+00 0.000000000000000000e+00
0.000000000000000000e+00 0.000000000000000000e+00 0.000000000000000000e+00 0.000000000000000000e+00 0.000000000000000000e+00 0.000000000000000000e+00 0.000000000000000000e+00 0.000000000000000000e+00 0.000000000000000000e+00 4.554455445544554615e-01 2.285714285714285643e-01 0.000000000000000000e+00 0.000000000000000000e+00 0.000000000000000000e+00 3.764705882352941124e-01 2.260869565217391297e-01 0.000000000000000000e+00 0.000000000000000000e+00 0.000000000000000000e+00 4.835164835164835195e-01
0.000000000000000000e+00 2.956521739130434923e-01 0.000000000000000000e+00 0.000000000000000000e+00 0.000000000000000000e+00 0.000000000000000000e+00 0.000000000000000000e+00 0.000000000000000000e+00 2.970297029702970160e-01 0.000000000000000000e+00 0.000000000000000000e+00 3.800000000000000044e-01 0.000000000000000000e+00 0.000000000000000000e+00 0.000000000000000000e+00 3.653846153846153633e-01 4.864864864864865135e-01 0.000000000000000000e+00 0.000000000000000000e+00 0.000000000000000000e+00
0.000000000000000000e+00 1.880341880341880323e-01 1.782178217821782096e-01 0.000000000000000000e+00 0.000000000000000000e+00 0.000000000000000000e+00 0.000000000000000000e+00 0.000000000000000000e+00 0.000000000000000000e+00 0.000000000000000000e+00 0.000000000000000000e+00 0.000000000000000000e+00 0.000000000000000000e+00 2.654867256637168382e-01 1.904761904761904656e-01 0.000000000000000000e+00 0.000000000000000000e+00 0.000000000000000000e+00 0.000000000000000000e+00 0.000000000000000000e+00
0.000000000000000000e+00 0.000000000000000000e+00 0.000000000000000000e+00 0.000000000000000000e+00 0.000000000000000000e+00 0.000000000000000000e+00 0.000000000000000000e+00 0.000000000000000000e+00 0.000000000000000000e+00 6.315789473684210176e-01 2.474226804123711432e-01 0.000000000000000000e+00 0.000000000000000000e+00 0.000000000000000000e+00 2.696629213483145993e-01 2.162162162162162282e-01 0.000000000000000000e+00 0.000000000000000000e+00 0.000000000000000000e+00 2.921348314606741492e-01
0.000000000000000000e+00 2.040816326530612290e-01 0.000000000000000000e+00 0.000000000000000000e+00 0.000000000000000000e+00 0.000000000000000000e+00 0.000000000000000000e+00 0.000000000000000000e+00 3.917525773195876249e-01 0.000000000000000000e+00 0.000000000000000000e+00 4.218750000000000000e-01 0.000000000000000000e+00 0.000000000000000000e+00 0.000000000000000000e+00 2.040816326530612290e-01 4.954128440366972752e-01 0.000000000000000000e+00 0.000000000000000000e+00 0.000000000000000000e+00
8.367346938775510612e-01 6.206896551724138122e-01 2.608695652173912971e-01 3.913043478260869734e-01 3.720930232558139483e-01 1.000000000000000000e+00 3.725490196078431460e-01 5.686274509803921351e-01 3.272727272727272707e-01 0.000000000000000000e+00 3.853211009174312141e-01 6.881720430107527431e-01 6.391752577319587125e-01 0.000000000000000000e+00 0.000000000000000000e+00 4.186046511627907196e-01 1.186813186813186816e+00 5.762711864406779849e-01 1.032258064516129004e+00 0.000000000000000000e+00
0.000000000000000000e+00 1.212121212121212155e-01 1.869158878504672827e-01 0.000000000000000000e+00 0.000000000000000000e+00 0.000000000000000000e+00 0.000000000000000000e+00 0.000000000000000000e+00 0.000000000000000000e+00 0.000000000000000000e+00 0.000000000000000000e+00 0.000000000000000000e+00 0.000000000000000000e+00 3.404255319148936088e-01 1.320754716981132060e-01 0.000000000000000000e+00 0.000000000000000000e+00 0.000000000000000000e+00 0.000000000000000000e+00 0.000000000000000000e+00
0.000000000000000000e+00 4.074074074074073848e-01 7.346938775510204467e-01 7.021276595744680993e-01 5.438596491228070429e-01 0.000000000000000000e+00 6.666666666666666297e-01 5.619834710743801809e-01 6.972477064220183873e-01 9.090909090909090606e-01 6.262626262626262985e-01 2.616822429906541791e-01 5.981308411214952825e-01 9.787234042553191182e-01 1.147826086956521774e+00 7.311827956989247479e-01 0.000000000000000000e+00 3.870967741935483764e-01 0.000000000000000000e+00 1.009900990099009910e+00
0.000000000000000000e+00 1.956521739130434867e-01 0.000000000000000000e+00 0.000000000000000000e+00 0.000000000000000000e+00 0.000000000000000000e+00 0.000000000000000000e+00 0.000000000000000000e+00 2.884615384615384359e-01 0.000000000000000000e+00 0.000000000000000000e+00 3.789473684210526438e-01 0.000000000000000000e+00 0.000000000000000000e+00 0.000000000000000000e+00 3.958333333333333148e-01 4.255319148936170248e-01 0.000000000000000000e+00 0.000000000000000000e+00 0.000000000000000000e+00
0.000000000000000000e+00 0.000000000000000000e+00 0.000000000000000000e+00 0.000000000000000000e+00 0.000000000000000000e+00 0.000000000000000000e+00 0.000000000000000000e+00 0.000000000000000000e+00 0.000000000000000000e+00 4.067796610169491789e-01 1.188118811881188064e-01 0.000000000000000000e+00 0.000000000000000000e+00 0.000000000000000000e+00 4.423076923076922906e-01 2.879999999999999782e-01 0.000000000000000000e+00 0.000000000000000000e+00 0.000000000000000000e+00 2.325581395348837177e-01
0.000000000000000000e+00 2.399999999999999911e-01 0.000000000000000000e+00 0.000000000000000000e+00 0.000000000000000000e+00 0.000000000000000000e+00 0.000000000000000000e+00 0.000000000000000000e+00 2.912621359223300788e-01 0.000000000000000000e+00 0.000000000000000000e+00 5.052631578947368585e-01 0.000000000000000000e+00 0.000000000000000000e+00 0.000000000000000000e+00 3.272727272727272707e-01 5.346534653465346842e-01 0.000000000000000000e+00 0.000000000000000000e+00 0.000000000000000000e+00
0.000000000000000000e+00 3.725490196078431460e-01 0.000000000000000000e+00 0.000000000000000000e+00 0.000000000000000000e+00 0.000000000000000000e+00 0.000000000000000000e+00 0.000000000000000000e+00 4.285714285714285476e-01 0.000000000000000000e+00 0.000000000000000000e+00 4.536082474226804107e-01 0.000000000000000000e+00 0.000000000000000000e+00 0.000000000000000000e+00 3.063063063063062863e-01 5.208333333333333703e-01 0.000000000000000000e+00 0.000000000000000000e+00 0.000000000000000000e+00
1.019230769230769162e+00 5.909090909090909394e-01 4.230769230769230727e-01 2.765957446808510745e-01 3.736263736263736313e-01 8.235294117647058432e-01 4.807692307692307820e-01 4.137931034482758563e-01 3.655913978494623739e-01 0.000000000000000000e+00 4.271844660194174526e-01 6.605504587155963669e-01 4.571428571428571286e-01 0.000000000000000000e+00 0.000000000000000000e+00 5.684210526315789380e-01 8.461538461538461453e-01 6.451612903225806273e-01 1.152173913043478271e+00 0.000000000000000000e+00
0.000000000000000000e+00 1.914893617021276584e-01 2.553191489361701927e-01 0.000000000000000000e+00 0.000000000000000000e+00 0.000000000000000000e+00 0.000000000000000000e+00 0.000000000000000000e+00 0.000000000000000000e+00 0.000000000000000000e+00 0.000000000000000000e+00 0.000000000000000000e+00 0.000000000000000000e+00 3.800000000000000044e-01 1.935483870967741882e-01 0.000000000000000000e+00 0.000000000000000000e+00 0.000000000000000000e+00 0.000000000000000000e+00 0.000000000000000000e+00
0.000000000000000000e+00 2.553191489361701927e-01 0.000000000000000000e+00 0.000000000000000000e+00 0.000000000000000000e+00 0.000000000000000000e+00 0.000000000000000000e+00 0.000000000000000000e+00 3.010752688172043112e-01 0.000000000000000000e+00 0.000000000000000000e+00 4.271844660194174526e-01 0.000000000000000000e+00 0.000000000000000000e+00 0.000000000000000000e+00 3.956043956043955867e-01 4.395604395604395531e-01 0.000000000000000000e+00 0.000000000000000000e+00 0.000000000000000000e+00
0.000000000000000000e+00 0.000000000000000000e+00 0.000000000000000000e+00 0.000000000000000000e+00 0.000000000000000000e+00 0.000000000000000000e+00 0.000000000000000000e+00 0.000000000000000000e+00 0.000000000000000000e+00 3.434343434343434254e-01 2.222222222222222099e-01 0.000000000000000000e+00 0.000000000000000000e+00 0.000000000000000000e+00 3.750000000000000000e-01 2.608695652173912971e-01 0.000000000000000000e+00 0.000000000000000000e+00 0.000000000000000000e+00 2.399999999999999911e-01
0.000000000000000000e+00 3.364485981308411033e-01 0.000000000000000000e+00 0.000000000000000000e+00 0.000000000000000000e+00 0.000000000000000000e+00 0.000000000000000000e+00 0.000000000000000000e+00 1.702127659574468044e-01 0.000000000000000000e+00 0.000000000000000000e+00 3.478260869565217295e-01 0.000000000000000000e+00 0.000000000000000000e+00 0.000000000000000000e+00 3.505154639175257492e-01 6.600000000000000311e-01 0.000000000000000000e+00 0.000000000000000000e+00 0.000000000000000000e+00
0.000000000000000000e+00 2.736842105263158076e-01 0.000000000000000000e+00 0.000000000000000000e+00 0.000000000000000000e+00 0.000000000000000000e+00 0.000000000000000000e+00 0.000000000000000000e+00 2.857142857142856984e-01 0.000000000000000000e+00 0.000000000000000000e+00 4.158415841584158223e-01 0.000000000000000000e+00 0.000000000000000000e+00 0.000000000000000000e+00 2.600000000000000089e-01 4.504504504504504570e-01 0.000000000000000000e+00 0.000000000000000000e+00 0.000000000000000000e+00
0.000000000000000000e+00 4.255319148936170248e-01 6.516853932584270037e-01 7.058823529411765163e-01 5.769230769230768718e-01 0.000000000000000000e+00 6.296296296296296502e-01 6.373626373626373187e-01 5.869565217391304879e-01 1.096774193548387011e+00 3.636363636363636465e-01 3.043478260869565410e-01 3.225806451612903136e-01 1.000000000000000000e+00 9.714285714285714191e-01 4.313725490196078649e-01 0.000000000000000000e+00 4.356435643564356419e-01 0.000000000000000000e+00 9.818181818181818121e-01
0.000000000000000000e+00 4.081632653061224580e-01 0.000000000000000000e+00 0.000000000000000000e+00 0.000000000000000000e+00 0.000000000000000000e+00 0.000000000000000000e+00 0.000000000000000000e+00 3.400000000000000244e-01 0.000000000000000000e+00 0.000000000000000000e+00 4.905660377358490587e-01 0.000000000000000000e+00 0.000000000000000000e+00 0.000000000000000000e+00 3.125000000000000000e-01 5.050505050505050830e-01 0.000000000000000000e+00 0.000000000000000000e+00 0.000000000000000000e+00
0.000000000000000000e+00 0.000000000000000000e+00 0.000000000000000000e+00 0.000000000000000000e+00 0.000000000000000000e+00 0.000000000000000000e+00 0.000000000000000000e+00 0.000000000000000000e+00 0.000000000000000000e+00 4.943820224719100986e-01 2.650602409638554424e-01 0.000000000000000000e+00 0.000000000000000000e+00 0.000000000000000000e+00 3.555555555555555691e-01 1.609195402298850552e-01 0.000000000000000000e+00 0.000000000000000000e+00 0.000000000000000000e+00 3.225806451612903136e-01
0.000000000000000000e+00 5.652173913043477826e-01 8.750000000000000000e-01 5.617977528089888040e-01 5.454545454545454142e-01 0.000000000000000000e+00 5.283018867924528239e-01 5.161290322580645018e-01 7.045454545454545858e-01 1.037735849056603765e+00 4.782608695652174058e-01 4.040404040404040331e-01 4.337349397590361533e-01 9.909909909909909720e-01 9.591836734693877098e-01 5.470085470085470636e-01 0.000000000000000000e+00 4.509803921568627527e-01 0.000000000000000000e+00 9.387755102040816757e-01
0.000000000000000000e+00 4.666666666666666741e-01 5.000000000000000000e-01 6.666666666666666297e-01 5.523809523809524169e-01 0.000000000000000000e+00 6.304347826086956763e-01 7.816091954022988952e-01 6.226415094339622369e-01 7.826086956521739468e-01 5.825242718446601575e-01 3.418803418803418870e-01 1.590909090909090884e-01 1.034482758620689724e+00 9.799999999999999822e-01 6.741573033707864981e-01 0.000000000000000000e+00 3.396226415094339424e-01 0.000000000000000000e+00 9.607843137254902244e-01
0.000000000000000000e+00 2.162162162162162282e-01 2.524271844660194164e-01 0.000000000000000000e+00 0.000000000000000000e+00 0.000000000000000000e+00 0.000000000000000000e+00 0.000000000000000000e+00 0.000000000000000000e+00 0.000000000000000000e+00 0.000000000000000000e+00 0.000000000000000000e+00 0.000000000000000000e+00 3.090909090909090828e-01 3.578947368421052655e-01 0.000000000000000000e+00 0.000000000000000000e+00 0.000000000000000000e+00 0.000000000000000000e+00 0.000000000000000000e+00
1.023255813953488413e+00 6.371681415929203451e-01 2.553191489361701927e-01 4.423076923076922906e-01 5.904761904761904878e-01 1.074074074074074181e+00 2.448979591836734637e-01 3.652173913043478271e-01 1.219512195121951192e-01 0.000000000000000000e+00 3.043478260869565410e-01 5.287356321839080664e-01 4.716981132075471761e-01 0.000000000000000000e+00 0.000000000000000000e+00 4.778761061946902866e-01 1.043478260869565188e+00 4.271844660194174526e-01 1.018181818181818077e+00 0.000000000000000000e+00
0.000000000000000000e+00 0.000000000000000000e+00 0.000000000000000000e+00 0.000000000000000000e+00 0.000000000000000000e+00 0.000000000000000000e+00 5.794392523364485514e-01 0.000000000000000000e+00 3.035714285714285476e-01 5.121951219512195230e-01 3.043478260869565410e-01 4.301075268817204367e-01 0.000000000000000000e+00 0.000000000000000000e+00 4.137931034482758563e-01 0.000000000000000000e+00 0.000000000000000000e+00 0.000000000000000000e+00 0.000000000000000000e+00 0.000000000000000000e+00
0.000000000000000000e+00 2.264150943396226467e-01 2.280701754385964786e-01 0.000000000000000000e+00 0.000000000000000000e+00 0.000000000000000000e+00 0.000000000000000000e+00 0.000000000000000000e+00 0.000000000000000000e+00 0.000000000000000000e+00 0.000000000000000000e+00 0.000000000000000000e+00 0.000000000000000000e+00 2.040816326530612290e-01 2.526315789473684292e-01 0.000000000000000000e+00 0.000000000000000000e+00 0.000000000000000000e+00 0.000000000000000000e+00 0.000000000000000000e+00
0.000000000000000000e+00 0.000000000000000000e+00 0.000000000000000000e+00 0.000000000000000000e+00 0.000000000000000000e+00 0.000000000000000000e+00 3.434343434343434254e-01 0.000000000000000000e+00 4.190476190476190577e-01 4.901960784313725283e-01 2.115384615384615363e-01 2.947368421052631304e-01 0.000000000000000000e+00 0.000000000000000000e+00 4.255319148936170248e-01 0.000000000000000000e+00 0.000000000000000000e+00 0.000000000000000000e+00 0.000000000000000000e+00 0.000000000000000000e+00
0.000000000000000000e+00 2.298850574712643646e-01 0.000000000000000000e+00 0.000000000000000000e+00 0.000000000000000000e+00 0.000000000000000000e+00 0.000000000000000000e+00 0.000000000000000000e+00 2.580645161290322509e-01 0.000000000000000000e+00 0.000000000000000000e+00 2.068965517241379282e-01 0.000000000000000000e+00 0.000000000000000000e+00 0.000000000000000000e+00 3.846153846153846367e-01 5.142857142857142350e-01 0.000000000000000000e+00 0.000000000000000000e+00 0.000000000000000000e+00
0.000000000000000000e+00 0.000000000000000000e+00 0.000000000000000000e+00 0.000000000000000000e+00 0.000000000000000000e+00 0.000000000000000000e+00 0.000000000000000000e+00 0.000000000000000000e+00 0.000000000000000000e+00 4.036697247706422242e-01 2.666666666666666630e-01 0.000000000000000000e+00 0.000000000000000000e+00 0.000000000000000000e+00 3.448275862068965747e-01 1.395348837209302306e-01 0.000000000000000000e+00 0.000000000000000000e+00 0.000000000000000000e+00 4.047619047619047672e-01
0.000000000000000000e+00 1.923076923076923184e-01 2.941176470588235392e-01 0.000000000000000000e+00 0.000000000000000000e+00 0.000000000000000000e+00 0.000000000000000000e+00 0.000000000000000000e+00 0.000000000000000000e+00 0.000000000000000000e+00 0.000000000000000000e+00 0.000000000000000000e+00 0.000000000000000000e+00 2.526315789473684292e-01 2.526315789473684292e-01 0.000000000000000000e+00 0.000000000000000000e+00 0.000000000000000000e+00 0.000000000000000000e+00 0.000000000000000000e+00
0.000000000000000000e+00 5.945945945945946276e-01 6.021505376344086224e-01 5.600000000000000533e-01 4.952380952380952550e-01 0.000000000000000000e+00 6.981132075471697673e-01 6.315789473684210176e-01 6.746987951807228434e-01 1.056603773584905648e+00 4.190476190476190577e-01 3.551401869158878344e-01 4.044943820224718989e-01 1.159999999999999920e+00 1.081632653061224580e+00 5.961538461538461453e-01 0.000000000000000000e+00 3.777777777777777679e-01 0.000000000000000000e+00 9.690721649484536071e-01
0.000000000000000000e+00 0.000000000000000000e+00 2.242990654205607448e-01 2.399999999999999911e-01 0.000000000000000000e+00 0.000000000000000000e+00 3.333333333333333148e-01 0.000000000000000000e+00 0.000000000000000000e+00 0.000000000000000000e+00 0.000000000000000000e+00 0.000000000000000000e+00 4.468085106382978511e-01 3.655913978494623739e-01 0.000000000000000000e+00 0.000000000000000000e+00 0.000000000000000000e+00 0.000000000000000000e+00 0.000000000000000000e+00 0.000000000000000000e+00
0.000000000000000000e+00 2.941176470588235392e-01 0.000000000000000000e+00 0.000000000000000000e+00 0.000000000000000000e+00 0.000000000000000000e+00 0.000000000000000000e+00 0.000000000000000000e+00 3.333333333333333148e-01 0.000000000000000000e+00 0.000000000000000000e+00 3.030303030303030387e-01 0.000000000000000000e+00 0.000000000000000000e+00 0.000000000000000000e+00 3.551401869158878344e-01 7.157894736842105310e-01 0.000000000000000000e+00 0.000000000000000000e+00 0.000000000000000000e+00
