#chr	normal	sample0	sample1	sample2	sample3	sample4	sample5	sample6	sample7	sample8	sample9	sample10	sample11	sample12	sample13	sample14	sample15	sample16	sample17	sample18	sample19
0	0	0.174697014484	0.0	0.0	0.0	0.0	0.0	0.0	0.189783219591	0.135091766122	0.0	0.0	0.201104972376	0.170231641203	0.134451309209	0.144132526535	0.0	0.0	0.132574217161	0.176610741586	0.0
1	0	0.0	0.163296106248	0.205097451274	0.0	0.196347031963	0.0	0.0	0.0	0.0	0.0	0.0	0.0	0.0	0.0	0.0	0.0	0.0	0.162769602903	0.0	0.0
2	0	0.168873517787	0.0	0.0	0.123598879103	0.165519992023	0.164825231016	0.0	0.0	0.123988952456	0.0	0.0	0.0	0.0	0.0	0.133793655559	0.0	0.0	0.0	0.0	0.0
3	0	0.176238624874	0.0	0.0	0.0	0.0	0.0	0.0	0.191962081564	0.134789777411	0.0	0.0	0.191097922849	0.178819969743	0.128316352265	0.151487553127	0.0	0.0	0.129772522297	0.182254196643	0.0
4	0	0.150085161807	0.116338835623	0.124773413897	0.116988608222	0.142171085543	0.0	0.0	0.13096323306	0.0970007021767	0.501388337961	0.0	0.168281234395	0.142814281428	0.0	0.128392588883	0.149092741935	0.0	0.0	0.131927171426	0.0
5	0	0.160619207257	0.0	0.0	0.133387064276	0.152081649151	0.161095449054	0.0	0.0	0.132060381885	0.0	0.0	0.0	0.0	0.0	0.134888844382	0.0	0.0	0.0	0.0	0.0
6	0	0.182014954742	0.0	0.0	0.0	0.0	0.0	0.0	0.188848027035	0.132251521298	0.0	0.0	0.194377267231	0.169022617124	0.124741149788	0.143617555489	0.0	0.0	0.132767505305	0.179249975132	0.0
7	0	0.166797565286	0.0	0.0	0.123270951993	0.158162248356	0.164666395443	0.0	0.0	0.127864660175	0.0	0.0	0.0	0.0	0.0	0.134294234592	0.0	0.0	0.0	0.0	0.0
8	0	0.173146292585	0.0	0.0	0.126083923054	0.162520226537	0.170804965959	0.0	0.0	0.133507066252	0.0	0.0	0.0	0.0	0.0	0.133143900954	0.0	0.0	0.0	0.0	0.0
9	0	0.0	0.0	0.0	0.0	0.0	0.0	0.0	0.0	0.135577797998	0.0	0.237355241018	0.0	0.182036888532	0.0	0.0	0.179657701711	0.265626562656	0.0	0.0	0.262442554024
10	0	0.310522661906	0.23872255489	0.290106818409	0.354574194823	0.295237146273	0.493615757696	0.0	0.310796074155	0.358645562012	0.506471692521	0.238454662826	0.166768728312	0.324020649863	0.238662300288	0.25520055738	0.498233572222	0.491537376587	0.117261613692	0.12833798326	0.494074749316
11	0	0.324172517553	0.252046488125	0.293892745749	0.364463791057	0.294170314365	0.496661684106	0.0	0.315369865779	0.36633262476	0.503824579296	0.243481831246	0.172924116011	0.328907965662	0.236891478227	0.265161354781	0.506412168208	0.505970898144	0.119888290445	0.130832570906	0.501813419303
12	0	0.150486898906	0.115092073659	0.125992163167	0.109724179585	0.146539476355	0.0	0.0	0.136128775835	0.104981847519	0.497682853113	0.0	0.168157423971	0.142484708714	0.0	0.124172517553	0.148514851485	0.0	0.0	0.125635291726	0.0
13	0	0.0	0.163801523735	0.205717151454	0.0	0.201041564312	0.0	0.0	0.0	0.0	0.0	0.0	0.0	0.0	0.0	0.0	0.0	0.0	0.163420999799	0.0	0.0
14	0	0.0	0.158915118031	0.206906847134	0.0	0.203213893602	0.0	0.0	0.0	0.0	0.0	0.0	0.0	0.0	0.0	0.0	0.0	0.0	0.153892455859	0.0	0.0
15	0	0.170137840829	0.0	0.0	0.130153355905	0.163493952013	0.175550171613	0.0	0.0	0.129635123109	0.0	0.0	0.0	0.0	0.0	0.134803921569	0.0	0.0	0.0	0.0	0.0
16	0	0.508489902542	0.499191592563	0.504323346069	0.35370295427	0.496101559376	0.494399841411	0.19263083308	0.50010094892	0.505155681359	0.501797124601	0.235170129479	0.505239822652	0.494989371394	0.357371794872	0.499797529864	0.505648305508	0.504755159854	0.502287191726	0.304308617234	0.505638340717
17	0	0.153112898421	0.120730976633	0.124752082507	0.118264379415	0.135796204202	0.0	0.0	0.141883084328	0.0966382338184	0.5087244284	0.0	0.165216521652	0.147091329247	0.0	0.121688414393	0.142331410384	0.0	0.0	0.127794892179	0.0
18	0	0.164367363027	0.0	0.0	0.124901497242	0.161525406808	0.166798029557	0.0	0.0	0.125625625626	0.0	0.0	0.0	0.0	0.0	0.134630738523	0.0	0.0	0.0	0.0	0.0
19	0	0.0	0.164250248262	0.210006976976	0.0	0.204334975369	0.0	0.0	0.0	0.0	0.0	0.0	0.0	0.0	0.0	0.0	0.0	0.0	0.154734177215	0.0	0.0
20	0	0.167860696517	0.0	0.0	0.117967511886	0.159248467799	0.169183673469	0.0	0.0	0.129507364144	0.0	0.0	0.0	0.0	0.0	0.133140231722	0.0	0.0	0.0	0.0	0.0
21	0	0.166208930933	0.0	0.0	0.126429800587	0.160928742994	0.172797772917	0.0	0.0	0.128012489023	0.0	0.0	0.0	0.0	0.0	0.137632241814	0.0	0.0	0.0	0.0	0.0
22	0	0.0	0.165528488431	0.205703048181	0.0	0.201906673357	0.0	0.0	0.0	0.0	0.0	0.0	0.0	0.0	0.0	0.0	0.0	0.0	0.152719665272	0.0	0.0
23	0	0.167736675838	0.0	0.0	0.124189526185	0.158937051632	0.162562065541	0.0	0.0	0.127525505101	0.0	0.0	0.0	0.0	0.0	0.139256770113	0.0	0.0	0.0	0.0	0.0
24	0	0.319123265634	0.244532409698	0.290996302588	0.354658136745	0.302601642101	0.495518820952	0.0	0.306824985033	0.374397590361	0.496878147029	0.243203163618	0.166666666667	0.329373003195	0.23894071622	0.266820184221	0.498302037555	0.49619075888	0.118189102564	0.129651390521	0.494391025641
25	0	0.0	0.163394178589	0.200335868814	0.0	0.202643171806	0.0	0.0	0.0	0.0	0.0	0.0	0.0	0.0	0.0	0.0	0.0	0.0	0.158548807376	0.0	0.0
26	0	0.153823178017	0.110456852792	0.1234	0.110029710071	0.143687957485	0.0	0.0	0.14018784972	0.10282905297	0.497961213327	0.0	0.164304252346	0.149651046859	0.0	0.125649220935	0.145767866194	0.0	0.0	0.133013780707	0.0
27	0	0.172707248698	0.0	0.0	0.125577657223	0.160451864441	0.168662674651	0.0	0.0	0.130178716491	0.0	0.0	0.0	0.0	0.0	0.134738955823	0.0	0.0	0.0	0.0	0.0
28	0	0.171695621254	0.0	0.0	0.127590739056	0.164880296504	0.173492031471	0.0	0.0	0.131758109732	0.0	0.0	0.0	0.0	0.0	0.135864638936	0.0	0.0	0.0	0.0	0.0
29	0	0.176942107867	0.0	0.0	0.0	0.0	0.0	0.0	0.185637663886	0.133816279304	0.0	0.0	0.201861201861	0.178297700686	0.122289766971	0.1463	0.0	0.0	0.131268287761	0.179420837894	0.0
30	0	0.150426492725	0.11340310944	0.121781010419	0.112740696398	0.13894284838	0.0	0.0	0.13518906515	0.0947804976735	0.500149775337	0.0	0.165685785536	0.147946859903	0.0	0.116132894343	0.147506718423	0.0	0.0	0.124102154828	0.0
31	0	0.0	0.157611940299	0.205322044149	0.0	0.198111291633	0.0	0.0	0.0	0.0	0.0	0.0	0.0	0.0	0.0	0.0	0.0	0.0	0.156911956631	0.0	0.0
32	0	0.167414945625	0.0	0.0	0.12279269164	0.155214227971	0.160876964661	0.0	0.0	0.132156393377	0.0	0.0	0.0	0.0	0.0	0.133566084788	0.0	0.0	0.0	0.0	0.0
33	0	0.0	0.0	0.0	0.0	0.0	0.0	0.0	0.0	0.135334596589	0.0	0.246775493753	0.0	0.173737373737	0.0	0.0	0.166934189406	0.273657802308	0.0	0.0	0.25522343297
34	0	0.332538262771	0.2494	0.305910784412	0.360278053625	0.299175257732	0.495659196447	0.0	0.315095846645	0.355770208439	0.502824858757	0.249644236633	0.167210198636	0.325985037406	0.23544433095	0.26055009433	0.495178447162	0.493967494267	0.117447657029	0.130286630587	0.500406091371
35	0	0.0	0.162002798321	0.199334543255	0.0	0.201695941853	0.0	0.0	0.0	0.0	0.0	0.0	0.0	0.0	0.0	0.0	0.0	0.0	0.15962062355	0.0	0.0
36	0	0.32626700848	0.245387083835	0.286324361903	0.355172067824	0.29895970104	0.499699459026	0.0	0.30405002978	0.374038173279	0.507857071364	0.23202020202	0.169154228856	0.327980295567	0.236243359727	0.25792218211	0.503305377405	0.508050089445	0.118610617723	0.127814972611	0.499244636922
37	0	0.16355696705	0.0	0.0	0.123787621238	0.15374599359	0.174883444103	0.0	0.0	0.126561117121	0.0	0.0	0.0	0.0	0.0	0.134596111445	0.0	0.0	0.0	0.0	0.0
38	0	0.17077045274	0.0	0.0	0.127103543853	0.158914728682	0.17165887153	0.0	0.0	0.129476309227	0.0	0.0	0.0	0.0	0.0	0.137095171866	0.0	0.0	0.0	0.0	0.0
39	0	0.320619071393	0.241943480416	0.28953361719	0.358084314317	0.293715568251	0.495606151388	0.0	0.312388326385	0.365295422464	0.504456500678	0.244455494779	0.164874198323	0.320145704746	0.228299293009	0.266653469267	0.494592135854	0.503295143465	0.115629349771	0.132010268562	0.5072105887
40	0	0.150299813231	0.113447867299	0.125758027637	0.108233866073	0.14192139738	0.0	0.0	0.141244630906	0.0982260516979	0.502498500899	0.0	0.168231848935	0.146161515454	0.0	0.122380053641	0.150873586845	0.0	0.0	0.131165805733	0.0
41	0	0.171076188582	0.0	0.0	0.127099044746	0.153999006458	0.162786049765	0.0	0.0	0.125037125037	0.0	0.0	0.0	0.0	0.0	0.131366208569	0.0	0.0	0.0	0.0	0.0
42	0	0.16329580552	0.0	0.0	0.129038792667	0.16044551475	0.168406120174	0.0	0.0	0.128580012017	0.0	0.0	0.0	0.0	0.0	0.134494632368	0.0	0.0	0.0	0.0	0.0
43	0	0.158586771053	0.11297908536	0.12033403763	0.115104322651	0.138282969782	0.0	0.0	0.141452422411	0.0990020748938	0.5028	0.0	0.16950709256	0.147149537359	0.0	0.122829645798	0.145808502185	0.0	0.0	0.12950075643	0.0
44	0	0.168905372895	0.0	0.0	0.123631615949	0.155710723192	0.165668662675	0.0	0.0	0.122987256742	0.0	0.0	0.0	0.0	0.0	0.145094473073	0.0	0.0	0.0	0.0	0.0
45	0	0.172273896695	0.0	0.0	0.123389494549	0.155971568726	0.16649807809	0.0	0.0	0.128210293081	0.0	0.0	0.0	0.0	0.0	0.138492462312	0.0	0.0	0.0	0.0	0.0
46	0	0.167201283079	0.0	0.0	0.123675264947	0.156790246827	0.166951796317	0.0	0.0	0.12595231028	0.0	0.0	0.0	0.0	0.0	0.13411857864	0.0	0.0	0.0	0.0	0.0
47	0	0.0	0.0	0.0	0.0	0.0	0.0	0.0	0.0	0.143724082128	0.0	0.239358542863	0.0	0.176531243555	0.0	0.0	0.181138470741	0.271828171828	0.0	0.0	0.249153892096
48	0	0.337887438825	0.301883072069	0.377009646302	0.124097834804	0.355608830287	0.330998599159	0.0	0.189205579139	0.259374373371	0.0	0.0	0.197908286404	0.181388478582	0.256494150307	0.278773915657	0.174874874875	0.0	0.298275688212	0.182273410115	0.246110325318
49	0	0.163725686786	0.0	0.0	0.12910938434	0.159581881533	0.169635787807	0.0	0.0	0.125297383029	0.0	0.0	0.0	0.0	0.0	0.13629080713	0.0	0.0	0.0	0.0	0.0
50	0	0.323826500297	0.239359586317	0.289083226884	0.355825145378	0.292361809045	0.509523809524	0.0	0.303729487817	0.369833068362	0.507718021827	0.237804878049	0.165785191212	0.323409339839	0.229852266938	0.249672676	0.503712622918	0.500602288697	0.120460048426	0.12973456606	0.508863502068
51	0	0.0	0.0	0.0	0.14442431562	0.0	0.0	0.308460693237	0.0	0.0	0.0	0.250199282583	0.0	0.0	0.137429504304	0.0	0.0	0.0	0.0	0.18630910374	0.0
52	0	0.0	0.159335191083	0.202572672946	0.0	0.201940209859	0.0	0.0	0.0	0.0	0.0	0.0	0.0	0.0	0.0	0.0	0.0	0.0	0.15851095767	0.0	0.0
53	0	0.0	0.0	0.0	0.145699297238	0.0	0.0	0.295876709533	0.0	0.0	0.0	0.253169572108	0.0	0.0	0.135881753313	0.0	0.0	0.0	0.0	0.193019513176	0.0
54	0	0.0	0.0	0.0	0.141735453996	0.0	0.0	0.305831019437	0.0	0.0	0.0	0.262274155538	0.0	0.0	0.13454729388	0.0	0.0	0.0	0.0	0.190207715134	0.0
55	0	0.312766590616	0.24897346019	0.302912038427	0.359111111111	0.295325083481	0.508709067383	0.0	0.315146740201	0.362186559679	0.490404693248	0.241302588997	0.168608704312	0.328837255095	0.233389611679	0.264359650903	0.502992817239	0.496923992856	0.113843991567	0.126558102131	0.501983733386
56	0	0.321011090019	0.25053164557	0.287603472643	0.357042395017	0.300410698187	0.499852085593	0.0	0.308087420687	0.359090451756	0.497067152104	0.245501156127	0.167384553741	0.328863796754	0.235037220844	0.262057234341	0.502226179875	0.493095285066	0.124036370824	0.128508420209	0.496891295628
57	0	0.169858870968	0.0	0.0	0.124584550307	0.158321789036	0.168454387578	0.0	0.0	0.126917293233	0.0	0.0	0.0	0.0	0.0	0.133894111826	0.0	0.0	0.0	0.0	0.0
58	0	0.145772594752	0.114569865738	0.123135070619	0.11066639984	0.138648702996	0.0	0.0	0.131615737967	0.096669613911	0.504794246904	0.0	0.165270065623	0.150369926015	0.0	0.125436931988	0.151930137938	0.0	0.0	0.127418874665	0.0
59	0	0.172611139499	0.0	0.0	0.0	0.0	0.0	0.0	0.187787327603	0.136740052515	0.0	0.0	0.189710610932	0.17579540878	0.129236868186	0.142141640789	0.0	0.0	0.126240571655	0.170962284804	0.0
60	0	0.173011077543	0.0	0.0	0.124704491726	0.149659863946	0.163614649682	0.0	0.0	0.130835563485	0.0	0.0	0.0	0.0	0.0	0.132999115305	0.0	0.0	0.0	0.0	0.0
61	0	0.17234085415	0.0	0.0	0.124662870842	0.160406191462	0.170809943865	0.0	0.0	0.124837451235	0.0	0.0	0.0	0.0	0.0	0.138406587955	0.0	0.0	0.0	0.0	0.0
62	0	0.152042734197	0.116856677524	0.11713494262	0.112994903959	0.145196291182	0.0	0.0	0.142455011561	0.101310131013	0.495264679494	0.0	0.165184243964	0.149705970298	0.0	0.119005152596	0.149002619383	0.0	0.0	0.132703728946	0.0
63	0	0.0	0.162774381076	0.215240375025	0.0	0.198530152019	0.0	0.0	0.0	0.0	0.0	0.0	0.0	0.0	0.0	0.0	0.0	0.0	0.163492381716	0.0	0.0
64	0	0.165290088638	0.0	0.0	0.126090007016	0.156259549761	0.169519874065	0.0	0.0	0.124938755512	0.0	0.0	0.0	0.0	0.0	0.137465760373	0.0	0.0	0.0	0.0	0.0
65	0	0.320179372197	0.25037813855	0.292408906883	0.353023348633	0.304180254966	0.502363947289	0.0	0.307371763072	0.363956885262	0.500050055061	0.245701445877	0.168810449696	0.32412486287	0.241530165836	0.255474452555	0.500407747197	0.507052257737	0.117293233083	0.128632777389	0.500151438667
66	0	0.496842105263	0.495045580658	0.498447204969	0.357892612031	0.495525949493	0.504791069841	0.193402709601	0.499651220727	0.49058682155	0.497333199155	0.253342577003	0.502089968153	0.497719611342	0.359322721282	0.503587086489	0.502594810379	0.497120339497	0.493449781659	0.311320754717	0.509720714497
67	0	0.0	0.0	0.13025210084	0.0	0.0	0.0	0.0	0.129844772039	0.0991164821773	0.232216520777	0.0	0.0	0.0	0.0	0.0	0.0	0.0	0.0	0.127769643729	0.0
68	0	0.0	0.163735048749	0.204654895666	0.0	0.204049382716	0.0	0.0	0.0	0.0	0.0	0.0	0.0	0.0	0.0	0.0	0.0	0.0	0.160073409462	0.0	0.0
69	0	0.163308482773	0.0	0.0	0.12254610351	0.158991562468	0.166967328122	0.0	0.0	0.123344038539	0.0	0.0	0.0	0.0	0.0	0.137341644882	0.0	0.0	0.0	0.0	0.0
70	0	0.0	0.160723154862	0.201562975743	0.0	0.198457792208	0.0	0.0	0.0	0.0	0.0	0.0	0.0	0.0	0.0	0.0	0.0	0.0	0.161529342027	0.0	0.0
71	0	0.0	0.0	0.0	0.143337952881	0.0	0.0	0.296917090691	0.0	0.0	0.0	0.254940711462	0.0	0.0	0.135251939888	0.0	0.0	0.0	0.0	0.194890729468	0.0
72	0	0.169874975193	0.0	0.0	0.123832923833	0.156567179178	0.168063831936	0.0	0.0	0.12392528906	0.0	0.0	0.0	0.0	0.0	0.135240963855	0.0	0.0	0.0	0.0	0.0
73	0	0.0	0.0	0.0	0.142629004891	0.0	0.0	0.297876582594	0.0	0.0	0.0	0.257180026018	0.0	0.0	0.137568784392	0.0	0.0	0.0	0.0	0.196304391019	0.0
74	0	0.1493	0.113549809581	0.122134347783	0.115820895522	0.143493761141	0.0	0.0	0.140242689477	0.101833596215	0.498193859121	0.0	0.165160149342	0.140497492872	0.0	0.119676277188	0.148536831483	0.0	0.0	0.122784176264	0.0
75	0	0.174994901081	0.0	0.0	0.126617838868	0.15721623527	0.175617128463	0.0	0.0	0.128271988767	0.0	0.0	0.0	0.0	0.0	0.133807045637	0.0	0.0	0.0	0.0	0.0
76	0	0.317210802096	0.252204764318	0.290178571429	0.355814408771	0.296042694593	0.503018307768	0.0	0.305055784501	0.356108280891	0.490948876069	0.23860911271	0.168950221784	0.32711763539	0.231265508685	0.257294695678	0.5024990004	0.512889958873	0.115472523104	0.125676074344	0.501692215807
77	0	0.151398068124	0.110845533313	0.120819523953	0.113043478261	0.139276045322	0.0	0.0	0.13459443399	0.0983802047103	0.500940687197	0.0	0.168980563269	0.148740952187	0.0	0.128038238584	0.14407960199	0.0	0.0	0.129430505775	0.0
78	0	0.0	0.158348736907	0.21602160216	0.0	0.196870925684	0.0	0.0	0.0	0.0	0.0	0.0	0.0	0.0	0.0	0.0	0.0	0.0	0.16180874426	0.0	0.0
79	0	0.494031311155	0.501905717151	0.497052652613	0.356463785161	0.498226950355	0.507541178805	0.190691596301	0.505384843395	0.495255219259	0.50397721693	0.244767789516	0.49476861167	0.501409585179	0.361695730607	0.503872120731	0.498908080206	0.499135388058	0.503414827279	0.315014332312	0.498217014773
80	0	0.0	0.0	0.0	0.142465475223	0.0	0.0	0.304032258065	0.0	0.0	0.0	0.256987733762	0.0	0.0	0.134941912422	0.0	0.0	0.0	0.0	0.189521410579	0.0
81	0	0.320213080793	0.248386135664	0.29583168708	0.358414239482	0.306203473945	0.501900380076	0.0	0.314914914915	0.363617947939	0.508425565859	0.238511814982	0.160471622702	0.328916992874	0.242250978032	0.252481700592	0.496112440191	0.503453107797	0.117408506429	0.131628882453	0.500996810207
82	0	0.325871889677	0.250273768044	0.28870292887	0.354462474645	0.301972836324	0.512858555885	0.0	0.305464966894	0.3645	0.498298979388	0.243473041913	0.170865279299	0.330313097755	0.237119554406	0.265009940358	0.4946777055	0.49402350081	0.120730270907	0.128922984956	0.504202521513
83	0	0.1655576522	0.0	0.0	0.126493323963	0.157787303531	0.155218554862	0.0	0.0	0.128968450203	0.0	0.0	0.0	0.0	0.0	0.139021479714	0.0	0.0	0.0	0.0	0.0
84	0	0.164781111658	0.0	0.0	0.126890923567	0.163240628779	0.162287793048	0.0	0.0	0.126493822159	0.0	0.0	0.0	0.0	0.0	0.12988562904	0.0	0.0	0.0	0.0	0.0
85	0	0.16396039604	0.0	0.0	0.1250501002	0.160815846244	0.163784535878	0.0	0.0	0.126483790524	0.0	0.0	0.0	0.0	0.0	0.134431829599	0.0	0.0	0.0	0.0	0.0
86	0	0.496569814366	0.498243148278	0.499400479616	0.363853503185	0.49777598059	0.492270868655	0.203747769185	0.494513099357	0.498519834221	0.500253832876	0.246016634933	0.495828367104	0.493043739365	0.359484201201	0.493869006081	0.502583848414	0.495656565657	0.48737398942	0.312091179386	0.502436598707
87	0	0.17203974047	0.0	0.0	0.128760051623	0.166818411735	0.167511177347	0.0	0.0	0.127627476617	0.0	0.0	0.0	0.0	0.0	0.132965931864	0.0	0.0	0.0	0.0	0.0
88	0	0.0	0.0	0.0	0.139381854437	0.0	0.0	0.304846938776	0.0	0.0	0.0	0.259330433903	0.0	0.0	0.138272103351	0.0	0.0	0.0	0.0	0.195768772348	0.0
89	0	0.149884549744	0.115728194319	0.124037892244	0.117282127031	0.140276516298	0.0	0.0	0.141568981064	0.0997280145059	0.50149224035	0.0	0.160926485398	0.153032721468	0.0	0.122966363909	0.149235597854	0.0	0.0	0.127844311377	0.0
90	0	0.178618387782	0.0	0.0	0.0	0.0	0.0	0.0	0.196808510638	0.137760158573	0.0	0.0	0.195977410086	0.17228951847	0.122455242967	0.14710282238	0.0	0.0	0.132549655452	0.176665661743	0.0
91	0	0.509535402719	0.500862856563	0.502849145256	0.359448818898	0.499056135122	0.498186215236	0.186512330146	0.498644442213	0.497035473822	0.499648770697	0.237723772377	0.500605571256	0.491361437457	0.3624750499	0.494065281899	0.503571787906	0.496441984582	0.505942275042	0.317357512953	0.503237555645
92	0	0.173697270471	0.0	0.0	0.129939516129	0.153914502912	0.164990540675	0.0	0.0	0.135055425608	0.0	0.0	0.0	0.0	0.0	0.127857071564	0.0	0.0	0.0	0.0	0.0
93	0	0.173234727991	0.0	0.0	0.0	0.0	0.0	0.0	0.187487447279	0.133187989297	0.0	0.0	0.192966545748	0.168237559542	0.123453063688	0.14401036476	0.0	0.0	0.134540750323	0.175393700787	0.0
94	0	0.16618740704	0.0	0.0	0.127062374245	0.152429821914	0.169128581342	0.0	0.0	0.12923413132	0.0	0.0	0.0	0.0	0.0	0.134134033105	0.0	0.0	0.0	0.0	0.0
95	0	0.0	0.0	0.0	0.142060433989	0.0	0.0	0.314122798086	0.0	0.0	0.0	0.261575226526	0.0	0.0	0.138602065131	0.0	0.0	0.0	0.0	0.186851907782	0.0
96	0	0.332082180956	0.236746623665	0.290808240887	0.355458868765	0.297548774387	0.496896857452	0.0	0.309535548762	0.370560936239	0.510614970597	0.24281594909	0.162940884252	0.322587227097	0.238211879976	0.262773001285	0.499245396921	0.501672240803	0.119278918378	0.124383616786	0.494358462307
97	0	0.173432835821	0.0	0.0	0.0	0.0	0.0	0.0	0.193675489998	0.139082751745	0.0	0.0	0.195935122147	0.172490631014	0.128710918237	0.144441114774	0.0	0.0	0.137175734329	0.181684044855	0.0
98	0	0.17718638702	0.0	0.0	0.124456136801	0.156748620171	0.174994962724	0.0	0.0	0.127173373075	0.0	0.0	0.0	0.0	0.0	0.134598012647	0.0	0.0	0.0	0.0	0.0
99	0	0.0	0.0	0.0	0.146055118894	0.0	0.0	0.307367149758	0.0	0.0	0.0	0.257905832748	0.0	0.0	0.14059543961	0.0	0.0	0.0	0.0	0.195658758203	0.0
