Chromosome	Position	Change	Gene	sample0	sample1	sample2	sample3	sample4
1	0	G>T	1	16	7	9	11	15
1	1	A>G	1	0	0	0	0	0
1	2	C>A	1	29	0	0	0	0
1	3	T>G	1	0	0	0	0	0
1	4	C>G	1	43	50	58	37	41
1	5	G>C	1	15	5	9	8	29
1	6	C>T	1	0	0	0	0	0
1	7	T>C	1	0	22	29	0	0
1	8	T>G	1	22	13	7	11	31
1	9	C>G	1	0	0	0	0	0
1	10	G>A	1	40	0	0	0	0
1	11	G>T	1	0	15	0	0	31
1	12	G>A	1	20	10	13	7	22
1	13	A>G	1	50	36	19	33	36
1	14	C>A	1	21	15	11	12	23
1	15	G>T	1	20	23	16	30	31
1	16	G>C	1	23	20	17	23	30
1	17	A>G	1	0	0	0	10	0
1	18	C>G	1	0	0	0	0	0
1	19	A>T	1	0	0	0	0	0
1	20	G>C	1	50	41	43	46	48
1	21	T>A	1	0	0	0	0	0
1	22	A>G	1	0	0	0	0	0
1	23	A>G	1	0	15	24	10	0
1	24	G>T	1	32	0	0	0	0
1	25	G>T	1	29	9	12	12	25
1	26	A>C	1	52	49	55	49	46
1	27	T>C	1	38	51	64	39	51
1	28	A>T	1	24	14	11	10	27
1	29	C>G	1	0	0	0	0	0
1	30	G>A	1	44	57	45	58	52
1	31	T>C	1	0	0	12	19	27
1	32	T>C	1	0	13	27	0	0
1	33	T>A	1	11	20	36	39	22
1	34	G>A	1	0	0	0	0	0
1	35	T>A	1	0	0	0	0	0
1	36	T>G	1	24	5	10	11	23
1	37	T>A	1	31	0	0	0	0
1	38	C>T	1	0	0	0	0	0
1	39	A>G	1	51	46	48	45	45
1	40	G>T	1	0	0	0	0	0
1	41	A>G	1	28	20	19	27	30
1	42	G>C	1	40	34	19	40	54
1	43	G>C	1	0	0	0	0	0
1	44	T>C	1	19	5	14	10	19
1	45	C>T	1	0	0	0	0	0
1	46	T>C	1	0	0	0	0	0
1	47	T>C	1	32	29	23	32	50
1	48	C>A	1	13	10	11	6	23
1	49	T>G	1	0	0	0	0	0
1	50	T>C	1	52	43	51	65	60
1	51	A>C	1	0	0	0	0	0
1	52	C>T	1	0	14	20	8	0
1	53	A>G	1	53	58	63	55	40
1	54	T>A	1	22	20	22	22	30
1	55	C>A	1	0	0	0	0	0
1	56	C>G	1	0	17	13	0	0
1	57	C>T	1	41	58	49	44	57
1	58	A>G	1	44	41	45	56	47
1	59	G>T	1	65	53	45	51	60
1	60	G>C	1	0	20	15	13	0
1	61	T>G	1	0	0	0	0	0
1	62	G>C	1	0	0	10	0	0
1	63	T>G	1	0	0	12	8	27
1	64	C>T	1	0	0	0	0	0
1	65	A>G	1	22	13	17	48	24
1	66	T>A	1	0	0	0	0	0
1	67	G>C	1	43	35	27	32	55
1	68	C>A	1	0	0	0	0	0
1	69	T>G	1	0	5	31	9	0
1	70	A>T	1	0	0	0	0	0
1	71	A>T	1	0	0	0	8	0
1	72	T>A	1	0	0	15	0	0
1	73	C>T	1	0	0	0	11	0
1	74	G>T	1	0	0	0	0	0
1	75	C>A	1	0	11	32	0	0
1	76	A>G	1	0	0	0	6	0
1	77	A>T	1	0	0	10	10	18
1	78	G>A	1	0	0	0	0	0
1	79	T>G	1	0	0	0	0	0
1	80	G>A	1	21	39	29	31	32
1	81	G>A	1	0	0	0	20	0
1	82	A>C	1	0	17	19	0	0
1	83	G>T	1	0	0	14	0	0
1	84	T>C	1	0	0	0	0	0
1	85	A>C	1	61	48	43	59	49
1	86	C>G	1	0	9	24	0	0
1	87	A>C	1	0	0	0	0	0
1	88	A>T	1	0	16	22	9	0
1	89	T>G	1	61	32	24	35	40
1	90	T>A	1	0	20	33	9	0
1	91	A>T	1	0	0	0	0	0
1	92	G>T	1	0	21	28	6	0
1	93	A>G	1	32	0	0	0	0
1	94	A>T	1	56	47	33	43	49
1	95	T>C	1	0	0	0	8	0
1	96	C>A	1	24	11	16	19	24
1	97	C>T	1	18	7	11	12	25
1	98	C>A	1	0	0	0	0	0
1	99	A>C	1	50	47	54	48	67
1	100	A>T	1	0	0	0	0	0
1	101	T>C	1	39	48	53	62	48
1	102	A>T	1	21	17	21	19	22
1	103	G>T	1	0	0	0	0	0
1	104	C>T	1	0	0	0	14	0
1	105	G>A	1	0	15	14	0	0
1	106	T>G	1	0	0	0	0	0
1	107	T>A	1	24	23	14	25	29
1	108	G>A	1	0	0	0	0	0
1	109	C>G	1	19	5	14	18	21
1	110	G>C	1	48	47	45	50	51
1	111	G>T	1	0	16	34	5	0
1	112	G>A	1	21	7	3	18	27
1	113	A>C	1	0	0	0	0	0
1	114	C>G	1	0	15	13	0	0
1	115	C>A	1	21	21	19	17	26
1	116	A>T	1	0	14	39	12	0
1	117	A>T	1	0	16	28	17	0
1	118	C>A	1	0	11	0	0	25
1	119	T>G	1	0	12	0	0	15
1	120	T>G	1	30	8	11	13	25
1	121	C>T	1	26	10	8	12	27
1	122	C>T	1	0	0	0	0	0
1	123	A>G	1	27	20	24	25	29
1	124	G>C	1	0	0	0	0	0
1	125	A>C	1	0	0	0	0	0
1	126	A>T	1	42	45	62	55	65
1	127	T>C	1	0	0	0	0	0
1	128	G>T	1	26	6	12	10	22
1	129	T>G	1	0	12	37	0	0
1	130	A>G	1	45	33	23	52	52
1	131	C>G	1	0	0	0	0	0
1	132	C>A	1	21	24	17	25	22
1	133	C>A	1	54	60	49	63	50
1	134	C>T	1	0	0	0	0	0
1	135	G>T	1	0	0	0	9	0
1	136	C>T	1	0	15	21	10	0
1	137	C>T	1	18	19	23	24	15
1	138	G>C	1	0	0	0	13	0
1	139	G>T	1	0	0	0	15	0
1	140	T>C	1	0	0	0	15	0
1	141	A>G	1	0	0	11	16	22
1	142	T>G	1	0	17	33	0	0
1	143	T>A	1	0	0	0	9	0
1	144	T>G	1	0	0	0	0	0
1	145	C>T	1	0	27	30	0	0
1	146	T>C	1	0	0	0	17	0
1	147	A>C	1	0	10	19	13	0
1	148	G>C	1	26	25	20	21	17
1	149	A>T	1	0	16	25	10	0
1	150	C>T	1	0	0	0	0	0
1	151	G>A	1	0	16	24	0	0
1	152	T>A	1	0	0	0	0	0
1	153	G>C	1	22	13	19	13	22
1	154	G>T	1	0	0	0	0	0
1	155	T>G	1	46	45	52	55	58
1	156	G>T	1	21	21	34	35	18
1	157	A>G	1	28	0	0	0	0
1	158	A>C	1	38	0	0	0	0
1	159	G>T	1	16	12	15	9	24
1	160	T>C	1	0	0	0	0	0
1	161	G>C	1	0	0	0	0	0
1	162	A>G	1	0	0	18	14	26
1	163	C>T	1	21	25	25	35	33
1	164	C>T	1	27	11	9	10	18
1	165	T>A	1	0	13	28	11	0
1	166	T>C	1	0	0	0	0	0
1	167	C>A	1	41	55	61	55	55
1	168	C>G	1	0	0	0	11	0
1	169	T>A	1	0	0	0	0	0
1	170	C>G	1	0	0	0	0	0
1	171	C>G	1	0	0	0	0	0
1	172	C>A	1	0	0	0	13	0
1	173	G>A	1	0	17	18	0	0
1	174	G>T	1	0	0	0	0	0
1	175	C>G	1	0	0	0	0	0
1	176	C>T	1	56	39	18	46	48
1	177	C>G	1	0	0	0	0	0
1	178	C>A	1	0	11	25	0	0
1	179	T>C	1	24	10	12	7	28
1	180	A>C	1	0	0	0	7	0
1	181	T>G	1	0	0	0	11	0
1	182	A>T	1	56	41	27	34	50
1	183	T>G	1	43	30	20	48	49
1	184	A>C	1	0	0	0	13	0
1	185	T>A	1	0	14	32	0	0
1	186	C>A	1	0	0	0	0	0
1	187	G>A	1	0	0	11	16	18
1	188	T>C	1	0	15	26	14	0
1	189	C>T	1	0	0	0	0	0
1	190	T>C	1	23	9	16	8	19
1	191	T>C	1	0	15	21	0	0
1	192	C>A	1	0	26	31	0	0
1	193	G>C	1	0	0	0	0	0
1	194	A>G	1	0	0	15	0	0
1	195	T>G	1	0	13	30	0	0
1	196	A>T	1	0	0	0	0	0
1	197	A>G	1	28	0	0	0	0
1	198	T>C	1	0	10	0	0	22
1	199	A>G	1	0	0	0	0	0
