Chromosome	Position	Change	Gene	sample0	sample1	sample2	sample3	sample4
1	0	A>C	1	26	60	35	43	31
1	1	C>A	1	0	0	0	33	0
1	2	G>A	1	0	0	0	0	0
1	3	G>A	1	51	28	21	21	32
1	4	G>T	1	0	0	0	0	0
1	5	T>A	1	0	0	0	0	0
1	6	G>A	1	13	0	13	0	13
1	7	G>A	1	19	0	12	29	13
1	8	T>A	1	0	0	0	0	0
1	9	C>A	1	0	0	0	0	0
1	10	T>C	1	0	0	0	0	0
1	11	A>C	1	28	0	19	17	18
1	12	A>C	1	33	0	16	18	13
1	13	A>T	1	0	0	0	0	0
1	14	C>G	1	0	0	0	0	0
1	15	G>A	1	0	0	0	28	0
1	16	T>A	1	23	0	15	25	9
1	17	C>T	1	39	28	22	25	26
1	18	C>G	1	0	0	16	18	0
1	19	C>T	1	0	0	0	0	0
1	20	A>C	1	0	0	0	0	0
1	21	A>T	1	0	0	0	0	0
1	22	A>C	1	0	0	0	0	0
1	23	G>T	1	0	0	18	30	0
1	24	T>A	1	47	21	11	18	25
1	25	C>T	1	0	0	0	0	0
1	26	T>A	1	0	0	0	0	0
1	27	C>G	1	0	0	0	0	0
1	28	A>C	1	0	0	15	18	0
1	29	G>A	1	0	27	0	0	0
1	30	G>C	1	0	0	0	19	0
1	31	C>G	1	0	0	0	23	0
1	32	C>A	1	0	0	0	0	0
1	33	A>C	1	0	0	0	0	0
1	34	T>A	1	0	0	13	20	0
1	35	G>C	1	0	0	0	25	0
1	36	G>A	1	14	0	18	0	14
1	37	A>G	1	0	0	23	27	0
1	38	C>G	1	0	0	0	24	0
1	39	T>G	1	21	0	14	0	19
1	40	C>T	1	0	32	0	0	0
1	41	A>T	1	0	0	20	22	0
1	42	T>G	1	0	0	0	28	0
1	43	C>A	1	0	0	21	19	0
1	44	G>A	1	0	42	0	0	0
1	45	A>G	1	10	0	21	0	12
1	46	G>A	1	0	0	17	25	0
1	47	T>C	1	0	0	0	27	0
1	48	C>T	1	20	0	15	21	17
1	49	C>G	1	0	0	0	0	0
1	50	T>A	1	0	0	0	0	0
1	51	G>C	1	0	0	14	32	0
1	52	A>T	1	0	0	0	29	0
1	53	T>C	1	0	0	0	0	0
1	54	C>A	1	27	21	10	25	25
1	55	C>T	1	0	0	16	35	0
1	56	A>G	1	0	0	0	0	0
1	57	C>G	1	0	0	0	0	0
1	58	A>T	1	20	0	19	0	11
1	59	C>G	1	0	0	0	0	0
1	60	G>A	1	0	0	0	0	0
1	61	A>C	1	28	24	20	20	40
1	62	C>A	1	0	0	19	25	0
1	63	G>T	1	0	0	0	0	0
1	64	A>T	1	0	0	0	0	0
1	65	T>G	1	30	46	39	50	37
1	66	A>G	1	0	0	0	0	0
1	67	A>G	1	10	0	19	0	11
1	68	T>C	1	0	0	0	0	0
1	69	T>A	1	0	23	0	0	0
1	70	T>A	1	19	0	21	29	10
1	71	G>A	1	0	34	0	0	0
1	72	C>T	1	0	0	0	21	0
1	73	T>C	1	0	0	0	0	0
1	74	T>C	1	0	0	18	29	0
1	75	C>G	1	0	0	0	0	0
1	76	G>A	1	0	0	0	0	0
1	77	G>T	1	6	0	19	0	13
1	78	G>C	1	0	0	0	0	0
1	79	T>A	1	32	55	41	55	24
1	80	G>C	1	0	0	16	30	0
1	81	T>A	1	0	0	0	0	0
1	82	A>G	1	0	30	0	0	0
1	83	G>A	1	32	0	10	22	21
1	84	T>A	1	0	0	0	0	0
1	85	C>A	1	0	0	0	0	0
1	86	A>G	1	40	28	31	51	40
1	87	A>G	1	0	0	18	27	0
1	88	G>T	1	29	46	41	46	38
1	89	C>G	1	0	17	13	29	19
1	90	G>T	1	34	32	22	22	30
1	91	T>C	1	23	0	16	19	16
1	92	C>A	1	0	0	0	27	0
1	93	G>T	1	0	0	0	0	0
1	94	C>A	1	0	19	0	0	0
1	95	G>C	1	0	0	0	0	0
1	96	A>G	1	33	0	24	23	14
1	97	G>T	1	25	0	20	24	17
1	98	C>A	1	26	0	18	27	14
1	99	G>A	1	0	39	0	0	0
1	100	A>C	1	0	0	0	0	0
1	101	A>C	1	0	0	22	22	0
1	102	A>T	1	0	0	0	0	0
1	103	C>A	1	36	0	14	26	13
1	104	A>T	1	0	0	0	0	0
1	105	A>T	1	0	33	0	0	0
1	106	C>G	1	44	24	16	24	30
1	107	T>A	1	12	0	16	0	20
1	108	G>C	1	0	0	27	29	0
1	109	C>A	1	0	0	0	0	0
1	110	G>T	1	0	0	0	0	0
1	111	A>T	1	41	0	9	28	37
1	112	C>G	1	21	0	11	24	17
1	113	T>A	1	41	23	18	29	36
1	114	A>T	1	0	0	0	0	0
1	115	C>T	1	0	0	17	26	0
1	116	C>T	1	0	0	0	0	0
1	117	G>T	1	0	24	18	25	13
1	118	A>T	1	0	0	0	0	0
1	119	A>T	1	24	27	20	28	36
1	120	C>T	1	0	0	0	0	0
1	121	G>C	1	31	34	16	21	29
1	122	G>C	1	0	0	0	0	0
1	123	C>T	1	0	0	0	0	0
1	124	C>T	1	25	0	12	31	17
1	125	A>T	1	0	0	0	0	0
1	126	A>G	1	0	0	0	0	0
1	127	A>G	1	0	0	0	0	0
1	128	T>G	1	23	0	15	20	21
1	129	C>G	1	0	0	0	0	0
1	130	A>C	1	0	0	0	0	0
1	131	A>C	1	11	0	14	0	14
1	132	G>T	1	37	26	16	21	31
1	133	T>C	1	0	0	0	0	0
1	134	C>G	1	0	22	19	27	19
1	135	A>T	1	0	0	21	18	0
1	136	T>G	1	0	0	0	0	0
1	137	A>T	1	0	33	0	0	0
1	138	A>T	1	0	0	0	0	0
1	139	A>T	1	31	0	17	22	20
1	140	G>A	1	0	0	0	0	0
1	141	C>G	1	0	22	19	25	13
1	142	C>T	1	21	0	18	22	16
1	143	G>T	1	0	31	0	0	0
1	144	C>A	1	10	0	12	0	8
1	145	T>A	1	36	41	29	53	36
1	146	C>A	1	0	0	0	0	0
1	147	C>A	1	24	48	30	49	41
1	148	A>C	1	8	0	15	0	16
1	149	T>G	1	0	0	0	0	0
1	150	T>C	1	20	0	24	36	24
1	151	G>T	1	22	0	16	21	24
1	152	T>A	1	34	0	12	20	22
1	153	C>G	1	0	0	0	0	0
1	154	G>C	1	37	18	20	20	27
1	155	T>A	1	24	0	27	22	15
1	156	G>A	1	38	31	11	14	42
1	157	A>C	1	0	24	10	22	27
1	158	T>G	1	0	0	0	0	0
1	159	G>T	1	0	0	0	0	0
1	160	G>T	1	0	17	26	23	20
1	161	G>A	1	0	0	17	17	0
1	162	G>A	1	21	0	25	23	22
1	163	T>G	1	0	0	25	23	0
1	164	G>C	1	0	26	0	0	0
1	165	C>G	1	18	0	19	15	13
1	166	T>A	1	0	0	11	20	0
1	167	C>T	1	0	0	0	22	0
1	168	G>A	1	25	0	13	20	15
1	169	G>C	1	0	27	0	0	0
1	170	A>G	1	22	0	15	35	19
1	171	T>A	1	44	0	17	21	24
1	172	G>A	1	0	0	0	0	0
1	173	G>T	1	0	0	0	0	0
1	174	A>G	1	32	0	14	33	15
1	175	T>G	1	0	0	24	21	0
1	176	T>A	1	22	0	13	19	13
1	177	A>T	1	16	0	21	25	18
1	178	T>A	1	37	46	36	54	29
1	179	C>A	1	0	0	14	20	0
1	180	C>A	1	0	0	0	0	0
1	181	T>A	1	0	0	13	30	0
1	182	C>A	1	0	0	0	0	0
1	183	A>T	1	0	0	0	0	0
1	184	A>G	1	0	22	0	0	0
1	185	G>A	1	25	0	12	18	12
1	186	G>T	1	0	0	0	34	0
1	187	A>C	1	45	0	21	24	33
1	188	T>C	1	41	28	13	17	37
1	189	G>A	1	0	0	0	0	0
1	190	T>G	1	0	0	12	38	0
1	191	C>G	1	0	0	0	0	0
1	192	A>T	1	21	0	25	13	12
1	193	G>C	1	0	0	0	0	0
1	194	G>C	1	0	0	0	0	0
1	195	C>T	1	0	0	23	33	0
1	196	C>A	1	0	0	0	0	0
1	197	C>G	1	0	0	0	0	0
1	198	G>A	1	28	44	28	61	42
1	199	G>C	1	0	0	0	0	0
