#chr	position	description	normal	sample0	sample1	sample2	sample3	sample4	sample5	sample6	sample7	sample8	sample9	sample10	sample11	sample12	sample13	sample14
1	1	1	0	0.340370444135	0.33759383242	0.491313897764	0.143577842801	0.193920127161	0.369436943694	0.307744896963	0.488449848024	0.501454800843	0.507810955112	0.202839148256	0.341774656247	0.507249295207	0.509823476613	0.498549854985
2	1	1	0	0.152257682047	0.162303129474	0.269966595809	0.20600244998	0.166250124963	0.153268595455	0.186670598643	0.0	0.198316831683	0.0	0.292965627498	0.153405725568	0.24138627867	0.290125924445	0.228052573493
3	1	1	0	0.110212335693	0.0	0.227683447523	0.142928535732	0.0	0.122487751225	0.136650315347	0.298569725864	0.0	0.267537688442	0.215084366741	0.114345738295	0.251178181089	0.115198737548	0.0
4	1	1	0	0.110789210789	0.0	0.236719854575	0.140677966102	0.0	0.118165062462	0.133125062985	0.296875	0.0	0.276808231615	0.216754778365	0.115072608913	0.252716854377	0.119798488665	0.0
5	1	1	0	0.344297352342	0.235305661859	0.23233030091	0.29939224868	0.326834170854	0.250124962511	0.311932042671	0.504855351001	0.139306474243	0.50099940036	0.211295418641	0.250200642055	0.25874825035	0.116019900498	0.127916251246
6	1	1	0	0.34132988254	0.242192222446	0.234985133796	0.290541911914	0.329376558603	0.2428	0.304088844018	0.498703629836	0.146510705789	0.50403551251	0.203802733214	0.244667760459	0.261032010502	0.121905140698	0.136663336663
7	1	1	0	0.152264188254	0.161942098914	0.267260579065	0.199157218822	0.172167438116	0.156224818695	0.192376414532	0.0	0.196198712792	0.0	0.295227524972	0.153183820585	0.239433771486	0.287554079887	0.215491259795
8	1	1	0	0.0	0.0	0.233096085409	0.0	0.0	0.0	0.0	0.297305329899	0.0	0.0	0.0	0.0	0.249695740365	0.0	0.0
9	1	1	0	0.342283214002	0.235486104243	0.2352297593	0.299346016647	0.33887987013	0.253985761556	0.304881701108	0.497307184229	0.139207402937	0.497796915682	0.203017284444	0.250251256281	0.258303321329	0.120415709004	0.129492129492
10	1	1	0	0.34024646829	0.233817301875	0.233911137677	0.303498860145	0.326732673267	0.24582432698	0.306140970051	0.502739862509	0.139656230816	0.496321676912	0.19756899472	0.245850518057	0.257418840868	0.120072405471	0.130430389978
11	1	1	0	0.343450972322	0.237891302131	0.233373039508	0.299060751399	0.32760515536	0.251983529175	0.312292692733	0.487916459473	0.140498348844	0.497316636852	0.209738199127	0.248133198789	0.261070853462	0.117682257904	0.129022495713
12	1	1	0	0.345094491355	0.232030015798	0.230094599921	0.296717680226	0.328696703961	0.242320475375	0.30890052356	0.49479910259	0.149535541195	0.502594292556	0.207815631263	0.245384692146	0.259750703659	0.119737887212	0.131687242798
13	1	1	0	0.341938046068	0.331644815256	0.499058193715	0.14470949223	0.198748359746	0.37381141046	0.303509295159	0.507121107946	0.496366572467	0.499899193548	0.212625596265	0.351268025858	0.507032418953	0.495893122217	0.489957030079
14	1	1	0	0.159172304019	0.1559697733	0.0	0.204763811049	0.161364545818	0.0	0.184618441971	0.0	0.0	0.0	0.290521091811	0.155587130823	0.0	0.0	0.0
15	1	1	0	0.343194063231	0.236518736671	0.22867550339	0.297259311314	0.32742471548	0.241255605381	0.303248031496	0.497124407224	0.146768893757	0.498077701335	0.202307539288	0.249827126346	0.256685575365	0.113182957393	0.130369928401
16	1	1	0	0.0	0.0	0.0	0.153177730625	0.128220491312	0.12591711283	0.0	0.0	0.0	0.0	0.0	0.0	0.0	0.0	0.0
17	1	1	0	0.200299550674	0.0931783729156	0.222677732227	0.144209687064	0.188401381272	0.110523162939	0.136514648143	0.49743235236	0.150616792678	0.500552486188	0.212682435833	0.107422455654	0.25790632506	0.117824167001	0.131930594336
18	1	1	0	0.0	0.0	0.236248516027	0.0	0.0	0.0	0.0	0.296959391878	0.0	0.0	0.0	0.0	0.263057834701	0.0	0.0
19	1	1	0	0.111100009991	0.0	0.2322241327	0.142314015619	0.0	0.119187493777	0.13874719445	0.292253873063	0.0	0.278939469735	0.205281868969	0.111033866322	0.250272142504	0.116601178782	0.0
20	1	1	0	0.33683897212	0.337978744736	0.498581560284	0.147373686843	0.201556656222	0.36586337383	0.301216936538	0.499062098924	0.503812964078	0.507997183382	0.204403451354	0.340324023457	0.505649435056	0.50035179415	0.494206199861
21	1	1	0	0.335916542474	0.342004138339	0.505235335976	0.14229686243	0.19876024795	0.378313970807	0.308998988878	0.503216866277	0.502073429756	0.505214600882	0.214823622671	0.345672836418	0.504981071927	0.501899620076	0.491717791411
22	1	1	0	0.111452652454	0.0	0.22952109352	0.144136807818	0.0	0.114538760076	0.137805617296	0.301552328493	0.0	0.27811840386	0.210892586989	0.110163468372	0.25945357355	0.114452378558	0.0
23	1	1	0	0.0	0.0	0.0	0.156026252983	0.132313499553	0.128642714571	0.0	0.0	0.0	0.0	0.0	0.0	0.0	0.0	0.0
24	1	1	0	0.345359811247	0.234307522346	0.230049261084	0.307450263906	0.325616057234	0.23871818274	0.30303631673	0.509758080911	0.145046579185	0.506332901167	0.204468042476	0.244630071599	0.257707032037	0.110122024405	0.124639411121
25	1	1	0	0.110764900995	0.0	0.231650696434	0.146663954434	0.0	0.117275137671	0.13357436979	0.298609731877	0.0	0.269531636796	0.207961087949	0.110902069512	0.259110531071	0.117023384859	0.0
26	1	1	0	0.338464594299	0.23567970956	0.237423742374	0.29733832608	0.332449791008	0.24567963618	0.310120891198	0.494846402587	0.143336383044	0.498647971958	0.206564855216	0.245077249318	0.253501259446	0.11458126119	0.134568896052
27	1	1	0	0.344899582422	0.239804566756	0.22676028481	0.295986455532	0.327593032462	0.250270536153	0.311495056427	0.507273626917	0.14253326762	0.503141517902	0.210658370132	0.245163876917	0.252477725498	0.126940915507	0.127920910725
28	1	1	0	0.205284756281	0.094510355922	0.223090017022	0.149301718075	0.192700434739	0.113611361136	0.139291063405	0.504408122833	0.140053158863	0.496202781339	0.205559544569	0.10602385284	0.256198347107	0.119621082334	0.131048387097
29	1	1	0	0.109524760383	0.0857086691567	0.232569671725	0.146970904743	0.0943964651536	0.115915734301	0.135326357748	0.501718888125	0.147181421199	0.280767289248	0.204302141158	0.10969030969	0.25298066326	0.121190787489	0.125264111078
30	1	1	0	0.160012068792	0.165987071109	0.260903965978	0.200961731116	0.171277997365	0.150088809947	0.194705466303	0.0	0.195378359615	0.0	0.288057611522	0.157068596473	0.247381546135	0.284138342278	0.215184815185
31	1	1	0	0.0	0.0	0.0	0.149694602984	0.126928471248	0.121199919468	0.0	0.0	0.0	0.0	0.0	0.0	0.0	0.0	0.0
32	1	1	0	0.153258954786	0.16774454325	0.272074229273	0.197893681043	0.176796693882	0.150743735649	0.193793103448	0.0	0.199736254818	0.0	0.290085436122	0.158828837862	0.249552060522	0.274450797472	0.217464732764
33	1	1	0	0.114486215539	0.0	0.228872518928	0.143767423337	0.0	0.113808952838	0.13284059129	0.297112912794	0.0	0.270175789053	0.200634102844	0.105241935484	0.252914443786	0.115465360392	0.0
34	1	1	0	0.342720191732	0.226138773861	0.23177551428	0.296416938111	0.327213503109	0.250548136336	0.308363924993	0.495705153815	0.13872255489	0.499499198718	0.205719464304	0.249248948528	0.2590765588	0.113139778509	0.133964143426
35	1	1	0	0.0	0.0	0.24437751004	0.0	0.0	0.0	0.0	0.285272709143	0.0	0.0	0.0	0.0	0.254623612916	0.0	0.0
36	1	1	0	0.156673696897	0.166566022544	0.268417874396	0.199979941831	0.172824908858	0.157008969062	0.185944063108	0.0	0.0	0.0	0.290847389959	0.163101875317	0.0	0.152379040353	0.217874875869
37	1	1	0	0.0	0.0	0.0	0.149477871706	0.133831187973	0.126808340816	0.0	0.0	0.0	0.0	0.0	0.0	0.0	0.0	0.0
38	1	1	0	0.345423490405	0.23075408545	0.22525804493	0.289484206317	0.326988922457	0.246699096595	0.306896897902	0.49884549744	0.144064465409	0.494103416994	0.208620862086	0.243954050786	0.26292752443	0.112848605578	0.129207920792
39	1	1	0	0.109382941954	0.0	0.230458751723	0.146613545817	0.0	0.114021111332	0.135708485587	0.295548552295	0.0	0.266514353829	0.211001725363	0.115182206335	0.257527417747	0.119209265176	0.0
40	1	1	0	0.109090909091	0.0	0.235025783419	0.143365531266	0.0	0.116267563823	0.143027769483	0.302854330709	0.0	0.266467661692	0.201200905601	0.110127337843	0.252153876979	0.112493677289	0.0
41	1	1	0	0.0	0.0	0.233146629326	0.0	0.0	0.0	0.0	0.28961418354	0.0	0.0	0.0	0.0	0.258058078036	0.0	0.0
42	1	1	0	0.1608544461	0.163751507841	0.264107214833	0.202724358974	0.171200473093	0.156103403533	0.186795809449	0.0	0.198957079824	0.0	0.291317092894	0.155544554455	0.247834312456	0.28171697924	0.223306894448
43	1	1	0	0.354069824943	0.234859226251	0.23466211467	0.304343382729	0.328932782425	0.234457004441	0.300937001595	0.497087768628	0.138310648519	0.498290426388	0.21134174198	0.254937343358	0.25325443787	0.112367350987	0.131274900398
44	1	1	0	0.343028485757	0.233901705115	0.229058116232	0.300773014758	0.330827067669	0.242850074221	0.304011887073	0.499650872818	0.149179663763	0.496663014244	0.199344457688	0.248289538919	0.257854600915	0.1219319862	0.130708504047
45	1	1	0	0.335226706527	0.234390388024	0.231654820302	0.293555845984	0.327721774194	0.248994368463	0.308462796402	0.497002337161	0.148953382546	0.495323343055	0.20195472225	0.247086943532	0.252475742723	0.118920551807	0.133246046933
46	1	1	0	0.341358641359	0.232413447065	0.234097449638	0.300369963004	0.33250792393	0.248731974142	0.313233671115	0.499099459676	0.147005808131	0.495893934897	0.201927805646	0.248565776459	0.249745986588	0.121277641278	0.125315227934
47	1	1	0	0.341664966333	0.234738955823	0.22995759787	0.294317048853	0.330720381028	0.250897845172	0.30912364946	0.497140563861	0.146888711607	0.49930264993	0.206980028243	0.249496981891	0.262146665325	0.12030149757	0.126615245918
48	1	1	0	0.118442292171	0.0877296394538	0.232395081801	0.147410358566	0.0905660377358	0.12210419828	0.135952572347	0.498492462312	0.144354360293	0.276947758949	0.202174987642	0.109123613471	0.256775889968	0.11883294499	0.126296706617
49	1	1	0	0.103915364841	0.0905412240769	0.228282626101	0.145386483205	0.0910800910801	0.121907242312	0.140451703973	0.4965	0.145758303321	0.265734968832	0.204669647293	0.107823669579	0.255895634722	0.119353873766	0.12697466468
50	1	1	0	0.114065848432	0.0	0.235358784729	0.139574898785	0.0	0.115789473684	0.132709528122	0.298167908194	0.0	0.262214657589	0.208515394777	0.109054726368	0.260761010686	0.115734334849	0.0
51	1	1	0	0.104608704234	0.0913978494624	0.225617750883	0.142985611511	0.0976192847893	0.114661843031	0.143373376306	0.500249227395	0.145321432153	0.271664167916	0.209766706208	0.113297013721	0.260004021717	0.112216918859	0.12762959235
52	1	1	0	0.154021394612	0.165351972042	0.267079504594	0.203241393195	0.171707317073	0.149094887607	0.196945498103	0.0	0.189901880621	0.0	0.291837756635	0.154711246201	0.2446	0.27312039312	0.217425431711
53	1	1	0	0.347389558233	0.239329719073	0.236173393124	0.290609262368	0.32142502729	0.236207766011	0.312952135566	0.494689996966	0.142654364798	0.49960199005	0.207369152845	0.242720403023	0.261601274646	0.122932407596	0.131405782652
54	1	1	0	0.114684892954	0.0	0.226699266504	0.142561780053	0.0	0.120123715454	0.134654062751	0.296236341562	0.0	0.269773449921	0.204893274265	0.114546732256	0.254497675359	0.12233243162	0.0
55	1	1	0	0.108072916667	0.0	0.222469635628	0.144901610018	0.0	0.111515519159	0.140422158359	0.294141211818	0.0	0.267095089868	0.206173088562	0.10607702157	0.259047619048	0.119741422178	0.0
56	1	1	0	0.203532636281	0.0953777687873	0.228734595732	0.13382528919	0.198812448812	0.116896070217	0.138189175518	0.496603996456	0.13649851632	0.504410744375	0.207961972668	0.110097262609	0.260609683204	0.116952683266	0.131730007918
57	1	1	0	0.157067013924	0.166370633511	0.0	0.200259170654	0.177060356928	0.0	0.1927469445	0.0	0.0	0.0	0.2862030794	0.155544303797	0.0	0.0	0.0
58	1	1	0	0.112081075657	0.0897410358566	0.228141936803	0.136929047666	0.0928189071811	0.11392779641	0.134206549118	0.491281347962	0.149594472815	0.266967871486	0.206927352124	0.105429729997	0.255076012652	0.122142931017	0.129932243922
59	1	1	0	0.153246753247	0.162877263581	0.0	0.20536258379	0.173224424744	0.0	0.192348980189	0.0	0.0	0.0	0.292574656981	0.166633682961	0.0	0.0	0.0
60	1	1	0	0.159256265158	0.156761673742	0.0	0.202161729384	0.171232194442	0.0	0.191954136602	0.0	0.0	0.0	0.294528753994	0.150636132316	0.0	0.0	0.0
61	1	1	0	0.106832049615	0.0	0.238198696425	0.139361384661	0.0	0.12017864393	0.128927957967	0.294129353234	0.0	0.26960734834	0.205557215417	0.110456406671	0.258233457549	0.124813525609	0.0
62	1	1	0	0.0	0.0	0.228257583392	0.0	0.0	0.0	0.0	0.291140479687	0.0	0.0	0.0	0.0	0.268751256787	0.0	0.0
63	1	1	0	0.34027034912	0.2199918897	0.230311446142	0.311705348133	0.328538607532	0.241075842974	0.303931252469	0.499110847659	0.137621163166	0.499500998004	0.204733021776	0.243089030989	0.25702570257	0.115840893231	0.133664330218
64	1	1	0	0.154857783668	0.16484063745	0.0	0.196274926612	0.172223318209	0.0	0.197301349325	0.0	0.0	0.0	0.289439374185	0.155692185641	0.0	0.0	0.0
65	1	1	0	0.0	0.0	0.0	0.153552790044	0.128764908025	0.121769733534	0.0	0.0	0.0	0.0	0.0	0.0	0.0	0.0	0.0
66	1	1	0	0.112103572862	0.0856971033377	0.229818035589	0.141806087482	0.0942036239864	0.116406966086	0.136579103298	0.506170362195	0.137896923533	0.271107037377	0.209067763416	0.11886149529	0.25267794574	0.114520226695	0.134367183592
67	1	1	0	0.154983064764	0.163729220909	0.261219910241	0.19701671839	0.173979748389	0.147298520978	0.196593964745	0.0	0.196388944926	0.0	0.293854859525	0.157406493635	0.241715203856	0.278059730627	0.220890410959
68	1	1	0	0.0	0.0	0.231301254817	0.0	0.0	0.0	0.0	0.298498498498	0.0	0.0	0.0	0.0	0.265880942869	0.0	0.0
69	1	1	0	0.153045607591	0.163625426108	0.274586466165	0.201338260262	0.176818866031	0.154051120103	0.193901952969	0.0	0.185913514598	0.0	0.297509179319	0.156358928394	0.239510138526	0.28622754491	0.224770178806
70	1	1	0	0.205255681818	0.0864099772345	0.230222311236	0.140716153691	0.189458833014	0.117931034483	0.132396075655	0.494397900474	0.143826052264	0.498098478783	0.206458022851	0.106618009666	0.251896207585	0.122872020829	0.127260013985
71	1	1	0	0.341893252769	0.237801848355	0.227203260316	0.299970092713	0.330663730103	0.240705289673	0.302574892295	0.498997594226	0.142600896861	0.502760252366	0.212255148167	0.240502542626	0.261721068249	0.111245954693	0.137397725005
72	1	1	0	0.345403339368	0.338737287282	0.502592780885	0.143477821562	0.193060318741	0.379561295613	0.306302729529	0.489987985583	0.509562431161	0.496441102757	0.198815736652	0.344855549924	0.50115635998	0.501790332206	0.498859013791
73	1	1	0	0.108361002113	0.0	0.23614024573	0.147271064133	0.0	0.114920571084	0.137533183582	0.303444120896	0.0	0.264085553025	0.197935458008	0.108662690791	0.25870396458	0.114631965829	0.0
74	1	1	0	0.345906256286	0.331542127142	0.499108734403	0.147087857848	0.200989119683	0.366323648103	0.312787672604	0.494909558169	0.500757958565	0.504407051282	0.207860696517	0.351321475229	0.497570649479	0.50193364543	0.502087890237
75	1	1	0	0.345853365385	0.235218888342	0.235528148001	0.298752264037	0.319859929965	0.245059288538	0.294720965309	0.50014744913	0.142142642793	0.495457721873	0.201059258519	0.244066773934	0.248838409912	0.114037683733	0.133359559402
76	1	1	0	0.346853977048	0.231618015849	0.230907457323	0.297055312376	0.330776218835	0.24188085276	0.30698326821	0.503786369071	0.140051834131	0.498238550579	0.202564102564	0.248314041268	0.253280710409	0.119288071193	0.124150831939
77	1	1	0	0.155061728395	0.158553546592	0.0	0.205202601301	0.171162885755	0.0	0.190721649485	0.0	0.0	0.0	0.290901795566	0.159108910891	0.0	0.0	0.0
78	1	1	0	0.0	0.0	0.0	0.156001179593	0.12789060929	0.131716118685	0.0	0.0	0.0	0.0	0.0	0.0	0.0	0.0	0.0
79	1	1	0	0.155344655345	0.162094513416	0.273056057866	0.205159209996	0.170731707317	0.157993113625	0.195705946374	0.0	0.0	0.0	0.287890858395	0.153978017546	0.0	0.155617585485	0.216453674121
80	1	1	0	0.11555021528	0.0908459783795	0.234725717162	0.146286052944	0.0982134044023	0.11822169059	0.140806353085	0.497675828618	0.137380832915	0.275457438345	0.199698189135	0.107371794872	0.257001813419	0.117428053934	0.129497117869
81	1	1	0	0.0	0.0	0.0	0.152851558585	0.130306313405	0.12655829261	0.0	0.0	0.0	0.0	0.0	0.0	0.0	0.0	0.0
82	1	1	0	0.159363745498	0.162767244857	0.273007660929	0.204951856946	0.170273460555	0.156967537609	0.198242285029	0.0	0.1891091132	0.0	0.293953858393	0.161777955751	0.239778239778	0.281460617644	0.21870604782
83	1	1	0	0.107349214394	0.0943813448588	0.228665865385	0.140531957126	0.0918196994992	0.10890600316	0.133274056511	0.503570720095	0.142033758748	0.260676873489	0.203925845147	0.111189091638	0.258586261981	0.114113510799	0.135808548355
84	1	1	0	0.347194388778	0.230524008767	0.228175197047	0.297429254683	0.332081067721	0.241977277257	0.31379866855	0.492087339744	0.136972704715	0.502212389381	0.204543209877	0.25293766182	0.250473060452	0.118596770979	0.136463536464
85	1	1	0	0.342503022975	0.241164658635	0.228474845894	0.293636544983	0.3376	0.244612068966	0.312202380952	0.49980103462	0.140475485844	0.488465800343	0.209020123369	0.246009577015	0.256844593264	0.112918073029	0.134731746672
86	1	1	0	0.108421480879	0.0	0.232226078334	0.142686804452	0.0	0.116316639742	0.13920652282	0.288980660757	0.0	0.270860332968	0.209593949045	0.109993967424	0.249571270049	0.116075911236	0.0
87	1	1	0	0.342005582137	0.23148799357	0.238545967173	0.294673967148	0.340756344668	0.239996018316	0.304536728302	0.496431802191	0.136721828211	0.496923382295	0.210151561387	0.254167087585	0.262322889643	0.111545791955	0.132925361156
88	1	1	0	0.348295339923	0.233257717724	0.228730964467	0.298026381037	0.333955773956	0.242170135381	0.310081415218	0.500503220612	0.146312332039	0.497841020608	0.213486574451	0.243551289742	0.253665394658	0.126192893401	0.1343509907
89	1	1	0	0.107870837538	0.0941107415379	0.236963497794	0.138443017657	0.0944858120346	0.121236613457	0.133266832918	0.493436216054	0.142645167672	0.268372834097	0.197587025316	0.108737470892	0.262574941571	0.116640284923	0.128389154705
90	1	1	0	0.332332031641	0.342047930283	0.494437702265	0.135964035964	0.199245507793	0.377522477522	0.317251908397	0.499705478107	0.498726179558	0.499149404583	0.208950740889	0.347739692002	0.500453126573	0.500938827947	0.495403576119
91	1	1	0	0.342691665849	0.228999794619	0.229210134128	0.290411227795	0.324572004028	0.23992747784	0.303423495359	0.494871028782	0.143486973948	0.502625201939	0.206107629563	0.243593639218	0.255823095823	0.117959510924	0.128684184234
92	1	1	0	0.354678826328	0.229998014691	0.227114834491	0.298965967272	0.325127080634	0.241668329675	0.306422569028	0.503714859438	0.144981041708	0.499847607437	0.197267979108	0.247480735033	0.256097560976	0.114785598706	0.130579010856
93	1	1	0	0.104215918046	0.0913200723327	0.233060163902	0.147035573123	0.0934353604511	0.11309464446	0.136688505063	0.491166077739	0.143671835918	0.27449223417	0.207573773794	0.112137335609	0.255563317034	0.115783239562	0.124242725196
94	1	1	0	0.112506178942	0.0	0.2296812749	0.136837921097	0.0	0.117814630176	0.138214684676	0.290355329949	0.0	0.273019379456	0.196616277906	0.102581995813	0.267945913701	0.119251119251	0.0
95	1	1	0	0.108838716209	0.0925718931003	0.232059087733	0.137622067855	0.0935660645423	0.113297013721	0.140685181431	0.496801495916	0.144173602854	0.273058730784	0.204120603015	0.110712506228	0.263045250713	0.117982017982	0.130910551149
96	1	1	0	0.342015968064	0.231986294467	0.235687213246	0.294783464567	0.333894111826	0.242741694104	0.309132329635	0.505391658189	0.141429436705	0.503425998434	0.200851316571	0.244762288477	0.251008957575	0.117694478033	0.134556875061
97	1	1	0	0.110379079668	0.0	0.227061438965	0.144923139159	0.0	0.117326332795	0.133267522211	0.299514033522	0.0	0.264412142787	0.205796223367	0.110911270983	0.259745505958	0.120269726248	0.0
98	1	1	0	0.339725214985	0.337674136887	0.50645256625	0.143410852713	0.197648934051	0.380042462845	0.307583274274	0.500656499344	0.507485180348	0.500249925022	0.206223734241	0.343365663434	0.494221411192	0.503869653768	0.499599358974
99	1	1	0	0.344731610338	0.236698361319	0.237902818467	0.302732793522	0.322679900744	0.238227974116	0.304714488925	0.506811989101	0.139017983431	0.497788944724	0.204893274265	0.252860871311	0.256634499397	0.115190499753	0.13692658278
100	1	1	0	0.0	0.0	0.232053589282	0.0	0.0	0.0	0.0	0.294429973953	0.0	0.0	0.0	0.0	0.258840169731	0.0	0.0
