Chromosome	Position	Change	Gene	sample0	sample1	sample2	sample3	sample4	sample5	sample6	sample7	sample8	sample9
1	0	A>C	1	956	944	1003	977	1021	992	1010	982	945	989
1	1	A>C	1	1003	986	973	1104	1004	1010	1053	999	975	941
1	2	A>C	1	987	1059	1005	997	978	983	1009	1046	1011	1027
1	3	C>G	1	1033	1041	966	900	1006	958	1039	1015	990	1034
1	4	A>C	1	951	960	973	980	963	993	1030	1032	1010	1098
1	5	T>A	1	999	1041	1014	972	1014	1003	1087	1005	1009	947
1	6	A>T	1	1045	955	1064	993	994	973	1020	1054	1003	1024
1	7	C>T	1	1021	1001	996	1016	986	1008	1011	952	956	972
1	8	T>C	1	989	985	1015	1019	987	942	1009	1054	987	1079
1	9	A>C	1	1036	1001	922	1026	1003	1030	1012	973	1007	1003
1	10	C>G	1	960	998	1044	997	1065	1046	985	997	941	953
1	11	A>G	1	1011	1000	1002	960	989	960	1019	1028	1017	997
1	12	G>T	1	1011	928	980	983	936	1035	968	1003	1072	989
1	13	A>G	1	1008	983	989	988	994	1011	988	1003	995	1026
1	14	C>T	1	990	970	1041	1067	996	948	1022	1035	1004	977
1	15	C>G	1	987	1014	1039	990	1018	1041	994	986	1014	991
1	16	A>T	1	1072	984	1052	999	988	1011	1008	1002	1032	1032
1	17	G>C	1	962	1027	993	1018	967	996	1078	1017	978	1022
1	18	C>G	1	951	957	988	1029	1088	1025	982	1006	1056	1020
1	19	G>A	1	1012	1002	977	1016	1015	1011	986	1005	971	984
1	20	A>C	1	1091	1042	998	1051	1056	982	989	1040	1008	989
1	21	A>C	1	1020	981	1006	1043	923	978	973	1005	1028	971
1	22	A>C	1	973	1049	1008	935	986	947	965	965	1052	969
1	23	C>G	1	977	977	929	963	992	1055	1015	1011	1009	1023
1	24	C>T	1	1002	1013	992	927	1047	1036	1021	1037	1036	963
1	25	G>C	1	964	995	946	1016	1033	1040	998	985	942	1019
1	26	T>C	1	984	1071	1064	1029	919	1015	992	959	986	996
1	27	A>T	1	1035	1031	1029	1033	961	1059	1044	996	1078	957
1	28	A>G	1	988	991	1053	1017	1017	1011	993	988	1031	1022
1	29	T>A	1	1000	929	960	1054	999	1035	1015	948	962	992
1	30	G>A	1	980	980	1015	1002	968	1013	1014	1006	1041	956
1	31	C>A	1	957	1012	986	964	1052	1027	1043	1010	1016	1017
1	32	T>A	1	1023	1010	998	1024	1016	984	998	1061	1022	1011
1	33	G>T	1	1061	942	953	1004	1062	1009	989	1021	988	1020
1	34	T>A	1	1039	980	1000	1057	1024	915	1014	998	1012	988
1	35	C>T	1	1024	1026	973	1012	1027	1026	991	979	1041	939
1	36	T>A	1	1009	1004	941	983	949	907	956	1029	987	990
1	37	G>T	1	1031	1046	1021	978	1051	1036	941	1000	980	980
1	38	T>G	1	974	973	944	939	1020	1025	1008	1013	966	954
1	39	C>A	1	985	1069	919	992	954	1032	963	1000	934	957
1	40	A>G	1	951	968	1006	973	983	999	969	970	972	1027
1	41	C>G	1	1013	1036	962	1020	965	964	988	976	983	1003
1	42	G>C	1	995	950	976	945	1004	1003	1009	995	1001	957
1	43	C>G	1	989	989	960	1022	1012	982	1011	983	1013	1027
1	44	C>A	1	981	1008	1011	984	1032	1038	1023	1019	1018	1002
1	45	A>G	1	1019	957	1029	994	1002	1007	993	997	1012	982
1	46	T>A	1	962	1011	1015	1036	998	989	989	984	1023	1061
1	47	G>C	1	963	1049	991	936	978	983	1049	978	981	1000
1	48	G>C	1	1012	980	950	996	1000	935	943	1020	1010	959
1	49	T>A	1	986	997	1015	1038	949	951	999	987	1018	977
1	50	C>A	1	1016	1008	1043	1067	1008	999	1004	977	1055	994
1	51	C>A	1	1037	975	986	952	992	985	1011	1053	1043	1013
1	52	C>T	1	1045	993	995	969	961	1008	1040	1038	1013	1080
1	53	C>G	1	1009	998	986	1040	980	1046	988	1000	998	1007
1	54	A>T	1	988	973	996	998	1048	999	1001	1006	957	970
1	55	T>C	1	1012	996	1073	978	949	1057	1045	1015	1004	1067
1	56	C>G	1	1003	996	995	999	1016	917	1037	965	923	973
1	57	C>A	1	1023	960	981	993	1014	966	981	965	1000	999
1	58	C>A	1	1019	1012	972	1010	948	1010	993	946	992	965
1	59	G>C	1	1009	990	1020	1016	1004	987	998	1081	1016	988
1	60	T>A	1	988	966	973	975	1055	992	1011	1009	985	991
1	61	T>G	1	1015	972	1001	1044	996	1018	989	1008	982	1026
1	62	C>T	1	1003	988	983	966	989	1018	954	1019	1002	984
1	63	T>A	1	1067	964	1034	990	995	988	1010	1016	1001	1045
1	64	G>C	1	986	1023	1030	994	950	1033	950	1001	1023	966
1	65	A>G	1	992	1047	948	1034	1037	1076	978	1012	1051	1052
1	66	T>G	1	981	962	1026	969	1058	971	999	1053	1008	1072
1	67	G>A	1	963	999	1016	949	968	1014	956	1014	969	1009
1	68	G>A	1	976	948	989	977	1001	1011	976	1034	1027	951
1	69	G>A	1	1018	1037	986	1014	1057	981	1034	991	1014	981
1	70	T>C	1	984	957	931	1034	959	1008	986	1076	942	966
1	71	A>C	1	999	1032	1052	922	961	998	1044	938	998	1042
1	72	C>T	1	1031	1030	1011	995	1033	1026	987	1068	999	1032
1	73	A>T	1	1002	1009	969	970	1036	972	992	1046	988	935
1	74	A>C	1	1062	928	1025	1002	1023	998	999	984	958	989
1	75	G>C	1	948	1009	1013	997	988	1016	1029	994	1015	970
1	76	A>T	1	996	1000	1020	996	987	1024	980	1067	981	1024
1	77	A>G	1	999	981	1025	1032	987	1005	1022	1024	1027	1035
1	78	C>G	1	1031	1006	982	1005	1072	949	1009	935	985	988
1	79	G>C	1	1000	1010	1005	1015	993	965	1028	935	995	1016
1	80	T>G	1	978	1016	966	1054	944	995	986	994	943	979
1	81	C>A	1	1016	958	993	1038	1000	1018	997	1000	1026	981
1	82	G>A	1	1021	970	1063	1005	949	989	1001	972	1044	1004
1	83	T>C	1	949	1013	1008	1041	991	956	1039	984	984	998
1	84	A>C	1	1014	1000	1015	997	1006	993	1012	988	1009	1000
1	85	A>G	1	990	1023	1041	1045	977	1068	1015	988	1032	1013
1	86	G>T	1	953	970	1028	1035	948	947	1017	934	972	1031
1	87	G>T	1	1033	998	995	1022	1016	944	1010	1011	950	977
1	88	T>A	1	1013	1000	1011	1006	995	988	1024	998	1066	986
1	89	T>A	1	1031	1006	1009	925	984	1014	1069	985	1008	1019
1	90	C>A	1	1018	987	1004	999	961	956	965	993	1007	962
1	91	A>T	1	1022	1001	984	971	953	967	954	1004	978	973
1	92	C>G	1	1008	1020	978	980	1027	1010	1026	1002	943	1015
1	93	A>G	1	1035	1001	962	997	983	999	991	946	962	1018
1	94	C>G	1	972	976	1032	979	1003	1010	992	988	974	983
1	95	T>A	1	934	1023	959	1026	982	1002	981	1004	1003	997
1	96	G>A	1	1003	999	1013	980	1023	1003	1054	1001	1044	1042
1	97	A>G	1	1032	1010	1037	986	951	998	962	998	1063	1026
1	98	A>G	1	966	1054	997	1002	1005	1024	1021	1017	979	979
1	99	C>G	1	993	981	985	1005	961	986	1018	978	1052	1074
