#chr	normal	sample0	sample1	sample2	sample3	sample4	sample5	sample6	sample7	sample8	sample9
0	0	0.124626717101	0.254968540897	0.0	0.116700201207	0.0	0.0	0.0	0.0	0.0	0.123090745732
1	0	0.243046555677	0.262397737602	0.0	0.232926829268	0.0	0.0	0.0	0.0	0.0	0.227313388331
2	0	0.148845253841	0.0	0.261258544431	0.0	0.2556	0.0	0.0	0.234506197521	0.133568193256	0.0
3	0	0.125248508946	0.265776094108	0.0	0.118684843625	0.0	0.0	0.0	0.0	0.0	0.116764970509
4	0	0.0	0.0	0.0	0.137567730283	0.0	0.237625714849	0.0	0.0	0.129550970874	0.0
5	0	0.0	0.0	0.0	0.0	0.0	0.0	0.0	0.255514522407	0.0	0.0
6	0	0.255837359098	0.237612838516	0.499900655673	0.123616978475	0.254734943381	0.0	0.136516078122	0.240712622735	0.368734491315	0.12538777144
7	0	0.249248948528	0.261830915458	0.0	0.233641107989	0.0	0.0	0.0	0.0	0.0	0.229003857948
8	0	0.24450025113	0.258508181909	0.0	0.233383308346	0.0	0.0	0.0	0.0	0.0	0.223433510116
9	0	0.124370086676	0.265931007058	0.0	0.119622982052	0.0	0.0	0.0	0.0	0.0	0.119779895844
10	0	0.0	0.0	0.0	0.138637493784	0.0	0.226078234704	0.0	0.0	0.131086142322	0.0
11	0	0.239495380948	0.265676077266	0.0	0.240982956797	0.0	0.0	0.0	0.0	0.0	0.228931191751
12	0	0.50247573777	0.49789410349	0.499446178633	0.360763327948	0.258601775207	0.259754515517	0.338053630612	0.237041467305	0.365546634949	0.503355704698
13	0	0.497835933568	0.496939287506	0.503104346085	0.367513702043	0.259300444804	0.271131405378	0.337052904254	0.237585102123	0.377985567639	0.490956330569
14	0	0.239645559538	0.264744965757	0.0	0.239644092931	0.0	0.0	0.0	0.0	0.0	0.231657541065
15	0	0.236412771494	0.263397721644	0.0	0.236062976532	0.0	0.0	0.0	0.0	0.0	0.216417170616
16	0	0.0	0.0	0.0	0.135218868679	0.0	0.2325675131	0.0	0.0	0.127701764823	0.0
17	0	0.124061279664	0.265632816408	0.0	0.124160737549	0.0	0.0	0.0	0.0	0.0	0.11879790238
18	0	0.266786212393	0.240696037015	0.263251935676	0.0	0.25305514158	0.0	0.135803685818	0.244362032675	0.239170040486	0.0
19	0	0.0	0.0	0.0	0.0	0.0	0.0	0.0	0.261008168958	0.0	0.0
20	0	0.0	0.0	0.0	0.139212755356	0.0	0.221039951817	0.0	0.0	0.128518481418	0.0
21	0	0.0	0.0	0.0	0.133213680327	0.0	0.231472380578	0.0	0.0	0.127108433735	0.0
22	0	0.0	0.0	0.0	0.0	0.0	0.0	0.0	0.264048278591	0.0	0.0
23	0	0.129562411777	0.271676881342	0.0	0.121894331204	0.0	0.0	0.0	0.0	0.0	0.11502600844
24	0	0.260644768856	0.234234234234	0.49765398822	0.129653919887	0.252364660898	0.0	0.139202558209	0.241911546453	0.368849984908	0.116992207266
25	0	0.14790199385	0.0	0.263824653127	0.0	0.252456386605	0.0	0.0	0.234236917883	0.146136953484	0.0
26	0	0.0	0.0	0.0	0.137990121964	0.0	0.235282418457	0.0	0.0	0.136631096041	0.0
27	0	0.0	0.0	0.0	0.0	0.0	0.0	0.0	0.266673454842	0.0	0.0
28	0	0.128037290489	0.271479774706	0.0	0.121733966746	0.0	0.0	0.0	0.0	0.0	0.118215317199
29	0	0.263173682632	0.244123143503	0.509724473258	0.132517941979	0.260592164291	0.0	0.137972048766	0.237753295298	0.363890274314	0.120221886031
30	0	0.0	0.0	0.0	0.0	0.0	0.0	0.0	0.234010907288	0.0	0.0
31	0	0.0	0.0	0.0	0.0	0.0	0.0	0.0	0.26774066021	0.0	0.0
32	0	0.244371388723	0.260986547085	0.0	0.228986091514	0.0	0.0	0.0	0.0	0.0	0.226656025539
33	0	0.236735098681	0.263798130089	0.0	0.233195188517	0.0	0.0	0.0	0.0	0.0	0.227068120436
34	0	0.0	0.0	0.0	0.137374749499	0.0	0.232872596154	0.0	0.0	0.129157538339	0.0
35	0	0.494493501339	0.505370946692	0.495473502187	0.501711983887	0.500799680128	0.498062410769	0.504228755538	0.504531126872	0.493477824604	0.495477386935
36	0	0.501920355771	0.497109240288	0.504494715005	0.356628674265	0.257920349588	0.267987065481	0.335953826251	0.234358011268	0.363807635102	0.501542442034
37	0	0.236446239273	0.263580680791	0.0	0.237183323359	0.0	0.0	0.0	0.0	0.0	0.2180603361
38	0	0.263398294762	0.238229093465	0.267703969679	0.0	0.259992163009	0.0	0.13655817657	0.243174667614	0.244306831802	0.0
39	0	0.0	0.0	0.0	0.0	0.0	0.0	0.0	0.232326283988	0.0	0.0
40	0	0.123700215813	0.262916417315	0.0	0.119771863118	0.0	0.0	0.0	0.0	0.0	0.112588741126
41	0	0.0	0.0	0.0	0.0	0.0	0.0	0.0	0.262364951928	0.0	0.0
42	0	0.122572815534	0.262777387288	0.0	0.118947691678	0.0	0.0	0.0	0.0	0.0	0.116606353036
43	0	0.238133467135	0.259662932687	0.0	0.229526184539	0.0	0.0	0.0	0.0	0.0	0.222368554351
44	0	0.124390971463	0.266193613786	0.0	0.122296341217	0.0	0.0	0.0	0.0	0.0	0.113137958533
45	0	0.0	0.0	0.0	0.137089574447	0.0	0.227610799796	0.0	0.0	0.133493686109	0.0
46	0	0.257208881744	0.234837939948	0.497638428299	0.127607859024	0.255253151891	0.0	0.134690997076	0.233541233541	0.371590682859	0.126044498138
47	0	0.255404323459	0.238551759306	0.265328650276	0.0	0.256800322386	0.0	0.136531365314	0.238670096972	0.249110320285	0.0
48	0	0.25693197686	0.242076938409	0.254780208949	0.0	0.258506100585	0.0	0.133419560243	0.244484020976	0.244063061265	0.0
49	0	0.0	0.0	0.0	0.0	0.0	0.0	0.0	0.259154929577	0.0	0.0
50	0	0.0	0.0	0.0	0.136040812244	0.0	0.233766233766	0.0	0.0	0.13179788961	0.0
51	0	0.25995995996	0.236902734649	0.256729610285	0.0	0.265592566966	0.0	0.137221780604	0.235061337554	0.246033340028	0.0
52	0	0.123768349085	0.262100456621	0.0	0.117301761019	0.0	0.0	0.0	0.0	0.0	0.121115219346
53	0	0.243976822202	0.2576934719	0.0	0.234334334334	0.0	0.0	0.0	0.0	0.0	0.221180418476
54	0	0.262154337626	0.233286908078	0.49859437751	0.130623799414	0.258138836021	0.0	0.139184575216	0.238278092158	0.365661206552	0.1224
55	0	0.121442687747	0.265324165029	0.0	0.122616342259	0.0	0.0	0.0	0.0	0.0	0.116123811451
56	0	0.237503726523	0.2601	0.0	0.230222402762	0.0	0.0	0.0	0.0	0.0	0.238646571514
57	0	0.263970737655	0.238673378739	0.268263943441	0.0	0.252653715201	0.0	0.131895687061	0.235552379008	0.251071037162	0.0
58	0	0.243880142204	0.262148464673	0.0	0.229577042296	0.0	0.0	0.0	0.0	0.0	0.225035021013
59	0	0.0	0.0	0.0	0.0	0.0	0.0	0.0	0.257727779467	0.0	0.0
60	0	0.238952209558	0.25438684448	0.0	0.240711305384	0.0	0.0	0.0	0.0	0.0	0.219651411681
61	0	0.246369503832	0.263465925999	0.0	0.238584820079	0.0	0.0	0.0	0.0	0.0	0.230860651679
62	0	0.261164951544	0.240544629349	0.49478597676	0.136547372572	0.254997463217	0.0	0.132930822759	0.241059602649	0.366427633572	0.128089210368
63	0	0.242323567905	0.264290719792	0.0	0.23279850379	0.0	0.0	0.0	0.0	0.0	0.227259021007
64	0	0.261578735401	0.243519167251	0.256162492605	0.0	0.260738659173	0.0	0.142090620032	0.235683254344	0.251313131313	0.0
65	0	0.23966044813	0.265542885473	0.0	0.236899133176	0.0	0.0	0.0	0.0	0.0	0.22840748943
66	0	0.234880031727	0.258109872452	0.0	0.23647314376	0.0	0.0	0.0	0.0	0.0	0.230582032042
67	0	0.0	0.0	0.0	0.0	0.0	0.0	0.0	0.260085574572	0.0	0.0
68	0	0.24272136068	0.262491203378	0.0	0.233837278695	0.0	0.0	0.0	0.0	0.0	0.229314657329
69	0	0.497450764771	0.504809619238	0.497966874938	0.360715003013	0.259519141471	0.265859515709	0.325878916087	0.244269483755	0.370499650942	0.502551521099
70	0	0.260584376863	0.244371059742	0.262113659023	0.0	0.256472004816	0.0	0.134553174282	0.243473101266	0.250297265161	0.0
71	0	0.250608025942	0.245225826008	0.509581619344	0.12710582064	0.256061978066	0.0	0.129356701852	0.23090568641	0.371434413659	0.124078134343
72	0	0.126329390717	0.256315156375	0.0	0.116304347826	0.0	0.0	0.0	0.0	0.0	0.11782630777
73	0	0.257859733978	0.241427995159	0.506227848101	0.128520428401	0.26004165427	0.0	0.139349965212	0.232731672885	0.362099644128	0.130154898411
74	0	0.255361795951	0.232797937735	0.501496110114	0.128589883732	0.262360846455	0.0	0.134884658003	0.23971040365	0.366381879595	0.124665543554
75	0	0.121488764045	0.259964129135	0.0	0.120781171758	0.0	0.0	0.0	0.0	0.0	0.110613301474
76	0	0.247102318145	0.252676873812	0.0	0.240496277916	0.0	0.0	0.0	0.0	0.0	0.221736033377
77	0	0.0	0.0	0.0	0.0	0.0	0.0	0.0	0.25851085009	0.0	0.0
78	0	0.146368378812	0.0	0.263712241653	0.0	0.262162162162	0.0	0.0	0.240483383686	0.140709977257	0.0
79	0	0.0	0.0	0.0	0.0	0.0	0.0	0.0	0.267978357108	0.0	0.0
80	0	0.502861653839	0.505122848901	0.50504142957	0.369220013982	0.257528452009	0.274458700882	0.329404653974	0.236130170555	0.376145864813	0.495663443326
81	0	0.123828514457	0.264110863848	0.0	0.11578312041	0.0	0.0	0.0	0.0	0.0	0.114262560778
82	0	0.0	0.0	0.0	0.0	0.0	0.0	0.0	0.258798756643	0.0	0.0
83	0	0.487927466246	0.505907300818	0.502585420258	0.363993324826	0.251276404044	0.276854156297	0.342092313749	0.245790251108	0.366486918314	0.496208764156
84	0	0.0	0.0	0.0	0.0	0.0	0.0	0.0	0.259085463259	0.0	0.0
85	0	0.235305897667	0.261826837251	0.0	0.23746835443	0.0	0.0	0.0	0.0	0.0	0.221593166468
86	0	0.240429551556	0.25849794445	0.0	0.229338637494	0.0	0.0	0.0	0.0	0.0	0.223478783026
87	0	0.256883509834	0.24014692743	0.501059001513	0.123739139119	0.26789769922	0.0	0.130629732961	0.233410532675	0.372521389029	0.128896038608
88	0	0.25621148877	0.235052166934	0.265099672716	0.0	0.255273833671	0.0	0.134665076526	0.24469150641	0.244658650502	0.0
89	0	0.0	0.0	0.0	0.135492929496	0.0	0.235702080611	0.0	0.0	0.134177716208	0.0
90	0	0.243232562735	0.270787854733	0.0	0.233815086122	0.0	0.0	0.0	0.0	0.0	0.228622862286
91	0	0.26274977632	0.234523452345	0.500861108297	0.12248389694	0.256337197878	0.0	0.136699261624	0.238161283931	0.369845360825	0.126105305466
92	0	0.0	0.0	0.0	0.0	0.0	0.0	0.0	0.257352941176	0.0	0.0
93	0	0.261818910256	0.234797297297	0.252986857826	0.0	0.257315742486	0.0	0.137724550898	0.234161428714	0.24665410925	0.0
94	0	0.0	0.0	0.0	0.0	0.0	0.0	0.0	0.258685303353	0.0	0.0
95	0	0.264462809917	0.227118981297	0.261009128298	0.0	0.252364998029	0.0	0.13825343147	0.238635223281	0.25425085017	0.0
96	0	0.12162834677	0.258775428799	0.0	0.120251241009	0.0	0.0	0.0	0.0	0.0	0.115301299724
97	0	0.25435165265	0.236578525641	0.494398044408	0.1259266581	0.262940167491	0.0	0.139310892662	0.234307522346	0.373511003432	0.130595155019
98	0	0.0	0.0	0.0	0.136386163148	0.0	0.234902661899	0.0	0.0	0.12891199843	0.0
99	0	0.0	0.0	0.0	0.140427255239	0.0	0.229462041227	0.0	0.0	0.13083829315	0.0
