#chr	position	description	normal	sample0	sample1	sample2	sample3	sample4	sample5	sample6	sample7	sample8	sample9	sample10	sample11	sample12	sample13	sample14	sample15	sample16	sample17	sample18	sample19
1	1	1	0	0.0	0.0	0.0	0.0	0.0	0.0	0.124975024975	0.0	0.0	0.0896838767218	0.0	0.115526709935	0.0	0.0	0.106653326663	0.0	0.107553528945	0.16240333135	0.224150105922	0.121682523786
2	1	1	0	0.0	0.0	0.2370050113	0.0	0.117705340335	0.0	0.241426882144	0.133672431333	0.0	0.118283921886	0.0	0.100258346582	0.158967117208	0.355284068335	0.25465717351	0.282862225736	0.13033151905	0.0	0.0	0.281978512062
3	1	1	0	0.0	0.0	0.0	0.172334466893	0.0	0.151875756353	0.0	0.0	0.0	0.0	0.0	0.0	0.0	0.0	0.131408661025	0.0	0.132071713147	0.0	0.0	0.0
4	1	1	0	0.0	0.0	0.0	0.168461694777	0.0	0.147547468354	0.0	0.0	0.0	0.0	0.0	0.0	0.0	0.0	0.133088162211	0.0	0.137562940584	0.0	0.0	0.0
5	1	1	0	0.0	0.0	0.0	0.0	0.0	0.0	0.0	0.0	0.0	0.118580290857	0.0	0.0	0.164859437751	0.149494342645	0.142542542543	0.0	0.13262074426	0.0	0.0	0.150049358342
6	1	1	0	0.0	0.0	0.0	0.0	0.0	0.0	0.0	0.0	0.0	0.123385654679	0.0	0.0	0.157119806374	0.148485448426	0.138220313592	0.0	0.139363817097	0.0	0.0	0.154902554781
7	1	1	0	0.0	0.0	0.0	0.0	0.0	0.0	0.116920915295	0.0	0.0	0.0958453721231	0.0	0.11570920183	0.0	0.0	0.110690822218	0.0	0.101459416234	0.158042238014	0.22133387309	0.120508457612
8	1	1	0	0.0	0.0	0.229398217683	0.0	0.112790928983	0.0	0.131878080676	0.0	0.0	0.0	0.0	0.0	0.0	0.116772823779	0.112662013958	0.290188946145	0.0	0.0	0.0	0.126429861529
9	1	1	0	0.0	0.0	0.0	0.0	0.0	0.0	0.0	0.0	0.0	0.12619047619	0.0	0.0	0.162426419236	0.146351163253	0.143670127796	0.0	0.129087091291	0.0	0.0	0.151775887944
10	1	1	0	0.205287402363	0.319967923015	0.0	0.163114917347	0.377212169417	0.195552453131	0.133639143731	0.367182846933	0.496675597896	0.277460629921	0.196329365079	0.273036178293	0.333300336567	0.0	0.0	0.218151126998	0.130277442702	0.13277060576	0.27950498038	0.101417227862
11	1	1	0	0.0	0.154474002418	0.0	0.0	0.113438220263	0.0	0.138058582425	0.171748475457	0.204125950054	0.0	0.0	0.135132393223	0.137616538306	0.0	0.0	0.0	0.0	0.0	0.0	0.0
12	1	1	0	0.0	0.0	0.230493986681	0.0	0.115775697171	0.0	0.128869047619	0.0	0.0	0.0	0.0	0.0	0.0	0.117310587055	0.117118934732	0.28521232808	0.0	0.0	0.0	0.122143579373
13	1	1	0	0.0	0.0	0.0	0.0	0.0	0.0	0.124510099487	0.0	0.0	0.0937562738406	0.0	0.11641943734	0.0	0.0	0.110235434956	0.0	0.104318340481	0.159756715661	0.231404958678	0.114546732256
14	1	1	0	0.0	0.0	0.0	0.0	0.0	0.0	0.0	0.0	0.0	0.121486944389	0.0	0.0	0.15963100371	0.140076643808	0.142516635217	0.0	0.139081370026	0.0	0.0	0.153125
15	1	1	0	0.0	0.0	0.0	0.0	0.0	0.0	0.122590515043	0.0	0.0	0.0975145319703	0.0	0.118890746386	0.0	0.0	0.105976337345	0.0	0.10815920398	0.160913806864	0.230891089109	0.113953255091
16	1	1	0	0.0	0.0	0.228343273021	0.0	0.112036108325	0.0	0.243938352803	0.13452464612	0.0	0.1251	0.0	0.103324348607	0.159097714343	0.367065687557	0.251414953828	0.278119021247	0.137119391026	0.0	0.0	0.281999392897
17	1	1	0	0.0	0.0	0.0	0.0	0.173948302078	0.189991863303	0.0	0.0	0.304071499503	0.163605167541	0.0	0.0	0.199521149242	0.0	0.0	0.0	0.0	0.0	0.0	0.0
18	1	1	0	0.0	0.0	0.0	0.0	0.0	0.0	0.122660495069	0.0	0.0	0.0918013284425	0.0	0.12	0.0	0.0	0.112652499016	0.0	0.0983476010352	0.156424025457	0.224251497006	0.115143681018
19	1	1	0	0.0	0.0	0.230267062315	0.0	0.111412497488	0.0	0.235282477491	0.141303282705	0.0	0.121058893516	0.0	0.104890219561	0.162340255591	0.362307230122	0.248569173081	0.282941878981	0.127967285059	0.0	0.0	0.282206729312
20	1	1	0	0.203445528779	0.321496259352	0.0	0.172229375062	0.388025729837	0.193806885635	0.140934914781	0.357492752174	0.508172214471	0.269109735052	0.200430592577	0.286278381046	0.335839351073	0.0	0.0	0.221698586183	0.1279968298	0.142828605673	0.286633026615	0.0994984954865
21	1	1	0	0.0	0.0	0.0	0.0	0.0	0.0	0.0	0.0	0.0	0.122530036739	0.0	0.0	0.159056393642	0.140873214107	0.137951686963	0.0	0.132732732733	0.0	0.0	0.158674541996
22	1	1	0	0.0	0.0	0.0	0.0	0.0	0.0	0.0	0.0	0.0	0.122801817823	0.0	0.0	0.157456096835	0.139401270033	0.137593377751	0.0	0.133319927609	0.0	0.0	0.150260104042
23	1	1	0	0.0	0.157736905238	0.0	0.0	0.128156502645	0.0	0.135667833917	0.168500407498	0.20272845822	0.0	0.0	0.123295970918	0.138627725545	0.0	0.0	0.0	0.0	0.0	0.0	0.0
24	1	1	0	0.0	0.0	0.0	0.0	0.0	0.0	0.0	0.0	0.0	0.124900239425	0.0	0.0	0.155213984328	0.144786657117	0.141771902131	0.0	0.128996244799	0.0	0.0	0.155208025966
25	1	1	0	0.0	0.0	0.0	0.0	0.0	0.0	0.123878094487	0.0	0.0	0.0961442163245	0.0	0.11235730022	0.0	0.0	0.106534375626	0.0	0.100674519279	0.159217322209	0.225679012346	0.121307163092
26	1	1	0	0.301695923832	0.168872843963	0.268083408161	0.177331077719	0.0	0.147108758614	0.0	0.0	0.0	0.0	0.301311345122	0.0	0.0	0.137428941857	0.0	0.0	0.0	0.205703883495	0.0	0.0
27	1	1	0	0.0	0.0	0.0	0.0	0.0	0.0	0.127405773857	0.0	0.0	0.0911359552805	0.0	0.116683417085	0.0	0.0	0.102016250376	0.0	0.108603528136	0.165362231587	0.222671266634	0.121546961326
28	1	1	0	0.0	0.0	0.0	0.0	0.0	0.0	0.0	0.0	0.0	0.125086865879	0.0	0.0	0.160559161258	0.138513851385	0.138542808731	0.0	0.132284555259	0.0	0.0	0.148690369485
29	1	1	0	0.0	0.0	0.0	0.0	0.0	0.0	0.126610084873	0.0	0.0	0.0920147542618	0.0	0.118495672072	0.0	0.0	0.11099989991	0.0	0.102099042185	0.154046997389	0.219167243596	0.12127850244
30	1	1	0	0.0	0.0	0.0	0.165956181223	0.0	0.155177619	0.0	0.0	0.0	0.0	0.0	0.0	0.0	0.0	0.139741035857	0.0	0.129618473896	0.0	0.0	0.0
31	1	1	0	0.0	0.0	0.0	0.0	0.0	0.0	0.0	0.0	0.0	0.127170530965	0.0	0.0	0.159946513063	0.143562361475	0.142828565713	0.0	0.13900068715	0.0	0.0	0.158616635642
32	1	1	0	0.0	0.0	0.0	0.0	0.0	0.0	0.0	0.0	0.0	0.121798689696	0.0	0.0	0.156406156306	0.14106928314	0.135363964894	0.0	0.135645433767	0.0	0.0	0.160694896851
33	1	1	0	0.0	0.0	0.0	0.0	0.0	0.0	0.119540229885	0.0	0.0	0.100030497103	0.0	0.123144805455	0.0	0.0	0.110333957246	0.0	0.103598140287	0.158398087268	0.21274062314	0.116641528406
34	1	1	0	0.0	0.0	0.0	0.0	0.0	0.0	0.126078234704	0.0	0.0	0.0932075850306	0.0	0.114473422258	0.0	0.0	0.110856801672	0.0	0.1041191067	0.156659006894	0.214464841007	0.115315852205
35	1	1	0	0.0	0.151948444265	0.0	0.0	0.121970679166	0.0	0.135918408563	0.175814234017	0.202625686953	0.0	0.0	0.128355789687	0.133503987398	0.0	0.0	0.0	0.0	0.0	0.0	0.0
36	1	1	0	0.0	0.154207475515	0.0	0.0	0.119816586922	0.0	0.139260739261	0.170198088105	0.203243892671	0.0	0.0	0.131769505354	0.139210211408	0.0	0.0	0.0	0.0	0.0	0.0	0.0
37	1	1	0	0.0	0.0	0.0	0.0	0.0	0.0	0.0	0.0	0.0	0.12068617558	0.0	0.0	0.160765452313	0.145008084074	0.147239882935	0.0	0.135486451355	0.0	0.0	0.153432168968
38	1	1	0	0.0	0.169943119449	0.0	0.164899415321	0.0	0.0	0.0	0.193766130633	0.0	0.120425147899	0.0	0.147952979327	0.0	0.0	0.0	0.0	0.128961530795	0.0	0.273714918016	0.0
39	1	1	0	0.0	0.0	0.0	0.0	0.0	0.0	0.0	0.0	0.0	0.121023582539	0.0	0.0	0.1617824167	0.146909525231	0.138866231648	0.0	0.135335335335	0.0	0.0	0.157109976984
40	1	1	0	0.195614482407	0.325826739704	0.0	0.169654613593	0.388491383654	0.199254558275	0.137262697545	0.370574114823	0.500099661152	0.275962895745	0.197233555578	0.282425095516	0.337454764777	0.0	0.0	0.219223437343	0.132146763448	0.137814792782	0.281178232651	0.108320726172
41	1	1	0	0.0	0.0	0.0	0.0	0.0	0.0	0.121579050994	0.0	0.0	0.0933855952964	0.0	0.119558735838	0.0	0.0	0.105875394322	0.0	0.10337972167	0.161596958175	0.225264217413	0.11860630001
42	1	1	0	0.0	0.1732141063	0.0	0.157341269841	0.0	0.0	0.0	0.191468055277	0.0	0.121232943948	0.0	0.143963782696	0.0	0.0	0.0	0.0	0.121768639585	0.0	0.285544200814	0.0
43	1	1	0	0.0	0.0	0.0	0.0	0.0	0.0	0.0	0.0	0.0	0.123377919744	0.0	0.0	0.161988127578	0.145688109938	0.144797283803	0.0	0.137529597474	0.0	0.0	0.14816285998
44	1	1	0	0.0	0.0	0.0	0.0	0.0	0.0	0.0	0.0	0.0	0.129100635914	0.0	0.0	0.162573920016	0.139236702394	0.137157107232	0.0	0.131885488648	0.0	0.0	0.150547538635
45	1	1	0	0.0	0.0	0.0	0.0	0.0	0.0	0.0	0.0	0.0	0.130150554675	0.0	0.0	0.166235317539	0.141345273227	0.144346272213	0.0	0.137061835368	0.0	0.0	0.148000398923
46	1	1	0	0.0	0.0	0.0	0.0	0.0	0.0	0.0	0.0	0.0	0.127289470992	0.0	0.0	0.154795345104	0.146243873162	0.139828821656	0.0	0.131867028221	0.0	0.0	0.160212305878
47	1	1	0	0.0	0.0	0.0	0.0	0.0	0.0	0.121772718032	0.0	0.0	0.0962363981232	0.0	0.112008777179	0.0	0.0	0.10378667724	0.0	0.104507181773	0.158798283262	0.221409709527	0.118486723897
48	1	1	0	0.0	0.0	0.0	0.0	0.0	0.0	0.0	0.0	0.0	0.120887911209	0.0	0.0	0.158682334036	0.143784323515	0.150099206349	0.0	0.138405583407	0.0	0.0	0.152483328357
49	1	1	0	0.302984925626	0.174987642116	0.269238497087	0.173202286631	0.0	0.143734272773	0.0	0.0	0.0	0.0	0.302916460702	0.0	0.0	0.141076375148	0.0	0.0	0.0	0.208059701493	0.0	0.0
50	1	1	0	0.0	0.0	0.0	0.0	0.0	0.0	0.118923262354	0.0	0.0	0.095067264574	0.0	0.117049600631	0.0	0.0	0.108747514911	0.0	0.101874244256	0.15451719643	0.2233451238	0.121941476081
51	1	1	0	0.0	0.161404573973	0.0	0.0	0.127358966596	0.0	0.137623962761	0.166465742415	0.198620551779	0.0	0.0	0.132686084142	0.135551387106	0.0	0.0	0.0	0.0	0.0	0.0	0.0
52	1	1	0	0.0	0.0	0.0	0.0	0.0	0.0	0.125980293585	0.0	0.0	0.100089276857	0.0	0.117594344319	0.0	0.0	0.107848000794	0.0	0.101101101101	0.163650985123	0.222074468085	0.120879120879
53	1	1	0	0.0	0.0	0.0	0.165587971722	0.0	0.153274264182	0.0	0.0	0.0	0.0	0.0	0.0	0.0	0.0	0.139235492177	0.0	0.13739250766	0.0	0.0	0.0
54	1	1	0	0.0	0.0	0.0	0.0	0.0	0.0	0.0	0.0	0.0	0.126260588947	0.0	0.0	0.155424022859	0.144995044599	0.136377260466	0.0	0.130618826849	0.0	0.0	0.153967316401
55	1	1	0	0.0	0.0	0.0	0.0	0.0	0.0	0.0	0.0	0.0	0.120292356106	0.0	0.0	0.165120032278	0.146673286991	0.141108499804	0.0	0.1317	0.0	0.0	0.153229844767
56	1	1	0	0.0	0.0	0.0	0.174283423532	0.0	0.152011776251	0.0	0.0	0.0	0.0	0.0	0.0	0.0	0.0	0.132973405319	0.0	0.129750593824	0.0	0.0	0.0
57	1	1	0	0.0	0.0	0.0	0.17327724359	0.0	0.146988670244	0.0	0.0	0.0	0.0	0.0	0.0	0.0	0.0	0.13350998777	0.0	0.131088394468	0.0	0.0	0.0
58	1	1	0	0.0	0.0	0.0	0.0	0.176440849343	0.192749603803	0.0	0.0	0.297689902149	0.15654038599	0.0	0.0	0.203877612845	0.0	0.0	0.0	0.0	0.0	0.0	0.0
59	1	1	0	0.0	0.0	0.0	0.0	0.0	0.0	0.122528850978	0.0	0.0	0.0952003173344	0.0	0.116626554352	0.0	0.0	0.111577265008	0.0	0.106433208735	0.158841861868	0.216446781073	0.124379097954
60	1	1	0	0.0	0.0	0.0	0.0	0.0	0.0	0.0	0.0	0.0	0.128288142452	0.0	0.0	0.16152396071	0.146280579131	0.139672519235	0.0	0.134506972604	0.0	0.0	0.15276240314
61	1	1	0	0.195680694318	0.32295562519	0.0	0.159332787556	0.375939096464	0.19596512571	0.140103479761	0.358203008268	0.49810982889	0.282951502529	0.199483922191	0.282684805442	0.333133433283	0.0	0.0	0.220889901893	0.130845771144	0.134736842105	0.273746898263	0.0998192408114
62	1	1	0	0.0	0.0	0.0	0.0	0.0	0.0	0.0	0.0	0.0	0.128018591492	0.0	0.0	0.165324584949	0.137920703086	0.142971726489	0.0	0.130582475772	0.0	0.0	0.164403633877
63	1	1	0	0.0	0.0	0.0	0.0	0.0	0.0	0.0	0.0	0.0	0.126712328767	0.0	0.0	0.165757906216	0.145925331192	0.138877467105	0.0	0.13865877712	0.0	0.0	0.156656909256
64	1	1	0	0.0	0.0	0.226195219124	0.0	0.110409472126	0.0	0.130249603803	0.0	0.0	0.0	0.0	0.0	0.0	0.117695053544	0.117037905432	0.274485971842	0.0	0.0	0.0	0.131899065045
65	1	1	0	0.0	0.0	0.0	0.0	0.0	0.0	0.123664583753	0.0	0.0	0.101410409217	0.0	0.116930946292	0.0	0.0	0.108140462889	0.0	0.101608633679	0.161345381526	0.220569146281	0.12054631829
66	1	1	0	0.0	0.0	0.0	0.0	0.0	0.0	0.0	0.0	0.0	0.124696847211	0.0	0.0	0.161574211411	0.146763168476	0.140289214702	0.0	0.133133732535	0.0	0.0	0.153326713009
67	1	1	0	0.0	0.0	0.0	0.0	0.0	0.0	0.126204633996	0.0	0.0	0.096203538064	0.0	0.122785950165	0.0	0.0	0.111320567517	0.0	0.106034742444	0.167075443932	0.213678632137	0.120573778714
68	1	1	0	0.0	0.154854319992	0.0	0.0	0.11959236687	0.0	0.13895127429	0.169148722077	0.200717560295	0.0	0.0	0.131411229135	0.143432715552	0.0	0.0	0.0	0.0	0.0	0.0	0.0
69	1	1	0	0.0	0.0	0.0	0.0	0.0	0.0	0.0	0.0	0.0	0.121792301524	0.0	0.0	0.15689446017	0.145209580838	0.141897312475	0.0	0.134323832626	0.0	0.0	0.159610112702
70	1	1	0	0.199439887978	0.330511007072	0.0	0.16533116949	0.380640612409	0.194600562023	0.136916122551	0.362498738521	0.504744958482	0.274360746372	0.202595312343	0.280748663102	0.333199719411	0.0	0.0	0.223637289862	0.129748743719	0.134575364186	0.276877175535	0.0989624900239
71	1	1	0	0.0	0.0	0.231137724551	0.0	0.111979424275	0.0	0.241434422136	0.141445710253	0.0	0.123220861949	0.0	0.104127111022	0.163237039968	0.361379027293	0.258900967388	0.282906069511	0.133240111866	0.0	0.0	0.277760906974
72	1	1	0	0.0	0.0	0.0	0.0	0.0	0.0	0.0	0.0	0.0	0.128187181282	0.0	0.0	0.155253423973	0.14212345679	0.142814490446	0.0	0.134232814654	0.0	0.0	0.158069048575
73	1	1	0	0.0	0.0	0.0	0.0	0.0	0.0	0.121788488349	0.0	0.0	0.0936938734783	0.0	0.116822890972	0.0	0.0	0.110405963534	0.0	0.103682662068	0.163661719295	0.222936869187	0.115957761768
74	1	1	0	0.0	0.0	0.0	0.0	0.0	0.0	0.0	0.0	0.0	0.119318754409	0.0	0.0	0.164930038702	0.148863750125	0.145797424719	0.0	0.136755605154	0.0	0.0	0.156598009264
75	1	1	0	0.0	0.0	0.0	0.168595873176	0.0	0.151941302354	0.0	0.0	0.0	0.0	0.0	0.0	0.0	0.0	0.135172825979	0.0	0.135385534967	0.0	0.0	0.0
76	1	1	0	0.0	0.0	0.0	0.0	0.0	0.0	0.0	0.0	0.0	0.117001098133	0.0	0.0	0.158283433134	0.138218559937	0.14378238342	0.0	0.137363179174	0.0	0.0	0.151851851852
77	1	1	0	0.0	0.0	0.0	0.0	0.0	0.0	0.0	0.0	0.0	0.125476429288	0.0	0.0	0.157878909383	0.146401225115	0.142986425339	0.0	0.13594836147	0.0	0.0	0.155863433944
78	1	1	0	0.0	0.0	0.0	0.0	0.0	0.0	0.0	0.0	0.0	0.124384607656	0.0	0.0	0.159847954386	0.145111662531	0.139981885881	0.0	0.133300099701	0.0	0.0	0.156008432888
79	1	1	0	0.0	0.0	0.0	0.0	0.0	0.0	0.0	0.0	0.0	0.124573035965	0.0	0.0	0.159678404234	0.140769850867	0.136395061728	0.0	0.130887456619	0.0	0.0	0.157659002687
80	1	1	0	0.195526263231	0.319731973197	0.0	0.164649394818	0.382687233611	0.198620409819	0.13630880579	0.361454253289	0.502142501246	0.280385200203	0.196247766528	0.282374466355	0.339404306702	0.0	0.0	0.220965770171	0.125582779486	0.132549492513	0.279964043148	0.103126268778
81	1	1	0	0.0	0.0	0.232139303483	0.0	0.109367239495	0.0	0.13193210973	0.0	0.0	0.0	0.0	0.0	0.0	0.117706542623	0.116834045938	0.27773914771	0.0	0.0	0.0	0.126353790614
82	1	1	0	0.20109135004	0.323149828594	0.0	0.161206030151	0.393633302724	0.196747166092	0.142757451899	0.365948923385	0.498472816127	0.274025206774	0.202845204934	0.279932546374	0.34255361796	0.0	0.0	0.219596942321	0.13321799308	0.132434897153	0.282320604692	0.0965552178318
83	1	1	0	0.0	0.0	0.0	0.0	0.0	0.0	0.0	0.0	0.0	0.122872393997	0.0	0.0	0.159716679968	0.14465408805	0.135542766422	0.0	0.135080847645	0.0	0.0	0.153993545785
84	1	1	0	0.0	0.0	0.0	0.0	0.0	0.0	0.0	0.0	0.0	0.125187932244	0.0	0.0	0.15642623924	0.144435516272	0.144153125312	0.0	0.136104156234	0.0	0.0	0.15018351354
85	1	1	0	0.0	0.0	0.0	0.0	0.0	0.0	0.0	0.0	0.0	0.121049493143	0.0	0.0	0.156228008445	0.14530858003	0.137429831596	0.0	0.137743498467	0.0	0.0	0.156814368894
86	1	1	0	0.0	0.0	0.0	0.0	0.0	0.0	0.0	0.0	0.0	0.123003840712	0.0	0.0	0.157329920252	0.146285600478	0.138003188521	0.0	0.132107524733	0.0	0.0	0.151972041937
87	1	1	0	0.0	0.0	0.0	0.0	0.0	0.0	0.0	0.0	0.0	0.123797368938	0.0	0.0	0.166897644031	0.147978490341	0.135467248043	0.0	0.134578879009	0.0	0.0	0.151134766017
88	1	1	0	0.20014122869	0.327960756833	0.0	0.163150074294	0.384862800281	0.196448390677	0.133770622143	0.360207543405	0.492259146041	0.282789764175	0.199839325166	0.281039847436	0.342570036541	0.0	0.0	0.219048566879	0.127329821718	0.139959839357	0.283126599724	0.098830173457
89	1	1	0	0.0	0.148532463682	0.0	0.0	0.119547977795	0.0	0.135285359801	0.166699980012	0.206614863519	0.0	0.0	0.130991694186	0.139144342263	0.0	0.0	0.0	0.0	0.0	0.0	0.0
90	1	1	0	0.0	0.0	0.0	0.0	0.0	0.0	0.117108145788	0.0	0.0	0.100158510006	0.0	0.112338494921	0.0	0.0	0.107455693624	0.0	0.100759696122	0.157239593706	0.207235193907	0.118275236752
91	1	1	0	0.0	0.0	0.0	0.168762677485	0.0	0.154523618895	0.0	0.0	0.0	0.0	0.0	0.0	0.0	0.0	0.142626262626	0.0	0.131710737179	0.0	0.0	0.0
92	1	1	0	0.192621320605	0.323257682266	0.0	0.161657189277	0.390010836371	0.192323110844	0.139037433155	0.372224425059	0.498852180856	0.275397917076	0.200424071082	0.276383399209	0.340587044534	0.0	0.0	0.215698082907	0.117512437811	0.135110663984	0.280278884462	0.0971353641315
93	1	1	0	0.0	0.0	0.0	0.176576757245	0.0	0.152545763729	0.0	0.0	0.0	0.0	0.0	0.0	0.0	0.0	0.137327837539	0.0	0.133788670149	0.0	0.0	0.0
94	1	1	0	0.0	0.149712472734	0.0	0.0	0.119112182384	0.0	0.135135135135	0.175513092711	0.208568318987	0.0	0.0	0.134732633683	0.137486251375	0.0	0.0	0.0	0.0	0.0	0.0	0.0
95	1	1	0	0.0	0.0	0.0	0.0	0.0	0.0	0.0	0.0	0.0	0.125063137691	0.0	0.0	0.160925245706	0.144240268722	0.140684793555	0.0	0.136340649338	0.0	0.0	0.153001681337
96	1	1	0	0.0	0.0	0.0	0.0	0.0	0.0	0.0	0.0	0.0	0.121385571894	0.0	0.0	0.156105252784	0.15193922431	0.139682860317	0.0	0.134865436952	0.0	0.0	0.159905006927
97	1	1	0	0.0	0.0	0.0	0.0	0.0	0.0	0.0	0.0	0.0	0.126090007016	0.0	0.0	0.160306884716	0.142771205133	0.144275184275	0.0	0.134686163334	0.0	0.0	0.150580299573
98	1	1	0	0.0	0.153227428112	0.0	0.0	0.120114297377	0.0	0.13369412708	0.171057924377	0.201155723822	0.0	0.0	0.136088209	0.138664565688	0.0	0.0	0.0	0.0	0.0	0.0	0.0
99	1	1	0	0.19417381138	0.325777073847	0.0	0.165373374987	0.384477254589	0.201463712137	0.134249047524	0.370125313283	0.50005052036	0.27679809788	0.198998497747	0.276145115525	0.344161020327	0.0	0.0	0.224402814947	0.127883650953	0.13592329971	0.280728376328	0.0998280570446
100	1	1	0	0.0	0.0	0.0	0.0	0.0	0.0	0.0	0.0	0.0	0.125050301811	0.0	0.0	0.160928823826	0.144532803181	0.138125929598	0.0	0.136203246295	0.0	0.0	0.152281695841
