Chromosome	Position	Change	Gene	sample0	sample1	sample2	sample3	sample4
1	0	C>A	1	22	13	0	0	0
1	1	C>G	1	48	49	30	64	47
1	2	A>G	1	0	0	0	0	0
1	3	C>G	1	57	39	45	29	49
1	4	C>G	1	0	0	0	6	0
1	5	C>A	1	0	17	0	0	0
1	6	T>A	1	0	15	0	0	0
1	7	T>G	1	0	10	8	4	0
1	8	A>G	1	26	14	0	0	0
1	9	C>A	1	0	0	0	0	0
1	10	A>C	1	0	12	0	0	0
1	11	A>T	1	0	0	0	0	0
1	12	A>C	1	0	0	0	7	0
1	13	G>C	1	0	0	16	26	0
1	14	T>A	1	20	18	0	0	0
1	15	T>A	1	38	53	34	40	57
1	16	A>G	1	29	12	0	0	0
1	17	G>C	1	57	45	20	51	41
1	18	G>C	1	23	10	0	0	0
1	19	C>T	1	0	0	25	0	0
1	20	C>A	1	0	0	0	0	0
1	21	A>C	1	24	11	0	0	0
1	22	G>C	1	16	14	0	0	0
1	23	A>G	1	37	32	33	56	46
1	24	G>T	1	0	0	13	23	0
1	25	C>T	1	0	0	0	5	0
1	26	C>T	1	0	0	16	0	0
1	27	G>A	1	0	0	11	29	0
1	28	A>C	1	0	12	0	0	0
1	29	G>A	1	0	0	0	0	0
1	30	A>G	1	0	0	17	26	0
1	31	T>C	1	0	0	0	0	0
1	32	T>G	1	0	0	18	18	0
1	33	T>C	1	0	0	14	0	0
1	34	A>G	1	0	0	13	0	0
1	35	C>T	1	0	0	19	0	0
1	36	C>T	1	0	0	12	35	0
1	37	T>G	1	0	23	0	0	0
1	38	T>G	1	45	20	13	48	37
1	39	C>G	1	0	0	0	13	0
1	40	A>G	1	0	0	16	0	0
1	41	T>C	1	25	9	0	0	0
1	42	T>C	1	0	16	0	0	0
1	43	A>G	1	15	15	0	0	0
1	44	T>G	1	0	0	0	0	0
1	45	C>T	1	22	8	0	0	0
1	46	C>A	1	0	10	0	0	0
1	47	A>G	1	0	0	0	15	0
1	48	C>T	1	61	42	33	45	46
1	49	T>G	1	0	0	0	16	0
1	50	A>C	1	19	15	0	0	0
1	51	T>G	1	0	0	0	0	0
1	52	C>G	1	0	0	16	0	0
1	53	A>G	1	0	0	0	5	0
1	54	G>C	1	38	35	37	34	45
1	55	A>C	1	23	16	0	0	0
1	56	C>A	1	0	16	0	0	0
1	57	G>T	1	0	0	0	0	0
1	58	A>C	1	14	14	0	0	0
1	59	G>A	1	51	35	46	63	38
1	60	G>A	1	0	0	0	0	0
1	61	C>T	1	12	15	0	0	0
1	62	C>A	1	0	0	16	29	0
1	63	A>C	1	0	0	24	0	0
1	64	T>C	1	28	13	0	0	0
1	65	T>C	1	0	0	17	22	0
1	66	T>C	1	0	0	0	11	0
1	67	T>A	1	54	34	38	30	47
1	68	C>G	1	0	0	0	9	0
1	69	A>G	1	49	53	48	46	46
1	70	A>C	1	0	0	8	0	0
1	71	G>T	1	22	11	0	0	0
1	72	G>A	1	19	7	0	0	0
1	73	G>C	1	54	48	32	54	53
1	74	G>C	1	0	0	0	0	0
1	75	G>T	1	0	0	17	23	0
1	76	T>G	1	50	36	32	29	42
1	77	C>A	1	0	0	0	0	0
1	78	A>T	1	0	11	15	10	0
1	79	C>T	1	14	20	0	0	0
1	80	C>A	1	0	0	13	33	0
1	81	C>T	1	0	0	11	31	0
1	82	T>C	1	62	30	34	35	47
1	83	T>A	1	23	17	0	0	0
1	84	A>T	1	0	0	0	0	0
1	85	T>C	1	12	15	0	0	0
1	86	G>C	1	14	8	0	0	0
1	87	G>A	1	0	0	0	0	0
1	88	G>T	1	46	34	27	48	47
1	89	A>T	1	47	45	34	61	42
1	90	G>A	1	0	0	0	0	0
1	91	G>C	1	55	42	53	48	61
1	92	G>T	1	0	0	9	26	0
1	93	C>T	1	52	32	25	50	46
1	94	A>T	1	19	9	0	0	0
1	95	A>C	1	56	44	24	51	49
1	96	T>A	1	18	15	0	0	0
1	97	A>G	1	28	0	0	0	39
1	98	G>C	1	38	42	28	44	51
1	99	G>T	1	0	0	0	0	0
1	100	A>T	1	21	8	0	0	0
1	101	G>A	1	0	0	0	0	0
1	102	T>A	1	17	10	0	0	0
1	103	C>A	1	0	0	0	10	0
1	104	C>T	1	23	12	0	0	0
1	105	T>C	1	18	12	0	0	0
1	106	C>A	1	25	11	0	0	0
1	107	G>A	1	0	0	0	0	0
1	108	T>G	1	21	13	0	0	0
1	109	A>T	1	16	7	0	0	0
1	110	A>G	1	0	0	0	0	0
1	111	T>C	1	0	13	0	0	0
1	112	A>G	1	46	31	28	42	40
1	113	G>C	1	0	0	0	0	0
1	114	C>G	1	0	0	18	0	0
1	115	G>C	1	45	38	31	36	41
1	116	C>T	1	0	0	0	0	0
1	117	C>G	1	0	0	0	0	0
1	118	T>C	1	18	16	0	0	0
1	119	A>C	1	29	14	0	0	0
1	120	C>G	1	0	0	0	0	0
1	121	C>T	1	0	11	0	0	0
1	122	C>A	1	52	41	36	37	45
1	123	A>G	1	52	47	36	42	46
1	124	C>A	1	0	0	0	0	0
1	125	A>G	1	59	29	40	44	49
1	126	T>C	1	0	8	15	9	0
1	127	G>A	1	0	0	0	0	0
1	128	T>G	1	0	13	0	0	0
1	129	T>G	1	0	0	0	0	0
1	130	G>C	1	23	13	0	0	0
1	131	A>C	1	15	15	0	0	0
1	132	G>C	1	30	6	0	0	0
1	133	A>G	1	66	26	40	41	53
1	134	T>A	1	18	11	0	0	0
1	135	A>C	1	0	0	0	0	0
1	136	A>G	1	0	0	0	10	0
1	137	G>A	1	60	30	41	40	47
1	138	T>C	1	0	0	0	13	0
1	139	A>T	1	23	7	0	0	0
1	140	C>A	1	18	13	0	0	0
1	141	G>T	1	0	0	0	0	0
1	142	C>G	1	0	0	0	0	0
1	143	A>C	1	51	45	32	54	42
1	144	A>T	1	0	0	0	0	0
1	145	C>G	1	49	29	28	38	40
1	146	A>G	1	0	0	16	0	0
1	147	A>T	1	0	0	0	0	0
1	148	A>T	1	52	43	32	41	51
1	149	A>C	1	0	0	13	20	0
1	150	G>A	1	44	55	50	48	59
1	151	G>T	1	57	33	37	46	48
1	152	T>C	1	24	11	0	0	0
1	153	T>A	1	21	7	0	0	0
1	154	C>G	1	46	39	22	44	55
1	155	T>A	1	43	34	26	52	49
1	156	T>C	1	44	28	44	52	53
1	157	C>G	1	18	13	0	0	0
1	158	A>C	1	0	0	12	28	0
1	159	A>G	1	0	12	0	0	0
1	160	C>T	1	0	0	0	0	0
1	161	C>T	1	13	11	0	0	0
1	162	T>A	1	16	20	0	0	0
1	163	G>T	1	0	0	18	0	0
1	164	T>G	1	22	10	0	0	0
1	165	A>T	1	47	34	32	49	62
1	166	A>C	1	37	32	30	52	56
1	167	G>C	1	9	12	0	0	0
1	168	C>T	1	0	0	0	0	0
1	169	T>A	1	0	0	15	0	0
1	170	A>G	1	18	6	0	0	0
1	171	C>G	1	0	3	0	0	0
1	172	A>T	1	60	52	29	56	56
1	173	A>G	1	23	10	0	0	0
1	174	G>A	1	0	0	0	0	0
1	175	C>A	1	27	11	0	0	0
1	176	T>C	1	0	0	0	12	0
1	177	A>T	1	0	0	0	0	0
1	178	T>C	1	0	0	0	0	0
1	179	T>C	1	49	43	37	40	51
1	180	A>G	1	48	32	26	52	67
1	181	A>T	1	0	0	13	0	0
1	182	G>T	1	0	12	0	0	0
1	183	T>A	1	47	37	40	42	48
1	184	C>T	1	0	0	0	12	0
1	185	T>G	1	20	12	0	0	0
1	186	C>A	1	0	13	0	0	0
1	187	T>A	1	0	0	0	0	0
1	188	T>A	1	47	48	30	48	60
1	189	T>C	1	22	15	0	0	0
1	190	C>G	1	0	0	0	0	0
1	191	A>T	1	0	0	16	0	0
1	192	G>T	1	0	0	15	31	0
1	193	A>G	1	25	9	0	0	0
1	194	C>T	1	0	16	0	0	0
1	195	A>C	1	0	0	0	0	0
1	196	A>C	1	0	13	0	0	0
1	197	G>T	1	26	9	0	0	0
1	198	C>G	1	22	10	0	0	0
1	199	T>C	1	0	0	0	0	0
1	200	T>A	1	0	8	0	0	0
1	201	A>C	1	0	0	0	9	0
1	202	G>C	1	0	0	0	11	0
1	203	C>G	1	12	10	0	0	0
1	204	C>G	1	0	0	19	0	0
1	205	T>G	1	50	41	33	53	39
1	206	G>C	1	45	33	28	49	40
1	207	T>A	1	0	0	0	0	0
1	208	C>T	1	49	45	33	42	54
1	209	A>T	1	54	52	27	47	53
1	210	C>A	1	50	23	31	42	58
1	211	T>C	1	59	38	33	39	44
1	212	C>T	1	0	0	22	24	0
1	213	T>A	1	0	0	0	0	0
1	214	G>T	1	0	0	18	0	0
1	215	C>T	1	0	0	0	0	0
1	216	A>T	1	0	6	0	0	0
1	217	A>C	1	0	15	0	0	0
1	218	C>A	1	0	0	0	0	0
1	219	T>G	1	0	0	0	0	0
1	220	A>T	1	0	0	0	16	0
1	221	T>G	1	63	37	32	51	45
1	222	C>T	1	0	0	0	0	0
1	223	A>G	1	62	27	36	40	58
1	224	A>G	1	0	0	20	0	0
1	225	A>G	1	0	0	0	0	0
1	226	A>T	1	0	0	13	0	0
1	227	A>C	1	0	0	0	0	0
1	228	G>T	1	46	50	33	42	34
1	229	T>C	1	0	13	0	0	0
1	230	A>G	1	0	0	0	10	0
1	231	G>T	1	16	19	0	0	0
1	232	A>G	1	18	11	0	0	0
1	233	C>G	1	19	16	0	0	0
1	234	C>T	1	19	21	0	0	0
1	235	G>A	1	29	11	0	0	0
1	236	T>A	1	0	0	21	0	0
1	237	A>T	1	21	12	0	0	0
1	238	G>C	1	0	10	0	0	0
1	239	T>A	1	36	45	52	46	35
1	240	C>A	1	21	18	0	0	0
1	241	G>C	1	54	41	32	42	51
1	242	G>A	1	0	0	0	0	0
1	243	G>A	1	0	12	0	0	0
1	244	C>G	1	51	33	29	48	49
1	245	C>A	1	44	34	29	52	53
1	246	A>G	1	0	10	0	0	0
1	247	G>A	1	17	11	0	0	0
1	248	T>C	1	0	0	0	0	0
1	249	A>G	1	0	0	0	0	0
1	250	A>G	1	0	0	16	0	0
1	251	C>G	1	0	0	15	34	0
1	252	T>G	1	18	13	0	0	0
1	253	T>G	1	0	13	0	0	0
1	254	A>C	1	0	8	0	0	0
1	255	A>C	1	0	0	20	0	0
1	256	G>C	1	26	18	0	0	0
1	257	G>C	1	21	12	0	0	0
1	258	G>A	1	29	10	0	0	0
1	259	T>G	1	57	21	16	39	41
1	260	G>A	1	65	41	39	46	40
1	261	A>T	1	0	0	0	11	26
1	262	A>G	1	0	0	0	15	0
1	263	C>A	1	0	0	26	0	0
1	264	A>C	1	0	0	15	31	0
1	265	C>A	1	47	46	32	58	63
1	266	C>T	1	52	32	44	41	61
1	267	A>C	1	46	36	36	49	54
1	268	G>A	1	0	11	0	0	0
1	269	T>C	1	0	0	20	25	0
1	270	T>A	1	0	0	14	27	0
1	271	A>T	1	21	13	0	0	0
1	272	G>C	1	0	0	0	0	0
1	273	A>C	1	0	0	0	0	0
1	274	C>A	1	26	10	0	0	0
1	275	A>T	1	17	11	0	0	0
1	276	T>A	1	59	53	24	48	50
1	277	G>A	1	50	48	54	44	53
1	278	T>A	1	0	0	16	31	0
1	279	A>C	1	18	16	0	0	0
1	280	A>T	1	53	42	35	60	45
1	281	C>T	1	0	14	0	0	0
1	282	A>T	1	0	17	0	0	0
1	283	C>G	1	54	44	37	55	51
1	284	G>A	1	24	10	0	0	0
1	285	A>C	1	44	47	38	49	46
1	286	C>G	1	16	11	0	0	0
1	287	A>T	1	42	34	28	49	51
1	288	G>T	1	45	36	27	61	46
1	289	T>A	1	0	0	0	0	0
1	290	C>A	1	50	46	27	45	47
1	291	T>G	1	0	0	11	0	0
1	292	C>T	1	0	0	0	0	0
1	293	A>T	1	0	11	0	0	0
1	294	G>C	1	0	6	0	0	0
1	295	T>C	1	0	17	0	0	0
1	296	C>A	1	20	16	0	0	0
1	297	A>C	1	0	0	0	0	0
1	298	G>A	1	55	40	41	28	46
1	299	T>C	1	0	0	0	0	0
