#chr	normal	sample0	sample1	sample2	sample3	sample4
0	0	0.0	0.0	0.0	0.0	0.0
1	0	0.0	0.114285714286	0.0	0.0	0.169491525424
2	0	0.0	0.191489361702	0.0	0.0	0.0
3	0	0.0	0.136	0.0	0.0	0.156862745098
4	0	0.0	0.103448275862	0.0	0.219512195122	0.0
5	0	0.0	0.153846153846	0.278350515464	0.279279279279	0.176991150442
6	0	0.0	0.0	0.0	0.0	0.0
7	0	0.471544715447	0.155172413793	0.201834862385	0.263736263736	0.0
8	0	0.5	0.14953271028	0.20618556701	0.201923076923	0.0
9	0	0.0	0.16393442623	0.252336448598	0.177966101695	0.181034482759
10	0	0.0	0.141304347826	0.291338582677	0.27027027027	0.129411764706
11	0	0.0	0.0978260869565	0.0	0.0	0.214953271028
12	0	0.0	0.145161290323	0.341463414634	0.30303030303	0.186274509804
13	0	0.0	0.161290322581	0.294736842105	0.302083333333	0.188679245283
14	0	0.0	0.181818181818	0.0	0.0	0.144230769231
15	0	0.337662337662	0.0	0.228571428571	0.0	0.0
16	0	0.0	0.0	0.0	0.0	0.0
17	0	0.0	0.159292035398	0.0	0.0	0.0
18	0	0.0	0.0	0.0	0.0	0.0
19	0	0.0	0.155172413793	0.0	0.0	0.221238938053
20	0	0.0	0.1	0.0	0.0	0.212765957447
21	0	0.584158415842	0.322916666667	0.185567010309	0.157894736842	0.121212121212
22	0	0.0	0.189473684211	0.0	0.0	0.15
23	0	0.0	0.063829787234	0.0	0.0	0.0
24	0	0.0	0.0	0.0	0.0	0.157303370787
25	0	0.0	0.0	0.0	0.0	0.0
26	0	0.0	0.0	0.0	0.0	0.14953271028
27	0	0.0	0.0	0.0	0.0	0.0
28	0	0.223214285714	0.0	0.244897959184	0.0	0.0
29	0	0.0	0.154639175258	0.321428571429	0.258823529412	0.105882352941
30	0	0.0	0.0	0.0	0.0	0.0
31	0	0.0	0.0980392156863	0.266055045872	0.29702970297	0.134615384615
32	0	0.0	0.101123595506	0.0	0.0	0.0
33	0	0.0	0.0	0.0	0.0	0.0
34	0	0.0	0.127450980392	0.0	0.0	0.0560747663551
35	0	0.0	0.0	0.0	0.0	0.0
36	0	0.0	0.105691056911	0.0	0.0	0.0
37	0	0.0	0.0	0.0	0.0	0.0
38	0	0.245098039216	0.0	0.21978021978	0.0	0.0
39	0	0.0	0.0	0.0	0.0	0.0
40	0	0.0	0.0	0.0	0.0	0.0
41	0	0.0	0.0	0.0	0.0	0.0
42	0	0.0	0.0	0.0	0.0	0.180722891566
43	0	0.0	0.0	0.0	0.0	0.0
44	0	0.22	0.0	0.233644859813	0.0	0.0
45	0	0.0	0.104761904762	0.0	0.0	0.122641509434
46	0	0.24	0.0	0.177083333333	0.0	0.0
47	0	0.0	0.113636363636	0.0	0.0	0.0
48	0	0.0	0.0	0.0	0.0	0.0
49	0	0.25	0.0	0.205882352941	0.0	0.0
50	0	0.0	0.219047619048	0.0	0.247524752475	0.0
51	0	0.0	0.0	0.0	0.0	0.0
52	0	0.0	0.118811881188	0.0	0.0	0.174757281553
53	0	0.0	0.16	0.0	0.339130434783	0.0
54	0	0.0	0.0833333333333	0.0	0.0	0.186440677966
55	0	0.0	0.137254901961	0.247524752475	0.337078651685	0.173076923077
56	0	0.0	0.0747663551402	0.0	0.0	0.0
57	0	0.0	0.142857142857	0.0	0.245454545455	0.0
58	0	0.0	0.0	0.0	0.0	0.0
59	0	0.494505494505	0.322916666667	0.239130434783	0.25	0.154639175258
60	0	0.0	0.0761904761905	0.0	0.0	0.0
61	0	0.282608695652	0.0	0.2	0.0	0.0
62	0	0.0	0.14606741573	0.0	0.287234042553	0.0
63	0	0.0	0.0	0.0	0.0	0.0
64	0	0.0	0.0655737704918	0.0	0.0	0.1875
65	0	0.0	0.127272727273	0.0	0.33	0.0
66	0	0.237288135593	0.0	0.165048543689	0.0	0.0
67	0	0.240740740741	0.0	0.12037037037	0.0	0.0
68	0	0.174418604651	0.0	0.229357798165	0.0	0.0
69	0	0.495726495726	0.215909090909	0.192660550459	0.168224299065	0.18018018018
70	0	0.244444444444	0.0	0.223300970874	0.0	0.0
71	0	0.0	0.0898876404494	0.0	0.0	0.139534883721
72	0	0.0	0.109090909091	0.277777777778	0.330097087379	0.172413793103
73	0	0.22619047619	0.0	0.235294117647	0.0	0.0
74	0	0.0	0.0722891566265	0.0	0.0	0.0
75	0	0.0	0.106796116505	0.0	0.296296296296	0.0
76	0	0.0	0.0	0.0	0.0	0.0
77	0	0.0	0.0833333333333	0.0	0.0	0.0
78	0	0.561403508772	0.224489795918	0.197916666667	0.239669421488	0.130841121495
79	0	0.0	0.0891089108911	0.0	0.0	0.0
80	0	0.0	0.0	0.0	0.0	0.0
81	0	0.0	0.194690265487	0.0	0.0	0.0
82	0	0.224489795918	0.0	0.191489361702	0.0	0.0
83	0	0.0	0.111111111111	0.336633663366	0.272727272727	0.179487179487
84	0	0.467391304348	0.125	0.285714285714	0.197916666667	0.0
85	0	0.0	0.0	0.0	0.0	0.0
86	0	0.0	0.148936170213	0.0	0.0	0.0
87	0	0.24	0.0	0.221052631579	0.0	0.0
88	0	0.0	0.0	0.0	0.0	0.0
89	0	0.0	0.0	0.0	0.0	0.0
90	0	0.227272727273	0.0	0.177777777778	0.0	0.0
91	0	0.0	0.122448979592	0.0	0.321100917431	0.0
92	0	0.21875	0.0	0.216981132075	0.0	0.0
93	0	0.0	0.0	0.0	0.0	0.0
94	0	0.0	0.0	0.0	0.0	0.0
95	0	0.0	0.164705882353	0.0	0.0	0.0
96	0	0.0	0.0	0.0	0.0	0.0
97	0	0.0	0.172727272727	0.0	0.0	0.157894736842
98	0	0.0	0.137614678899	0.0	0.0	0.194174757282
99	0	0.0	0.12380952381	0.0	0.0	0.0
100	0	0.0	0.15625	0.0	0.0	0.142857142857
101	0	0.0	0.0	0.0	0.0	0.0
102	0	0.0	0.0	0.0	0.0	0.0
103	0	0.15625	0.0	0.257731958763	0.0	0.0
104	0	0.152380952381	0.0	0.179775280899	0.0	0.0
105	0	0.0	0.09	0.0	0.0	0.127118644068
106	0	0.0	0.0	0.0	0.0	0.0
107	0	0.0	0.0	0.0	0.0	0.0
108	0	0.0	0.11320754717	0.244897959184	0.299065420561	0.12
109	0	0.0	0.119565217391	0.0	0.0	0.0
110	0	0.0	0.0	0.0	0.0	0.0
111	0	0.0	0.0	0.0	0.0	0.0
112	0	0.0	0.08	0.0	0.0	0.0
113	0	0.0	0.104761904762	0.0	0.0	0.0
114	0	0.0	0.114942528736	0.0	0.0	0.0
115	0	0.519230769231	0.232142857143	0.152941176471	0.156862745098	0.2
116	0	0.0	0.0967741935484	0.0	0.0	0.0
117	0	0.0	0.0707070707071	0.0	0.0	0.0
118	0	0.0	0.0833333333333	0.0	0.0	0.152
119	0	0.302325581395	0.0	0.21978021978	0.0	0.0
120	0	0.0	0.128571428571	0.0	0.0	0.183673469388
121	0	0.0	0.136363636364	0.0	0.307692307692	0.0
122	0	0.0	0.111111111111	0.0	0.277227722772	0.0
123	0	0.277108433735	0.0	0.225490196078	0.0	0.0
124	0	0.272727272727	0.0	0.152380952381	0.0	0.0
125	0	0.0	0.100917431193	0.228260869565	0.242718446602	0.147058823529
126	0	0.0	0.0	0.0	0.0	0.0
127	0	0.0	0.125	0.0	0.0	0.0
128	0	0.46875	0.244680851064	0.18	0.27	0.277227722772
129	0	0.0	0.0	0.0	0.0	0.148648648649
130	0	0.0	0.0964912280702	0.0	0.0	0.198113207547
131	0	0.0	0.0	0.0	0.0	0.0
132	0	0.0	0.0776699029126	0.0	0.0	0.0
133	0	0.0	0.0	0.0	0.0	0.0
134	0	0.480392156863	0.292134831461	0.164948453608	0.223300970874	0.129310344828
135	0	0.0	0.141414141414	0.0	0.0	0.0
136	0	0.0	0.0816326530612	0.0	0.0	0.0
137	0	0.0	0.164948453608	0.0	0.0	0.145631067961
138	0	0.0	0.134020618557	0.0	0.0	0.0
139	0	0.0	0.127272727273	0.0	0.0	0.142857142857
140	0	0.0	0.0	0.0	0.0	0.0
141	0	0.0	0.0	0.0	0.0	0.128205128205
142	0	0.298969072165	0.0	0.20202020202	0.0	0.0
143	0	0.0	0.122222222222	0.0	0.0	0.157894736842
144	0	0.0	0.152380952381	0.0	0.301886792453	0.0
145	0	0.0	0.102803738318	0.0	0.0	0.197530864198
146	0	0.0	0.0	0.0	0.0	0.0
147	0	0.0	0.0882352941176	0.0	0.0	0.0
148	0	0.269662921348	0.0	0.21359223301	0.0	0.0
149	0	0.0	0.0990099009901	0.326315789474	0.247619047619	0.147727272727
150	0	0.0	0.0989010989011	0.0	0.0	0.0
151	0	0.0	0.0	0.0	0.0	0.184466019417
152	0	0.2	0.0	0.228260869565	0.0	0.0
153	0	0.0	0.212765957447	0.0	0.0	0.190476190476
154	0	0.0	0.0	0.0	0.0	0.0
155	0	0.0	0.0804597701149	0.0	0.0	0.220183486239
156	0	0.0	0.114285714286	0.242105263158	0.254901960784	0.268041237113
157	0	0.0	0.0990099009901	0.231578947368	0.267857142857	0.10989010989
158	0	0.0	0.126436781609	0.0	0.284403669725	0.0
159	0	0.0	0.103773584906	0.365384615385	0.279569892473	0.1875
160	0	0.0	0.0	0.0	0.0	0.0
161	0	0.0	0.0	0.0	0.0	0.0
162	0	0.0	0.0	0.0	0.0	0.0
163	0	0.0	0.078431372549	0.0	0.0	0.0
164	0	0.0	0.0	0.0	0.0	0.0
165	0	0.0	0.172131147541	0.0	0.18	0.0
166	0	0.0	0.0	0.0	0.0	0.0
167	0	0.0	0.0	0.0	0.0	0.0
168	0	0.490740740741	0.336734693878	0.153153153153	0.190476190476	0.159574468085
169	0	0.0	0.031914893617	0.0	0.0	0.0
170	0	0.0	0.112	0.0	0.0	0.0
171	0	0.0	0.165217391304	0.0	0.0	0.2
172	0	0.0	0.166666666667	0.36170212766	0.293577981651	0.161290322581
173	0	0.45	0.23	0.155339805825	0.222222222222	0.16
174	0	0.0	0.0714285714286	0.0	0.0	0.0
175	0	0.0	0.0	0.0	0.0	0.0
176	0	0.0	0.0	0.0	0.0	0.203703703704
177	0	0.0	0.118279569892	0.0	0.0	0.151898734177
178	0	0.0	0.0747663551402	0.287037037037	0.235849056604	0.174757281553
179	0	0.0	0.184210526316	0.414893617021	0.301724137931	0.2
180	0	0.0	0.108695652174	0.288888888889	0.31067961165	0.181818181818
181	0	0.0	0.144230769231	0.0	0.0	0.0
182	0	0.188888888889	0.0	0.190909090909	0.0	0.0
183	0	0.0	0.241379310345	0.330097087379	0.33	0.23
184	0	0.0	0.0	0.0	0.0	0.0
185	0	0.0	0.0	0.0	0.0	0.0
186	0	0.0	0.147368421053	0.298076923077	0.288888888889	0.110091743119
187	0	0.0	0.161290322581	0.0	0.0	0.0
188	0	0.0	0.0	0.0	0.0	0.0
189	0	0.0	0.0982142857143	0.22641509434	0.290909090909	0.177966101695
190	0	0.0	0.176470588235	0.202127659574	0.202247191011	0.217821782178
191	0	0.215053763441	0.0	0.144329896907	0.0	0.0
192	0	0.62037037037	0.213483146067	0.221153846154	0.231481481481	0.127450980392
193	0	0.0	0.121212121212	0.252747252747	0.227722772277	0.16814159292
194	0	0.0	0.0882352941176	0.0	0.231578947368	0.0
195	0	0.0	0.125	0.0	0.0	0.0
196	0	0.21568627451	0.0	0.15652173913	0.0	0.0
197	0	0.0	0.0	0.0	0.0	0.0
198	0	0.0	0.0841121495327	0.0	0.0	0.137614678899
199	0	0.0	0.0961538461538	0.0	0.0	0.0
