Chromosome	Position	Change	Gene	sample0	sample1	sample2	sample3	sample4
1	0	A>G	1	992	1028	1024	1005	1002
1	1	A>C	1	1033	961	979	986	997
1	2	C>T	1	1084	1020	979	989	1000
1	3	G>T	1	1015	987	1010	972	961
1	4	T>G	1	979	1041	939	973	1086
1	5	T>A	1	999	1017	1080	1019	1000
1	6	G>C	1	997	987	1011	1004	985
1	7	C>G	1	1012	1032	1038	994	1025
1	8	G>A	1	1071	1067	1020	1028	974
1	9	A>T	1	979	1001	1022	1031	1026
1	10	A>G	1	1006	985	982	966	976
1	11	C>T	1	990	1069	1037	959	999
1	12	T>A	1	1002	1006	1024	945	1015
1	13	A>C	1	962	984	999	1030	1008
1	14	A>T	1	1036	1102	1002	1107	988
1	15	A>G	1	989	977	971	1002	995
1	16	C>A	1	1020	1043	1014	1032	985
1	17	A>G	1	1011	971	964	1021	1045
1	18	T>G	1	989	964	1043	989	968
1	19	T>A	1	994	985	1002	1001	1058
1	20	C>G	1	994	987	1051	1018	977
1	21	A>G	1	1024	1004	1061	993	965
1	22	C>A	1	988	968	975	949	1023
1	23	G>A	1	1045	1042	985	989	1011
1	24	G>T	1	971	977	939	1025	928
1	25	C>A	1	994	984	997	983	1016
1	26	A>G	1	945	1061	999	1035	1023
1	27	A>G	1	1012	985	1011	1035	1008
1	28	C>A	1	983	1002	1028	1047	980
1	29	T>A	1	958	958	1069	1010	977
1	30	A>G	1	998	995	991	1046	964
1	31	C>A	1	990	976	982	1036	978
1	32	C>A	1	1037	1002	1028	987	1007
1	33	C>A	1	977	981	957	1018	954
1	34	C>A	1	1039	1002	982	1058	1024
1	35	G>C	1	1011	998	1059	987	962
1	36	C>G	1	970	1065	968	1007	1025
1	37	G>T	1	1068	1012	1002	1020	980
1	38	G>A	1	981	970	1004	1037	1024
1	39	G>T	1	1041	1015	1018	1051	977
1	40	T>A	1	1009	1022	1012	1037	987
1	41	T>C	1	1020	987	992	969	1007
1	42	C>A	1	976	1017	1022	968	991
1	43	T>C	1	953	1010	1004	941	968
1	44	A>C	1	937	1009	1016	1002	996
1	45	C>A	1	1032	1043	984	1031	968
1	46	A>G	1	925	964	1031	965	958
1	47	A>T	1	980	963	985	994	940
1	48	A>T	1	981	1017	989	992	1005
1	49	C>G	1	1024	1032	1051	1003	1043
1	50	A>T	1	1048	1051	996	929	1025
1	51	T>C	1	1002	973	1026	973	956
1	52	T>G	1	1008	1009	1055	993	1028
1	53	G>T	1	944	984	925	1018	992
1	54	G>A	1	1036	1027	1019	976	960
1	55	C>A	1	930	970	991	991	1032
1	56	C>T	1	1008	997	1028	1047	1030
1	57	A>G	1	1016	1038	1008	934	996
1	58	A>T	1	952	1001	1059	1006	1021
1	59	T>A	1	1004	1026	1033	949	1065
1	60	A>T	1	1019	989	992	950	970
1	61	G>C	1	990	1024	961	1047	1035
1	62	A>T	1	996	1011	980	934	989
1	63	G>T	1	1026	1022	1025	1019	959
1	64	T>G	1	1018	967	995	1002	1095
1	65	C>A	1	985	964	969	995	996
1	66	A>T	1	1047	974	1038	1035	1039
1	67	A>C	1	1017	1008	1003	1009	982
1	68	C>G	1	1032	980	990	970	1013
1	69	C>A	1	982	1069	1010	1000	999
1	70	T>A	1	1025	992	999	992	960
1	71	G>A	1	990	1010	1044	1007	958
1	72	T>G	1	1031	1016	1027	970	1007
1	73	A>C	1	973	996	1047	1004	1017
1	74	A>G	1	1012	990	959	1023	998
1	75	C>G	1	1027	978	961	1005	980
1	76	G>A	1	954	928	980	1010	1059
1	77	T>A	1	994	1059	938	927	952
1	78	A>G	1	921	1018	961	985	966
1	79	T>C	1	991	983	1046	1034	1016
1	80	C>G	1	971	967	979	966	989
1	81	C>A	1	1016	1020	975	1003	997
1	82	A>T	1	945	1037	1032	1009	1035
1	83	T>C	1	994	1019	953	1076	1017
1	84	C>T	1	1033	947	1013	992	1007
1	85	T>C	1	1008	1018	1054	966	980
1	86	G>C	1	977	996	953	998	960
1	87	A>G	1	1004	991	1011	974	1010
1	88	G>A	1	962	985	1009	1026	966
1	89	T>G	1	1058	1069	978	1004	1026
1	90	A>G	1	993	989	956	1066	970
1	91	A>C	1	1019	1039	1002	1043	998
1	92	G>C	1	963	1005	1007	959	997
1	93	A>T	1	1071	984	1021	1020	1032
1	94	A>T	1	987	1047	1033	1007	976
1	95	G>A	1	1003	979	960	980	963
1	96	A>G	1	1014	1011	1051	962	940
1	97	G>A	1	1025	969	994	993	1011
1	98	C>T	1	980	1006	1027	998	949
1	99	T>G	1	1003	1009	978	1025	979
