Chromosome	Position	Change	Gene	sample0	sample1	sample2	sample3	sample4
1	0	T>G	1	970	964	1015	982	989
1	1	G>T	1	972	1048	1023	1036	1025
1	2	A>T	1	963	967	1019	1015	990
1	3	T>A	1	975	934	1001	1034	964
1	4	C>G	1	985	1055	1008	1043	950
1	5	A>T	1	967	1017	1000	996	981
1	6	C>T	1	998	1008	1006	961	988
1	7	G>A	1	960	1001	973	1043	985
1	8	C>A	1	1024	1033	1024	939	964
1	9	G>A	1	1035	1016	986	1038	982
1	10	A>T	1	1021	980	973	988	1052
1	11	C>A	1	1020	962	1079	1014	1037
1	12	C>T	1	952	970	960	1051	987
1	13	T>G	1	999	996	953	1004	999
1	14	C>T	1	1026	1005	1047	973	999
1	15	C>A	1	1002	999	1028	996	968
1	16	A>C	1	1010	974	1038	1007	947
1	17	C>A	1	1025	1007	954	1026	1014
1	18	A>T	1	964	1011	1013	947	958
1	19	A>T	1	1051	1006	1017	1001	1011
1	20	C>G	1	971	1017	931	986	1017
1	21	T>C	1	1018	1030	968	1011	1012
1	22	G>A	1	1043	1022	1039	1050	1070
1	23	T>C	1	1005	992	997	1032	953
1	24	T>C	1	1030	960	966	1018	1024
1	25	C>G	1	953	978	948	986	1009
1	26	A>T	1	1016	1006	1064	991	1027
1	27	A>G	1	1011	978	935	1000	972
1	28	T>C	1	1000	1036	1010	992	947
1	29	C>T	1	1043	1028	1029	1001	979
1	30	C>A	1	1055	1005	985	977	1008
1	31	C>A	1	1009	987	1012	960	1017
1	32	T>A	1	968	1036	1002	991	1006
1	33	C>G	1	1018	973	1001	939	1008
1	34	A>G	1	969	960	1024	1049	960
1	35	G>A	1	981	955	953	1015	996
1	36	A>G	1	1009	972	920	1000	996
1	37	A>C	1	1023	1024	978	1032	976
1	38	G>A	1	998	1023	1049	973	918
1	39	T>G	1	977	955	969	983	962
1	40	T>A	1	989	1037	1009	1000	990
1	41	T>G	1	993	1020	973	1032	1045
1	42	C>G	1	1056	977	1014	993	987
1	43	C>T	1	973	1007	978	1047	993
1	44	C>G	1	975	935	982	1011	1025
1	45	A>G	1	943	1029	990	1022	925
1	46	C>A	1	1005	989	971	990	981
1	47	A>T	1	960	988	1001	1052	971
1	48	C>A	1	969	967	942	1033	1007
1	49	C>A	1	941	1001	1035	990	1023
1	50	T>G	1	966	1018	1055	983	981
1	51	A>C	1	970	952	1001	1009	981
1	52	G>T	1	982	995	1028	976	1006
1	53	A>G	1	1047	991	962	948	965
1	54	C>T	1	992	987	1008	1041	1037
1	55	G>A	1	1024	912	1033	1006	1004
1	56	G>C	1	973	984	981	995	1026
1	57	G>T	1	983	983	1003	992	973
1	58	A>G	1	927	1037	946	963	971
1	59	A>T	1	985	999	1056	1007	1029
1	60	C>T	1	1016	984	1080	1016	1012
1	61	C>A	1	1008	1013	1010	1053	1014
1	62	C>G	1	968	1037	1006	1044	984
1	63	T>G	1	1010	967	1026	978	984
1	64	C>A	1	1004	962	1008	1065	990
1	65	A>G	1	965	953	1000	987	1012
1	66	C>G	1	1016	1024	997	989	955
1	67	T>G	1	963	1019	968	1047	1006
1	68	A>G	1	1005	1009	1036	971	1010
1	69	T>G	1	999	1048	993	998	963
1	70	C>A	1	1019	1050	951	986	1004
1	71	C>A	1	1029	974	1046	967	997
1	72	A>T	1	1009	990	993	1007	1011
1	73	C>T	1	1006	994	1063	990	970
1	74	G>T	1	1045	989	945	1011	993
1	75	C>G	1	989	981	1019	1054	1029
1	76	A>C	1	980	1031	977	1029	1029
1	77	T>G	1	1020	906	987	1015	978
1	78	G>T	1	1022	1004	1070	969	1021
1	79	G>A	1	1001	1010	1067	1037	963
1	80	A>C	1	996	999	1016	1012	1018
1	81	T>C	1	961	1023	1027	952	1065
1	82	C>G	1	1045	1005	1029	988	973
1	83	G>T	1	1011	1082	1032	1001	1018
1	84	G>A	1	986	972	1049	938	1031
1	85	T>G	1	1006	1011	1018	956	1014
1	86	T>G	1	1025	1063	1016	1035	990
1	87	A>G	1	981	988	1002	957	989
1	88	C>G	1	976	959	1034	1010	1029
1	89	A>G	1	977	991	1015	1016	970
1	90	T>C	1	985	954	1000	1023	1066
1	91	T>C	1	1003	1017	945	979	994
1	92	G>C	1	1006	1006	1007	1012	1052
1	93	T>C	1	975	982	1013	1024	951
1	94	T>C	1	939	977	1043	1010	1030
1	95	T>C	1	982	1039	1077	1001	1035
1	96	G>A	1	991	1025	968	1020	999
1	97	T>G	1	985	1026	972	975	1045
1	98	C>A	1	1033	1007	1004	998	971
1	99	G>T	1	1016	1007	974	938	1017
