Chromosome	Position	Change	Gene	sample0	sample1	sample2	sample3	sample4
1	0	C>T	1	9731	10195	9900	10014	9872
1	1	G>T	1	9936	9967	9907	10001	9876
1	2	T>A	1	10008	9875	10022	9928	9839
1	3	A>G	1	9937	9894	10006	9890	10063
1	4	T>G	1	10041	10118	10003	10105	10067
1	5	G>T	1	9951	9958	9991	10085	9999
1	6	T>G	1	10047	10108	9998	10042	9975
1	7	G>T	1	10090	10125	9965	10076	9955
1	8	A>T	1	9824	9861	9947	10044	10045
1	9	C>T	1	10167	9909	9997	9859	9887
1	10	C>T	1	9743	9850	10031	10163	10077
1	11	C>G	1	9825	9804	9901	9872	9993
1	12	C>T	1	9907	9996	10012	10004	10033
1	13	A>T	1	9928	9825	10009	10035	10065
1	14	G>T	1	9924	10027	9978	10010	10088
1	15	T>C	1	9980	9884	9978	10009	10061
1	16	C>T	1	10054	10099	10015	9836	9807
1	17	A>C	1	9930	9868	9864	9975	10021
1	18	G>A	1	10155	10061	10022	9910	10268
1	19	T>C	1	10111	9980	10060	10019	10016
1	20	C>G	1	9973	9952	10076	9958	10136
1	21	C>A	1	9973	9872	9866	10045	9999
1	22	A>G	1	9979	10055	10051	9935	9917
1	23	G>T	1	10117	10048	9859	10088	10163
1	24	A>G	1	10011	10022	9844	9934	10162
1	25	A>T	1	9938	10101	10018	9821	9912
1	26	C>G	1	10155	9940	10053	9961	9911
1	27	G>T	1	10074	10145	10085	9961	9919
1	28	T>G	1	10094	10085	9945	10125	10043
1	29	G>C	1	9976	10006	10056	10013	9814
1	30	C>A	1	9953	9754	9995	10297	9975
1	31	A>T	1	9977	10110	10017	10121	10102
1	32	C>G	1	10043	10017	10048	9968	9936
1	33	G>A	1	10026	10043	10092	10061	10173
1	34	G>A	1	9778	10107	10007	10176	10018
1	35	C>G	1	10096	10193	9883	10120	9804
1	36	C>A	1	9985	9943	10022	10030	9996
1	37	G>T	1	9935	9931	9963	10061	9973
1	38	T>C	1	10024	9831	9972	9939	10132
1	39	G>T	1	9905	10076	10134	10163	10011
1	40	A>T	1	10067	10115	10026	9992	10138
1	41	G>C	1	10032	9841	9926	10073	10079
1	42	T>C	1	9909	10061	9935	9750	9916
1	43	T>A	1	9936	9865	9869	10041	10072
1	44	G>A	1	9897	9847	10126	9930	9957
1	45	T>G	1	10156	9789	9946	10063	10025
1	46	C>G	1	10101	9978	10068	10032	10029
1	47	A>C	1	9894	9936	10074	10110	9954
1	48	C>A	1	9844	10186	9913	10230	9858
1	49	C>A	1	10057	9969	10010	10149	9888
1	50	G>A	1	10115	9943	10127	10018	9907
1	51	A>G	1	10179	9849	9931	9989	10277
1	52	G>T	1	9992	10043	10095	10087	9890
1	53	C>A	1	10050	10174	10064	9845	9935
1	54	A>C	1	10094	9992	9900	10001	9808
1	55	C>T	1	10003	9888	10049	9992	9996
1	56	C>A	1	9872	9926	9829	10053	9832
1	57	G>C	1	10066	9889	10242	9995	9772
1	58	G>A	1	10009	9949	9921	10026	9825
1	59	A>T	1	9928	9966	9998	9820	10107
1	60	G>C	1	9913	10134	10151	9982	10109
1	61	A>C	1	10136	10085	10083	10091	10009
1	62	C>G	1	10005	10031	10031	9951	9948
1	63	A>T	1	9841	9942	9940	10207	9970
1	64	C>T	1	9923	9919	9906	10065	10043
1	65	T>A	1	9948	10088	10105	9998	10247
1	66	C>T	1	9918	9869	10084	10121	9931
1	67	T>G	1	10000	10068	10036	9970	10005
1	68	T>C	1	9884	9899	10124	10056	10006
1	69	T>A	1	10026	9959	10026	9947	10083
1	70	T>C	1	9958	9875	9990	9998	10022
1	71	C>G	1	10039	9956	10131	9950	9848
1	72	A>G	1	10026	9964	9911	9959	9987
1	73	G>C	1	9940	9975	9963	9996	10000
1	74	A>C	1	9935	10249	9966	10080	10054
1	75	A>G	1	10001	10014	9996	9929	10033
1	76	G>A	1	10117	9960	9930	9883	10063
1	77	T>G	1	10107	10088	10062	9828	10026
1	78	T>G	1	10060	10074	10020	10005	9935
1	79	C>T	1	10120	10081	10002	9990	10020
1	80	T>G	1	10062	9925	9932	9983	9982
1	81	G>C	1	10060	10090	10031	9979	10001
1	82	T>C	1	9859	10123	9981	9870	10159
1	83	C>A	1	10156	9982	10047	9822	9931
1	84	G>T	1	10001	9930	9895	10016	9909
1	85	C>A	1	9890	9750	10102	10010	9955
1	86	C>T	1	9895	9807	10106	9907	9901
1	87	T>A	1	9838	9960	10029	9880	10108
1	88	T>C	1	10165	10037	9994	9862	9908
1	89	C>G	1	9897	10041	9987	9943	9955
1	90	T>C	1	10026	10101	10032	10121	9974
1	91	G>C	1	10042	10104	9906	10166	10146
1	92	G>T	1	10023	10017	9883	10000	10032
1	93	A>G	1	10032	9995	9900	10160	9937
1	94	A>T	1	9871	9999	10287	10017	10050
1	95	A>G	1	10021	10160	10076	10003	10118
1	96	G>T	1	10085	9784	9866	10040	9881
1	97	C>G	1	9953	10086	10091	10098	10014
1	98	A>T	1	10162	9881	9839	10025	10013
1	99	T>A	1	9956	9969	9983	10012	9958
