Chromosome	Position	Change	Gene	sample0	sample1	sample2	sample3	sample4
1	0	G>A	1	0	0	0	0	0
1	1	A>C	1	0	0	0	1867	0
1	2	T>G	1	3659	1224	2861	1750	1419
1	3	T>A	1	3655	1132	2723	1811	1451
1	4	A>T	1	1339	2531	2278	1951	1830
1	5	G>C	1	1345	2615	2252	1879	1878
1	6	T>G	1	0	0	0	1930	0
1	7	T>G	1	0	0	0	0	0
1	8	T>C	1	2175	0	2807	1665	0
1	9	A>G	1	0	0	0	1793	0
1	10	T>C	1	0	0	0	1801	0
1	11	G>T	1	0	0	0	1922	0
1	12	G>A	1	2341	0	2783	1785	0
1	13	C>T	1	1432	1094	0	1875	0
1	14	T>A	1	0	0	0	1843	0
1	15	A>G	1	3654	1204	2788	1748	1538
1	16	T>A	1	0	0	0	1844	0
1	17	A>C	1	2145	0	2769	1709	0
1	18	A>T	1	0	0	0	0	0
1	19	A>C	1	1362	2509	2301	1910	1868
1	20	C>A	1	1363	2609	2268	1916	1754
1	21	G>A	1	3748	1168	2817	1774	1454
1	22	A>T	1	1367	3753	2333	3235	3512
1	23	T>G	1	3635	1190	2735	1719	1490
1	24	G>A	1	1349	2534	2192	1910	1856
1	25	T>G	1	0	0	0	1836	0
1	26	C>T	1	0	0	0	1842	0
1	27	A>G	1	0	0	0	0	0
1	28	A>T	1	0	0	0	1887	0
1	29	G>A	1	2282	0	2743	1702	0
1	30	A>G	1	0	0	0	0	0
1	31	A>C	1	2205	0	2641	1777	0
1	32	C>G	1	0	0	0	1907	0
1	33	C>A	1	2221	0	2627	1729	0
1	34	T>A	1	0	0	0	1877	0
1	35	G>T	1	0	0	0	1957	0
1	36	G>A	1	0	0	0	1936	0
1	37	C>G	1	1334	2559	2293	1819	1775
1	38	T>G	1	2202	0	2694	1750	0
1	39	A>T	1	2218	0	2764	1721	0
1	40	G>C	1	1252	1128	0	1910	0
1	41	T>C	1	0	0	0	0	0
1	42	T>A	1	2203	0	2715	1763	0
1	43	C>A	1	0	0	0	0	0
1	44	A>C	1	2216	0	2858	1747	0
1	45	G>C	1	2294	0	2718	1740	0
1	46	T>G	1	1371	2633	2201	3352	3557
1	47	A>G	1	1318	2532	2295	1884	1805
1	48	A>C	1	1333	2562	2306	1848	1781
1	49	C>A	1	1305	2571	2249	1892	1765
1	50	A>G	1	2196	0	2756	1762	0
1	51	T>A	1	1382	2496	2249	1850	1780
1	52	T>G	1	1287	2492	2246	1842	1752
1	53	G>A	1	2181	0	2693	1709	0
1	54	C>A	1	3583	1183	2721	1759	1460
1	55	C>G	1	0	0	0	0	0
1	56	C>G	1	2146	0	2701	1700	0
1	57	G>C	1	3603	1195	2802	1737	1468
1	58	C>T	1	1339	2484	2193	1911	1763
1	59	T>A	1	2262	0	2763	1765	0
1	60	C>G	1	1365	2464	2262	1855	1797
1	61	T>G	1	2228	0	2809	1682	0
1	62	A>C	1	2205	0	2656	1755	0
1	63	T>A	1	2271	0	2653	1688	0
1	64	A>C	1	1350	2710	2250	1854	1785
1	65	T>A	1	3657	1204	2685	1741	1456
1	66	A>T	1	1322	2568	2262	1879	1892
1	67	A>G	1	0	0	0	0	0
1	68	T>C	1	2170	0	2758	1723	0
1	69	G>C	1	0	0	0	0	0
1	70	G>A	1	1321	2536	2207	1949	1840
1	71	C>T	1	2128	0	2707	1719	0
1	72	G>A	1	2225	0	2723	1689	0
1	73	C>T	1	3610	1123	2657	1790	1416
1	74	A>T	1	0	0	0	1935	0
1	75	C>A	1	0	0	0	0	0
1	76	T>G	1	2204	0	2702	1745	0
1	77	C>T	1	1357	2620	2276	1856	1872
1	78	G>T	1	1379	2698	2222	1855	1799
1	79	G>A	1	0	0	0	0	0
1	80	T>G	1	0	0	0	1832	0
1	81	A>T	1	0	0	0	1869	0
1	82	G>C	1	0	0	0	1888	0
1	83	T>C	1	0	0	0	0	0
1	84	C>G	1	2225	0	2766	1727	0
1	85	T>C	1	3594	1164	2670	1718	1452
1	86	C>G	1	0	0	0	0	0
1	87	T>G	1	0	0	0	1902	0
1	88	G>T	1	1394	2538	2291	1893	1858
1	89	T>A	1	1361	3802	2260	3209	3561
1	90	A>T	1	1349	2513	2309	3171	3712
1	91	T>C	1	1251	2585	2254	1837	1804
1	92	A>T	1	2242	0	2662	1764	0
1	93	T>C	1	2238	0	2707	1716	0
1	94	C>G	1	1320	2629	2346	1877	1817
1	95	A>C	1	1332	2555	2220	1843	1792
1	96	C>A	1	2187	0	2771	1716	0
1	97	C>A	1	3721	1175	2809	1703	1451
1	98	T>G	1	1390	1131	0	1878	0
1	99	A>C	1	2190	0	2731	1688	0
