#chr	normal	sample0	sample1	sample2	sample3	sample4	sample5	sample6	sample7	sample8	sample9	sample10	sample11	sample12	sample13	sample14
0	0	0.275510204082	0.2	0.0	0.0	0.0	0.0	0.0	0.0	0.121212121212	0.0	0.0	0.188235294118	0.0	0.146788990826	0.0
1	0	0.0	0.0980392156863	0.0	0.095652173913	0.141414141414	0.0	0.195402298851	0.0	0.0	0.0	0.0	0.0	0.0	0.0	0.0
2	0	0.0	0.136363636364	0.0	0.10752688172	0.12380952381	0.0	0.235294117647	0.0	0.0	0.0	0.0	0.0	0.0	0.0	0.0
3	0	0.223300970874	0.237623762376	0.0	0.0	0.0	0.0	0.0	0.0	0.095652173913	0.0	0.0	0.161290322581	0.0	0.160714285714	0.0
4	0	0.29	0.212765957447	0.0	0.0	0.0	0.0	0.0	0.0	0.174311926606	0.0	0.0	0.185567010309	0.0	0.173469387755	0.0
5	0	0.261363636364	0.26213592233	0.0	0.0	0.11320754717	0.234782608696	0.0	0.0	0.379310344828	0.0	0.0	0.186274509804	0.0	0.15306122449	0.0
6	0	0.0	0.174418604651	0.0	0.126213592233	0.138613861386	0.0	0.272727272727	0.0	0.0	0.0	0.0	0.0	0.0	0.0	0.0
7	0	0.254716981132	0.224489795918	0.0	0.0	0.0	0.0	0.0	0.0	0.131313131313	0.0	0.0	0.1875	0.0	0.148148148148	0.0
8	0	0.474226804124	0.487804878049	0.431818181818	0.466019417476	0.531914893617	0.444444444444	0.534653465347	0.551020408163	0.46875	0.5	0.508064516129	0.52380952381	0.509615384615	0.514018691589	0.515151515152
9	0	0.316831683168	0.321739130435	0.0	0.0	0.0	0.0	0.0	0.0	0.102040816327	0.0	0.0	0.206611570248	0.0	0.180722891566	0.0
10	0	0.292452830189	0.276595744681	0.0	0.0	0.0	0.0	0.0	0.0	0.197916666667	0.0	0.0	0.270588235294	0.0	0.141176470588	0.0
11	0	0.0	0.154545454545	0.0	0.111111111111	0.104761904762	0.0	0.243243243243	0.0	0.0	0.0	0.0	0.0	0.0	0.0	0.0
12	0	0.170212765957	0.189473684211	0.0	0.0	0.0	0.0	0.0	0.0	0.232323232323	0.0	0.0	0.122448979592	0.0	0.151515151515	0.0
13	0	0.0	0.155963302752	0.0	0.0865384615385	0.0357142857143	0.0	0.173913043478	0.0	0.0	0.0	0.0	0.0	0.0	0.0	0.0
14	0	0.278350515464	0.255319148936	0.0	0.0	0.0	0.0	0.0	0.0	0.160377358491	0.0	0.0	0.197916666667	0.0	0.145454545455	0.0
15	0	0.0	0.136363636364	0.0	0.0918367346939	0.148148148148	0.0	0.296703296703	0.0	0.0	0.0	0.0	0.0	0.0	0.0	0.0
16	0	0.0	0.166666666667	0.0	0.163461538462	0.0869565217391	0.0	0.231707317073	0.0	0.0	0.0	0.0	0.0	0.0	0.0	0.0
17	0	0.0	0.141509433962	0.0	0.0917431192661	0.148936170213	0.0	0.210526315789	0.0	0.0	0.0	0.0	0.0	0.0	0.0	0.0
18	0	0.0	0.161016949153	0.0	0.0980392156863	0.102040816327	0.0	0.266666666667	0.0	0.0	0.0	0.0	0.0	0.0	0.0	0.0
19	0	0.398305084746	0.545454545455	0.581632653061	0.420454545455	0.583333333333	0.504672897196	0.525252525253	0.541666666667	0.50495049505	0.518072289157	0.542553191489	0.582524271845	0.436170212766	0.481132075472	0.519607843137
20	0	0.528735632184	0.346153846154	0.2	0.520408163265	0.385245901639	0.504854368932	0.452173913043	0.287356321839	0.278260869565	0.434782608696	0.28431372549	0.30303030303	0.31	0.567307692308	0.485714285714
21	0	0.268817204301	0.2	0.0	0.0	0.0	0.0	0.0	0.0	0.184782608696	0.0	0.0	0.17094017094	0.0	0.186274509804	0.0
22	0	0.421686746988	0.466101694915	0.161616161616	0.46	0.294117647059	0.421568627451	0.494949494949	0.428571428571	0.310924369748	0.416666666667	0.21	0.308411214953	0.387096774194	0.526315789474	0.453703703704
23	0	0.275862068966	0.2	0.0	0.0	0.191304347826	0.258823529412	0.0	0.0	0.292929292929	0.0	0.0	0.247787610619	0.0	0.188118811881	0.0
24	0	0.158415841584	0.224489795918	0.0	0.0	0.138888888889	0.224489795918	0.0	0.0	0.300751879699	0.0	0.0	0.238532110092	0.0	0.16814159292	0.0
25	0	0.343137254902	0.204081632653	0.0	0.0	0.0	0.0	0.0	0.0	0.111111111111	0.0	0.0	0.190476190476	0.0	0.127659574468	0.0
26	0	0.481481481481	0.336734693878	0.191780821918	0.5	0.459183673469	0.52	0.5	0.387755102041	0.369047619048	0.422680412371	0.21	0.423076923077	0.355140186916	0.396551724138	0.51
27	0	0.198198198198	0.219047619048	0.0	0.0	0.0	0.0	0.0	0.0	0.175824175824	0.0	0.0	0.190082644628	0.0	0.244186046512	0.0
28	0	0.246753246753	0.201834862385	0.0	0.0	0.0	0.0	0.0	0.0	0.141304347826	0.0	0.0	0.201754385965	0.0	0.18018018018	0.0
29	0	0.263157894737	0.175824175824	0.0	0.0	0.0	0.0	0.0	0.0	0.171717171717	0.0	0.0	0.188888888889	0.0	0.193548387097	0.0
30	0	0.214285714286	0.308411214953	0.0	0.0	0.0	0.0	0.0	0.0	0.164835164835	0.0	0.0	0.196078431373	0.0	0.144329896907	0.0
31	0	0.0	0.0	0.0	0.130841121495	0.0	0.0	0.221153846154	0.125	0.0	0.105769230769	0.0	0.0	0.0	0.127450980392	0.0
32	0	0.279279279279	0.229357798165	0.0	0.0	0.147058823529	0.258064516129	0.0	0.0	0.221052631579	0.0	0.0	0.166666666667	0.0	0.14606741573	0.0
33	0	0.277777777778	0.196261682243	0.0	0.0	0.0	0.0	0.0	0.0	0.154639175258	0.0	0.0	0.183486238532	0.0	0.145833333333	0.0
34	0	0.2	0.25	0.0	0.0	0.0	0.0	0.0	0.0	0.152380952381	0.0	0.0	0.274725274725	0.0	0.0810810810811	0.0
35	0	0.561904761905	0.314285714286	0.247058823529	0.408163265306	0.440860215054	0.514563106796	0.514018691589	0.403846153846	0.385416666667	0.5	0.21875	0.342857142857	0.29702970297	0.483516483516	0.481012658228
36	0	0.28	0.241071428571	0.0	0.0	0.0	0.0	0.0	0.0	0.19801980198	0.0	0.0	0.144230769231	0.0	0.130434782609	0.0
37	0	0.264150943396	0.186046511628	0.0	0.0	0.0	0.0	0.0	0.0	0.184782608696	0.0	0.0	0.15306122449	0.0	0.129032258065	0.0
38	0	0.262626262626	0.3125	0.0	0.0	0.0	0.0	0.0	0.0	0.134020618557	0.0	0.0	0.205607476636	0.0	0.232323232323	0.0
39	0	0.0	0.255555555556	0.0	0.121212121212	0.0803571428571	0.0	0.28	0.0	0.0	0.0	0.0	0.0	0.0	0.0	0.0
40	0	0.0	0.281818181818	0.0	0.115789473684	0.159090909091	0.0	0.24	0.0	0.0	0.0	0.0	0.0	0.0	0.0	0.0
41	0	0.479591836735	0.610526315789	0.527472527473	0.480392156863	0.533980582524	0.494382022472	0.478723404255	0.447916666667	0.477876106195	0.46	0.494736842105	0.490196078431	0.490566037736	0.5	0.510869565217
42	0	0.233644859813	0.238532110092	0.0	0.0	0.0	0.0	0.0	0.0	0.150943396226	0.0	0.0	0.247706422018	0.0	0.108333333333	0.0
43	0	0.510638297872	0.463414634146	0.550561797753	0.485714285714	0.541666666667	0.531914893617	0.518181818182	0.553191489362	0.429906542056	0.453703703704	0.485714285714	0.423728813559	0.548387096774	0.474747474747	0.479591836735
44	0	0.0	0.0	0.0	0.147058823529	0.0	0.0	0.195652173913	0.125	0.0	0.21875	0.0	0.0	0.0	0.153846153846	0.0
45	0	0.0	0.201923076923	0.0	0.10843373494	0.0505050505051	0.0	0.229166666667	0.0	0.0	0.0	0.0	0.0	0.0	0.0	0.0
46	0	0.275510204082	0.216494845361	0.0	0.0	0.175257731959	0.227722772277	0.0	0.0	0.236559139785	0.0	0.0	0.181818181818	0.0	0.173913043478	0.0
47	0	0.0	0.0	0.0	0.0989010989011	0.0	0.0	0.285714285714	0.141414141414	0.0	0.0679611650485	0.0	0.0	0.0	0.135922330097	0.0
48	0	0.245283018868	0.28	0.0	0.0	0.0	0.0	0.0	0.0	0.07	0.0	0.0	0.185840707965	0.0	0.138211382114	0.0
49	0	0.0	0.164948453608	0.0	0.108108108108	0.158415841584	0.0	0.208695652174	0.0	0.0	0.0	0.0	0.0	0.0	0.0	0.0
50	0	0.0	0.133333333333	0.0	0.126213592233	0.160377358491	0.0	0.196261682243	0.0	0.0	0.0	0.0	0.0	0.0	0.0	0.0
51	0	0.255319148936	0.188118811881	0.0	0.0	0.0	0.0	0.0	0.0	0.161616161616	0.0	0.0	0.208695652174	0.0	0.195652173913	0.0
52	0	0.0	0.0	0.141509433962	0.0	0.0	0.0	0.0	0.0	0.0	0.0	0.0	0.0888888888889	0.0	0.150442477876	0.0813953488372
53	0	0.0	0.1875	0.0	0.119047619048	0.133928571429	0.0	0.213483146067	0.0	0.0	0.0	0.0	0.0	0.0	0.0	0.0
54	0	0.204301075269	0.20202020202	0.0	0.0	0.0	0.0	0.0	0.0	0.119266055046	0.0	0.0	0.180952380952	0.0	0.144578313253	0.0
55	0	0.552380952381	0.4	0.139534883721	0.47619047619	0.494623655914	0.528846153846	0.483870967742	0.388888888889	0.239130434783	0.494736842105	0.234848484848	0.324324324324	0.275	0.484210526316	0.435643564356
56	0	0.279569892473	0.20202020202	0.0	0.208333333333	0.142857142857	0.176470588235	0.243902439024	0.16814159292	0.0	0.12380952381	0.0	0.0	0.0	0.0	0.152173913043
57	0	0.0	0.157894736842	0.0	0.126213592233	0.122641509434	0.0	0.243243243243	0.0	0.0	0.0	0.0	0.0	0.0	0.0	0.0
58	0	0.234693877551	0.262626262626	0.0	0.0	0.133928571429	0.252336448598	0.0	0.0	0.285714285714	0.0	0.0	0.161904761905	0.0	0.132653061224	0.0
59	0	0.445544554455	0.445454545455	0.146341463415	0.519230769231	0.378640776699	0.415094339623	0.36974789916	0.443181818182	0.264705882353	0.485436893204	0.21	0.282051282051	0.4375	0.540983606557	0.551401869159
60	0	0.306451612903	0.227642276423	0.0	0.0	0.0	0.0	0.0	0.0	0.189189189189	0.0	0.0	0.2375	0.0	0.139784946237	0.0
61	0	0.259259259259	0.226086956522	0.0	0.0	0.163043478261	0.261261261261	0.0	0.0	0.247422680412	0.0	0.0	0.212121212121	0.0	0.191919191919	0.0
62	0	0.295918367347	0.207207207207	0.0	0.0	0.0	0.0	0.0	0.0	0.142857142857	0.0	0.0	0.265486725664	0.0	0.0978260869565	0.0
63	0	0.231481481481	0.21875	0.0	0.0	0.093023255814	0.226804123711	0.0	0.0	0.227272727273	0.0	0.0	0.168674698795	0.0	0.150537634409	0.0
64	0	0.487603305785	0.394736842105	0.225490196078	0.55737704918	0.321428571429	0.556818181818	0.544554455446	0.390476190476	0.336842105263	0.535353535354	0.220338983051	0.264705882353	0.298850574713	0.459183673469	0.525252525253
65	0	0.278260869565	0.191489361702	0.0	0.0	0.0	0.0	0.0	0.0	0.14606741573	0.0	0.0	0.2	0.0	0.116279069767	0.0
66	0	0.0	0.188118811881	0.0	0.101123595506	0.120879120879	0.0	0.2	0.0	0.0	0.0	0.0	0.0	0.0	0.0	0.0
67	0	0.448818897638	0.53488372093	0.59649122807	0.519607843137	0.456896551724	0.471698113208	0.531914893617	0.511627906977	0.536082474227	0.436893203883	0.462264150943	0.516483516484	0.538461538462	0.46875	0.545454545455
68	0	0.495238095238	0.39603960396	0.133333333333	0.474226804124	0.449541284404	0.442105263158	0.43137254902	0.472222222222	0.247706422018	0.59595959596	0.171717171717	0.287128712871	0.304761904762	0.56043956044	0.490740740741
69	0	0.172043010753	0.314606741573	0.0	0.0	0.0	0.0	0.0	0.0	0.121495327103	0.0	0.0	0.135802469136	0.0	0.0659340659341	0.0
70	0	0.288888888889	0.182795698925	0.0	0.0	0.0	0.0	0.0	0.0	0.2	0.0	0.0	0.172043010753	0.0	0.12	0.0
71	0	0.201923076923	0.242105263158	0.0	0.0	0.0	0.0	0.0	0.0	0.191919191919	0.0	0.0	0.23	0.0	0.141414141414	0.0
72	0	0.0	0.145631067961	0.0	0.0666666666667	0.173469387755	0.0	0.210526315789	0.0	0.0	0.0	0.0	0.0	0.0	0.0	0.0
73	0	0.49504950495	0.527472527473	0.509090909091	0.515151515152	0.493827160494	0.5	0.509090909091	0.448275862069	0.493975903614	0.584158415842	0.554455445545	0.541666666667	0.518987341772	0.438775510204	0.504504504505
74	0	0.0	0.1875	0.0	0.132653061224	0.158415841584	0.0	0.212121212121	0.0	0.0	0.0	0.0	0.0	0.0	0.0	0.0
75	0	0.0	0.0	0.0	0.117647058824	0.0	0.0	0.214285714286	0.0869565217391	0.0	0.174418604651	0.0	0.0	0.0	0.0952380952381	0.0
76	0	0.284210526316	0.207920792079	0.0	0.0	0.0	0.0	0.0	0.0	0.168539325843	0.0	0.0	0.182692307692	0.0	0.174418604651	0.0
77	0	0.348314606742	0.203703703704	0.0	0.0	0.0	0.0	0.0	0.0	0.129032258065	0.0	0.0	0.156862745098	0.0	0.150537634409	0.0
78	0	0.0	0.148514851485	0.0	0.0769230769231	0.112359550562	0.0	0.230769230769	0.0	0.0	0.0	0.0	0.0	0.0	0.0	0.0
79	0	0.546391752577	0.327102803738	0.155963302752	0.478260869565	0.401785714286	0.51	0.536842105263	0.372340425532	0.298969072165	0.53781512605	0.217391304348	0.321428571429	0.339622641509	0.478723404255	0.526785714286
80	0	0.0	0.0	0.165048543689	0.0	0.0	0.0	0.0	0.0	0.0	0.0	0.0	0.0826446280992	0.0	0.0849056603774	0.0701754385965
81	0	0.0	0.148936170213	0.0	0.114583333333	0.0973451327434	0.0	0.295918367347	0.0	0.0	0.0	0.0	0.0	0.0	0.0	0.0
82	0	0.0	0.14606741573	0.0	0.0919540229885	0.0714285714286	0.0	0.208791208791	0.0	0.0	0.0	0.0	0.0	0.0	0.0	0.0
83	0	0.0	0.141414141414	0.0	0.126315789474	0.158878504673	0.0	0.192307692308	0.0	0.0	0.0	0.0	0.0	0.0	0.0	0.0
84	0	0.0	0.0	0.0	0.132743362832	0.0	0.0	0.316326530612	0.0722891566265	0.0	0.177083333333	0.0	0.0	0.0	0.20202020202	0.0
85	0	0.5	0.377551020408	0.215053763441	0.282608695652	0.211538461538	0.485148514851	0.274725274725	0.133858267717	0.302752293578	0.242424242424	0.154471544715	0.326923076923	0.168421052632	0.226890756303	0.357798165138
86	0	0.571428571429	0.539130434783	0.514851485149	0.407407407407	0.56880733945	0.504761904762	0.415254237288	0.478260869565	0.47	0.448818897638	0.5	0.610619469027	0.393162393162	0.435185185185	0.489583333333
87	0	0.571428571429	0.411111111111	0.204081632653	0.2	0.221052631579	0.5	0.244186046512	0.121212121212	0.319587628866	0.309090909091	0.191919191919	0.404255319149	0.168224299065	0.166666666667	0.358490566038
88	0	0.0	0.0	0.0	0.102272727273	0.0	0.0	0.315315315315	0.0851063829787	0.0	0.117021276596	0.0	0.0	0.0	0.108910891089	0.0
89	0	0.0	0.174757281553	0.0	0.0425531914894	0.190909090909	0.0	0.201834862385	0.0	0.0	0.0	0.0	0.0	0.0	0.0	0.0
90	0	0.5625	0.43137254902	0.189473684211	0.466666666667	0.379746835443	0.444444444444	0.489361702128	0.455555555556	0.333333333333	0.538461538462	0.234042553191	0.280898876404	0.316239316239	0.642857142857	0.43023255814
91	0	0.0	0.18691588785	0.0	0.111111111111	0.183673469388	0.0	0.21686746988	0.0	0.0	0.0	0.0	0.0	0.0	0.0	0.0
92	0	0.0	0.0	0.366972477064	0.0	0.0	0.0	0.0	0.0	0.140186915888	0.0	0.314814814815	0.1796875	0.208333333333	0.0	0.0
93	0	0.263157894737	0.268817204301	0.0	0.0	0.0	0.0	0.0	0.0	0.175925925926	0.0	0.0	0.228260869565	0.0	0.131578947368	0.0
94	0	0.346666666667	0.207207207207	0.0	0.0	0.0	0.0	0.0	0.0	0.179487179487	0.0	0.0	0.15	0.0	0.154639175258	0.0
95	0	0.186046511628	0.227272727273	0.0	0.0	0.0	0.0	0.0	0.0	0.175824175824	0.0	0.0	0.214876033058	0.0	0.126315789474	0.0
96	0	0.0	0.142857142857	0.0	0.160714285714	0.192660550459	0.0	0.232558139535	0.0	0.0	0.0	0.0	0.0	0.0	0.0	0.0
97	0	0.429906542056	0.343434343434	0.232323232323	0.22641509434	0.221153846154	0.40625	0.247524752475	0.166666666667	0.280898876404	0.212121212121	0.21568627451	0.241379310345	0.175824175824	0.252252252252	0.336842105263
98	0	0.285714285714	0.223404255319	0.0	0.0	0.0	0.0	0.0	0.0	0.2	0.0	0.0	0.245283018868	0.0	0.166666666667	0.0
99	0	0.315789473684	0.24	0.0	0.0	0.147368421053	0.267857142857	0.0	0.0	0.241758241758	0.0	0.0	0.184210526316	0.0	0.224719101124	0.0
