Chromosome	Position	Change	Gene	sample0	sample1	sample2	sample3	sample4
1	0	C>A	1	24	31	0	32	17
1	1	C>T	1	0	0	18	0	15
1	2	A>G	1	0	14	0	9	17
1	3	C>G	1	27	25	0	22	19
1	4	G>C	1	32	0	26	0	0
1	5	C>T	1	0	0	27	0	10
1	6	T>C	1	0	0	15	0	7
1	7	G>T	1	0	20	0	15	0
1	8	A>C	1	21	31	0	23	0
1	9	G>T	1	0	0	0	14	0
1	10	G>A	1	0	17	0	18	0
1	11	C>T	1	0	0	21	0	15
1	12	T>C	1	0	0	0	13	0
1	13	A>G	1	0	0	19	0	13
1	14	C>G	1	0	0	22	0	6
1	15	T>G	1	0	0	22	0	9
1	16	G>T	1	19	24	0	20	0
1	17	T>G	1	23	27	0	31	0
1	18	A>T	1	0	12	0	14	25
1	19	T>C	1	19	28	0	28	13
1	20	A>T	1	0	26	0	12	0
1	21	G>A	1	0	0	0	6	0
1	22	G>A	1	0	0	22	0	13
1	23	T>C	1	0	19	0	14	13
1	24	A>C	1	0	21	0	14	0
1	25	G>T	1	14	23	0	24	17
1	26	C>A	1	0	0	21	0	18
1	27	T>C	1	22	0	33	0	0
1	28	T>A	1	0	0	15	0	8
1	29	C>T	1	31	30	0	22	15
1	30	G>T	1	15	33	0	25	0
1	31	A>G	1	22	33	0	21	0
1	32	C>A	1	15	28	0	30	20
1	33	A>T	1	21	35	0	23	0
1	34	G>A	1	0	0	27	0	15
1	35	T>A	1	0	0	19	0	14
1	36	A>T	1	0	0	22	0	11
1	37	C>G	1	0	0	31	0	5
1	38	A>T	1	0	0	27	0	9
1	39	A>G	1	0	0	21	0	11
1	40	T>A	1	11	33	0	29	0
1	41	T>A	1	26	28	0	27	22
1	42	T>C	1	18	25	0	26	0
1	43	T>C	1	0	0	25	0	8
1	44	A>C	1	21	31	0	28	0
1	45	G>T	1	0	0	20	0	18
1	46	G>A	1	0	0	21	0	14
1	47	A>T	1	0	0	29	0	12
1	48	A>T	1	27	39	0	39	16
1	49	T>A	1	24	25	0	32	0
1	50	A>T	1	38	0	28	0	0
1	51	T>G	1	0	16	0	9	0
1	52	C>T	1	13	33	0	24	13
1	53	A>T	1	0	0	0	11	0
1	54	A>C	1	25	26	0	24	28
1	55	C>T	1	23	24	0	24	0
1	56	C>G	1	11	33	0	23	0
1	57	A>C	1	0	0	22	0	17
1	58	T>G	1	0	0	18	0	13
1	59	T>A	1	0	0	9	0	15
1	60	C>G	1	26	25	0	25	15
1	61	A>G	1	0	19	0	8	20
1	62	C>T	1	14	32	0	29	0
1	63	A>T	1	0	19	0	16	0
1	64	A>C	1	0	21	0	12	0
1	65	T>A	1	0	14	0	14	0
1	66	G>T	1	22	33	0	25	17
1	67	T>C	1	0	0	0	14	0
1	68	A>G	1	0	0	25	0	17
1	69	A>T	1	0	18	0	13	0
1	70	G>C	1	0	18	0	11	18
1	71	T>G	1	0	12	0	18	16
1	72	C>A	1	0	0	0	6	0
1	73	G>C	1	0	0	16	0	16
1	74	G>A	1	16	25	0	18	13
1	75	C>A	1	0	0	19	0	13
1	76	G>A	1	27	29	0	22	18
1	77	G>C	1	33	0	24	0	0
1	78	T>G	1	0	19	0	25	22
1	79	G>T	1	0	0	21	0	14
1	80	T>C	1	0	19	0	6	0
1	81	T>C	1	0	17	0	16	0
1	82	G>T	1	0	0	22	0	14
1	83	G>T	1	0	24	0	8	0
1	84	T>G	1	0	0	0	20	0
1	85	G>T	1	31	26	0	25	0
1	86	A>G	1	0	0	0	11	0
1	87	G>T	1	0	0	0	11	0
1	88	A>G	1	0	0	21	0	15
1	89	C>A	1	0	0	19	0	15
1	90	A>T	1	0	0	0	11	0
1	91	C>T	1	0	0	15	0	17
1	92	G>C	1	0	0	0	0	0
1	93	C>A	1	0	0	18	0	9
1	94	C>G	1	29	23	0	29	16
1	95	C>A	1	0	0	21	0	15
1	96	C>G	1	0	0	18	0	17
1	97	A>T	1	0	0	0	12	0
1	98	A>C	1	0	0	20	0	12
1	99	T>C	1	0	21	0	15	0
