Chromosome	Position	Change	Gene	sample0	sample1	sample2	sample3	sample4
1	0	A>C	1	0	0	0	0	16
1	1	G>C	1	0	22	0	0	0
1	2	A>G	1	0	25	0	0	0
1	3	G>T	1	0	0	0	0	12
1	4	C>A	1	0	14	0	0	0
1	5	C>G	1	0	24	0	0	0
1	6	C>T	1	0	0	0	0	0
1	7	C>T	1	0	0	0	0	25
1	8	T>G	1	0	22	0	0	0
1	9	A>C	1	0	17	0	0	0
1	10	T>A	1	0	14	0	0	0
1	11	T>C	1	0	0	0	0	0
1	12	T>C	1	0	20	0	0	0
1	13	T>C	1	0	25	0	0	0
1	14	T>A	1	0	0	31	0	0
1	15	C>T	1	0	17	0	0	0
1	16	T>A	1	25	0	0	31	13
1	17	A>G	1	0	22	0	0	0
1	18	T>A	1	0	0	0	22	0
1	19	T>G	1	0	27	0	0	0
1	20	A>C	1	0	22	0	0	0
1	21	T>A	1	0	16	0	0	0
1	22	G>C	1	21	29	0	0	0
1	23	A>T	1	0	0	0	0	0
1	24	A>G	1	0	0	0	0	0
1	25	T>G	1	0	25	0	0	0
1	26	A>C	1	13	26	0	0	0
1	27	C>T	1	10	0	0	0	21
1	28	T>C	1	20	28	0	0	0
1	29	C>G	1	15	36	0	0	0
1	30	T>C	1	0	17	0	0	0
1	31	C>A	1	13	34	0	0	0
1	32	A>G	1	0	0	0	0	0
1	33	G>A	1	0	0	0	0	0
1	34	T>C	1	13	30	0	0	0
1	35	G>A	1	0	0	0	22	0
1	36	G>C	1	0	0	0	0	0
1	37	C>A	1	0	18	0	0	0
1	38	A>C	1	0	0	0	0	14
1	39	G>C	1	0	0	0	0	0
1	40	G>A	1	0	22	0	0	0
1	41	A>T	1	0	29	0	0	0
1	42	C>A	1	0	0	0	0	26
1	43	T>A	1	0	0	0	0	0
1	44	C>A	1	0	0	0	0	0
1	45	C>G	1	0	22	0	0	0
1	46	A>C	1	0	0	0	35	0
1	47	G>C	1	0	15	0	0	0
1	48	G>T	1	0	0	0	0	0
1	49	C>G	1	21	0	0	25	12
1	50	G>A	1	0	21	0	0	0
1	51	T>G	1	0	0	0	0	0
1	52	G>T	1	0	17	0	0	0
1	53	G>C	1	0	0	0	22	0
1	54	G>C	1	0	9	0	0	0
1	55	C>G	1	0	18	0	0	0
1	56	G>A	1	0	0	0	0	0
1	57	A>T	1	0	20	0	0	0
1	58	G>C	1	15	22	0	0	0
1	59	C>A	1	0	20	0	0	0
1	60	C>G	1	0	15	0	0	0
1	61	A>G	1	18	0	0	0	14
1	62	C>A	1	0	17	0	0	0
1	63	A>G	1	22	37	0	0	0
1	64	A>C	1	0	0	0	0	0
1	65	A>G	1	0	26	0	0	0
1	66	T>C	1	18	0	56	0	23
1	67	A>T	1	0	0	0	0	18
1	68	T>G	1	9	22	0	0	0
1	69	C>A	1	10	38	0	0	0
1	70	G>A	1	0	0	0	0	23
1	71	A>C	1	0	0	0	33	0
1	72	G>T	1	0	19	0	0	0
1	73	G>T	1	13	0	0	0	19
1	74	A>C	1	0	22	0	0	0
1	75	T>G	1	15	25	0	0	0
1	76	G>C	1	0	23	0	0	0
1	77	G>C	1	0	22	0	0	0
1	78	T>A	1	0	19	0	0	0
1	79	G>T	1	0	17	0	0	0
1	80	G>T	1	0	15	0	0	0
1	81	C>A	1	0	0	0	0	15
1	82	C>G	1	0	0	0	0	0
1	83	C>T	1	13	30	0	0	0
1	84	T>C	1	0	22	0	0	0
1	85	C>A	1	0	0	0	0	0
1	86	T>A	1	18	0	0	22	18
1	87	C>A	1	0	18	0	0	0
1	88	C>G	1	0	16	0	0	0
1	89	C>G	1	0	0	0	0	16
1	90	G>A	1	20	0	0	0	18
1	91	G>T	1	0	0	0	21	0
1	92	A>T	1	8	0	0	0	16
1	93	A>T	1	0	0	0	0	0
1	94	T>C	1	0	23	0	0	0
1	95	G>T	1	0	0	0	0	12
1	96	G>A	1	0	0	0	0	13
1	97	A>G	1	0	13	0	0	0
1	98	A>G	1	0	0	0	25	0
1	99	C>A	1	0	0	23	0	0
