Chromosome	Position	Change	Gene	sample0	sample1	sample2	sample3	sample4	sample5	sample6	sample7	sample8	sample9
1	0	A>G	1	10095	10046	9957	10044	9971	10042	9982	10112	9988	10027
1	1	T>G	1	10034	9864	10000	10039	10007	10122	9992	9940	10056	10154
1	2	G>T	1	9990	9855	10075	10018	10051	9937	9854	10023	9933	10049
1	3	A>G	1	10047	10013	10023	9941	9964	9788	10118	10129	10023	10001
1	4	G>T	1	9863	9973	9897	9992	10110	10140	10020	9931	9731	10024
1	5	G>A	1	9814	10055	9992	10080	10120	10003	10088	9907	9764	9960
1	6	C>A	1	10062	10125	9928	9949	9921	10046	10017	10046	9896	9971
1	7	T>A	1	10042	10041	9973	9925	10069	9946	10003	9899	10054	9984
1	8	A>G	1	9948	9920	9915	9875	9962	9948	10007	10013	9909	9990
1	9	A>C	1	10074	9946	10042	9961	9929	10027	10033	9990	9986	9964
1	10	C>T	1	9999	9972	9962	10139	10088	9997	9960	10045	10023	10017
1	11	T>C	1	9921	10027	9845	9992	10033	10027	9971	9983	9941	9998
1	12	A>C	1	9816	9962	10171	9874	10071	9885	9935	9966	9969	9990
1	13	T>C	1	9961	9912	10108	9977	9994	10025	10018	10158	10005	10049
1	14	A>C	1	9960	9960	10024	10026	9895	10004	9976	10071	9967	9857
1	15	C>A	1	10098	10040	9978	9923	9907	9945	9868	9950	10051	10009
1	16	A>T	1	9936	10101	10003	9973	10014	10025	10056	10051	9869	9934
1	17	T>G	1	9941	10006	10199	9913	9944	10032	9823	9898	9831	9894
1	18	T>G	1	10037	10025	10072	9772	10028	10079	9964	10001	10205	10178
1	19	A>C	1	9937	10041	9990	9951	10224	10027	9911	10157	9863	9938
1	20	A>G	1	10172	9880	9978	9779	10198	9993	9975	9870	10094	10061
1	21	T>A	1	9985	10047	10034	10072	9998	9865	9873	10025	10063	9875
1	22	A>G	1	10052	10004	10035	9958	9954	9986	10146	9773	10106	10084
1	23	G>C	1	10007	10179	10109	10034	10026	9974	10031	10054	10055	10106
1	24	C>A	1	9948	10114	9992	10093	9850	9972	10118	10033	9959	10040
1	25	G>T	1	9990	9981	10189	9989	10058	10041	10031	10102	10091	9934
1	26	G>T	1	10075	10023	10113	10002	10068	9956	9853	9966	10045	9926
1	27	C>G	1	10058	10092	9985	10040	9956	9968	9987	9921	9980	10025
1	28	T>C	1	10052	10163	9946	9920	10123	9919	9711	10043	10033	9910
1	29	A>G	1	10002	9999	9875	9925	10079	9956	9982	10140	9893	9987
1	30	G>A	1	10088	9968	10067	9989	10232	9987	9949	9757	9965	10012
1	31	G>T	1	10166	10079	9892	10003	10153	10007	9939	10045	10042	10086
1	32	A>T	1	9898	10100	10043	9871	9945	10214	10034	10025	10033	10053
1	33	A>C	1	9979	10156	10248	9944	9822	9776	9775	10049	10108	9858
1	34	A>C	1	10199	9967	10051	9890	10030	10084	9881	10118	9949	9991
1	35	C>A	1	10006	9925	9956	9935	10034	10069	10160	9825	10069	9930
1	36	G>C	1	10025	9978	9877	10097	10150	9986	10091	10005	10128	10057
1	37	A>T	1	9999	9984	10000	10109	9856	10115	9907	10034	10130	10067
1	38	A>G	1	10097	9899	9944	10012	10098	9946	10078	10102	9866	9887
1	39	G>A	1	9961	10087	9972	10039	10090	10182	10088	10167	10027	9987
1	40	C>T	1	9992	9996	10066	10012	10096	10168	10008	9874	9877	10159
1	41	A>T	1	10072	9987	9930	9965	9929	9983	10165	9758	10072	9855
1	42	T>C	1	10050	10011	10148	10023	10032	9907	10103	10093	9830	10124
1	43	C>T	1	9968	9937	9985	10009	9861	9994	9976	10084	10113	10056
1	44	C>A	1	10002	10103	10197	9777	9956	9903	9870	10051	9978	10087
1	45	A>G	1	10105	10020	9993	10015	9996	9980	10047	9975	10046	10048
1	46	C>T	1	9956	9895	10016	10118	9959	10025	10031	10042	9912	10030
1	47	A>T	1	10066	9685	9945	10120	9968	10057	10028	9943	10012	10022
1	48	A>G	1	10009	9840	10062	10093	10020	10054	10140	10176	9935	9878
1	49	G>T	1	9902	10130	10024	10275	9980	9958	9989	10018	9815	10010
1	50	A>T	1	10018	10024	9882	9972	10081	10207	9866	9983	10069	9951
1	51	T>G	1	9967	9825	9904	10177	10061	9947	9894	9984	10127	10070
1	52	T>C	1	9987	9921	9813	10177	10347	9991	9868	9911	9982	10037
1	53	C>A	1	9893	9885	9993	9970	9968	10050	9833	9850	10152	10252
1	54	T>G	1	10113	10087	9948	10166	10102	9940	9951	10141	10072	10050
1	55	T>A	1	10124	9814	10146	10225	9921	10033	10153	10063	10010	10069
1	56	G>T	1	10028	9964	9945	10057	10170	10082	10004	9997	9998	10093
1	57	T>G	1	9964	9887	10109	10127	9837	10042	9998	10049	10150	9947
1	58	T>C	1	9894	9913	9811	10005	10002	9952	10081	9989	10092	9886
1	59	A>C	1	10226	9998	9985	9939	10129	10003	9924	9864	9931	9927
1	60	A>G	1	10047	10049	10117	9930	10056	10155	10098	9869	10035	10027
1	61	A>C	1	10239	10266	9905	9797	10072	9889	9947	9995	10017	9927
1	62	G>C	1	10137	10154	10005	10068	10003	9968	10083	10227	10122	10003
1	63	A>C	1	9873	10025	10074	9900	10277	9961	9925	9906	10218	10035
1	64	A>G	1	10149	10231	9954	10034	10006	9964	9924	9836	10027	9911
1	65	G>T	1	9974	10100	9935	9960	10015	10216	10126	10163	10087	10072
1	66	A>C	1	9990	9882	9852	9936	10163	10015	9949	9932	9933	9999
1	67	C>G	1	10194	9887	9943	9986	9999	9920	10111	10080	10000	9792
1	68	A>C	1	9991	10060	9798	9954	10006	10137	9923	10018	9950	9969
1	69	C>A	1	9963	10093	10071	9992	9892	10167	9834	10021	10001	9966
1	70	T>A	1	9999	10093	9738	10107	9918	9927	10083	10138	10162	9860
1	71	G>C	1	10128	9965	9981	10088	9969	10099	10001	10094	9959	10050
1	72	T>A	1	10017	10009	9996	9759	10102	10006	9996	10037	9922	9913
1	73	A>T	1	10063	10046	9984	10066	10126	9851	10164	9907	10085	9961
1	74	A>T	1	10005	10173	9993	10107	10185	10094	10033	9920	9945	9838
1	75	C>A	1	9939	10053	10093	10108	10185	10169	10036	9935	9966	10204
1	76	T>G	1	9913	10079	9928	10060	9962	10195	10172	10286	9991	10145
1	77	G>C	1	10136	9909	10093	9955	9800	10161	10094	10100	10010	10109
1	78	C>T	1	10017	9990	9843	9964	9928	9857	9938	10019	9910	9882
1	79	A>C	1	9829	9892	9912	9933	9896	10058	9703	10159	10183	9939
1	80	G>T	1	9902	9871	10007	9915	10228	9860	9867	9849	9995	10092
1	81	C>A	1	9979	10118	10023	9954	9991	10006	10083	9815	9997	9911
1	82	G>C	1	9923	10136	9796	9864	9863	9903	9968	10081	10183	10061
1	83	C>A	1	10061	9931	10215	9809	9959	9889	10003	10162	9996	9920
1	84	C>T	1	10002	9831	9972	10069	9865	10024	10195	9813	9959	9897
1	85	G>C	1	10218	9911	9925	9975	10023	9962	10193	9988	10021	10057
1	86	A>T	1	9984	10127	9878	10113	9942	9993	10028	9754	10048	9995
1	87	A>G	1	10079	10112	10138	9995	10028	9846	10119	9937	10057	10247
1	88	A>T	1	9976	10021	10071	10203	10031	10164	10000	10018	10063	9974
1	89	G>C	1	10048	9948	9938	10042	9991	10131	10081	9798	10033	10238
1	90	T>C	1	9876	10068	9804	9912	10073	9955	10005	10082	10034	9992
1	91	C>A	1	10046	9987	9985	10068	10040	10154	9952	9910	9950	9935
1	92	A>C	1	9917	9937	10077	9897	9907	9999	9973	10086	10034	9998
1	93	C>T	1	9923	10014	9911	9850	10075	10012	9967	10031	9791	10008
1	94	G>A	1	10055	9835	10072	10047	9928	10028	9846	9883	10014	10100
1	95	A>G	1	10036	10161	10041	10096	10114	9896	9845	10018	9886	10004
1	96	G>C	1	9861	10086	10183	9944	9894	9911	10053	10035	10143	9954
1	97	C>G	1	10061	10221	10135	9961	10006	10005	10123	10071	10074	10027
1	98	T>A	1	10073	9842	9951	10002	10044	10049	9869	9987	10093	9894
1	99	T>A	1	9749	10045	10004	10101	10037	10053	9931	9947	10126	10083
