#chr	position	description	normal	sample0	sample1	sample2	sample3	sample4
1	1	1	0	0.0	0.0	0.194444444444	0.0	0.0
2	1	1	0	0.0	0.0	0.319587628866	0.0	0.0
3	1	1	0	0.25	0.457446808511	0.0	0.242105263158	0.387096774194
4	1	1	0	0.0	0.0	0.223300970874	0.0	0.0
5	1	1	0	0.0	0.0	0.247619047619	0.0	0.0
6	1	1	0	0.0	0.52	0.0	0.0	0.339130434783
7	1	1	0	0.0916666666667	0.0	0.0	0.0	0.182692307692
8	1	1	0	0.0	0.0	0.25	0.0	0.0
9	1	1	0	0.122222222222	0.0	0.0	0.0	0.161904761905
10	1	1	0	0.229357798165	0.484536082474	0.0	0.221153846154	0.467391304348
11	1	1	0	0.0851063829787	0.0	0.0	0.0	0.19387755102
12	1	1	0	0.0	0.0	0.326315789474	0.228260869565	0.0
13	1	1	0	0.11214953271	0.0	0.0	0.0	0.0
14	1	1	0	0.256880733945	0.494845360825	0.311320754717	0.457943925234	0.513513513514
15	1	1	0	0.348314606742	0.407407407407	0.0	0.309278350515	0.519230769231
16	1	1	0	0.11	0.0	0.0	0.0	0.186274509804
17	1	1	0	0.0	0.438095238095	0.0	0.0	0.330275229358
18	1	1	0	0.115384615385	0.0	0.0	0.0	0.194174757282
19	1	1	0	0.0	0.0	0.236559139785	0.227272727273	0.0
20	1	1	0	0.123711340206	0.0	0.0	0.0	0.0
21	1	1	0	0.0	0.0	0.234693877551	0.0	0.0
22	1	1	0	0.0	0.0	0.184782608696	0.17	0.0
23	1	1	0	0.0	0.0	0.217821782178	0.222222222222	0.0
24	1	1	0	0.0	0.0	0.242990654206	0.0	0.0
25	1	1	0	0.393617021277	0.620253164557	0.209523809524	0.525773195876	0.489795918367
26	1	1	0	0.0983606557377	0.0	0.0	0.0	0.326086956522
27	1	1	0	0.182795698925	0.489130434783	0.0	0.327272727273	0.446808510638
28	1	1	0	0.078431372549	0.0	0.0	0.0	0.0
29	1	1	0	0.0943396226415	0.0	0.0	0.0	0.165048543689
30	1	1	0	0.26724137931	0.510204081633	0.0	0.222222222222	0.484210526316
31	1	1	0	0.120879120879	0.0	0.0	0.0	0.0
32	1	1	0	0.163043478261	0.0	0.0	0.0	0.28
33	1	1	0	0.0	0.0	0.227272727273	0.0	0.0
34	1	1	0	0.0	0.0	0.210526315789	0.239130434783	0.0
35	1	1	0	0.0892857142857	0.0	0.0	0.0	0.150537634409
36	1	1	0	0.336633663366	0.5875	0.217821782178	0.45652173913	0.488
37	1	1	0	0.212962962963	0.440366972477	0.0	0.231578947368	0.5
38	1	1	0	0.0693069306931	0.0	0.0	0.0	0.182795698925
39	1	1	0	0.0	0.0	0.0	0.0	0.0
40	1	1	0	0.0	0.0	0.333333333333	0.0	0.0
41	1	1	0	0.0	0.0	0.207920792079	0.0	0.0
42	1	1	0	0.484536082474	0.509259259259	0.409090909091	0.495238095238	0.462962962963
43	1	1	0	0.0714285714286	0.0	0.0	0.0	0.245098039216
44	1	1	0	0.144329896907	0.0	0.0	0.0	0.0
45	1	1	0	0.0	0.0	0.265306122449	0.0	0.0
46	1	1	0	0.151898734177	0.0	0.0	0.0	0.0
47	1	1	0	0.207547169811	0.504672897196	0.0	0.141304347826	0.474747474747
48	1	1	0	0.177083333333	0.54347826087	0.0	0.218390804598	0.529411764706
49	1	1	0	0.0666666666667	0.0	0.0	0.0	0.201923076923
50	1	1	0	0.360655737705	0.536842105263	0.265486725664	0.60396039604	0.446601941748
51	1	1	0	0.0824742268041	0.0	0.0	0.0	0.176470588235
52	1	1	0	0.0860215053763	0.0	0.0	0.0	0.0
53	1	1	0	0.231578947368	0.507936507937	0.0	0.273684210526	0.527272727273
54	1	1	0	0.153846153846	0.443396226415	0.0	0.222222222222	0.455357142857
55	1	1	0	0.0	0.0	0.252525252525	0.196078431373	0.0
56	1	1	0	0.431578947368	0.489583333333	0.462962962963	0.586206896552	0.608695652174
57	1	1	0	0.0833333333333	0.0	0.0	0.0	0.0
58	1	1	0	0.0714285714286	0.0	0.0	0.0	0.0
59	1	1	0	0.242105263158	0.5	0.0	0.247619047619	0.432989690722
60	1	1	0	0.0841121495327	0.0	0.0	0.0	0.192307692308
61	1	1	0	0.0826446280992	0.0	0.0	0.0	0.155339805825
62	1	1	0	0.0	0.27	0.0	0.0	0.0
63	1	1	0	0.111111111111	0.0	0.0	0.0	0.132075471698
64	1	1	0	0.19801980198	0.489795918367	0.0	0.203883495146	0.543859649123
65	1	1	0	0.110169491525	0.0	0.0	0.0	0.0
66	1	1	0	0.0	0.0	0.300970873786	0.0	0.0
67	1	1	0	0.136363636364	0.0	0.0	0.0	0.2
68	1	1	0	0.0	0.0	0.283333333333	0.272727272727	0.0
69	1	1	0	0.0769230769231	0.0	0.0	0.0	0.2
70	1	1	0	0.0	0.0	0.302325581395	0.0	0.0
71	1	1	0	0.0	0.0	0.269662921348	0.0	0.0
72	1	1	0	0.232323232323	0.604395604396	0.0	0.221238938053	0.552083333333
73	1	1	0	0.063829787234	0.0	0.0	0.0	0.291262135922
74	1	1	0	0.0	0.0	0.25	0.0	0.0
75	1	1	0	0.0	0.0	0.227642276423	0.0	0.0
76	1	1	0	0.0961538461538	0.0	0.0	0.0	0.189189189189
77	1	1	0	0.224719101124	0.545454545455	0.0	0.298076923077	0.49
78	1	1	0	0.07	0.0	0.0	0.0	0.0
79	1	1	0	0.0648148148148	0.0	0.0	0.0	0.204081632653
80	1	1	0	0.0	0.490909090909	0.0	0.0	0.252525252525
81	1	1	0	0.269662921348	0.491803278689	0.0	0.308411214953	0.560747663551
82	1	1	0	0.0	0.0	0.229357798165	0.0	0.0
83	1	1	0	0.049504950495	0.0	0.0	0.0	0.0
84	1	1	0	0.114583333333	0.0	0.0	0.0	0.0
85	1	1	0	0.42	0.532608695652	0.204819277108	0.567307692308	0.488095238095
86	1	1	0	0.0	0.0	0.279569892473	0.0	0.0
87	1	1	0	0.0	0.0	0.262626262626	0.0	0.0
88	1	1	0	0.0602409638554	0.0	0.0	0.0	0.197916666667
89	1	1	0	0.0	0.0	0.285714285714	0.0	0.0
90	1	1	0	0.1125	0.0	0.0	0.0	0.0
91	1	1	0	0.175675675676	0.485714285714	0.0	0.244897959184	0.586206896552
92	1	1	0	0.254385964912	0.5	0.0	0.222222222222	0.48
93	1	1	0	0.0	0.504504504505	0.0	0.0	0.264
94	1	1	0	0.295238095238	0.417475728155	0.0	0.224489795918	0.428571428571
95	1	1	0	0.0	0.0	0.252631578947	0.182795698925	0.0
96	1	1	0	0.208791208791	0.520661157025	0.0	0.244680851064	0.484848484848
97	1	1	0	0.0	0.0	0.256880733945	0.0	0.0
98	1	1	0	0.129411764706	0.0	0.0	0.0	0.139784946237
99	1	1	0	0.0789473684211	0.0	0.0	0.0	0.228260869565
100	1	1	0	0.0	0.0	0.285714285714	0.277777777778	0.0
