#chr	normal	sample0	sample1	sample2	sample3	sample4	sample5	sample6	sample7	sample8	sample9
0	0	0.0588235294118	0.114583333333	0.0	0.226804123711	0.0	0.114583333333	0.0925925925926	0.0	0.0	0.0
1	0	0.137931034483	0.0961538461538	0.0	0.229885057471	0.0	0.142857142857	0.0818181818182	0.0	0.214285714286	0.136363636364
2	0	0.101123595506	0.126315789474	0.0	0.247706422018	0.0	0.121495327103	0.137614678899	0.0	0.336448598131	0.196261682243
3	0	0.08	0.0588235294118	0.0	0.261261261261	0.0	0.175257731959	0.15625	0.0	0.0	0.0
4	0	0.435185185185	0.43	0.561904761905	0.432432432432	0.577777777778	0.495867768595	0.541176470588	0.53982300885	0.453608247423	0.51376146789
5	0	0.154545454545	0.0	0.114942528736	0.0	0.190476190476	0.172413793103	0.0	0.202247191011	0.0	0.140845070423
6	0	0.0	0.0	0.0	0.0	0.0	0.188679245283	0.0	0.0	0.0	0.113636363636
7	0	0.0898876404494	0.0	0.189473684211	0.0	0.177083333333	0.146788990826	0.0	0.181818181818	0.0	0.125
8	0	0.0454545454545	0.0	0.20202020202	0.0	0.198198198198	0.227848101266	0.0	0.0980392156863	0.0	0.12037037037
9	0	0.16	0.127118644068	0.0	0.252631578947	0.0	0.145833333333	0.0891089108911	0.0	0.0	0.0
10	0	0.077519379845	0.0841121495327	0.0	0.247058823529	0.0	0.1	0.0777777777778	0.0	0.0	0.0
11	0	0.054347826087	0.047619047619	0.0	0.172413793103	0.0	0.112359550562	0.08	0.0	0.0	0.0
12	0	0.0752688172043	0.0603448275862	0.0	0.195402298851	0.0	0.134020618557	0.180952380952	0.0	0.317307692308	0.128712871287
13	0	0.222222222222	0.0	0.280373831776	0.0	0.148514851485	0.18691588785	0.0	0.0666666666667	0.0	0.144444444444
14	0	0.0898876404494	0.0	0.162393162393	0.0	0.173076923077	0.192307692308	0.0	0.103896103896	0.0	0.113402061856
15	0	0.14	0.0707070707071	0.0	0.260416666667	0.0	0.11320754717	0.103773584906	0.0	0.324074074074	0.155963302752
16	0	0.107843137255	0.0736842105263	0.0	0.191919191919	0.0	0.113043478261	0.193277310924	0.0	0.0	0.0
17	0	0.104651162791	0.0	0.0	0.0	0.0	0.0	0.21568627451	0.149606299213	0.0	0.173913043478
18	0	0.105769230769	0.117647058824	0.0	0.293333333333	0.0	0.105263157895	0.190476190476	0.0	0.0	0.0
19	0	0.154639175258	0.0	0.192307692308	0.0	0.192307692308	0.20987654321	0.0	0.0813953488372	0.0	0.0975609756098
20	0	0.145299145299	0.126213592233	0.0	0.257425742574	0.0	0.0891089108911	0.0891089108911	0.0	0.336134453782	0.105769230769
21	0	0.105769230769	0.118811881188	0.0	0.25	0.0	0.103773584906	0.166666666667	0.0	0.0	0.0
22	0	0.154545454545	0.0	0.0	0.0	0.0	0.0	0.216981132075	0.125	0.0	0.128440366972
23	0	0.582524271845	0.390476190476	0.561904761905	0.474576271186	0.489130434783	0.505050505051	0.423076923077	0.551724137931	0.564102564103	0.508333333333
24	0	0.0392156862745	0.0825688073394	0.0	0.254716981132	0.0	0.102564102564	0.117647058824	0.0	0.0	0.0
25	0	0.129411764706	0.0	0.188679245283	0.0	0.137254901961	0.137254901961	0.0	0.150943396226	0.0	0.163461538462
26	0	0.141304347826	0.0	0.0	0.0	0.0	0.0	0.26	0.120879120879	0.0	0.158415841584
27	0	0.118181818182	0.123595505618	0.0	0.294736842105	0.0	0.183673469388	0.130841121495	0.0	0.361904761905	0.204301075269
28	0	0.105882352941	0.0918367346939	0.0	0.227722772277	0.0	0.140350877193	0.175925925926	0.0	0.0	0.0
29	0	0.0924369747899	0.10101010101	0.0	0.243697478992	0.0	0.132530120482	0.152542372881	0.0	0.0	0.0
30	0	0.13829787234	0.0	0.0	0.0	0.0	0.0	0.243243243243	0.160377358491	0.0	0.14953271028
31	0	0.132231404959	0.0	0.0	0.0	0.0	0.0	0.247422680412	0.116504854369	0.0	0.0918367346939
32	0	0.0555555555556	0.0606060606061	0.0	0.22	0.0	0.09	0.154639175258	0.0	0.0	0.0
33	0	0.184466019417	0.0	0.177215189873	0.0	0.221052631579	0.163265306122	0.0	0.169811320755	0.0	0.129032258065
34	0	0.14953271028	0.0	0.223300970874	0.0	0.245098039216	0.135416666667	0.0	0.0849056603774	0.0	0.121495327103
35	0	0.0652173913043	0.135416666667	0.0	0.264150943396	0.0	0.0598290598291	0.141509433962	0.0	0.0	0.0
36	0	0.0652173913043	0.105263157895	0.0	0.244897959184	0.0	0.163043478261	0.141509433962	0.0	0.0	0.0
37	0	0.125	0.0	0.20202020202	0.0	0.204081632653	0.133928571429	0.0	0.166666666667	0.0	0.170212765957
38	0	0.166666666667	0.0	0.0	0.0	0.0	0.0	0.173076923077	0.21359223301	0.0	0.0769230769231
39	0	0.0442477876106	0.119266055046	0.0	0.228813559322	0.0	0.118644067797	0.111111111111	0.0	0.0	0.0
40	0	0.0825688073394	0.119565217391	0.0	0.268518518519	0.0	0.11214953271	0.0776699029126	0.0	0.0	0.0
41	0	0.0740740740741	0.110091743119	0.0	0.239583333333	0.0	0.1375	0.177083333333	0.0	0.0	0.0
42	0	0.0630630630631	0.0686274509804	0.0	0.203883495146	0.0	0.09375	0.0736842105263	0.0	0.344086021505	0.141304347826
43	0	0.0679611650485	0.0733944954128	0.0	0.228571428571	0.0	0.111111111111	0.165137614679	0.0	0.0	0.0
44	0	0.126213592233	0.0	0.152380952381	0.0	0.268518518519	0.138613861386	0.0	0.142857142857	0.0	0.112244897959
45	0	0.169811320755	0.277777777778	0.361111111111	0.444444444444	0.287356321839	0.242718446602	0.315315315315	0.136842105263	0.469565217391	0.23
46	0	0.102040816327	0.0714285714286	0.0	0.213483146067	0.0	0.121212121212	0.0961538461538	0.0	0.0	0.0
47	0	0.0618556701031	0.0612244897959	0.0	0.259615384615	0.0	0.0891089108911	0.145833333333	0.0	0.0	0.0
48	0	0.0	0.0	0.0	0.0	0.0	0.144230769231	0.0	0.0	0.0	0.0
49	0	0.144329896907	0.12380952381	0.0	0.242718446602	0.0	0.142857142857	0.0961538461538	0.0	0.0	0.0
50	0	0.117021276596	0.164835164835	0.0	0.32183908046	0.0	0.108910891089	0.144230769231	0.0	0.0	0.0
51	0	0.313131313131	0.3125	0.36036036036	0.490384615385	0.333333333333	0.319587628866	0.280701754386	0.356435643564	0.443298969072	0.21978021978
52	0	0.103773584906	0.0	0.0	0.0	0.0	0.0	0.189655172414	0.130434782609	0.0	0.126213592233
53	0	0.10843373494	0.130952380952	0.0	0.214953271028	0.0	0.181818181818	0.130841121495	0.0	0.0	0.0
54	0	0.0	0.0	0.0	0.0	0.0	0.188679245283	0.0	0.0	0.0	0.0813953488372
55	0	0.113402061856	0.0714285714286	0.0	0.269230769231	0.0	0.129032258065	0.192307692308	0.0	0.0	0.0
56	0	0.043956043956	0.0462962962963	0.0	0.230769230769	0.0	0.122448979592	0.127450980392	0.0	0.0	0.0
57	0	0.277108433735	0.263157894737	0.346534653465	0.569892473118	0.276785714286	0.259259259259	0.308411214953	0.150442477876	0.529411764706	0.242105263158
58	0	0.133333333333	0.0	0.0	0.0	0.0	0.0	0.179245283019	0.131578947368	0.0	0.154639175258
59	0	0.166666666667	0.0	0.186274509804	0.0	0.175925925926	0.225490196078	0.0	0.128712871287	0.0	0.0957446808511
60	0	0.10752688172	0.0	0.0	0.0	0.0	0.0	0.313953488372	0.105263157895	0.0	0.123711340206
61	0	0.0531914893617	0.132653061224	0.0	0.163793103448	0.0	0.140350877193	0.0792079207921	0.0	0.0	0.0
62	0	0.0857142857143	0.0	0.134831460674	0.0	0.225490196078	0.245098039216	0.0	0.13829787234	0.0	0.0891089108911
63	0	0.0555555555556	0.133333333333	0.0	0.216494845361	0.0	0.0736842105263	0.118811881188	0.0	0.0	0.0
64	0	0.1015625	0.0595238095238	0.0	0.221052631579	0.0	0.126126126126	0.179775280899	0.0	0.323232323232	0.136363636364
65	0	0.298076923077	0.359550561798	0.372881355932	0.527472527473	0.258064516129	0.266666666667	0.288659793814	0.301204819277	0.620253164557	0.301886792453
66	0	0.0674157303371	0.122448979592	0.0	0.216494845361	0.0	0.132653061224	0.136842105263	0.0	0.0	0.0
67	0	0.190476190476	0.265957446809	0.2875	0.417582417582	0.357142857143	0.402173913043	0.287234042553	0.118811881188	0.51	0.278846153846
68	0	0.0818181818182	0.102564102564	0.0	0.241758241758	0.0	0.102564102564	0.183486238532	0.0	0.0	0.0
69	0	0.0841121495327	0.0	0.202247191011	0.0	0.252747252747	0.211538461538	0.0	0.137254901961	0.0	0.0882352941176
70	0	0.0	0.0	0.0	0.0	0.0	0.17	0.0	0.0	0.0	0.0980392156863
71	0	0.11320754717	0.0666666666667	0.0	0.273684210526	0.0	0.10752688172	0.151515151515	0.0	0.0	0.0
72	0	0.0918367346939	0.0760869565217	0.0	0.230769230769	0.0	0.133333333333	0.0927835051546	0.0	0.0	0.0
73	0	0.0444444444444	0.115789473684	0.0	0.252427184466	0.0	0.0862068965517	0.111111111111	0.0	0.0	0.0
74	0	0.0892857142857	0.139534883721	0.0	0.228813559322	0.0	0.10101010101	0.132530120482	0.0	0.0	0.0
75	0	0.158878504673	0.0	0.161904761905	0.0	0.173913043478	0.207920792079	0.0	0.108695652174	0.0	0.0851063829787
76	0	0.178217821782	0.0	0.0	0.0	0.0	0.0	0.27	0.155963302752	0.0	0.105263157895
77	0	0.158415841584	0.0	0.189473684211	0.0	0.20202020202	0.188118811881	0.0	0.137254901961	0.0	0.0824742268041
78	0	0.140350877193	0.0	0.0	0.0	0.0	0.0	0.179245283019	0.07	0.0	0.159090909091
79	0	0.129032258065	0.0	0.20652173913	0.0	0.247706422018	0.171428571429	0.0	0.17	0.0	0.113043478261
80	0	0.147368421053	0.0	0.230769230769	0.0	0.24	0.229166666667	0.0	0.1	0.0	0.127659574468
81	0	0.0752688172043	0.0795454545455	0.0	0.122641509434	0.0	0.142857142857	0.1	0.0	0.282608695652	0.19587628866
82	0	0.0609756097561	0.15306122449	0.0	0.220930232558	0.0	0.08	0.214285714286	0.0	0.339805825243	0.168316831683
83	0	0.122950819672	0.112068965517	0.0	0.195652173913	0.0	0.101123595506	0.102564102564	0.0	0.0	0.0
84	0	0.117647058824	0.0	0.241071428571	0.0	0.197183098592	0.15306122449	0.0	0.0882352941176	0.0	0.047619047619
85	0	0.0481927710843	0.0	0.183673469388	0.0	0.402173913043	0.26	0.0	0.0744680851064	0.20253164557	0.0760869565217
86	0	0.108910891089	0.144144144144	0.0	0.242718446602	0.0	0.257731958763	0.105769230769	0.0	0.0	0.0
87	0	0.0947368421053	0.101851851852	0.0	0.258620689655	0.0	0.117647058824	0.159574468085	0.0	0.0	0.0
88	0	0.0849056603774	0.110091743119	0.0	0.239583333333	0.0	0.152173913043	0.155339805825	0.0	0.0	0.0
89	0	0.0851063829787	0.0909090909091	0.0	0.18691588785	0.0	0.144444444444	0.14406779661	0.0	0.298969072165	0.15
90	0	0.0	0.0	0.0	0.0	0.0	0.162790697674	0.0	0.0	0.0	0.118811881188
91	0	0.267605633803	0.342105263158	0.357142857143	0.475	0.318181818182	0.305263157895	0.224719101124	0.18085106383	0.5	0.266666666667
92	0	0.104761904762	0.0795454545455	0.0	0.204819277108	0.0	0.136363636364	0.123711340206	0.0	0.0	0.0
93	0	0.0752688172043	0.103448275862	0.0	0.252427184466	0.0	0.152173913043	0.112244897959	0.0	0.0	0.0
94	0	0.0629921259843	0.0595238095238	0.0	0.201834862385	0.0	0.0947368421053	0.0980392156863	0.0	0.0	0.0
95	0	0.178217821782	0.295918367347	0.345794392523	0.469387755102	0.373737373737	0.292929292929	0.339285714286	0.106194690265	0.490566037736	0.333333333333
96	0	0.08	0.163265306122	0.0	0.28	0.0	0.157024793388	0.145833333333	0.0	0.257425742574	0.0957446808511
97	0	0.0	0.0	0.0	0.0	0.0	0.183333333333	0.0	0.0	0.0	0.0970873786408
98	0	0.134615384615	0.0	0.232323232323	0.0	0.234042553191	0.2	0.0	0.0891089108911	0.0	0.127272727273
99	0	0.09	0.0900900900901	0.0	0.222222222222	0.0	0.118279569892	0.12	0.0	0.0	0.0
