Chromosome	Position	Change	Gene	sample0	sample1	sample2	sample3	sample4
1	0	A>C	1	27	14	23	0	0
1	1	T>A	1	0	0	0	0	0
1	2	G>A	1	34	28	53	0	39
1	3	A>G	1	0	0	0	0	0
1	4	T>G	1	0	21	38	0	0
1	5	A>T	1	0	0	0	0	21
1	6	G>T	1	0	0	0	0	0
1	7	T>G	1	9	10	24	0	0
1	8	C>G	1	0	0	0	0	19
1	9	C>G	1	0	0	0	0	0
1	10	T>C	1	30	15	17	0	0
1	11	T>A	1	12	12	36	0	0
1	12	G>A	1	15	0	0	0	0
1	13	G>C	1	35	20	50	0	39
1	14	C>A	1	0	0	0	13	0
1	15	T>G	1	0	0	0	0	0
1	16	G>C	1	0	0	0	0	0
1	17	T>A	1	36	28	52	0	42
1	18	C>A	1	49	47	40	45	54
1	19	T>A	1	0	0	0	0	0
1	20	G>T	1	0	9	22	0	0
1	21	G>T	1	0	0	0	0	0
1	22	T>G	1	0	0	0	0	0
1	23	A>C	1	39	23	42	0	29
1	24	G>A	1	0	0	0	0	16
1	25	A>T	1	0	0	0	0	0
1	26	G>T	1	18	0	0	0	0
1	27	A>C	1	18	12	29	0	0
1	28	C>T	1	19	13	31	0	0
1	29	T>A	1	20	0	0	0	0
1	30	G>A	1	0	0	0	0	0
1	31	C>A	1	57	59	56	50	54
1	32	T>C	1	15	0	0	0	0
1	33	G>T	1	0	0	29	0	0
1	34	T>G	1	49	34	39	36	54
1	35	G>C	1	30	10	30	0	0
1	36	C>A	1	17	22	23	0	0
1	37	T>G	1	0	0	0	0	0
1	38	A>C	1	0	0	0	0	0
1	39	C>G	1	0	0	33	0	0
1	40	C>A	1	47	49	47	63	51
1	41	T>G	1	0	0	19	0	0
1	42	C>T	1	0	0	30	0	0
1	43	A>G	1	38	28	34	0	28
1	44	C>G	1	15	12	25	0	0
1	45	G>T	1	0	0	0	0	0
1	46	C>A	1	0	0	0	0	21
1	47	A>G	1	31	29	35	0	53
1	48	A>C	1	14	0	0	0	0
1	49	A>G	1	25	32	56	0	38
1	50	A>T	1	0	0	0	0	0
1	51	G>T	1	33	28	55	0	23
1	52	C>T	1	28	20	23	0	0
1	53	A>G	1	0	0	0	0	0
1	54	G>A	1	47	50	51	52	59
1	55	T>A	1	0	0	0	0	0
1	56	G>C	1	0	10	0	0	0
1	57	A>G	1	0	0	21	0	0
1	58	T>A	1	0	0	0	0	0
1	59	A>C	1	28	13	26	0	0
1	60	G>C	1	16	8	28	0	0
1	61	T>G	1	38	16	48	0	51
1	62	G>A	1	19	11	0	36	0
1	63	T>A	1	40	17	29	0	0
1	64	T>A	1	0	0	0	0	0
1	65	A>G	1	0	0	0	0	0
1	66	C>T	1	20	10	31	0	0
1	67	A>C	1	0	0	0	0	16
1	68	T>G	1	32	22	40	0	36
1	69	A>C	1	0	0	0	0	0
1	70	A>G	1	18	10	31	0	0
1	71	G>A	1	0	0	0	0	0
1	72	G>A	1	0	0	0	0	19
1	73	G>C	1	26	0	0	0	0
1	74	G>A	1	0	0	0	0	0
1	75	A>T	1	18	9	0	22	0
1	76	A>T	1	0	0	31	0	0
1	77	A>T	1	36	31	42	0	47
1	78	C>A	1	28	29	54	0	31
1	79	C>G	1	19	24	49	0	42
1	80	G>C	1	0	10	31	0	0
1	81	T>A	1	40	9	24	0	0
1	82	T>A	1	0	0	19	0	0
1	83	C>A	1	0	0	33	0	0
1	84	G>T	1	0	12	41	0	0
1	85	A>T	1	0	0	0	0	0
1	86	C>G	1	0	0	0	0	0
1	87	T>C	1	0	0	0	0	0
1	88	T>C	1	25	25	61	0	39
1	89	G>A	1	26	18	48	0	26
1	90	C>G	1	34	22	44	0	34
1	91	A>C	1	0	0	0	0	0
1	92	C>T	1	0	0	0	0	0
1	93	T>A	1	49	44	40	41	55
1	94	A>C	1	0	0	0	0	0
1	95	A>G	1	48	49	42	48	45
1	96	C>G	1	0	0	26	0	0
1	97	C>A	1	16	0	0	0	0
1	98	G>T	1	10	0	0	0	0
1	99	C>A	1	13	13	27	0	0
1	100	C>T	1	0	0	0	0	0
1	101	T>G	1	30	25	45	0	57
1	102	A>C	1	50	35	47	33	56
1	103	T>C	1	24	14	30	0	0
1	104	A>C	1	30	27	55	0	28
1	105	T>G	1	0	0	0	0	0
1	106	A>T	1	12	0	0	0	0
1	107	G>A	1	32	32	51	0	32
1	108	A>C	1	0	0	38	0	0
1	109	C>A	1	0	14	30	0	0
1	110	A>G	1	19	0	0	0	0
1	111	A>C	1	29	20	50	0	38
1	112	T>C	1	28	18	40	0	20
1	113	A>G	1	43	17	50	0	33
1	114	A>C	1	0	8	26	0	0
1	115	T>A	1	52	43	36	48	50
1	116	T>C	1	0	0	0	0	28
1	117	C>T	1	0	0	0	0	0
1	118	C>T	1	14	14	0	26	0
1	119	C>G	1	0	0	0	0	0
1	120	G>T	1	20	16	33	0	0
1	121	G>A	1	0	0	0	0	23
1	122	C>A	1	31	17	32	0	0
1	123	T>G	1	0	0	0	0	0
1	124	A>C	1	28	13	26	0	0
1	125	C>G	1	0	0	0	0	0
1	126	A>C	1	0	0	0	0	0
1	127	G>C	1	17	0	0	0	0
1	128	C>T	1	30	29	44	0	36
1	129	A>G	1	19	0	0	0	0
1	130	C>A	1	31	17	55	0	42
1	131	C>G	1	0	0	0	0	23
1	132	C>A	1	56	43	47	27	45
1	133	G>T	1	61	45	39	40	58
1	134	A>C	1	0	22	0	0	0
1	135	A>T	1	32	21	44	0	21
1	136	G>C	1	22	13	0	37	0
1	137	C>G	1	15	15	31	0	0
1	138	A>C	1	0	0	32	0	0
1	139	T>C	1	14	7	33	0	0
1	140	C>G	1	0	22	20	0	0
1	141	T>C	1	35	10	29	0	0
1	142	T>A	1	46	25	51	47	42
1	143	T>C	1	30	15	23	0	0
1	144	C>T	1	28	13	28	0	0
1	145	G>C	1	34	22	40	0	0
1	146	G>A	1	53	35	55	32	45
1	147	A>C	1	0	0	0	0	0
1	148	C>A	1	43	29	51	0	33
1	149	A>T	1	0	0	0	0	0
1	150	G>T	1	0	0	0	0	0
1	151	C>A	1	0	0	0	0	0
1	152	C>G	1	32	19	29	0	0
1	153	T>G	1	35	18	41	0	50
1	154	G>C	1	0	0	0	0	0
1	155	G>C	1	0	0	0	0	0
1	156	T>A	1	27	29	54	0	49
1	157	C>T	1	0	0	27	0	0
1	158	T>C	1	15	0	0	0	0
1	159	T>C	1	16	0	0	0	0
1	160	A>G	1	0	21	28	0	0
1	161	A>G	1	0	0	0	0	0
1	162	G>T	1	0	0	0	0	0
1	163	T>A	1	0	0	0	0	0
1	164	G>T	1	22	19	0	37	0
1	165	C>A	1	19	8	27	0	0
1	166	A>T	1	24	15	0	34	0
1	167	C>G	1	27	24	46	0	20
1	168	T>C	1	9	18	0	32	0
1	169	C>A	1	16	12	40	0	0
1	170	T>C	1	28	22	46	0	37
1	171	C>A	1	17	0	0	0	0
1	172	A>T	1	56	49	59	58	59
1	173	G>A	1	13	17	15	0	0
1	174	A>T	1	32	13	21	0	0
1	175	C>G	1	0	14	18	0	0
1	176	G>C	1	11	0	0	0	0
1	177	A>C	1	31	11	20	0	0
1	178	T>G	1	18	13	0	39	0
1	179	G>A	1	0	0	0	0	0
1	180	A>T	1	0	0	0	0	0
1	181	G>T	1	0	15	34	0	0
1	182	G>A	1	0	0	0	0	28
1	183	G>A	1	28	26	43	0	28
1	184	G>T	1	0	0	0	0	0
1	185	G>C	1	0	11	34	0	0
1	186	G>A	1	0	0	0	0	16
1	187	T>A	1	57	34	47	29	58
1	188	A>T	1	21	0	0	0	0
1	189	A>T	1	0	0	0	0	0
1	190	C>A	1	12	0	0	0	0
1	191	G>C	1	0	14	21	0	19
1	192	G>C	1	0	0	0	0	0
1	193	G>C	1	19	17	0	34	0
1	194	T>C	1	0	0	0	0	0
1	195	C>T	1	20	0	0	0	0
1	196	G>C	1	0	0	0	0	0
1	197	G>A	1	61	35	70	38	53
1	198	A>C	1	27	14	21	0	0
1	199	T>G	1	0	0	0	0	0
1	200	C>G	1	44	40	53	34	61
1	201	T>A	1	34	30	62	0	63
1	202	G>T	1	31	22	62	0	46
1	203	C>A	1	13	0	0	0	0
1	204	C>T	1	0	0	0	0	0
1	205	T>C	1	0	0	0	0	0
1	206	A>G	1	12	17	22	0	0
1	207	G>C	1	0	0	30	0	0
1	208	T>C	1	38	32	54	0	57
1	209	A>T	1	25	0	0	0	0
1	210	G>C	1	0	0	0	0	0
1	211	G>C	1	34	24	48	0	30
1	212	A>T	1	0	14	37	0	0
1	213	G>A	1	0	0	0	0	0
1	214	G>A	1	29	27	46	0	52
1	215	T>G	1	33	18	28	0	0
1	216	C>G	1	28	13	33	0	0
1	217	A>T	1	53	48	50	43	52
1	218	G>A	1	15	0	0	0	0
1	219	A>C	1	30	26	51	0	35
1	220	C>G	1	14	19	0	24	0
1	221	G>A	1	53	36	53	35	51
1	222	T>G	1	0	0	0	0	0
1	223	A>T	1	56	53	52	50	42
1	224	A>C	1	0	0	0	0	0
1	225	A>T	1	29	23	44	0	25
1	226	T>G	1	21	0	0	0	0
1	227	C>T	1	17	0	0	0	0
1	228	T>G	1	33	22	50	0	51
1	229	A>C	1	0	0	0	17	0
1	230	G>A	1	0	0	0	0	0
1	231	T>A	1	27	17	61	0	47
1	232	G>T	1	39	13	28	0	0
1	233	G>A	1	0	0	0	0	0
1	234	T>C	1	27	27	50	0	48
1	235	A>C	1	57	32	40	40	44
1	236	T>G	1	0	0	0	0	23
1	237	C>T	1	15	8	0	38	0
1	238	A>T	1	0	0	0	0	0
1	239	T>G	1	0	0	0	0	0
1	240	T>G	1	36	31	46	0	44
1	241	C>T	1	0	0	0	0	26
1	242	T>C	1	12	0	0	0	0
1	243	C>A	1	0	0	0	0	0
1	244	C>T	1	15	0	0	0	0
1	245	A>T	1	0	0	22	0	0
1	246	T>A	1	0	0	34	0	0
1	247	G>C	1	27	16	26	0	0
1	248	C>T	1	0	0	0	0	0
1	249	G>A	1	0	0	0	0	0
1	250	G>T	1	47	54	55	49	45
1	251	A>T	1	33	16	30	0	0
1	252	G>C	1	26	11	26	0	0
1	253	T>G	1	0	0	35	0	0
1	254	C>T	1	0	0	0	0	0
1	255	C>T	1	27	20	22	0	0
1	256	C>G	1	0	0	0	0	0
1	257	T>G	1	0	0	0	0	0
1	258	C>T	1	29	20	64	0	51
1	259	C>A	1	0	5	30	0	0
1	260	C>T	1	0	0	0	0	0
1	261	T>C	1	54	37	46	45	57
1	262	A>T	1	11	0	0	0	0
1	263	A>T	1	0	0	0	0	0
1	264	A>T	1	21	12	0	23	0
1	265	T>G	1	35	19	40	0	46
1	266	T>G	1	0	0	0	0	0
1	267	G>C	1	25	12	0	33	0
1	268	A>C	1	0	0	0	0	0
1	269	G>C	1	0	0	0	0	0
1	270	C>T	1	36	15	51	0	24
1	271	T>C	1	0	0	0	0	22
1	272	G>C	1	0	0	0	0	0
1	273	T>A	1	18	18	0	34	0
1	274	A>C	1	0	0	0	0	24
1	275	C>A	1	0	14	21	0	0
1	276	G>C	1	21	21	0	33	0
1	277	G>A	1	0	0	0	0	0
1	278	G>T	1	0	0	0	0	0
1	279	G>C	1	0	0	0	0	7
1	280	C>A	1	32	15	53	0	55
1	281	C>T	1	31	27	48	0	60
1	282	G>A	1	39	25	48	0	56
1	283	G>T	1	0	0	0	0	0
1	284	A>C	1	0	9	29	0	0
1	285	T>G	1	42	41	58	34	45
1	286	A>G	1	0	0	0	0	0
1	287	T>C	1	43	53	51	32	43
1	288	G>A	1	0	0	0	0	0
1	289	G>C	1	0	0	0	0	0
1	290	A>T	1	13	6	0	42	0
1	291	T>C	1	0	17	33	0	0
1	292	G>T	1	0	0	0	0	26
1	293	T>C	1	12	12	27	0	0
1	294	G>C	1	30	28	50	0	29
1	295	T>A	1	18	12	0	32	0
1	296	T>A	1	35	11	27	0	0
1	297	A>T	1	0	0	17	0	0
1	298	C>T	1	33	14	46	0	22
1	299	C>G	1	51	46	44	31	53
