Chromosome	Position	Change	Gene	sample0	sample1	sample2	sample3	sample4
1	0	C>G	1	0	0	0	0	0
1	1	C>A	1	13	19	0	35	15
1	2	A>G	1	15	54	45	49	47
1	3	A>T	1	0	0	0	0	0
1	4	T>G	1	0	0	8	0	33
1	5	C>G	1	34	0	20	0	0
1	6	G>T	1	0	0	17	0	31
1	7	T>A	1	0	0	0	0	0
1	8	A>G	1	38	0	16	0	0
1	9	G>A	1	16	67	35	43	66
1	10	T>C	1	0	0	0	0	0
1	11	T>C	1	0	0	9	0	34
1	12	T>C	1	0	0	0	0	0
1	13	G>A	1	23	30	21	41	47
1	14	T>A	1	16	9	0	23	16
1	15	T>G	1	0	0	0	0	26
1	16	A>G	1	0	0	0	0	0
1	17	G>C	1	20	43	31	66	42
1	18	G>T	1	0	21	0	0	0
1	19	T>C	1	33	63	51	44	43
1	20	T>A	1	0	0	0	0	0
1	21	C>T	1	21	29	42	51	50
1	22	C>G	1	37	0	12	0	0
1	23	T>G	1	0	0	22	0	33
1	24	G>T	1	0	0	23	0	36
1	25	C>A	1	18	0	21	0	0
1	26	C>T	1	51	43	48	41	54
1	27	G>C	1	0	0	21	0	32
1	28	G>T	1	12	47	32	37	41
1	29	A>T	1	0	0	0	0	0
1	30	T>G	1	19	48	28	42	58
1	31	A>C	1	24	55	42	53	47
1	32	A>T	1	0	0	13	0	30
1	33	G>C	1	0	0	0	0	0
1	34	G>C	1	0	0	0	0	0
1	35	G>C	1	0	0	0	0	0
1	36	G>C	1	17	64	39	58	52
1	37	A>T	1	0	0	17	0	27
1	38	A>C	1	21	33	8	26	20
1	39	T>A	1	14	39	34	58	40
1	40	A>T	1	17	46	32	49	58
1	41	G>T	1	0	0	0	0	0
1	42	C>G	1	0	0	0	0	0
1	43	A>C	1	0	0	0	0	0
1	44	T>G	1	0	0	10	0	18
1	45	T>C	1	18	46	40	59	44
1	46	A>G	1	21	51	31	48	49
1	47	C>G	1	29	0	15	0	0
1	48	G>A	1	14	40	0	21	18
1	49	C>T	1	0	17	0	0	0
1	50	C>G	1	14	14	0	24	17
1	51	C>G	1	31	52	55	45	54
1	52	T>C	1	0	0	0	0	0
1	53	A>G	1	0	0	24	0	40
1	54	T>A	1	14	36	30	34	61
1	55	T>A	1	45	31	51	60	62
1	56	A>C	1	0	0	0	0	0
1	57	C>A	1	27	63	39	53	49
1	58	T>G	1	0	0	0	0	0
1	59	T>G	1	19	38	31	45	49
1	60	G>C	1	0	0	0	0	0
1	61	G>T	1	16	34	37	52	54
1	62	G>C	1	20	38	0	29	32
1	63	G>A	1	43	39	44	57	53
1	64	G>A	1	0	0	16	0	23
1	65	A>T	1	0	26	0	0	0
1	66	G>T	1	16	28	0	39	23
1	67	A>T	1	34	48	51	52	62
1	68	A>T	1	0	0	0	0	0
1	69	T>A	1	15	56	42	50	32
1	70	C>G	1	20	32	0	21	20
1	71	C>G	1	16	61	38	47	67
1	72	C>G	1	14	44	38	49	54
1	73	T>A	1	0	0	0	0	0
1	74	A>G	1	0	0	0	0	0
1	75	T>C	1	19	18	0	30	21
1	76	A>T	1	0	0	0	0	0
1	77	C>G	1	24	38	37	57	51
1	78	T>C	1	15	46	39	58	55
1	79	C>T	1	19	15	0	28	15
1	80	A>G	1	11	11	0	23	28
1	81	C>G	1	29	70	49	46	44
1	82	T>C	1	0	0	0	0	0
1	83	G>C	1	34	42	63	50	59
1	84	C>T	1	0	0	0	0	0
1	85	A>T	1	0	0	12	0	23
1	86	G>A	1	0	0	0	0	0
1	87	G>T	1	0	0	0	0	0
1	88	T>G	1	0	0	0	0	0
1	89	T>C	1	23	39	11	24	18
1	90	A>C	1	27	18	0	41	19
1	91	C>T	1	20	34	39	48	59
1	92	T>C	1	12	49	30	39	59
1	93	T>G	1	14	28	5	19	21
1	94	T>G	1	14	42	33	55	56
1	95	A>C	1	23	58	26	47	41
1	96	T>A	1	0	0	0	0	0
1	97	T>A	1	0	0	0	0	0
1	98	A>T	1	15	47	37	52	43
1	99	A>G	1	0	0	15	0	37
1	100	A>T	1	0	0	0	0	0
1	101	C>A	1	16	33	28	45	34
1	102	A>C	1	0	0	11	0	32
1	103	T>C	1	0	0	0	0	0
1	104	C>A	1	39	0	10	0	0
1	105	A>C	1	0	0	0	0	0
1	106	T>A	1	28	15	0	29	12
1	107	C>G	1	53	45	47	49	69
1	108	G>A	1	27	55	40	46	57
1	109	G>T	1	0	13	0	0	0
1	110	G>A	1	0	0	0	0	0
1	111	T>C	1	17	38	39	47	43
1	112	G>A	1	0	17	0	0	0
1	113	C>A	1	0	0	7	0	30
1	114	C>A	1	0	0	0	0	0
1	115	C>T	1	0	0	19	0	32
1	116	A>T	1	9	47	10	27	18
1	117	G>A	1	11	44	35	52	57
1	118	G>C	1	0	0	0	0	0
1	119	T>G	1	14	41	33	46	51
1	120	T>G	1	0	0	0	0	0
1	121	A>G	1	18	58	29	56	47
1	122	C>A	1	10	33	10	30	22
1	123	C>T	1	17	50	29	45	62
1	124	G>A	1	23	29	14	22	19
1	125	A>T	1	16	48	30	41	62
1	126	C>T	1	20	46	39	49	58
1	127	C>T	1	21	33	9	26	16
1	128	C>A	1	16	13	0	19	19
1	129	A>C	1	52	47	63	67	44
1	130	G>C	1	17	43	38	55	56
1	131	G>T	1	29	55	57	53	41
1	132	C>A	1	10	48	31	39	44
1	133	T>A	1	26	51	34	46	46
1	134	G>A	1	0	0	16	0	32
1	135	T>A	1	12	35	37	62	50
1	136	A>T	1	0	0	13	0	37
1	137	A>T	1	17	34	13	36	15
1	138	T>C	1	0	0	0	0	0
1	139	C>T	1	19	50	37	53	60
1	140	T>A	1	0	0	0	0	0
1	141	C>T	1	0	0	12	0	36
1	142	C>A	1	37	0	12	0	0
1	143	G>T	1	0	0	0	0	0
1	144	C>T	1	0	10	0	0	0
1	145	T>C	1	0	0	0	0	0
1	146	C>T	1	19	39	45	48	58
1	147	C>A	1	23	51	41	53	48
1	148	G>T	1	0	0	0	0	0
1	149	A>T	1	0	0	0	0	0
1	150	C>G	1	0	0	0	0	0
1	151	C>A	1	0	0	0	0	0
1	152	A>C	1	0	0	0	0	0
1	153	A>T	1	16	45	36	60	53
1	154	G>C	1	18	39	24	51	53
1	155	G>C	1	0	0	0	0	0
1	156	T>C	1	0	0	0	0	0
1	157	A>G	1	0	0	0	0	0
1	158	G>T	1	0	0	0	0	0
1	159	T>C	1	0	0	0	0	0
1	160	G>A	1	15	6	0	29	24
1	161	T>C	1	15	52	21	47	47
1	162	A>C	1	0	0	0	0	0
1	163	A>C	1	0	0	0	0	0
1	164	A>T	1	24	30	25	59	46
1	165	A>T	1	0	0	0	0	0
1	166	C>T	1	22	40	37	56	41
1	167	C>G	1	39	47	41	42	39
1	168	T>A	1	18	51	38	53	42
1	169	T>C	1	0	0	0	0	0
1	170	C>G	1	0	0	0	0	0
1	171	T>A	1	0	0	0	0	0
1	172	A>C	1	0	0	0	0	0
1	173	G>C	1	14	43	9	38	20
1	174	C>T	1	13	48	38	39	43
1	175	G>A	1	18	35	38	43	41
1	176	G>A	1	0	0	0	0	0
1	177	C>T	1	18	36	34	54	55
1	178	C>T	1	18	12	37	48	48
1	179	A>G	1	15	44	35	55	55
1	180	C>T	1	0	0	0	0	0
1	181	C>T	1	14	54	34	53	56
1	182	A>C	1	17	29	14	24	23
1	183	C>T	1	0	0	0	0	0
1	184	A>T	1	0	0	0	0	0
1	185	A>T	1	0	16	0	0	0
1	186	A>T	1	12	42	28	55	52
1	187	C>A	1	16	37	36	48	66
1	188	G>A	1	0	0	0	0	0
1	189	A>T	1	0	0	0	0	0
1	190	A>T	1	14	43	39	48	48
1	191	A>G	1	0	0	0	0	0
1	192	G>C	1	0	0	0	0	0
1	193	G>T	1	11	43	36	46	49
1	194	A>T	1	0	0	0	0	0
1	195	C>G	1	18	58	44	54	54
1	196	G>T	1	0	0	0	0	0
1	197	T>C	1	0	0	17	0	24
1	198	A>C	1	14	39	34	52	52
1	199	G>C	1	15	35	48	58	55
1	200	T>C	1	0	0	0	0	0
1	201	G>A	1	15	36	40	43	48
1	202	C>G	1	0	0	0	0	0
1	203	A>C	1	13	11	0	36	21
1	204	A>T	1	16	40	36	35	39
1	205	G>T	1	0	0	0	0	0
1	206	A>G	1	42	46	51	44	73
1	207	G>A	1	16	46	37	43	56
1	208	T>C	1	43	63	53	41	41
1	209	A>T	1	0	0	0	0	0
1	210	T>G	1	0	0	0	0	0
1	211	T>C	1	0	0	14	0	21
1	212	G>C	1	0	0	0	0	0
1	213	C>T	1	0	0	0	0	0
1	214	G>C	1	0	0	0	0	0
1	215	G>A	1	12	14	0	23	22
1	216	G>A	1	44	49	62	61	44
1	217	A>T	1	0	0	0	0	0
1	218	T>A	1	32	43	54	54	55
1	219	A>T	1	50	45	52	49	49
1	220	A>C	1	19	50	33	44	39
1	221	T>C	1	58	56	49	51	41
1	222	A>T	1	0	0	20	0	17
1	223	G>T	1	23	17	0	20	16
1	224	G>C	1	15	38	36	63	54
1	225	G>T	1	0	0	12	0	36
1	226	G>A	1	0	0	17	0	27
1	227	A>T	1	14	0	0	0	0
1	228	A>T	1	35	0	8	0	0
1	229	A>G	1	50	0	10	0	0
1	230	T>A	1	17	17	0	26	13
1	231	A>T	1	0	0	0	0	0
1	232	G>A	1	0	0	0	0	0
1	233	A>T	1	0	0	0	0	0
1	234	T>G	1	0	0	15	0	28
1	235	C>G	1	0	0	0	0	0
1	236	G>C	1	17	58	32	54	46
1	237	T>C	1	20	53	38	64	50
1	238	A>G	1	14	36	11	26	25
1	239	A>C	1	13	51	41	46	46
1	240	C>G	1	0	0	0	0	0
1	241	C>G	1	0	0	0	0	33
1	242	G>T	1	0	0	0	0	0
1	243	A>G	1	15	47	39	47	63
1	244	C>T	1	0	0	0	0	0
1	245	A>T	1	20	55	34	43	55
1	246	G>C	1	25	56	38	41	50
1	247	A>C	1	17	58	30	54	49
1	248	G>C	1	36	59	42	45	46
1	249	G>C	1	8	14	0	19	16
1	250	G>T	1	0	0	11	0	34
1	251	T>G	1	0	0	0	0	0
1	252	C>A	1	16	36	38	48	50
1	253	A>C	1	36	47	49	41	48
1	254	G>T	1	16	13	0	21	16
1	255	G>C	1	0	0	0	0	0
1	256	A>G	1	0	0	14	0	21
1	257	T>A	1	18	30	32	46	36
1	258	T>G	1	16	15	0	31	18
1	259	T>G	1	0	0	0	0	0
1	260	T>G	1	0	0	0	0	0
1	261	A>C	1	56	49	61	51	51
1	262	T>C	1	16	39	39	53	55
1	263	G>A	1	13	11	0	29	24
1	264	A>G	1	23	40	37	47	52
1	265	G>C	1	14	14	0	30	18
1	266	T>C	1	0	0	0	0	0
1	267	C>G	1	0	0	13	0	31
1	268	C>G	1	15	43	36	54	41
1	269	T>A	1	18	34	35	42	50
1	270	T>A	1	14	32	42	60	53
1	271	A>T	1	16	39	34	44	50
1	272	T>G	1	14	38	27	61	54
1	273	C>G	1	0	0	12	0	27
1	274	A>G	1	15	51	38	48	35
1	275	G>C	1	0	0	0	0	0
1	276	A>C	1	11	57	26	59	47
1	277	A>G	1	23	55	31	60	41
1	278	A>T	1	0	0	0	0	0
1	279	T>G	1	0	0	0	0	0
1	280	G>A	1	0	0	0	0	0
1	281	T>G	1	18	51	32	47	41
1	282	A>T	1	16	25	45	49	55
1	283	A>T	1	0	17	0	0	0
1	284	G>C	1	38	0	16	0	0
1	285	C>T	1	0	12	0	0	0
1	286	T>G	1	23	43	43	46	47
1	287	G>C	1	0	0	0	0	0
1	288	C>T	1	0	0	0	0	0
1	289	C>A	1	12	54	32	49	48
1	290	G>T	1	0	0	9	0	30
1	291	A>C	1	0	0	0	0	0
1	292	G>T	1	0	0	0	0	0
1	293	C>G	1	0	0	0	0	0
1	294	T>G	1	0	0	0	0	0
1	295	A>G	1	18	61	45	50	57
1	296	A>T	1	21	30	45	41	64
1	297	C>A	1	13	51	51	70	36
1	298	T>G	1	23	54	29	55	57
1	299	G>C	1	0	0	0	0	0
