Chromosome	Position	Change	Gene	sample0	sample1	sample2	sample3	sample4	sample5	sample6	sample7	sample8	sample9
1	0	A>C	1	60	45	42	50	41	51	52	49	50	60
1	1	T>C	1	51	61	46	55	50	56	49	45	55	37
1	2	C>A	1	6	0	0	0	0	34	0	23	0	0
1	3	G>A	1	15	0	0	27	0	0	0	0	0	0
1	4	T>A	1	13	0	0	0	0	23	0	42	0	0
1	5	A>C	1	14	0	63	22	23	0	0	0	0	18
1	6	G>A	1	0	0	0	0	25	0	0	0	11	0
1	7	T>A	1	55	42	48	42	52	46	51	49	49	43
1	8	C>G	1	44	51	49	55	54	33	51	43	50	65
1	9	C>T	1	9	0	51	15	18	0	0	0	0	25
1	10	C>T	1	16	0	0	0	0	27	0	21	0	0
1	11	T>A	1	10	0	40	12	29	0	0	0	0	13
1	12	T>A	1	18	0	0	0	0	33	0	23	0	0
1	13	G>A	1	11	0	0	0	0	30	0	27	0	0
1	14	C>A	1	11	0	0	18	0	0	0	0	0	0
1	15	T>C	1	13	0	0	0	0	28	0	29	0	0
1	16	C>T	1	21	0	0	0	0	30	0	22	0	0
1	17	G>C	1	10	0	58	17	29	0	0	0	0	21
1	18	G>T	1	13	0	41	13	25	0	0	0	0	22
1	19	C>T	1	21	0	0	0	0	24	0	22	0	0
1	20	C>G	1	24	38	0	23	25	0	28	26	27	25
1	21	A>G	1	13	0	54	12	22	0	0	0	0	20
1	22	A>C	1	0	0	0	0	23	0	0	0	18	0
1	23	G>C	1	10	0	0	25	0	0	0	0	0	0
1	24	T>C	1	9	0	0	0	0	21	0	19	0	0
1	25	C>G	1	29	39	0	16	39	0	18	20	19	28
1	26	G>T	1	0	0	0	0	22	0	0	0	16	0
1	27	G>T	1	19	0	0	0	0	23	0	29	0	0
1	28	T>A	1	11	0	42	7	30	0	0	0	0	28
1	29	C>A	1	8	0	59	21	26	0	0	0	0	20
1	30	G>A	1	10	0	0	0	0	27	0	36	0	0
1	31	T>A	1	11	0	63	13	30	0	0	0	0	25
1	32	C>T	1	16	0	60	10	26	0	0	0	0	19
1	33	T>G	1	6	0	0	0	24	0	23	14	14	28
1	34	T>C	1	12	0	43	11	28	0	0	0	0	26
1	35	A>C	1	0	0	0	0	21	0	0	0	20	0
1	36	G>A	1	14	0	52	9	25	0	0	0	0	22
1	37	A>T	1	12	0	59	12	19	0	0	0	0	24
1	38	G>T	1	25	17	0	16	31	0	23	25	25	25
1	39	G>A	1	0	12	0	24	0	27	29	0	35	0
1	40	C>A	1	12	0	52	21	26	0	0	0	0	21
1	41	G>A	1	12	0	0	0	0	24	0	27	0	0
1	42	A>C	1	24	31	0	19	34	0	18	22	21	22
1	43	C>T	1	15	0	0	0	24	0	19	21	17	29
1	44	C>G	1	11	0	0	0	0	25	0	42	0	0
1	45	G>T	1	27	26	0	27	19	0	25	28	19	22
1	46	G>T	1	30	25	0	22	24	0	23	21	24	34
1	47	A>T	1	21	25	0	15	22	0	12	26	17	32
1	48	C>A	1	0	0	20	9	20	0	0	0	0	24
1	49	T>A	1	17	15	0	11	22	0	12	27	21	27
1	50	C>A	1	14	0	48	12	27	0	0	0	0	27
1	51	T>A	1	13	0	0	0	0	31	0	32	0	0
1	52	A>G	1	43	47	46	52	52	47	39	39	43	37
1	53	G>T	1	15	0	0	0	0	23	0	45	0	0
1	54	G>A	1	15	0	0	0	0	21	0	20	0	0
1	55	C>G	1	12	0	43	11	22	0	0	0	0	21
1	56	G>T	1	21	35	0	21	28	0	28	25	23	24
1	57	G>T	1	0	0	0	0	30	0	0	0	19	0
1	58	A>G	1	26	33	0	17	29	0	28	12	18	31
1	59	G>T	1	13	0	57	19	24	0	0	0	0	28
1	60	C>G	1	32	31	0	17	23	0	14	23	20	31
1	61	A>T	1	0	0	0	0	21	0	0	0	18	0
1	62	A>G	1	12	0	0	0	0	15	0	24	0	0
1	63	G>T	1	26	39	0	19	28	0	22	28	29	25
1	64	G>C	1	15	0	0	0	0	28	0	25	0	0
1	65	T>C	1	11	0	49	11	22	0	0	0	0	30
1	66	A>C	1	49	41	52	50	40	49	57	51	47	48
1	67	A>G	1	17	0	0	0	0	26	0	26	0	0
1	68	C>T	1	12	0	0	0	0	26	0	31	0	0
1	69	A>G	1	25	42	0	19	21	0	19	19	23	30
1	70	C>G	1	30	14	0	22	18	0	31	12	16	26
1	71	T>G	1	24	37	0	13	26	0	23	28	18	20
1	72	G>A	1	22	36	0	26	25	0	42	19	29	37
1	73	A>C	1	18	35	0	10	23	0	15	20	19	29
1	74	G>C	1	17	0	0	0	0	17	0	17	0	0
1	75	A>G	1	26	30	0	17	21	0	26	14	29	31
1	76	A>T	1	13	0	0	13	0	0	0	0	0	0
1	77	G>C	1	15	0	42	12	29	0	0	0	0	24
1	78	C>A	1	19	0	0	0	0	33	0	36	0	0
1	79	A>G	1	12	0	52	17	25	0	0	0	0	16
1	80	T>C	1	10	0	0	0	21	0	22	24	23	26
1	81	G>A	1	31	40	0	18	26	0	20	24	21	33
1	82	C>T	1	12	0	0	0	0	30	0	22	0	0
1	83	A>C	1	12	0	0	0	0	20	0	27	0	0
1	84	G>T	1	26	34	0	17	23	0	20	18	27	30
1	85	T>G	1	9	0	47	11	20	0	0	0	0	20
1	86	C>A	1	0	0	0	0	23	0	0	0	16	0
1	87	G>T	1	17	0	51	21	33	0	0	0	0	26
1	88	A>T	1	8	0	53	18	26	0	0	0	0	15
1	89	G>A	1	12	0	0	0	0	27	0	27	0	0
1	90	T>G	1	31	28	0	15	31	0	22	25	17	45
1	91	G>A	1	22	33	0	16	23	0	20	18	19	21
1	92	G>T	1	20	26	0	22	33	0	20	24	22	24
1	93	A>T	1	13	0	0	0	0	20	0	23	0	0
1	94	C>A	1	21	24	0	17	31	0	26	20	9	43
1	95	C>G	1	12	0	0	10	0	0	0	0	0	0
1	96	G>T	1	15	0	52	11	26	0	0	0	0	21
1	97	G>A	1	7	0	48	10	21	0	0	0	0	18
1	98	C>G	1	16	0	50	12	25	0	0	0	0	21
1	99	A>T	1	6	0	0	0	0	33	0	27	0	0
