Num_mutations: 100
Num_samples: 5
Error_rate: 0.050000

0.000000000000000000e+00 4.184615384615384404e-01 8.537549407114624067e-01 4.558969276511397606e-01 6.240988671472708083e-01
3.039513677811550019e-01 4.581673306772908183e-01 5.697211155378486547e-01 4.379276637341153466e-01 5.879017013232513689e-01
0.000000000000000000e+00 2.587064676616915304e-01 3.043902439024390172e-01 0.000000000000000000e+00 0.000000000000000000e+00
0.000000000000000000e+00 1.926229508196721230e-01 5.782383419689118842e-01 0.000000000000000000e+00 2.891326021934197410e-01
0.000000000000000000e+00 0.000000000000000000e+00 2.650103519668737251e-01 0.000000000000000000e+00 3.132036847492323250e-01
9.728155339805825141e-01 9.443298969072164706e-01 9.747899159663865332e-01 1.038501560874089513e+00 1.008919722497522375e+00
3.392504930966469545e-01 4.708249496981891102e-01 5.784615384615384714e-01 4.346938775510204023e-01 6.673448626653102345e-01
9.980353634577603383e-01 9.829829829829830334e-01 1.023350253807106647e+00 1.068226120857699746e+00 1.025536261491317713e+00
9.662921348314607028e-01 1.058945191313340306e+00 1.024539877300613577e+00 9.538152610441766877e-01 9.729729729729730270e-01
3.317445185891325088e-01 4.511434511434511685e-01 5.096446700507614169e-01 4.834123222748815119e-01 6.362754607177497634e-01
1.022136669874879722e+00 1.027083333333333348e+00 1.028056112224448926e+00 1.012440191387559807e+00 1.016917293233082775e+00
3.141762452107279557e-01 4.366197183098591283e-01 5.564202334630350411e-01 4.708209693372897853e-01 6.189516129032257563e-01
0.000000000000000000e+00 4.624060150375939870e-01 7.876370887337985627e-01 4.710830704521556389e-01 6.177311725452812041e-01
0.000000000000000000e+00 1.583166332665330578e-01 0.000000000000000000e+00 0.000000000000000000e+00 0.000000000000000000e+00
3.146292585170340494e-01 4.788177339901477647e-01 5.414258188824663254e-01 4.380757420675537306e-01 5.814889336016096921e-01
9.804772234273319009e-01 9.639830508474576121e-01 9.851042701092354026e-01 1.041832669322709126e+00 1.011566771819137678e+00
9.685039370078739607e-01 1.012048192771084265e+00 1.025588536335721557e+00 1.023162134944612278e+00 1.010845986984815648e+00
3.461160275319567492e-01 3.897435897435897467e-01 5.447154471544715104e-01 4.292980671414038385e-01 6.040268456375839090e-01
0.000000000000000000e+00 4.587155963302752548e-01 8.507317073170731492e-01 4.328922495274102333e-01 6.095238095238095788e-01
0.000000000000000000e+00 1.749460043196544301e-01 5.623069001029865621e-01 0.000000000000000000e+00 3.031458531935176115e-01
9.405630865484879699e-01 1.039292730844793677e+00 1.052953156822810543e+00 9.795121951219512013e-01 9.124999999999999778e-01
3.481624758220502880e-01 4.792899408284023721e-01 5.304437564499484559e-01 4.637964774951076063e-01 6.011673151750972499e-01
0.000000000000000000e+00 1.404958677685950452e-01 0.000000000000000000e+00 0.000000000000000000e+00 0.000000000000000000e+00
1.015045135406218657e+00 9.959999999999999964e-01 1.059165858389912618e+00 9.936974789915966610e-01 9.713721618953603532e-01
0.000000000000000000e+00 1.753694581280788312e-01 0.000000000000000000e+00 0.000000000000000000e+00 0.000000000000000000e+00
9.860279441117764110e-01 1.034482758620689724e+00 9.819905213270142541e-01 1.012183692596063667e+00 9.382470119521912899e-01
6.673021925643469743e-01 7.712550607287449456e-01 9.914204003813155142e-01 4.567901234567900981e-01 5.900990099009900680e-01
0.000000000000000000e+00 1.883316274309109473e-01 0.000000000000000000e+00 0.000000000000000000e+00 0.000000000000000000e+00
2.657480314960630197e-01 5.120593692022263888e-01 5.470588235294118196e-01 4.473161033797216635e-01 6.594274432379072515e-01
0.000000000000000000e+00 1.557692307692307709e-01 0.000000000000000000e+00 0.000000000000000000e+00 0.000000000000000000e+00
0.000000000000000000e+00 4.024144869215292020e-01 7.983706720977596927e-01 4.288537549407114846e-01 6.161321671525753496e-01
3.336529242569510889e-01 4.717542120911794035e-01 5.349794238683127645e-01 4.486373165618448566e-01 6.382113821138211129e-01
9.889447236180904932e-01 1.030710172744721653e+00 9.870903674280039342e-01 1.025540275049115824e+00 1.021276595744680771e+00
0.000000000000000000e+00 2.571428571428571175e-01 2.337662337662337608e-01 0.000000000000000000e+00 0.000000000000000000e+00
1.007194244604316502e+00 1.009652509652509744e+00 1.028625954198473247e+00 9.575757575757575246e-01 1.014522821576763434e+00
0.000000000000000000e+00 2.177822177822177907e-01 2.601941747572815711e-01 0.000000000000000000e+00 0.000000000000000000e+00
1.062753036437247056e+00 9.872423945044160876e-01 9.902152641878668726e-01 9.665653495440729159e-01 1.035196687370600444e+00
2.658092175777063138e-01 4.685039370078740162e-01 5.697211155378486547e-01 4.598825831702543776e-01 6.025267249757045862e-01
0.000000000000000000e+00 4.360587002096436016e-01 8.553326293558606297e-01 4.340931615460852377e-01 6.127401415571284149e-01
0.000000000000000000e+00 0.000000000000000000e+00 2.485322896281800253e-01 0.000000000000000000e+00 3.030303030303030387e-01
0.000000000000000000e+00 1.939275220372184139e-01 2.879227053140096526e-01 0.000000000000000000e+00 0.000000000000000000e+00
9.429133858267716439e-01 7.104477611940298587e-01 1.017913593256059013e+00 4.480651731160896212e-01 6.577868852459016757e-01
0.000000000000000000e+00 3.886063072227873838e-01 7.878787878787878451e-01 3.664921465968586367e-01 6.353861192570869898e-01
9.747572815533980251e-01 9.910979228486647141e-01 1.003960396039603964e+00 9.958419958419958418e-01 9.790476190476190554e-01
3.173957273652085465e-01 4.382470119521912344e-01 5.403788634097707044e-01 4.294871794871794601e-01 6.140177690029614554e-01
1.045943304007820096e+00 7.492195629552549363e-01 1.021190716448032276e+00 4.282982791586998350e-01 5.971370143149283827e-01
0.000000000000000000e+00 3.915662650602409478e-01 7.893700787401575214e-01 4.573804573804574058e-01 6.312796208530805364e-01
0.000000000000000000e+00 2.079999999999999905e-01 2.436548223350253894e-01 0.000000000000000000e+00 0.000000000000000000e+00
0.000000000000000000e+00 4.095341278439870170e-01 7.794970986460347806e-01 3.922369765066394121e-01 6.361746361746362100e-01
6.693629929221436292e-01 6.647286821705425952e-01 9.485368314833501069e-01 4.527918781725888131e-01 6.403242147922999505e-01
3.640211640211640232e-01 4.265873015873015706e-01 5.725646123260437204e-01 3.975535168195718505e-01 5.751243781094527163e-01
0.000000000000000000e+00 2.419512195121951148e-01 2.492753623188405931e-01 0.000000000000000000e+00 0.000000000000000000e+00
3.369036027263875299e-01 4.435872709739633324e-01 5.353846153846153477e-01 4.533333333333333104e-01 6.305015353121801169e-01
0.000000000000000000e+00 2.124616956077630125e-01 0.000000000000000000e+00 0.000000000000000000e+00 0.000000000000000000e+00
0.000000000000000000e+00 3.694141012909632482e-01 8.605150214592274249e-01 4.487179487179487336e-01 6.144697720515361894e-01
0.000000000000000000e+00 2.509960159362549792e-01 2.413793103448275967e-01 0.000000000000000000e+00 0.000000000000000000e+00
6.937561942517344038e-01 7.108081791626095214e-01 1.004192872117400492e+00 4.189325276938570264e-01 6.335650446871896602e-01
3.385826771653543399e-01 4.371257485029940160e-01 5.766129032258064946e-01 4.340175953079178917e-01 5.819999999999999618e-01
1.024390243902439046e+00 1.001015228426396009e+00 9.308300395256916548e-01 9.960707269155206767e-01 9.856184084372003884e-01
0.000000000000000000e+00 4.016913319238900604e-01 8.149532710280373848e-01 4.476464937560038493e-01 5.983606557377049162e-01
0.000000000000000000e+00 2.880490296220633573e-01 2.723735408560311044e-01 0.000000000000000000e+00 0.000000000000000000e+00
0.000000000000000000e+00 3.947895791583166392e-01 8.579599618684461415e-01 4.129979035639412821e-01 6.206896551724138122e-01
2.740000000000000213e-01 4.364364364364364257e-01 5.086823289070480092e-01 4.414327202323329868e-01 6.262626262626262985e-01
0.000000000000000000e+00 2.111932418162618674e-01 2.697768762677484888e-01 0.000000000000000000e+00 0.000000000000000000e+00
9.904761904761905100e-01 9.179030662710188082e-01 1.038936372269705588e+00 1.041123370110331070e+00 1.033203125000000000e+00
3.323558162267839511e-01 4.466800804828973681e-01 5.473887814313346256e-01 4.656188605108054768e-01 6.243496357960457432e-01
0.000000000000000000e+00 3.774358974358974494e-01 8.196392785571142703e-01 4.257028112449799395e-01 6.170854271356783771e-01
9.950149551345962573e-01 9.646569646569647105e-01 1.053497942386831365e+00 1.020211742059672799e+00 9.905163329820864115e-01
9.897119341563785921e-01 9.960159362549800832e-01 1.028971028971028989e+00 1.038341968911917101e+00 9.680741503604531895e-01
3.147605083088954037e-01 0.000000000000000000e+00 0.000000000000000000e+00 0.000000000000000000e+00 0.000000000000000000e+00
3.097773475314617442e-01 4.857142857142857095e-01 5.744016649323621104e-01 4.609375000000000000e-01 5.677799607072691046e-01
1.033073929961089599e+00 6.979472140762463805e-01 1.016736401673640211e+00 4.704797047970479817e-01 6.054852320675105926e-01
0.000000000000000000e+00 2.142142142142142158e-01 2.468415937803692950e-01 0.000000000000000000e+00 0.000000000000000000e+00
0.000000000000000000e+00 1.370407149950347570e-01 0.000000000000000000e+00 0.000000000000000000e+00 0.000000000000000000e+00
3.053140096618357502e-01 4.394966118102613950e-01 5.397148676171079629e-01 4.597014925373134053e-01 6.028985507246377162e-01
3.389830508474576121e-01 5.080264400377715317e-01 5.669902912621359592e-01 4.556962025316455556e-01 6.343975283213182381e-01
3.502487562189054993e-01 4.407766990291261955e-01 5.098039215686274161e-01 4.708249496981891102e-01 5.990049751243781140e-01
3.432073544433095202e-01 0.000000000000000000e+00 0.000000000000000000e+00 0.000000000000000000e+00 0.000000000000000000e+00
1.051881993896236045e+00 1.054545454545454453e+00 1.019305019305019266e+00 9.735849056603773644e-01 9.888059701492537545e-01
0.000000000000000000e+00 2.512873326467559010e-01 2.628571428571428448e-01 0.000000000000000000e+00 0.000000000000000000e+00
0.000000000000000000e+00 2.730923694779116562e-01 2.622601279317697265e-01 0.000000000000000000e+00 0.000000000000000000e+00
0.000000000000000000e+00 0.000000000000000000e+00 2.732342007434944153e-01 0.000000000000000000e+00 2.859941234084231176e-01
0.000000000000000000e+00 1.904761904761904656e-01 5.950413223140496033e-01 0.000000000000000000e+00 3.595505617977527990e-01
0.000000000000000000e+00 2.786561264822134398e-01 3.037716615698267120e-01 0.000000000000000000e+00 0.000000000000000000e+00
0.000000000000000000e+00 1.746987951807228989e-01 0.000000000000000000e+00 0.000000000000000000e+00 0.000000000000000000e+00
9.912023460410557263e-01 1.047619047619047672e+00 9.787234042553191182e-01 1.000987166831194486e+00 9.815837937384899181e-01
1.050328227571115880e+00 9.479999999999999538e-01 9.484327603640040349e-01 9.432048681541581603e-01 9.677419354838709964e-01
9.569471624266144838e-01 9.906735751295336900e-01 1.005035246727089548e+00 1.024340770791074995e+00 1.054441260744985565e+00
0.000000000000000000e+00 1.766437684003925312e-01 0.000000000000000000e+00 0.000000000000000000e+00 0.000000000000000000e+00
0.000000000000000000e+00 0.000000000000000000e+00 2.690405539070227503e-01 0.000000000000000000e+00 3.231527093596059386e-01
1.051506316812439223e+00 9.713721618953603532e-01 1.036072144288577190e+00 1.012195121951219523e+00 1.021233569261880580e+00
1.003853564547206201e+00 9.858299595141700733e-01 1.026584867075664542e+00 1.002049180327868827e+00 9.571020019065776818e-01
1.021956087824351211e+00 1.006993006993007089e+00 9.877300613496932113e-01 9.407191448007774515e-01 9.686609686609686243e-01
3.509127789046653234e-01 4.599236641221374211e-01 5.181451612903226200e-01 4.124124124124123880e-01 6.510204081632653406e-01
3.152610441767068061e-01 4.503311258278145934e-01 5.515873015873016261e-01 4.994923857868020511e-01 5.909090909090909394e-01
1.014925373134328401e+00 1.043824701195219085e+00 1.027368421052631486e+00 1.026515151515151603e+00 1.014662756598240456e+00
0.000000000000000000e+00 4.173228346456692717e-01 8.061855670103093008e-01 4.311377245508982159e-01 6.013847675568744222e-01
1.046953046953047028e+00 1.024295432458697697e+00 1.035294117647058920e+00 9.718309859154929953e-01 9.937238493723848931e-01
0.000000000000000000e+00 4.121827411167512945e-01 7.568134171907756613e-01 4.807492195629552434e-01 6.338028169014084945e-01
3.638132295719844200e-01 4.307078763708873104e-01 5.723076923076922951e-01 4.703557312252964473e-01 5.903846153846153966e-01
