#chr	normal	sample0	sample1	sample2	sample3	sample4
0	0	0.0	0.0824742268041	0.152173913043	0.222222222222	0.255555555556
1	0	0.0	0.0	0.0	0.0	0.125
2	0	0.0	0.114942528736	0.447619047619	0.158333333333	0.275510204082
3	0	0.0	0.0	0.0	0.0	0.0
4	0	0.0	0.0	0.0	0.0	0.136842105263
5	0	0.0	0.093023255814	0.113043478261	0.166666666667	0.280898876404
6	0	0.0	0.0	0.0	0.10989010989	0.201834862385
7	0	0.0	0.102040816327	0.205607476636	0.102040816327	0.144329896907
8	0	0.0	0.0	0.0	0.0	0.0
9	0	0.0	0.151515151515	0.172413793103	0.0978260869565	0.179245283019
10	0	0.0	0.0	0.0	0.0	0.186813186813
11	0	0.0	0.0	0.0	0.166666666667	0.228571428571
12	0	0.0	0.0679611650485	0.047619047619	0.131868131868	0.209523809524
13	0	0.0	0.0	0.0	0.0	0.160377358491
14	0	0.0	0.0	0.0	0.0	0.0
15	0	0.0	0.123711340206	0.330097087379	0.165217391304	0.219047619048
16	0	0.0	0.0747663551402	0.359550561798	0.106382978723	0.243243243243
17	0	0.0	0.0	0.0	0.220183486239	0.257142857143
18	0	0.0	0.0851063829787	0.136842105263	0.123287671233	0.171717171717
19	0	0.0	0.09375	0.217391304348	0.12380952381	0.14953271028
20	0	0.0	0.0	0.0	0.0	0.0
21	0	0.0	0.134831460674	0.257425742574	0.15306122449	0.21978021978
22	0	0.0	0.0	0.0	0.0	0.229508196721
23	0	0.0	0.0588235294118	0.305882352941	0.0952380952381	0.271739130435
24	0	0.358974358974	0.282828282828	0.0882352941176	0.25	0.141592920354
25	0	0.0	0.063829787234	0.429906542056	0.128712871287	0.254545454545
26	0	0.0	0.0	0.0	0.0	0.0
27	0	0.0	0.0740740740741	0.188888888889	0.165048543689	0.202247191011
28	0	0.515151515152	0.484848484848	0.506493506494	0.46	0.528925619835
29	0	0.410526315789	0.646464646465	0.40625	0.504587155963	0.550561797753
30	0	0.0	0.0	0.0666666666667	0.0	0.152380952381
31	0	0.546391752577	0.420560747664	0.477064220183	0.536842105263	0.47191011236
32	0	0.0	0.0	0.0	0.0	0.0
33	0	0.414893617021	0.230769230769	0.113402061856	0.174418604651	0.0769230769231
34	0	0.0	0.0	0.0	0.0	0.0
35	0	0.0	0.0833333333333	0.0	0.107142857143	0.278846153846
36	0	0.0	0.0	0.0	0.0	0.0
37	0	0.0	0.0	0.0	0.0	0.0
38	0	0.0	0.0520833333333	0.131313131313	0.0927835051546	0.221052631579
39	0	0.0	0.0	0.0	0.0	0.0
40	0	0.481481481481	0.537037037037	0.445544554455	0.417391304348	0.508474576271
41	0	0.0	0.0	0.0	0.0	0.0
42	0	0.25	0.0849056603774	0.0714285714286	0.178571428571	0.145833333333
43	0	0.317073170732	0.27619047619	0.0918367346939	0.211764705882	0.132075471698
44	0	0.0	0.0	0.0	0.0	0.0
45	0	0.0	0.179245283019	0.313953488372	0.219047619048	0.25
46	0	0.0	0.0	0.0	0.0	0.0
47	0	0.175257731959	0.144329896907	0.0	0.0	0.0
48	0	0.0	0.0526315789474	0.165048543689	0.20202020202	0.228260869565
49	0	0.0	0.05	0.153846153846	0.107843137255	0.252336448598
50	0	0.0	0.0	0.0	0.0	0.0
51	0	0.333333333333	0.0934579439252	0.122641509434	0.197802197802	0.140350877193
52	0	0.0	0.18	0.340425531915	0.13	0.171428571429
53	0	0.0	0.0	0.0	0.0	0.0
54	0	0.0	0.0	0.0	0.0	0.108910891089
55	0	0.0	0.0943396226415	0.111111111111	0.111111111111	0.137254901961
56	0	0.0	0.0	0.0	0.158878504673	0.226804123711
57	0	0.0	0.0560747663551	0.147826086957	0.0697674418605	0.163461538462
58	0	0.0	0.0	0.0	0.0	0.0
59	0	0.0	0.0	0.0	0.0	0.0
60	0	0.0	0.0804597701149	0.109375	0.0967741935484	0.227722772277
61	0	0.0	0.0	0.0	0.0	0.0
62	0	0.0	0.0947368421053	0.369863013699	0.166666666667	0.210526315789
63	0	0.0	0.0	0.0	0.0	0.186274509804
64	0	0.0	0.0	0.0	0.0	0.0
65	0	0.0	0.0	0.0	0.0	0.0
66	0	0.0	0.0510204081633	0.155555555556	0.123595505618	0.175925925926
67	0	0.0	0.0	0.152380952381	0.0	0.0
68	0	0.0	0.0818181818182	0.288659793814	0.145454545455	0.303571428571
69	0	0.0	0.0	0.0	0.0	0.0
70	0	0.0	0.135416666667	0.159090909091	0.127659574468	0.227272727273
71	0	0.0	0.0	0.0	0.0	0.0
72	0	0.0	0.0	0.0	0.0	0.0
73	0	0.0	0.0	0.0	0.0	0.0
74	0	0.0	0.0	0.0	0.0	0.0
75	0	0.0	0.158878504673	0.0	0.181818181818	0.135416666667
76	0	0.0	0.0	0.0	0.0	0.0
77	0	0.0	0.128712871287	0.426966292135	0.118279569892	0.234042553191
78	0	0.0	0.0	0.163461538462	0.0	0.0
79	0	0.0	0.0	0.0	0.0	0.0
80	0	0.0	0.0	0.0	0.0	0.0
81	0	0.0	0.0	0.0	0.0	0.125
82	0	0.0	0.0	0.0	0.0	0.152941176471
83	0	0.0	0.0	0.0	0.0	0.0
84	0	0.0	0.0786516853933	0.31914893617	0.0760869565217	0.179245283019
85	0	0.0	0.102564102564	0.209523809524	0.152542372881	0.244897959184
86	0	0.0	0.0760869565217	0.168316831683	0.228571428571	0.165048543689
87	0	0.0	0.0	0.0	0.100917431193	0.218390804598
88	0	0.259259259259	0.175438596491	0.047619047619	0.202380952381	0.128712871287
89	0	0.0	0.0	0.0	0.0	0.0
90	0	0.0	0.0641025641026	0.278481012658	0.141592920354	0.198113207547
91	0	0.0	0.0581395348837	0.172043010753	0.142857142857	0.25
92	0	0.0	0.0	0.120481927711	0.0	0.0
93	0	0.0	0.11	0.222222222222	0.136842105263	0.181034482759
94	0	0.0	0.0	0.0	0.0	0.0
95	0	0.196261682243	0.118811881188	0.116666666667	0.170454545455	0.152173913043
96	0	0.0	0.0	0.0	0.0	0.0
97	0	0.0	0.0	0.0	0.0	0.18085106383
98	0	0.0	0.0	0.0	0.0	0.119266055046
99	0	0.0	0.0	0.0	0.0	0.151260504202
100	0	0.0	0.0	0.0	0.0	0.0
101	0	0.0	0.09375	0.0	0.125	0.256637168142
102	0	0.0	0.155339805825	0.177570093458	0.153846153846	0.188679245283
103	0	0.0	0.0	0.153846153846	0.0	0.0
104	0	0.0	0.108695652174	0.468085106383	0.22	0.188888888889
105	0	0.514018691589	0.56	0.487804878049	0.480769230769	0.521739130435
106	0	0.0	0.0	0.0	0.0	0.0
107	0	0.0	0.0707070707071	0.373831775701	0.100840336134	0.175257731959
108	0	0.0	0.0	0.0	0.102272727273	0.0
109	0	0.0	0.0	0.0	0.113636363636	0.25
110	0	0.0	0.0	0.0	0.0	0.0
111	0	0.0	0.136842105263	0.27619047619	0.223529411765	0.270588235294
112	0	0.0	0.0	0.0	0.0	0.152173913043
113	0	0.0	0.0	0.0	0.0	0.132530120482
114	0	0.0	0.117021276596	0.33	0.104166666667	0.285714285714
115	0	0.152173913043	0.0471698113208	0.0	0.0	0.0
116	0	0.0	0.0	0.0	0.0	0.0
117	0	0.0	0.0	0.0	0.0	0.0
118	0	0.0	0.0	0.0	0.0	0.109243697479
119	0	0.431818181818	0.491525423729	0.513513513514	0.520833333333	0.458333333333
120	0	0.0	0.0	0.0	0.0	0.0
121	0	0.0	0.0752688172043	0.0891089108911	0.164835164835	0.216216216216
122	0	0.0	0.0957446808511	0.4	0.192660550459	0.163265306122
123	0	0.0	0.0	0.0	0.0	0.0
124	0	0.0	0.0	0.0	0.0	0.130841121495
125	0	0.0	0.0	0.0	0.0	0.206896551724
126	0	0.0	0.0	0.0	0.0	0.0
127	0	0.0	0.0	0.0	0.0	0.0
128	0	0.0	0.131313131313	0.178217821782	0.128712871287	0.253164556962
129	0	0.0	0.0	0.0	0.0	0.0
130	0	0.0	0.0	0.0	0.0	0.134146341463
131	0	0.0	0.0	0.0659340659341	0.0	0.144444444444
132	0	0.0	0.0666666666667	0.173469387755	0.177419354839	0.172413793103
133	0	0.0	0.121212121212	0.16814159292	0.168224299065	0.326315789474
134	0	0.0	0.0	0.0	0.0	0.133928571429
135	0	0.0	0.0	0.0	0.0	0.0
136	0	0.0	0.0	0.0	0.0	0.0
137	0	0.0	0.0	0.0	0.0	0.0
138	0	0.0	0.0	0.0	0.0	0.182795698925
139	0	0.0	0.0	0.0	0.0	0.0
140	0	0.0	0.101851851852	0.0957446808511	0.136363636364	0.179775280899
141	0	0.0	0.0	0.0	0.138888888889	0.2
142	0	0.0	0.142857142857	0.266055045872	0.117021276596	0.179775280899
143	0	0.0	0.0	0.0	0.0	0.0
144	0	0.0	0.0	0.0	0.0	0.0
145	0	0.398058252427	0.265957446809	0.0909090909091	0.237113402062	0.14953271028
146	0	0.0	0.0721649484536	0.0	0.155339805825	0.148148148148
147	0	0.0	0.0	0.0	0.0	0.0
148	0	0.0	0.0	0.0	0.0	0.0
149	0	0.0	0.112244897959	0.285714285714	0.142857142857	0.236363636364
150	0	0.0	0.101694915254	0.299065420561	0.180722891566	0.22
151	0	0.0	0.093023255814	0.25	0.117021276596	0.189473684211
152	0	0.0	0.0	0.0	0.0	0.0
153	0	0.0	0.0	0.0	0.0674157303371	0.0
154	0	0.0	0.0	0.0	0.0	0.0
155	0	0.0	0.0891089108911	0.120879120879	0.214285714286	0.230769230769
156	0	0.0	0.0	0.0	0.113402061856	0.0
157	0	0.0	0.0721649484536	0.292682926829	0.237113402062	0.242424242424
158	0	0.0	0.0782608695652	0.323232323232	0.155963302752	0.367924528302
159	0	0.0	0.0840336134454	0.260416666667	0.15	0.170454545455
160	0	0.0	0.0	0.0	0.0	0.185567010309
161	0	0.0	0.0	0.0	0.0	0.141176470588
162	0	0.0	0.126050420168	0.281553398058	0.142857142857	0.272727272727
163	0	0.0	0.0	0.0	0.0	0.0
164	0	0.0	0.0980392156863	0.228571428571	0.0987654320988	0.182692307692
165	0	0.0	0.0	0.0	0.0	0.0
166	0	0.0	0.0	0.0	0.0	0.0
167	0	0.258426966292	0.126315789474	0.0467289719626	0.0666666666667	0.165413533835
168	0	0.0	0.113636363636	0.0970873786408	0.121212121212	0.175438596491
169	0	0.0	0.0	0.0	0.1875	0.227272727273
170	0	0.421052631579	0.152173913043	0.10989010989	0.153846153846	0.0792079207921
171	0	0.0	0.0	0.0	0.196261682243	0.194444444444
172	0	0.0	0.0927835051546	0.161016949153	0.17094017094	0.227848101266
173	0	0.0	0.0	0.0	0.0	0.12389380531
174	0	0.0	0.0	0.0	0.0	0.155555555556
175	0	0.0	0.0	0.0	0.0	0.0
176	0	0.0	0.0	0.0	0.0	0.0
177	0	0.0	0.0	0.0	0.0	0.0
178	0	0.0	0.0	0.0	0.0	0.0
179	0	0.0	0.144329896907	0.0	0.179245283019	0.25
180	0	0.0	0.0	0.0	0.0	0.0
181	0	0.0	0.0	0.0	0.0	0.166666666667
182	0	0.505263157895	0.604651162791	0.494845360825	0.457142857143	0.429906542056
183	0	0.0	0.0990099009901	0.134615384615	0.161616161616	0.231578947368
184	0	0.0	0.0	0.0	0.0	0.0
185	0	0.5	0.472222222222	0.53	0.444444444444	0.537634408602
186	0	0.0	0.0	0.0	0.0	0.0
187	0	0.0	0.0	0.0	0.0	0.0
188	0	0.0	0.133333333333	0.213333333333	0.142857142857	0.29
189	0	0.0	0.0	0.0	0.0	0.0
190	0	0.0	0.0761904761905	0.240384615385	0.142857142857	0.170212765957
191	0	0.0	0.0840336134454	0.0869565217391	0.121495327103	0.292134831461
192	0	0.0	0.0	0.0	0.0	0.0
193	0	0.0	0.0842105263158	0.0672268907563	0.135802469136	0.289156626506
194	0	0.0	0.0813008130081	0.315789473684	0.14953271028	0.24347826087
195	0	0.0	0.0	0.0	0.0	0.0
196	0	0.0	0.0	0.0	0.0	0.0
197	0	0.0	0.0	0.0	0.0	0.0
198	0	0.495495495495	0.481132075472	0.484848484848	0.448275862069	0.476635514019
199	0	0.0	0.0	0.0	0.0	0.0
200	0	0.590909090909	0.611650485437	0.626373626374	0.52808988764	0.465346534653
201	0	0.0	0.0	0.0	0.0	0.0
202	0	0.0	0.0657894736842	0.308333333333	0.179245283019	0.25
203	0	0.0	0.12380952381	0.16	0.150537634409	0.139784946237
204	0	0.371134020619	0.21359223301	0.164835164835	0.22641509434	0.138613861386
205	0	0.0	0.0	0.0	0.0	0.102272727273
206	0	0.0	0.0	0.0	0.0	0.0
207	0	0.0	0.0481927710843	0.183486238532	0.138888888889	0.269230769231
208	0	0.0	0.0	0.0	0.0	0.177570093458
209	0	0.0	0.106796116505	0.195652173913	0.182692307692	0.204545454545
210	0	0.483516483516	0.556701030928	0.521276595745	0.414414414414	0.480769230769
211	0	0.0	0.0	0.0	0.0	0.172043010753
212	0	0.0	0.078431372549	0.362204724409	0.2	0.272727272727
213	0	0.0	0.0	0.0	0.0	0.0
214	0	0.0	0.0	0.0	0.0	0.0
215	0	0.0	0.0	0.0	0.0	0.0
216	0	0.446808510638	0.311111111111	0.130434782609	0.255102040816	0.122641509434
217	0	0.0	0.0	0.0	0.0	0.0
218	0	0.0	0.0	0.0	0.0	0.0
219	0	0.262626262626	0.163461538462	0.0480769230769	0.0952380952381	0.123711340206
220	0	0.0	0.0	0.0	0.0	0.0
221	0	0.0	0.0808080808081	0.317307692308	0.127118644068	0.19387755102
222	0	0.0	0.166666666667	0.178217821782	0.117647058824	0.157894736842
223	0	0.264150943396	0.0666666666667	0.0941176470588	0.287356321839	0.113402061856
224	0	0.0	0.0	0.0	0.166666666667	0.238095238095
225	0	0.0	0.0	0.0	0.0	0.0
226	0	0.0	0.0	0.0	0.0	0.0
227	0	0.0	0.0869565217391	0.0	0.142857142857	0.1875
228	0	0.0	0.0	0.0	0.0	0.0970873786408
229	0	0.0	0.0740740740741	0.324074074074	0.160377358491	0.230769230769
230	0	0.0	0.0	0.0	0.0	0.0
231	0	0.0	0.0	0.0	0.0	0.0
232	0	0.0	0.10752688172	0.401869158879	0.189473684211	0.18691588785
233	0	0.0	0.0	0.0	0.0	0.0
234	0	0.0	0.0	0.0	0.0	0.0
235	0	0.0	0.0	0.09375	0.0	0.136842105263
236	0	0.0	0.0	0.0	0.0	0.0
237	0	0.0	0.0	0.0	0.0963855421687	0.0
238	0	0.426966292135	0.257142857143	0.0593220338983	0.19587628866	0.110091743119
239	0	0.0	0.0	0.0	0.0	0.0
240	0	0.0	0.0	0.0	0.0	0.0
241	0	0.0	0.0	0.0	0.0	0.0
242	0	0.0	0.0	0.0	0.0	0.0
243	0	0.444444444444	0.625	0.439024390244	0.421568627451	0.436170212766
244	0	0.0	0.0782608695652	0.288288288288	0.202247191011	0.133333333333
245	0	0.0	0.0	0.0	0.0	0.15
246	0	0.0	0.14	0.396825396825	0.17	0.326315789474
247	0	0.0	0.0	0.0	0.0	0.0
248	0	0.0	0.0816326530612	0.305882352941	0.192660550459	0.27027027027
249	0	0.0	0.0	0.0	0.0	0.0
250	0	0.533333333333	0.570093457944	0.544554455446	0.46875	0.559633027523
251	0	0.0	0.0	0.0	0.0	0.0
252	0	0.0	0.0	0.125	0.0	0.0
253	0	0.0	0.0	0.0	0.0	0.0
254	0	0.0	0.0	0.0	0.0	0.0
255	0	0.0	0.0	0.0	0.0	0.0
256	0	0.0	0.0	0.0	0.0	0.0
257	0	0.0	0.0	0.0	0.0	0.0
258	0	0.0	0.0	0.0	0.0	0.113636363636
259	0	0.0	0.0	0.0	0.0	0.0
260	0	0.0	0.0666666666667	0.291262135922	0.15	0.18085106383
261	0	0.0	0.0	0.0	0.0	0.0
262	0	0.284403669725	0.289719626168	0.0927835051546	0.292452830189	0.16814159292
263	0	0.0	0.137254901961	0.142857142857	0.135416666667	0.223300970874
264	0	0.0	0.0	0.0	0.0	0.0
265	0	0.0	0.150943396226	0.270588235294	0.176470588235	0.246913580247
266	0	0.0	0.0	0.0	0.0	0.0
267	0	0.0	0.0	0.0	0.0	0.0
268	0	0.0	0.0	0.0	0.0	0.0
269	0	0.350649350649	0.36	0.0853658536585	0.217821782178	0.148148148148
270	0	0.0	0.0	0.0	0.0	0.0
271	0	0.0	0.0	0.0	0.0	0.0
272	0	0.0	0.127906976744	0.29347826087	0.196261682243	0.211538461538
273	0	0.0	0.0	0.0	0.0	0.0
274	0	0.0	0.0	0.0	0.0	0.0
275	0	0.0	0.151162790698	0.207920792079	0.115384615385	0.212121212121
276	0	0.0	0.0	0.0	0.0	0.0
277	0	0.0	0.0	0.0	0.0	0.0
278	0	0.127659574468	0.126213592233	0.0	0.0	0.0
279	0	0.0	0.0	0.0	0.173076923077	0.0
280	0	0.0	0.0	0.0	0.0	0.166666666667
281	0	0.0	0.12	0.376470588235	0.197802197802	0.274725274725
282	0	0.0	0.0	0.0	0.0	0.0
283	0	0.0	0.0	0.0	0.2	0.19512195122
284	0	0.0	0.0537634408602	0.425	0.186046511628	0.231578947368
285	0	0.495495495495	0.268518518519	0.140350877193	0.18691588785	0.107843137255
286	0	0.0	0.0	0.0	0.0	0.242424242424
287	0	0.0	0.0927835051546	0.321100917431	0.205607476636	0.144444444444
288	0	0.0	0.0	0.0	0.0	0.0
289	0	0.0	0.107843137255	0.340206185567	0.141414141414	0.133333333333
290	0	0.0	0.0	0.0	0.0	0.0
291	0	0.424528301887	0.220183486239	0.112068965517	0.224299065421	0.161016949153
292	0	0.0	0.0	0.0	0.0	0.0
293	0	0.0	0.0	0.0	0.0	0.0
294	0	0.0	0.0588235294118	0.177777777778	0.160714285714	0.166666666667
295	0	0.0	0.0612244897959	0.166666666667	0.190476190476	0.28431372549
296	0	0.0	0.0	0.0	0.111111111111	0.197916666667
297	0	0.0	0.0574712643678	0.326923076923	0.173333333333	0.252747252747
298	0	0.0	0.0	0.0	0.0	0.0
299	0	0.0	0.134831460674	0.136752136752	0.205128205128	0.170212765957
