#chr	normal	sample0	sample1	sample2	sample3	sample4	sample5	sample6	sample7	sample8	sample9	sample10	sample11	sample12	sample13	sample14
0	0	0.0867106503299	0.0	0.0	0.0	0.143724696356	0.0	0.107350096712	0.0	0.0	0.157505285412	0.106167846309	0.101101101101	0.0946083418108	0.114035087719	0.0
1	0	0.0	0.0	0.0	0.0	0.0	0.0	0.0	0.0	0.0	0.0	0.0	0.125364431487	0.0	0.0	0.108108108108
2	0	0.0	0.174573055028	0.0	0.0	0.0	0.0	0.132760267431	0.17738791423	0.181550539745	0.0	0.0	0.132867132867	0.126659856997	0.0	0.0
3	0	0.147001934236	0.0	0.1513671875	0.0	0.222108495394	0.0	0.0	0.0	0.0	0.0	0.15611814346	0.147995889003	0.148571428571	0.0	0.117098445596
4	0	0.0	0.0	0.0	0.0	0.0	0.0	0.0	0.0	0.0	0.0	0.0	0.120654396728	0.0	0.0	0.100712105799
5	0	0.251198465964	0.216216216216	0.341836734694	0.303092783505	0.135509396637	0.282752120641	0.25	0.207216494845	0.0	0.175318315377	0.0955165692008	0.0777666999003	0.100926879506	0.49012229539	0.160839160839
6	0	0.156342182891	0.0	0.175648702595	0.0	0.205257836198	0.0	0.0	0.0	0.0	0.0	0.138150903294	0.175953079179	0.159309021113	0.0	0.13631840796
7	0	0.0	0.0	0.0	0.0	0.0	0.11398467433	0.0	0.0	0.0	0.0	0.118408880666	0.0	0.0	0.0	0.108808290155
8	0	0.2895256917	0.109183673469	0.324974924774	0.250524109015	0.375858684985	0.0714285714286	0.0962343096234	0.114141414141	0.315942028986	0.370656370656	0.280155642023	0.263473053892	0.288775510204	0.0	0.242071881607
9	0	0.156402737048	0.0	0.161594963274	0.222762645914	0.37923946557	0.0	0.0	0.0	0.169560776302	0.190621814475	0.290068829892	0.156456173421	0.276637341153	0.0	0.133064516129
10	0	0.0	0.0	0.0	0.0	0.0	0.0	0.0	0.0	0.0	0.0	0.0	0.128486055777	0.0	0.0	0.109022556391
11	0	0.0	0.0	0.0	0.0	0.0	0.124634858812	0.0	0.0	0.0	0.0	0.138144329897	0.0	0.0	0.0	0.100382409178
12	0	0.10303030303	0.0	0.0	0.0	0.117831074035	0.0	0.105314009662	0.0	0.0	0.15712900097	0.0932286555447	0.0995975855131	0.0882638215325	0.109518935517	0.0
13	0	0.0723888314374	0.123092573754	0.0	0.0	0.0	0.0903165735568	0.0965517241379	0.124505928854	0.124031007752	0.161041465767	0.0	0.0	0.0	0.0	0.0
14	0	0.171091445428	0.0	0.180497925311	0.0	0.204343534057	0.0	0.0	0.0	0.0	0.0	0.139418254764	0.147605083089	0.147347740668	0.0	0.12215320911
15	0	0.0863723608445	0.0	0.0	0.0	0.125766871166	0.0	0.105675146771	0.0	0.0	0.162324649299	0.100574712644	0.0888223552894	0.113381001021	0.118290258449	0.0
16	0	0.0952380952381	0.0	0.0	0.0	0.134865134865	0.0	0.0861195542047	0.0	0.0	0.147335423197	0.105620155039	0.0986358866737	0.0901328273245	0.124876114965	0.0
17	0	0.256730769231	0.201550387597	0.338204592902	0.311087190527	0.14573346117	0.287601626016	0.260683760684	0.216931216931	0.0	0.141382868937	0.0803662258393	0.0920666013712	0.0843964671246	0.52390438247	0.131034482759
18	0	0.115601503759	0.0	0.0	0.0	0.131131131131	0.0	0.122967479675	0.0	0.0	0.160469667319	0.0960614793468	0.10303030303	0.109422492401	0.126546146527	0.0
19	0	0.0	0.0	0.0	0.0	0.0	0.106747230614	0.0	0.0	0.0	0.0	0.12676056338	0.0	0.0	0.0	0.103448275862
20	0	0.0	0.0	0.0	0.0	0.0	0.0	0.0	0.0	0.0	0.0	0.0	0.125773195876	0.0	0.0	0.123046875
21	0	0.0	0.0	0.0	0.0	0.0	0.0	0.0	0.0	0.0	0.0	0.0	0.114720812183	0.0	0.0	0.117821782178
22	0	0.168367346939	0.0	0.2039408867	0.0	0.210137275607	0.0	0.0	0.0	0.0	0.0	0.172310756972	0.158607350097	0.173404255319	0.0	0.145307769929
23	0	0.263527054108	0.205047318612	0.353121801433	0.284169124877	0.132743362832	0.294527363184	0.274547187798	0.193614830072	0.0	0.174668028601	0.10379241517	0.0912778904665	0.0952380952381	0.489043824701	0.14121037464
24	0	0.111992071358	0.123732251521	0.0	0.0	0.0	0.10202020202	0.10119047619	0.111461619348	0.115789473684	0.163561076605	0.0	0.0	0.0	0.0	0.0
25	0	0.0753221010902	0.0	0.0	0.0	0.135384615385	0.0	0.108559498956	0.0	0.0	0.168598524763	0.109037328094	0.0951417004049	0.0854368932039	0.134808853119	0.0
26	0	0.0	0.192346424975	0.0	0.0	0.0	0.0	0.130990415335	0.172064777328	0.192084942085	0.0	0.0	0.136542239686	0.133744855967	0.0	0.0
27	0	0.162738496072	0.0	0.178041543027	0.223091976517	0.343465045593	0.0	0.0	0.0	0.171456888008	0.201535508637	0.273388773389	0.155599603568	0.284686536485	0.0	0.141025641026
28	0	0.167512690355	0.0	0.191321499014	0.0	0.237320574163	0.0	0.0	0.0	0.0	0.0	0.148184494603	0.141110065851	0.166494312306	0.0	0.151946818613
29	0	0.151724137931	0.0	0.170301142264	0.0	0.192564346997	0.0	0.0	0.0	0.0	0.0	0.137014314928	0.160358565737	0.163742690058	0.0	0.153134635149
30	0	0.0	0.0	0.0	0.0	0.0	0.0	0.0	0.0	0.0	0.0	0.0	0.126919140225	0.0	0.0	0.125486381323
31	0	0.0	0.0	0.0	0.0	0.0	0.0	0.0	0.0	0.0	0.0	0.0	0.116772823779	0.0	0.0	0.128871128871
32	0	0.0	0.0	0.0	0.0	0.0	0.121975806452	0.0	0.0	0.0	0.0	0.136495643756	0.0	0.0	0.0	0.104956268222
33	0	0.0840248962656	0.122	0.0	0.0	0.0	0.0836653386454	0.0872765509989	0.109359605911	0.111111111111	0.133874239351	0.0	0.0	0.0	0.0	0.0
34	0	0.0813253012048	0.122509960159	0.0	0.0	0.0	0.0682302771855	0.0746887966805	0.115264797508	0.103313840156	0.15368852459	0.0	0.0	0.0	0.0	0.0
35	0	0.165523996082	0.0	0.183251231527	0.0	0.204183266932	0.0	0.0	0.0	0.0	0.0	0.149448345035	0.180746561886	0.154871794872	0.0	0.138415245737
36	0	0.0	0.0	0.0	0.0	0.0	0.123343527013	0.0	0.0	0.0	0.0	0.11704312115	0.0	0.0	0.0	0.106730769231
37	0	0.0	0.0	0.0	0.0	0.0	0.0	0.0	0.0	0.0	0.0	0.0	0.110766045549	0.0	0.0	0.114423076923
38	0	0.0	0.0	0.0	0.0	0.0	0.0	0.0	0.0	0.0	0.0	0.0	0.112537018756	0.0	0.0	0.112016293279
39	0	0.0	0.174363807729	0.0	0.0	0.0	0.0	0.118118118118	0.155030800821	0.1826171875	0.0	0.0	0.128964059197	0.15037593985	0.0	0.0
40	0	0.0	0.0	0.174874371859	0.289145052834	0.0	0.165537270087	0.175350701403	0.213333333333	0.0	0.0	0.0	0.0	0.0	0.189655172414	0.118811881188
41	0	0.0	0.0	0.0	0.0	0.0	0.114052953157	0.0	0.0	0.0	0.0	0.121399176955	0.0	0.0	0.0	0.103191489362
42	0	0.155425219941	0.0	0.17581300813	0.0	0.202676864245	0.0	0.0	0.0	0.0	0.0	0.166834170854	0.140167364017	0.145601617796	0.0	0.137236084453
43	0	0.0844660194175	0.129292929293	0.0	0.0	0.0	0.0861056751468	0.088504577823	0.132780082988	0.117760617761	0.138164251208	0.0	0.0	0.0	0.0	0.0
44	0	0.0809523809524	0.117766497462	0.0	0.0	0.0	0.0891783567134	0.0709939148073	0.111219512195	0.15438247012	0.160396039604	0.0	0.0	0.0	0.0	0.0
45	0	0.168571428571	0.0	0.167868177137	0.215475024486	0.378640776699	0.0	0.0	0.0	0.193927522037	0.216	0.306873184898	0.184631803629	0.281496062992	0.0	0.15852442672
46	0	0.0798816568047	0.112024665982	0.0	0.0	0.0	0.0924796747967	0.0890410958904	0.112919633774	0.11963190184	0.132258064516	0.0	0.0	0.0	0.0	0.0
47	0	0.233930453109	0.217347956132	0.328614762386	0.283300198807	0.134061569017	0.287644787645	0.26346718903	0.220853080569	0.0	0.164658634538	0.112919633774	0.0872150644202	0.0976361767729	0.49049049049	0.146221786065
48	0	0.0	0.0	0.177685950413	0.293193717277	0.0	0.167701863354	0.179274611399	0.198497854077	0.0	0.0	0.0	0.0	0.0	0.203629032258	0.149514563107
49	0	0.0	0.0	0.0	0.0	0.0	0.0	0.0	0.0	0.0	0.0	0.0	0.131552917903	0.0	0.0	0.116682738669
50	0	0.188008130081	0.0	0.17254528122	0.0	0.206627680312	0.0	0.0	0.0	0.0	0.0	0.159024390244	0.136319376826	0.166003976143	0.0	0.136182902584
51	0	0.267992424242	0.212278876171	0.327800829876	0.303180914513	0.134520276954	0.275862068966	0.269938650307	0.194805194805	0.0	0.1513671875	0.0912621359223	0.0908173562059	0.102226720648	0.512241054614	0.140609636185
52	0	0.160942100098	0.0	0.176350662589	0.0	0.205205205205	0.0	0.0	0.0	0.0	0.0	0.177865612648	0.147762747138	0.17445482866	0.0	0.15037593985
53	0	0.175542406312	0.0	0.172827172827	0.0	0.188921859545	0.0	0.0	0.0	0.0	0.0	0.128392484342	0.164493480441	0.149043303122	0.0	0.137651821862
54	0	0.171905697446	0.0	0.174879227053	0.249757986447	0.376024590164	0.0	0.0	0.0	0.168214654283	0.202158979392	0.281032770606	0.159090909091	0.265221878225	0.0	0.143269230769
55	0	0.0	0.0	0.170923379175	0.27337398374	0.0	0.13478691774	0.154314720812	0.225198412698	0.0	0.0	0.0	0.0	0.0	0.200385356455	0.139489194499
56	0	0.0	0.0	0.0	0.0	0.0	0.0	0.0	0.0	0.0	0.0	0.0	0.124164278892	0.0	0.0	0.107291666667
57	0	0.0	0.0	0.0	0.0	0.0	0.123791102515	0.0	0.0	0.0	0.0	0.112796208531	0.0	0.0	0.0	0.139581256231
58	0	0.0792270531401	0.121513944223	0.0	0.0	0.0	0.0926829268293	0.0948275862069	0.106893106893	0.110586011342	0.1403678606	0.0	0.0	0.0	0.0	0.0
59	0	0.0	0.0	0.0	0.0	0.0	0.127551020408	0.0	0.0	0.0	0.0	0.132796780684	0.0	0.0	0.0	0.101464435146
60	0	0.103846153846	0.112750263435	0.0	0.0	0.0	0.0751503006012	0.0836538461538	0.115267947422	0.114702815433	0.146	0.0	0.0	0.0	0.0	0.0
61	0	0.0941064638783	0.118042226488	0.0	0.0	0.0	0.0850850850851	0.107614213198	0.125	0.138067061144	0.122842639594	0.0	0.0	0.0	0.0	0.0
62	0	0.0970149253731	0.100926879506	0.0	0.0	0.0	0.0881763527054	0.0754527162978	0.105778648384	0.141575274177	0.151051625239	0.0	0.0	0.0	0.0	0.0
63	0	0.0943204868154	0.134975369458	0.0	0.0	0.0	0.0875	0.0880077369439	0.109900990099	0.114474929044	0.145273631841	0.0	0.0	0.0	0.0	0.0
64	0	0.0	0.0	0.0	0.0	0.0	0.0	0.0	0.0	0.0	0.0	0.0	0.138755980861	0.0	0.0	0.13741223671
65	0	0.169260700389	0.0	0.176	0.0	0.218253968254	0.0	0.0	0.0	0.0	0.0	0.157434402332	0.147572815534	0.143915343915	0.0	0.146464646465
66	0	0.0	0.174757281553	0.0	0.0	0.0	0.0	0.142284569138	0.1694417238	0.185263157895	0.0	0.0	0.127536231884	0.130612244898	0.0	0.0
67	0	0.162886597938	0.0	0.19093539055	0.0	0.229860365199	0.0	0.0	0.0	0.0	0.0	0.164570230608	0.162134944612	0.155466399198	0.0	0.125373134328
68	0	0.0	0.0	0.0	0.0	0.0	0.0	0.0	0.0	0.0	0.0	0.0	0.120819848975	0.0	0.0	0.121878121878
69	0	0.153535353535	0.0	0.177983539095	0.221021611002	0.379417879418	0.0	0.0	0.0	0.180310880829	0.194202898551	0.299516908213	0.151837524178	0.275332650972	0.0	0.12124248497
70	0	0.149951314508	0.0	0.160569105691	0.224550898204	0.338293650794	0.0	0.0	0.0	0.170634920635	0.193203883495	0.263816475495	0.149193548387	0.267732267732	0.0	0.148524923703
71	0	0.0	0.155737704918	0.0	0.0	0.0	0.0	0.153110047847	0.171428571429	0.169865642994	0.0	0.0	0.12874251497	0.12289395441	0.0	0.0
72	0	0.0989010989011	0.0	0.0	0.0	0.125254582485	0.0	0.0984848484848	0.0	0.0	0.159448818898	0.0878885316184	0.0868232890705	0.117988394584	0.109201213347	0.0
73	0	0.257315842583	0.2060546875	0.346563407551	0.254048582996	0.125853658537	0.28869047619	0.259578544061	0.217433888345	0.0	0.149087221095	0.100492610837	0.0864583333333	0.0915422885572	0.516064257028	0.139763779528
74	0	0.164989939638	0.0	0.176130895091	0.0	0.21265560166	0.0	0.0	0.0	0.0	0.0	0.172613307618	0.167701863354	0.165242165242	0.0	0.159068865179
75	0	0.0770712909441	0.0	0.0	0.0	0.127991675338	0.0	0.10198019802	0.0	0.0	0.146341463415	0.1004784689	0.0887174541948	0.0820610687023	0.109529025192	0.0
76	0	0.0831702544031	0.135300101729	0.0	0.0	0.0	0.0834151128557	0.0874635568513	0.10469667319	0.136842105263	0.144	0.0	0.0	0.0	0.0	0.0
77	0	0.0	0.0	0.162721893491	0.289500509684	0.0	0.137896825397	0.167473378509	0.221568627451	0.0	0.0	0.0	0.0	0.0	0.200592885375	0.137474541752
78	0	0.180360721443	0.0	0.180104712042	0.0	0.195845697329	0.0	0.0	0.0	0.0	0.0	0.154064272212	0.139308855292	0.144970414201	0.0	0.13079299691
79	0	0.0902708124373	0.115107913669	0.0	0.0	0.0	0.0775347912525	0.0894472361809	0.109900990099	0.125867195243	0.170028818444	0.0	0.0	0.0	0.0	0.0
80	0	0.0	0.0	0.163541666667	0.279802955665	0.0	0.127882599581	0.183213920164	0.212809917355	0.0	0.0	0.0	0.0	0.0	0.18875502008	0.140756302521
81	0	0.0	0.188571428571	0.0	0.0	0.0	0.0	0.13811007269	0.179254783484	0.218631178707	0.0	0.0	0.122807017544	0.129171151776	0.0	0.0
82	0	0.0	0.0	0.0	0.0	0.0	0.0	0.0	0.0	0.0	0.0	0.0	0.126530612245	0.0	0.0	0.109844559585
83	0	0.165644171779	0.0	0.160852713178	0.0	0.220472440945	0.0	0.0	0.0	0.0	0.0	0.172514619883	0.171905697446	0.1585728444	0.0	0.144640998959
84	0	0.0	0.192687747036	0.0	0.0	0.0	0.0	0.131	0.157731958763	0.220164609053	0.0	0.0	0.137254901961	0.123203285421	0.0	0.0
85	0	0.0907258064516	0.0991420400381	0.0	0.0	0.0	0.0834202294056	0.0894788593904	0.132930513595	0.111566018424	0.144444444444	0.0	0.0	0.0	0.0	0.0
86	0	0.0	0.0	0.0	0.0	0.0	0.123949579832	0.0	0.0	0.0	0.0	0.111917098446	0.0	0.0	0.0	0.1078140455
87	0	0.208540218471	0.0	0.177690029615	0.213397129187	0.350453172205	0.0	0.0	0.0	0.171339563863	0.20325203252	0.292759706191	0.163636363636	0.251901140684	0.0	0.140703517588
88	0	0.0	0.0	0.0	0.0	0.0	0.0	0.0	0.0	0.0	0.0	0.0	0.132132132132	0.0	0.0	0.103053435115
89	0	0.152263374486	0.0	0.162926829268	0.221770091556	0.364364364364	0.0	0.0	0.0	0.180080482897	0.188008130081	0.281065088757	0.167012448133	0.264050901379	0.0	0.139121338912
90	0	0.242872228089	0.199230028874	0.318452380952	0.258461538462	0.124031007752	0.307618129219	0.251798561151	0.204980842912	0.0	0.168527918782	0.105722599418	0.0919786096257	0.0859598853868	0.49797979798	0.164423076923
91	0	0.0974874371859	0.0	0.0	0.0	0.113804004215	0.0	0.0939012584705	0.0	0.0	0.164928909953	0.0971817298348	0.118644067797	0.103658536585	0.108629441624	0.0
92	0	0.0	0.0	0.0	0.0	0.0	0.0	0.0	0.0	0.0	0.0	0.0	0.131131131131	0.0	0.0	0.109467455621
93	0	0.0	0.163951120163	0.0	0.0	0.0	0.0	0.151668351871	0.174738841406	0.215075376884	0.0	0.0	0.132239382239	0.134040501446	0.0	0.0
94	0	0.240077444337	0.172682926829	0.329292929293	0.269461077844	0.130681818182	0.292878635908	0.283	0.205	0.0	0.166309012876	0.0881188118812	0.0824008138352	0.0787637088734	0.513725490196	0.123343527013
95	0	0.0	0.0	0.0	0.0	0.0	0.116666666667	0.0	0.0	0.0	0.0	0.118644067797	0.0	0.0	0.0	0.0963972736125
96	0	0.0921568627451	0.0	0.0	0.0	0.133200795229	0.0	0.0971370143149	0.0	0.0	0.15291750503	0.0902489626556	0.0888192267503	0.0984251968504	0.096875	0.0
97	0	0.228632478632	0.191397849462	0.355948869223	0.28384279476	0.134865134865	0.274209989806	0.263702171665	0.201030927835	0.0	0.157520325203	0.0894141829394	0.0875842155919	0.0892514395393	0.493838862559	0.13124387855
98	0	0.145194274029	0.0	0.185443668993	0.203574975174	0.360970677452	0.0	0.0	0.0	0.182452642074	0.226993865031	0.284848484848	0.147670961348	0.27245804541	0.0	0.152679474216
99	0	0.179437439379	0.0	0.163366336634	0.0	0.236506378803	0.0	0.0	0.0	0.0	0.0	0.170340681363	0.159433962264	0.145854145854	0.0	0.128600823045
