Num_mutations: 100
Num_samples: 10
Error_rate: 0.050000

4.704704704704704699e-01 7.163265306122449383e-01 1.016781836130306038e+00 6.902119071644803316e-01 9.860557768924302913e-01 4.979338842975206680e-01 3.846153846153846367e-01 7.013232514177694110e-01 5.042816365366318276e-01 9.498997995991983467e-01
4.542713567839196109e-01 4.850894632206759205e-01 4.210526315789473450e-01 1.899109792284866538e-01 3.781094527363184077e-01 0.000000000000000000e+00 0.000000000000000000e+00 4.298688193743693264e-01 0.000000000000000000e+00 4.373757455268389438e-01
0.000000000000000000e+00 2.531645569620253333e-01 0.000000000000000000e+00 0.000000000000000000e+00 4.417910447761194126e-01 2.688728024819028173e-01 0.000000000000000000e+00 0.000000000000000000e+00 0.000000000000000000e+00 0.000000000000000000e+00
4.389275074478649619e-01 4.831932773109243739e-01 4.110429447852760876e-01 1.873840445269016608e-01 2.960840496657115573e-01 0.000000000000000000e+00 0.000000000000000000e+00 4.444444444444444198e-01 0.000000000000000000e+00 3.880597014925373234e-01
4.613841524573721320e-01 7.742555235350624399e-01 9.764243614931237270e-01 6.839916839916839741e-01 9.761904761904761640e-01 5.320197044334975534e-01 4.460580912863070790e-01 7.650485436893204039e-01 5.499505440158258818e-01 1.007736943907156624e+00
4.678714859437750895e-01 4.691848906560636134e-01 3.652517275419545628e-01 1.747765640516385222e-01 2.757281553398058249e-01 0.000000000000000000e+00 0.000000000000000000e+00 3.904856293359761921e-01 0.000000000000000000e+00 3.837330552659019567e-01
4.412665985699693594e-01 4.298874104401228524e-01 4.039603960396039861e-01 2.180746561886051094e-01 2.785862785862786017e-01 0.000000000000000000e+00 0.000000000000000000e+00 4.699029126213592478e-01 0.000000000000000000e+00 4.049195837275307297e-01
4.170804369414101154e-01 4.485634847080630094e-01 4.073006724303554482e-01 2.134146341463414587e-01 2.991967871485943786e-01 0.000000000000000000e+00 0.000000000000000000e+00 4.415322580645161255e-01 0.000000000000000000e+00 4.246153846153846168e-01
0.000000000000000000e+00 0.000000000000000000e+00 0.000000000000000000e+00 3.276036400404448989e-01 0.000000000000000000e+00 2.736030828516377578e-01 0.000000000000000000e+00 0.000000000000000000e+00 2.550200803212851475e-01 0.000000000000000000e+00
4.450923226433430302e-01 2.430703624733475399e-01 4.000000000000000222e-01 1.906779661016949068e-01 0.000000000000000000e+00 0.000000000000000000e+00 0.000000000000000000e+00 2.231491136600625702e-01 0.000000000000000000e+00 2.998986828774062863e-01
0.000000000000000000e+00 0.000000000000000000e+00 0.000000000000000000e+00 2.805611222444889807e-01 0.000000000000000000e+00 2.860040567951318558e-01 0.000000000000000000e+00 0.000000000000000000e+00 0.000000000000000000e+00 0.000000000000000000e+00
4.563492063492063378e-01 7.953216374269005406e-01 9.702209414024975942e-01 6.343873517786561278e-01 9.862204724409449064e-01 5.402184707050645684e-01 4.246445497630331745e-01 7.444668008048289654e-01 5.196078431372549433e-01 1.063444108761329332e+00
4.328657314629258401e-01 4.965380811078140555e-01 4.060000000000000275e-01 2.443531827515400545e-01 2.838847385272145196e-01 0.000000000000000000e+00 0.000000000000000000e+00 4.651600753295668800e-01 0.000000000000000000e+00 3.789907312049433652e-01
4.266666666666666941e-01 4.600760456273764176e-01 4.037267080745341463e-01 2.429718875502007991e-01 3.125599232981783326e-01 0.000000000000000000e+00 0.000000000000000000e+00 4.383020730503455198e-01 0.000000000000000000e+00 4.303797468354430555e-01
4.169124877089478987e-01 4.357212953876349326e-01 3.497487437185929915e-01 1.917255297679112125e-01 3.212237093690248346e-01 0.000000000000000000e+00 0.000000000000000000e+00 4.751037344398340023e-01 0.000000000000000000e+00 4.097087378640776878e-01
5.885660731021555847e-01 0.000000000000000000e+00 0.000000000000000000e+00 0.000000000000000000e+00 0.000000000000000000e+00 2.317682317682317750e-01 5.468599033816424759e-01 2.846846846846846635e-01 0.000000000000000000e+00 0.000000000000000000e+00
4.110671936758893419e-01 4.939647168059424498e-01 4.250248262164846302e-01 2.050799623706490993e-01 3.132760267430754753e-01 0.000000000000000000e+00 0.000000000000000000e+00 4.832487309644670215e-01 0.000000000000000000e+00 3.739495798319327768e-01
4.315352697095435897e-01 4.122893954410307149e-01 4.369747899159663884e-01 1.876208897485493188e-01 2.800417972831765745e-01 0.000000000000000000e+00 0.000000000000000000e+00 4.168336673346693111e-01 0.000000000000000000e+00 4.080076263107721424e-01
4.683937823834196656e-01 5.159420289855072284e-01 3.853955375253549920e-01 2.189638318670576733e-01 3.148335015136226045e-01 0.000000000000000000e+00 0.000000000000000000e+00 4.927234927234927508e-01 0.000000000000000000e+00 3.872832369942196262e-01
4.343329886246122262e-01 4.351648351648351731e-01 3.181818181818181768e-01 2.212765957446808374e-01 2.906641000962463806e-01 0.000000000000000000e+00 0.000000000000000000e+00 4.818548387096774355e-01 0.000000000000000000e+00 4.003984063745019695e-01
0.000000000000000000e+00 0.000000000000000000e+00 0.000000000000000000e+00 3.310479921645445578e-01 0.000000000000000000e+00 2.780082987551867335e-01 0.000000000000000000e+00 0.000000000000000000e+00 0.000000000000000000e+00 0.000000000000000000e+00
5.572815533980582936e-01 0.000000000000000000e+00 0.000000000000000000e+00 0.000000000000000000e+00 0.000000000000000000e+00 2.083758937691521929e-01 6.025515210991168047e-01 2.653266331658291621e-01 0.000000000000000000e+00 0.000000000000000000e+00
4.457953394123607138e-01 7.964071856287424644e-01 1.049701789264413598e+00 6.714727085478887636e-01 1.063136456211812630e+00 5.408678102926337550e-01 4.168377823408624394e-01 7.331975560081466226e-01 4.955223880597015018e-01 1.017509727626459082e+00
3.746505125815470794e-01 4.415584415584415390e-01 4.000000000000000222e-01 2.244897959183673464e-01 3.019648397104446880e-01 0.000000000000000000e+00 0.000000000000000000e+00 4.687189672293942677e-01 0.000000000000000000e+00 4.011916583912611967e-01
4.520000000000000129e-01 4.528301886792452935e-01 3.846153846153846367e-01 2.008113590263691794e-01 3.018108651911468598e-01 0.000000000000000000e+00 0.000000000000000000e+00 4.850818094321462937e-01 0.000000000000000000e+00 4.121827411167512945e-01
4.607645875251509260e-01 7.687861271676300623e-01 1.043294614572333634e+00 6.647992530345471218e-01 9.878296146044625026e-01 5.310410697230181221e-01 4.159999999999999809e-01 7.402061855670103441e-01 5.181451612903226200e-01 9.743062692702980643e-01
4.444444444444444198e-01 4.177598385469222797e-01 3.939393939393939226e-01 1.874414245548266245e-01 2.868852459016393297e-01 0.000000000000000000e+00 0.000000000000000000e+00 4.806629834254143585e-01 0.000000000000000000e+00 4.261645193260654163e-01
5.687885010266940933e-01 0.000000000000000000e+00 0.000000000000000000e+00 0.000000000000000000e+00 0.000000000000000000e+00 2.379999999999999893e-01 5.592039800995024512e-01 2.569948186528497325e-01 0.000000000000000000e+00 0.000000000000000000e+00
4.601036269430051617e-01 4.374364191251271516e-01 3.988212180746562030e-01 1.947643979057591679e-01 3.075489282385834300e-01 0.000000000000000000e+00 0.000000000000000000e+00 4.349477682811015988e-01 0.000000000000000000e+00 3.580952380952380776e-01
0.000000000000000000e+00 2.839999999999999747e-01 6.333012512030798957e-01 0.000000000000000000e+00 3.776908023483365739e-01 2.678751258811681857e-01 0.000000000000000000e+00 0.000000000000000000e+00 2.589641434262948128e-01 5.944333996023857258e-01
0.000000000000000000e+00 0.000000000000000000e+00 0.000000000000000000e+00 2.738095238095238360e-01 0.000000000000000000e+00 2.490196078431372584e-01 0.000000000000000000e+00 0.000000000000000000e+00 0.000000000000000000e+00 0.000000000000000000e+00
0.000000000000000000e+00 3.162134944612285947e-01 6.149425287356321546e-01 2.969696969696969946e-01 4.089068825910930904e-01 5.040816326530612734e-01 0.000000000000000000e+00 3.003064351378957886e-01 5.090909090909090384e-01 5.794392523364485514e-01
0.000000000000000000e+00 3.287671232876712146e-01 6.067864271457086289e-01 0.000000000000000000e+00 4.061224489795918213e-01 2.989183874139626496e-01 0.000000000000000000e+00 0.000000000000000000e+00 2.622950819672131284e-01 6.255144032921811093e-01
4.324853228962817764e-01 4.375000000000000000e-01 4.035608308605341255e-01 1.676190476190476120e-01 2.882352941176470340e-01 0.000000000000000000e+00 0.000000000000000000e+00 4.400396432111001177e-01 0.000000000000000000e+00 4.448857994041707786e-01
4.640324214792300173e-01 7.489711934156378925e-01 9.321175278622086946e-01 6.466321243523316387e-01 9.575518262586376617e-01 5.278039585296889769e-01 4.313304721030042921e-01 6.660137120470127625e-01 5.326424870466320849e-01 9.887869520897043518e-01
4.547996272134203211e-01 4.135864135864135704e-01 3.909465020576131655e-01 2.008113590263691794e-01 3.126338329764453694e-01 0.000000000000000000e+00 0.000000000000000000e+00 3.991975927783349976e-01 0.000000000000000000e+00 3.737769080234833452e-01
4.477028347996089841e-01 5.050916496945010437e-01 3.791748526522593088e-01 1.976516634050880517e-01 3.207547169811320598e-01 0.000000000000000000e+00 0.000000000000000000e+00 4.255319148936170248e-01 0.000000000000000000e+00 3.863636363636363535e-01
4.099009900990098765e-01 7.804878048780488076e-01 9.932497589199614785e-01 6.493506493506493449e-01 1.010901883052527150e+00 5.358948432760364256e-01 4.178498985801217258e-01 7.587628865979381132e-01 5.440313111545987956e-01 1.003853564547206201e+00
0.000000000000000000e+00 3.524416135881103807e-01 0.000000000000000000e+00 0.000000000000000000e+00 3.782178217821782207e-01 2.609542356377799188e-01 0.000000000000000000e+00 0.000000000000000000e+00 0.000000000000000000e+00 0.000000000000000000e+00
5.857142857142857428e-01 2.552342971086739576e-01 0.000000000000000000e+00 0.000000000000000000e+00 0.000000000000000000e+00 2.286902286902287029e-01 5.905130687318489446e-01 2.648870636550307855e-01 1.944177093358999131e-01 0.000000000000000000e+00
0.000000000000000000e+00 2.939481268011527315e-01 0.000000000000000000e+00 0.000000000000000000e+00 4.043607532210108935e-01 2.752646775745909435e-01 0.000000000000000000e+00 0.000000000000000000e+00 0.000000000000000000e+00 0.000000000000000000e+00
0.000000000000000000e+00 3.202301054650047996e-01 6.272189349112425871e-01 0.000000000000000000e+00 4.525691699604743046e-01 2.504970178926441138e-01 0.000000000000000000e+00 0.000000000000000000e+00 2.559523809523809312e-01 6.014897579143388961e-01
0.000000000000000000e+00 3.193277310924369505e-01 5.705705705705705899e-01 0.000000000000000000e+00 4.232698094282848489e-01 2.603664416586306540e-01 0.000000000000000000e+00 0.000000000000000000e+00 2.819203268641470861e-01 5.821042281219271919e-01
0.000000000000000000e+00 3.314065510597302699e-01 0.000000000000000000e+00 0.000000000000000000e+00 4.689655172413793038e-01 3.161033797216699637e-01 0.000000000000000000e+00 0.000000000000000000e+00 0.000000000000000000e+00 0.000000000000000000e+00
0.000000000000000000e+00 3.173957273652085465e-01 0.000000000000000000e+00 0.000000000000000000e+00 3.987975951903807714e-01 2.777222777222776995e-01 0.000000000000000000e+00 0.000000000000000000e+00 0.000000000000000000e+00 0.000000000000000000e+00
0.000000000000000000e+00 3.416030534351144898e-01 0.000000000000000000e+00 0.000000000000000000e+00 4.061224489795918213e-01 2.546468401486988720e-01 0.000000000000000000e+00 0.000000000000000000e+00 0.000000000000000000e+00 0.000000000000000000e+00
0.000000000000000000e+00 2.949218750000000000e-01 0.000000000000000000e+00 0.000000000000000000e+00 3.923809523809523858e-01 2.627883650952858585e-01 0.000000000000000000e+00 0.000000000000000000e+00 0.000000000000000000e+00 0.000000000000000000e+00
0.000000000000000000e+00 0.000000000000000000e+00 0.000000000000000000e+00 3.188118811881188175e-01 0.000000000000000000e+00 2.776659959758551177e-01 0.000000000000000000e+00 0.000000000000000000e+00 3.033707865168539519e-01 0.000000000000000000e+00
4.214963119072708264e-01 4.400417101147028331e-01 3.473053892215569038e-01 1.845238095238095344e-01 3.354297693920335610e-01 0.000000000000000000e+00 0.000000000000000000e+00 4.457953394123607138e-01 0.000000000000000000e+00 4.194214876033057759e-01
3.984298331697742612e-01 4.304840370751802370e-01 3.540183112919633723e-01 2.062689585439838325e-01 3.083247687564234507e-01 0.000000000000000000e+00 0.000000000000000000e+00 4.242424242424242542e-01 0.000000000000000000e+00 4.299610894941634509e-01
4.284304047384007719e-01 7.362869198312236296e-01 9.615384615384615641e-01 6.936299292214358481e-01 1.043392504930966469e+00 4.879074658254469177e-01 4.113475177304964370e-01 7.161226508407517732e-01 5.351299326275265056e-01 9.516129032258064946e-01
4.481737413622902122e-01 4.540229885057471271e-01 4.216867469879518326e-01 2.310924369747899276e-01 3.509149623250807370e-01 0.000000000000000000e+00 0.000000000000000000e+00 4.324324324324324564e-01 0.000000000000000000e+00 4.193867457962413559e-01
5.124481327800829433e-01 4.457593688362919138e-01 3.732251521298174390e-01 2.423038728897715932e-01 3.196955280685062073e-01 0.000000000000000000e+00 0.000000000000000000e+00 4.173076923076923239e-01 0.000000000000000000e+00 3.719090009891196646e-01
5.643070787637088914e-01 0.000000000000000000e+00 0.000000000000000000e+00 0.000000000000000000e+00 0.000000000000000000e+00 2.297297297297297425e-01 5.899419729206962781e-01 3.150105708245243274e-01 0.000000000000000000e+00 0.000000000000000000e+00
0.000000000000000000e+00 3.155778894472361928e-01 0.000000000000000000e+00 0.000000000000000000e+00 4.221525600835945857e-01 2.587991718426501109e-01 0.000000000000000000e+00 0.000000000000000000e+00 0.000000000000000000e+00 0.000000000000000000e+00
0.000000000000000000e+00 3.627049180327868716e-01 0.000000000000000000e+00 0.000000000000000000e+00 4.187946884576098094e-01 2.282282282282282193e-01 0.000000000000000000e+00 0.000000000000000000e+00 0.000000000000000000e+00 0.000000000000000000e+00
5.959595959595959114e-01 2.273180458624127487e-01 0.000000000000000000e+00 0.000000000000000000e+00 0.000000000000000000e+00 2.060252672497570325e-01 5.723140495867768962e-01 3.086053412462907986e-01 2.190669371196754533e-01 0.000000000000000000e+00
4.475524475524475521e-01 7.734204793028321978e-01 1.013171225937183451e+00 7.533718689788053702e-01 1.037411526794742134e+00 5.220883534136546711e-01 4.379844961240310086e-01 7.831325301204818956e-01 5.483193277310924874e-01 9.332003988035891817e-01
0.000000000000000000e+00 3.361188486536675901e-01 6.510681586978637192e-01 0.000000000000000000e+00 4.212637913741223428e-01 3.154819863680622949e-01 0.000000000000000000e+00 0.000000000000000000e+00 2.724637681159420288e-01 6.022304832713755163e-01
0.000000000000000000e+00 3.316782522343594830e-01 0.000000000000000000e+00 0.000000000000000000e+00 4.378211716341212645e-01 2.641878669275929403e-01 0.000000000000000000e+00 0.000000000000000000e+00 0.000000000000000000e+00 0.000000000000000000e+00
0.000000000000000000e+00 3.025689819219790633e-01 0.000000000000000000e+00 0.000000000000000000e+00 4.115308151093439171e-01 2.881002087682671964e-01 0.000000000000000000e+00 0.000000000000000000e+00 0.000000000000000000e+00 0.000000000000000000e+00
4.388270980788675502e-01 4.071353620146904717e-01 3.539651837524178113e-01 2.197802197802197766e-01 2.857142857142856984e-01 0.000000000000000000e+00 0.000000000000000000e+00 4.395833333333333259e-01 0.000000000000000000e+00 3.943661971830985657e-01
0.000000000000000000e+00 3.266533066132264462e-01 6.290165530671859573e-01 0.000000000000000000e+00 3.987854251012145634e-01 2.265917602996254665e-01 0.000000000000000000e+00 0.000000000000000000e+00 2.674772036474163950e-01 5.950095969289826980e-01
3.983402489626555742e-01 7.482587064676616828e-01 1.040485829959514108e+00 6.861598440545808586e-01 1.016460905349794164e+00 4.806054872280037804e-01 4.308681672025723719e-01 7.286673058485139132e-01 5.529767911200806907e-01 9.892682926829268197e-01
0.000000000000000000e+00 3.411016949152542166e-01 0.000000000000000000e+00 0.000000000000000000e+00 4.342507645259938709e-01 2.662662662662662605e-01 0.000000000000000000e+00 0.000000000000000000e+00 0.000000000000000000e+00 0.000000000000000000e+00
0.000000000000000000e+00 3.280943025540274949e-01 5.918570009930486098e-01 0.000000000000000000e+00 4.284284284284284317e-01 2.600422832980972543e-01 0.000000000000000000e+00 0.000000000000000000e+00 2.802547770700636875e-01 6.280000000000000027e-01
0.000000000000000000e+00 3.281086729362591159e-01 5.563451776649745995e-01 2.722007722007722119e-01 4.330708661417322913e-01 4.803921568627451122e-01 0.000000000000000000e+00 2.846003898635477425e-01 5.135135135135134865e-01 5.657370517928287379e-01
0.000000000000000000e+00 0.000000000000000000e+00 0.000000000000000000e+00 3.839373163565132363e-01 0.000000000000000000e+00 2.882352941176470340e-01 0.000000000000000000e+00 0.000000000000000000e+00 2.614913176710929599e-01 0.000000000000000000e+00
4.191968658178256701e-01 2.056256062075654811e-01 4.130879345603272190e-01 2.406311637080867927e-01 0.000000000000000000e+00 0.000000000000000000e+00 0.000000000000000000e+00 1.920792079207920833e-01 0.000000000000000000e+00 4.099502487562188824e-01
0.000000000000000000e+00 2.815249266862170363e-01 5.526838966202782810e-01 2.945139557266602259e-01 4.056508577194752885e-01 5.410334346504559466e-01 0.000000000000000000e+00 2.575452716297786937e-01 4.811594202898550887e-01 5.658436213991769881e-01
4.846625766871165419e-01 4.480000000000000093e-01 4.571428571428571286e-01 2.094140249759846306e-01 3.316977428851815568e-01 0.000000000000000000e+00 0.000000000000000000e+00 3.962264150943396457e-01 0.000000000000000000e+00 4.235055724417426393e-01
5.835051546391752941e-01 0.000000000000000000e+00 0.000000000000000000e+00 0.000000000000000000e+00 0.000000000000000000e+00 2.070949185043144680e-01 5.570400822199382818e-01 2.392638036809816016e-01 0.000000000000000000e+00 0.000000000000000000e+00
4.540967423494570721e-01 4.029692470837751839e-01 4.378109452736318463e-01 2.245681381957773393e-01 2.803180914512922728e-01 0.000000000000000000e+00 0.000000000000000000e+00 4.860557768924302913e-01 0.000000000000000000e+00 3.710144927536231929e-01
0.000000000000000000e+00 0.000000000000000000e+00 0.000000000000000000e+00 3.055827619980411303e-01 0.000000000000000000e+00 2.688588007736943952e-01 0.000000000000000000e+00 0.000000000000000000e+00 2.583095916429249961e-01 0.000000000000000000e+00
0.000000000000000000e+00 3.167512690355329674e-01 0.000000000000000000e+00 0.000000000000000000e+00 3.702970297029702929e-01 2.595121951219512280e-01 0.000000000000000000e+00 0.000000000000000000e+00 0.000000000000000000e+00 0.000000000000000000e+00
5.604498594189315508e-01 2.075098814229248967e-01 0.000000000000000000e+00 0.000000000000000000e+00 0.000000000000000000e+00 2.247619047619047739e-01 5.133267522211253375e-01 2.544378698224852298e-01 1.770091556459816862e-01 0.000000000000000000e+00
0.000000000000000000e+00 3.395121951219512435e-01 0.000000000000000000e+00 0.000000000000000000e+00 4.404894327030033363e-01 2.646464646464646298e-01 0.000000000000000000e+00 0.000000000000000000e+00 0.000000000000000000e+00 0.000000000000000000e+00
4.646061814556330938e-01 4.607543323139653424e-01 3.663075416258569916e-01 2.041237113402061820e-01 2.939958592132504989e-01 0.000000000000000000e+00 0.000000000000000000e+00 4.315352697095435897e-01 0.000000000000000000e+00 4.050632911392405000e-01
0.000000000000000000e+00 3.006134969325153228e-01 0.000000000000000000e+00 0.000000000000000000e+00 4.104046242774566644e-01 2.975369458128078737e-01 0.000000000000000000e+00 0.000000000000000000e+00 0.000000000000000000e+00 0.000000000000000000e+00
5.841073271413829149e-01 2.625000000000000111e-01 0.000000000000000000e+00 0.000000000000000000e+00 0.000000000000000000e+00 2.062868369351670006e-01 5.275590551181101873e-01 2.881002087682671964e-01 2.120911793855302374e-01 0.000000000000000000e+00
6.057030481809242417e-01 2.079689018464528638e-01 0.000000000000000000e+00 0.000000000000000000e+00 0.000000000000000000e+00 2.307692307692307820e-01 5.467059980334316727e-01 2.868686868686868841e-01 1.944444444444444475e-01 0.000000000000000000e+00
0.000000000000000000e+00 3.380855397148676000e-01 0.000000000000000000e+00 0.000000000000000000e+00 3.877349159248268951e-01 2.325123152709359653e-01 0.000000000000000000e+00 0.000000000000000000e+00 0.000000000000000000e+00 0.000000000000000000e+00
0.000000000000000000e+00 2.854311199207135719e-01 5.890834191555097687e-01 2.422997946611909759e-01 4.297520661157024913e-01 5.155642023346302949e-01 0.000000000000000000e+00 2.757201646090535196e-01 4.784784784784784639e-01 5.419479267116682486e-01
4.418377321603128016e-01 4.657814096016343330e-01 3.980295566502463078e-01 1.494370522006141233e-01 3.196803196803196800e-01 0.000000000000000000e+00 0.000000000000000000e+00 4.309831181727904470e-01 0.000000000000000000e+00 4.140703517587939753e-01
4.303030303030302983e-01 5.108910891089109008e-01 4.249011857707509776e-01 1.916666666666666796e-01 2.660194174757281593e-01 0.000000000000000000e+00 0.000000000000000000e+00 4.766734279918863892e-01 0.000000000000000000e+00 3.770334928229664984e-01
4.831568816169393710e-01 7.925696594427245056e-01 9.848331648129423632e-01 6.190476190476190688e-01 9.958333333333333481e-01 5.470763131813677349e-01 4.532019704433497553e-01 7.009900990099009466e-01 5.258799171842649667e-01 9.919678714859437862e-01
4.597701149425287293e-01 1.783181357649442633e-01 3.760162601626016454e-01 1.998041136141038288e-01 0.000000000000000000e+00 0.000000000000000000e+00 0.000000000000000000e+00 2.502502502502502724e-01 0.000000000000000000e+00 3.774319066147859836e-01
5.112195121951219612e-01 3.983656792645556832e-01 4.131736526946107602e-01 2.352941176470588203e-01 2.976554536187563937e-01 0.000000000000000000e+00 0.000000000000000000e+00 4.157635467980295707e-01 0.000000000000000000e+00 3.706640237859266662e-01
0.000000000000000000e+00 3.107971745711402556e-01 5.746652935118434780e-01 0.000000000000000000e+00 3.907351460221550887e-01 2.712550607287449456e-01 0.000000000000000000e+00 0.000000000000000000e+00 2.771458117890382433e-01 5.580933465739821298e-01
5.141657922350472143e-01 2.286821705426356488e-01 0.000000000000000000e+00 0.000000000000000000e+00 0.000000000000000000e+00 1.949685534591195091e-01 5.193482688391038993e-01 2.791164658634537887e-01 1.963775023832221300e-01 0.000000000000000000e+00
0.000000000000000000e+00 0.000000000000000000e+00 0.000000000000000000e+00 3.705103969754253157e-01 0.000000000000000000e+00 2.505494505494505475e-01 0.000000000000000000e+00 0.000000000000000000e+00 2.522889114954221523e-01 0.000000000000000000e+00
5.371655104063428610e-01 0.000000000000000000e+00 0.000000000000000000e+00 0.000000000000000000e+00 0.000000000000000000e+00 2.266009852216748777e-01 5.839694656488549906e-01 2.694610778443113919e-01 0.000000000000000000e+00 0.000000000000000000e+00
4.053537284894837556e-01 7.119617224880382400e-01 1.034979423868312765e+00 6.712871287128713282e-01 9.865284974093264658e-01 5.206030150753768737e-01 4.303797468354430555e-01 7.487586891757695984e-01 4.935064935064935043e-01 9.737373737373737903e-01
4.199584199584199817e-01 7.690839694656488312e-01 9.767441860465115866e-01 7.500000000000000000e-01 1.040404040404040442e+00 5.126646403242147709e-01 4.268292682926829174e-01 7.682926829268292845e-01 5.089108910891089188e-01 9.537856440511307543e-01
0.000000000000000000e+00 0.000000000000000000e+00 0.000000000000000000e+00 2.980062959076600348e-01 0.000000000000000000e+00 2.670682730923694681e-01 0.000000000000000000e+00 0.000000000000000000e+00 2.770475227502527948e-01 0.000000000000000000e+00
4.400826446280991511e-01 2.127659574468085124e-01 3.926380368098159601e-01 2.113127001067235944e-01 0.000000000000000000e+00 0.000000000000000000e+00 0.000000000000000000e+00 1.737331954498448905e-01 0.000000000000000000e+00 4.053774560496380408e-01
0.000000000000000000e+00 3.313253012048192891e-01 6.141248720573183606e-01 2.974874371859296263e-01 4.023323615160349642e-01 5.000000000000000000e-01 0.000000000000000000e+00 2.675781250000000000e-01 5.399014778325122998e-01 5.558852621167160724e-01
4.043607532210108935e-01 4.380757420675537306e-01 3.955823293172690547e-01 2.066929133858267653e-01 3.336787564766839354e-01 0.000000000000000000e+00 0.000000000000000000e+00 4.535240040858018462e-01 0.000000000000000000e+00 3.764478764478764727e-01
0.000000000000000000e+00 3.253968253968254065e-01 0.000000000000000000e+00 0.000000000000000000e+00 4.196078431372549100e-01 2.400774443368828559e-01 0.000000000000000000e+00 0.000000000000000000e+00 0.000000000000000000e+00 0.000000000000000000e+00
0.000000000000000000e+00 3.075416258570029537e-01 6.093906093906094057e-01 2.662662662662662605e-01 4.386473429951691094e-01 5.427666314677930259e-01 0.000000000000000000e+00 2.557442557442557440e-01 5.238578680203045401e-01 6.302780638516992662e-01
