gene_id	sample0	sample0	sample1	sample1	sample2	sample2	sample3	sample3	sample4	sample4	sample5	sample5	sample6	sample6	sample7	sample7	sample8	sample8	sample9	sample9
0	9878	0	9952	0	8677	1523	8746	1282	9851	0	8411	1581	7689	2290	10001	0	7668	2310	8629	1277
1	9937	0	10156	0	8262	1557	10152	0	9918	0	9961	0	9998	0	8296	1572	10128	0	10017	0
2	10074	0	9950	0	8400	1549	9935	0	9963	0	9896	0	10113	0	8383	1594	9842	0	9888	0
3	9983	0	9927	0	8535	1608	8710	1303	9970	0	8330	1509	7825	2279	10001	0	7682	2271	8716	1328
4	7150	2765	10048	0	8084	1787	9990	0	8294	1791	8270	1809	7466	2821	8393	1716	10038	0	10110	0
5	10096	0	8695	1208	10086	0	8917	1080	9997	0	9987	0	9892	0	9887	0	10058	0	7463	2638
6	10038	0	8702	1214	9838	0	10030	0	8666	1527	10064	0	9905	0	9911	0	9980	0	9949	0
7	9957	0	8718	1182	10049	0	10081	0	8400	1536	9942	0	9964	0	10006	0	10188	0	10024	0
8	10040	0	9780	0	8574	1618	9959	0	10038	0	9995	0	9857	0	8459	1573	9963	0	9880	0
9	7762	2237	8947	1214	10019	0	8745	1225	9991	0	10145	0	10002	0	10067	0	9986	0	8889	1254
10	7808	2275	8983	1104	9988	0	8803	1136	9958	0	10060	0	9999	0	10016	0	10187	0	8697	1224
11	7287	2864	10017	0	8157	1867	9868	0	8129	1861	8172	1729	7245	2685	8346	1751	10040	0	9904	0
12	10035	0	9989	0	8425	1451	8701	1268	10003	0	8490	1482	7600	2313	10006	0	7639	2290	8687	1289
13	10137	0	10142	0	10022	0	10083	0	10074	0	9999	0	9854	0	10019	0	10061	0	10065	0
14	9961	0	8747	1235	9902	0	10166	0	8528	1511	10086	0	9944	0	9991	0	10096	0	9865	0
15	9953	0	8849	1257	9966	0	10077	0	8347	1508	10042	0	10005	0	9923	0	10059	0	10034	0
16	7829	2165	8836	1173	10009	0	8795	1179	10138	0	9970	0	9739	0	9912	0	9843	0	8835	1106
17	9948	0	9875	0	8399	1673	10110	0	10044	0	10079	0	9988	0	8406	1593	10035	0	10022	0
18	9948	0	10072	0	9938	0	10004	0	9852	0	9879	0	10113	0	9873	0	9898	0	8440	1398
19	10008	0	9972	0	8562	1543	8767	1319	9919	0	8394	1483	7643	2293	9978	0	7624	2413	8695	1279
20	7246	2851	10030	0	8309	1793	10131	0	8066	1758	8185	1816	7360	2760	8208	1743	10056	0	9866	0
21	7787	2118	8865	1148	9913	0	8882	1147	9936	0	10186	0	10041	0	9975	0	9945	0	8859	1178
22	7249	2848	10092	0	8300	1748	10078	0	8147	1773	8319	1772	7257	2759	8251	1764	10094	0	9835	0
23	9935	0	10111	0	8464	1521	8580	1289	9939	0	8552	1528	7734	2289	9994	0	7554	2337	8773	1241
24	10033	0	8759	1229	10236	0	9978	0	8415	1544	9958	0	10032	0	10177	0	9875	0	9980	0
25	10157	0	10091	0	8239	1626	9990	0	10110	0	10035	0	9864	0	8436	1554	10178	0	9941	0
26	10122	0	9884	0	8519	1475	8813	1278	9868	0	8501	1459	7858	2344	10085	0	7663	2341	8763	1364
27	9933	0	9895	0	9929	0	9978	0	9851	0	10075	0	10073	0	10089	0	9956	0	9961	0
28	7205	2827	9820	0	8091	1758	9993	0	8207	1764	8098	1812	7399	2742	8164	1770	9865	0	9974	0
29	9983	0	8627	1343	10231	0	8739	1421	8291	1660	8197	1682	9972	0	8503	1595	7459	2621	9810	0
30	7227	2789	10057	0	8127	1782	10105	0	8187	1840	8131	1804	7340	2674	8233	1680	10043	0	9957	0
31	9904	0	9907	0	9884	0	9914	0	9973	0	9897	0	9987	0	10108	0	9944	0	8709	1398
32	9995	0	10086	0	9948	0	9838	0	9993	0	9883	0	9956	0	9778	0	10023	0	8596	1404
33	10054	0	8873	1208	10074	0	8832	1130	10093	0	9962	0	10033	0	9921	0	10157	0	7442	2542
34	7239	2806	9981	0	8156	1790	9988	0	8170	1852	8322	1771	7303	2691	8402	1769	10091	0	10079	0
35	9849	0	9891	0	8559	1539	8733	1266	10103	0	8554	1503	7729	2219	9912	0	7576	2443	8741	1241
36	7260	2856	10054	0	8272	1796	9825	0	8354	1777	8301	1750	7287	2758	8283	1797	9977	0	10046	0
37	7074	2825	10160	0	8227	1843	9986	0	8355	1756	8177	1786	7287	2778	8244	1783	10031	0	10034	0
38	7161	2699	10157	0	8246	1813	10026	0	8193	1717	8131	1806	7372	2710	8237	1833	10162	0	9907	0
39	7886	2218	8909	1131	10047	0	8760	1204	9879	0	10125	0	10156	0	9997	0	9988	0	8743	1195
40	10137	0	9871	0	8440	1671	9958	0	10138	0	9907	0	9946	0	8375	1617	9982	0	10018	0
41	10134	0	10161	0	8190	1651	10019	0	9918	0	9858	0	9953	0	8541	1571	9899	0	9887	0
42	9938	0	10049	0	8555	1562	8587	1286	10043	0	8357	1448	7860	2271	9776	0	7671	2335	8815	1307
43	9934	0	9881	0	8492	1689	9931	0	9944	0	9886	0	9970	0	8576	1519	10071	0	10068	0
44	10029	0	10072	0	10096	0	10036	0	10002	0	9968	0	10039	0	9832	0	10122	0	8436	1405
45	7268	2891	9796	0	8292	1818	10015	0	8278	1790	8231	1871	7221	2723	8284	1774	9992	0	10057	0
46	7298	2860	10021	0	8206	1828	9820	0	8134	1772	8204	1816	7215	2698	8237	1820	10209	0	9955	0
47	7229	2775	10042	0	8115	1798	9956	0	8283	1772	8003	1769	7318	2741	8297	1727	10037	0	10000	0
48	10083	0	9959	0	8517	1524	8747	1266	10009	0	8394	1580	7590	2300	10035	0	7678	2281	8708	1242
49	7774	2285	8729	1123	9940	0	8833	1188	10151	0	10049	0	9935	0	9846	0	9987	0	8793	1209
50	9989	0	9881	0	8539	1516	8681	1330	10018	0	8478	1503	7889	2353	9909	0	7732	2329	8837	1269
51	10081	0	8837	1203	10094	0	9835	0	8601	1548	10126	0	10003	0	9891	0	9910	0	10091	0
52	10049	0	9858	0	9849	0	9886	0	10094	0	9985	0	9983	0	10207	0	9972	0	8828	1381
53	10169	0	10048	0	8316	1722	10077	0	10071	0	9901	0	10123	0	8258	1613	10200	0	9986	0
54	9917	0	10105	0	8218	1564	9825	0	9993	0	10040	0	10173	0	8359	1548	10013	0	9909	0
55	7100	2715	9986	0	8040	1842	10016	0	8072	1740	8287	1813	7292	2737	8267	1717	10022	0	10089	0
56	7183	2687	9964	0	8257	1776	9853	0	8198	1800	8200	1832	7462	2590	8203	1765	10019	0	10178	0
57	7860	2195	8725	1166	10076	0	8794	1221	10073	0	10027	0	10089	0	9785	0	10035	0	8749	1272
58	7741	2220	8695	1186	10113	0	8748	1176	10083	0	9767	0	9945	0	9962	0	9988	0	8682	1198
59	10018	0	9961	0	8346	1618	10021	0	9860	0	9833	0	10062	0	8443	1553	9879	0	9905	0
60	7066	2739	9969	0	8165	1779	10021	0	8117	1804	8132	1790	7275	2757	8251	1786	10033	0	10022	0
61	9845	0	8739	1378	9966	0	8452	1464	8204	1667	8273	1681	9894	0	8305	1652	7266	2561	10090	0
62	9993	0	8715	1191	9989	0	9085	1097	9965	0	9973	0	10047	0	10074	0	10046	0	7328	2514
63	7143	2829	10193	0	8213	1825	10048	0	8196	1811	8238	1780	7377	2600	8244	1702	9823	0	9806	0
64	9968	0	10063	0	8498	1585	8760	1273	10058	0	8611	1463	7656	2247	9925	0	7724	2409	8849	1287
65	9923	0	10010	0	10015	0	10087	0	9884	0	10050	0	10057	0	9881	0	10233	0	9863	0
66	10071	0	10050	0	8370	1621	9867	0	10086	0	10120	0	9915	0	8264	1623	9910	0	10019	0
67	10075	0	8651	1242	10092	0	10033	0	8403	1548	9889	0	9940	0	9800	0	10105	0	9977	0
68	10109	0	8727	1209	10001	0	10167	0	8434	1464	10023	0	9876	0	10003	0	10073	0	10047	0
69	9840	0	10014	0	8197	1665	9795	0	9958	0	9916	0	10143	0	8491	1610	10163	0	9957	0
70	9996	0	8737	1245	10090	0	10066	0	8448	1480	10001	0	9943	0	9962	0	10101	0	9946	0
71	9992	0	8889	1152	8529	1584	10005	0	9942	0	10161	0	9894	0	8686	1566	10027	0	9979	0
72	10059	0	9989	0	8532	1527	8678	1241	10023	0	8403	1487	7786	2326	10156	0	7568	2362	8705	1280
73	10004	0	10029	0	8403	1665	10010	0	9952	0	9987	0	9929	0	8527	1602	9802	0	10031	0
74	9972	0	9940	0	8370	1713	9918	0	10042	0	9952	0	10061	0	8540	1581	9975	0	9968	0
75	7070	2793	10109	0	8044	1794	10037	0	8406	1772	8065	1822	7257	2664	8265	1757	9838	0	9955	0
76	9810	0	10155	0	8189	1638	10046	0	10213	0	9980	0	10105	0	8264	1599	9984	0	9954	0
77	7432	2787	10057	0	8283	1868	9991	0	8176	1837	8033	1900	7201	2793	8256	1775	9935	0	9959	0
78	10018	0	10169	0	10048	0	10043	0	9889	0	10032	0	10071	0	9889	0	9932	0	8474	1472
79	7315	2772	10165	0	8175	1881	9886	0	8087	1818	8223	1728	7228	2654	8097	1704	9806	0	10083	0
80	9998	0	8843	1211	10012	0	10158	0	8462	1486	10111	0	10077	0	9981	0	9999	0	9954	0
81	10047	0	10046	0	8532	1563	8591	1349	9947	0	8390	1540	7789	2303	9933	0	7566	2337	8759	1303
82	10047	0	8679	1258	10109	0	8995	1095	10016	0	10104	0	10106	0	9872	0	9788	0	7422	2512
83	9801	0	10027	0	8426	1625	9893	0	9931	0	9892	0	9958	0	8556	1524	10283	0	9999	0
84	7208	2690	10145	0	8401	1791	9881	0	8242	1757	8251	1851	7288	2730	8282	1891	9894	0	9931	0
85	10062	0	9755	0	8557	1660	9993	0	9947	0	10027	0	9878	0	8381	1575	9965	0	9972	0
86	7856	2236	8735	1168	10080	0	8782	1127	9950	0	9884	0	9744	0	9937	0	9798	0	8823	1198
87	10020	0	10004	0	8390	1632	9970	0	9795	0	9892	0	9901	0	8247	1578	10044	0	10012	0
88	7110	2788	9961	0	8358	1778	9913	0	8266	1704	8006	1748	7348	2839	8233	1787	9994	0	10075	0
89	9908	0	9873	0	8402	1694	9838	0	9736	0	9888	0	10053	0	8351	1569	10185	0	10016	0
90	9819	0	9962	0	10094	0	10008	0	10031	0	10014	0	10064	0	10061	0	9990	0	8576	1419
91	10203	0	9902	0	8325	1631	9840	0	10077	0	9816	0	10058	0	8318	1590	10031	0	10087	0
92	9975	0	10001	0	8512	1579	10026	0	9990	0	10152	0	9897	0	8522	1608	9965	0	9975	0
93	9842	0	9996	0	8379	1661	9945	0	10121	0	10025	0	9906	0	8331	1648	9873	0	10109	0
94	9908	0	9994	0	9983	0	9934	0	9973	0	9887	0	9959	0	9914	0	9902	0	8658	1452
95	9996	0	9919	0	9739	0	9912	0	10040	0	10072	0	10165	0	9855	0	9970	0	8651	1424
96	7409	2851	10120	0	8237	1805	10033	0	8221	1836	8078	1811	7219	2621	8148	1726	10024	0	10003	0
97	10178	0	9891	0	8482	1574	8654	1242	10140	0	8312	1547	7735	2306	10098	0	7581	2305	8828	1301
98	10021	0	8677	1268	10194	0	8861	1078	10127	0	10024	0	9986	0	10027	0	10009	0	7285	2537
99	9942	0	8725	1220	9894	0	9930	0	8451	1501	10061	0	9930	0	10071	0	9955	0	10067	0
