gene_id	sample0	sample0	sample1	sample1	sample2	sample2	sample3	sample3	sample4	sample4	sample5	sample5	sample6	sample6	sample7	sample7	sample8	sample8	sample9	sample9
0	10040	0	10015	0	9902	0	10071	0	8771	1268	7256	2686	8503	1505	8331	1615	8142	1739	9905	0
1	4954	4935	7304	2700	7663	2295	6880	3065	7551	2557	9821	0	9886	0	6526	3385	10001	0	8754	1242
2	4922	5001	7257	2687	7582	2400	6776	3089	7415	2564	9939	0	10076	0	6652	3221	10085	0	8729	1292
3	9939	0	9973	0	10164	0	9954	0	9921	0	7698	2269	8769	1246	10168	0	8610	1614	9960	0
4	5042	5075	7294	2602	7742	2500	6905	3180	7317	2468	7709	2345	6384	3448	6905	3370	6713	3185	7333	2644
5	5152	5039	7096	2714	7654	2386	6912	3193	7300	2479	7652	2262	6411	3586	6631	3369	6956	3249	7314	2728
6	7861	2182	9883	0	7694	2410	10020	0	10013	0	10042	0	9963	0	9932	0	9935	0	8660	1205
7	10087	0	9827	0	9950	0	8128	1904	9989	0	10036	0	9804	0	9976	0	10029	0	9006	921
8	10164	0	9996	0	10096	0	10207	0	9852	0	7686	2260	8080	2202	10091	0	8418	1501	9959	0
9	9959	0	10231	0	10037	0	9922	0	10101	0	7697	2371	8674	1250	9958	0	8456	1572	10040	0
10	10021	0	9979	0	10037	0	9933	0	9913	0	7815	2214	7988	2209	10091	0	8533	1522	9996	0
11	9956	0	9936	0	10099	0	9995	0	8797	1316	10004	0	9900	0	9922	0	9982	0	9858	0
12	4770	4904	7227	2772	7608	2443	7080	3140	7469	2618	7727	2246	6492	3508	6644	3356	6709	3277	7205	2779
13	4916	4882	7193	2723	7595	2411	6814	3322	7498	2479	10030	0	10108	0	6630	3365	9933	0	8720	1257
14	10018	0	9886	0	9862	0	9802	0	8651	1233	10139	0	9768	0	10020	0	10016	0	9903	0
15	10159	0	9960	0	10061	0	9879	0	10059	0	7743	2266	7834	2118	10166	0	8556	1496	10123	0
16	9880	0	9858	0	9974	0	8205	1903	10266	0	9983	0	9995	0	9993	0	10240	0	9113	948
17	9974	0	10065	0	9931	0	10043	0	10081	0	7643	2245	7912	2033	9994	0	8223	1512	9898	0
18	10065	0	10196	0	10005	0	10002	0	10046	0	7682	2254	8794	1271	9958	0	8531	1481	10054	0
19	9945	0	10040	0	9839	0	10222	0	8726	1277	7370	2790	8487	1477	8315	1646	8337	1756	10077	0
20	10142	0	9931	0	10071	0	9878	0	8697	1225	7288	2771	8583	1477	8370	1675	8190	1799	9914	0
21	10115	0	10076	0	9885	0	8027	1880	9840	0	9979	0	9976	0	9964	0	9927	0	9058	978
22	5076	4894	7288	2664	7717	2437	6821	3135	7318	2616	7879	2293	6548	3631	6579	3333	6764	3154	7427	2625
23	10102	0	10103	0	9842	0	10010	0	8893	1173	10097	0	9891	0	8212	1581	9990	0	10021	0
24	4985	5003	7212	2675	7591	2349	6950	3139	7343	2515	7690	2346	6427	3552	6547	3376	6892	3182	7326	2701
25	7872	2182	9893	0	7525	2412	10154	0	10000	0	9928	0	9898	0	10078	0	10130	0	8688	1258
26	9972	0	9966	0	10033	0	10014	0	9925	0	7741	2384	8817	1231	9988	0	8441	1480	10070	0
27	4965	5086	7073	2631	7522	2344	6796	3151	7375	2603	7724	2310	6369	3517	6494	3357	6811	3325	7373	2682
28	5126	5049	7224	2656	7623	2389	6800	3047	7595	2526	10020	0	9948	0	6604	3364	10083	0	8797	1191
29	5022	4979	7187	2722	7751	2366	6774	3126	7555	2532	9972	0	10018	0	6574	3357	10000	0	8723	1288
30	5015	4951	7318	2801	7516	2392	6776	3084	7476	2516	10038	0	9898	0	6761	3384	9873	0	8796	1233
31	9971	0	10133	0	10051	0	10068	0	8918	1186	10014	0	10033	0	8278	1542	9763	0	9911	0
32	4886	5085	7257	2743	7684	2384	6951	3279	7265	2556	9912	0	10092	0	6630	3310	10016	0	8768	1263
33	10087	0	10198	0	9931	0	9928	0	8834	1192	7275	2672	8642	1476	8182	1669	8323	1870	10094	0
34	9930	0	9928	0	9959	0	9825	0	10122	0	7752	2271	8717	1213	10149	0	8712	1449	9976	0
35	10036	0	10115	0	9954	0	10017	0	8783	1301	7328	2695	8344	1469	8242	1639	8358	1800	10111	0
36	10052	0	10013	0	9998	0	9904	0	10076	0	7804	2300	8683	1245	10011	0	8609	1426	9884	0
37	5010	5013	7305	2712	7743	2342	6803	3066	7510	2527	7504	2261	6556	3572	6479	3381	6758	3205	7337	2584
38	10006	0	9929	0	9957	0	8070	1898	9975	0	9959	0	9972	0	9955	0	9993	0	9058	949
39	7805	2192	9990	0	7842	2327	10106	0	9964	0	10013	0	9912	0	10066	0	10011	0	8748	1267
40	10066	0	9904	0	10043	0	8121	1921	9876	0	10032	0	10019	0	10001	0	10003	0	8977	969
41	9876	0	10006	0	9963	0	9845	0	10040	0	7704	2265	7959	2042	9838	0	8398	1450	9962	0
42	9874	0	10277	0	9792	0	9900	0	9961	0	7739	2223	7683	2075	9861	0	8633	1503	10116	0
43	9956	0	10168	0	9917	0	10029	0	10182	0	7771	2238	8053	2119	9953	0	8658	1529	9976	0
44	9875	0	9959	0	9953	0	9984	0	10070	0	7684	2300	8009	2146	10018	0	8528	1459	9952	0
45	4901	4995	7322	2725	7687	2476	6908	3101	7450	2556	10085	0	9896	0	6612	3359	9929	0	8804	1287
46	10013	0	9924	0	10090	0	9986	0	9956	0	7711	2332	7875	2112	9975	0	8345	1501	9914	0
47	10049	0	9939	0	10135	0	9928	0	10036	0	7636	2191	8792	1182	9989	0	8399	1531	10029	0
48	9868	0	9899	0	9793	0	8184	1936	9992	0	10050	0	10006	0	9945	0	9964	0	9041	953
49	9910	0	10149	0	10146	0	9904	0	10238	0	7648	2277	7790	2142	10028	0	8297	1520	10083	0
50	9966	0	10012	0	9940	0	8033	1910	9949	0	10114	0	9823	0	9853	0	9938	0	8977	964
51	9969	0	10100	0	10231	0	8279	1821	9972	0	9969	0	10103	0	10097	0	9966	0	9035	963
52	7810	2163	10114	0	7550	2373	10113	0	10078	0	9827	0	10209	0	10061	0	9953	0	8861	1253
53	9821	0	9918	0	10120	0	9950	0	8786	1295	7233	2739	8472	1480	8434	1711	8265	1850	9896	0
54	10001	0	9931	0	9791	0	9939	0	9912	0	7710	2279	7851	2135	10011	0	8407	1530	9968	0
55	10151	0	10029	0	9835	0	9964	0	10114	0	7549	2171	8737	1228	10105	0	8632	1457	10040	0
56	10006	0	9891	0	10013	0	10256	0	9904	0	7699	2280	7797	2114	10154	0	8554	1457	10029	0
57	9801	0	9817	0	9912	0	8205	1814	10029	0	9991	0	9847	0	10004	0	9761	0	8917	954
58	4994	4987	7219	2686	7679	2359	6740	3066	7419	2486	7667	2217	6622	3559	6644	3278	6964	3159	7263	2656
59	7732	2215	10054	0	7567	2378	9917	0	10126	0	9991	0	9909	0	10040	0	10046	0	8707	1269
60	7884	2108	10027	0	7462	2454	10043	0	9997	0	10001	0	10077	0	9906	0	10071	0	8846	1310
61	7817	2188	10081	0	7514	2463	10043	0	10008	0	10157	0	10206	0	9928	0	9875	0	8880	1297
62	10076	0	9939	0	10050	0	8231	1825	9988	0	9871	0	9979	0	10026	0	10030	0	9045	955
63	10083	0	9809	0	10111	0	10062	0	9748	0	7639	2257	8762	1288	9977	0	8488	1493	9871	0
64	10032	0	9965	0	10120	0	9926	0	9992	0	7643	2340	8604	1229	10073	0	8472	1479	10123	0
65	10041	0	9888	0	10230	0	10154	0	8878	1175	10026	0	10008	0	8484	1493	10015	0	10123	0
66	9995	0	9856	0	10051	0	10159	0	8708	1321	7126	2692	8601	1461	8337	1652	8297	1800	10095	0
67	10058	0	9971	0	10024	0	8203	1831	9958	0	9837	0	9909	0	10135	0	10060	0	9079	928
68	9956	0	9937	0	9914	0	8148	1810	9899	0	10074	0	9959	0	9883	0	10018	0	9181	944
69	10169	0	10034	0	9991	0	8189	1886	10040	0	9981	0	10070	0	9950	0	10079	0	9038	1005
70	4962	5044	7087	2649	7522	2355	6890	3139	7390	2557	7757	2273	6507	3659	6612	3405	6790	3156	7403	2620
71	4920	5012	7258	2733	7650	2404	6798	3171	7543	2514	7751	2259	6407	3535	6652	3275	6799	3194	7375	2625
72	9994	0	9943	0	10090	0	10110	0	9894	0	7698	2325	7873	2180	9988	0	8418	1514	9916	0
73	9948	0	9956	0	9875	0	10166	0	8830	1253	7265	2665	8612	1487	8364	1610	8186	1778	9931	0
74	5029	4890	7266	2742	7664	2335	6963	3186	7458	2630	10083	0	9970	0	6438	3400	10159	0	8635	1285
75	10116	0	10029	0	10134	0	10191	0	9889	0	7814	2335	7904	2100	10125	0	8440	1546	10118	0
76	10067	0	7841	2248	7327	2597	10096	0	10223	0	9999	0	10104	0	10024	0	9941	0	8576	1326
77	4937	5073	7268	2708	7622	2453	6897	3067	7585	2575	10003	0	10016	0	6586	3444	10171	0	8710	1271
78	4924	4950	7379	2728	7615	2447	6944	3162	7530	2457	9950	0	10105	0	6659	3356	9937	0	8632	1249
79	9992	0	9995	0	10074	0	10054	0	8707	1282	7457	2650	8503	1516	8453	1695	8281	1704	9972	0
80	5075	5066	7261	2686	7554	2319	6976	3209	7495	2496	7806	2272	6417	3567	6752	3325	6906	3232	7326	2586
81	9857	0	10014	0	10005	0	10127	0	8882	1243	9954	0	10098	0	9953	0	10034	0	9879	0
82	9980	0	10015	0	9838	0	8014	1958	9934	0	9991	0	9922	0	10024	0	10159	0	8931	957
83	9991	0	10158	0	10113	0	8214	1901	10085	0	10105	0	10011	0	9984	0	9970	0	8913	985
84	7906	2171	10173	0	7604	2337	9998	0	10045	0	9926	0	10045	0	10011	0	9813	0	8861	1281
85	5001	5054	7418	2758	7605	2492	6900	3123	7561	2581	9997	0	9970	0	6716	3409	9892	0	8591	1240
86	10080	0	10056	0	10047	0	9826	0	10083	0	7787	2286	8003	2153	9869	0	8579	1488	10023	0
87	9942	0	9917	0	10231	0	9866	0	8848	1192	9988	0	10111	0	8451	1507	9932	0	9837	0
88	4988	4981	7304	2694	7486	2421	6769	3210	7559	2590	9930	0	10097	0	6756	3342	10087	0	8857	1209
89	4960	4942	7314	2693	7697	2462	6755	3102	7356	2487	10142	0	9963	0	6726	3377	9981	0	8738	1263
90	9919	0	9862	0	10013	0	9933	0	9945	0	7710	2311	8805	1246	10016	0	8486	1460	9899	0
91	7797	2223	10007	0	7511	2308	10013	0	9962	0	10031	0	9930	0	10043	0	9943	0	8468	1276
92	5028	5059	7341	2689	7774	2398	6895	3140	7518	2588	9926	0	10037	0	6705	3358	9982	0	8929	1267
93	4949	4988	7437	2666	7706	2339	6874	3128	7468	2499	7527	2294	6486	3605	6698	3402	6812	3133	7415	2732
94	10047	0	10033	0	9886	0	8146	1883	10159	0	10184	0	9994	0	10114	0	9941	0	9030	961
95	9896	0	10109	0	9886	0	9768	0	8739	1283	7346	2654	8552	1483	8207	1591	8279	1825	10148	0
96	9971	0	9912	0	9935	0	9990	0	8796	1259	7271	2761	8372	1496	8331	1576	8271	1821	9972	0
97	10000	0	9994	0	10061	0	9877	0	10043	0	7610	2191	7874	2117	9883	0	8310	1510	10054	0
98	9848	0	9953	0	9951	0	8177	1857	10069	0	10102	0	9917	0	9950	0	9984	0	9072	1007
99	10075	0	10007	0	9889	0	9860	0	8730	1220	7330	2583	8678	1499	8399	1635	8347	1779	10027	0
