Chromosome	Position	Change	Gene	sample0	sample1	sample2	sample3	sample4	sample5	sample6	sample7	sample8	sample9
1	0	G>C	1	1008	998	1039	978	969	1027	1027	1018	984	991
1	1	C>T	1	1021	998	951	1012	992	972	1047	1003	1004	993
1	2	T>A	1	974	989	967	997	989	955	1005	989	1012	1005
1	3	G>T	1	1014	990	1023	1049	966	1002	1036	1010	1006	1022
1	4	G>C	1	978	1016	972	1015	964	999	1025	1015	975	1001
1	5	C>A	1	1033	972	980	1041	986	999	1025	928	1038	968
1	6	A>G	1	952	1023	1015	973	1014	982	1027	1017	965	986
1	7	G>T	1	1040	1009	972	982	969	1017	1035	968	983	943
1	8	A>C	1	1001	1078	980	969	999	986	989	1000	960	1020
1	9	T>G	1	967	1013	969	1001	989	1097	1027	954	1029	955
1	10	C>A	1	986	1040	989	1004	1031	1018	1026	1051	1046	1024
1	11	G>C	1	1010	1002	1015	991	1071	1030	995	1042	1036	1060
1	12	T>G	1	998	1065	994	1032	983	975	997	1022	1011	1023
1	13	A>T	1	1041	1087	1036	968	1020	948	1027	1011	983	1021
1	14	T>A	1	935	1023	1022	1019	986	1050	1064	1075	1010	982
1	15	A>G	1	1045	948	1062	987	973	972	980	1002	995	1033
1	16	A>C	1	1020	977	955	1046	955	921	934	987	989	975
1	17	T>G	1	1018	1001	965	993	1028	934	1028	1042	983	1023
1	18	C>T	1	997	997	1030	990	951	998	929	977	1010	1006
1	19	T>C	1	1006	986	1035	1023	1014	966	990	1026	979	996
1	20	A>G	1	964	1050	1008	967	995	957	993	973	1022	956
1	21	G>A	1	986	968	1012	1055	1039	982	963	1010	1021	1001
1	22	A>C	1	997	982	968	1042	1014	999	999	1010	997	982
1	23	A>C	1	1041	1014	996	981	994	1004	987	979	1000	1069
1	24	T>A	1	1031	931	1023	951	972	954	1016	1048	987	1028
1	25	T>G	1	1051	1018	1009	984	956	1003	969	1016	1018	1025
1	26	A>C	1	1022	1016	972	1006	967	985	993	1016	1030	1019
1	27	T>C	1	982	1009	1049	1019	998	1024	1009	1094	1025	1019
1	28	T>A	1	996	1055	1023	986	1021	1042	1015	1006	994	1066
1	29	C>T	1	1024	971	974	993	968	999	999	977	992	968
1	30	C>T	1	987	989	1009	973	1017	1001	964	1011	984	1038
1	31	A>G	1	940	1011	965	1015	957	974	1005	977	999	1009
1	32	C>T	1	1032	988	1056	1011	1034	934	960	983	999	1008
1	33	T>A	1	987	979	987	1030	964	1041	989	1031	1005	1013
1	34	T>C	1	995	950	970	1005	1027	982	964	1052	984	1050
1	35	A>G	1	972	1006	965	990	1032	1001	933	1023	1034	1006
1	36	G>C	1	959	972	1012	1008	1028	1001	999	1048	1047	987
1	37	T>A	1	932	980	988	1016	1016	974	988	951	956	1020
1	38	T>C	1	996	1002	981	990	1049	1038	1014	1007	1020	979
1	39	T>A	1	1014	998	989	1006	974	1034	944	984	935	965
1	40	C>T	1	968	1038	956	993	978	985	994	982	950	1015
1	41	G>A	1	997	971	971	1002	1000	963	977	1017	1027	998
1	42	A>C	1	969	950	1029	987	1004	989	1002	995	980	1020
1	43	G>C	1	1000	953	1030	977	1013	984	984	1010	957	1031
1	44	T>C	1	999	982	985	1017	980	1011	948	976	1032	1024
1	45	C>T	1	1011	1008	982	997	1003	1022	949	1005	1060	1020
1	46	A>T	1	1012	983	1040	1018	1022	1008	972	1012	1017	988
1	47	G>A	1	1037	987	1016	1015	1034	985	956	1052	1052	967
1	48	T>G	1	959	1003	991	1040	1041	953	947	964	981	1005
1	49	T>C	1	969	994	978	1036	971	1013	1044	994	976	996
1	50	T>C	1	991	1004	983	1046	1022	960	1018	978	995	948
1	51	C>T	1	971	1046	976	996	952	980	1018	989	1018	1040
1	52	A>T	1	995	1016	1062	1003	982	1010	992	988	1018	1046
1	53	G>C	1	977	943	958	982	1072	998	1041	1034	966	1014
1	54	A>T	1	1047	999	1011	1016	1049	950	1002	997	961	997
1	55	C>A	1	970	950	938	1012	997	964	1017	1058	1017	1056
1	56	T>A	1	1001	1082	1027	1007	996	955	938	1027	969	1033
1	57	G>C	1	937	957	1038	1009	979	1003	957	997	977	999
1	58	G>A	1	944	1037	1012	1033	995	1001	996	1059	941	1030
1	59	G>T	1	943	969	1001	934	975	1034	996	987	942	975
1	60	G>C	1	1021	990	1011	964	1021	1008	961	960	997	965
1	61	A>C	1	1015	1027	995	967	1006	1017	986	1046	1055	1015
1	62	T>A	1	1026	943	1032	980	1051	985	1015	1050	980	983
1	63	G>C	1	1000	993	997	1015	1013	982	1010	959	1044	980
1	64	C>T	1	1021	995	1002	1014	1022	1015	999	1032	982	998
1	65	G>T	1	998	994	1027	1014	1009	966	1010	958	1016	979
1	66	T>C	1	937	992	976	1049	949	1024	1009	1024	968	1020
1	67	C>A	1	963	1021	1000	1064	1007	985	1006	999	987	1022
1	68	G>C	1	995	1018	962	952	936	980	931	967	1012	1054
1	69	G>A	1	985	1026	1012	984	976	1015	1004	1015	1002	970
1	70	A>T	1	1015	990	1029	968	1011	984	972	987	1022	1024
1	71	C>G	1	895	971	965	1011	970	1042	923	995	982	999
1	72	T>A	1	1014	989	967	1023	971	998	988	978	1046	1019
1	73	T>G	1	974	994	988	988	983	952	966	1024	1035	970
1	74	A>T	1	1010	976	991	1023	1000	1020	1044	1045	1030	943
1	75	A>T	1	973	941	982	1043	1033	1014	988	1001	1011	1003
1	76	C>A	1	975	1080	974	1027	993	1035	1071	1049	959	1027
1	77	C>G	1	1013	1037	980	946	1020	1019	1001	981	1014	1011
1	78	T>A	1	967	985	943	993	994	890	1040	1050	975	1006
1	79	T>G	1	1014	936	1039	1041	1018	1001	1000	1023	974	1018
1	80	A>C	1	1043	1047	954	1039	1038	956	936	1033	998	974
1	81	C>A	1	998	1016	1001	992	1010	1032	947	1001	1005	1064
1	82	G>A	1	1022	983	1006	1044	999	1012	985	967	961	1046
1	83	A>T	1	1001	1069	1015	1038	1023	959	958	1028	990	976
1	84	T>C	1	1027	1078	997	1005	1035	1000	1011	1013	981	1021
1	85	C>T	1	1038	1015	963	972	1001	963	976	1037	991	981
1	86	T>C	1	976	1034	1089	1010	964	1016	1019	971	961	1030
1	87	G>A	1	969	1023	1017	994	1005	943	965	1017	1055	989
1	88	A>G	1	930	994	960	913	945	1017	960	969	1000	1038
1	89	G>A	1	979	954	977	975	999	1036	966	939	1003	1010
1	90	G>T	1	1013	964	994	1015	1003	1000	985	1008	1032	1006
1	91	T>C	1	963	1022	1026	1024	1004	981	961	953	996	1014
1	92	A>G	1	933	988	1010	1002	1002	1037	1008	1022	1021	998
1	93	G>T	1	931	990	988	959	950	997	983	1003	1005	992
1	94	A>G	1	1075	1023	980	1005	1006	1012	960	1007	964	1021
1	95	A>C	1	1016	962	962	1018	974	1034	976	1035	968	1023
1	96	T>G	1	1055	979	1047	997	1019	1066	1029	1003	1028	1028
1	97	A>C	1	1012	963	953	1042	999	1034	1021	1033	957	1050
1	98	A>G	1	988	1013	995	1002	1067	1031	1021	973	950	999
1	99	G>T	1	1028	1030	1012	967	1001	1001	1040	1019	991	995
