Chromosome	Position	Change	Gene	sample0	sample1	sample2	sample3	sample4	sample5	sample6	sample7	sample8	sample9
1	0	C>G	1	0	319	0	0	206	0	0	178	0	129
1	1	G>A	1	171	0	120	0	0	0	0	0	0	84
1	2	T>C	1	0	176	0	142	0	0	0	0	0	0
1	3	C>T	1	0	189	0	119	0	0	0	191	0	0
1	4	T>A	1	0	185	0	122	0	0	0	186	0	0
1	5	C>G	1	319	517	255	107	343	135	0	350	305	356
1	6	C>G	1	0	191	0	118	0	0	0	0	0	0
1	7	C>T	1	0	182	0	126	0	0	0	161	0	0
1	8	C>G	1	0	309	0	0	196	0	0	171	0	152
1	9	C>G	1	299	504	237	120	342	139	0	378	304	379
1	10	A>G	1	329	505	224	141	369	133	0	350	315	376
1	11	A>T	1	0	194	0	116	0	0	0	0	0	0
1	12	G>A	1	154	0	118	0	0	0	0	0	0	114
1	13	G>T	1	0	203	0	120	0	0	0	0	0	0
1	14	T>C	1	146	0	109	0	0	0	0	0	0	118
1	15	G>C	1	159	0	140	0	0	0	0	0	0	117
1	16	G>A	1	342	504	252	339	334	315	260	339	474	427
1	17	T>C	1	0	192	0	100	0	0	0	0	0	0
1	18	A>T	1	310	496	229	317	361	315	280	318	522	374
1	19	T>A	1	0	204	0	130	0	0	0	0	0	0
1	20	T>A	1	170	0	103	0	0	0	0	0	0	110
1	21	C>T	1	309	511	206	331	386	315	270	318	479	383
1	22	G>A	1	0	0	144	0	139	0	237	0	0	0
1	23	T>G	1	0	172	0	130	0	0	0	175	0	0
1	24	G>T	1	327	490	227	135	338	125	0	351	281	366
1	25	C>G	1	0	193	0	123	0	0	0	165	0	0
1	26	A>C	1	0	0	146	0	129	0	234	0	0	0
1	27	C>A	1	144	0	85	0	0	146	0	0	153	0
1	28	T>C	1	0	315	0	0	184	0	0	175	0	154
1	29	T>G	1	0	187	0	117	0	0	0	168	0	0
1	30	G>T	1	0	0	137	0	147	0	252	0	0	0
1	31	A>T	1	142	0	126	0	0	0	0	0	0	97
1	32	C>A	1	191	0	112	0	0	0	0	0	0	112
1	33	G>C	1	0	169	0	152	0	0	0	0	0	0
1	34	T>C	1	0	194	0	124	0	0	0	167	0	0
1	35	A>T	1	157	0	110	0	0	126	0	0	135	0
1	36	G>T	1	150	0	119	0	0	143	0	0	120	0
1	37	T>A	1	0	333	0	0	205	0	0	166	0	159
1	38	G>C	1	0	213	0	141	0	0	0	0	0	0
1	39	T>G	1	333	493	248	120	316	122	0	344	312	366
1	40	T>C	1	156	0	135	0	0	0	0	0	0	105
1	41	C>G	1	168	0	123	0	0	0	0	0	0	110
1	42	C>G	1	192	0	145	164	0	179	0	151	0	127
1	43	T>A	1	277	529	233	314	341	325	264	348	498	395
1	44	C>T	1	0	149	0	111	0	0	0	0	0	0
1	45	C>A	1	0	197	0	116	0	0	0	176	0	0
1	46	A>C	1	321	512	217	120	358	127	0	359	312	389
1	47	A>G	1	302	484	225	341	340	311	283	340	497	375
1	48	A>C	1	0	184	0	107	0	0	0	141	0	0
1	49	A>T	1	0	181	0	122	0	0	0	186	0	0
1	50	G>T	1	0	176	0	125	0	0	0	190	0	0
1	51	C>A	1	202	0	132	160	0	180	0	167	0	116
1	52	A>T	1	178	0	133	0	0	0	0	0	0	111
1	53	C>A	1	0	177	0	111	0	0	0	0	0	0
1	54	T>C	1	169	0	127	0	0	0	0	0	0	102
1	55	C>A	1	0	336	0	0	195	0	0	170	0	150
1	56	T>C	1	0	193	0	118	0	0	0	0	0	0
1	57	A>C	1	0	159	0	124	0	0	0	176	0	0
1	58	G>T	1	0	318	0	0	196	0	0	188	0	139
1	59	G>T	1	0	161	0	134	0	0	0	190	0	0
1	60	G>C	1	302	469	232	296	359	382	290	348	492	358
1	61	A>G	1	0	187	0	126	0	0	0	0	0	0
1	62	G>A	1	0	208	0	118	0	0	0	0	0	0
1	63	C>T	1	0	330	0	0	198	0	0	172	0	143
1	64	A>T	1	0	190	0	128	0	0	0	180	0	0
1	65	C>G	1	0	190	0	108	0	0	0	0	0	0
1	66	C>T	1	0	195	0	120	0	0	0	0	0	0
1	67	C>A	1	0	188	0	123	0	0	0	0	0	0
1	68	T>C	1	175	0	122	0	0	0	0	0	0	122
1	69	G>T	1	152	511	90	115	197	128	0	343	294	261
1	70	C>G	1	144	0	112	0	0	0	0	0	0	109
1	71	A>C	1	0	169	0	116	0	0	0	0	0	0
1	72	C>G	1	166	0	109	0	0	133	0	0	135	0
1	73	T>A	1	0	198	0	132	0	0	0	0	0	0
1	74	G>A	1	0	339	0	0	179	0	0	202	0	166
1	75	T>C	1	148	0	116	0	0	0	0	0	0	100
1	76	T>C	1	0	302	0	0	175	0	0	186	0	160
1	77	G>C	1	0	196	0	114	0	0	0	0	0	0
1	78	T>G	1	159	0	116	0	0	0	0	0	0	95
1	79	A>G	1	0	166	0	108	0	0	0	167	0	0
1	80	A>G	1	0	305	0	0	207	0	0	157	0	150
1	81	C>G	1	0	314	0	0	221	0	0	182	0	154
1	82	G>A	1	172	0	146	202	0	198	0	155	0	133
1	83	T>A	1	156	0	123	0	0	0	0	0	0	102
1	84	G>T	1	286	482	212	119	351	161	0	329	288	401
1	85	G>T	1	154	0	104	0	0	145	0	0	127	0
1	86	A>G	1	157	0	113	0	0	0	0	0	0	117
1	87	C>G	1	0	166	0	147	0	0	0	0	0	0
1	88	T>C	1	309	528	229	335	355	325	265	339	537	357
1	89	A>G	1	312	518	228	315	354	327	260	349	502	344
1	90	A>T	1	0	255	0	0	206	0	0	164	0	148
1	91	A>C	1	177	0	115	0	0	0	0	0	0	96
1	92	T>A	1	0	180	0	127	0	0	0	0	0	0
1	93	G>C	1	0	350	0	0	198	0	0	170	0	143
1	94	A>G	1	0	312	0	0	190	0	0	184	0	150
1	95	A>T	1	0	0	120	0	131	0	223	0	0	0
1	96	G>A	1	150	0	126	0	0	142	0	0	140	0
1	97	T>C	1	150	0	94	0	0	124	0	0	146	0
1	98	A>G	1	0	182	0	117	0	0	0	0	0	0
1	99	A>G	1	0	194	0	134	0	0	0	180	0	0
