Chromosome	Position	Change	Gene	sample0	sample1	sample2	sample3	sample4
1	0	T>G	1	1002	999	1028	1000	965
1	1	T>C	1	1034	991	1022	968	967
1	2	C>T	1	1002	992	1009	962	1051
1	3	A>C	1	962	1018	1020	961	1022
1	4	T>C	1	1052	995	1086	939	996
1	5	T>G	1	976	987	976	996	957
1	6	G>A	1	996	1003	1012	991	1007
1	7	C>T	1	1019	986	1021	1064	985
1	8	C>G	1	1027	1010	1020	1003	1039
1	9	A>C	1	971	1008	1016	1054	989
1	10	A>C	1	1039	1010	1001	997	944
1	11	T>C	1	1025	1008	976	994	996
1	12	A>T	1	999	1003	1015	1023	1003
1	13	C>G	1	983	1012	1004	1017	998
1	14	A>T	1	1057	1076	988	944	1004
1	15	A>C	1	951	1046	976	956	1007
1	16	C>G	1	1054	1005	1032	1013	1044
1	17	T>G	1	1004	1049	1012	957	1029
1	18	C>T	1	951	1038	1017	1001	973
1	19	C>G	1	975	1029	967	972	995
1	20	A>C	1	976	961	966	1047	1028
1	21	A>G	1	1005	1034	1064	990	974
1	22	G>C	1	1016	990	999	978	1025
1	23	T>G	1	1011	1007	1031	1016	1072
1	24	T>G	1	967	987	979	1015	961
1	25	G>C	1	999	1007	981	1025	956
1	26	C>A	1	1008	967	973	1058	954
1	27	C>T	1	997	966	1057	995	930
1	28	C>G	1	1025	984	994	985	1072
1	29	T>G	1	1029	987	1048	1002	997
1	30	T>A	1	985	988	1040	980	975
1	31	G>T	1	1041	991	966	992	1045
1	32	A>T	1	945	946	992	1017	1006
1	33	T>C	1	985	987	1000	993	1008
1	34	A>C	1	1014	975	1026	995	986
1	35	G>C	1	991	1076	1044	921	971
1	36	C>G	1	934	945	1014	956	979
1	37	T>A	1	998	1000	1000	997	988
1	38	G>T	1	985	955	1064	1021	998
1	39	C>G	1	956	972	994	979	967
1	40	G>T	1	989	1000	971	954	1033
1	41	A>G	1	1009	1033	1055	959	916
1	42	C>A	1	955	956	1030	1056	1002
1	43	C>G	1	933	1050	964	973	1012
1	44	G>A	1	1021	985	1001	1009	995
1	45	A>G	1	1008	997	1040	1016	951
1	46	C>G	1	953	1008	1008	1018	999
1	47	C>T	1	995	1046	978	1013	1028
1	48	T>C	1	1028	1031	1009	992	991
1	49	T>G	1	1003	1048	991	957	1046
1	50	G>C	1	1004	1042	1048	1031	922
1	51	A>C	1	937	1007	1001	1061	1011
1	52	G>A	1	1026	967	1017	955	988
1	53	A>T	1	982	957	1009	982	994
1	54	T>C	1	995	1034	991	969	1020
1	55	G>T	1	984	972	1022	1035	986
1	56	C>G	1	980	1006	1019	980	971
1	57	T>A	1	977	997	1029	992	988
1	58	C>T	1	971	936	971	967	1032
1	59	T>G	1	993	1033	985	990	1083
1	60	A>C	1	1008	977	995	1002	973
1	61	C>A	1	1033	973	975	1013	1023
1	62	C>A	1	1001	1036	1002	1015	1005
1	63	G>A	1	991	1021	1003	1049	996
1	64	T>C	1	980	1016	1011	986	992
1	65	T>G	1	974	1003	980	962	1031
1	66	T>G	1	1005	1005	1015	979	955
1	67	T>C	1	1010	980	941	998	978
1	68	G>A	1	929	975	1038	1007	1022
1	69	T>C	1	956	1092	1031	930	989
1	70	G>T	1	1019	995	1055	1018	1034
1	71	C>G	1	997	965	984	1038	1026
1	72	T>G	1	1004	1017	1006	965	1018
1	73	T>G	1	984	1006	999	1001	965
1	74	G>C	1	947	1057	987	1047	1062
1	75	G>A	1	1010	1035	906	1001	1016
1	76	C>T	1	989	997	1027	1017	1009
1	77	G>A	1	1003	1010	990	1025	980
1	78	A>C	1	1022	1022	1076	1041	1012
1	79	A>C	1	969	1011	980	1043	998
1	80	T>A	1	1072	927	1019	1020	977
1	81	T>G	1	975	1004	1006	1026	982
1	82	A>T	1	1045	1033	979	1010	1020
1	83	G>T	1	986	1003	1021	945	1055
1	84	G>A	1	1004	1049	927	1006	1031
1	85	T>C	1	994	1028	1009	1039	1001
1	86	T>G	1	985	1030	993	1012	979
1	87	A>G	1	1022	988	964	1041	1013
1	88	G>C	1	1022	1002	981	1004	986
1	89	G>T	1	1039	958	1014	987	1013
1	90	A>T	1	1026	957	1013	1004	933
1	91	C>A	1	1010	961	950	980	977
1	92	T>C	1	971	1051	992	998	1028
1	93	G>C	1	975	993	990	926	976
1	94	T>A	1	1015	995	990	990	1030
1	95	T>C	1	943	992	1020	1004	1075
1	96	A>G	1	1003	1035	996	1029	988
1	97	A>C	1	961	977	1061	992	978
1	98	A>G	1	942	992	909	1025	992
1	99	T>A	1	1029	948	936	995	990
