Chromosome	Position	Change	Gene	sample0	sample1	sample2	sample3	sample4
1	0	G>T	1	91	95	123	105	110
1	1	T>C	1	90	103	98	95	115
1	2	G>A	1	94	114	107	98	101
1	3	G>A	1	94	89	103	105	89
1	4	C>T	1	93	93	110	97	92
1	5	G>T	1	89	102	87	107	95
1	6	G>A	1	108	115	114	82	101
1	7	C>G	1	84	82	92	111	95
1	8	A>G	1	89	96	93	85	97
1	9	G>T	1	95	101	89	94	110
1	10	A>C	1	99	97	93	87	113
1	11	T>A	1	82	99	103	98	104
1	12	A>C	1	115	115	93	108	111
1	13	C>T	1	97	103	102	97	88
1	14	A>C	1	123	107	82	94	100
1	15	T>C	1	94	87	96	106	106
1	16	T>G	1	112	100	86	93	91
1	17	A>T	1	95	83	107	95	105
1	18	G>A	1	79	104	94	88	114
1	19	T>C	1	114	86	99	89	96
1	20	A>T	1	91	98	100	109	104
1	21	A>T	1	105	115	104	97	100
1	22	A>C	1	95	106	111	72	116
1	23	C>G	1	95	117	102	94	109
1	24	T>A	1	97	97	95	106	99
1	25	T>A	1	109	91	112	88	78
1	26	T>G	1	91	110	86	95	88
1	27	G>C	1	116	86	95	95	102
1	28	C>A	1	92	83	95	102	96
1	29	C>G	1	80	103	93	96	115
1	30	T>G	1	104	101	99	99	100
1	31	C>T	1	108	88	99	115	87
1	32	C>A	1	102	119	102	92	95
1	33	T>C	1	102	101	101	110	105
1	34	C>T	1	90	97	99	106	108
1	35	C>A	1	107	93	99	114	95
1	36	A>C	1	98	95	106	89	110
1	37	A>C	1	104	101	81	93	84
1	38	C>T	1	94	102	106	91	104
1	39	C>G	1	87	99	96	123	108
1	40	C>A	1	104	107	102	110	114
1	41	A>T	1	96	97	106	107	105
1	42	C>A	1	98	118	119	95	96
1	43	G>A	1	93	88	119	90	107
1	44	C>G	1	100	117	108	108	116
1	45	G>C	1	92	108	113	96	106
1	46	G>C	1	91	88	104	103	105
1	47	C>T	1	94	106	100	105	103
1	48	C>A	1	109	97	97	113	112
1	49	T>A	1	87	105	95	86	97
1	50	A>C	1	103	96	101	113	105
1	51	G>C	1	97	97	98	95	111
1	52	C>T	1	106	83	99	88	105
1	53	A>C	1	102	95	99	113	92
1	54	G>A	1	87	95	107	108	89
1	55	A>T	1	100	106	79	99	107
1	56	T>C	1	82	92	98	95	88
1	57	G>C	1	90	93	104	109	101
1	58	A>T	1	103	95	118	108	103
1	59	C>A	1	116	109	107	102	100
1	60	T>A	1	96	113	104	109	90
1	61	A>T	1	93	112	102	89	125
1	62	T>A	1	99	113	104	102	120
1	63	A>G	1	101	98	133	94	100
1	64	T>C	1	94	93	130	105	107
1	65	A>C	1	114	83	106	101	93
1	66	A>G	1	94	82	92	92	105
1	67	A>T	1	111	104	104	96	121
1	68	A>G	1	107	103	80	104	113
1	69	T>A	1	87	106	105	99	117
1	70	G>C	1	77	107	116	101	93
1	71	G>C	1	107	100	97	90	83
1	72	A>C	1	95	94	115	89	106
1	73	C>T	1	111	93	103	101	108
1	74	G>C	1	104	99	108	109	93
1	75	G>A	1	105	104	96	102	94
1	76	C>T	1	118	83	99	106	99
1	77	G>C	1	95	71	98	94	89
1	78	T>C	1	91	93	104	94	107
1	79	A>C	1	86	86	100	110	134
1	80	G>C	1	114	89	92	99	109
1	81	G>A	1	90	94	80	89	92
1	82	A>T	1	89	107	110	100	111
1	83	G>T	1	86	93	118	103	108
1	84	A>G	1	116	105	93	93	101
1	85	C>T	1	107	102	88	89	99
1	86	A>T	1	104	104	98	105	116
1	87	G>A	1	92	87	89	103	119
1	88	C>G	1	82	103	99	98	90
1	89	T>G	1	95	89	105	97	88
1	90	G>T	1	94	91	91	107	117
1	91	G>C	1	96	91	104	91	98
1	92	G>C	1	103	88	96	84	99
1	93	C>G	1	105	87	110	100	85
1	94	G>A	1	100	116	107	100	99
1	95	T>C	1	106	99	96	87	94
1	96	G>T	1	107	99	97	127	93
1	97	C>A	1	97	101	118	97	102
1	98	C>T	1	115	87	109	100	107
1	99	G>A	1	116	92	101	103	95
1	100	C>A	1	113	99	104	97	94
1	101	T>C	1	101	107	111	112	111
1	102	A>G	1	103	101	98	114	93
1	103	T>A	1	112	107	92	106	115
1	104	A>C	1	101	97	108	113	87
1	105	G>A	1	113	113	118	112	119
1	106	T>C	1	110	127	97	82	82
1	107	T>A	1	121	91	99	82	99
1	108	T>G	1	116	105	89	112	107
1	109	T>A	1	122	92	103	99	113
1	110	T>G	1	109	81	120	90	94
1	111	A>C	1	111	97	85	100	107
1	112	C>T	1	97	105	123	118	101
1	113	T>G	1	91	109	87	91	93
1	114	G>C	1	114	103	98	89	109
1	115	C>G	1	77	99	94	80	97
1	116	A>T	1	95	112	100	107	99
1	117	G>C	1	77	103	108	89	124
1	118	T>A	1	111	107	97	129	83
1	119	T>C	1	95	99	92	96	90
1	120	T>G	1	110	95	95	111	89
1	121	T>A	1	97	103	115	103	92
1	122	G>A	1	90	107	113	99	114
1	123	C>T	1	88	106	89	99	91
1	124	C>A	1	98	99	104	117	109
1	125	T>G	1	96	100	97	92	114
1	126	A>G	1	86	107	99	110	87
1	127	T>G	1	104	131	99	101	84
1	128	G>C	1	106	95	110	88	109
1	129	A>C	1	105	87	94	118	105
1	130	G>C	1	91	117	113	114	116
1	131	G>T	1	101	103	91	116	107
1	132	G>T	1	100	100	88	110	108
1	133	C>G	1	124	104	94	86	101
1	134	A>G	1	103	99	112	92	110
1	135	G>T	1	110	99	91	110	113
1	136	T>A	1	88	106	91	106	103
1	137	C>G	1	103	100	96	101	105
1	138	A>C	1	109	110	113	108	92
1	139	C>A	1	76	93	123	86	103
1	140	T>A	1	104	106	87	77	111
1	141	G>C	1	95	94	101	98	109
1	142	C>G	1	99	94	108	106	103
1	143	A>G	1	103	95	91	105	82
1	144	A>T	1	98	114	108	114	85
1	145	T>A	1	77	80	89	94	103
1	146	C>A	1	112	97	106	106	80
1	147	A>G	1	82	102	94	96	98
1	148	T>C	1	110	107	101	99	119
1	149	G>C	1	93	118	116	96	88
1	150	A>G	1	106	88	90	97	109
1	151	T>A	1	106	115	104	98	102
1	152	A>G	1	91	103	99	109	89
1	153	T>C	1	93	101	102	95	105
1	154	G>T	1	109	96	112	99	103
1	155	C>T	1	106	108	84	108	97
1	156	C>A	1	82	88	110	120	97
1	157	C>T	1	107	97	85	106	96
1	158	G>A	1	97	96	105	100	104
1	159	A>G	1	113	113	106	102	113
1	160	T>G	1	96	104	90	95	101
1	161	A>T	1	99	93	98	103	96
1	162	C>A	1	96	91	111	82	93
1	163	C>T	1	111	118	105	99	94
1	164	C>A	1	101	101	109	99	104
1	165	C>A	1	88	92	104	120	97
1	166	G>A	1	102	77	100	99	106
1	167	G>C	1	105	110	81	117	90
1	168	G>T	1	93	91	95	121	79
1	169	C>T	1	94	102	105	127	99
1	170	G>A	1	123	77	110	79	102
1	171	C>T	1	95	125	91	116	91
1	172	G>C	1	91	96	99	112	102
1	173	C>G	1	100	110	96	110	120
1	174	T>C	1	96	103	98	105	92
1	175	G>A	1	95	103	103	82	95
1	176	G>T	1	110	96	85	104	100
1	177	C>G	1	110	90	108	114	109
1	178	T>G	1	97	115	96	99	99
1	179	C>A	1	104	98	94	87	88
1	180	C>A	1	105	92	95	104	111
1	181	T>C	1	85	108	103	100	115
1	182	T>A	1	122	91	92	94	98
1	183	A>C	1	95	88	97	90	81
1	184	A>G	1	109	95	80	101	88
1	185	C>T	1	100	97	82	92	95
1	186	C>A	1	96	91	88	105	108
1	187	G>C	1	113	94	106	103	97
1	188	A>T	1	101	103	104	109	89
1	189	T>G	1	117	97	93	103	79
1	190	A>T	1	88	102	92	103	92
1	191	T>A	1	89	101	104	90	108
1	192	C>A	1	104	117	82	104	103
1	193	T>C	1	107	91	109	107	107
1	194	G>C	1	97	118	98	85	96
1	195	A>G	1	98	94	93	89	94
1	196	C>G	1	102	106	94	86	99
1	197	C>T	1	111	102	117	103	84
1	198	T>G	1	89	90	97	113	106
1	199	A>C	1	109	103	101	91	99
