Chromosome	Position	Change	Gene	sample0	sample1	sample2	sample3	sample4
1	0	G>C	1	90	91	96	103	81
1	1	T>C	1	89	112	94	106	106
1	2	T>A	1	97	98	86	114	103
1	3	T>G	1	101	105	107	100	122
1	4	A>G	1	104	100	96	120	96
1	5	T>C	1	95	101	93	121	94
1	6	G>C	1	95	89	95	122	88
1	7	G>T	1	99	81	105	107	111
1	8	T>G	1	102	98	117	84	102
1	9	G>C	1	108	87	100	101	98
1	10	C>G	1	119	110	101	95	104
1	11	A>C	1	95	102	119	101	94
1	12	A>C	1	96	104	116	102	109
1	13	A>C	1	101	94	95	100	99
1	14	A>T	1	100	90	92	106	109
1	15	T>G	1	88	107	104	94	112
1	16	C>G	1	104	103	113	92	103
1	17	C>A	1	107	93	99	100	101
1	18	C>T	1	106	95	91	107	108
1	19	A>C	1	87	105	105	101	87
1	20	C>A	1	109	101	94	118	100
1	21	G>C	1	99	93	112	119	91
1	22	A>T	1	111	99	106	118	116
1	23	A>C	1	90	96	93	107	103
1	24	T>C	1	98	103	81	101	79
1	25	C>A	1	115	108	105	107	101
1	26	C>A	1	99	98	107	87	107
1	27	A>C	1	99	86	89	98	100
1	28	G>T	1	92	97	104	98	99
1	29	T>A	1	113	96	109	114	101
1	30	C>A	1	109	86	107	91	99
1	31	T>G	1	91	103	96	115	107
1	32	A>G	1	105	98	111	131	100
1	33	T>G	1	91	113	106	109	101
1	34	A>C	1	107	104	105	100	95
1	35	G>C	1	112	120	79	93	89
1	36	C>T	1	104	93	94	82	96
1	37	A>T	1	104	99	102	119	100
1	38	A>G	1	89	86	96	90	111
1	39	T>G	1	106	106	98	98	103
1	40	A>C	1	103	99	102	76	84
1	41	C>G	1	103	115	82	111	113
1	42	C>G	1	112	95	93	92	118
1	43	T>G	1	88	108	117	106	100
1	44	A>C	1	95	88	92	123	94
1	45	C>G	1	104	110	104	97	124
1	46	T>G	1	95	100	85	98	100
1	47	G>A	1	104	93	107	111	98
1	48	A>C	1	99	110	86	110	117
1	49	A>G	1	97	113	88	89	98
1	50	A>G	1	92	93	101	106	93
1	51	A>G	1	94	106	104	88	99
1	52	A>G	1	101	120	88	101	94
1	53	T>C	1	90	100	83	88	98
1	54	C>A	1	93	123	91	108	94
1	55	A>G	1	103	83	115	84	110
1	56	T>G	1	86	87	85	94	101
1	57	C>T	1	92	118	88	91	102
1	58	T>G	1	101	114	116	96	106
1	59	G>A	1	106	91	107	84	91
1	60	T>C	1	110	93	107	98	76
1	61	C>A	1	117	93	104	101	106
1	62	A>T	1	99	131	83	110	96
1	63	C>G	1	91	95	100	92	104
1	64	G>T	1	98	91	104	97	100
1	65	A>T	1	110	130	97	85	101
1	66	G>C	1	99	97	119	84	114
1	67	C>A	1	100	102	109	102	101
1	68	A>T	1	120	98	93	88	85
1	69	A>G	1	93	95	101	81	93
1	70	A>T	1	101	94	93	94	108
1	71	G>T	1	108	114	118	95	97
1	72	T>A	1	83	86	103	103	100
1	73	T>G	1	107	114	96	99	81
1	74	A>C	1	97	118	97	107	98
1	75	A>G	1	84	110	89	130	101
1	76	A>C	1	106	104	89	80	105
1	77	G>C	1	107	109	81	103	94
1	78	C>A	1	119	89	99	97	92
1	79	C>G	1	100	114	111	90	107
1	80	G>A	1	96	112	108	101	93
1	81	G>T	1	108	93	104	104	101
1	82	G>A	1	117	90	112	95	87
1	83	C>G	1	123	91	92	104	110
1	84	G>A	1	81	99	96	107	112
1	85	A>G	1	109	79	81	94	107
1	86	G>C	1	98	96	95	78	98
1	87	A>T	1	107	90	92	105	99
1	88	G>A	1	102	79	108	91	112
1	89	G>A	1	95	97	101	92	107
1	90	G>C	1	95	97	110	97	101
1	91	C>G	1	86	104	93	108	99
1	92	C>A	1	104	108	96	117	101
1	93	T>G	1	114	88	98	95	80
1	94	T>G	1	94	122	104	108	102
1	95	G>C	1	92	98	100	101	112
1	96	T>A	1	107	80	98	87	106
1	97	C>A	1	91	103	100	97	90
1	98	C>G	1	98	93	103	101	104
1	99	A>C	1	97	116	87	95	102
