Chromosome	Position	Change	Gene	sample0	sample1	sample2	sample3	sample4
1	0	G>C	1	99	74	97	99	86
1	1	T>C	1	95	97	115	91	104
1	2	G>C	1	104	89	91	107	123
1	3	G>C	1	88	118	84	109	90
1	4	G>A	1	98	79	103	114	126
1	5	C>T	1	103	101	99	97	106
1	6	T>C	1	108	106	116	106	97
1	7	A>T	1	121	100	105	101	85
1	8	C>A	1	108	98	79	105	95
1	9	G>C	1	102	104	91	99	99
1	10	C>G	1	112	83	93	110	91
1	11	A>C	1	89	103	92	93	77
1	12	A>T	1	87	106	93	88	88
1	13	A>G	1	81	101	116	94	99
1	14	T>G	1	91	84	102	102	80
1	15	G>C	1	95	81	103	99	106
1	16	C>G	1	101	94	112	102	93
1	17	C>A	1	110	110	99	84	100
1	18	C>T	1	74	100	91	102	126
1	19	T>C	1	120	96	99	96	92
1	20	G>A	1	82	103	97	97	81
1	21	A>G	1	99	109	102	115	119
1	22	T>C	1	120	108	107	109	103
1	23	T>G	1	92	117	100	95	98
1	24	C>A	1	98	90	101	108	90
1	25	C>A	1	96	92	111	105	97
1	26	A>C	1	99	111	91	102	118
1	27	T>A	1	109	100	97	89	95
1	28	C>A	1	92	106	99	103	108
1	29	C>T	1	107	102	83	112	88
1	30	T>A	1	95	107	97	97	109
1	31	A>G	1	113	85	89	99	100
1	32	T>A	1	109	93	110	103	93
1	33	A>C	1	106	108	106	98	100
1	34	A>G	1	105	105	116	113	96
1	35	G>T	1	114	107	97	98	94
1	36	C>T	1	103	113	104	104	106
1	37	C>G	1	102	98	97	98	106
1	38	A>C	1	119	108	111	99	101
1	39	A>G	1	93	105	119	98	88
1	40	T>A	1	111	99	87	108	94
1	41	G>T	1	88	108	108	115	104
1	42	G>T	1	82	84	90	97	102
1	43	T>C	1	94	105	110	105	90
1	44	C>A	1	92	101	109	106	99
1	45	A>G	1	95	96	105	96	107
1	46	G>A	1	89	91	94	98	100
1	47	A>C	1	106	102	87	100	85
1	48	C>T	1	96	119	107	74	92
1	49	T>G	1	93	95	100	90	101
1	50	C>A	1	99	102	84	79	108
1	51	C>T	1	92	92	113	99	89
1	52	C>A	1	93	84	98	104	92
1	53	A>T	1	98	101	100	102	93
1	54	A>C	1	94	103	105	109	114
1	55	G>T	1	95	104	110	84	85
1	56	T>C	1	92	111	102	104	94
1	57	T>G	1	89	94	97	104	99
1	58	A>T	1	88	96	113	107	95
1	59	T>A	1	115	97	98	89	97
1	60	A>C	1	117	109	101	90	92
1	61	A>C	1	98	113	100	100	103
1	62	T>C	1	107	88	93	100	111
1	63	A>G	1	114	111	79	98	101
1	64	T>C	1	100	86	93	91	96
1	65	C>A	1	81	95	114	103	96
1	66	A>G	1	100	103	115	89	92
1	67	A>G	1	108	91	91	120	105
1	68	T>A	1	104	99	114	115	97
1	69	C>T	1	93	99	111	84	99
1	70	C>A	1	92	106	102	114	108
1	71	C>G	1	97	94	101	102	99
1	72	A>G	1	104	95	90	95	107
1	73	T>A	1	103	117	99	110	79
1	74	T>G	1	76	97	87	111	107
1	75	C>G	1	90	111	95	108	95
1	76	A>C	1	100	95	116	111	99
1	77	G>T	1	73	95	91	104	88
1	78	A>T	1	107	108	112	99	104
1	79	T>C	1	100	111	99	94	108
1	80	C>T	1	110	98	94	107	119
1	81	T>C	1	86	117	103	120	111
1	82	C>T	1	105	93	115	103	81
1	83	C>G	1	99	113	91	95	92
1	84	G>C	1	102	83	86	110	108
1	85	C>T	1	97	97	92	107	93
1	86	A>C	1	90	114	90	80	111
1	87	C>G	1	96	102	117	98	112
1	88	A>C	1	105	103	91	108	101
1	89	A>C	1	98	102	104	81	108
1	90	T>G	1	93	103	97	101	94
1	91	C>A	1	100	107	91	99	91
1	92	C>A	1	99	110	108	97	97
1	93	T>G	1	100	128	101	108	114
1	94	A>C	1	110	108	112	91	105
1	95	A>T	1	90	101	85	97	104
1	96	G>C	1	98	104	119	110	103
1	97	T>C	1	86	102	95	98	95
1	98	A>T	1	100	99	102	104	89
1	99	A>C	1	104	99	106	107	100
