Chromosome	Position	Change	Gene	sample0	sample1	sample2	sample3	sample4
1	0	G>C	1	99	90	86	95	88
1	1	T>C	1	116	106	107	86	103
1	2	T>C	1	100	94	93	87	96
1	3	C>T	1	120	98	104	88	87
1	4	T>C	1	101	99	96	82	79
1	5	G>C	1	79	105	102	113	106
1	6	G>T	1	99	94	104	103	103
1	7	G>C	1	109	85	102	100	89
1	8	C>G	1	92	81	97	92	84
1	9	C>G	1	101	99	98	114	102
1	10	C>T	1	101	97	87	111	98
1	11	T>C	1	90	100	97	96	78
1	12	T>A	1	98	97	101	93	113
1	13	C>A	1	126	106	81	80	95
1	14	T>A	1	101	88	104	87	110
1	15	G>A	1	86	97	108	106	109
1	16	G>A	1	92	101	108	114	88
1	17	A>C	1	97	87	101	100	109
1	18	A>G	1	100	95	116	109	104
1	19	C>A	1	104	101	80	110	103
1	20	T>C	1	88	93	93	104	89
1	21	G>A	1	104	124	93	118	114
1	22	A>G	1	115	87	71	84	87
1	23	C>T	1	89	94	109	93	88
1	24	G>C	1	93	92	108	107	114
1	25	T>C	1	98	105	88	110	104
1	26	T>A	1	102	103	103	92	93
1	27	C>G	1	115	99	103	100	102
1	28	G>C	1	102	109	101	115	94
1	29	C>G	1	116	108	98	102	110
1	30	G>A	1	79	111	117	83	109
1	31	C>A	1	96	98	111	108	124
1	32	G>T	1	101	101	97	99	90
1	33	T>A	1	105	110	106	109	89
1	34	C>T	1	107	111	131	105	98
1	35	T>A	1	101	108	125	104	109
1	36	T>A	1	112	89	95	103	91
1	37	A>G	1	95	112	106	93	88
1	38	G>A	1	92	100	96	88	102
1	39	T>A	1	115	106	98	96	110
1	40	C>A	1	101	110	82	82	104
1	41	G>A	1	111	98	88	103	89
1	42	C>G	1	112	104	92	98	101
1	43	A>T	1	101	92	86	102	113
1	44	T>C	1	94	97	92	94	104
1	45	T>A	1	111	119	112	90	96
1	46	A>G	1	101	81	92	106	120
1	47	T>C	1	86	101	93	73	106
1	48	G>A	1	97	105	76	103	113
1	49	T>C	1	100	124	98	114	97
1	50	G>C	1	92	93	97	102	110
1	51	A>G	1	102	108	103	87	112
1	52	C>G	1	95	92	93	110	96
1	53	C>T	1	105	92	104	97	98
1	54	T>G	1	93	92	86	81	112
1	55	G>C	1	100	94	95	98	116
1	56	C>A	1	97	111	89	105	87
1	57	A>G	1	89	97	95	102	112
1	58	C>A	1	87	100	95	111	106
1	59	C>G	1	94	97	111	97	101
1	60	G>C	1	123	106	102	102	98
1	61	T>G	1	94	97	102	98	88
1	62	G>C	1	93	96	89	101	103
1	63	C>T	1	80	97	90	91	96
1	64	G>C	1	98	106	82	90	122
1	65	C>A	1	91	94	100	103	109
1	66	G>A	1	92	100	85	104	92
1	67	A>C	1	100	102	98	96	106
1	68	T>G	1	105	89	123	117	91
1	69	A>G	1	89	103	93	104	88
1	70	G>A	1	103	98	96	98	111
1	71	A>C	1	116	88	114	73	91
1	72	T>C	1	86	104	106	91	99
1	73	C>A	1	112	79	128	108	89
1	74	G>C	1	118	102	84	93	103
1	75	A>C	1	85	109	123	91	108
1	76	C>A	1	104	98	94	103	113
1	77	A>G	1	102	97	96	85	101
1	78	A>G	1	114	94	121	91	104
1	79	C>T	1	89	89	99	96	90
1	80	C>A	1	105	120	108	115	88
1	81	C>A	1	110	96	98	112	102
1	82	G>C	1	101	103	104	90	96
1	83	T>A	1	101	91	93	91	92
1	84	C>T	1	100	116	110	99	105
1	85	T>A	1	104	96	98	101	90
1	86	A>T	1	109	109	108	106	88
1	87	A>C	1	103	100	95	105	91
1	88	C>A	1	95	104	105	93	87
1	89	G>A	1	99	115	101	109	96
1	90	A>G	1	89	106	89	89	92
1	91	A>G	1	102	110	105	91	99
1	92	T>A	1	101	79	90	110	110
1	93	A>G	1	104	113	100	107	90
1	94	T>G	1	86	72	104	105	86
1	95	G>C	1	93	99	97	78	99
1	96	G>T	1	89	101	122	82	114
1	97	C>A	1	105	103	99	91	112
1	98	G>C	1	89	101	93	105	90
1	99	G>A	1	101	107	93	105	99
