Num_mutations: 100
Num_samples: 5
Error_rate: 0.050000

0.000000000000000000e+00 3.092979127134725115e-01 3.760504201680672232e-01 0.000000000000000000e+00 0.000000000000000000e+00
0.000000000000000000e+00 0.000000000000000000e+00 0.000000000000000000e+00 3.680981595092024383e-01 2.497522299306243754e-01
5.495867768595040781e-01 3.692003948667324509e-01 2.487757100881488603e-01 6.573982125124131493e-01 0.000000000000000000e+00
5.990430622009569328e-01 2.632103688933200569e-01 2.293762575452716335e-01 6.314677930306230591e-01 0.000000000000000000e+00
5.584677419354838745e-01 3.189823874755381428e-01 2.327935222672064819e-01 6.347914547304170929e-01 0.000000000000000000e+00
0.000000000000000000e+00 2.725450901803607162e-01 3.511154219204655758e-01 0.000000000000000000e+00 0.000000000000000000e+00
5.793244626407370035e-01 2.750252780586450729e-01 2.404933196300102771e-01 6.018423746161719601e-01 0.000000000000000000e+00
5.694581280788176825e-01 3.235591506572295106e-01 0.000000000000000000e+00 6.692531522793404575e-01 0.000000000000000000e+00
4.232283464566929387e-01 7.237512742099898588e-01 1.007407407407407307e+00 4.019801980198020042e-01 9.445026178010471618e-01
5.322580645161290036e-01 2.323232323232323204e-01 2.182203389830508489e-01 6.457311089303238161e-01 0.000000000000000000e+00
0.000000000000000000e+00 0.000000000000000000e+00 0.000000000000000000e+00 3.309203722854188179e-01 2.639175257731958824e-01
5.700389105058365491e-01 2.616451932606541075e-01 2.325123152709359653e-01 6.653185035389281854e-01 0.000000000000000000e+00
5.585215605749486167e-01 3.159960745829244466e-01 2.135523613963039025e-01 6.600594648166501210e-01 0.000000000000000000e+00
0.000000000000000000e+00 3.439999999999999725e-01 3.378906250000000000e-01 0.000000000000000000e+00 0.000000000000000000e+00
1.003095975232198178e+00 5.394352482960077522e-01 6.789366053169734183e-01 1.031031031031031109e+00 6.625766871165643668e-01
5.799793601651186403e-01 2.833333333333333259e-01 2.409402546523016775e-01 6.916256157635467527e-01 0.000000000000000000e+00
5.517241379310344751e-01 2.947368421052631304e-01 2.050761421319796940e-01 6.204756980351603390e-01 0.000000000000000000e+00
0.000000000000000000e+00 3.231256599788806527e-01 3.541453428863868824e-01 0.000000000000000000e+00 0.000000000000000000e+00
5.654648956356735923e-01 3.191919191919191934e-01 2.339776195320447671e-01 6.400839454354669833e-01 0.000000000000000000e+00
5.251509054325955717e-01 2.854230377166157018e-01 2.023575638506876218e-01 5.863453815261043811e-01 0.000000000000000000e+00
0.000000000000000000e+00 3.739495798319327768e-01 3.489932885906040227e-01 0.000000000000000000e+00 0.000000000000000000e+00
0.000000000000000000e+00 0.000000000000000000e+00 0.000000000000000000e+00 3.479105928085519661e-01 2.921771913289349931e-01
5.655172413793103647e-01 3.040330920372285584e-01 2.262931034482758563e-01 6.718446601941747698e-01 0.000000000000000000e+00
0.000000000000000000e+00 3.115577889447236348e-01 3.768115942028985588e-01 0.000000000000000000e+00 0.000000000000000000e+00
0.000000000000000000e+00 3.042596348884381574e-01 3.480825958702065126e-01 0.000000000000000000e+00 0.000000000000000000e+00
0.000000000000000000e+00 1.731601731601731531e-01 0.000000000000000000e+00 0.000000000000000000e+00 3.270564915758176205e-01
0.000000000000000000e+00 3.114446529080675541e-01 3.670634920634920362e-01 0.000000000000000000e+00 0.000000000000000000e+00
9.979166666666666741e-01 5.040816326530612734e-01 6.331360946745562268e-01 1.040796019900497527e+00 6.028985507246377162e-01
6.006066734074823055e-01 3.018108651911468598e-01 1.994076999012833196e-01 6.076458752515090378e-01 0.000000000000000000e+00
0.000000000000000000e+00 3.075416258570029537e-01 3.531914893617021378e-01 0.000000000000000000e+00 0.000000000000000000e+00
0.000000000000000000e+00 3.104125736738703178e-01 3.069403714565004937e-01 0.000000000000000000e+00 0.000000000000000000e+00
0.000000000000000000e+00 0.000000000000000000e+00 0.000000000000000000e+00 3.688524590163934636e-01 3.124378109452736196e-01
0.000000000000000000e+00 3.163064833005894139e-01 3.659999999999999920e-01 0.000000000000000000e+00 0.000000000000000000e+00
5.748502994011975842e-01 3.194154488517745305e-01 2.302158273381295084e-01 6.315789473684210176e-01 0.000000000000000000e+00
0.000000000000000000e+00 2.903885480572597211e-01 3.551020408163265141e-01 0.000000000000000000e+00 0.000000000000000000e+00
5.819265143992055078e-01 3.038229376257545189e-01 2.160427807486630936e-01 6.239999999999999991e-01 0.000000000000000000e+00
1.004840271055179146e+00 5.118679050567594979e-01 6.666666666666666297e-01 1.070088845014807610e+00 6.141078838174274246e-01
6.330365974282887720e-01 2.840236686390532617e-01 0.000000000000000000e+00 5.955649419218584928e-01 0.000000000000000000e+00
0.000000000000000000e+00 1.866404715127701341e-01 0.000000000000000000e+00 0.000000000000000000e+00 0.000000000000000000e+00
5.841584158415841221e-01 2.690763052208835493e-01 0.000000000000000000e+00 6.508538899430740265e-01 0.000000000000000000e+00
0.000000000000000000e+00 3.279313632030504966e-01 3.722772277227722748e-01 0.000000000000000000e+00 0.000000000000000000e+00
0.000000000000000000e+00 3.490196078431372362e-01 3.261093911248710286e-01 0.000000000000000000e+00 0.000000000000000000e+00
0.000000000000000000e+00 1.487603305785124008e-01 0.000000000000000000e+00 0.000000000000000000e+00 3.627450980392156743e-01
0.000000000000000000e+00 3.330068560235063813e-01 3.540489642184557195e-01 0.000000000000000000e+00 0.000000000000000000e+00
0.000000000000000000e+00 3.255378858746492132e-01 3.609467455621301890e-01 0.000000000000000000e+00 0.000000000000000000e+00
0.000000000000000000e+00 0.000000000000000000e+00 0.000000000000000000e+00 3.625615763546797821e-01 2.378167641325535930e-01
0.000000000000000000e+00 3.126903553299492655e-01 3.333333333333333148e-01 0.000000000000000000e+00 0.000000000000000000e+00
0.000000000000000000e+00 0.000000000000000000e+00 0.000000000000000000e+00 3.726082578046324145e-01 2.862783810463968570e-01
5.705882352941176183e-01 2.647657841140529378e-01 2.299084435401831106e-01 6.133603238866396357e-01 0.000000000000000000e+00
5.578512396694215170e-01 2.912205567451819910e-01 2.460317460317460181e-01 6.338582677165354173e-01 0.000000000000000000e+00
5.431192660550459017e-01 2.942884801548886764e-01 2.217616580310880769e-01 6.908358509566968619e-01 0.000000000000000000e+00
0.000000000000000000e+00 3.009708737864077444e-01 4.065708418891170184e-01 0.000000000000000000e+00 0.000000000000000000e+00
5.649350649350649567e-01 2.348094747682801242e-01 2.118380062305295908e-01 6.725146198830409539e-01 0.000000000000000000e+00
5.764705882352940680e-01 2.854230377166157018e-01 2.161654135338345883e-01 6.300578034682080553e-01 0.000000000000000000e+00
6.121212121212120660e-01 2.538071065989847552e-01 3.776223776223776030e-01 6.387434554973822065e-01 0.000000000000000000e+00
6.105675146771036843e-01 2.842942345924453496e-01 2.277722277722277755e-01 6.501079913606911953e-01 0.000000000000000000e+00
5.221579961464354325e-01 2.951146560319042877e-01 1.926977687626774960e-01 7.056410256410255988e-01 0.000000000000000000e+00
5.882352941176470784e-01 2.392156862745098145e-01 2.173076923076923128e-01 6.475247524752475448e-01 0.000000000000000000e+00
0.000000000000000000e+00 2.908366533864542025e-01 3.572938689217758923e-01 0.000000000000000000e+00 0.000000000000000000e+00
9.637305699481865107e-01 4.973432518597237229e-01 6.313686313686314167e-01 9.941291585127201014e-01 6.494538232373385789e-01
5.964214711729621810e-01 2.997061704211557154e-01 2.217659137577002171e-01 6.300000000000000044e-01 0.000000000000000000e+00
0.000000000000000000e+00 1.587901701323251313e-01 0.000000000000000000e+00 0.000000000000000000e+00 0.000000000000000000e+00
4.386129334582942740e-01 6.437941473259334302e-01 1.038862559241706229e+00 3.087649402390438280e-01 1.010162601626016343e+00
0.000000000000000000e+00 3.346379647749510577e-01 3.510848126232741784e-01 0.000000000000000000e+00 0.000000000000000000e+00
0.000000000000000000e+00 0.000000000000000000e+00 0.000000000000000000e+00 3.525571273122959925e-01 2.233502538071066024e-01
5.645472061657033080e-01 2.845691382765531130e-01 1.901840490797546135e-01 6.679960119641076277e-01 0.000000000000000000e+00
0.000000000000000000e+00 2.831858407079645978e-01 3.386454183266932039e-01 0.000000000000000000e+00 0.000000000000000000e+00
0.000000000000000000e+00 3.370786516853932491e-01 3.572895277207392417e-01 0.000000000000000000e+00 0.000000000000000000e+00
0.000000000000000000e+00 3.385826771653543399e-01 3.621169916434540115e-01 0.000000000000000000e+00 0.000000000000000000e+00
0.000000000000000000e+00 3.413231064237775558e-01 3.072348860257680947e-01 0.000000000000000000e+00 0.000000000000000000e+00
0.000000000000000000e+00 0.000000000000000000e+00 0.000000000000000000e+00 3.519837232960325579e-01 2.893617021276595480e-01
0.000000000000000000e+00 2.773279352226720729e-01 3.726082578046324145e-01 0.000000000000000000e+00 0.000000000000000000e+00
0.000000000000000000e+00 0.000000000000000000e+00 0.000000000000000000e+00 3.567681007345225863e-01 2.647058823529411797e-01
0.000000000000000000e+00 0.000000000000000000e+00 0.000000000000000000e+00 3.798994974874371766e-01 2.811565304087736972e-01
6.038500506585613437e-01 2.834799608993157638e-01 2.474645030425963455e-01 6.419512195121951370e-01 0.000000000000000000e+00
5.414141414141414588e-01 2.678062678062678170e-01 2.435129740518962027e-01 6.761710794297352001e-01 0.000000000000000000e+00
5.202072538860104123e-01 2.943969610636277268e-01 1.954137587238285179e-01 6.437246963562752722e-01 0.000000000000000000e+00
0.000000000000000000e+00 1.842374616171955082e-01 0.000000000000000000e+00 0.000000000000000000e+00 3.758937691521961333e-01
0.000000000000000000e+00 3.066538090646094283e-01 3.272727272727272707e-01 0.000000000000000000e+00 0.000000000000000000e+00
5.474095796676441417e-01 3.343224530168150133e-01 2.172131147540983520e-01 6.524390243902439268e-01 0.000000000000000000e+00
0.000000000000000000e+00 3.070942662779397314e-01 3.634615384615384470e-01 0.000000000000000000e+00 0.000000000000000000e+00
0.000000000000000000e+00 3.117408906882591091e-01 3.617463617463617664e-01 0.000000000000000000e+00 0.000000000000000000e+00
0.000000000000000000e+00 2.072336265884653084e-01 0.000000000000000000e+00 0.000000000000000000e+00 0.000000000000000000e+00
5.748502994011975842e-01 2.832800851970180833e-01 2.408376963350785382e-01 6.370070778564206337e-01 0.000000000000000000e+00
6.095238095238095788e-01 3.063583815028901869e-01 0.000000000000000000e+00 6.334310850439882623e-01 0.000000000000000000e+00
5.394190871369294316e-01 2.631058358061325597e-01 2.231404958677686012e-01 6.006066734074823055e-01 0.000000000000000000e+00
5.657458563535912033e-01 2.797055730809673846e-01 2.006335797254487907e-01 6.666666666666666297e-01 0.000000000000000000e+00
5.654761904761904656e-01 2.604470359572400584e-01 2.276923076923076938e-01 5.917159763313609711e-01 0.000000000000000000e+00
0.000000000000000000e+00 3.104125736738703178e-01 3.498542274052477974e-01 0.000000000000000000e+00 0.000000000000000000e+00
5.883514313919052663e-01 2.407582938388625471e-01 0.000000000000000000e+00 6.048879837067210330e-01 0.000000000000000000e+00
5.615763546798029360e-01 3.253886010362694314e-01 2.201834862385321223e-01 6.025267249757045862e-01 0.000000000000000000e+00
0.000000000000000000e+00 3.005076142131979933e-01 3.532763532763532610e-01 0.000000000000000000e+00 0.000000000000000000e+00
5.010141987829614951e-01 3.052294557097118277e-01 2.378490175801447892e-01 6.400759734093067754e-01 0.000000000000000000e+00
5.500000000000000444e-01 2.757936507936508130e-01 2.471204188481675446e-01 6.475814412635735318e-01 0.000000000000000000e+00
5.421319796954314763e-01 2.784313725490196179e-01 2.085769980506822496e-01 6.272912423625254252e-01 0.000000000000000000e+00
4.394250513347022769e-01 7.007150153217568400e-01 1.005005005005005003e+00 3.456543456543456627e-01 9.711442786069651723e-01
4.577319587628865816e-01 7.084577114427860201e-01 9.382198952879581277e-01 3.766364551863041199e-01 1.000000000000000000e+00
4.194528875379939237e-01 7.436676798378926145e-01 1.005015045135406293e+00 3.811394891944990260e-01 1.001926782273603100e+00
5.609065155807365644e-01 2.824207492795389185e-01 2.066115702479338900e-01 6.991062562065540886e-01 0.000000000000000000e+00
5.974282888229476285e-01 2.865384615384615197e-01 2.078431372549019718e-01 6.285714285714285587e-01 0.000000000000000000e+00
