#chr	position	description	normal	sample0	sample1	sample2	sample3	sample4	sample5	sample6	sample7	sample8	sample9
1	1	1	0	0.0	0.0	0.0	0.0	0.16335078534	0.138536585366	0.0	0.0	0.0	0.0
2	1	1	0	0.179190751445	0.0	0.292635658915	0.268364348678	0.0	0.119691119691	0.0	0.137104506232	0.329745596869	0.247213779129
3	1	1	0	0.14837398374	0.0	0.0	0.0	0.183426443203	0.0	0.0	0.0	0.0	0.0
4	1	1	0	0.0	0.0	0.0	0.0	0.15652173913	0.139344262295	0.0	0.0	0.0	0.0
5	1	1	0	0.0	0.0	0.0	0.0	0.175050301811	0.125	0.0	0.0	0.0	0.0
6	1	1	0	0.0	0.218687872763	0.214654282766	0.0	0.0	0.116302186879	0.119275825346	0.158208955224	0.0	0.0
7	1	1	0	0.161616161616	0.223895582329	0.468684759916	0.482352941176	0.151777137368	0.373727087576	0.307541625857	0.297480620155	0.534232365145	0.261178861789
8	1	1	0	0.173258003766	0.0	0.291115311909	0.2568359375	0.0	0.11078140455	0.0	0.167676767677	0.315789473684	0.255631733595
9	1	1	0	0.168844221106	0.229428848015	0.481339712919	0.294695481336	0.0	0.211498973306	0.155090390105	0.314851485149	0.295577130529	0.266341463415
10	1	1	0	0.0	0.0	0.0	0.0	0.0	0.144024514811	0.0	0.0	0.190862944162	0.0
11	1	1	0	0.0	0.0	0.0	0.0	0.1572265625	0.153846153846	0.0	0.0	0.0	0.0
12	1	1	0	0.15291750503	0.0	0.0	0.0	0.197252208047	0.0	0.0	0.0	0.0	0.0
13	1	1	0	0.0	0.0	0.0	0.0	0.0	0.15628090999	0.0	0.0	0.213991769547	0.0
14	1	1	0	0.16935483871	0.0	0.0	0.0	0.0	0.0	0.0	0.0	0.0	0.0
15	1	1	0	0.179057591623	0.0	0.298208640674	0.287234042553	0.0	0.114256825076	0.0	0.149805447471	0.329423264907	0.269565217391
16	1	1	0	0.0	0.240317775571	0.20725388601	0.0	0.0	0.0977517106549	0.151802656546	0.15734989648	0.0	0.0
17	1	1	0	0.164646464646	0.0	0.0	0.0	0.18632309217	0.0	0.0	0.0	0.0	0.0
18	1	1	0	0.0	0.0	0.0	0.0	0.144041450777	0.122916666667	0.0	0.0	0.0	0.0
19	1	1	0	0.167818361303	0.0	0.267374517375	0.264591439689	0.0	0.11495422177	0.0	0.149209486166	0.308043875686	0.249751243781
20	1	1	0	0.190476190476	0.213213213213	0.502012072435	0.511538461538	0.156941649899	0.393494228751	0.304703476483	0.319037656904	0.475766567755	0.269311064718
21	1	1	0	0.0	0.0	0.0	0.0	0.153919694073	0.122983870968	0.0	0.0	0.0	0.0
22	1	1	0	0.184351554126	0.24173553719	0.497393117831	0.497456765005	0.145098039216	0.363459669582	0.288306451613	0.297435897436	0.482376636455	0.259753593429
23	1	1	0	0.185110663984	0.239562624254	0.512054001929	0.278350515464	0.0	0.207547169811	0.176248821866	0.266266266266	0.326592517695	0.264826175869
24	1	1	0	0.0	0.0	0.0	0.0	0.0	0.156057494867	0.0	0.0	0.187692307692	0.0
25	1	1	0	0.181236673774	0.212424849699	0.515088449532	0.499519692603	0.142126789366	0.352427184466	0.318855932203	0.305894308943	0.514661274014	0.245577523413
26	1	1	0	0.173277661795	0.0	0.0	0.0	0.15876089061	0.0	0.0	0.0	0.0	0.0
27	1	1	0	0.178988326848	0.205128205128	0.51814516129	0.266467065868	0.0	0.221428571429	0.127906976744	0.309	0.322134387352	0.254980079681
28	1	1	0	0.306374881066	0.285429141717	0.0	0.0	0.186491935484	0.0	0.191968658178	0.193548387097	0.0	0.258726899384
29	1	1	0	0.188508064516	0.0	0.282888229476	0.286742034943	0.0	0.110187110187	0.0	0.146248812915	0.33864118896	0.256509161041
30	1	1	0	0.154598825832	0.226487523992	0.504273504274	0.513007284079	0.167512690355	0.364012409514	0.305034550839	0.306005719733	0.48730964467	0.243295019157
31	1	1	0	0.326551373347	0.263370332997	0.0	0.0	0.1572265625	0.0	0.180651530109	0.199616122841	0.0	0.232303090728
32	1	1	0	0.0	0.0	0.0	0.0	0.0	0.146268656716	0.0	0.0	0.180043383948	0.0
33	1	1	0	0.0	0.0	0.0	0.0	0.0	0.13641025641	0.0	0.0	0.213556174559	0.0
34	1	1	0	0.174509803922	0.0	0.0	0.0	0.0	0.0	0.0	0.0	0.0	0.0
35	1	1	0	0.179704016913	0.221153846154	0.507337526205	0.517169614984	0.1543274244	0.350580781415	0.32296890672	0.316176470588	0.503611971104	0.254237288136
36	1	1	0	0.0	0.0	0.0	0.0	0.0	0.137895812053	0.0	0.0	0.197183098592	0.0
37	1	1	0	0.163704396632	0.0	0.0	0.0	0.0	0.0	0.0	0.0	0.0	0.0
38	1	1	0	0.0	0.0	0.0	0.0	0.164918970448	0.147808358818	0.0	0.0	0.0	0.0
39	1	1	0	0.0	0.0	0.0	0.0	0.166666666667	0.139511201629	0.0	0.0	0.0	0.0
40	1	1	0	0.32974137931	0.289191820837	0.0	0.0	0.173570019724	0.0	0.173867228662	0.217252396166	0.0	0.250996015936
41	1	1	0	0.339430894309	0.273684210526	0.0	0.0	0.190702087287	0.0	0.2	0.186721991701	0.0	0.254455445545
42	1	1	0	0.172888015717	0.0	0.0	0.0	0.0	0.0	0.0	0.0	0.0	0.0
43	1	1	0	0.165496489468	0.0	0.304642166344	0.270080321285	0.0	0.102669404517	0.0	0.16303219107	0.347953216374	0.250972762646
44	1	1	0	0.155440414508	0.0	0.0	0.0	0.186705767351	0.0	0.0	0.0	0.0	0.0
45	1	1	0	0.186965811966	0.221890547264	0.501949317739	0.251937984496	0.0	0.191658391261	0.15695952616	0.314453125	0.331688055281	0.266995073892
46	1	1	0	0.159024390244	0.0	0.0	0.0	0.0	0.0	0.0	0.0	0.0	0.0
47	1	1	0	0.0	0.0	0.0	0.0	0.163043478261	0.123443983402	0.0	0.0	0.0	0.0
48	1	1	0	0.189243027888	0.0	0.0	0.0	0.0	0.0	0.0	0.0	0.0	0.0
49	1	1	0	0.167550371156	0.0	0.312435765673	0.264379414733	0.0	0.0869130869131	0.0	0.155844155844	0.308080808081	0.269539078156
50	1	1	0	0.0	0.0	0.0	0.0	0.159563924678	0.119001919386	0.0	0.0	0.0	0.0
51	1	1	0	0.0	0.0	0.0	0.0	0.0	0.145688800793	0.0	0.0	0.175715695953	0.0
52	1	1	0	0.326829268293	0.27105517909	0.0	0.0	0.175953079179	0.0	0.197734294542	0.205696202532	0.0	0.246641074856
53	1	1	0	0.186046511628	0.0	0.274096385542	0.294573643411	0.0	0.103122043519	0.0	0.146031746032	0.332684824903	0.271815446339
54	1	1	0	0.0	0.255670103093	0.215043394407	0.0	0.0	0.131212723658	0.122384937238	0.171287128713	0.0	0.0
55	1	1	0	0.196342637151	0.238775510204	0.50149551346	0.450106157113	0.154	0.36629667003	0.322613065327	0.311917098446	0.479166666667	0.26493256262
56	1	1	0	0.178814382896	0.236814891417	0.520357497517	0.494059405941	0.17017017017	0.368168744008	0.31256281407	0.298058252427	0.5004995005	0.223564954683
57	1	1	0	0.0	0.0	0.0	0.0	0.17697228145	0.147198480532	0.0	0.0	0.0	0.0
58	1	1	0	0.196548418025	0.0	0.0	0.0	0.0	0.0	0.0	0.0	0.0	0.0
59	1	1	0	0.17258382643	0.216216216216	0.507352941176	0.539761431412	0.145650048876	0.349748743719	0.31884057971	0.311311311311	0.495742667928	0.279069767442
60	1	1	0	0.0	0.0	0.0	0.0	0.0	0.15503875969	0.0	0.0	0.184484389782	0.0
61	1	1	0	0.161067193676	0.0	0.0	0.0	0.213235294118	0.0	0.0	0.0	0.0	0.0
62	1	1	0	0.0	0.0	0.0	0.0	0.0	0.1435546875	0.0	0.0	0.174235403151	0.0
63	1	1	0	0.175421209118	0.0	0.284656084656	0.29	0.0	0.104125736739	0.0	0.151832460733	0.301425661914	0.271568627451
64	1	1	0	0.184917355372	0.210794297352	0.502553626149	0.267267267267	0.0	0.227459016393	0.153	0.281563126253	0.317073170732	0.235700197239
65	1	1	0	0.179363548698	0.221752903907	0.490176817289	0.490272373541	0.157099697885	0.341365461847	0.31390593047	0.294294294294	0.503018108652	0.238238238238
66	1	1	0	0.0	0.0	0.0	0.0	0.0	0.139698492462	0.0	0.0	0.195797516714	0.0
67	1	1	0	0.165174129353	0.219	0.493736951983	0.486373165618	0.142857142857	0.375486381323	0.313518696069	0.309760956175	0.488867376573	0.248269040554
68	1	1	0	0.186116700201	0.226611226611	0.478388998035	0.292471042471	0.0	0.223495702006	0.156804733728	0.309523809524	0.318045862413	0.284829721362
69	1	1	0	0.316617502458	0.318811881188	0.0	0.0	0.182795698925	0.0	0.18905950096	0.197906755471	0.0	0.245301681503
70	1	1	0	0.192893401015	0.0	0.0	0.0	0.0	0.0	0.0	0.0	0.0	0.0
71	1	1	0	0.188188188188	0.224448897796	0.487154150198	0.51367781155	0.167898627244	0.355897435897	0.322548028311	0.300098716683	0.52	0.292
72	1	1	0	0.151837524178	0.0	0.0	0.0	0.194417709336	0.0	0.0	0.0	0.0	0.0
73	1	1	0	0.185903983657	0.0	0.266995073892	0.244776119403	0.0	0.109756097561	0.0	0.141260162602	0.301960784314	0.264734299517
74	1	1	0	0.328571428571	0.263267429761	0.0	0.0	0.178533475027	0.0	0.21063394683	0.187992125984	0.0	0.231026785714
75	1	1	0	0.190207156309	0.0	0.297087378641	0.258671952428	0.0	0.117706237425	0.0	0.163471241171	0.321503131524	0.261127596439
76	1	1	0	0.166147455867	0.212322274882	0.483706720978	0.481589147287	0.152371342079	0.352371732817	0.314484126984	0.285429141717	0.469565217391	0.266598569969
77	1	1	0	0.0	0.0	0.0	0.0	0.0	0.169057377049	0.0	0.0	0.221276595745	0.0
78	1	1	0	0.0	0.0	0.275096525097	0.259117082534	0.0	0.0	0.0	0.0	0.188944723618	0.242574257426
79	1	1	0	0.159836065574	0.0	0.0	0.0	0.177240684794	0.0	0.0	0.0	0.0	0.0
80	1	1	0	0.184466019417	0.225971370143	0.529595015576	0.498003992016	0.165523996082	0.3662109375	0.321608040201	0.332659251769	0.513733468973	0.274626865672
81	1	1	0	0.346790890269	0.320040899796	0.0	0.0	0.194105691057	0.0	0.179104477612	0.200764818356	0.0	0.222222222222
82	1	1	0	0.160312805474	0.0	0.274390243902	0.287332646756	0.0	0.117882117882	0.0	0.171673819742	0.295652173913	0.261611374408
83	1	1	0	0.0	0.226874391431	0.222570532915	0.0	0.0	0.10206185567	0.161060142712	0.140669856459	0.0	0.0
84	1	1	0	0.146137787056	0.0	0.0	0.0	0.176056338028	0.0	0.0	0.0	0.0	0.0
85	1	1	0	0.319881889764	0.27436440678	0.0	0.0	0.191598360656	0.0	0.190862944162	0.184912603496	0.0	0.22732012513
86	1	1	0	0.188481675393	0.0	0.0	0.0	0.0	0.0	0.0	0.0	0.0	0.0
87	1	1	0	0.192687747036	0.0	0.0	0.0	0.0	0.0	0.0	0.0	0.0	0.0
88	1	1	0	0.0	0.0	0.0	0.0	0.0	0.144153225806	0.0	0.0	0.208126858276	0.0
89	1	1	0	0.0	0.0	0.0	0.0	0.0	0.159503342884	0.0	0.0	0.172244094488	0.0
90	1	1	0	0.0	0.0	0.267395626243	0.291139240506	0.0	0.0	0.0	0.0	0.183714001986	0.266221374046
91	1	1	0	0.0	0.0	0.0	0.0	0.185903983657	0.121900826446	0.0	0.0	0.0	0.0
92	1	1	0	0.328387734916	0.294651866801	0.0	0.0	0.169734151329	0.0	0.168024439919	0.182459677419	0.0	0.231145935357
93	1	1	0	0.176414189837	0.0	0.0	0.0	0.175318315377	0.0	0.0	0.0	0.0	0.0
94	1	1	0	0.0	0.0	0.0	0.0	0.0	0.145416227608	0.0	0.0	0.205043859649	0.0
95	1	1	0	0.160942100098	0.211009174312	0.498873873874	0.501510574018	0.15562248996	0.35721493441	0.293304994687	0.328960645812	0.515025906736	0.271134020619
96	1	1	0	0.16844143272	0.0	0.27766798419	0.299798792757	0.0	0.102880658436	0.0	0.153153153153	0.32683982684	0.227091633466
97	1	1	0	0.177777777778	0.217601547389	0.502617801047	0.492929292929	0.136542239686	0.360623781676	0.320512820513	0.327620967742	0.483134920635	0.259295499022
98	1	1	0	0.0	0.0	0.0	0.0	0.171797418073	0.144648023144	0.0	0.0	0.0	0.0
99	1	1	0	0.317145688801	0.305358948433	0.0	0.0	0.186897880539	0.0	0.165165165165	0.197640117994	0.0	0.237424547284
100	1	1	0	0.190711462451	0.23666343356	0.5163599182	0.291462217861	0.0	0.215250965251	0.161257606491	0.305150631681	0.315096251266	0.240404040404
