#chr	normal	sample0	sample1	sample2	sample3	sample4	sample5	sample6	sample7	sample8	sample9
0	0	0.0	0.0	0.0	0.0	0.0	0.0	0.0	0.0	0.0	0.0
1	0	0.0	0.242609582059	0.0	0.0	0.0	0.165839126117	0.0	0.0	0.110769230769	0.0
2	0	0.0	0.247443762781	0.0	0.0	0.0	0.148070907195	0.0	0.0	0.10878243513	0.0
3	0	0.0	0.0	0.29625984252	0.0	0.0	0.0	0.201588877855	0.0	0.0	0.153326904532
4	0	0.0	0.0	0.0	0.0	0.200193423598	0.197465681098	0.0	0.0	0.128231644261	0.0
5	0	0.0	0.0	0.0	0.0	0.173520561685	0.165839126117	0.0	0.0	0.117647058824	0.0
6	0	0.0	0.23301985371	0.0	0.179433368311	0.0	0.147474747475	0.0	0.0	0.238636363636	0.0
7	0	0.0	0.284128745838	0.0	0.0	0.204102564103	0.0	0.163983903421	0.218181818182	0.137313432836	0.0
8	0	0.0	0.0	0.0	0.0	0.179566563467	0.17443012884	0.0	0.0	0.122428991185	0.0
9	0	0.0	0.2527693857	0.0	0.0	0.0	0.155425219941	0.0	0.0	0.0998023715415	0.0
10	0	0.0	0.0	0.0	0.0	0.182751540041	0.183673469388	0.0	0.0	0.120531154239	0.0
11	0	0.0	0.250245338567	0.0	0.0	0.0	0.160358565737	0.0	0.0	0.104790419162	0.0
12	0	0.0	0.0	0.0	0.0	0.187885010267	0.169404517454	0.0	0.0	0.128007699711	0.0
13	0	0.0	0.0	0.0	0.0	0.0	0.175129533679	0.0	0.0	0.0	0.0
14	0	0.0	0.0	0.0	0.0	0.179245283019	0.156804733728	0.0	0.0	0.125874125874	0.0
15	0	0.0	0.257	0.0	0.0	0.156028368794	0.0	0.159113796576	0.227366255144	0.116803278689	0.0
16	0	0.0	0.0	0.0	0.0	0.0	0.165377176015	0.0	0.0	0.0	0.0
17	0	0.0	0.256072874494	0.0	0.179718875502	0.0	0.157464212679	0.0	0.0	0.250984251969	0.0
18	0	0.0	0.232628398792	0.0	0.0	0.169884169884	0.0	0.153439153439	0.217758985201	0.108695652174	0.0
19	0	0.0	0.0	0.320910973085	0.0	0.0	0.0	0.224171539961	0.0	0.0	0.149094781683
20	0	0.0	0.272007912957	0.0	0.191251271617	0.0	0.156	0.0	0.0	0.272635814889	0.0
21	0	0.0	0.0	0.0	0.0	0.0	0.0	0.0	0.0	0.0	0.0
22	0	0.0	0.0	0.0	0.0	0.0	0.0	0.0	0.0	0.0	0.0
23	0	0.0	0.0	0.0	0.0	0.0	0.0	0.0	0.0	0.0	0.0
24	0	0.0	0.0	0.0	0.0	0.0	0.186440677966	0.0	0.0	0.0	0.0
25	0	0.0	0.0	0.204334365325	0.124	0.0	0.0	0.138447146866	0.0	0.0	0.0958498023715
26	0	0.0	0.0	0.0	0.0	0.205330700888	0.172313649564	0.0	0.0	0.135270541082	0.0
27	0	0.0	0.0	0.0	0.0	0.16369047619	0.169387755102	0.0	0.0	0.1435546875	0.0
28	0	0.0	0.0	0.0	0.0	0.211069418386	0.179118773946	0.0	0.0	0.136363636364	0.0
29	0	0.0	0.28370221328	0.0	0.0	0.173076923077	0.0	0.16568627451	0.240121580547	0.124875124875	0.0
30	0	0.0	0.0	0.0	0.0	0.211801896733	0.169560776302	0.0	0.0	0.121118012422	0.0
31	0	0.310659898477	0.0	0.0	0.190196078431	0.0	0.0	0.0	0.293596059113	0.0	0.14243902439
32	0	0.0	0.236611489776	0.0	0.0	0.161352657005	0.0	0.15369261477	0.227533460803	0.115631691649	0.0
33	0	0.0	0.0	0.0	0.0	0.196673189824	0.179607109448	0.0	0.0	0.112437810945	0.0
34	0	0.0	0.270941054809	0.0	0.0	0.0	0.143308746048	0.0	0.0	0.0955882352941	0.0
35	0	0.0	0.239677744209	0.0	0.0	0.0	0.146100691017	0.0	0.0	0.106360792492	0.0
36	0	0.0	0.253891050584	0.0	0.0	0.154002026342	0.0	0.16186693148	0.204523107178	0.115646258503	0.0
37	0	0.0	0.247258225324	0.0	0.0	0.1703187251	0.0	0.159153633855	0.216330858961	0.110581506196	0.0
38	0	0.0	0.266859344894	0.0	0.0	0.175257731959	0.0	0.148296593186	0.237270875764	0.099173553719	0.0
39	0	0.0	0.0	0.0	0.0	0.0	0.0	0.0	0.0	0.0	0.0
40	0	0.0	0.0	0.0	0.0	0.18621399177	0.160455486542	0.0	0.0	0.123505976096	0.0
41	0	0.0	0.245667686035	0.0	0.172707889126	0.0	0.173869346734	0.0	0.0	0.28121927237	0.0
42	0	0.0	0.239275500477	0.0	0.0	0.0	0.182653061224	0.0	0.0	0.105882352941	0.0
43	0	0.0	0.0	0.0	0.0	0.186813186813	0.175769612711	0.0	0.0	0.131504257332	0.0
44	0	0.0	0.0	0.0	0.0	0.167146974063	0.177502579979	0.0	0.0	0.134158926729	0.0
45	0	0.0	0.0	0.0	0.0	0.0	0.0	0.0	0.0	0.0	0.0
46	0	0.0	0.0	0.0	0.0	0.0	0.0	0.0	0.0	0.0	0.0
47	0	0.0	0.246520874751	0.0	0.0	0.161885245902	0.0	0.171161825726	0.233267716535	0.116856256463	0.0
48	0	0.0	0.0	0.0	0.0	0.174440298507	0.181102362205	0.0	0.0	0.127077223851	0.0
49	0	0.0	0.0	0.280909990109	0.0	0.0	0.0	0.21963562753	0.0	0.0	0.16800804829
50	0	0.0	0.0	0.0	0.0	0.0	0.159509202454	0.0	0.0	0.0	0.0
51	0	0.0	0.0	0.206746463547	0.13453815261	0.0	0.0	0.127110228401	0.0	0.0	0.0957446808511
52	0	0.0	0.267987486966	0.0	0.0	0.159751037344	0.0	0.157270029674	0.212307692308	0.123092573754	0.0
53	0	0.0	0.250764525994	0.0	0.0	0.0	0.153696498054	0.0	0.0	0.10298661174	0.0
54	0	0.194871794872	0.0	0.0	0.0	0.1375	0.0	0.0	0.0	0.0	0.102123356926
55	0	0.0	0.244834710744	0.0	0.0	0.0	0.158620689655	0.0	0.0	0.112488083889	0.0
56	0	0.0	0.0	0.0	0.0	0.0	0.169154228856	0.0	0.0	0.0	0.0
57	0	0.0	0.276767676768	0.0	0.0	0.170708955224	0.0	0.140333660451	0.227835051546	0.107407407407	0.0
58	0	0.0	0.261700095511	0.0	0.0	0.0	0.149560117302	0.0	0.0	0.116135662898	0.0
59	0	0.0	0.0	0.216580310881	0.118320610687	0.0	0.0	0.143302180685	0.0	0.0	0.0908183632735
60	0	0.0	0.257961783439	0.0	0.0	0.168737060041	0.0	0.173998044966	0.224032586558	0.111902339776	0.0
61	0	0.0	0.0	0.0	0.0	0.0	0.187376725838	0.0	0.0	0.0	0.0
62	0	0.0	0.0	0.0	0.0	0.0	0.179959100204	0.0	0.0	0.0	0.0
63	0	0.0	0.239239239239	0.0	0.0	0.148582600196	0.0	0.166150670795	0.204444444444	0.116396761134	0.0
64	0	0.0	0.0	0.0	0.0	0.179385530228	0.182	0.0	0.0	0.134962805526	0.0
65	0	0.0	0.230371900826	0.0	0.0	0.163886162905	0.0	0.145228215768	0.222222222222	0.128810226155	0.0
66	0	0.0	0.0	0.0	0.0	0.175093632959	0.152023692004	0.0	0.0	0.151425762045	0.0
67	0	0.0	0.0	0.21	0.13903192585	0.0	0.0	0.147389969294	0.0	0.0	0.112919633774
68	0	0.0	0.0	0.0	0.0	0.183609958506	0.172310756972	0.0	0.0	0.112936344969	0.0
69	0	0.0	0.0	0.0	0.0	0.0	0.0	0.0	0.0	0.0	0.0
70	0	0.0	0.251694094869	0.0	0.0	0.178814382896	0.0	0.157894736842	0.234408602151	0.12027833002	0.0
71	0	0.0	0.0	0.0	0.0	0.195097037794	0.161750713606	0.0	0.0	0.110675808031	0.0
72	0	0.0	0.0	0.0	0.0	0.188775510204	0.172801635992	0.0	0.0	0.134689922481	0.0
73	0	0.0	0.232142857143	0.0	0.0	0.0	0.159420289855	0.0	0.0	0.114803625378	0.0
74	0	0.0	0.0	0.291539245668	0.0	0.0	0.0	0.203685741998	0.0	0.0	0.150243902439
75	0	0.0	0.225806451613	0.0	0.0	0.185671039354	0.0	0.15460852329	0.208910891089	0.0976602238047	0.0
76	0	0.0	0.0	0.0	0.0	0.0	0.176528599606	0.0	0.0	0.0	0.0
77	0	0.0	0.0	0.0	0.0	0.0	0.173652694611	0.0	0.0	0.0	0.0
78	0	0.0	0.0	0.0	0.0	0.160908193485	0.183550651956	0.0	0.0	0.118473895582	0.0
79	0	0.0	0.249289099526	0.0	0.0	0.160367722165	0.0	0.139412997904	0.210953346856	0.114503816794	0.0
80	0	0.0	0.245562130178	0.0	0.182002022245	0.0	0.154628687691	0.0	0.0	0.256756756757	0.0
81	0	0.0	0.247591522158	0.0	0.0	0.177957532861	0.0	0.14409221902	0.218111002921	0.112836438923	0.0
82	0	0.0	0.0	0.0	0.0	0.183861082737	0.149298597194	0.0	0.0	0.141683778234	0.0
83	0	0.0	0.261811023622	0.0	0.0	0.0	0.162189054726	0.0	0.0	0.100397614314	0.0
84	0	0.0	0.0	0.0	0.0	0.182092555332	0.180773249739	0.0	0.0	0.12852969815	0.0
85	0	0.0	0.244639376218	0.0	0.0	0.0	0.134937238494	0.0	0.0	0.101358411703	0.0
86	0	0.0	0.0	0.299389002037	0.0	0.0	0.0	0.20618556701	0.0	0.0	0.145
87	0	0.0	0.0	0.0	0.0	0.193939393939	0.168870803662	0.0	0.0	0.11067961165	0.0
88	0	0.0	0.231003039514	0.0	0.0	0.171610169492	0.0	0.17773237998	0.217659137577	0.101661779081	0.0
89	0	0.0	0.0	0.0	0.0	0.0	0.173617846751	0.0	0.0	0.0	0.0
90	0	0.0	0.261726078799	0.0	0.0	0.149105367793	0.0	0.163693599161	0.198567041965	0.100917431193	0.0
91	0	0.0	0.0	0.0	0.0	0.189688715953	0.157945736434	0.0	0.0	0.109615384615	0.0
92	0	0.179732313576	0.0	0.0	0.0	0.144855144855	0.0	0.0	0.0	0.0	0.102415458937
93	0	0.0	0.220973782772	0.0	0.0	0.0	0.178571428571	0.0	0.0	0.126470588235	0.0
94	0	0.199625117151	0.0	0.0	0.0	0.152069297401	0.0	0.0	0.0	0.0	0.106045589693
95	0	0.0	0.0	0.215863453815	0.108220603538	0.0	0.0	0.145877378436	0.0	0.0	0.105105105105
96	0	0.0	0.0	0.0	0.0	0.170905391658	0.17097415507	0.0	0.0	0.117882117882	0.0
97	0	0.297270955166	0.0	0.0	0.178236397749	0.0	0.0	0.0	0.29023255814	0.0	0.167189132706
98	0	0.0	0.262403528115	0.0	0.0	0.173780487805	0.0	0.149688149688	0.207859358842	0.126984126984	0.0
99	0	0.0	0.0	0.224101479915	0.134072580645	0.0	0.0	0.12278978389	0.0	0.0	0.114857744995
