Num_mutations: 100
Num_samples: 5
Error_rate: 0.080000

1.851851851851851749e-01 0.000000000000000000e+00 5.344827586206896131e-01 4.380952380952380931e-01 2.954545454545454697e-01
0.000000000000000000e+00 0.000000000000000000e+00 0.000000000000000000e+00 3.695652173913043237e-01 0.000000000000000000e+00
7.608695652173913526e-01 1.011235955056179803e+00 4.716981132075471761e-01 6.464646464646465196e-01 7.666666666666667185e-01
7.128712871287128383e-01 9.425287356321838672e-01 5.263157894736841813e-01 6.666666666666666297e-01 7.674418604651163101e-01
2.068965517241379282e-01 0.000000000000000000e+00 5.523809523809524169e-01 3.636363636363636465e-01 2.553191489361701927e-01
2.941176470588235392e-01 4.660194174757281704e-01 4.742268041237113207e-01 0.000000000000000000e+00 3.061224489795918435e-01
6.296296296296296502e-01 1.000000000000000000e+00 6.476190476190476497e-01 4.742268041237113207e-01 6.846846846846846857e-01
3.409090909090908839e-01 0.000000000000000000e+00 0.000000000000000000e+00 0.000000000000000000e+00 1.649484536082474195e-01
2.941176470588235392e-01 4.583333333333333148e-01 5.245901639344262568e-01 0.000000000000000000e+00 2.653061224489796088e-01
1.758241758241758379e-01 0.000000000000000000e+00 4.842105263157894801e-01 4.897959183673469274e-01 2.830188679245282946e-01
2.298850574712643646e-01 6.213592233009708199e-01 5.934065934065934078e-01 0.000000000000000000e+00 2.524271844660194164e-01
0.000000000000000000e+00 0.000000000000000000e+00 0.000000000000000000e+00 5.952380952380952328e-01 0.000000000000000000e+00
0.000000000000000000e+00 0.000000000000000000e+00 0.000000000000000000e+00 2.666666666666666630e-01 0.000000000000000000e+00
2.376237623762376128e-01 0.000000000000000000e+00 4.537815126050420145e-01 4.199999999999999845e-01 2.947368421052631304e-01
1.684210526315789436e-01 5.825242718446601575e-01 6.428571428571429047e-01 0.000000000000000000e+00 3.225806451612903136e-01
3.010752688172043112e-01 0.000000000000000000e+00 5.106382978723403854e-01 3.925233644859812965e-01 2.823529411764705843e-01
2.376237623762376128e-01 4.693877551020408379e-01 4.123711340206185350e-01 0.000000000000000000e+00 2.803738317757009102e-01
0.000000000000000000e+00 0.000000000000000000e+00 5.000000000000000000e-01 0.000000000000000000e+00 0.000000000000000000e+00
2.680412371134020533e-01 4.848484848484848619e-01 4.000000000000000222e-01 0.000000000000000000e+00 2.222222222222222099e-01
0.000000000000000000e+00 0.000000000000000000e+00 0.000000000000000000e+00 3.428571428571428603e-01 0.000000000000000000e+00
2.905982905982906206e-01 6.363636363636363535e-01 4.687500000000000000e-01 0.000000000000000000e+00 1.923076923076923184e-01
1.379310344827586188e-01 3.913043478260869734e-01 5.106382978723403854e-01 0.000000000000000000e+00 2.244897959183673464e-01
5.098039215686274161e-01 5.000000000000000000e-01 4.523809523809523836e-01 6.666666666666666297e-01 3.181818181818181768e-01
0.000000000000000000e+00 0.000000000000000000e+00 6.170212765957446832e-01 0.000000000000000000e+00 0.000000000000000000e+00
0.000000000000000000e+00 0.000000000000000000e+00 5.454545454545454142e-01 0.000000000000000000e+00 0.000000000000000000e+00
0.000000000000000000e+00 0.000000000000000000e+00 0.000000000000000000e+00 5.360824742268041065e-01 0.000000000000000000e+00
1.190476190476190410e-01 3.711340206185567148e-01 5.148514851485148647e-01 0.000000000000000000e+00 2.025316455696202500e-01
8.000000000000000444e-01 1.010752688172043001e+00 4.516129032258064391e-01 5.365853658536585691e-01 5.154639175257731409e-01
9.734513274336282773e-01 9.714285714285714191e-01 5.094339622641509413e-01 6.785714285714286031e-01 6.923076923076922906e-01
7.719298245614034659e-01 1.020408163265306145e+00 4.583333333333333148e-01 5.242718446601941640e-01 6.938775510204081565e-01
7.800000000000000266e-01 9.183673469387755306e-01 5.306122448979592177e-01 6.097560975609755962e-01 5.200000000000000178e-01
4.489795918367346927e-01 4.285714285714285476e-01 4.727272727272727182e-01 7.128712871287128383e-01 2.244897959183673464e-01
3.703703703703703498e-01 4.646464646464646409e-01 6.415094339622641195e-01 0.000000000000000000e+00 2.857142857142856984e-01
3.396226415094339424e-01 5.000000000000000000e-01 3.695652173913043237e-01 0.000000000000000000e+00 2.745098039215686514e-01
8.172043010752688685e-01 9.292929292929292817e-01 3.655913978494623739e-01 5.081967213114754189e-01 4.150943396226415283e-01
4.158415841584158223e-01 7.083333333333333703e-01 5.000000000000000000e-01 0.000000000000000000e+00 2.500000000000000000e-01
0.000000000000000000e+00 0.000000000000000000e+00 0.000000000000000000e+00 4.271844660194174526e-01 0.000000000000000000e+00
0.000000000000000000e+00 0.000000000000000000e+00 0.000000000000000000e+00 4.955752212389380462e-01 0.000000000000000000e+00
0.000000000000000000e+00 0.000000000000000000e+00 5.882352941176470784e-01 0.000000000000000000e+00 0.000000000000000000e+00
0.000000000000000000e+00 0.000000000000000000e+00 3.488372093023255904e-01 0.000000000000000000e+00 0.000000000000000000e+00
0.000000000000000000e+00 0.000000000000000000e+00 0.000000000000000000e+00 5.102040816326530726e-01 0.000000000000000000e+00
3.218390804597701105e-01 5.977011494252874035e-01 6.382978723404255650e-01 0.000000000000000000e+00 2.393162393162393264e-01
7.912087912087911734e-01 9.799999999999999822e-01 6.168224299065420135e-01 6.888888888888888840e-01 7.592592592592593004e-01
6.274509803921568540e-01 5.161290322580645018e-01 5.714285714285713969e-01 7.234042553191489811e-01 2.399999999999999911e-01
0.000000000000000000e+00 0.000000000000000000e+00 5.052631578947368585e-01 0.000000000000000000e+00 0.000000000000000000e+00
6.804123711340206437e-01 9.896907216494845727e-01 3.541666666666666852e-01 5.904761904761904878e-01 7.878787878787878451e-01
2.795698924731182533e-01 0.000000000000000000e+00 3.888888888888888951e-01 5.102040816326530726e-01 2.376237623762376128e-01
0.000000000000000000e+00 0.000000000000000000e+00 0.000000000000000000e+00 3.191489361702127825e-01 0.000000000000000000e+00
7.710843373493976305e-01 8.932038834951456785e-01 4.946236559139784994e-01 4.033613445378151363e-01 6.530612244897958663e-01
1.904761904761904656e-01 0.000000000000000000e+00 0.000000000000000000e+00 0.000000000000000000e+00 3.469387755102040782e-01
6.290322580645161255e-01 7.254901960784313486e-01 5.137614678899082854e-01 5.217391304347825942e-01 3.956043956043955867e-01
0.000000000000000000e+00 0.000000000000000000e+00 6.407766990291262621e-01 0.000000000000000000e+00 0.000000000000000000e+00
6.923076923076922906e-01 9.890109890109890500e-01 4.848484848484848619e-01 4.631578947368421018e-01 7.959183673469387710e-01
2.718446601941747476e-01 5.321100917431192956e-01 5.294117647058823595e-01 0.000000000000000000e+00 2.608695652173912971e-01
2.222222222222222099e-01 4.814814814814814548e-01 4.761904761904761640e-01 0.000000000000000000e+00 4.044943820224718989e-01
2.075471698113207641e-01 0.000000000000000000e+00 5.641025641025640969e-01 4.285714285714285476e-01 2.777777777777777901e-01
3.434343434343434254e-01 0.000000000000000000e+00 6.346153846153845812e-01 5.052631578947368585e-01 3.750000000000000000e-01
3.565891472868217282e-01 0.000000000000000000e+00 0.000000000000000000e+00 0.000000000000000000e+00 3.238095238095238249e-01
7.647058823529411242e-01 9.787234042553191182e-01 3.953488372093023062e-01 7.500000000000000000e-01 7.045454545454545858e-01
5.940594059405940319e-01 3.711340206185567148e-01 5.689655172413793371e-01 5.263157894736841813e-01 2.545454545454545192e-01
8.067226890756302726e-01 1.029702970297029729e+00 5.050505050505050830e-01 5.742574257425742124e-01 7.818181818181818565e-01
0.000000000000000000e+00 0.000000000000000000e+00 3.960396039603960583e-01 0.000000000000000000e+00 0.000000000000000000e+00
0.000000000000000000e+00 0.000000000000000000e+00 0.000000000000000000e+00 3.716814159292035624e-01 0.000000000000000000e+00
2.800000000000000266e-01 0.000000000000000000e+00 4.600000000000000200e-01 5.192307692307692735e-01 2.931034482758620441e-01
4.716981132075471761e-01 4.468085106382978511e-01 5.631067961165048263e-01 0.000000000000000000e+00 1.818181818181818232e-01
2.921348314606741492e-01 0.000000000000000000e+00 4.301075268817204367e-01 4.040404040404040331e-01 2.600000000000000089e-01
0.000000000000000000e+00 0.000000000000000000e+00 0.000000000000000000e+00 4.395604395604395531e-01 0.000000000000000000e+00
2.988505747126437018e-01 5.217391304347825942e-01 5.252525252525253041e-01 0.000000000000000000e+00 1.894736842105263219e-01
3.333333333333333148e-01 0.000000000000000000e+00 3.789473684210526438e-01 3.725490196078431460e-01 1.621621621621621712e-01
1.960784313725490169e-01 4.329896907216495006e-01 5.137614678899082854e-01 0.000000000000000000e+00 2.999999999999999889e-01
2.807017543859648967e-01 0.000000000000000000e+00 5.576923076923077094e-01 2.500000000000000000e-01 2.181818181818181712e-01
4.197530864197530631e-01 5.742574257425742124e-01 3.207547169811320598e-01 5.600000000000000533e-01 2.105263157894736725e-01
7.326732673267326579e-01 1.053763440860215006e+00 4.941176470588235503e-01 6.019417475728154887e-01 2.391304347826087029e-01
3.366336633663366551e-01 4.888888888888888729e-01 3.958333333333333148e-01 0.000000000000000000e+00 2.735042735042735318e-01
2.545454545454545192e-01 6.206896551724138122e-01 4.791666666666666852e-01 0.000000000000000000e+00 2.772277227722772519e-01
3.148148148148148251e-01 0.000000000000000000e+00 4.651162790697674354e-01 3.370786516853932491e-01 2.931034482758620441e-01
0.000000000000000000e+00 0.000000000000000000e+00 0.000000000000000000e+00 4.237288135593220151e-01 0.000000000000000000e+00
1.584158415841584178e-01 6.166666666666666963e-01 4.000000000000000222e-01 0.000000000000000000e+00 2.826086956521738913e-01
2.325581395348837177e-01 0.000000000000000000e+00 4.950495049504950451e-01 2.803738317757009102e-01 3.653846153846153633e-01
8.376068376068376287e-01 1.009900990099009910e+00 6.534653465346534906e-01 5.376344086021505042e-01 6.391752577319587125e-01
3.302752293577981835e-01 0.000000000000000000e+00 3.296703296703296648e-01 3.243243243243243423e-01 2.173913043478260809e-01
0.000000000000000000e+00 0.000000000000000000e+00 5.818181818181817899e-01 0.000000000000000000e+00 0.000000000000000000e+00
0.000000000000000000e+00 0.000000000000000000e+00 4.716981132075471761e-01 0.000000000000000000e+00 0.000000000000000000e+00
3.917525773195876249e-01 5.438596491228070429e-01 5.287356321839080664e-01 4.864864864864865135e-01 1.818181818181818232e-01
1.980198019801980291e-01 4.561403508771929571e-01 5.000000000000000000e-01 0.000000000000000000e+00 2.654867256637168382e-01
8.888888888888888395e-01 1.188679245283018826e+00 5.116279069767442067e-01 5.894736842105262609e-01 5.473684210526316152e-01
8.148148148148147696e-01 1.225806451612903247e+00 5.871559633027523262e-01 5.918367346938775420e-01 5.142857142857142350e-01
2.682926829268292845e-01 5.321100917431192956e-01 4.137931034482758563e-01 0.000000000000000000e+00 3.111111111111111160e-01
0.000000000000000000e+00 0.000000000000000000e+00 4.199999999999999845e-01 0.000000000000000000e+00 0.000000000000000000e+00
8.399999999999999689e-01 1.000000000000000000e+00 4.395604395604395531e-01 6.086956521739130821e-01 7.216494845360824639e-01
2.352941176470588203e-01 5.208333333333333703e-01 5.000000000000000000e-01 0.000000000000000000e+00 3.063063063063062863e-01
0.000000000000000000e+00 0.000000000000000000e+00 0.000000000000000000e+00 5.319148936170212671e-01 0.000000000000000000e+00
1.282051282051281937e-01 0.000000000000000000e+00 5.294117647058823595e-01 4.395604395604395531e-01 2.222222222222222099e-01
6.436781609195402210e-01 9.896907216494845727e-01 4.117647058823529216e-01 5.964912280701754055e-01 2.429906542056074759e-01
0.000000000000000000e+00 0.000000000000000000e+00 5.000000000000000000e-01 0.000000000000000000e+00 0.000000000000000000e+00
0.000000000000000000e+00 0.000000000000000000e+00 3.838383838383838120e-01 0.000000000000000000e+00 0.000000000000000000e+00
3.146067415730336991e-01 0.000000000000000000e+00 3.505154639175257492e-01 3.076923076923077094e-01 2.117647058823529382e-01
6.304347826086956763e-01 8.470588235294117530e-01 4.943820224719100986e-01 6.140350877192982670e-01 7.956989247311827551e-01
0.000000000000000000e+00 0.000000000000000000e+00 2.820512820512820484e-01 0.000000000000000000e+00 0.000000000000000000e+00
4.651162790697674354e-01 5.794392523364485514e-01 5.333333333333333259e-01 7.199999999999999734e-01 2.452830188679245293e-01
