Chromosome	Position	Change	Gene	sample0	sample1	sample2	sample3	sample4	sample5	sample6	sample7	sample8	sample9
1	0	A>T	1	1075	1074	1033	989	961	1030	997	996	988	1011
1	1	C>T	1	974	1024	1034	1081	999	974	987	981	965	1017
1	2	G>T	1	990	1025	965	967	922	969	1020	1052	1082	992
1	3	T>C	1	964	956	1032	1011	1021	1057	1055	947	1056	1038
1	4	A>G	1	1000	969	1066	1009	993	1047	1010	1010	1035	1027
1	5	T>A	1	1038	972	1019	1000	1013	1049	1044	1044	1019	977
1	6	G>C	1	931	1014	1005	978	974	1011	899	975	1012	1044
1	7	A>C	1	1025	965	979	961	979	966	1038	971	1008	953
1	8	T>A	1	982	1030	1044	1055	1003	1046	1057	969	993	980
1	9	G>C	1	1009	1045	955	1017	1004	938	998	1008	951	1043
1	10	A>G	1	958	1035	978	1017	981	1010	988	983	1018	940
1	11	A>T	1	998	963	966	949	958	1031	1091	1003	1012	1008
1	12	A>T	1	987	945	957	959	995	989	1013	947	1023	1006
1	13	T>C	1	1016	989	961	1005	981	1032	995	982	1061	945
1	14	T>C	1	1040	966	1018	941	1014	1006	987	1033	1057	1022
1	15	G>C	1	1010	1006	1038	990	997	987	990	995	986	1008
1	16	A>G	1	1027	1026	959	981	1019	1012	1039	984	974	996
1	17	C>A	1	1029	1017	993	1010	1032	977	1004	993	1008	1022
1	18	C>A	1	996	983	1017	987	1036	939	1072	974	983	917
1	19	C>A	1	973	1047	960	988	1042	1019	959	1003	968	1038
1	20	C>G	1	970	1009	1017	942	944	953	996	1039	1027	980
1	21	T>G	1	1081	1046	967	1009	979	922	1009	986	1038	950
1	22	A>G	1	1000	977	1041	1039	1045	1044	1034	995	999	1014
1	23	C>A	1	1045	978	1023	1009	1031	984	1053	960	1029	1015
1	24	C>T	1	1018	1011	979	988	1016	990	1049	983	993	1054
1	25	C>A	1	1005	992	926	1019	1049	1029	1031	1025	971	954
1	26	T>G	1	1040	955	1015	991	987	1028	960	1010	980	1053
1	27	G>A	1	976	1000	972	983	1038	935	1001	1042	1021	979
1	28	T>G	1	988	1008	984	1018	1018	1016	1027	981	963	945
1	29	A>G	1	967	990	1004	972	1036	979	978	1002	1002	942
1	30	C>G	1	994	1033	957	1040	1036	1049	1050	1018	1031	982
1	31	T>G	1	1057	1005	937	980	1059	924	985	1055	1001	996
1	32	T>A	1	942	984	1027	947	1032	1036	1010	970	970	1073
1	33	A>C	1	985	1032	953	978	1014	1017	867	1051	1017	997
1	34	C>A	1	968	969	1001	973	1025	994	1009	994	1032	968
1	35	C>G	1	987	944	1013	992	1000	1065	965	1014	987	1000
1	36	C>G	1	988	1056	1056	990	990	918	1013	904	984	962
1	37	A>C	1	977	980	1026	998	993	1027	1042	968	989	1042
1	38	C>T	1	962	959	1033	976	939	997	997	1011	1047	978
1	39	G>A	1	1075	1066	1017	992	1002	963	978	986	1030	1021
1	40	T>G	1	979	1011	1025	1020	970	1033	1024	984	972	1022
1	41	G>C	1	954	930	1036	979	957	1020	1015	1049	990	963
1	42	C>A	1	996	999	996	978	997	1011	1049	1026	996	940
1	43	A>C	1	989	984	1032	1029	933	989	1041	1010	953	985
1	44	T>G	1	1043	987	946	1036	979	1001	994	990	1005	1014
1	45	T>A	1	1013	1021	973	994	976	984	1020	1041	955	1030
1	46	A>C	1	976	1017	961	1018	996	951	1007	986	1026	1061
1	47	G>T	1	1014	1035	1009	1000	988	980	994	995	1059	1042
1	48	G>A	1	1032	993	1019	985	998	996	986	1001	1007	964
1	49	G>A	1	987	987	987	1027	1042	1051	967	974	1011	974
1	50	T>C	1	1034	1012	1004	1042	983	1026	1018	946	977	970
1	51	T>A	1	964	1019	1048	995	961	974	1032	963	967	981
1	52	G>C	1	966	985	991	1036	1017	1030	997	1029	1015	1058
1	53	A>T	1	1010	967	985	994	1025	988	944	1026	1039	1059
1	54	C>A	1	978	1001	1015	956	1037	1024	923	1019	1004	983
1	55	C>A	1	1030	984	1002	978	1018	995	986	1018	1025	1018
1	56	A>T	1	952	973	957	1063	1033	1001	1028	1010	1042	990
1	57	T>C	1	1026	1018	1041	1017	951	1009	1012	1023	1019	1018
1	58	A>C	1	976	1041	1001	1013	1006	963	974	1007	1017	972
1	59	T>A	1	1027	989	1020	1004	1007	946	1053	949	1004	957
1	60	C>G	1	933	1039	939	978	999	1002	1016	1087	1038	1023
1	61	A>C	1	1039	978	995	992	1010	983	995	1092	971	1011
1	62	G>C	1	997	1034	991	1046	988	1005	956	965	995	966
1	63	C>T	1	1004	992	1007	1010	937	1018	1006	1003	1006	982
1	64	C>T	1	973	1031	982	954	966	977	992	997	1036	969
1	65	C>A	1	1008	982	944	960	1017	1032	997	1011	946	961
1	66	C>G	1	948	970	1032	1010	1034	988	1027	963	973	1044
1	67	T>A	1	1060	976	997	1008	966	1024	1025	997	990	1031
1	68	C>A	1	977	1013	1047	1008	983	1039	1032	1054	1000	1005
1	69	T>C	1	1036	1023	1032	949	996	931	997	978	957	1033
1	70	T>G	1	1029	1023	1008	967	983	1031	1067	975	993	952
1	71	C>G	1	1020	992	1069	1012	1006	1055	1029	1020	1001	998
1	72	C>T	1	955	1024	1051	1044	961	1020	1014	1001	962	983
1	73	A>T	1	1042	992	985	1062	1051	1000	1009	962	1001	1000
1	74	A>C	1	992	1002	1007	989	977	1028	987	977	1065	1061
1	75	C>A	1	1001	1002	1004	1039	1013	1043	1006	1004	1033	961
1	76	G>C	1	974	983	961	1001	1074	1034	989	1033	942	1027
1	77	T>G	1	990	1014	992	1056	1036	1050	1006	989	934	1030
1	78	A>C	1	969	1040	1011	1026	935	1024	1014	1006	1040	969
1	79	C>G	1	989	1019	1023	1003	1024	1000	990	980	982	977
1	80	T>A	1	1027	1008	1051	974	1013	988	1034	977	985	1024
1	81	G>C	1	996	1071	1020	1008	1012	978	1021	985	1028	1005
1	82	G>C	1	1012	998	1029	998	1025	1003	978	1024	1003	1037
1	83	C>T	1	964	995	979	1039	1055	1026	983	963	1026	979
1	84	A>C	1	985	994	1046	986	1093	1015	1023	906	972	1059
1	85	G>C	1	1018	1006	982	1035	1009	1022	962	1011	1017	1016
1	86	A>G	1	981	1011	1014	965	1006	967	1015	1030	979	1045
1	87	G>T	1	1006	983	991	984	999	1045	972	1012	1038	1017
1	88	C>G	1	1039	1024	1045	995	961	1015	1000	1038	1040	969
1	89	G>C	1	945	1044	980	1043	997	997	962	976	1055	1047
1	90	C>G	1	980	957	997	1023	967	1045	993	1008	1017	965
1	91	T>G	1	1002	975	993	993	980	966	967	1011	938	1020
1	92	G>T	1	988	1029	984	1007	992	1059	966	949	1012	1067
1	93	A>T	1	1038	1001	1024	1013	1019	1003	970	1001	1046	1011
1	94	A>T	1	1000	946	1029	1038	1027	1005	979	996	1020	1048
1	95	C>G	1	1033	1008	1004	1054	992	960	948	996	957	1046
1	96	A>T	1	1006	1029	1029	1034	970	1039	990	1036	1071	977
1	97	C>A	1	1010	983	980	1015	948	999	1020	970	1032	1046
1	98	G>C	1	976	968	1027	934	1020	981	1007	985	1025	983
1	99	C>T	1	1012	1030	951	933	996	1049	997	1012	1048	993
