Chromosome	Position	Change	Gene	sample0	sample1	sample2	sample3	sample4	sample5	sample6	sample7	sample8	sample9
1	0	G>A	1	0	145	0	214	0	0	129	0	0	166
1	1	G>C	1	0	0	0	0	108	0	0	129	0	0
1	2	G>C	1	0	127	0	170	0	0	123	0	0	0
1	3	T>A	1	327	118	237	147	154	161	102	154	290	85
1	4	A>C	1	0	149	0	193	0	0	180	0	0	155
1	5	G>C	1	153	0	0	167	0	210	103	137	288	0
1	6	A>G	1	315	124	250	144	142	204	99	166	282	88
1	7	G>T	1	0	127	0	191	0	0	134	0	0	152
1	8	G>C	1	0	151	0	183	0	0	184	0	0	158
1	9	C>A	1	292	146	207	140	150	205	100	154	315	86
1	10	T>C	1	0	138	0	176	0	0	155	0	0	144
1	11	C>T	1	0	135	0	208	0	0	150	0	0	157
1	12	C>T	1	0	134	0	194	0	0	130	0	0	172
1	13	C>A	1	0	134	0	185	0	0	148	0	0	155
1	14	C>G	1	301	131	231	153	132	227	128	168	258	90
1	15	G>A	1	0	152	0	176	0	0	157	0	0	159
1	16	G>T	1	0	149	0	200	0	0	166	0	0	144
1	17	C>G	1	496	152	232	149	271	514	111	368	256	235
1	18	A>C	1	320	130	237	154	136	207	111	158	277	105
1	19	A>G	1	336	123	220	147	139	236	122	175	282	82
1	20	T>G	1	0	94	0	0	112	0	131	0	0	0
1	21	T>G	1	145	0	0	172	0	224	117	144	230	0
1	22	T>C	1	0	0	297	0	0	0	0	0	0	0
1	23	G>T	1	0	136	0	197	0	0	157	0	0	153
1	24	A>G	1	0	95	0	0	111	0	124	0	0	0
1	25	C>G	1	0	118	0	0	97	0	113	0	0	0
1	26	C>A	1	165	146	0	0	135	0	0	0	0	0
1	27	C>G	1	317	119	238	162	134	235	109	179	267	78
1	28	T>G	1	0	112	0	0	120	0	101	0	0	0
1	29	G>A	1	0	137	0	231	0	0	169	0	0	159
1	30	C>A	1	191	124	0	0	180	0	0	0	0	0
1	31	C>T	1	0	142	0	202	0	0	133	0	0	157
1	32	T>C	1	0	0	273	0	0	0	0	0	0	0
1	33	T>G	1	296	135	226	120	140	219	115	145	317	71
1	34	C>A	1	475	250	238	338	338	500	258	485	500	501
1	35	C>A	1	0	0	0	0	78	0	0	133	0	0
1	36	G>C	1	0	127	0	165	0	0	125	0	0	0
1	37	C>G	1	158	149	0	0	148	0	0	0	0	0
1	38	A>T	1	0	134	0	204	0	0	168	0	0	158
1	39	A>G	1	0	160	0	192	0	0	146	0	0	163
1	40	G>C	1	0	132	0	165	0	0	140	0	0	157
1	41	G>T	1	126	0	0	149	0	227	111	186	278	0
1	42	A>G	1	0	170	0	208	0	0	138	0	0	156
1	43	T>A	1	0	143	0	198	0	0	140	0	0	145
1	44	T>G	1	164	135	0	0	129	0	0	0	0	0
1	45	T>A	1	318	119	226	144	159	205	110	149	249	93
1	46	C>T	1	0	101	0	0	125	0	123	0	0	0
1	47	A>T	1	306	122	220	139	164	190	117	166	286	89
1	48	A>C	1	0	124	0	0	107	0	122	0	0	0
1	49	C>A	1	0	143	0	196	0	0	151	0	0	166
1	50	C>A	1	497	140	230	141	286	512	106	353	249	263
1	51	T>C	1	0	0	257	0	0	0	0	0	0	0
1	52	C>G	1	0	0	0	0	84	0	0	124	0	0
1	53	T>A	1	0	116	0	172	0	0	113	0	0	0
1	54	A>T	1	0	0	256	0	0	0	0	0	0	0
1	55	T>A	1	0	140	0	214	0	0	139	0	0	156
1	56	G>A	1	316	145	215	141	153	243	114	145	287	98
1	57	G>A	1	0	0	0	0	85	0	0	105	0	0
1	58	T>A	1	139	0	0	154	0	194	95	179	249	0
1	59	C>T	1	184	138	0	0	153	0	0	0	0	0
1	60	C>A	1	0	0	298	0	0	0	0	0	0	0
1	61	T>G	1	0	134	0	186	0	0	138	0	0	133
1	62	C>G	1	0	136	0	174	0	0	156	0	0	150
1	63	G>T	1	0	119	0	186	0	0	133	0	0	157
1	64	A>T	1	449	128	218	137	283	483	117	367	292	252
1	65	A>T	1	0	144	0	198	0	0	158	0	0	156
1	66	C>G	1	0	162	0	193	0	0	145	0	0	174
1	67	T>C	1	188	136	0	0	154	0	0	0	0	0
1	68	T>A	1	0	150	0	183	0	0	142	0	0	177
1	69	T>A	1	507	302	220	355	386	456	285	493	491	500
1	70	G>T	1	0	148	0	193	0	0	152	0	0	144
1	71	G>C	1	333	124	245	142	170	228	112	147	273	88
1	72	G>A	1	0	130	0	194	0	0	177	0	0	159
1	73	A>G	1	0	142	0	195	0	0	154	0	0	154
1	74	T>A	1	0	134	0	190	0	0	151	0	0	135
1	75	C>G	1	0	168	0	190	0	0	137	0	0	156
1	76	T>G	1	300	137	242	159	158	212	113	163	239	87
1	77	T>A	1	0	155	0	199	0	0	125	0	0	155
1	78	T>C	1	0	139	0	203	0	0	176	0	0	157
1	79	C>T	1	0	155	0	192	0	0	141	0	0	156
1	80	T>C	1	0	94	0	0	108	0	98	0	0	0
1	81	G>T	1	509	261	226	389	394	520	256	505	492	515
1	82	C>G	1	481	147	232	135	306	560	108	371	235	242
1	83	T>G	1	0	0	272	0	0	0	0	0	0	0
1	84	C>G	1	328	124	207	153	138	211	121	143	293	80
1	85	C>T	1	0	136	0	200	0	0	145	0	0	159
1	86	G>A	1	0	140	0	187	0	0	166	0	0	163
1	87	A>T	1	0	128	0	203	0	0	139	0	0	176
1	88	G>C	1	0	102	0	0	118	0	104	0	0	0
1	89	T>C	1	0	129	0	206	0	0	157	0	0	164
1	90	G>A	1	525	268	189	336	367	508	262	467	530	544
1	91	T>A	1	0	136	0	214	0	0	154	0	0	160
1	92	T>C	1	0	98	0	0	136	0	116	0	0	0
1	93	A>G	1	0	121	0	186	0	0	173	0	0	172
1	94	C>A	1	501	311	212	346	379	504	279	490	529	474
1	95	A>T	1	303	147	237	170	145	235	110	161	254	95
1	96	C>G	1	479	142	255	135	284	488	128	400	262	221
1	97	A>T	1	509	287	240	346	374	502	285	520	473	461
1	98	G>A	1	0	148	0	201	0	0	142	0	0	144
1	99	T>C	1	0	131	0	191	0	0	133	0	0	160
