Chromosome	Position	Change	Gene	sample0	sample1	sample2	sample3	sample4	sample5	sample6	sample7	sample8	sample9
1	0	C>A	1	966	959	990	1023	1007	978	1021	1007	1004	999
1	1	C>T	1	992	981	997	962	915	933	987	978	1093	981
1	2	A>C	1	1019	1031	1042	980	1077	975	1028	986	932	1029
1	3	C>A	1	1009	971	1049	1031	964	1020	993	1037	961	989
1	4	G>C	1	1006	985	957	983	1025	949	1013	994	1051	1011
1	5	G>C	1	987	1008	928	1000	1001	1052	1011	997	947	1087
1	6	G>A	1	1018	1024	1000	1004	1045	1032	933	987	953	999
1	7	C>A	1	985	1017	955	983	1027	1003	1032	1022	955	942
1	8	A>G	1	968	952	1050	984	941	979	1017	982	1058	1054
1	9	G>C	1	1076	983	989	1016	983	1011	999	971	989	994
1	10	G>C	1	995	1031	963	1041	951	1036	1045	1003	976	1034
1	11	C>T	1	1034	997	974	1042	949	994	1041	988	970	974
1	12	G>T	1	1003	920	1007	999	967	969	1009	1001	974	972
1	13	G>A	1	1013	963	993	986	1055	1048	1071	994	1015	1039
1	14	T>A	1	931	1016	1024	1021	966	951	973	941	1051	1004
1	15	T>A	1	984	979	1033	1056	960	1050	994	1021	1063	998
1	16	G>T	1	974	978	1039	1001	1019	991	1046	978	991	993
1	17	T>A	1	981	1026	1011	1005	1033	1003	1026	975	945	953
1	18	A>T	1	991	981	988	1010	997	990	948	1006	1020	1008
1	19	A>C	1	1031	1035	994	1028	997	1015	969	958	963	1001
1	20	A>T	1	999	1024	1004	959	1024	996	980	975	1018	957
1	21	A>C	1	1025	1005	988	987	1023	1038	1021	876	1062	1021
1	22	A>G	1	1028	1071	979	1030	1031	918	988	1032	995	1080
1	23	G>A	1	995	1043	1045	1019	1009	1037	1042	992	997	1026
1	24	C>T	1	976	1001	1023	998	982	946	1032	1011	975	1012
1	25	C>G	1	1021	993	1000	1012	1019	962	989	978	994	1017
1	26	T>A	1	991	924	995	953	1028	1005	1011	982	1016	1019
1	27	C>T	1	987	976	1024	1010	970	980	1055	984	950	1008
1	28	A>G	1	1002	1005	1032	1028	982	1011	962	1031	1012	1011
1	29	A>G	1	1006	975	953	1060	995	923	988	1009	1009	940
1	30	T>A	1	980	1007	1045	1003	1025	1028	1011	1017	996	1022
1	31	T>C	1	1052	977	985	1017	1040	981	971	1007	1008	1004
1	32	G>T	1	1015	974	1030	951	977	997	998	963	978	981
1	33	T>G	1	987	937	982	955	1011	993	977	983	1026	1009
1	34	C>G	1	954	1028	1026	1013	986	970	944	968	1013	1046
1	35	T>A	1	1012	952	996	995	961	951	984	981	983	975
1	36	T>A	1	1055	1012	949	957	1034	1000	1004	970	1009	948
1	37	C>G	1	967	1017	958	1008	1031	1002	980	999	993	967
1	38	C>G	1	1022	980	973	987	993	959	951	1012	1026	1033
1	39	A>T	1	971	1044	998	976	954	1053	999	1000	1001	1017
1	40	A>C	1	1026	980	939	1005	953	1052	1011	1079	977	1027
1	41	A>C	1	1000	982	991	927	1040	1015	978	1032	1002	989
1	42	A>C	1	967	993	1054	1042	1050	1000	1005	1012	1040	962
1	43	G>T	1	997	990	942	1007	984	1008	1057	1004	969	968
1	44	G>A	1	993	981	940	927	1029	956	978	990	999	1005
1	45	G>C	1	1044	1027	1010	985	1064	986	1032	963	983	1002
1	46	C>A	1	1054	972	1001	990	1053	939	1007	1009	981	997
1	47	C>A	1	1015	969	948	972	945	1031	1002	1042	962	1008
1	48	T>C	1	1011	971	969	1020	1062	961	962	992	998	989
1	49	C>A	1	1021	992	979	958	1020	1019	996	1005	1026	1028
1	50	A>C	1	1013	1027	1020	953	1038	1013	947	1062	994	1039
1	51	T>G	1	1043	1013	1001	983	1033	942	1018	1006	1012	986
1	52	A>C	1	988	1026	999	1003	1021	977	926	990	1034	976
1	53	T>C	1	1015	1072	954	1044	984	1017	972	970	949	989
1	54	C>T	1	991	1014	984	996	1010	976	1011	982	1006	1001
1	55	G>A	1	957	984	1001	1000	1003	1002	964	973	1018	1019
1	56	C>T	1	1014	967	1032	993	1032	953	955	971	958	939
1	57	T>C	1	996	1009	1000	956	1004	1011	1047	998	1063	1024
1	58	C>T	1	1024	1004	998	1040	997	1059	1001	1042	1000	996
1	59	A>C	1	1017	950	1000	1004	984	968	1010	1014	971	1001
1	60	C>G	1	969	970	1008	1016	1009	997	1005	1046	993	1072
1	61	C>A	1	973	984	1046	984	969	1031	1023	1004	1004	971
1	62	C>T	1	955	1022	921	1084	1023	952	1036	992	994	988
1	63	A>G	1	1094	989	949	995	944	1003	972	975	1065	1037
1	64	G>A	1	962	995	1033	1001	985	1039	978	1001	1035	967
1	65	A>G	1	1026	952	1008	1005	1008	1031	955	1022	1059	996
1	66	T>G	1	964	960	1020	1046	1006	1018	1012	1001	1040	1033
1	67	A>T	1	972	1026	1030	1018	1053	1008	1015	1068	997	1013
1	68	T>G	1	1002	998	985	993	977	965	1034	1070	1001	1007
1	69	A>T	1	1022	991	1025	911	1016	954	969	976	959	949
1	70	G>T	1	994	1021	1048	1046	1004	1037	988	988	1001	986
1	71	A>C	1	1014	957	995	983	952	1021	997	967	1042	1010
1	72	G>A	1	932	1015	972	1003	1002	982	1056	1004	961	1015
1	73	T>A	1	975	1005	987	1053	1021	960	1025	964	1034	1011
1	74	T>G	1	1016	1048	987	975	1060	917	1005	1039	1044	1020
1	75	T>C	1	1005	981	1061	987	1028	1012	997	989	1052	996
1	76	T>G	1	1032	1018	984	963	978	1042	988	985	1019	936
1	77	A>C	1	990	1029	1021	1007	1047	968	1012	982	1009	1015
1	78	T>C	1	1000	1020	991	1002	935	974	1014	953	956	1075
1	79	A>C	1	1011	994	984	1039	992	1002	1005	952	983	992
1	80	A>C	1	978	991	967	1040	1008	1050	1008	996	993	993
1	81	C>G	1	974	949	992	1031	968	1003	953	991	1013	1040
1	82	T>A	1	969	1006	1039	978	1000	1039	1002	1001	995	1021
1	83	C>T	1	985	1007	981	1055	1038	1035	1015	995	987	984
1	84	T>C	1	1009	1003	1016	1032	1005	976	1007	1026	981	1031
1	85	A>T	1	987	1048	1016	988	963	1012	1027	963	967	1047
1	86	C>T	1	969	998	990	992	1040	1017	959	1012	977	945
1	87	T>C	1	1031	947	986	994	1004	994	1049	1038	1008	999
1	88	A>C	1	1019	961	987	966	1033	1034	986	989	955	997
1	89	A>T	1	967	999	1012	994	972	988	983	993	994	991
1	90	G>T	1	1008	960	1021	970	1017	987	1012	952	1008	1031
1	91	T>C	1	1023	946	997	1019	985	1010	1018	1081	996	1016
1	92	A>G	1	979	1014	1024	960	1010	1015	1016	981	987	976
1	93	C>A	1	994	996	987	1049	970	1042	985	1020	1016	1004
1	94	A>G	1	967	951	990	997	971	1034	995	1045	1017	1043
1	95	T>G	1	1003	988	1037	1007	947	1033	995	969	1031	1020
1	96	T>G	1	986	976	974	937	980	993	1050	960	965	1015
1	97	G>C	1	1003	1016	957	974	1049	933	1003	998	1022	954
1	98	A>T	1	1013	925	987	1025	964	998	1007	1046	1016	965
1	99	C>A	1	983	987	968	1036	1013	966	1009	963	1007	1070
