#chr	normal	sample0	sample1	sample2	sample3	sample4
0	0	0.264705882353	0.0	0.18085106383	0.0	0.229166666667
1	0	0.266055045872	0.164835164835	0.0	0.0	0.0
2	0	0.0	0.0	0.0	0.0	0.0
3	0	0.0	0.0	0.172413793103	0.0	0.0
4	0	0.264150943396	0.0	0.508771929825	0.162162162162	0.146341463415
5	0	0.252427184466	0.172413793103	0.0	0.0	0.0
6	0	0.0	0.0	0.0	0.0	0.0
7	0	0.0	0.0	0.0	0.0	0.0
8	0	0.0	0.0	0.0	0.0	0.0
9	0	0.0	0.0	0.0	0.0	0.0
10	0	0.261904761905	0.0	0.219047619048	0.0	0.14606741573
11	0	0.257425742574	0.205357142857	0.0	0.0	0.0
12	0	0.217391304348	0.205882352941	0.0	0.0	0.0
13	0	0.0	0.0	0.0	0.0	0.0
14	0	0.0	0.0	0.134615384615	0.0	0.0
15	0	0.0	0.0	0.0	0.0	0.0
16	0	0.0	0.0	0.0	0.0	0.0
17	0	0.0	0.0	0.0	0.0	0.0
18	0	0.133928571429	0.198275862069	0.0	0.0	0.0
19	0	0.273684210526	0.0	0.394495412844	0.184782608696	0.0980392156863
20	0	0.297872340426	0.0	0.134615384615	0.0	0.231578947368
21	0	0.0	0.0	0.0	0.0	0.0
22	0	0.277227722772	0.0	0.487394957983	0.179775280899	0.214953271028
23	0	0.27358490566	0.20987654321	0.0	0.0	0.0
24	0	0.260416666667	0.313131313131	0.469387755102	0.547008547009	0.540816326531
25	0	0.0	0.0	0.134020618557	0.0	0.0
26	0	0.0	0.0	0.114285714286	0.0	0.0
27	0	0.282828282828	0.181818181818	0.0	0.0	0.0
28	0	0.228260869565	0.0	0.119565217391	0.0	0.292134831461
29	0	0.204301075269	0.0	0.205882352941	0.0	0.178947368421
30	0	0.277227722772	0.0	0.496062992126	0.171428571429	0.222222222222
31	0	0.231578947368	0.223214285714	0.0	0.0	0.0
32	0	0.0	0.0	0.0	0.0	0.0
33	0	0.0	0.0	0.0	0.0	0.0
34	0	0.0	0.0	0.0	0.0	0.0
35	0	0.0	0.0	0.0	0.0	0.0
36	0	0.273684210526	0.154761904762	0.0	0.0	0.0
37	0	0.205882352941	0.165048543689	0.0	0.0	0.0
38	0	0.0	0.0	0.0	0.0	0.0
39	0	0.0	0.0	0.0776699029126	0.0	0.0
40	0	0.234693877551	0.235849056604	0.0	0.0	0.0
41	0	0.295918367347	0.0	0.567567567568	0.166666666667	0.225
42	0	0.0	0.0	0.0	0.0	0.0
43	0	0.0	0.0	0.0	0.0	0.0
44	0	0.284482758621	0.185840707965	0.0	0.0	0.0
45	0	0.272727272727	0.0	0.445544554455	0.0980392156863	0.24347826087
46	0	0.185185185185	0.28431372549	0.577777777778	0.34	0.550561797753
47	0	0.277777777778	0.0	0.540816326531	0.147368421053	0.20652173913
48	0	0.234234234234	0.16	0.0	0.0	0.0
49	0	0.0	0.0	0.0	0.0	0.0
50	0	0.244680851064	0.156862745098	0.0	0.0	0.0
51	0	0.0	0.0	0.0	0.0	0.0
52	0	0.257425742574	0.147368421053	0.0	0.0	0.0
53	0	0.239130434783	0.222222222222	0.0	0.0	0.0
54	0	0.306818181818	0.2	0.0	0.0	0.0
55	0	0.0	0.0	0.0	0.0	0.0
56	0	0.231578947368	0.0	0.532710280374	0.110091743119	0.188888888889
57	0	0.316326530612	0.290322580645	0.511111111111	0.348837209302	0.590476190476
58	0	0.0	0.0	0.0	0.0	0.0
59	0	0.0	0.0	0.0	0.0	0.0
60	0	0.225225225225	0.227272727273	0.0	0.0	0.0
61	0	0.0	0.0	0.0	0.0	0.0
62	0	0.188118811881	0.178571428571	0.0	0.0	0.0
63	0	0.0	0.0	0.0	0.0	0.0
64	0	0.0	0.0	0.0	0.0	0.0
65	0	0.225225225225	0.163265306122	0.0	0.0	0.0
66	0	0.175257731959	0.238095238095	0.0	0.0	0.0
67	0	0.0	0.0	0.0	0.0	0.0
68	0	0.268817204301	0.0	0.475247524752	0.108910891089	0.19801980198
69	0	0.156862745098	0.148514851485	0.0	0.0	0.0
70	0	0.333333333333	0.210526315789	0.0	0.0	0.0
71	0	0.0	0.0	0.0	0.0	0.0
72	0	0.0	0.0	0.0	0.0	0.0
73	0	0.0	0.0	0.0	0.0	0.0
74	0	0.208333333333	0.148936170213	0.0	0.0	0.0
75	0	0.0	0.0	0.0	0.0	0.0
76	0	0.0	0.0	0.0	0.0	0.0
77	0	0.0	0.0	0.0	0.0	0.0
78	0	0.0	0.0	0.269662921348	0.0	0.0
79	0	0.208333333333	0.242105263158	0.52427184466	0.407766990291	0.511627906977
80	0	0.247619047619	0.173076923077	0.0	0.0	0.0
81	0	0.28125	0.322580645161	0.378640776699	0.461538461538	0.508333333333
82	0	0.0	0.0	0.0	0.0	0.0
83	0	0.263636363636	0.0	0.145631067961	0.0	0.219512195122
84	0	0.0	0.0	0.0	0.0	0.0
85	0	0.0	0.0	0.0	0.0	0.0
86	0	0.219047619048	0.188888888889	0.0	0.0	0.0
87	0	0.0	0.0	0.0	0.0	0.0
88	0	0.20652173913	0.313953488372	0.484210526316	0.414893617021	0.545454545455
89	0	0.0	0.0	0.0	0.0	0.0
90	0	0.234234234234	0.264957264957	0.0	0.0	0.0
91	0	0.27358490566	0.254901960784	0.508771929825	0.373913043478	0.546296296296
92	0	0.0	0.0	0.0	0.0	0.0
93	0	0.25	0.324324324324	0.533333333333	0.307692307692	0.494117647059
94	0	0.21875	0.227272727273	0.0	0.0	0.0
95	0	0.0	0.0	0.0	0.0	0.0
96	0	0.0	0.0	0.0	0.0	0.0
97	0	0.302083333333	0.0	0.175824175824	0.0	0.232142857143
98	0	0.0	0.0	0.0	0.0	0.0
99	0	0.292929292929	0.339622641509	0.578947368421	0.366071428571	0.565217391304
