gene_id	sample0	sample0	sample1	sample1	sample2	sample2	sample3	sample3	sample4	sample4
0	66	25	97	0	95	0	90	3	72	11
1	64	51	67	52	52	47	51	45	28	41
2	101	0	90	0	80	0	85	0	87	12
3	60	45	97	22	59	47	69	33	80	19
4	67	20	97	0	105	0	85	9	83	10
5	62	19	87	0	117	0	109	0	93	9
6	56	50	48	45	47	56	53	50	53	45
7	64	62	72	27	52	59	74	33	59	45
8	76	30	104	0	106	0	85	15	93	14
9	95	0	97	0	99	0	101	0	111	0
10	75	26	87	0	107	0	80	7	89	12
11	68	31	95	0	105	0	92	13	71	14
12	53	70	54	57	53	46	38	59	43	53
13	76	27	100	0	98	0	85	11	82	19
14	78	35	99	0	113	0	86	11	75	11
15	44	48	79	33	46	60	71	28	62	42
16	69	21	99	0	87	0	98	12	90	14
17	77	14	97	0	93	0	81	0	84	12
18	91	27	79	0	104	0	94	9	75	22
19	104	0	80	0	99	0	113	0	113	0
20	87	10	71	15	70	35	82	13	98	14
21	65	28	89	0	112	0	80	13	82	10
22	76	22	87	0	113	0	82	8	95	16
23	50	43	55	31	58	62	62	41	66	27
24	41	57	46	41	44	52	51	49	43	53
25	85	10	70	18	60	33	66	17	90	4
26	66	25	105	0	107	0	103	20	83	21
27	79	16	107	0	92	14	96	11	90	13
28	44	55	55	48	49	34	43	64	51	53
29	122	0	94	11	77	11	105	0	111	0
30	72	29	105	0	91	0	79	9	83	6
31	70	29	115	0	91	0	89	7	90	13
32	67	35	106	0	103	0	83	10	89	17
33	67	36	111	0	88	0	79	9	95	12
34	70	34	101	0	91	0	87	11	86	17
35	102	0	88	0	92	0	96	0	96	0
36	60	42	75	18	46	51	75	35	74	19
37	69	27	95	0	95	0	85	11	89	12
38	52	64	45	56	53	54	58	49	62	63
39	54	64	70	40	48	55	62	44	70	38
40	49	53	75	33	46	53	67	36	65	41
41	73	21	87	0	93	0	91	10	82	19
42	68	26	100	0	110	0	82	15	97	11
43	64	30	88	0	116	0	93	13	86	12
44	43	44	70	31	57	56	64	38	62	36
45	83	31	104	0	100	0	81	11	76	12
46	73	28	106	0	109	0	97	15	92	13
47	45	53	97	38	63	38	78	38	55	43
48	49	41	67	47	55	51	65	32	61	38
49	84	36	107	0	111	0	85	10	84	14
50	42	47	48	30	55	50	68	30	65	32
51	63	25	101	0	85	0	89	8	86	11
52	97	14	99	0	105	0	109	0	77	9
53	42	46	61	51	51	52	52	53	62	59
54	42	59	51	56	41	46	68	38	47	56
55	87	13	90	0	114	0	82	0	105	8
56	58	36	104	0	101	0	105	18	78	16
57	68	32	99	0	80	20	93	17	79	15
58	66	34	68	26	51	50	57	36	72	14
59	77	39	81	0	84	0	83	9	93	12
60	92	14	119	0	99	0	98	0	79	12
61	79	29	96	0	101	0	82	15	85	16
62	63	25	102	0	88	0	97	12	80	14
63	100	13	104	0	114	0	108	0	94	10
64	67	27	115	0	91	0	88	11	82	12
65	62	24	89	0	98	0	95	10	81	16
66	89	18	84	0	87	0	81	0	79	11
67	96	11	85	16	75	35	88	25	75	15
68	75	27	112	0	98	0	90	14	103	10
69	64	16	90	0	85	0	89	17	79	15
70	70	23	97	0	111	0	93	10	84	11
71	98	15	108	0	95	0	100	0	70	14
72	52	53	42	42	53	39	40	51	54	63
73	76	27	89	0	106	0	89	13	91	12
74	83	9	102	0	98	0	98	0	100	14
75	51	53	45	41	47	50	49	46	49	51
76	69	31	101	0	105	0	64	17	87	11
77	44	56	60	39	51	51	65	37	67	25
78	82	10	95	20	56	35	81	15	68	13
79	80	32	116	0	103	0	79	15	87	19
80	93	15	108	0	91	0	100	0	72	16
81	95	0	82	0	97	0	87	0	88	0
82	68	22	115	0	83	0	80	13	88	10
83	95	15	63	21	59	35	65	26	102	10
84	80	14	105	0	110	0	84	0	86	10
85	73	29	107	0	89	0	84	8	85	15
86	78	23	108	0	98	0	74	14	79	21
87	70	35	103	0	107	0	93	9	87	9
88	67	36	96	0	84	0	83	17	82	15
89	50	57	56	32	50	53	68	40	57	35
90	53	55	94	22	48	60	68	42	78	21
91	85	19	111	0	103	0	107	0	75	19
92	91	10	75	19	62	38	63	25	107	10
93	90	11	83	24	76	41	76	23	89	5
94	78	14	101	0	102	0	93	16	86	10
95	40	66	50	41	46	37	39	42	49	39
96	82	28	96	0	99	0	95	12	86	13
97	58	48	70	27	57	40	55	35	61	30
98	87	0	95	0	106	0	94	0	105	0
99	53	54	54	46	41	46	46	50	55	42
