gene_id	sample0	sample0	sample1	sample1	sample2	sample2	sample3	sample3	sample4	sample4	sample5	sample5	sample6	sample6	sample7	sample7	sample8	sample8	sample9	sample9
0	8781	1273	9907	0	6331	3638	7370	2593	10201	0	8538	1374	8732	1316	8798	1273	6335	3674	8484	1673
1	9238	855	9067	936	10130	0	9944	0	8233	1841	9166	887	9184	950	9945	0	10017	0	9953	0
2	8588	1449	10023	0	10087	0	10041	0	6840	3186	9849	0	10151	0	8716	1373	10025	0	10042	0
3	9117	846	9163	922	10154	0	10021	0	8154	1820	9066	939	8980	886	9843	0	10108	0	10193	0
4	7126	2675	8891	1184	6462	3558	5022	5024	6879	3138	8503	1395	7638	2516	7488	2652	6380	3578	6865	3112
5	10014	0	8730	1234	8388	1412	10078	0	9846	0	8889	1142	10043	0	9203	993	8552	1411	9822	0
6	8579	1383	10000	0	6416	3677	7372	2599	10020	0	8572	1359	8923	1266	8761	1243	6403	3607	8330	1707
7	10125	0	10206	0	9932	0	10088	0	10131	0	10230	0	10188	0	10108	0	9863	0	10045	0
8	9878	0	10097	0	9952	0	7416	2532	10124	0	9872	0	8674	1261	10036	0	8322	1666	9996	0
9	9167	867	9080	905	10053	0	10108	0	8037	1901	9233	937	9033	877	9836	0	10151	0	9985	0
10	9803	0	8724	1250	8657	1441	10117	0	10017	0	8919	1110	10056	0	9019	930	8541	1459	10187	0
11	9883	0	10168	0	10202	0	7179	2617	10121	0	9960	0	8669	1280	10035	0	8315	1748	9849	0
12	8632	1406	9928	0	9907	0	9974	0	6917	3143	10059	0	9974	0	8605	1427	10236	0	10156	0
13	9883	0	10084	0	8601	1356	9963	0	10044	0	8915	1071	10145	0	8970	936	8552	1438	9810	0
14	9947	0	8605	1200	8704	1433	10019	0	10190	0	8978	1127	9890	0	8984	1005	8690	1412	9957	0
15	8544	1460	9961	0	9996	0	9982	0	6845	3196	10135	0	9993	0	8689	1411	9828	0	9991	0
16	8696	1324	10015	0	8160	1824	9954	0	10027	0	10017	0	10039	0	8890	1304	8164	1899	8432	1652
17	9165	812	9144	969	10221	0	9903	0	8362	1789	9092	904	9205	927	9872	0	10020	0	9942	0
18	8486	1472	10038	0	10025	0	10001	0	6702	3120	10084	0	10114	0	8535	1413	10120	0	10037	0
19	7366	2690	8770	1254	6422	3505	4875	4880	6970	3250	8644	1367	7554	2497	7379	2650	6334	3605	6611	3116
20	9965	0	8975	1217	8551	1399	9927	0	10068	0	9032	1112	10189	0	9095	999	8464	1385	10073	0
21	9366	834	8990	969	9897	0	9855	0	8150	1782	9253	973	9193	912	10014	0	10031	0	10050	0
22	9907	0	10080	0	9852	0	7406	2629	9987	0	9907	0	8809	1261	10115	0	8195	1661	10098	0
23	10097	0	9909	0	10116	0	7398	2622	9818	0	10000	0	8785	1278	9865	0	8245	1780	10053	0
24	8485	1414	9841	0	10126	0	10012	0	6819	3187	10158	0	10118	0	8680	1340	10020	0	10144	0
25	9850	0	8775	1163	8803	1402	9894	0	9954	0	8846	1139	9966	0	8979	999	8591	1427	9961	0
26	9951	0	8832	1246	8632	1425	10224	0	10007	0	8793	1088	9925	0	9049	1000	8553	1465	9855	0
27	10158	0	9057	1253	8592	1417	9941	0	9872	0	8738	1096	9792	0	8961	964	8677	1410	9942	0
28	9899	0	8763	1296	8605	1339	9917	0	10047	0	8865	1120	10134	0	9147	924	8546	1505	9952	0
29	9237	785	9193	916	9990	0	10018	0	8149	1793	9127	992	8957	888	10018	0	10217	0	9944	0
30	8525	1448	10107	0	9972	0	10107	0	6805	3201	10036	0	9991	0	8667	1459	10013	0	9930	0
31	8517	1442	9962	0	9991	0	10080	0	6747	3056	9902	0	9765	0	8633	1388	10136	0	9995	0
32	9014	857	8975	946	9921	0	10251	0	8096	1846	8913	945	9176	945	9960	0	9984	0	9864	0
33	10022	0	8678	1202	8469	1342	10090	0	9873	0	9067	1055	10124	0	9051	1019	8546	1393	10144	0
34	9230	855	8926	910	10184	0	10019	0	8109	1757	9036	958	9129	888	10048	0	9960	0	10033	0
35	9264	795	9151	942	10132	0	9879	0	8177	1804	9079	963	8860	924	9885	0	10169	0	10110	0
36	9217	819	9094	956	9898	0	10066	0	8200	1762	9057	938	9035	924	9986	0	10040	0	9997	0
37	9150	865	9037	922	10009	0	9976	0	8248	1811	9074	954	9074	940	9992	0	10127	0	10039	0
38	9203	802	9016	933	9903	0	9977	0	8210	1799	9234	928	9117	998	9980	0	10194	0	10181	0
39	9001	817	9128	921	10076	0	9854	0	8108	1846	8993	947	9097	887	9953	0	9916	0	9974	0
40	9827	0	9929	0	10067	0	7582	2571	10012	0	10037	0	8636	1272	10070	0	8480	1716	10160	0
41	9829	0	10022	0	9996	0	7445	2557	9940	0	9993	0	8538	1248	10136	0	8474	1671	10101	0
42	10036	0	10013	0	9876	0	10046	0	10263	0	10114	0	9930	0	9873	0	9941	0	9688	0
43	9162	824	9191	913	10003	0	10031	0	8137	1808	9044	922	8926	952	9897	0	10045	0	10224	0
44	9175	841	8950	909	10119	0	10078	0	8098	1852	9035	954	8905	866	9896	0	10013	0	10079	0
45	10037	0	10013	0	10081	0	7371	2610	10117	0	9931	0	8690	1267	9864	0	8323	1734	10112	0
46	9887	0	10062	0	10082	0	7417	2657	9994	0	10076	0	8753	1318	10007	0	8475	1686	9953	0
47	10033	0	9895	0	10061	0	7495	2546	9822	0	10023	0	8634	1182	9907	0	8441	1692	10077	0
48	9993	0	9962	0	9921	0	7443	2479	10122	0	10078	0	8792	1306	10098	0	8387	1706	10078	0
49	9114	838	9204	982	9998	0	9908	0	8382	1759	9065	930	9219	841	9959	0	10120	0	10033	0
50	7214	2746	8660	1223	6406	3577	5014	4948	6695	3159	8594	1485	7530	2440	7196	2708	6473	3552	6835	3093
51	10086	0	10116	0	10029	0	7424	2590	10131	0	10074	0	8845	1225	9902	0	8286	1691	10156	0
52	8474	1465	8319	1593	10141	0	10089	0	9886	0	8360	1607	8436	1507	8626	1381	9890	0	8116	1846
53	8812	1256	9934	0	6435	3563	7324	2595	9881	0	8621	1387	8669	1272	8648	1278	6467	3549	8419	1702
54	7166	2713	8830	1194	6381	3558	4955	4969	6812	3119	8548	1337	7485	2523	7448	2716	6521	3628	6746	3070
55	10040	0	8829	1209	8612	1499	10031	0	10088	0	8794	1133	10235	0	9045	998	8537	1423	9927	0
56	7208	2653	8761	1254	6360	3701	4975	5021	6838	3158	8566	1369	7602	2546	7325	2685	6427	3413	6756	3078
57	8445	1357	9999	0	9964	0	9953	0	6785	3205	10084	0	10069	0	8611	1407	10094	0	9948	0
58	9906	0	9949	0	10192	0	7436	2589	9944	0	10007	0	8685	1247	9900	0	8287	1646	9991	0
59	9233	833	9074	935	9925	0	10004	0	8166	1882	9207	939	8989	960	9960	0	10160	0	10035	0
60	9238	852	9001	970	10056	0	10064	0	8150	1792	9111	935	9029	937	10019	0	9919	0	10009	0
61	9971	0	8809	1235	8506	1435	10033	0	9992	0	8897	1106	9871	0	8967	923	8466	1460	10083	0
62	9841	0	8704	1237	8682	1406	9904	0	9923	0	8685	1034	9937	0	9147	974	8733	1435	10175	0
63	9165	818	8999	928	10078	0	10116	0	8226	1830	9115	911	9084	952	9759	0	10053	0	9980	0
64	9954	0	9971	0	10099	0	7310	2609	10060	0	10082	0	8710	1296	10100	0	8450	1704	9920	0
65	10039	0	8673	1204	8581	1387	9913	0	9948	0	8892	1098	10004	0	9045	966	8410	1429	10021	0
66	9918	0	8666	1187	8557	1351	9885	0	10053	0	8853	1117	9941	0	9058	974	8645	1506	9985	0
67	9959	0	10194	0	8614	1414	9932	0	10101	0	8895	1051	10026	0	8962	906	8497	1419	10025	0
68	9936	0	8607	1245	8696	1431	10099	0	9876	0	8732	1178	10011	0	9091	979	8547	1462	10071	0
69	9904	0	8681	1213	8491	1415	10001	0	9986	0	8910	1038	10013	0	9090	951	8492	1427	10017	0
70	9961	0	8861	1217	8638	1376	10024	0	9817	0	8854	1100	9869	0	9107	962	8545	1421	10040	0
71	10174	0	8821	1217	8595	1439	9969	0	9968	0	9000	1040	10072	0	8947	907	8656	1408	10096	0
72	10107	0	8724	1187	8657	1378	10012	0	10024	0	8978	1101	10008	0	8969	973	8612	1442	9849	0
73	9877	0	8666	1214	8716	1376	10168	0	10051	0	8875	1080	9910	0	8974	1023	8393	1384	9939	0
74	9892	0	8652	1222	8486	1367	9974	0	10167	0	8922	1101	9935	0	9119	1008	8527	1427	10047	0
75	9839	0	9904	0	9952	0	7332	2569	10006	0	9994	0	8702	1298	10043	0	8265	1692	10066	0
76	8639	1359	10038	0	8184	1852	10033	0	10039	0	9931	0	10029	0	8683	1265	8020	1968	8297	1694
77	9929	0	8720	1218	8656	1420	10034	0	9993	0	8997	1108	10042	0	9126	948	8752	1371	10127	0
78	9949	0	10128	0	10009	0	7459	2533	10021	0	9855	0	8686	1330	9964	0	8188	1659	9985	0
79	9954	0	9841	0	9963	0	7457	2569	10006	0	9951	0	8750	1259	10222	0	8416	1728	10055	0
80	9979	0	8863	1270	8773	1334	10032	0	10002	0	9006	1069	9860	0	8843	938	8655	1420	9963	0
81	10001	0	8700	1217	8614	1396	10000	0	9862	0	8757	1058	9978	0	9108	906	8699	1407	9941	0
82	9922	0	10080	0	10062	0	7264	2558	10168	0	9980	0	8659	1324	10118	0	8334	1570	9992	0
83	9953	0	9878	0	10026	0	7483	2665	10124	0	9846	0	8717	1331	10138	0	8228	1678	9901	0
84	9900	0	8723	1237	8580	1391	9961	0	10041	0	8692	1086	9897	0	9122	956	8497	1420	10004	0
85	7277	2732	8625	1252	6492	3586	5122	5029	6719	3073	8548	1425	7609	2428	7231	2690	6381	3555	6937	3067
86	10139	0	10031	0	8435	1383	9847	0	9985	0	8959	1142	10069	0	9051	975	8605	1422	10074	0
87	9933	0	9770	0	8561	1463	9818	0	10050	0	8715	1144	9981	0	8980	950	8523	1411	9908	0
88	7358	2708	8756	1206	6428	3586	5026	4886	6882	3210	8600	1427	7292	2487	7253	2673	6454	3525	6847	3119
89	9963	0	8663	1227	8394	1398	9892	0	9819	0	8943	1098	10134	0	9097	944	8562	1437	10087	0
90	8751	1467	8440	1516	9950	0	10158	0	10027	0	8432	1520	8364	1530	8590	1387	10081	0	8152	1852
91	10288	0	8781	1175	8560	1430	9952	0	10086	0	8915	1066	10025	0	8995	964	8737	1473	10079	0
92	7270	2761	8720	1209	6404	3597	5071	4986	6804	3209	8677	1343	7552	2533	7283	2635	6478	3528	6865	3132
93	10044	0	9899	0	8711	1415	9913	0	9997	0	9000	1137	10018	0	9063	923	8679	1481	9910	0
94	9167	834	8998	883	10040	0	9951	0	8144	1793	9068	994	9212	970	10159	0	9946	0	9967	0
95	9888	0	8904	1242	8533	1413	10012	0	10024	0	8742	1113	9924	0	9101	953	8459	1341	9909	0
96	9966	0	9860	0	8546	1425	9982	0	9962	0	9057	1127	10029	0	9032	982	8545	1382	10003	0
97	8549	1407	9944	0	9901	0	10107	0	6852	3118	10017	0	10102	0	8599	1347	10087	0	9819	0
98	9953	0	10142	0	8682	1387	9942	0	10103	0	9001	1157	10112	0	9118	990	8399	1432	9980	0
99	9975	0	8712	1223	8711	1449	9907	0	9865	0	9067	1082	9908	0	9141	938	8554	1409	10009	0
