Num_mutations: 100
Num_samples: 5
Error_rate: 0.050000

7.807807807807807254e-01 5.103305785123967153e-01 7.435633367662204396e-01 1.741741741741741623e-01 4.088620342396777629e-01
7.683284457478005702e-01 5.168986083499006456e-01 7.542857142857143371e-01 2.064777327935222728e-01 4.287222808870116419e-01
0.000000000000000000e+00 3.301985370950888399e-01 0.000000000000000000e+00 3.441494591937069858e-01 0.000000000000000000e+00
4.383282364933741015e-01 6.401590457256460809e-01 5.139022051773729505e-01 1.823647294589178236e-01 4.347826086956521618e-01
3.179487179487179294e-01 3.180487804878048830e-01 6.036294173829990228e-01 0.000000000000000000e+00 0.000000000000000000e+00
4.254901960784313597e-01 6.965853658536584891e-01 4.802431610942249351e-01 1.521739130434782705e-01 4.011571841851494513e-01
4.476386036960985360e-01 6.888217522658610648e-01 4.924318869828456235e-01 1.619937694704049747e-01 4.176285414480587765e-01
1.956947162426614373e-01 1.608527131782945818e-01 0.000000000000000000e+00 0.000000000000000000e+00 2.103213242453748910e-01
4.382239382239382364e-01 6.187192118226600979e-01 5.458248472505091708e-01 1.800643086816720306e-01 4.603481624758220536e-01
7.622789783889980519e-01 4.442148760330578705e-01 8.535156250000000000e-01 1.845841784989858125e-01 4.231145935357492616e-01
0.000000000000000000e+00 0.000000000000000000e+00 0.000000000000000000e+00 3.305613305613305797e-01 4.199999999999999845e-01
0.000000000000000000e+00 0.000000000000000000e+00 0.000000000000000000e+00 3.333333333333333148e-01 3.927125506072874361e-01
0.000000000000000000e+00 0.000000000000000000e+00 2.299578059071729907e-01 0.000000000000000000e+00 0.000000000000000000e+00
0.000000000000000000e+00 0.000000000000000000e+00 3.152709359605911366e-01 0.000000000000000000e+00 0.000000000000000000e+00
0.000000000000000000e+00 1.639676113360323817e-01 0.000000000000000000e+00 0.000000000000000000e+00 3.326612903225806273e-01
0.000000000000000000e+00 0.000000000000000000e+00 0.000000000000000000e+00 2.999999999999999889e-01 3.307086614173228578e-01
7.110655737704918433e-01 3.641563393708293628e-01 1.698685540950455042e-01 6.712328767123287854e-01 1.002061855670103085e+00
6.660231660231660245e-01 3.611691022964509390e-01 1.951219512195122019e-01 6.640851887705710999e-01 1.003853564547206201e+00
0.000000000000000000e+00 0.000000000000000000e+00 0.000000000000000000e+00 3.091976516634050709e-01 3.483483483483483245e-01
4.219999999999999862e-01 6.459747817652764512e-01 5.052854122621563970e-01 1.591137965760322237e-01 4.524714828897338226e-01
7.250257466529350658e-01 4.446640316205533461e-01 7.428571428571428825e-01 1.533678756476684057e-01 4.186046511627907196e-01
0.000000000000000000e+00 0.000000000000000000e+00 0.000000000000000000e+00 3.116370808678500803e-01 3.479125248508946333e-01
1.939655172413793094e-01 1.414342629482071845e-01 0.000000000000000000e+00 0.000000000000000000e+00 1.908548707753479068e-01
2.265372168284789656e-01 1.978239366963402690e-01 0.000000000000000000e+00 0.000000000000000000e+00 1.918081918081918080e-01
4.208289054197661971e-01 6.718903036238981219e-01 5.045408678102926148e-01 2.000000000000000111e-01 4.482390608324439696e-01
0.000000000000000000e+00 0.000000000000000000e+00 0.000000000000000000e+00 3.142580019398641955e-01 3.398821218074656314e-01
3.947633434038267941e-01 6.748466257668711554e-01 5.030800821355235763e-01 2.065541211519364428e-01 4.274193548387096864e-01
0.000000000000000000e+00 0.000000000000000000e+00 0.000000000000000000e+00 3.373737373737373813e-01 3.553299492385786906e-01
1.691248770894788478e-01 1.955645161290322509e-01 0.000000000000000000e+00 0.000000000000000000e+00 2.012320328542094583e-01
6.364551863041288948e-01 3.717549325025960583e-01 1.732776617954071008e-01 6.595330739299610778e-01 1.018987341772152000e+00
2.129277566539923838e-01 2.191489361702127769e-01 0.000000000000000000e+00 0.000000000000000000e+00 1.971830985915492829e-01
0.000000000000000000e+00 0.000000000000000000e+00 0.000000000000000000e+00 3.059051306873185050e-01 3.078431372549019773e-01
3.658291457286432236e-01 0.000000000000000000e+00 2.655601659751037347e-01 0.000000000000000000e+00 0.000000000000000000e+00
4.525862068965517127e-01 7.315096251266464122e-01 4.620060790273556317e-01 1.583011583011582901e-01 4.106776180698151757e-01
2.149253731343283569e-01 1.616580310880829097e-01 0.000000000000000000e+00 0.000000000000000000e+00 2.024539877300613466e-01
4.442190669371196554e-01 6.920877025738798594e-01 4.879999999999999893e-01 1.925025329280648512e-01 4.193548387096774355e-01
6.322188449848024083e-01 3.864734299516908167e-01 1.668302257114818443e-01 7.319062181447502091e-01 9.422135161606268738e-01
2.373205741626794318e-01 1.979591836734693744e-01 0.000000000000000000e+00 0.000000000000000000e+00 2.035928143712574800e-01
0.000000000000000000e+00 2.056807051909892159e-01 0.000000000000000000e+00 0.000000000000000000e+00 3.036649214659685736e-01
4.481236203090507852e-01 6.923076923076922906e-01 4.708290685772773543e-01 1.926977687626774960e-01 4.142011834319526686e-01
4.821246169560776118e-01 6.687306501547987114e-01 4.876190476190476186e-01 1.637666325486182295e-01 4.321705426356589053e-01
6.969990319457889383e-01 3.852459016393442459e-01 1.946564885496183117e-01 6.286876907426246497e-01 1.037698412698412787e+00
4.227005870841487045e-01 6.916835699797160286e-01 4.820717131474103745e-01 1.959262851600387934e-01 4.045643153526971014e-01
2.388369678089304338e-01 1.650853889943074138e-01 0.000000000000000000e+00 0.000000000000000000e+00 2.051282051282051211e-01
3.578528827037773530e-01 0.000000000000000000e+00 2.815814850530375946e-01 0.000000000000000000e+00 0.000000000000000000e+00
7.322515212981743904e-01 4.792899408284023721e-01 7.815384615384615152e-01 1.943887775551102204e-01 4.527872582480090835e-01
0.000000000000000000e+00 0.000000000000000000e+00 0.000000000000000000e+00 2.724580454096742210e-01 3.232323232323232598e-01
4.304304304304304440e-01 6.706706706706706544e-01 4.937238493723849486e-01 1.745877788554801302e-01 4.416924664602683293e-01
7.475345167652860390e-01 5.250737463126843307e-01 7.783452502553626084e-01 1.858664085188770632e-01 4.810863239573229810e-01
6.488038277511961605e-01 3.145161290322580627e-01 1.694915254237288060e-01 6.990654205607477190e-01 9.686274509803921573e-01
3.102439024390243882e-01 3.359223300970873849e-01 5.740740740740740700e-01 0.000000000000000000e+00 0.000000000000000000e+00
7.485148514851485135e-01 4.923076923076923350e-01 7.992007992007992279e-01 2.012448132780083054e-01 4.512067156348373298e-01
7.719644619940769781e-01 4.828934506353861345e-01 7.521531100478469067e-01 1.820020222446916136e-01 4.345114345114345356e-01
6.536585365853658791e-01 3.311827956989247257e-01 1.869158878504672827e-01 6.727272727272727293e-01 9.970326409495549047e-01
6.860103626943004906e-01 3.639999999999999902e-01 1.536983669548511178e-01 7.104761904761904834e-01 1.013278855975485282e+00
0.000000000000000000e+00 0.000000000000000000e+00 2.174796747967479571e-01 0.000000000000000000e+00 0.000000000000000000e+00
0.000000000000000000e+00 2.839378238341969118e-01 0.000000000000000000e+00 3.145631067961164873e-01 0.000000000000000000e+00
0.000000000000000000e+00 0.000000000000000000e+00 0.000000000000000000e+00 3.399790136411332542e-01 3.067608476286579067e-01
7.494780793319415491e-01 4.699683877766069329e-01 7.713997985901309695e-01 1.623931623931623991e-01 4.418604651162790775e-01
0.000000000000000000e+00 0.000000000000000000e+00 0.000000000000000000e+00 3.030907278165503316e-01 3.437815975733063967e-01
6.459627329192546563e-01 3.677042801556420493e-01 1.795665634674922517e-01 7.167868177136972330e-01 1.043478260869565188e+00
1.902874132804757146e-01 2.158859470468431907e-01 0.000000000000000000e+00 0.000000000000000000e+00 2.008368200836820050e-01
0.000000000000000000e+00 0.000000000000000000e+00 0.000000000000000000e+00 2.814667988107036889e-01 3.507306889352818646e-01
1.955645161290322509e-01 2.022022022022021970e-01 0.000000000000000000e+00 0.000000000000000000e+00 1.894317048853439711e-01
0.000000000000000000e+00 0.000000000000000000e+00 2.291262135922330079e-01 0.000000000000000000e+00 0.000000000000000000e+00
4.319999999999999951e-01 7.037815126050420700e-01 4.850894632206759205e-01 1.900191938579654516e-01 4.534883720930232287e-01
4.460431654676259017e-01 6.763565891472868019e-01 4.882051282051281804e-01 2.111324376199616160e-01 3.956478733926805380e-01
0.000000000000000000e+00 0.000000000000000000e+00 2.330905306971904345e-01 0.000000000000000000e+00 0.000000000000000000e+00
2.249488752556237092e-01 1.810613943808532800e-01 0.000000000000000000e+00 0.000000000000000000e+00 2.334322453016814958e-01
4.211576846307385491e-01 6.731391585760517771e-01 4.757981462409886508e-01 1.911468812877263612e-01 4.057692307692307709e-01
7.291242362525458542e-01 4.647467725918569825e-01 7.562189054726368154e-01 2.064896755162241859e-01 4.313346228239845481e-01
0.000000000000000000e+00 3.446153846153846012e-01 0.000000000000000000e+00 3.141153081510934530e-01 0.000000000000000000e+00
4.376899696048632271e-01 6.512096774193548709e-01 4.785156250000000000e-01 1.626016260162601590e-01 4.317460317460317665e-01
4.123314065510597093e-01 6.864754098360655865e-01 4.825462012320328453e-01 2.089552238805970075e-01 4.344497607655502525e-01
4.508196721311475419e-01 7.317554240631163331e-01 5.129265770423991899e-01 1.791967044284243082e-01 4.239999999999999880e-01
7.726829268292683128e-01 4.225352112676056260e-01 7.961722488038277534e-01 1.637534498620055179e-01 4.410354745925215703e-01
6.457311089303238161e-01 3.606870229007633766e-01 2.021803766105054467e-01 6.961651917404130252e-01 9.932104752667313408e-01
2.040404040404040498e-01 1.749502982107355997e-01 0.000000000000000000e+00 0.000000000000000000e+00 2.138492871690427788e-01
6.400000000000000133e-01 3.643643643643643681e-01 1.485943775100401487e-01 7.037037037037037202e-01 9.978540772532188408e-01
0.000000000000000000e+00 1.656804733727810786e-01 0.000000000000000000e+00 0.000000000000000000e+00 3.408163265306122236e-01
2.121212121212121271e-01 1.673913043478260920e-01 0.000000000000000000e+00 0.000000000000000000e+00 2.206619859578736187e-01
4.437810945273631957e-01 6.480908152734777827e-01 5.050505050505050830e-01 1.759530791788856408e-01 4.511132623426911681e-01
2.307692307692307820e-01 1.492842535787320957e-01 0.000000000000000000e+00 0.000000000000000000e+00 2.171314741035856588e-01
4.543610547667342736e-01 6.445959104186952393e-01 4.657258064516128782e-01 1.876832844574780057e-01 4.338085539714867656e-01
0.000000000000000000e+00 0.000000000000000000e+00 0.000000000000000000e+00 3.117134559535333915e-01 3.245869776482021574e-01
0.000000000000000000e+00 0.000000000000000000e+00 0.000000000000000000e+00 3.296258847320525653e-01 3.678861788617885931e-01
2.269641125121241443e-01 1.598360655737705027e-01 0.000000000000000000e+00 0.000000000000000000e+00 2.039999999999999869e-01
4.479495268138801167e-01 6.345776031434184894e-01 4.552683896620278170e-01 1.749999999999999889e-01 3.874239350912778712e-01
6.173826173826173491e-01 3.055848261327713256e-01 1.862745098039215730e-01 7.052845528455284896e-01 1.017543859649122862e+00
3.792048929663608403e-01 7.022749752720078842e-01 4.935834155972359527e-01 1.646586345381526040e-01 3.913934426229508379e-01
0.000000000000000000e+00 0.000000000000000000e+00 0.000000000000000000e+00 2.960725075528700678e-01 3.061825318940137319e-01
0.000000000000000000e+00 0.000000000000000000e+00 0.000000000000000000e+00 3.312883435582821834e-01 3.059051306873185050e-01
0.000000000000000000e+00 0.000000000000000000e+00 0.000000000000000000e+00 3.839009287925696512e-01 3.357512953367875475e-01
4.332344213649851894e-01 7.126673532440782610e-01 4.601769911504424715e-01 1.888772298006295980e-01 3.870333988212180665e-01
4.510204081632653295e-01 6.949806949806950351e-01 5.039215686274509665e-01 1.726755218216318721e-01 4.175824175824175977e-01
0.000000000000000000e+00 2.109533468559837699e-01 0.000000000000000000e+00 0.000000000000000000e+00 3.372093023255813837e-01
7.883349012229539099e-01 4.414225941422594279e-01 7.176350662589194851e-01 1.900910010111223347e-01 3.991811668372569066e-01
0.000000000000000000e+00 1.559251559251559338e-01 0.000000000000000000e+00 0.000000000000000000e+00 3.794392523364485958e-01
0.000000000000000000e+00 1.787819253438114042e-01 0.000000000000000000e+00 0.000000000000000000e+00 3.741293532338308414e-01
4.267701260911735961e-01 6.713426853707414876e-01 4.747774480712166345e-01 1.666666666666666574e-01 4.217687074829932214e-01
