Num_mutations: 100
Num_samples: 10
Error_rate: 0.080000

0.000000000000000000e+00 0.000000000000000000e+00 0.000000000000000000e+00 3.818181818181818343e-01 4.583333333333333148e-01 4.358974358974359031e-01 2.745098039215686514e-01 0.000000000000000000e+00 0.000000000000000000e+00 3.370786516853932491e-01
0.000000000000000000e+00 0.000000000000000000e+00 0.000000000000000000e+00 5.094339622641509413e-01 3.636363636363636465e-01 5.000000000000000000e-01 3.673469387755102233e-01 0.000000000000000000e+00 0.000000000000000000e+00 1.875000000000000000e-01
0.000000000000000000e+00 0.000000000000000000e+00 0.000000000000000000e+00 4.070796460176991372e-01 0.000000000000000000e+00 0.000000000000000000e+00 0.000000000000000000e+00 0.000000000000000000e+00 0.000000000000000000e+00 0.000000000000000000e+00
0.000000000000000000e+00 0.000000000000000000e+00 0.000000000000000000e+00 0.000000000000000000e+00 0.000000000000000000e+00 0.000000000000000000e+00 2.417582417582417598e-01 3.589743589743589758e-01 0.000000000000000000e+00 0.000000000000000000e+00
0.000000000000000000e+00 8.163265306122449161e-01 3.119266055045871733e-01 0.000000000000000000e+00 0.000000000000000000e+00 0.000000000000000000e+00 3.764705882352941124e-01 4.400000000000000022e-01 0.000000000000000000e+00 4.905660377358490587e-01
0.000000000000000000e+00 0.000000000000000000e+00 0.000000000000000000e+00 3.750000000000000000e-01 0.000000000000000000e+00 0.000000000000000000e+00 0.000000000000000000e+00 0.000000000000000000e+00 0.000000000000000000e+00 0.000000000000000000e+00
6.732673267326733102e-01 0.000000000000000000e+00 4.631578947368421018e-01 0.000000000000000000e+00 3.829787234042553168e-01 4.888888888888888729e-01 0.000000000000000000e+00 0.000000000000000000e+00 5.894736842105262609e-01 0.000000000000000000e+00
0.000000000000000000e+00 0.000000000000000000e+00 0.000000000000000000e+00 0.000000000000000000e+00 0.000000000000000000e+00 0.000000000000000000e+00 2.886597938144329634e-01 5.818181818181817899e-01 0.000000000000000000e+00 0.000000000000000000e+00
0.000000000000000000e+00 0.000000000000000000e+00 0.000000000000000000e+00 4.444444444444444198e-01 4.466019417475728392e-01 5.535714285714286031e-01 4.035087719298245390e-01 0.000000000000000000e+00 0.000000000000000000e+00 1.651376146788990917e-01
0.000000000000000000e+00 0.000000000000000000e+00 0.000000000000000000e+00 0.000000000000000000e+00 0.000000000000000000e+00 0.000000000000000000e+00 1.739130434782608647e-01 2.962962962962962798e-01 0.000000000000000000e+00 0.000000000000000000e+00
0.000000000000000000e+00 0.000000000000000000e+00 0.000000000000000000e+00 0.000000000000000000e+00 0.000000000000000000e+00 0.000000000000000000e+00 2.921348314606741492e-01 2.999999999999999889e-01 0.000000000000000000e+00 0.000000000000000000e+00
0.000000000000000000e+00 1.040000000000000036e+00 3.265306122448979331e-01 0.000000000000000000e+00 0.000000000000000000e+00 0.000000000000000000e+00 3.454545454545454586e-01 4.814814814814814548e-01 0.000000000000000000e+00 7.070707070707070718e-01
8.910891089108911034e-01 9.690721649484536071e-01 1.022222222222222143e+00 5.769230769230768718e-01 6.382978723404255650e-01 5.200000000000000178e-01 6.666666666666666297e-01 9.401709401709401615e-01 9.423076923076922906e-01 7.207207207207206867e-01
0.000000000000000000e+00 0.000000000000000000e+00 0.000000000000000000e+00 4.799999999999999822e-01 5.168539325842697041e-01 5.777777777777777235e-01 3.960396039603960583e-01 0.000000000000000000e+00 0.000000000000000000e+00 2.105263157894736725e-01
0.000000000000000000e+00 1.065217391304347894e+00 2.352941176470588203e-01 0.000000000000000000e+00 0.000000000000000000e+00 0.000000000000000000e+00 4.065040650406503975e-01 3.392857142857143016e-01 0.000000000000000000e+00 5.378151260504201447e-01
0.000000000000000000e+00 1.123809523809523814e+00 3.076923076923077094e-01 0.000000000000000000e+00 0.000000000000000000e+00 0.000000000000000000e+00 4.400000000000000022e-01 4.597701149425287293e-01 0.000000000000000000e+00 5.858585858585858563e-01
0.000000000000000000e+00 1.000000000000000000e+00 3.448275862068965747e-01 0.000000000000000000e+00 0.000000000000000000e+00 0.000000000000000000e+00 4.375000000000000000e-01 3.578947368421052655e-01 0.000000000000000000e+00 5.714285714285713969e-01
0.000000000000000000e+00 0.000000000000000000e+00 0.000000000000000000e+00 4.324324324324324564e-01 4.955752212389380462e-01 5.436893203883494952e-01 2.363636363636363591e-01 0.000000000000000000e+00 0.000000000000000000e+00 3.392857142857143016e-01
0.000000000000000000e+00 0.000000000000000000e+00 0.000000000000000000e+00 0.000000000000000000e+00 0.000000000000000000e+00 0.000000000000000000e+00 2.857142857142856984e-01 3.409090909090908839e-01 0.000000000000000000e+00 0.000000000000000000e+00
0.000000000000000000e+00 0.000000000000000000e+00 0.000000000000000000e+00 4.077669902912621214e-01 3.111111111111111160e-01 4.893617021276595591e-01 4.301075268817204367e-01 0.000000000000000000e+00 0.000000000000000000e+00 2.680412371134020533e-01
0.000000000000000000e+00 0.000000000000000000e+00 0.000000000000000000e+00 0.000000000000000000e+00 0.000000000000000000e+00 0.000000000000000000e+00 2.807017543859648967e-01 3.260869565217391353e-01 0.000000000000000000e+00 0.000000000000000000e+00
0.000000000000000000e+00 0.000000000000000000e+00 0.000000000000000000e+00 4.137931034482758563e-01 4.761904761904761640e-01 4.000000000000000222e-01 3.008849557522124130e-01 0.000000000000000000e+00 0.000000000000000000e+00 2.678571428571428492e-01
0.000000000000000000e+00 0.000000000000000000e+00 0.000000000000000000e+00 0.000000000000000000e+00 0.000000000000000000e+00 0.000000000000000000e+00 1.698113207547169712e-01 3.888888888888888951e-01 0.000000000000000000e+00 0.000000000000000000e+00
0.000000000000000000e+00 8.333333333333333703e-01 3.614457831325301185e-01 0.000000000000000000e+00 0.000000000000000000e+00 0.000000000000000000e+00 4.901960784313725283e-01 5.210084033613445742e-01 0.000000000000000000e+00 6.516853932584270037e-01
0.000000000000000000e+00 0.000000000000000000e+00 0.000000000000000000e+00 0.000000000000000000e+00 0.000000000000000000e+00 0.000000000000000000e+00 3.478260869565217295e-01 3.789473684210526438e-01 0.000000000000000000e+00 0.000000000000000000e+00
0.000000000000000000e+00 0.000000000000000000e+00 0.000000000000000000e+00 6.105263157894736947e-01 4.444444444444444198e-01 4.242424242424242542e-01 3.061224489795918435e-01 0.000000000000000000e+00 0.000000000000000000e+00 1.799999999999999933e-01
5.833333333333333703e-01 0.000000000000000000e+00 0.000000000000000000e+00 0.000000000000000000e+00 4.395604395604395531e-01 0.000000000000000000e+00 0.000000000000000000e+00 0.000000000000000000e+00 5.054945054945054750e-01 0.000000000000000000e+00
0.000000000000000000e+00 0.000000000000000000e+00 0.000000000000000000e+00 4.175824175824175977e-01 0.000000000000000000e+00 0.000000000000000000e+00 0.000000000000000000e+00 0.000000000000000000e+00 0.000000000000000000e+00 0.000000000000000000e+00
0.000000000000000000e+00 0.000000000000000000e+00 0.000000000000000000e+00 0.000000000000000000e+00 0.000000000000000000e+00 0.000000000000000000e+00 3.061224489795918435e-01 3.177570093457943723e-01 0.000000000000000000e+00 0.000000000000000000e+00
0.000000000000000000e+00 0.000000000000000000e+00 0.000000000000000000e+00 0.000000000000000000e+00 0.000000000000000000e+00 0.000000000000000000e+00 3.818181818181818343e-01 2.752293577981651529e-01 0.000000000000000000e+00 0.000000000000000000e+00
0.000000000000000000e+00 0.000000000000000000e+00 0.000000000000000000e+00 5.000000000000000000e-01 4.000000000000000222e-01 5.274725274725274859e-01 3.294117647058823484e-01 0.000000000000000000e+00 0.000000000000000000e+00 3.499999999999999778e-01
0.000000000000000000e+00 0.000000000000000000e+00 0.000000000000000000e+00 4.693877551020408379e-01 0.000000000000000000e+00 0.000000000000000000e+00 0.000000000000000000e+00 0.000000000000000000e+00 0.000000000000000000e+00 0.000000000000000000e+00
0.000000000000000000e+00 0.000000000000000000e+00 0.000000000000000000e+00 0.000000000000000000e+00 0.000000000000000000e+00 0.000000000000000000e+00 4.375000000000000000e-01 4.660194174757281704e-01 0.000000000000000000e+00 0.000000000000000000e+00
0.000000000000000000e+00 0.000000000000000000e+00 0.000000000000000000e+00 5.979381443298968923e-01 3.023255813953488191e-01 4.375000000000000000e-01 2.045454545454545581e-01 0.000000000000000000e+00 0.000000000000000000e+00 2.291666666666666574e-01
0.000000000000000000e+00 0.000000000000000000e+00 0.000000000000000000e+00 0.000000000000000000e+00 0.000000000000000000e+00 0.000000000000000000e+00 3.564356435643564192e-01 3.921568627450980338e-01 0.000000000000000000e+00 0.000000000000000000e+00
0.000000000000000000e+00 9.777777777777777457e-01 1.157024793388429784e-01 0.000000000000000000e+00 0.000000000000000000e+00 0.000000000000000000e+00 4.000000000000000222e-01 3.125000000000000000e-01 0.000000000000000000e+00 4.117647058823529216e-01
0.000000000000000000e+00 0.000000000000000000e+00 0.000000000000000000e+00 0.000000000000000000e+00 0.000000000000000000e+00 0.000000000000000000e+00 3.269230769230769273e-01 2.574257425742574323e-01 0.000000000000000000e+00 0.000000000000000000e+00
0.000000000000000000e+00 0.000000000000000000e+00 0.000000000000000000e+00 6.078431372549019107e-01 3.584905660377358250e-01 4.628099173553719137e-01 3.622047244094488416e-01 0.000000000000000000e+00 0.000000000000000000e+00 1.981981981981981999e-01
0.000000000000000000e+00 0.000000000000000000e+00 0.000000000000000000e+00 0.000000000000000000e+00 0.000000000000000000e+00 0.000000000000000000e+00 3.010752688172043112e-01 4.285714285714285476e-01 0.000000000000000000e+00 0.000000000000000000e+00
0.000000000000000000e+00 0.000000000000000000e+00 0.000000000000000000e+00 4.950495049504950451e-01 4.597701149425287293e-01 3.191489361702127825e-01 3.047619047619047894e-01 0.000000000000000000e+00 0.000000000000000000e+00 2.884615384615384359e-01
0.000000000000000000e+00 0.000000000000000000e+00 0.000000000000000000e+00 4.705882352941176405e-01 3.119266055045871733e-01 4.873949579831932666e-01 2.916666666666666852e-01 0.000000000000000000e+00 0.000000000000000000e+00 2.300884955752212357e-01
0.000000000000000000e+00 0.000000000000000000e+00 0.000000000000000000e+00 0.000000000000000000e+00 0.000000000000000000e+00 0.000000000000000000e+00 2.718446601941747476e-01 4.271844660194174526e-01 0.000000000000000000e+00 0.000000000000000000e+00
0.000000000000000000e+00 0.000000000000000000e+00 0.000000000000000000e+00 4.247787610619468968e-01 0.000000000000000000e+00 0.000000000000000000e+00 0.000000000000000000e+00 0.000000000000000000e+00 0.000000000000000000e+00 0.000000000000000000e+00
4.642857142857143016e-01 0.000000000000000000e+00 4.074074074074073848e-01 0.000000000000000000e+00 4.301075268817204367e-01 5.168539325842697041e-01 0.000000000000000000e+00 0.000000000000000000e+00 8.235294117647058432e-01 0.000000000000000000e+00
0.000000000000000000e+00 0.000000000000000000e+00 0.000000000000000000e+00 4.799999999999999822e-01 3.185840707964601726e-01 3.505154639175257492e-01 3.689320388349514590e-01 0.000000000000000000e+00 0.000000000000000000e+00 3.168316831683168355e-01
0.000000000000000000e+00 9.791666666666666297e-01 4.705882352941176405e-01 0.000000000000000000e+00 0.000000000000000000e+00 0.000000000000000000e+00 3.505154639175257492e-01 4.782608695652174058e-01 0.000000000000000000e+00 7.311827956989247479e-01
0.000000000000000000e+00 0.000000000000000000e+00 0.000000000000000000e+00 5.858585858585858563e-01 0.000000000000000000e+00 0.000000000000000000e+00 0.000000000000000000e+00 0.000000000000000000e+00 0.000000000000000000e+00 0.000000000000000000e+00
0.000000000000000000e+00 0.000000000000000000e+00 0.000000000000000000e+00 4.556962025316455556e-01 0.000000000000000000e+00 0.000000000000000000e+00 0.000000000000000000e+00 0.000000000000000000e+00 0.000000000000000000e+00 0.000000000000000000e+00
0.000000000000000000e+00 0.000000000000000000e+00 0.000000000000000000e+00 3.655913978494623739e-01 0.000000000000000000e+00 0.000000000000000000e+00 0.000000000000000000e+00 0.000000000000000000e+00 0.000000000000000000e+00 0.000000000000000000e+00
0.000000000000000000e+00 0.000000000000000000e+00 0.000000000000000000e+00 4.807692307692307820e-01 0.000000000000000000e+00 0.000000000000000000e+00 0.000000000000000000e+00 0.000000000000000000e+00 0.000000000000000000e+00 0.000000000000000000e+00
0.000000000000000000e+00 0.000000000000000000e+00 0.000000000000000000e+00 0.000000000000000000e+00 0.000000000000000000e+00 0.000000000000000000e+00 2.474226804123711432e-01 3.809523809523809312e-01 0.000000000000000000e+00 0.000000000000000000e+00
0.000000000000000000e+00 0.000000000000000000e+00 0.000000000000000000e+00 0.000000000000000000e+00 0.000000000000000000e+00 0.000000000000000000e+00 2.526315789473684292e-01 2.626262626262626521e-01 0.000000000000000000e+00 0.000000000000000000e+00
0.000000000000000000e+00 0.000000000000000000e+00 0.000000000000000000e+00 0.000000000000000000e+00 0.000000000000000000e+00 0.000000000000000000e+00 3.200000000000000067e-01 3.578947368421052655e-01 0.000000000000000000e+00 0.000000000000000000e+00
0.000000000000000000e+00 0.000000000000000000e+00 0.000000000000000000e+00 0.000000000000000000e+00 0.000000000000000000e+00 0.000000000000000000e+00 3.561643835616438158e-01 2.528735632183908288e-01 0.000000000000000000e+00 0.000000000000000000e+00
0.000000000000000000e+00 0.000000000000000000e+00 0.000000000000000000e+00 0.000000000000000000e+00 0.000000000000000000e+00 0.000000000000000000e+00 3.404255319148936088e-01 2.247191011235954994e-01 0.000000000000000000e+00 0.000000000000000000e+00
0.000000000000000000e+00 0.000000000000000000e+00 0.000000000000000000e+00 4.799999999999999822e-01 5.050505050505050830e-01 4.957264957264957417e-01 2.990654205607476412e-01 0.000000000000000000e+00 0.000000000000000000e+00 1.739130434782608647e-01
0.000000000000000000e+00 0.000000000000000000e+00 0.000000000000000000e+00 0.000000000000000000e+00 0.000000000000000000e+00 0.000000000000000000e+00 1.894736842105263219e-01 4.893617021276595591e-01 0.000000000000000000e+00 0.000000000000000000e+00
0.000000000000000000e+00 0.000000000000000000e+00 0.000000000000000000e+00 0.000000000000000000e+00 0.000000000000000000e+00 0.000000000000000000e+00 2.990654205607476412e-01 3.725490196078431460e-01 0.000000000000000000e+00 0.000000000000000000e+00
0.000000000000000000e+00 0.000000000000000000e+00 0.000000000000000000e+00 0.000000000000000000e+00 0.000000000000000000e+00 0.000000000000000000e+00 2.696629213483145993e-01 1.978021978021977934e-01 0.000000000000000000e+00 0.000000000000000000e+00
0.000000000000000000e+00 0.000000000000000000e+00 0.000000000000000000e+00 0.000000000000000000e+00 0.000000000000000000e+00 0.000000000000000000e+00 1.720430107526881858e-01 2.558139534883721034e-01 0.000000000000000000e+00 0.000000000000000000e+00
0.000000000000000000e+00 0.000000000000000000e+00 0.000000000000000000e+00 4.752475247524752255e-01 6.530612244897958663e-01 5.227272727272727071e-01 3.764705882352941124e-01 0.000000000000000000e+00 0.000000000000000000e+00 2.857142857142856984e-01
0.000000000000000000e+00 0.000000000000000000e+00 0.000000000000000000e+00 0.000000000000000000e+00 0.000000000000000000e+00 0.000000000000000000e+00 2.823529411764705843e-01 2.619047619047619180e-01 0.000000000000000000e+00 0.000000000000000000e+00
0.000000000000000000e+00 8.865979381443298557e-01 1.875000000000000000e-01 0.000000000000000000e+00 0.000000000000000000e+00 0.000000000000000000e+00 4.631578947368421018e-01 4.190476190476190577e-01 0.000000000000000000e+00 7.037037037037037202e-01
0.000000000000000000e+00 0.000000000000000000e+00 0.000000000000000000e+00 0.000000000000000000e+00 0.000000000000000000e+00 0.000000000000000000e+00 3.137254901960784270e-01 4.888888888888888729e-01 0.000000000000000000e+00 0.000000000000000000e+00
0.000000000000000000e+00 0.000000000000000000e+00 0.000000000000000000e+00 0.000000000000000000e+00 0.000000000000000000e+00 0.000000000000000000e+00 3.655913978494623739e-01 2.716049382716049232e-01 0.000000000000000000e+00 0.000000000000000000e+00
0.000000000000000000e+00 0.000000000000000000e+00 0.000000000000000000e+00 0.000000000000000000e+00 0.000000000000000000e+00 0.000000000000000000e+00 3.392857142857143016e-01 3.442622950819672067e-01 0.000000000000000000e+00 0.000000000000000000e+00
4.946236559139784994e-01 0.000000000000000000e+00 0.000000000000000000e+00 0.000000000000000000e+00 5.981308411214952825e-01 0.000000000000000000e+00 0.000000000000000000e+00 0.000000000000000000e+00 5.600000000000000533e-01 0.000000000000000000e+00
0.000000000000000000e+00 0.000000000000000000e+00 0.000000000000000000e+00 0.000000000000000000e+00 0.000000000000000000e+00 0.000000000000000000e+00 3.298969072164948391e-01 2.708333333333333148e-01 0.000000000000000000e+00 0.000000000000000000e+00
0.000000000000000000e+00 9.514563106796116720e-01 4.318181818181818232e-01 0.000000000000000000e+00 0.000000000000000000e+00 0.000000000000000000e+00 3.541666666666666852e-01 4.424778761061947119e-01 0.000000000000000000e+00 4.948453608247422864e-01
0.000000000000000000e+00 0.000000000000000000e+00 0.000000000000000000e+00 0.000000000000000000e+00 0.000000000000000000e+00 0.000000000000000000e+00 3.300970873786407966e-01 3.636363636363636465e-01 0.000000000000000000e+00 0.000000000000000000e+00
0.000000000000000000e+00 0.000000000000000000e+00 0.000000000000000000e+00 0.000000000000000000e+00 0.000000000000000000e+00 0.000000000000000000e+00 3.870967741935483764e-01 3.185840707964601726e-01 0.000000000000000000e+00 0.000000000000000000e+00
0.000000000000000000e+00 1.017241379310344751e+00 4.230769230769230727e-01 0.000000000000000000e+00 0.000000000000000000e+00 0.000000000000000000e+00 4.464285714285714524e-01 4.137931034482758563e-01 0.000000000000000000e+00 4.561403508771929571e-01
0.000000000000000000e+00 0.000000000000000000e+00 0.000000000000000000e+00 0.000000000000000000e+00 0.000000000000000000e+00 0.000000000000000000e+00 2.857142857142856984e-01 3.577235772357723609e-01 0.000000000000000000e+00 0.000000000000000000e+00
0.000000000000000000e+00 0.000000000000000000e+00 0.000000000000000000e+00 4.146341463414633943e-01 0.000000000000000000e+00 0.000000000000000000e+00 0.000000000000000000e+00 0.000000000000000000e+00 0.000000000000000000e+00 0.000000000000000000e+00
0.000000000000000000e+00 0.000000000000000000e+00 0.000000000000000000e+00 5.806451612903226200e-01 4.905660377358490587e-01 4.210526315789473450e-01 5.042016806722688926e-01 0.000000000000000000e+00 0.000000000000000000e+00 2.857142857142856984e-01
0.000000000000000000e+00 6.346153846153845812e-01 3.541666666666666852e-01 0.000000000000000000e+00 0.000000000000000000e+00 0.000000000000000000e+00 0.000000000000000000e+00 0.000000000000000000e+00 0.000000000000000000e+00 2.800000000000000266e-01
0.000000000000000000e+00 0.000000000000000000e+00 0.000000000000000000e+00 4.770642201834862650e-01 0.000000000000000000e+00 0.000000000000000000e+00 0.000000000000000000e+00 0.000000000000000000e+00 0.000000000000000000e+00 0.000000000000000000e+00
5.168539325842697041e-01 0.000000000000000000e+00 0.000000000000000000e+00 0.000000000000000000e+00 6.538461538461538547e-01 0.000000000000000000e+00 0.000000000000000000e+00 0.000000000000000000e+00 5.894736842105262609e-01 0.000000000000000000e+00
0.000000000000000000e+00 0.000000000000000000e+00 0.000000000000000000e+00 0.000000000000000000e+00 0.000000000000000000e+00 0.000000000000000000e+00 4.222222222222222210e-01 2.553191489361701927e-01 0.000000000000000000e+00 0.000000000000000000e+00
0.000000000000000000e+00 0.000000000000000000e+00 0.000000000000000000e+00 0.000000000000000000e+00 0.000000000000000000e+00 0.000000000000000000e+00 3.440860215053763715e-01 4.181818181818181546e-01 0.000000000000000000e+00 0.000000000000000000e+00
0.000000000000000000e+00 0.000000000000000000e+00 0.000000000000000000e+00 0.000000000000000000e+00 0.000000000000000000e+00 0.000000000000000000e+00 3.063063063063062863e-01 3.181818181818181768e-01 0.000000000000000000e+00 0.000000000000000000e+00
0.000000000000000000e+00 0.000000000000000000e+00 0.000000000000000000e+00 5.333333333333333259e-01 5.999999999999999778e-01 4.516129032258064391e-01 1.896551724137930939e-01 0.000000000000000000e+00 0.000000000000000000e+00 2.376237623762376128e-01
0.000000000000000000e+00 0.000000000000000000e+00 0.000000000000000000e+00 5.168539325842697041e-01 3.247863247863247982e-01 3.750000000000000000e-01 2.363636363636363591e-01 0.000000000000000000e+00 0.000000000000000000e+00 2.978723404255319007e-01
0.000000000000000000e+00 0.000000000000000000e+00 0.000000000000000000e+00 5.882352941176470784e-01 0.000000000000000000e+00 0.000000000000000000e+00 0.000000000000000000e+00 0.000000000000000000e+00 0.000000000000000000e+00 0.000000000000000000e+00
0.000000000000000000e+00 0.000000000000000000e+00 0.000000000000000000e+00 0.000000000000000000e+00 0.000000000000000000e+00 0.000000000000000000e+00 3.358778625954198516e-01 2.135922330097087263e-01 0.000000000000000000e+00 0.000000000000000000e+00
0.000000000000000000e+00 0.000000000000000000e+00 0.000000000000000000e+00 0.000000000000000000e+00 0.000000000000000000e+00 0.000000000000000000e+00 3.434343434343434254e-01 3.653846153846153633e-01 0.000000000000000000e+00 0.000000000000000000e+00
0.000000000000000000e+00 0.000000000000000000e+00 0.000000000000000000e+00 3.853211009174312141e-01 4.680851063829787329e-01 4.044943820224718989e-01 2.325581395348837177e-01 0.000000000000000000e+00 0.000000000000000000e+00 2.105263157894736725e-01
0.000000000000000000e+00 0.000000000000000000e+00 0.000000000000000000e+00 4.761904761904761640e-01 6.078431372549019107e-01 3.738317757009345654e-01 3.603603603603603434e-01 0.000000000000000000e+00 0.000000000000000000e+00 2.417582417582417598e-01
0.000000000000000000e+00 9.347826086956522174e-01 3.495145631067961278e-01 0.000000000000000000e+00 0.000000000000000000e+00 0.000000000000000000e+00 2.978723404255319007e-01 4.285714285714285476e-01 0.000000000000000000e+00 5.000000000000000000e-01
0.000000000000000000e+00 0.000000000000000000e+00 0.000000000000000000e+00 5.769230769230768718e-01 3.296703296703296648e-01 4.000000000000000222e-01 3.962264150943396457e-01 0.000000000000000000e+00 0.000000000000000000e+00 2.000000000000000111e-01
0.000000000000000000e+00 0.000000000000000000e+00 0.000000000000000000e+00 5.098039215686274161e-01 3.950617283950617065e-01 5.600000000000000533e-01 2.921348314606741492e-01 0.000000000000000000e+00 0.000000000000000000e+00 2.276422764227642170e-01
0.000000000000000000e+00 0.000000000000000000e+00 0.000000000000000000e+00 4.943820224719100986e-01 6.458333333333333703e-01 4.888888888888888729e-01 3.820224719101123489e-01 0.000000000000000000e+00 0.000000000000000000e+00 2.666666666666666630e-01
0.000000000000000000e+00 0.000000000000000000e+00 0.000000000000000000e+00 0.000000000000000000e+00 0.000000000000000000e+00 0.000000000000000000e+00 2.376237623762376128e-01 2.857142857142856984e-01 0.000000000000000000e+00 0.000000000000000000e+00
0.000000000000000000e+00 8.952380952380952772e-01 4.197530864197530631e-01 0.000000000000000000e+00 0.000000000000000000e+00 0.000000000000000000e+00 3.505154639175257492e-01 3.636363636363636465e-01 0.000000000000000000e+00 4.946236559139784994e-01
0.000000000000000000e+00 0.000000000000000000e+00 0.000000000000000000e+00 3.684210526315789269e-01 0.000000000000000000e+00 0.000000000000000000e+00 0.000000000000000000e+00 0.000000000000000000e+00 0.000000000000000000e+00 0.000000000000000000e+00
0.000000000000000000e+00 0.000000000000000000e+00 0.000000000000000000e+00 0.000000000000000000e+00 0.000000000000000000e+00 0.000000000000000000e+00 2.833333333333333259e-01 2.474226804123711432e-01 0.000000000000000000e+00 0.000000000000000000e+00
0.000000000000000000e+00 0.000000000000000000e+00 0.000000000000000000e+00 4.107142857142856984e-01 3.833333333333333592e-01 4.044943820224718989e-01 3.166666666666666519e-01 0.000000000000000000e+00 0.000000000000000000e+00 1.747572815533980639e-01
0.000000000000000000e+00 0.000000000000000000e+00 0.000000000000000000e+00 5.769230769230768718e-01 5.434782608695651884e-01 4.745762711864406902e-01 3.396226415094339424e-01 0.000000000000000000e+00 0.000000000000000000e+00 2.200000000000000011e-01
0.000000000000000000e+00 1.125000000000000000e+00 4.444444444444444198e-01 0.000000000000000000e+00 0.000000000000000000e+00 0.000000000000000000e+00 3.589743589743589758e-01 5.806451612903226200e-01 0.000000000000000000e+00 6.250000000000000000e-01
0.000000000000000000e+00 0.000000000000000000e+00 0.000000000000000000e+00 0.000000000000000000e+00 0.000000000000000000e+00 0.000000000000000000e+00 2.800000000000000266e-01 2.692307692307692180e-01 0.000000000000000000e+00 0.000000000000000000e+00
