#chr	normal	sample0	sample1	sample2	sample3	sample4	sample5	sample6	sample7	sample8	sample9	sample10	sample11	sample12	sample13	sample14	sample15	sample16	sample17	sample18	sample19
0	0	0.0	0.260138476756	0.0	0.0	0.0	0.0	0.0	0.0	0.282480314961	0.0	0.21833161689	0.0	0.0	0.0	0.0	0.0	0.149748743719	0.0	0.0	0.144117647059
1	0	0.22342519685	0.0	0.329140461216	0.26	0.163366336634	0.170989433237	0.158940397351	0.485177865613	0.0	0.0	0.243664717349	0.309917355372	0.0	0.0	0.398039215686	0.0	0.0	0.0	0.115221987315	0.117821782178
2	0	0.284023668639	0.251226692836	0.160860655738	0.271442986882	0.171487603306	0.383928571429	0.165523996082	0.0	0.0	0.0	0.0	0.178498985801	0.346391752577	0.302547770701	0.114871794872	0.379784102061	0.192540322581	0.29280155642	0.227963525836	0.0
3	0	0.269153225806	0.246889952153	0.19797979798	0.245301681503	0.170781893004	0.315261044177	0.190523198421	0.0	0.0	0.0	0.0	0.187695516163	0.315950920245	0.291370558376	0.125867195243	0.366497461929	0.194471865745	0.2958984375	0.200807265388	0.0
4	0	0.188944723618	0.0	0.329603255341	0.236506378803	0.171903881701	0.176646706587	0.165306122449	0.492447129909	0.0	0.0	0.238505747126	0.345565749235	0.0	0.0	0.390899689762	0.0	0.0	0.0	0.137295081967	0.108299595142
5	0	0.187435633368	0.0	0.308823529412	0.211340206186	0.188715953307	0.179695431472	0.124038461538	0.489043824701	0.0	0.0	0.225837320574	0.319514661274	0.0	0.0	0.377800407332	0.0	0.0	0.0	0.139917695473	0.121764141898
6	0	0.201902748414	0.0	0.320845341018	0.226586102719	0.182745825603	0.156639004149	0.152427184466	0.49603960396	0.0	0.0	0.203557312253	0.337398373984	0.0	0.0	0.40242669363	0.0	0.0	0.0	0.159877800407	0.134358974359
7	0	0.192	0.0	0.334673366834	0.225531914894	0.1650893796	0.181721572795	0.135437881874	0.463054187192	0.0	0.0	0.229357798165	0.328986960883	0.0	0.0	0.388496468214	0.0	0.0	0.0	0.140243902439	0.101358411703
8	0	0.190253045923	0.0	0.327956989247	0.243270189432	0.167613636364	0.173577627772	0.150433944069	0.48417721519	0.0	0.0	0.261523046092	0.331384015595	0.0	0.0	0.383799421408	0.0	0.0	0.0	0.166160081054	0.118062563068
9	0	0.191295546559	0.0	0.332352941176	0.230769230769	0.178325123153	0.150105708245	0.143863179074	0.50702811245	0.0	0.0	0.210313447927	0.323886639676	0.0	0.0	0.353535353535	0.0	0.0	0.0	0.159066808059	0.127895266868
10	0	0.205506391347	0.0	0.33	0.233165829146	0.171134020619	0.179728317659	0.140461215933	0.505293551492	0.0	0.0	0.262559241706	0.32118226601	0.0	0.0	0.396303901437	0.0	0.0	0.0	0.140039447732	0.121465968586
11	0	0.0	0.0	0.149448345035	0.213546566322	0.0	0.17697228145	0.158823529412	0.223529411765	0.0	0.0	0.0	0.147	0.0	0.0	0.0	0.0	0.0	0.0	0.0	0.115234375
12	0	0.182720953327	0.0	0.328109696376	0.221669980119	0.161978661494	0.1806640625	0.166497461929	0.50396039604	0.0	0.0	0.235820895522	0.339248434238	0.0	0.0	0.392927308448	0.0	0.0	0.0	0.130522088353	0.117073170732
13	0	0.0	0.0	0.0	0.0	0.152016546019	0.0	0.172310756972	0.0	0.0	0.292246520875	0.0	0.0	0.188888888889	0.186544342508	0.0	0.0	0.140960163432	0.0	0.134698275862	0.15784114053
14	0	0.204613841525	0.0	0.0	0.0	0.173114119923	0.0	0.0	0.283755274262	0.0	0.0	0.0	0.0	0.0	0.0	0.204280155642	0.0	0.0	0.0	0.154175588865	0.0
15	0	0.193908629442	0.0	0.338353413655	0.23201621074	0.152988855117	0.165656565657	0.155398587286	0.520894071914	0.0	0.0	0.239195979899	0.334681496461	0.0	0.0	0.397521448999	0.0	0.0	0.0	0.138170974155	0.112449799197
16	0	0.29519918284	0.223446893788	0.181017612524	0.263513513514	0.152380952381	0.327835051546	0.169720347155	0.0	0.0	0.0	0.0	0.167953667954	0.312619502868	0.303125	0.100210970464	0.389830508475	0.177845528455	0.295065458207	0.196446199408	0.0
17	0	0.227417640808	0.0	0.338414634146	0.238921001927	0.155	0.183157894737	0.16523400191	0.473128598848	0.0	0.0	0.24736337488	0.300632911392	0.0	0.0	0.388468809074	0.0	0.0	0.0	0.14014014014	0.122244488978
18	0	0.311064718163	0.242843040474	0.182939362795	0.252758274824	0.155882352941	0.3251953125	0.171	0.0	0.0	0.0	0.0	0.188259109312	0.347358121331	0.313964386129	0.0950533462658	0.401598401598	0.181455633101	0.28937007874	0.21490803485	0.0
19	0	0.0	0.0	0.0	0.0	0.0	0.0	0.0	0.0	0.211422845691	0.196803196803	0.0	0.0	0.0	0.0	0.0	0.0992835209826	0.0	0.212121212121	0.0	0.0937188434696
20	0	0.192783505155	0.0	0.343023255814	0.208251473477	0.184236453202	0.194672131148	0.150460593654	0.497589199614	0.0	0.0	0.243805748266	0.322515212982	0.0	0.0	0.398615232443	0.0	0.0	0.0	0.15368852459	0.11753371869
21	0	0.21106557377	0.258188824663	0.166177908113	0.0	0.0	0.31393129771	0.0	0.0	0.302845528455	0.0	0.253891050584	0.0	0.162837162837	0.122257053292	0.0	0.164522058824	0.273267326733	0.277605779154	0.123940677966	0.12890625
22	0	0.208	0.0	0.287413280476	0.2359437751	0.163836163836	0.148111332008	0.147245762712	0.459830866808	0.0	0.0	0.243781094527	0.316135084428	0.0	0.0	0.387564766839	0.0	0.0	0.0	0.146771037182	0.100507614213
23	0	0.177277179236	0.0	0.335238095238	0.216024340771	0.14606741573	0.169474727453	0.128542510121	0.498513379584	0.0	0.0	0.259117082534	0.313163481953	0.0	0.0	0.403015075377	0.0	0.0	0.0	0.138002059732	0.102040816327
24	0	0.195195195195	0.0	0.320305052431	0.220119521912	0.163819095477	0.165482233503	0.145752895753	0.520900321543	0.0	0.0	0.240687679083	0.301619433198	0.0	0.0	0.379860418744	0.0	0.0	0.0	0.136047666336	0.116947472745
25	0	0.215897939156	0.0	0.317867719645	0.232943469786	0.170252572498	0.157603686636	0.14476386037	0.515527950311	0.0	0.0	0.251467710372	0.328313253012	0.0	0.0	0.373737373737	0.0	0.0	0.0	0.147715196599	0.109768378651
26	0	0.0	0.242899118511	0.0	0.270377733598	0.174002047083	0.0	0.165406427221	0.0	0.0	0.0	0.0	0.189304812834	0.148842337376	0.185039370079	0.0	0.143162393162	0.0	0.0	0.0	0.0
27	0	0.316337148803	0.244329896907	0.170634920635	0.266598569969	0.171648987464	0.319127849356	0.164493480441	0.0	0.0	0.0	0.0	0.174757281553	0.335084033613	0.336663336663	0.0961923847695	0.395939086294	0.218562874251	0.307025986526	0.213612565445	0.0
28	0	0.0	0.0	0.0	0.0	0.160714285714	0.0	0.17828685259	0.0	0.0	0.287234042553	0.0	0.0	0.177038626609	0.210420841683	0.0	0.0	0.160079051383	0.0	0.14556331007	0.147058823529
29	0	0.308678500986	0.253	0.186717998075	0.268244575937	0.183486238532	0.332679097154	0.158549222798	0.0	0.0	0.0	0.0	0.172413793103	0.350597609562	0.289575289575	0.089	0.377281947262	0.191278493558	0.260521042084	0.19012797075	0.0
30	0	0.221421215242	0.0	0.309004739336	0.23275862069	0.167192429022	0.171517671518	0.131504257332	0.472549019608	0.0	0.0	0.244	0.322211630124	0.0	0.0	0.414610069102	0.0	0.0	0.0	0.153209109731	0.098121085595
31	0	0.2039408867	0.0	0.307392996109	0.23353909465	0.174636174636	0.157505285412	0.129979035639	0.48322147651	0.0	0.0	0.254777070064	0.325830653805	0.0	0.0	0.393939393939	0.0	0.0	0.0	0.150470219436	0.132189707366
32	0	0.213836477987	0.0	0.330935251799	0.232989690722	0.168905950096	0.170588235294	0.154679802956	0.489604989605	0.0	0.0	0.230051813472	0.322348094748	0.0	0.0	0.370182555781	0.0	0.0	0.0	0.120857699805	0.104231166151
33	0	0.0	0.0	0.152371342079	0.235169491525	0.0	0.174952198853	0.154506437768	0.232512315271	0.0	0.0	0.0	0.15291750503	0.0	0.0	0.0	0.0	0.0	0.0	0.0	0.115009746589
34	0	0.205479452055	0.0	0.349896480331	0.223214285714	0.186422413793	0.156701030928	0.147317073171	0.476489028213	0.0	0.0	0.251246261216	0.335335335335	0.0	0.0	0.410064239829	0.0	0.0	0.0	0.14708886619	0.103621730382
35	0	0.301850048685	0.261048304214	0.162062615101	0.268367346939	0.138203356367	0.333333333333	0.167860798362	0.0	0.0	0.0	0.0	0.183524504692	0.316051844467	0.301104972376	0.126033057851	0.384462151394	0.193775100402	0.295609756098	0.194471865745	0.0
36	0	0.304081632653	0.233727810651	0.158396946565	0.264565425024	0.169560776302	0.339920948617	0.175595238095	0.0	0.0	0.0	0.0	0.164179104478	0.304655870445	0.28781512605	0.0888888888889	0.391437308869	0.162410623085	0.251020408163	0.208459214502	0.0
37	0	0.220138203356	0.0	0.322306238185	0.223671013039	0.173151750973	0.174	0.158308751229	0.54132231405	0.0	0.0	0.219587628866	0.325910931174	0.0	0.0	0.391181988743	0.0	0.0	0.0	0.14623655914	0.120740019474
38	0	0.218220338983	0.0	0.0	0.0	0.171779141104	0.0	0.0	0.274378585086	0.0	0.0	0.0	0.0	0.0	0.0	0.205970149254	0.0	0.0	0.0	0.138541666667	0.0
39	0	0.198595787362	0.0	0.327468230694	0.208158995816	0.172139303483	0.177514792899	0.159434914228	0.496424923391	0.0	0.0	0.232931726908	0.325809617272	0.0	0.0	0.398095238095	0.0	0.0	0.0	0.152371342079	0.125502008032
40	0	0.284671532847	0.228652751423	0.148225469729	0.292850146915	0.157270029674	0.358786610879	0.167315175097	0.0	0.0	0.0	0.0	0.176470588235	0.326359832636	0.324637681159	0.105708245243	0.40376984127	0.206380857428	0.295591182365	0.228813559322	0.0
41	0	0.202380952381	0.0	0.339604891816	0.227038183695	0.160980810235	0.191089108911	0.14173998045	0.512664640324	0.0	0.0	0.248526522593	0.324828263003	0.0	0.0	0.402217741935	0.0	0.0	0.0	0.144032921811	0.105919003115
42	0	0.218446601942	0.0	0.335870599429	0.2197265625	0.145030425963	0.165174129353	0.139264990329	0.475832438238	0.0	0.0	0.224652087475	0.350515463918	0.0	0.0	0.383233532934	0.0	0.0	0.0	0.13627254509	0.10762800418
43	0	0.0	0.0	0.0	0.0	0.0	0.0	0.0	0.0	0.231481481481	0.189949748744	0.0	0.0	0.0	0.0	0.0	0.111111111111	0.0	0.218095238095	0.0	0.119301648885
44	0	0.199203187251	0.0	0.333652924257	0.21837944664	0.145792563601	0.194184839045	0.159509202454	0.500984251969	0.0	0.0	0.23599137931	0.334334334334	0.0	0.0	0.379241516966	0.0	0.0	0.0	0.139653414883	0.105263157895
45	0	0.201417004049	0.0	0.321462043112	0.222104144527	0.167146974063	0.171456888008	0.1361003861	0.501869158879	0.0	0.0	0.252747252747	0.322916666667	0.0	0.0	0.406156901688	0.0	0.0	0.0	0.157680569685	0.121764141898
46	0	0.194931773879	0.0	0.321568627451	0.251565762004	0.15130260521	0.180698151951	0.147590361446	0.528125	0.0	0.0	0.229896907216	0.329490874159	0.0	0.0	0.398221343874	0.0	0.0	0.0	0.142441860465	0.106076210093
47	0	0.188638799571	0.0	0.321011673152	0.218992248062	0.166666666667	0.187366167024	0.154004106776	0.485600794439	0.0	0.0	0.224775224775	0.31334622824	0.0	0.0	0.400805639476	0.0	0.0	0.0	0.16016016016	0.092574734812
48	0	0.211634904714	0.0	0.315054835494	0.233082706767	0.173694779116	0.176076555024	0.139581256231	0.498969072165	0.0	0.0	0.242115971516	0.330312185297	0.0	0.0	0.39435248296	0.0	0.0	0.0	0.14498510427	0.0962343096234
49	0	0.216566866267	0.0	0.326980942828	0.225225225225	0.162698412698	0.179408766565	0.147557328016	0.520792079208	0.0	0.0	0.257281553398	0.284860557769	0.0	0.0	0.385880077369	0.0	0.0	0.0	0.154368932039	0.0945945945946
50	0	0.291583166333	0.265	0.18006103764	0.273631840796	0.147773279352	0.337809917355	0.172445255474	0.0	0.0	0.0	0.0	0.16480162767	0.313986679353	0.289289289289	0.104743083004	0.381183317168	0.21021611002	0.278391959799	0.201629327902	0.0
51	0	0.0	0.261052631579	0.0	0.0	0.0	0.0	0.0	0.0	0.28730964467	0.0	0.262711864407	0.0	0.0	0.0	0.0	0.0	0.148956356736	0.0	0.0	0.152694610778
52	0	0.0	0.0	0.0	0.0	0.0	0.0	0.0	0.0	0.2	0.221893491124	0.0	0.0	0.0	0.0	0.0	0.125847047435	0.0	0.238095238095	0.0	0.0995215311005
53	0	0.19937694704	0.0	0.323469387755	0.232783705141	0.16157635468	0.182692307692	0.13619047619	0.488659793814	0.0	0.0	0.235071090047	0.328220858896	0.0	0.0	0.391984359726	0.0	0.0	0.0	0.152859960552	0.118279569892
54	0	0.189349112426	0.0	0.317507418398	0.249488752556	0.171287128713	0.15732546706	0.146192893401	0.520599250936	0.0	0.0	0.265306122449	0.297382198953	0.0	0.0	0.368421052632	0.0	0.0	0.0	0.147590361446	0.11746680286
55	0	0.20962888666	0.0	0.312877263581	0.242171189979	0.152817574021	0.170146137787	0.138185654008	0.507337526205	0.0	0.0	0.223968565815	0.335429769392	0.0	0.0	0.391623036649	0.0	0.0	0.0	0.160678642715	0.131578947368
56	0	0.0	0.0	0.0	0.0	0.152704135737	0.0	0.203796203796	0.0	0.0	0.291338582677	0.0	0.0	0.188698284561	0.167507568113	0.0	0.0	0.146560319043	0.0	0.127461139896	0.134299516908
57	0	0.21855010661	0.0	0.340196078431	0.228571428571	0.167179487179	0.169230769231	0.151390319258	0.499021526419	0.0	0.0	0.244508118434	0.332007952286	0.0	0.0	0.385148514851	0.0	0.0	0.0	0.158918918919	0.114604462475
58	0	0.0	0.0	0.153299492386	0.225263157895	0.0	0.15037593985	0.154750244858	0.24593495935	0.0	0.0	0.0	0.133056133056	0.0	0.0	0.0	0.0	0.0	0.0	0.0	0.110465116279
59	0	0.206586826347	0.0	0.333333333333	0.217181467181	0.146245059289	0.146733668342	0.149357072206	0.51067961165	0.0	0.0	0.24593495935	0.321917808219	0.0	0.0	0.385093167702	0.0	0.0	0.0	0.137596899225	0.11394891945
60	0	0.27105517909	0.210805084746	0.201	0.28045035824	0.148752399232	0.380400421496	0.183884297521	0.0	0.0	0.0	0.0	0.174407582938	0.331331331331	0.297872340426	0.136842105263	0.381565906838	0.198151950719	0.297418630752	0.19921875	0.0
61	0	0.0	0.0	0.155963302752	0.240038872692	0.0	0.153996101365	0.146798029557	0.20612244898	0.0	0.0	0.0	0.144075829384	0.0	0.0	0.0	0.0	0.0	0.0	0.0	0.121703853955
62	0	0.204081632653	0.0	0.335685483871	0.247787610619	0.174796747967	0.169590643275	0.16443987667	0.505687693899	0.0	0.0	0.212953876349	0.328094302554	0.0	0.0	0.385811467444	0.0	0.0	0.0	0.111003861004	0.106557377049
63	0	0.297725024728	0.22030651341	0.173252279635	0.261352169526	0.169458128079	0.348514851485	0.166666666667	0.0	0.0	0.0	0.0	0.180198019802	0.310039370079	0.306306306306	0.118860510806	0.398692810458	0.189371980676	0.274177467597	0.20763956905	0.0
64	0	0.185598377282	0.0	0.286868686869	0.244897959184	0.156730769231	0.168177240685	0.146265560166	0.503853564547	0.0	0.0	0.239334027055	0.308	0.0	0.0	0.380042462845	0.0	0.0	0.0	0.160576923077	0.102880658436
65	0	0.0	0.0	0.0	0.0	0.19550342131	0.0	0.185443668993	0.0	0.0	0.310344827586	0.0	0.0	0.147826086957	0.207354443309	0.0	0.0	0.161094224924	0.0	0.141610087294	0.144995322732
66	0	0.228207639569	0.0	0.0	0.0	0.144478844169	0.0	0.0	0.293885601578	0.0	0.0	0.0	0.0	0.0	0.0	0.202544031311	0.0	0.0	0.0	0.133550488599	0.0
67	0	0.286486486486	0.250728862974	0.18903036239	0.251976284585	0.156504065041	0.338775510204	0.181910569106	0.0	0.0	0.0	0.0	0.1806640625	0.343253968254	0.296442687747	0.110212335693	0.375776397516	0.188698284561	0.271414821944	0.228338430173	0.0
68	0	0.216189536032	0.0	0.325888324873	0.230692076229	0.180327868852	0.167010309278	0.150769230769	0.480532786885	0.0	0.0	0.237	0.328690807799	0.0	0.0	0.36889332004	0.0	0.0	0.0	0.147773279352	0.119047619048
69	0	0.28813559322	0.228708133971	0.161041465767	0.282837967402	0.1592039801	0.336875664187	0.174418604651	0.0	0.0	0.0	0.0	0.162134944612	0.340659340659	0.309697601668	0.12209889001	0.382754994742	0.151020408163	0.305168986083	0.209660842754	0.0
70	0	0.213861386139	0.0	0.0	0.0	0.171487603306	0.0	0.0	0.282941777324	0.0	0.0	0.0	0.0	0.0	0.0	0.224609375	0.0	0.0	0.0	0.156035328754	0.0
71	0	0.0	0.251546391753	0.0	0.287200832466	0.181628392484	0.0	0.182572614108	0.0	0.0	0.0	0.0	0.170582226762	0.158953722334	0.169425511198	0.0	0.18006103764	0.0	0.0	0.0	0.0
72	0	0.201863354037	0.0	0.336291913215	0.243951612903	0.182692307692	0.183419689119	0.142857142857	0.496395468589	0.0	0.0	0.247120418848	0.31679389313	0.0	0.0	0.370078740157	0.0	0.0	0.0	0.15015641293	0.112391930836
73	0	0.0	0.0	0.0	0.0	0.156701030928	0.0	0.169625246548	0.0	0.0	0.292732855681	0.0	0.0	0.169028340081	0.180020811655	0.0	0.0	0.156555772994	0.0	0.156945917285	0.135902636917
74	0	0.0	0.0	0.15460852329	0.218218218218	0.0	0.161256544503	0.123910939013	0.220304568528	0.0	0.0	0.0	0.14853358562	0.0	0.0	0.0	0.0	0.0	0.0	0.0	0.123203285421
75	0	0.0	0.0	0.0	0.0	0.0	0.0	0.0	0.0	0.193386773547	0.201409869084	0.0	0.0	0.0	0.0	0.0	0.113886113886	0.0	0.247422680412	0.0	0.097302504817
76	0	0.21062992126	0.0	0.0	0.0	0.179883945841	0.0	0.0	0.268951194185	0.0	0.0	0.0	0.0	0.0	0.0	0.212212212212	0.0	0.0	0.0	0.140081799591	0.0
77	0	0.192307692308	0.0	0.0	0.0	0.158607350097	0.0	0.0	0.267770204479	0.0	0.0	0.0	0.0	0.0	0.0	0.232303090728	0.0	0.0	0.0	0.13783269962	0.0
78	0	0.216075156576	0.0	0.301648884578	0.227	0.159769008662	0.165391969407	0.127895266868	0.518664047151	0.0	0.0	0.227366255144	0.340529931305	0.0	0.0	0.350753768844	0.0	0.0	0.0	0.167832167832	0.120042872454
79	0	0.0	0.0	0.0	0.0	0.167641325536	0.0	0.179179179179	0.0	0.0	0.297747306562	0.0	0.0	0.160714285714	0.178109452736	0.0	0.0	0.151051625239	0.0	0.157790927022	0.133990147783
80	0	0.323221757322	0.243371212121	0.176531671859	0.274747474747	0.158061116965	0.321872015282	0.170611439842	0.0	0.0	0.0	0.0	0.171859296482	0.331653225806	0.325024925224	0.0955165692008	0.3876953125	0.199383350462	0.283114256825	0.222451081359	0.0
81	0	0.217741935484	0.0	0.0	0.0	0.165834165834	0.0	0.0	0.251748251748	0.0	0.0	0.0	0.0	0.0	0.0	0.200799200799	0.0	0.0	0.0	0.165618448637	0.0
82	0	0.0	0.262564102564	0.0	0.0	0.0	0.0	0.0	0.0	0.278481012658	0.0	0.235897435897	0.0	0.0	0.0	0.0	0.0	0.136769078295	0.0	0.0	0.156370656371
83	0	0.0	0.0	0.0	0.0	0.173281703775	0.0	0.190380761523	0.0	0.0	0.309572301426	0.0	0.0	0.181367690783	0.178926441352	0.0	0.0	0.141836734694	0.0	0.1513671875	0.158585858586
84	0	0.210784313725	0.0	0.321792260692	0.245667686035	0.162694300518	0.166666666667	0.163286004057	0.521126760563	0.0	0.0	0.240631163708	0.310009718173	0.0	0.0	0.416904083571	0.0	0.0	0.0	0.130097087379	0.111888111888
85	0	0.228035538006	0.0	0.344117647059	0.244071146245	0.165656565657	0.176297747307	0.15291750503	0.474146341463	0.0	0.0	0.248983739837	0.300316122234	0.0	0.0	0.425490196078	0.0	0.0	0.0	0.145708582834	0.121121121121
86	0	0.201453790239	0.0	0.326409495549	0.226980728051	0.185823754789	0.141444114738	0.151260504202	0.49765258216	0.0	0.0	0.222007722008	0.308717948718	0.0	0.0	0.38622754491	0.0	0.0	0.0	0.13453815261	0.093690248566
87	0	0.319791666667	0.257234726688	0.176638176638	0.269872423945	0.166023166023	0.312108559499	0.164086687307	0.0	0.0	0.0	0.0	0.17439516129	0.32135523614	0.313253012048	0.102941176471	0.380324543611	0.181723779855	0.27684729064	0.21036889332	0.0
88	0	0.0	0.234106962664	0.0	0.27626459144	0.166177908113	0.0	0.154871794872	0.0	0.0	0.0	0.0	0.182281059063	0.157464212679	0.17571884984	0.0	0.162487462387	0.0	0.0	0.0	0.0
89	0	0.303680981595	0.251012145749	0.190374331551	0.283567134269	0.152791380999	0.349112426036	0.166504381694	0.0	0.0	0.0	0.0	0.159478435306	0.317002881844	0.327885597549	0.104068117313	0.383858267717	0.18668012109	0.282565130261	0.221105527638	0.0
90	0	0.221221221221	0.0	0.3310546875	0.214501510574	0.165813715455	0.173212487412	0.12955465587	0.50688976378	0.0	0.0	0.244639376218	0.300383877159	0.0	0.0	0.392378990731	0.0	0.0	0.0	0.139376218324	0.111821086262
91	0	0.0	0.0	0.0	0.0	0.0	0.0	0.0	0.0	0.214145383104	0.19900990099	0.0	0.0	0.0	0.0	0.0	0.107283464567	0.0	0.223394055609	0.0	0.0913508260447
92	0	0.185770750988	0.0	0.326509723644	0.214570858283	0.157520325203	0.160367722165	0.142857142857	0.451960784314	0.0	0.0	0.247959183673	0.324894514768	0.0	0.0	0.409601634321	0.0	0.0	0.0	0.150153217569	0.120992761117
93	0	0.224630541872	0.0	0.321110009911	0.225510204082	0.171543895055	0.186597938144	0.149706457926	0.498513379584	0.0	0.0	0.257700205339	0.308	0.0	0.0	0.367226061204	0.0	0.0	0.0	0.12962962963	0.116079923882
94	0	0.18805093046	0.0	0.164314516129	0.0	0.0	0.178861788618	0.0	0.0	0.0	0.0	0.0	0.0	0.169371196755	0.0	0.0	0.147834274953	0.0	0.299904489016	0.141575274177	0.0
95	0	0.0	0.264914054601	0.0	0.27371541502	0.185468451243	0.0	0.166831194472	0.0	0.0	0.0	0.0	0.188349514563	0.14539748954	0.179863147605	0.0	0.154598825832	0.0	0.0	0.0	0.0
96	0	0.213345864662	0.0	0.0	0.0	0.167482859941	0.0	0.0	0.26134122288	0.0	0.0	0.0	0.0	0.0	0.0	0.22453016815	0.0	0.0	0.0	0.12619300106	0.0
97	0	0.289108910891	0.23673870334	0.180428134557	0.262088974855	0.17342130066	0.33724340176	0.167492566898	0.0	0.0	0.0	0.0	0.186895810956	0.358411703239	0.307616221563	0.100691016782	0.395209580838	0.175564681725	0.285433070866	0.203883495146	0.0
98	0	0.207509881423	0.0	0.0	0.0	0.182502351834	0.0	0.0	0.290709290709	0.0	0.0	0.0	0.0	0.0	0.0	0.234234234234	0.0	0.0	0.0	0.148676171079	0.0
99	0	0.205561072493	0.0	0.326446280992	0.200411099692	0.167556029883	0.195767195767	0.139105058366	0.503461918892	0.0	0.0	0.239193083573	0.335317460317	0.0	0.0	0.395061728395	0.0	0.0	0.0	0.146875	0.111111111111
