#chr	normal	sample0	sample1	sample2	sample3	sample4
0	0	0.0	0.133990147783	0.17402571514	0.266126612661	0.0
1	0	0.0	0.0	0.0	0.0	0.0
2	0	0.239666175749	0.116618655011	0.0	0.0	0.175624752083
3	0	0.0	0.0	0.0	0.0	0.133339932687
4	0	0.0	0.120288692863	0.0	0.241828754762	0.0
5	0	0.0	0.0	0.179335502317	0.0	0.0
6	0	0.0	0.0	0.0	0.0	0.0
7	0	0.0	0.0	0.177015847703	0.0	0.0
8	0	0.0	0.0	0.182869677934	0.0	0.0
9	0	0.0	0.0	0.0	0.0	0.146275258872
10	0	0.0	0.123851821944	0.0	0.243828409551	0.0
11	0	0.0	0.0	0.181645696026	0.0	0.0
12	0	0.0	0.0	0.175491375852	0.0	0.0
13	0	0.0	0.0	0.0	0.0	0.135310191276
14	0	0.0	0.128603982958	0.0	0.239189324772	0.0
15	0	0.0	0.0	0.0	0.0	0.14790199385
16	0	0.0	0.0	0.0	0.0	0.141640253566
17	0	0.0	0.0	0.0	0.0	0.139351711603
18	0	0.0	0.124470704087	0.0	0.24245142003	0.0
19	0	0.0	0.0	0.177225504176	0.0	0.0
20	0	0.0	0.0	0.0	0.0	0.138391959799
21	0	0.0	0.114595898673	0.0	0.0	0.176126625668
22	0	0.0	0.0	0.0	0.0	0.147757516018
23	0	0.0	0.0	0.0	0.0	0.0
24	0	0.0	0.0	0.176687974431	0.0	0.0
25	0	0.0	0.13112463826	0.0	0.240651869626	0.0
26	0	0.26466521825	0.129627791563	0.144782825761	0.0	0.172162996911
27	0	0.0	0.134665334665	0.173315693059	0.259285004965	0.0
28	0	0.0	0.109992101106	0.0	0.0	0.182080924855
29	0	0.0	0.0	0.179936621113	0.0	0.0
30	0	0.239207920792	0.113408269771	0.0	0.0	0.177319587629
31	0	0.247075433643	0.115851192883	0.0	0.0	0.178751258812
32	0	0.0	0.0	0.0	0.0	0.145349990085
33	0	0.0	0.0	0.182825761358	0.0	0.0
34	0	0.0	0.129243353783	0.177146311971	0.255881469617	0.0
35	0	0.0	0.0	0.188273156995	0.0	0.0
36	0	0.0	0.0	0.0	0.0	0.140483533977
37	0	0.0	0.0	0.179121101661	0.0	0.0
38	0	0.0	0.0	0.182755203171	0.0	0.0
39	0	0.0	0.0	0.0	0.0	0.141936144085
40	0	0.0	0.0	0.181781781782	0.0	0.0
41	0	0.0	0.0	0.0	0.0	0.142886096473
42	0	0.0	0.0	0.174074074074	0.0	0.0
43	0	0.0	0.0	0.185395497111	0.0	0.0
44	0	0.0	0.122998398719	0.0	0.241833401388	0.0
45	0	0.0	0.103898693788	0.0	0.0	0.180433917197
46	0	0.0	0.0	0.167910447761	0.0	0.0
47	0	0.0	0.117617866005	0.0	0.0	0.184033280507
48	0	0.263991236805	0.132102272727	0.150710619818	0.0	0.189003093504
49	0	0.0	0.133612523681	0.172787477423	0.255705917996	0.0
50	0	0.262189694392	0.127997571588	0.146949814685	0.0	0.180993168145
51	0	0.0	0.0	0.0	0.0	0.149653022227
52	0	0.0	0.127171646977	0.171835022004	0.258080458634	0.0
53	0	0.0	0.118350268978	0.0	0.242391411405	0.0
54	0	0.0	0.0	0.179173651514	0.0	0.0
55	0	0.0	0.0	0.180004011231	0.0	0.0
56	0	0.264837905237	0.125972320436	0.156978489245	0.0	0.179364605119
57	0	0.235638456196	0.115848101266	0.0	0.0	0.179890975167
58	0	0.265384237904	0.131676893673	0.147853255392	0.0	0.178669097539
59	0	0.25742175707	0.126828290924	0.145093737535	0.0	0.173547864805
60	0	0.0	0.113730648588	0.0	0.0	0.182694238105
61	0	0.0	0.141503667482	0.182631420243	0.261236802413	0.0
62	0	0.263095000996	0.131791338583	0.153575379664	0.0	0.176995638503
63	0	0.0	0.119504950495	0.0	0.234939163122	0.0
64	0	0.265137157107	0.133446114041	0.15	0.0	0.181232659532
65	0	0.0	0.0	0.0	0.0	0.147590665724
66	0	0.0	0.118723317748	0.0	0.241705688951	0.0
67	0	0.239276960784	0.112556278139	0.0	0.0	0.18359767115
68	0	0.0	0.0	0.181024215959	0.0	0.0
69	0	0.237159355688	0.112255301794	0.0	0.0	0.170954773869
70	0	0.0	0.121281922884	0.0	0.234463276836	0.0
71	0	0.0	0.121544184176	0.0	0.242160974636	0.0
72	0	0.0	0.115149081418	0.0	0.0	0.182889088549
73	0	0.0	0.131566124159	0.174369124196	0.262892708951	0.0
74	0	0.0	0.126957215518	0.176629889669	0.26220362622	0.0
75	0	0.0	0.0	0.0	0.0	0.0
76	0	0.235747616149	0.365031897927	0.493292990419	0.492832080201	0.50204000398
77	0	0.269114688129	0.132339519319	0.150463419444	0.0	0.169982830017
78	0	0.0	0.0	0.183982683983	0.0	0.0
79	0	0.0	0.0	0.18686218171	0.0	0.0
80	0	0.0	0.0	0.182065217391	0.0	0.0
81	0	0.0	0.0	0.181240694789	0.0	0.0
82	0	0.0	0.0	0.0	0.0	0.142256902761
83	0	0.0	0.110965266559	0.0	0.0	0.178095806003
84	0	0.0	0.0	0.0	0.0	0.0
85	0	0.0	0.0	0.181926514399	0.0	0.0
86	0	0.0	0.128442171518	0.0	0.248440439647	0.0
87	0	0.0	0.0	0.0	0.0	0.141143820002
88	0	0.0	0.0	0.179431289012	0.0	0.0
89	0	0.0	0.120383172032	0.0	0.0	0.172839506173
90	0	0.0	0.0	0.177469289923	0.0	0.0
91	0	0.0	0.0	0.0	0.0	0.140807174888
92	0	0.0	0.122719569335	0.0	0.233021553477	0.0
93	0	0.0	0.0	0.0	0.0	0.13768115942
94	0	0.0	0.0	0.0	0.0	0.0
95	0	0.0	0.114101290963	0.0	0.0	0.17652250662
96	0	0.0	0.12000798722	0.0	0.243861218809	0.0
97	0	0.0	0.0	0.178632051922	0.0	0.0
98	0	0.0	0.0	0.180687563195	0.0	0.0
99	0	0.0	0.127695518235	0.0	0.242837653479	0.0
