#chr	normal	sample0	sample1	sample2	sample3	sample4	sample5	sample6	sample7	sample8	sample9
0	0	0.368043087971	0.393796898449	0.497155404731	0.19026950641	0.20421686747	0.494193548387	0.325812000405	0.0	0.410742971888	0.500350035004
1	0	0.13009610521	0.152581223839	0.0	0.18746226605	0.0	0.0	0.0	0.0	0.0	0.0
2	0	0.227987578884	0.110376147695	0.16832679344	0.0	0.210180296842	0.0	0.0	0.0	0.0	0.262831415708
3	0	0.134638433879	0.148392910784	0.0	0.183673469388	0.0	0.0	0.0	0.0	0.0	0.0
4	0	0.128855175167	0.146685615674	0.0	0.189648281375	0.0	0.0	0.0	0.0	0.0	0.0
5	0	0.131485500099	0.145265888457	0.0	0.188468504729	0.0	0.0	0.0	0.0	0.0	0.0
6	0	0.238683948156	0.103020604121	0.357347281161	0.0	0.201783388438	0.285349928586	0.0	0.0	0.154120091008	0.269130084575
7	0	0.128453176424	0.145327336332	0.0	0.189525433932	0.0	0.0	0.0	0.0	0.0	0.0
8	0	0.126012965964	0.146461600322	0.0	0.185287719992	0.0	0.0	0.0	0.0	0.0	0.0
9	0	0.137187653111	0.149261232285	0.0	0.18262737876	0.0	0.0	0.0	0.0	0.0	0.0
10	0	0.13237481408	0.150689035351	0.0	0.187537387836	0.0	0.0	0.0	0.0	0.0	0.0
11	0	0.235158674542	0.111357676014	0.173634726945	0.0	0.207898734177	0.0	0.0	0.0	0.0	0.273414658736
12	0	0.131521523507	0.152642073779	0.0	0.180857487923	0.0	0.0	0.0	0.0	0.0	0.0
13	0	0.231094552412	0.109079951788	0.177119919719	0.0	0.206117552979	0.0	0.0	0.0	0.0	0.267930584813
14	0	0.239378342921	0.106698999697	0.499211667324	0.0	0.213643992497	0.282331874254	0.0	0.0	0.28901790986	0.265846830634
15	0	0.0	0.103776390128	0.0	0.0	0.0	0.0	0.0	0.141737032569	0.0940289625074	0.0
16	0	0.0	0.105583857756	0.0	0.0	0.0	0.0	0.0	0.139745737656	0.0961190428313	0.0
17	0	0.0	0.140178481901	0.0	0.0	0.0	0.0	0.174402663533	0.0	0.0	0.236003529758
18	0	0.237800078709	0.107825203252	0.1771950735	0.0	0.209840954274	0.0	0.0	0.0	0.0	0.265967965197
19	0	0.24247064829	0.104296953803	0.170929882636	0.0	0.205166867712	0.0	0.0	0.0	0.0	0.267563527653
20	0	0.0	0.143707229991	0.0	0.0	0.0	0.0	0.180603015075	0.0	0.0	0.236842105263
21	0	0.239416792358	0.107920286152	0.350748459055	0.0	0.203737010392	0.285656687834	0.0	0.0	0.157056670952	0.264097003155
22	0	0.140392860704	0.0	0.0	0.311261526388	0.295801148742	0.0	0.178426601784	0.359220389805	0.0	0.0
23	0	0.138891652572	0.145260400927	0.0	0.186814292904	0.0	0.0	0.0	0.0	0.0	0.0
24	0	0.231057247019	0.104854755273	0.35306661251	0.0	0.198758376035	0.286933227503	0.0	0.0	0.162555282555	0.261533852606
25	0	0.126270679689	0.14952057531	0.0	0.182501979414	0.0	0.0	0.0	0.0	0.0	0.0
26	0	0.238496181711	0.1067	0.356082786471	0.0	0.205688416494	0.279201129716	0.0	0.0	0.156956004756	0.262015347334
27	0	0.0	0.107246667335	0.0	0.0	0.0	0.0	0.0	0.140203896235	0.0959886834394	0.0
28	0	0.0	0.145723651535	0.0	0.0	0.0	0.0	0.169626454378	0.0	0.0	0.22773955529
29	0	0.130930930931	0.15390070922	0.0	0.182846277022	0.0	0.0	0.0	0.0	0.0	0.0
30	0	0.133897461424	0.0	0.0	0.307870837538	0.292506203474	0.0	0.177148534526	0.354996995794	0.0	0.0
31	0	0.231340328648	0.11061903356	0.352329038652	0.0	0.213114754098	0.288037513718	0.0	0.0	0.162251655629	0.256181998022
32	0	0.239262580967	0.107279693487	0.17337763878	0.0	0.206325746379	0.0	0.0	0.0	0.0	0.255488043904
33	0	0.133441328339	0.0	0.0	0.312361363178	0.288488488488	0.0	0.171046058547	0.366121308859	0.0	0.0
34	0	0.134507527305	0.152944652354	0.0	0.182327069172	0.0	0.0	0.0	0.0	0.0	0.0
35	0	0.123940051272	0.0	0.0	0.320533713587	0.287357491857	0.0	0.180555555556	0.352315643013	0.0	0.0
36	0	0.138234999499	0.147714771477	0.0	0.189149271367	0.0	0.0	0.0	0.0	0.0	0.0
37	0	0.130004894763	0.14658896815	0.0	0.182546930492	0.0	0.0	0.0	0.0	0.0	0.0
38	0	0.130508985042	0.149199129919	0.0	0.178405151065	0.0	0.0	0.0	0.0	0.0	0.0
39	0	0.236022997621	0.106171600602	0.178922059707	0.0	0.214697120159	0.0	0.0	0.0	0.0	0.269246071215
40	0	0.131524420326	0.145221674877	0.0	0.188318127727	0.0	0.0	0.0	0.0	0.0	0.0
41	0	0.235253227408	0.105134224763	0.356458148038	0.0	0.210678354418	0.284803188839	0.0	0.0	0.160446635147	0.257659616525
42	0	0.0	0.0996723915417	0.0	0.0	0.0	0.0	0.0	0.142913502318	0.0929835142742	0.0
43	0	0.359736632083	0.402522017614	0.500502916918	0.1826	0.201555799342	0.499948649481	0.314809252028	0.0	0.40378994053	0.507015433955
44	0	0.0	0.0889527965093	0.0	0.0	0.0	0.0	0.0	0.146212799841	0.0914585012087	0.0
45	0	0.134258334997	0.153336628769	0.0	0.184430775436	0.0	0.0	0.0	0.0	0.0	0.0
46	0	0.135729344443	0.139057443366	0.0	0.183987221723	0.0	0.0	0.0	0.0	0.0	0.0
47	0	0.366187475384	0.411957168352	0.499205403258	0.19030863577	0.204021289178	0.499339095069	0.320702034304	0.0	0.406334841629	0.500303459438
48	0	0.0	0.101430429129	0.0	0.0	0.0	0.0	0.0	0.141540291406	0.093053343949	0.0
49	0	0.230560305804	0.11011874556	0.356131364869	0.0	0.200718993409	0.283938339135	0.0	0.0	0.155504541371	0.271739130435
50	0	0.238265002971	0.102753593845	0.168621553885	0.0	0.207765467203	0.0	0.0	0.0	0.0	0.26614442101
51	0	0.126946107784	0.1475292919	0.0	0.189148530739	0.0	0.0	0.0	0.0	0.0	0.0
52	0	0.233269405471	0.106961458022	0.165700579652	0.0	0.204648812532	0.0	0.0	0.0	0.0	0.267086422261
53	0	0.0	0.140105252706	0.0	0.0	0.0	0.0	0.174264339152	0.0	0.0	0.240892486919
54	0	0.230584467574	0.104015334948	0.17798220178	0.0	0.207315867523	0.0	0.0	0.0	0.0	0.263136982219
55	0	0.0	0.145870646766	0.0	0.0	0.0	0.0	0.170395002015	0.0	0.0	0.238728675873
56	0	0.129249011858	0.147637996123	0.0	0.18549201859	0.0	0.0	0.0	0.0	0.0	0.0
57	0	0.12977786672	0.143041492952	0.0	0.185196314103	0.0	0.0	0.0	0.0	0.0	0.0
58	0	0.0963641738102	0.106480558325	0.0	0.0	0.206618160072	0.0	0.0	0.0	0.0	0.0
59	0	0.136629347072	0.14994520275	0.0	0.184075173096	0.0	0.0	0.0	0.0	0.0	0.0
60	0	0.0	0.146732673267	0.0	0.0	0.0	0.0	0.164307331836	0.0	0.0	0.246642125162
61	0	0.364888977002	0.406371329019	0.498497596154	0.190195097549	0.210606367877	0.50436421345	0.325149700599	0.0	0.402022629418	0.497350264974
62	0	0.136449527598	0.0	0.0	0.31744127936	0.293584379358	0.0	0.170474865885	0.350903614458	0.0	0.0
63	0	0.0	0.139053840063	0.0	0.0	0.0	0.0	0.174489998019	0.0	0.0	0.231323132313
64	0	0.244473871855	0.100349825087	0.171684053651	0.0	0.206350806452	0.0	0.0	0.0	0.0	0.257226277372
65	0	0.0	0.14480087397	0.0	0.0	0.0	0.0	0.172718253968	0.0	0.0	0.234274839744
66	0	0.232955106068	0.104250604351	0.351017952061	0.0	0.207504207504	0.282420181317	0.0	0.0	0.156002377179	0.266686620772
67	0	0.227259021007	0.103195804888	0.501107308234	0.0	0.210811352923	0.277280858676	0.0	0.0	0.284249673334	0.269640545654
68	0	0.133579409417	0.0	0.0	0.191905231984	0.291603821016	0.0	0.178788180281	0.215395270605	0.0	0.0
69	0	0.230521765356	0.10551463269	0.504316760941	0.0	0.205221674877	0.278978978979	0.0	0.0	0.280268160897	0.264534596782
70	0	0.234196685521	0.10970970971	0.163406441415	0.0	0.206879261933	0.0	0.0	0.0	0.0	0.265898291376
71	0	0.136803270516	0.1466322273	0.0	0.185359975901	0.0	0.0	0.0	0.0	0.0	0.0
72	0	0.235904148208	0.107442138867	0.177612679544	0.0	0.205159332322	0.0	0.0	0.0	0.0	0.263342696629
73	0	0.133720348313	0.148797148797	0.0	0.184223614841	0.0	0.0	0.0	0.0	0.0	0.0
74	0	0.24329482672	0.101485395275	0.17592870732	0.0	0.212160285658	0.0	0.0	0.0	0.0	0.260778022859
75	0	0.134850442214	0.147771462758	0.0	0.189018990456	0.0	0.0	0.0	0.0	0.0	0.0
76	0	0.233310118396	0.103448275862	0.49759567221	0.0	0.195443288757	0.29186314839	0.0	0.0	0.278475881638	0.270847691247
77	0	0.136639062816	0.0	0.0	0.306824925816	0.286944191229	0.0	0.185807096452	0.352495765667	0.0	0.0
78	0	0.234572905056	0.107033336631	0.173776789325	0.0	0.209074733096	0.0	0.0	0.0	0.0	0.261727660419
79	0	0.365728125946	0.395746785361	0.4959	0.188922155689	0.204464285714	0.500150890252	0.319971799778	0.0	0.402986550633	0.500050005001
80	0	0.0	0.104488078541	0.0	0.0	0.0	0.0	0.0	0.147638790575	0.0943205891254	0.0
81	0	0.136243654822	0.0	0.0	0.180895522388	0.298254464736	0.0	0.175242281946	0.21409921671	0.0	0.0
82	0	0.0	0.0947304907482	0.0	0.0	0.0	0.0	0.0	0.139858072147	0.0952667468913	0.0
83	0	0.23735725938	0.103125318131	0.175090982612	0.0	0.210161662818	0.0	0.0	0.0	0.0	0.260729071998
84	0	0.231885528719	0.109109109109	0.501145989038	0.0	0.211425147308	0.27622801698	0.0	0.0	0.28562939487	0.263293907166
85	0	0.0	0.14288531703	0.0	0.0	0.0	0.0	0.170680313064	0.0	0.0	0.237415774871
86	0	0.0	0.100874987428	0.0	0.0	0.0	0.0	0.0	0.148389646315	0.0963036963037	0.0
87	0	0.0	0.0982473710566	0.0	0.0	0.0	0.0	0.0	0.143336383044	0.0924043062201	0.0
88	0	0.0	0.14125956445	0.0	0.0	0.0	0.0	0.174690229535	0.0	0.0	0.233533533534
89	0	0.233569362721	0.103630034809	0.175724637681	0.0	0.207855164226	0.0	0.0	0.0	0.0	0.266660123663
90	0	0.0	0.147379032258	0.0	0.0	0.0	0.0	0.171882762047	0.0	0.0	0.238461538462
91	0	0.0	0.148776834748	0.0	0.0	0.0	0.0	0.167187342538	0.0	0.0	0.241865619019
92	0	0.129295746588	0.0	0.0	0.319516407599	0.292866330266	0.0	0.172980557226	0.353382696014	0.0	0.0
93	0	0.132280947148	0.147696340357	0.0	0.188380108321	0.0	0.0	0.0	0.0	0.0	0.0
94	0	0.131932689435	0.143765903308	0.0	0.182650259331	0.0	0.0	0.0	0.0	0.0	0.0
95	0	0.0	0.140737810306	0.0	0.0	0.0	0.0	0.173722482319	0.0	0.0	0.240913604767
96	0	0.132052940591	0.148931882306	0.0	0.184530938124	0.0	0.0	0.0	0.0	0.0	0.0
97	0	0.240312406128	0.108632589777	0.172628458498	0.0	0.211598274305	0.0	0.0	0.0	0.0	0.263292887442
98	0	0.230519809505	0.106143552311	0.348413025556	0.0	0.205505505506	0.288346613546	0.0	0.0	0.157755909506	0.261031634092
99	0	0.0	0.1453338617	0.0	0.0	0.0	0.0	0.173024932412	0.0	0.0	0.236162361624
