Chromosome	Position	Change	Gene	sample0	sample1	sample2	sample3	sample4
1	0	A>T	1	0	0	0	0	42
1	1	T>A	1	0	0	0	0	0
1	2	A>T	1	34	0	0	12	0
1	3	T>C	1	36	22	0	26	32
1	4	A>C	1	26	0	0	19	0
1	5	C>T	1	33	0	0	0	0
1	6	C>A	1	0	0	0	0	0
1	7	G>C	1	0	0	0	0	0
1	8	T>G	1	0	0	0	0	0
1	9	A>C	1	0	0	0	0	0
1	10	G>T	1	29	45	0	37	31
1	11	T>A	1	0	0	0	0	0
1	12	T>A	1	0	0	0	0	0
1	13	A>C	1	0	0	0	0	0
1	14	G>T	1	32	14	0	27	37
1	15	C>A	1	0	0	0	0	0
1	16	G>T	1	25	0	0	9	0
1	17	A>T	1	0	0	0	0	0
1	18	T>A	1	0	0	0	0	0
1	19	A>T	1	0	0	0	0	38
1	20	G>A	1	0	0	0	0	0
1	21	T>A	1	0	17	0	10	0
1	22	G>T	1	0	0	0	0	0
1	23	T>C	1	35	0	0	0	0
1	24	T>C	1	31	17	0	37	31
1	25	T>A	1	0	0	0	0	0
1	26	A>C	1	0	0	41	0	0
1	27	A>C	1	38	0	0	15	31
1	28	C>T	1	35	23	0	40	39
1	29	T>C	1	31	0	0	0	0
1	30	C>G	1	0	21	0	5	0
1	31	T>G	1	0	10	0	0	0
1	32	C>T	1	0	0	0	0	0
1	33	C>T	1	31	0	0	20	32
1	34	G>T	1	19	0	25	0	0
1	35	C>A	1	21	0	0	19	29
1	36	T>A	1	0	0	0	0	0
1	37	G>T	1	0	0	0	0	34
1	38	T>G	1	0	0	0	0	0
1	39	G>C	1	0	20	0	8	0
1	40	C>A	1	32	15	0	21	30
1	41	C>G	1	31	23	0	23	28
1	42	C>T	1	34	21	0	34	36
1	43	C>T	1	0	9	0	9	0
1	44	C>G	1	0	0	0	0	0
1	45	A>G	1	16	0	16	0	0
1	46	C>T	1	0	0	0	0	0
1	47	C>T	1	0	9	0	14	0
1	48	A>T	1	17	0	25	0	0
1	49	T>G	1	0	0	0	0	0
1	50	A>T	1	0	0	0	0	0
1	51	A>C	1	26	0	0	12	0
1	52	T>A	1	0	0	0	0	0
1	53	T>C	1	33	13	0	28	33
1	54	A>G	1	0	0	0	0	0
1	55	T>A	1	22	0	49	0	13
1	56	G>T	1	0	0	0	0	0
1	57	G>C	1	0	23	0	20	0
1	58	T>G	1	0	0	0	0	0
1	59	T>G	1	0	0	0	0	0
1	60	G>T	1	0	0	0	0	0
1	61	C>A	1	0	0	0	0	28
1	62	T>C	1	16	0	0	8	0
1	63	C>G	1	18	0	0	0	0
1	64	T>C	1	0	0	0	0	0
1	65	T>G	1	0	0	0	0	0
1	66	T>C	1	25	19	0	26	26
1	67	T>A	1	25	22	0	34	32
1	68	T>G	1	33	15	0	28	29
1	69	A>T	1	29	13	0	35	41
1	70	T>A	1	0	0	0	0	0
1	71	A>C	1	0	20	0	9	0
1	72	A>T	1	0	14	0	13	0
1	73	G>T	1	29	0	0	0	0
1	74	C>G	1	0	0	0	0	33
1	75	A>C	1	32	0	0	10	0
1	76	C>A	1	24	19	0	28	32
1	77	G>A	1	0	13	0	9	0
1	78	T>A	1	0	0	0	0	0
1	79	C>A	1	0	0	0	0	0
1	80	T>C	1	0	0	0	0	0
1	81	A>C	1	0	0	0	0	0
1	82	T>A	1	0	0	0	0	0
1	83	A>C	1	0	0	0	0	0
1	84	C>T	1	0	0	0	0	0
1	85	G>A	1	18	0	0	6	0
1	86	T>C	1	0	0	0	0	0
1	87	A>G	1	23	0	16	0	0
1	88	T>A	1	19	0	0	0	0
1	89	G>T	1	0	0	0	0	0
1	90	G>T	1	0	0	0	0	0
1	91	G>C	1	0	0	0	0	0
1	92	A>G	1	0	0	0	0	0
1	93	C>T	1	0	0	0	0	0
1	94	T>G	1	32	0	0	24	32
1	95	C>A	1	24	50	0	34	25
1	96	T>C	1	35	0	0	14	0
1	97	A>C	1	0	0	36	0	0
1	98	T>A	1	0	8	0	0	0
1	99	A>T	1	0	0	0	0	0
1	100	C>G	1	0	0	0	0	0
1	101	T>A	1	42	0	0	11	27
1	102	T>G	1	26	17	0	29	31
1	103	G>A	1	0	0	0	0	0
1	104	T>G	1	0	0	0	0	0
1	105	T>A	1	28	0	0	0	0
1	106	G>C	1	0	0	0	0	0
1	107	C>G	1	23	22	0	43	29
1	108	G>A	1	38	0	0	0	0
1	109	C>G	1	0	5	0	0	0
1	110	G>T	1	22	17	0	35	32
1	111	A>T	1	0	0	0	0	0
1	112	G>C	1	0	0	0	0	0
1	113	A>G	1	27	0	0	12	0
1	114	G>T	1	24	0	0	15	0
1	115	T>G	1	0	11	0	16	0
1	116	G>C	1	0	0	0	0	0
1	117	T>A	1	24	0	0	0	0
1	118	G>T	1	28	0	0	15	0
1	119	T>C	1	0	0	0	0	0
1	120	A>T	1	0	0	0	0	0
1	121	C>G	1	28	0	0	12	0
1	122	G>T	1	20	0	0	10	0
1	123	C>T	1	29	15	0	23	28
1	124	C>T	1	0	0	0	0	0
1	125	G>T	1	0	27	0	6	0
1	126	T>A	1	0	0	0	0	0
1	127	A>G	1	18	19	0	27	26
1	128	T>C	1	0	20	0	12	0
1	129	C>T	1	0	0	0	0	0
1	130	T>G	1	0	0	0	0	32
1	131	G>T	1	33	18	0	30	28
1	132	C>A	1	35	0	0	0	0
1	133	T>A	1	0	0	0	0	0
1	134	T>C	1	32	17	0	37	27
1	135	T>A	1	21	0	23	0	0
1	136	A>G	1	0	0	0	0	0
1	137	G>A	1	0	0	0	0	0
1	138	C>G	1	0	0	0	0	0
1	139	A>G	1	20	0	0	13	19
1	140	A>G	1	0	0	0	0	0
1	141	C>T	1	27	0	0	19	32
1	142	G>A	1	0	12	0	16	0
1	143	C>T	1	0	0	0	0	0
1	144	T>A	1	17	14	0	24	33
1	145	G>A	1	0	0	0	0	0
1	146	C>T	1	0	0	0	0	0
1	147	T>C	1	0	0	0	0	0
1	148	T>G	1	0	0	0	0	0
1	149	A>C	1	0	0	0	0	0
1	150	T>C	1	0	0	0	0	0
1	151	C>A	1	0	0	0	0	0
1	152	T>A	1	0	0	26	0	0
1	153	C>T	1	0	0	0	0	0
1	154	T>A	1	0	0	0	0	0
1	155	A>T	1	20	0	0	9	0
1	156	A>G	1	24	0	0	15	30
1	157	G>A	1	0	0	0	0	0
1	158	C>G	1	0	0	0	0	0
1	159	G>C	1	30	14	0	33	25
1	160	G>C	1	29	0	0	15	0
1	161	G>A	1	27	0	0	11	0
1	162	C>A	1	26	0	0	0	0
1	163	A>C	1	0	0	0	0	0
1	164	A>C	1	0	14	0	6	0
1	165	A>T	1	20	0	32	0	0
1	166	T>C	1	0	0	0	0	0
1	167	A>C	1	0	0	0	0	0
1	168	C>T	1	27	0	0	0	0
1	169	G>C	1	0	9	0	0	0
1	170	C>G	1	31	0	0	16	33
1	171	G>C	1	0	0	23	0	0
1	172	G>A	1	0	0	0	0	0
1	173	T>G	1	32	34	0	41	31
1	174	C>A	1	0	0	0	0	0
1	175	C>G	1	0	0	0	0	0
1	176	A>T	1	0	0	0	0	0
1	177	A>C	1	0	0	0	0	0
1	178	A>C	1	0	0	0	0	0
1	179	T>A	1	0	0	0	0	0
1	180	G>C	1	0	0	0	0	0
1	181	T>C	1	0	19	0	10	0
1	182	G>A	1	0	0	0	0	0
1	183	A>G	1	25	0	17	0	0
1	184	C>G	1	0	0	0	0	0
1	185	A>C	1	27	0	0	0	0
1	186	A>T	1	35	15	0	29	33
1	187	C>G	1	0	0	0	0	0
1	188	G>T	1	0	0	0	0	0
1	189	A>C	1	0	0	0	0	0
1	190	A>C	1	0	0	0	0	0
1	191	C>A	1	31	14	0	30	29
1	192	T>C	1	0	0	0	0	0
1	193	A>C	1	23	0	0	17	31
1	194	A>T	1	0	0	0	0	0
1	195	T>G	1	0	0	0	0	0
1	196	C>G	1	0	14	0	13	0
1	197	A>G	1	0	0	0	0	0
1	198	T>C	1	0	0	0	0	0
1	199	T>G	1	0	0	0	0	0
1	200	C>A	1	0	13	0	12	0
1	201	T>A	1	28	0	0	0	0
1	202	T>C	1	0	0	0	0	0
1	203	C>A	1	21	16	0	26	21
1	204	C>A	1	0	0	0	0	0
1	205	T>C	1	29	23	0	29	33
1	206	A>T	1	0	0	0	0	0
1	207	T>G	1	0	0	0	0	0
1	208	C>A	1	0	0	0	0	0
1	209	A>T	1	0	11	0	16	0
1	210	G>T	1	0	0	25	0	0
1	211	T>A	1	0	11	0	16	0
1	212	C>T	1	0	0	0	0	25
1	213	C>T	1	0	0	0	0	0
1	214	G>T	1	0	0	0	0	0
1	215	G>C	1	20	0	22	0	0
1	216	G>T	1	0	0	24	0	0
1	217	C>T	1	0	0	0	0	0
1	218	C>T	1	17	0	0	14	0
1	219	A>G	1	0	0	0	0	0
1	220	A>C	1	0	0	0	0	0
1	221	C>A	1	0	0	0	0	0
1	222	C>G	1	0	0	0	0	0
1	223	C>A	1	20	13	0	32	30
1	224	T>G	1	24	0	0	10	0
1	225	C>T	1	29	0	0	10	0
1	226	C>G	1	0	0	0	0	0
1	227	A>T	1	0	0	0	0	0
1	228	A>T	1	0	0	24	0	0
1	229	G>T	1	0	7	0	15	0
1	230	G>C	1	31	15	0	32	29
1	231	T>A	1	0	0	0	0	0
1	232	G>A	1	0	8	0	0	0
1	233	C>A	1	0	14	0	8	0
1	234	C>G	1	0	0	0	0	0
1	235	G>A	1	35	0	0	0	0
1	236	A>T	1	28	21	0	20	29
1	237	G>T	1	0	0	0	0	0
1	238	T>C	1	23	0	0	19	0
1	239	C>G	1	0	0	0	0	0
1	240	A>G	1	22	0	0	9	0
1	241	A>T	1	0	9	0	0	0
1	242	T>G	1	32	21	0	35	25
1	243	A>T	1	0	0	0	0	0
1	244	A>T	1	0	0	0	0	0
1	245	G>C	1	0	0	0	0	0
1	246	G>T	1	25	0	24	0	0
1	247	T>G	1	26	36	0	39	28
1	248	T>C	1	0	14	0	20	0
1	249	A>T	1	0	0	0	21	0
1	250	T>A	1	0	26	0	6	0
1	251	A>G	1	0	0	0	0	0
1	252	C>T	1	24	39	0	52	33
1	253	A>C	1	25	37	0	35	31
1	254	T>G	1	32	0	0	0	0
1	255	A>G	1	0	11	0	13	0
1	256	C>T	1	20	0	59	0	22
1	257	T>G	1	0	0	0	9	0
1	258	T>C	1	0	0	0	0	0
1	259	A>G	1	24	0	0	0	0
1	260	G>C	1	0	0	0	0	0
1	261	T>C	1	0	0	0	0	0
1	262	C>A	1	29	0	0	0	0
1	263	A>T	1	0	0	0	0	0
1	264	A>G	1	0	0	0	0	0
1	265	C>A	1	0	0	0	0	0
1	266	C>A	1	0	0	0	0	0
1	267	G>C	1	0	17	0	8	0
1	268	A>G	1	0	0	0	0	0
1	269	A>T	1	34	0	0	0	0
1	270	C>G	1	0	0	0	0	37
1	271	G>C	1	0	0	0	0	0
1	272	C>A	1	0	0	0	0	0
1	273	C>T	1	0	0	0	0	0
1	274	A>C	1	0	0	0	0	0
1	275	T>C	1	25	0	0	15	0
1	276	A>T	1	0	0	0	0	0
1	277	C>A	1	0	0	0	0	0
1	278	A>G	1	0	0	0	0	0
1	279	G>T	1	0	0	0	0	0
1	280	C>A	1	0	0	0	0	0
1	281	A>T	1	0	12	0	13	0
1	282	T>C	1	30	0	0	0	0
1	283	C>A	1	0	15	0	13	0
1	284	G>C	1	0	0	0	0	0
1	285	G>A	1	0	0	0	0	0
1	286	T>C	1	0	0	0	0	0
1	287	G>A	1	0	0	0	0	0
1	288	C>G	1	22	0	0	14	38
1	289	C>G	1	0	0	0	0	0
1	290	T>A	1	34	22	0	19	35
1	291	G>C	1	0	9	0	16	0
1	292	A>C	1	0	0	0	0	0
1	293	G>T	1	0	0	0	0	0
1	294	T>A	1	32	14	0	25	39
1	295	T>A	1	39	0	0	13	0
1	296	A>G	1	31	0	0	0	0
1	297	T>A	1	0	0	0	0	0
1	298	C>T	1	0	0	0	0	0
1	299	A>G	1	0	10	0	0	0
