Chromosome	Position	Change	Gene	sample0	sample1	sample2	sample3	sample4
1	0	C>T	1	87	89	107	126	94
1	1	T>C	1	107	95	84	93	97
1	2	A>T	1	99	103	98	100	111
1	3	T>C	1	93	102	94	106	122
1	4	G>A	1	108	110	112	105	94
1	5	A>T	1	107	91	99	93	101
1	6	T>C	1	93	99	103	102	109
1	7	C>T	1	98	105	115	95	111
1	8	T>C	1	98	117	94	120	104
1	9	T>C	1	108	101	99	119	101
1	10	T>G	1	107	97	99	96	109
1	11	G>T	1	86	112	92	94	102
1	12	C>G	1	109	115	109	114	86
1	13	C>G	1	107	84	99	116	108
1	14	G>T	1	105	111	110	108	97
1	15	C>G	1	110	102	95	107	118
1	16	G>C	1	122	109	102	108	104
1	17	T>G	1	96	102	96	79	97
1	18	T>C	1	133	116	105	113	94
1	19	T>G	1	123	104	105	85	106
1	20	T>C	1	97	107	109	101	96
1	21	G>C	1	80	102	87	110	106
1	22	A>C	1	126	100	103	90	107
1	23	C>T	1	94	102	100	84	97
1	24	A>G	1	76	105	117	115	109
1	25	A>C	1	91	95	119	91	115
1	26	T>A	1	82	120	69	111	93
1	27	T>A	1	97	98	108	106	110
1	28	T>G	1	95	103	82	116	107
1	29	G>T	1	100	100	89	93	107
1	30	A>T	1	92	96	97	108	105
1	31	A>T	1	86	82	90	110	94
1	32	C>T	1	107	86	103	112	124
1	33	T>C	1	100	107	102	92	92
1	34	T>A	1	99	101	86	103	89
1	35	G>T	1	97	115	114	105	113
1	36	A>T	1	107	117	95	116	87
1	37	T>A	1	97	103	102	99	79
1	38	G>C	1	82	105	103	97	88
1	39	T>A	1	89	89	100	97	98
1	40	C>G	1	103	98	98	92	101
1	41	A>G	1	105	120	90	103	99
1	42	C>T	1	93	89	111	116	97
1	43	G>A	1	81	100	93	108	100
1	44	T>A	1	97	88	98	114	97
1	45	G>T	1	103	107	123	104	90
1	46	C>A	1	122	130	117	107	95
1	47	A>T	1	90	99	96	101	102
1	48	G>C	1	113	96	115	102	88
1	49	A>T	1	101	93	92	97	83
1	50	A>T	1	119	90	93	91	107
1	51	G>C	1	90	99	95	100	91
1	52	C>A	1	86	111	103	101	105
1	53	C>G	1	106	132	93	109	94
1	54	T>C	1	99	93	116	114	111
1	55	A>G	1	90	105	104	90	99
1	56	T>C	1	95	98	86	95	118
1	57	G>C	1	88	110	89	82	96
1	58	G>A	1	108	93	120	101	98
1	59	C>A	1	100	99	106	86	96
1	60	G>C	1	98	100	93	105	99
1	61	T>C	1	95	113	105	101	111
1	62	A>C	1	92	107	97	100	124
1	63	A>G	1	114	105	93	94	87
1	64	G>C	1	100	82	94	105	88
1	65	C>T	1	104	101	99	98	95
1	66	T>G	1	86	95	107	110	106
1	67	T>A	1	98	116	105	94	109
1	68	C>G	1	114	88	88	97	104
1	69	A>C	1	110	113	101	93	95
1	70	T>G	1	97	99	101	98	98
1	71	A>T	1	108	108	102	105	93
1	72	A>T	1	109	98	106	86	106
1	73	G>A	1	103	99	127	111	95
1	74	A>G	1	100	125	101	117	100
1	75	C>A	1	106	85	102	106	108
1	76	T>G	1	90	101	103	98	120
1	77	T>G	1	88	87	110	99	113
1	78	T>C	1	104	101	100	119	92
1	79	G>C	1	109	109	102	101	90
1	80	A>G	1	79	83	115	111	95
1	81	C>G	1	100	103	98	104	93
1	82	A>C	1	92	102	102	105	106
1	83	T>C	1	99	99	95	117	98
1	84	A>C	1	107	123	100	103	78
1	85	A>T	1	91	101	109	92	100
1	86	C>G	1	96	106	105	84	110
1	87	C>T	1	97	110	93	104	113
1	88	G>T	1	98	116	118	106	108
1	89	A>G	1	101	82	95	122	101
1	90	T>C	1	104	106	102	110	101
1	91	A>C	1	86	105	119	81	98
1	92	C>T	1	85	105	108	111	83
1	93	A>C	1	105	99	98	90	110
1	94	A>T	1	90	102	98	83	80
1	95	G>A	1	99	85	99	78	100
1	96	A>T	1	107	89	107	95	108
1	97	C>T	1	86	105	84	98	98
1	98	A>G	1	94	113	97	103	95
1	99	G>C	1	102	108	110	102	106
1	100	A>G	1	107	99	96	109	92
1	101	G>A	1	99	93	93	102	93
1	102	G>T	1	101	98	107	71	90
1	103	T>A	1	90	96	120	103	106
1	104	G>C	1	106	88	111	99	103
1	105	C>G	1	99	103	109	86	101
1	106	C>A	1	83	97	82	118	103
1	107	A>G	1	99	106	109	114	96
1	108	C>A	1	92	102	112	93	97
1	109	G>C	1	109	90	92	133	111
1	110	C>T	1	112	117	101	112	104
1	111	C>A	1	114	108	127	95	105
1	112	C>G	1	107	94	103	97	100
1	113	A>T	1	95	106	112	111	89
1	114	C>G	1	94	111	96	102	128
1	115	C>A	1	86	116	103	112	95
1	116	G>C	1	94	120	90	107	119
1	117	T>A	1	93	94	110	95	101
1	118	A>G	1	91	85	93	110	105
1	119	G>C	1	119	112	89	96	104
1	120	C>G	1	90	119	100	89	113
1	121	T>A	1	112	108	111	104	101
1	122	T>C	1	104	91	94	96	94
1	123	A>G	1	94	104	90	99	100
1	124	C>G	1	105	90	108	95	111
1	125	T>A	1	102	112	88	87	114
1	126	C>A	1	109	98	85	94	98
1	127	C>G	1	114	109	100	95	107
1	128	C>T	1	95	101	87	107	98
1	129	T>C	1	99	110	97	105	99
1	130	G>C	1	99	97	108	91	95
1	131	G>T	1	102	75	109	108	106
1	132	T>G	1	101	98	88	94	95
1	133	G>T	1	97	88	114	93	104
1	134	A>C	1	125	101	84	103	95
1	135	G>A	1	93	119	113	97	87
1	136	A>C	1	105	113	107	106	101
1	137	A>C	1	88	98	94	96	122
1	138	C>A	1	97	86	102	115	91
1	139	A>T	1	105	122	97	95	103
1	140	A>G	1	90	116	83	95	103
1	141	A>C	1	98	113	96	87	90
1	142	G>A	1	93	91	99	106	105
1	143	G>A	1	111	96	101	86	91
1	144	G>C	1	92	110	81	107	95
1	145	T>G	1	89	111	84	93	103
1	146	C>A	1	100	104	84	102	92
1	147	T>C	1	107	112	124	110	85
1	148	T>A	1	109	122	96	113	104
1	149	A>G	1	103	103	96	109	102
1	150	T>A	1	98	92	93	109	104
1	151	C>T	1	101	111	103	86	108
1	152	C>T	1	94	101	107	90	89
1	153	T>A	1	99	98	105	91	93
1	154	C>G	1	72	125	108	93	105
1	155	A>G	1	85	82	97	101	101
1	156	C>A	1	98	84	95	100	106
1	157	A>C	1	88	108	96	105	105
1	158	T>G	1	115	118	109	92	110
1	159	C>A	1	83	84	95	115	94
1	160	C>A	1	91	109	109	89	95
1	161	A>C	1	103	107	97	89	114
1	162	T>G	1	75	98	97	93	110
1	163	G>A	1	93	95	114	118	94
1	164	G>T	1	97	113	81	95	105
1	165	G>T	1	92	108	85	102	100
1	166	C>T	1	87	100	94	94	105
1	167	T>G	1	111	119	125	94	91
1	168	C>A	1	110	104	96	103	108
1	169	G>T	1	112	94	111	82	92
1	170	G>A	1	86	107	112	91	101
1	171	C>A	1	93	103	117	94	105
1	172	G>T	1	81	103	86	108	107
1	173	C>A	1	98	98	115	83	97
1	174	A>T	1	114	92	97	94	114
1	175	G>A	1	102	119	82	99	109
1	176	A>G	1	92	104	88	93	81
1	177	G>A	1	115	137	115	96	104
1	178	T>G	1	98	113	86	108	118
1	179	A>T	1	119	105	101	84	101
1	180	G>A	1	108	109	97	104	107
1	181	T>C	1	104	90	87	89	105
1	182	A>G	1	83	115	107	87	115
1	183	T>A	1	94	114	96	98	103
1	184	T>C	1	107	110	95	98	95
1	185	T>C	1	100	117	96	102	104
1	186	C>G	1	98	87	106	100	90
1	187	G>T	1	83	99	104	100	104
1	188	A>T	1	100	81	95	105	91
1	189	C>T	1	88	112	83	99	119
1	190	G>T	1	94	97	102	103	101
1	191	G>C	1	105	84	85	108	79
1	192	G>T	1	95	97	92	98	115
1	193	A>T	1	96	95	100	89	109
1	194	G>T	1	93	115	94	110	105
1	195	G>A	1	105	96	89	86	105
1	196	G>A	1	119	92	107	101	99
1	197	C>G	1	100	116	94	109	88
1	198	A>G	1	101	102	103	127	87
1	199	A>G	1	85	111	108	85	110
1	200	T>G	1	89	100	111	93	104
1	201	G>A	1	110	107	102	100	91
1	202	C>A	1	98	98	99	110	110
1	203	A>G	1	91	85	104	97	106
1	204	C>A	1	115	83	100	86	111
1	205	T>C	1	98	107	100	83	104
1	206	G>A	1	110	106	100	98	115
1	207	A>C	1	105	91	97	109	99
1	208	T>G	1	100	79	103	101	113
1	209	A>G	1	91	117	109	117	100
1	210	T>G	1	88	94	109	101	100
1	211	T>G	1	101	86	86	90	102
1	212	G>T	1	97	108	133	94	90
1	213	T>G	1	101	87	114	97	114
1	214	A>C	1	80	109	86	113	101
1	215	A>T	1	109	85	112	95	112
1	216	C>T	1	86	78	103	108	96
1	217	T>G	1	76	79	99	109	110
1	218	T>A	1	92	96	95	103	101
1	219	C>A	1	93	106	96	96	110
1	220	G>T	1	93	100	118	112	91
1	221	T>G	1	89	108	88	100	100
1	222	G>C	1	95	101	87	81	104
1	223	G>A	1	105	108	106	103	99
1	224	G>A	1	97	102	95	111	99
1	225	G>C	1	106	102	110	121	98
1	226	A>C	1	86	92	117	106	104
1	227	C>G	1	103	105	102	86	108
1	228	G>C	1	84	103	92	111	91
1	229	A>G	1	85	108	105	98	117
1	230	G>T	1	87	102	110	91	93
1	231	C>T	1	97	92	92	91	103
1	232	T>C	1	77	88	90	99	107
1	233	T>C	1	100	90	111	108	88
1	234	T>G	1	98	123	87	106	88
1	235	G>A	1	76	100	102	96	105
1	236	C>A	1	110	101	105	110	102
1	237	C>A	1	98	95	115	105	100
1	238	T>C	1	116	100	84	102	113
1	239	A>T	1	102	95	123	107	117
1	240	G>C	1	88	96	110	97	114
1	241	T>A	1	100	113	100	75	106
1	242	C>A	1	88	92	97	93	113
1	243	T>C	1	99	103	95	99	100
1	244	A>C	1	97	97	97	102	100
1	245	A>T	1	94	101	112	112	97
1	246	G>A	1	114	94	112	92	100
1	247	G>A	1	90	96	103	94	104
1	248	C>G	1	121	125	91	103	102
1	249	T>A	1	108	102	88	101	92
1	250	G>C	1	100	101	110	92	110
1	251	A>G	1	113	98	107	99	98
1	252	C>T	1	94	117	101	102	98
1	253	A>C	1	100	102	97	110	105
1	254	C>G	1	104	107	96	100	104
1	255	G>C	1	97	134	105	96	103
1	256	T>G	1	108	125	90	112	108
1	257	T>G	1	109	95	87	105	110
1	258	C>A	1	93	89	100	93	124
1	259	A>G	1	117	100	98	114	107
1	260	A>C	1	97	80	108	131	105
1	261	T>C	1	97	99	88	97	101
1	262	G>T	1	121	114	88	118	108
1	263	T>A	1	101	120	96	120	95
1	264	A>T	1	117	97	100	103	99
1	265	G>T	1	100	105	95	90	102
1	266	A>C	1	106	91	85	96	90
1	267	G>C	1	85	95	99	86	103
1	268	C>G	1	105	97	106	97	121
1	269	T>G	1	87	108	94	111	97
1	270	C>G	1	95	103	92	90	89
1	271	G>T	1	98	89	105	123	106
1	272	C>T	1	93	86	123	104	89
1	273	A>C	1	101	94	98	91	80
1	274	C>T	1	90	96	107	94	93
1	275	C>G	1	99	112	119	93	106
1	276	C>T	1	83	93	82	105	99
1	277	C>A	1	97	99	75	91	98
1	278	G>C	1	101	106	85	103	81
1	279	G>T	1	91	102	102	125	101
1	280	T>G	1	106	118	95	91	110
1	281	C>A	1	93	104	87	103	112
1	282	A>C	1	95	97	107	115	82
1	283	A>G	1	106	122	107	91	117
1	284	G>A	1	96	107	103	102	93
1	285	T>A	1	89	94	109	84	108
1	286	C>G	1	104	101	86	113	126
1	287	T>G	1	115	101	78	94	87
1	288	A>T	1	114	87	104	89	90
1	289	G>C	1	97	120	106	102	94
1	290	G>C	1	112	100	106	103	95
1	291	T>C	1	97	100	96	82	110
1	292	A>T	1	86	112	112	93	104
1	293	A>C	1	98	99	91	98	101
1	294	G>T	1	95	96	86	93	115
1	295	A>T	1	88	111	100	110	103
1	296	A>C	1	101	92	99	101	98
1	297	A>C	1	96	109	103	92	103
1	298	T>A	1	101	97	100	92	98
1	299	G>T	1	103	91	106	103	78
