Chromosome	Position	Change	Gene	sample0	sample1	sample2	sample3	sample4
1	0	A>T	1	162	0	0	0	133
1	1	A>C	1	327	493	369	327	303
1	2	C>A	1	0	121	114	87	0
1	3	C>T	1	144	259	87	88	0
1	4	C>G	1	172	0	0	0	147
1	5	A>T	1	0	0	188	172	226
1	6	A>G	1	156	349	284	316	137
1	7	A>C	1	201	0	0	0	0
1	8	T>G	1	0	136	91	130	0
1	9	A>G	1	189	0	0	0	0
1	10	C>G	1	176	0	0	0	154
1	11	A>C	1	0	0	164	202	216
1	12	C>T	1	329	550	329	339	289
1	13	G>A	1	147	364	317	300	153
1	14	G>C	1	308	482	352	322	274
1	15	C>G	1	307	485	329	368	304
1	16	A>T	1	176	0	0	0	133
1	17	C>G	1	209	0	0	0	0
1	18	G>A	1	0	142	122	115	0
1	19	A>C	1	171	0	0	0	150
1	20	C>G	1	211	0	0	0	0
1	21	C>A	1	171	0	0	0	0
1	22	A>C	1	141	367	334	324	162
1	23	A>T	1	0	0	178	146	206
1	24	T>G	1	0	0	166	175	220
1	25	T>G	1	179	0	0	0	0
1	26	T>G	1	0	142	107	81	0
1	27	A>T	1	0	0	159	155	181
1	28	A>C	1	179	0	0	0	0
1	29	G>T	1	0	0	160	173	198
1	30	A>C	1	0	0	185	157	197
1	31	G>C	1	330	494	275	336	290
1	32	G>T	1	161	0	0	0	136
1	33	G>C	1	193	0	0	0	140
1	34	G>C	1	154	372	312	315	153
1	35	C>T	1	304	470	331	319	263
1	36	T>A	1	162	0	0	0	143
1	37	A>C	1	182	0	0	0	0
1	38	G>C	1	0	144	87	100	0
1	39	T>G	1	189	0	0	0	137
1	40	T>G	1	153	233	104	106	0
1	41	A>T	1	322	512	290	329	303
1	42	C>A	1	190	0	0	0	146
1	43	A>C	1	179	0	0	0	135
1	44	C>T	1	167	0	0	0	0
1	45	A>T	1	302	496	322	359	283
1	46	A>T	1	179	0	0	0	0
1	47	C>G	1	139	384	360	331	130
1	48	T>C	1	175	0	0	0	0
1	49	A>C	1	179	0	0	0	0
1	50	T>C	1	147	350	353	321	179
1	51	G>T	1	185	0	0	0	0
1	52	T>G	1	280	526	303	310	295
1	53	C>G	1	173	0	0	0	128
1	54	T>A	1	0	0	184	142	207
1	55	G>C	1	482	510	522	509	278
1	56	C>G	1	0	128	98	97	0
1	57	G>A	1	0	120	102	110	0
1	58	T>A	1	167	0	0	0	127
1	59	A>T	1	147	0	97	87	0
1	60	T>A	1	305	480	321	335	285
1	61	G>T	1	172	0	0	0	139
1	62	C>T	1	330	472	333	320	310
1	63	A>T	1	146	0	0	0	132
1	64	C>G	1	156	382	319	319	152
1	65	A>G	1	0	0	159	186	202
1	66	T>G	1	163	349	325	335	159
1	67	C>A	1	180	0	0	0	127
1	68	C>G	1	0	0	190	182	200
1	69	G>T	1	285	495	338	352	250
1	70	C>A	1	161	388	341	309	160
1	71	G>A	1	180	0	0	0	147
1	72	C>G	1	0	0	175	168	210
1	73	G>C	1	153	250	93	86	0
1	74	T>G	1	471	477	528	455	496
1	75	C>T	1	344	518	308	339	258
1	76	T>A	1	171	0	0	0	0
1	77	A>T	1	158	0	0	0	138
1	78	A>C	1	138	360	347	337	138
1	79	T>G	1	200	0	0	0	118
1	80	A>T	1	282	501	325	322	318
1	81	A>C	1	308	510	321	304	306
1	82	A>C	1	176	0	0	0	0
1	83	C>T	1	302	522	335	325	277
1	84	C>A	1	0	0	164	177	208
1	85	A>C	1	139	346	296	306	165
1	86	T>C	1	194	0	0	0	0
1	87	T>A	1	185	0	0	0	0
1	88	G>T	1	160	0	0	0	131
1	89	T>G	1	198	0	0	0	0
1	90	A>T	1	0	122	130	102	0
1	91	C>A	1	144	355	348	343	156
1	92	T>A	1	145	354	310	349	138
1	93	T>C	1	172	0	0	0	135
1	94	G>A	1	211	0	0	0	0
1	95	G>T	1	314	512	335	346	297
1	96	G>C	1	198	0	0	0	0
1	97	G>C	1	0	139	117	114	0
1	98	C>T	1	0	0	162	176	200
1	99	A>G	1	135	374	324	328	153
