#chr	normal	sample0	sample1	sample2	sample3	sample4
0	0	0.0	0.0	0.0833333333333	0.0	0.0
1	0	0.0	0.0	0.0	0.0	0.0
2	0	0.0	0.0	0.0	0.0	0.0
3	0	0.0	0.0	0.0	0.183673469388	0.0
4	0	0.0	0.0	0.0	0.0	0.0
5	0	0.0	0.0	0.0	0.0	0.0
6	0	0.0	0.0	0.0	0.0	0.0
7	0	0.0	0.201754385965	0.0	0.0	0.0
8	0	0.0	0.0	0.0	0.0	0.0
9	0	0.0	0.216666666667	0.0	0.0	0.0
10	0	0.0	0.0	0.0	0.0	0.172043010753
11	0	0.320754716981	0.0	0.21686746988	0.393617021277	0.48
12	0	0.0	0.0	0.0	0.118811881188	0.0
13	0	0.0	0.0	0.0	0.0	0.0
14	0	0.0	0.0	0.133928571429	0.0	0.0
15	0	0.0	0.0	0.0	0.113402061856	0.0
16	0	0.0	0.0	0.0	0.12	0.0
17	0	0.0	0.193277310924	0.0	0.0	0.0
18	0	0.0	0.0	0.0	0.0	0.0
19	0	0.0	0.0	0.123595505618	0.0	0.0
20	0	0.0	0.0	0.0	0.0762711864407	0.0
21	0	0.0	0.0	0.125	0.09375	0.0
22	0	0.0	0.217821782178	0.0	0.0	0.0
23	0	0.0	0.0	0.0	0.163043478261	0.0
24	0	0.0	0.0	0.0	0.0	0.0
25	0	0.0	0.0	0.0	0.166666666667	0.0
26	0	0.0	0.0	0.0	0.15652173913	0.0
27	0	0.0	0.0	0.0	0.0	0.0
28	0	0.368421052632	0.0	0.257731958763	0.358490566038	0.358695652174
29	0	0.0	0.0	0.0	0.0	0.0
30	0	0.0	0.0	0.0	0.0	0.0
31	0	0.0	0.0	0.0	0.0	0.0
32	0	0.0	0.0	0.0	0.0	0.0
33	0	0.0	0.0	0.0	0.0	0.0
34	0	0.0	0.0	0.0	0.0	0.0
35	0	0.0	0.16	0.0	0.122448979592	0.0
36	0	0.0	0.26213592233	0.0	0.0	0.0
37	0	0.0	0.0	0.0	0.0	0.0
38	0	0.0	0.0	0.0	0.11	0.0
39	0	0.0	0.255102040816	0.0	0.0	0.0
40	0	0.0	0.0	0.0	0.0	0.0
41	0	0.0	0.0	0.0	0.0	0.0
42	0	0.0	0.0	0.0	0.0	0.0
43	0	0.476635514019	0.5	0.504672897196	0.516483516484	0.443298969072
44	0	0.0	0.0	0.123711340206	0.114583333333	0.307692307692
45	0	0.0	0.0	0.126213592233	0.0879120879121	0.0
46	0	0.0	0.0	0.0	0.0	0.0
47	0	0.0	0.0	0.0	0.0	0.0
48	0	0.260273972603	0.0	0.223300970874	0.287234042553	0.444444444444
49	0	0.0	0.0	0.0	0.0	0.0
50	0	0.0	0.215053763441	0.0	0.0	0.0
51	0	0.0	0.0	0.0	0.0	0.0
52	0	0.0	0.0	0.0	0.0	0.0
53	0	0.0	0.0	0.0	0.0	0.0
54	0	0.0	0.0	0.0	0.0588235294118	0.0
55	0	0.0	0.0	0.0	0.102272727273	0.0
56	0	0.0	0.0	0.0	0.0	0.0
57	0	0.0693069306931	0.0	0.112244897959	0.1	0.17
58	0	0.102564102564	0.0	0.11214953271	0.111111111111	0.229166666667
59	0	0.0	0.0	0.0	0.166666666667	0.0
60	0	0.0	0.0	0.0	0.0761904761905	0.0
61	0	0.0	0.233333333333	0.0	0.0	0.0
62	0	0.0970873786408	0.0	0.105263157895	0.054347826087	0.12037037037
63	0	0.3	0.0	0.243243243243	0.436170212766	0.509090909091
64	0	0.0	0.260416666667	0.0	0.135135135135	0.0
65	0	0.0	0.0	0.147058823529	0.0	0.0
66	0	0.0	0.0	0.0	0.0	0.0
67	0	0.280898876404	0.0	0.229166666667	0.378378378378	0.356435643564
68	0	0.0	0.0	0.0	0.0	0.0
69	0	0.0	0.0	0.0	0.101123595506	0.0
70	0	0.0	0.0	0.0	0.148648648649	0.0
71	0	0.0	0.0	0.0	0.0	0.0
72	0	0.12962962963	0.0	0.118181818182	0.0918367346939	0.226086956522
73	0	0.0	0.0	0.0	0.0	0.0
74	0	0.0	0.0	0.0	0.0	0.0
75	0	0.0	0.0	0.0	0.0	0.0
76	0	0.0	0.0	0.0	0.0	0.0
77	0	0.0	0.137614678899	0.0	0.105263157895	0.0
78	0	0.0	0.0	0.0	0.144329896907	0.0
79	0	0.247422680412	0.0	0.21978021978	0.305882352941	0.413793103448
80	0	0.0	0.274509803922	0.0	0.0857142857143	0.0
81	0	0.0	0.0	0.113043478261	0.09375	0.0
82	0	0.0	0.0	0.0	0.0	0.0
83	0	0.0	0.0	0.0	0.0	0.0
84	0	0.0	0.0	0.0	0.0	0.0
85	0	0.0	0.21568627451	0.0	0.0	0.0
86	0	0.0	0.0	0.0	0.0	0.0
87	0	0.0	0.0	0.0	0.0	0.0
88	0	0.0	0.0	0.0	0.0	0.0
89	0	0.0	0.0	0.0940170940171	0.0	0.0
90	0	0.0	0.0	0.0	0.113402061856	0.0
91	0	0.0	0.0	0.0	0.0	0.0
92	0	0.0	0.0	0.0	0.0	0.0
93	0	0.182692307692	0.0	0.162162162162	0.109090909091	0.225806451613
94	0	0.0	0.0	0.0	0.0	0.0
95	0	0.0	0.0	0.0	0.0	0.0
96	0	0.141176470588	0.0	0.16	0.08	0.174757281553
97	0	0.0	0.0	0.0	0.15	0.0
98	0	0.300970873786	0.0	0.29	0.403846153846	0.5
99	0	0.0	0.26	0.0	0.166666666667	0.0
100	0	0.0	0.0	0.0	0.0	0.0
101	0	0.0	0.0	0.0	0.0	0.0
102	0	0.224137931034	0.0	0.0842105263158	0.276595744681	0.586538461538
103	0	0.117647058824	0.0	0.154639175258	0.0652173913043	0.105263157895
104	0	0.0	0.0	0.0	0.0	0.0
105	0	0.0	0.0	0.0	0.0	0.0
106	0	0.0	0.0	0.0	0.0	0.0
107	0	0.0	0.0	0.0	0.078431372549	0.0
108	0	0.0	0.0	0.15306122449	0.134615384615	0.0
109	0	0.118181818182	0.0	0.162790697674	0.0733944954128	0.209523809524
110	0	0.0	0.25	0.0	0.194444444444	0.0
111	0	0.0	0.0	0.0	0.0	0.0
112	0	0.323529411765	0.0	0.247787610619	0.37037037037	0.211538461538
113	0	0.0	0.0	0.0	0.0	0.0
114	0	0.0	0.0	0.0	0.0	0.0
115	0	0.0	0.0	0.0	0.0	0.0
116	0	0.0	0.0	0.0752688172043	0.0	0.0
117	0	0.0	0.0	0.0	0.0	0.0
118	0	0.0	0.0	0.0	0.114285714286	0.0
119	0	0.0	0.381818181818	0.0	0.0	0.0
120	0	0.0	0.0	0.0	0.0	0.0
121	0	0.170212765957	0.0	0.0714285714286	0.107843137255	0.21875
122	0	0.0	0.216216216216	0.0	0.155963302752	0.0
123	0	0.137931034483	0.0	0.15625	0.0625	0.223214285714
124	0	0.0	0.0	0.0	0.0	0.0
125	0	0.368421052632	0.0	0.271739130435	0.336134453782	0.306930693069
126	0	0.0	0.0	0.0	0.0	0.0
127	0	0.0	0.0	0.0	0.0	0.0
128	0	0.0	0.0	0.0	0.0	0.0
129	0	0.161616161616	0.0	0.114285714286	0.411111111111	0.455357142857
130	0	0.261682242991	0.0	0.302752293578	0.313725490196	0.436170212766
131	0	0.0	0.0	0.0	0.137614678899	0.0
132	0	0.0	0.327102803738	0.0	0.182692307692	0.0
133	0	0.0	0.0	0.0	0.0	0.0
134	0	0.0	0.0	0.0	0.117021276596	0.0
135	0	0.0	0.0	0.0	0.0	0.0
136	0	0.0	0.0	0.0	0.0	0.0
137	0	0.0	0.0	0.0	0.0	0.0
138	0	0.0	0.0	0.0	0.156862745098	0.0
139	0	0.0	0.469387755102	0.168674698795	0.0849056603774	0.0
140	0	0.0	0.0	0.0	0.0	0.0
141	0	0.113402061856	0.0	0.072	0.0786516853933	0.165137614679
142	0	0.0	0.0	0.0	0.0	0.0
143	0	0.0	0.0	0.0	0.0	0.0
144	0	0.0	0.263157894737	0.0	0.142857142857	0.0
145	0	0.255102040816	0.0	0.23595505618	0.395833333333	0.51
146	0	0.0	0.0	0.0	0.0	0.0
147	0	0.0	0.0	0.0	0.123711340206	0.0
148	0	0.0	0.0	0.0	0.0	0.0
149	0	0.0	0.0	0.0	0.137254901961	0.0
150	0	0.0	0.0	0.0	0.0	0.0
151	0	0.0	0.0	0.0	0.16	0.0
152	0	0.0	0.0	0.0	0.0	0.0
153	0	0.4	0.0	0.245283018868	0.340659340659	0.450980392157
154	0	0.292452830189	0.0	0.170212765957	0.393258426966	0.533898305085
155	0	0.0	0.0	0.0	0.0	0.0
156	0	0.0	0.0	0.0	0.0	0.0
157	0	0.0	0.170454545455	0.0	0.142857142857	0.0
158	0	0.0	0.0	0.0	0.0	0.0
159	0	0.0	0.0	0.0	0.0	0.0
160	0	0.105263157895	0.0	0.153846153846	0.0606060606061	0.219047619048
161	0	0.0	0.0	0.0	0.0851063829787	0.0
162	0	0.0	0.0	0.0	0.140186915888	0.0
163	0	0.0	0.0	0.0	0.0	0.0
164	0	0.0	0.166666666667	0.0	0.0	0.0
165	0	0.0	0.416666666667	0.14953271028	0.161904761905	0.0
166	0	0.0	0.0	0.180952380952	0.111111111111	0.0
167	0	0.0	0.0	0.0	0.165048543689	0.0
168	0	0.0	0.0	0.1	0.0	0.0
169	0	0.0	0.0	0.0	0.0	0.0
170	0	0.0	0.0	0.0	0.17	0.0
171	0	0.0	0.0	0.0	0.0229885057471	0.0
172	0	0.0	0.0	0.0	0.0	0.0
173	0	0.178217821782	0.0	0.133333333333	0.277777777778	0.283018867925
174	0	0.226804123711	0.0	0.1	0.363636363636	0.566037735849
175	0	0.0	0.0	0.0	0.157407407407	0.0
176	0	0.0	0.0	0.0	0.122222222222	0.0
177	0	0.0	0.0	0.095652173913	0.0	0.0
178	0	0.0	0.0	0.0	0.0731707317073	0.0
179	0	0.0	0.0	0.0	0.146551724138	0.0
180	0	0.0	0.0	0.0	0.0	0.0
181	0	0.202247191011	0.0	0.188235294118	0.408602150538	0.577319587629
182	0	0.0	0.0	0.18018018018	0.115044247788	0.0
183	0	0.0	0.0	0.0	0.0	0.0
184	0	0.0	0.0	0.0	0.104761904762	0.0
185	0	0.0	0.0	0.0	0.0	0.0
186	0	0.326086956522	0.0	0.121951219512	0.339285714286	0.383720930233
187	0	0.0	0.0	0.0	0.0	0.0
188	0	0.0	0.0	0.0973451327434	0.0978260869565	0.0
189	0	0.0	0.0	0.0	0.0	0.121495327103
190	0	0.0	0.0	0.0	0.0	0.0
191	0	0.0	0.0	0.0	0.0	0.127450980392
192	0	0.0	0.0	0.0	0.0	0.0
193	0	0.0	0.0	0.0	0.0	0.0
194	0	0.0	0.0	0.0	0.0	0.0
195	0	0.0	0.0	0.0	0.0	0.0
196	0	0.0	0.0	0.0	0.0	0.0
197	0	0.0	0.0	0.0	0.0	0.0
198	0	0.0	0.225490196078	0.0	0.0	0.0
199	0	0.0	0.0	0.0	0.171717171717	0.0
200	0	0.234782608696	0.0	0.194690265487	0.357142857143	0.252252252252
201	0	0.347826086957	0.0	0.149425287356	0.457446808511	0.49504950495
202	0	0.0	0.0	0.2	0.11	0.0
203	0	0.0	0.0	0.156626506024	0.0	0.0
204	0	0.0	0.0	0.0	0.171717171717	0.0
205	0	0.0	0.0	0.0	0.0	0.0
206	0	0.0	0.0	0.0	0.142857142857	0.0
207	0	0.0	0.0	0.0	0.130434782609	0.0
208	0	0.128712871287	0.0	0.132653061224	0.119266055046	0.19801980198
209	0	0.0	0.0	0.0	0.0	0.0
210	0	0.0	0.16	0.0	0.109090909091	0.0
211	0	0.0	0.0	0.12	0.0	0.0
212	0	0.0	0.0	0.1	0.0	0.0
213	0	0.0	0.0	0.0	0.0	0.0
214	0	0.0	0.0	0.0	0.0	0.0
215	0	0.0	0.0	0.0	0.0	0.0
216	0	0.0	0.0	0.0	0.0	0.0
217	0	0.0	0.0	0.164948453608	0.134615384615	0.0
218	0	0.0	0.0	0.0	0.0	0.0
219	0	0.0	0.0	0.0	0.0	0.0
220	0	0.0	0.0	0.0	0.0	0.0
221	0	0.0	0.0	0.0	0.0	0.0
222	0	0.0	0.0	0.0	0.0	0.0
223	0	0.0	0.182692307692	0.0	0.0	0.0
224	0	0.0	0.0	0.0	0.0	0.0
225	0	0.0	0.0	0.0	0.0	0.0
226	0	0.0	0.0	0.0	0.0666666666667	0.0
227	0	0.336448598131	0.0	0.316326530612	0.421052631579	0.195652173913
228	0	0.0686274509804	0.0	0.116504854369	0.0666666666667	0.176470588235
229	0	0.288288288288	0.0	0.23595505618	0.402173913043	0.494505494505
230	0	0.0	0.0	0.0	0.0	0.0
231	0	0.0	0.0	0.0	0.0	0.0
232	0	0.0	0.0	0.106382978723	0.125	0.0
233	0	0.279569892473	0.0	0.285714285714	0.339622641509	0.548076923077
234	0	0.0	0.0	0.111111111111	0.078431372549	0.0
235	0	0.0	0.28	0.0	0.0	0.0
236	0	0.0	0.0	0.0	0.0	0.0
237	0	0.0	0.0	0.0	0.122222222222	0.0
238	0	0.0	0.0	0.0	0.148936170213	0.0
239	0	0.298969072165	0.0	0.247422680412	0.298850574713	0.479166666667
240	0	0.0	0.544444444444	0.122222222222	0.157894736842	0.0
241	0	0.0	0.0	0.0	0.0980392156863	0.0
242	0	0.0	0.490384615385	0.119047619048	0.141592920354	0.0
243	0	0.0	0.0	0.115044247788	0.0	0.0
244	0	0.141025641026	0.0	0.176470588235	0.0888888888889	0.204545454545
245	0	0.0	0.0	0.0	0.0	0.0
246	0	0.0	0.227272727273	0.0	0.0	0.0
247	0	0.273684210526	0.0	0.350515463918	0.361904761905	0.407766990291
248	0	0.0	0.0	0.0	0.141592920354	0.0
249	0	0.0	0.0	0.0	0.0	0.0
250	0	0.327433628319	0.0	0.269662921348	0.320754716981	0.444444444444
251	0	0.0	0.0	0.0	0.0	0.0
252	0	0.103448275862	0.0	0.105263157895	0.130841121495	0.196581196581
253	0	0.14953271028	0.0	0.0	0.0	0.0
254	0	0.0	0.0	0.204819277108	0.173076923077	0.0
255	0	0.0	0.0	0.0	0.0	0.0
256	0	0.0	0.0	0.0	0.117021276596	0.0
257	0	0.0	0.0	0.0	0.0	0.0
258	0	0.227722772277	0.0	0.185840707965	0.271028037383	0.329268292683
259	0	0.0	0.31914893617	0.0	0.0	0.0
260	0	0.0	0.0	0.0	0.0	0.0
261	0	0.0	0.0	0.0	0.2	0.0
262	0	0.0	0.0	0.0	0.169811320755	0.0
263	0	0.0	0.0	0.0	0.0	0.0
264	0	0.0	0.0	0.0	0.152173913043	0.0
265	0	0.0	0.0	0.0	0.155172413793	0.0
266	0	0.0	0.485714285714	0.0973451327434	0.178217821782	0.0
267	0	0.0	0.0	0.0	0.0	0.0
268	0	0.0	0.0	0.0	0.0630630630631	0.0
269	0	0.268292682927	0.0	0.324074074074	0.358333333333	0.340206185567
270	0	0.176470588235	0.0	0.0947368421053	0.0990099009901	0.181818181818
271	0	0.0	0.0	0.0	0.174418604651	0.0
272	0	0.0	0.0	0.0	0.194690265487	0.0
273	0	0.0	0.495145631068	0.12987012987	0.136363636364	0.0
274	0	0.0	0.0	0.0	0.0	0.0
275	0	0.0	0.0	0.0	0.0	0.0
276	0	0.0	0.228571428571	0.0	0.0	0.0
277	0	0.0	0.0	0.0	0.0808080808081	0.0
278	0	0.0	0.0	0.104761904762	0.0	0.0
279	0	0.181818181818	0.0	0.0	0.0	0.0
280	0	0.0	0.204301075269	0.0	0.118181818182	0.0
281	0	0.0	0.0	0.0	0.0	0.0
282	0	0.101694915254	0.0	0.0	0.0	0.0
283	0	0.0	0.0	0.0	0.111111111111	0.0
284	0	0.0	0.0	0.0645161290323	0.0	0.0
285	0	0.0	0.0	0.0	0.0	0.0
286	0	0.0	0.0	0.0	0.188679245283	0.0
287	0	0.0	0.0	0.0	0.0	0.0
288	0	0.0	0.0	0.0	0.0	0.0
289	0	0.0	0.0	0.0	0.0	0.0
290	0	0.0	0.0	0.0	0.0	0.0
291	0	0.0	0.0	0.0	0.0	0.0
292	0	0.0	0.0	0.0	0.0	0.0
293	0	0.0	0.259842519685	0.0	0.14	0.0
294	0	0.0	0.307692307692	0.0	0.215189873418	0.0
295	0	0.0	0.0	0.0	0.0	0.0
296	0	0.0	0.0	0.0	0.0	0.0
297	0	0.274725274725	0.0	0.296296296296	0.336633663366	0.392156862745
298	0	0.0	0.276785714286	0.0	0.0	0.0
299	0	0.157407407407	0.0	0.0	0.0	0.0
