gene_id	sample0	sample0	sample1	sample1	sample2	sample2	sample3	sample3	sample4	sample4	sample5	sample5	sample6	sample6	sample7	sample7	sample8	sample8	sample9	sample9
0	7694	2329	7435	2531	6809	3208	7935	2089	6462	3613	7645	2518	4996	5060	5009	4884	5052	4975	4998	5058
1	8733	1335	7345	2465	8172	1861	7212	2837	10067	0	8634	1302	10111	0	10066	0	9797	0	9966	0
2	7509	2798	7505	2443	8172	1829	7234	2913	8683	1316	8760	1331	10002	0	9961	0	10045	0	9944	0
3	7303	2801	7502	2416	8087	1790	7247	2929	8518	1369	8653	1330	9774	0	9962	0	10094	0	9869	0
4	10147	0	9826	0	9839	0	9872	0	9957	0	8792	1175	10035	0	9953	0	9912	0	10019	0
5	8803	1317	10077	0	9954	0	10104	0	7175	2749	10112	0	10084	0	8009	1952	10156	0	8078	2056
6	10017	0	10048	0	10158	0	8057	2081	9963	0	8350	1671	7190	2630	10109	0	8032	2105	9969	0
7	7201	2808	7596	2468	8314	1775	7049	2872	8554	1328	8654	1241	10002	0	10192	0	10030	0	10069	0
8	7192	2745	7537	2463	8263	1849	7211	2843	8590	1331	8628	1292	10055	0	9946	0	10164	0	10260	0
9	8792	1453	9968	0	9778	0	9907	0	7296	2700	9914	0	10154	0	8039	1927	10079	0	8019	1866
10	9941	0	9870	0	9900	0	10144	0	10015	0	8861	1212	10146	0	10058	0	9991	0	10248	0
11	9971	0	9960	0	9925	0	9988	0	10012	0	10176	0	10029	0	10128	0	9859	0	10077	0
12	8746	1314	10000	0	9949	0	10054	0	7337	2739	9818	0	10069	0	8165	1937	10070	0	8127	1964
13	7348	2726	7670	2417	8118	1762	7080	2892	8544	1402	8660	1297	10037	0	9959	0	9982	0	9966	0
14	9961	0	10004	0	9943	0	7888	2172	10051	0	8396	1547	7203	2686	9988	0	7866	2099	10005	0
15	9977	0	10078	0	9987	0	7893	2169	9994	0	8538	1655	7275	2653	10036	0	8022	2072	9997	0
16	7308	2711	7648	2455	8162	1856	7056	2852	8850	1328	8625	1342	10013	0	9992	0	9931	0	10070	0
17	10001	0	10030	0	9927	0	7800	2143	9913	0	8253	1575	7418	2694	9966	0	7987	2057	10013	0
18	9984	0	9972	0	9970	0	9980	0	10063	0	9988	0	10215	0	9815	0	9938	0	10037	0
19	7351	2704	7533	2469	8212	1843	7205	2894	8554	1336	8724	1263	9941	0	10015	0	9932	0	9968	0
20	7238	2741	7636	2339	8109	1833	7028	2920	8551	1342	8772	1337	10010	0	10125	0	9976	0	10061	0
21	10011	0	9925	0	10031	0	7667	2024	9956	0	8655	1613	7253	2684	10026	0	7898	2141	10041	0
22	8503	1344	10040	0	9978	0	9983	0	7235	2842	9994	0	10062	0	8208	1930	9842	0	7940	1989
23	10050	0	10155	0	10185	0	7868	2082	10064	0	8254	1532	7222	2650	10034	0	7929	2015	9885	0
24	8757	1369	10045	0	10056	0	9794	0	7271	2814	10058	0	9929	0	8031	1975	10097	0	8070	1884
25	10194	0	9901	0	9776	0	7803	2197	9901	0	8293	1578	7276	2741	9945	0	7839	2103	9960	0
26	9980	0	10149	0	9862	0	8006	2056	9965	0	8348	1595	7222	2745	9794	0	7817	2071	9809	0
27	9875	0	10082	0	10045	0	10063	0	10144	0	8631	1615	7245	2725	9879	0	10044	0	9947	0
28	9987	0	9945	0	10244	0	7847	2152	9882	0	8469	1536	7428	2708	9823	0	7760	2077	10028	0
29	9890	0	7530	2493	8266	1924	9977	0	9858	0	10028	0	9915	0	8093	1874	9874	0	9977	0
30	9864	0	10044	0	10022	0	7729	2143	10014	0	8348	1624	7352	2731	9899	0	7928	2153	9939	0
31	9992	0	10013	0	10042	0	7888	2093	10069	0	8304	1574	7248	2740	9856	0	8012	2045	10083	0
32	8658	1402	10055	0	9990	0	9874	0	7402	2737	10027	0	9890	0	7972	1892	10124	0	7943	1948
33	9884	0	9874	0	10104	0	10160	0	10147	0	8439	1627	7215	2721	9933	0	9991	0	10002	0
34	7639	2244	7462	2606	6791	3128	7886	2098	6332	3682	7455	2531	4867	5009	4867	5054	5022	4936	4989	4893
35	7688	2321	7455	2511	6898	3355	7630	2242	6496	3660	7509	2435	4992	5081	5026	5064	5011	4982	4945	5021
36	9801	0	10012	0	10050	0	10153	0	9903	0	8555	1616	7235	2683	10174	0	10114	0	9917	0
37	7699	2229	7339	2620	6870	3219	7904	2070	6416	3665	7414	2553	5111	4960	4975	4895	5023	5088	5138	5043
38	10031	0	10083	0	9967	0	10024	0	10052	0	10105	0	10159	0	10121	0	10026	0	9834	0
39	9957	0	10093	0	9900	0	7990	2238	10035	0	8418	1550	7288	2751	10012	0	8025	2108	9961	0
40	10121	0	10030	0	10006	0	10058	0	10156	0	10010	0	9980	0	9987	0	10014	0	10234	0
41	8574	1354	9971	0	10100	0	9989	0	7322	2798	10130	0	10113	0	8073	1847	10217	0	8012	1915
42	7405	2743	7540	2356	8081	1798	7181	2824	8672	1337	8591	1370	10004	0	10063	0	10202	0	9997	0
43	9726	0	10195	0	10147	0	7868	2072	9876	0	8480	1606	7329	2735	9923	0	7873	2142	9984	0
44	10023	0	10011	0	10050	0	7776	2166	10247	0	8519	1611	7262	2581	10014	0	7806	2050	10007	0
45	9914	0	10087	0	10004	0	7980	2121	9895	0	8435	1579	7227	2714	9926	0	8039	2058	10010	0
46	9985	0	10026	0	9891	0	10194	0	9974	0	8228	1480	7421	2624	9934	0	9914	0	9983	0
47	9985	0	9876	0	10171	0	7809	2087	9999	0	8567	1597	7404	2725	9986	0	8048	2039	9996	0
48	9959	0	7297	2517	8099	1867	10121	0	9913	0	10081	0	10234	0	8041	1839	10003	0	10016	0
49	9976	0	9960	0	10092	0	9919	0	9985	0	8854	1222	9991	0	9926	0	9948	0	10129	0
50	10132	0	9990	0	10069	0	10094	0	10101	0	8446	1630	7296	2743	10052	0	10003	0	9739	0
51	8650	1373	10132	0	9907	0	9957	0	7164	2796	9981	0	9974	0	8040	1885	9908	0	8112	1939
52	7200	2772	7543	2404	8050	1831	7186	2941	8870	1300	8683	1326	9890	0	10120	0	10165	0	10005	0
53	7377	2736	7480	2464	8243	1753	7164	2921	8579	1354	8658	1297	10075	0	10068	0	10015	0	10027	0
54	9934	0	9955	0	10030	0	7828	2107	9942	0	8509	1530	7494	2776	10104	0	7930	2026	9992	0
55	8635	1372	9946	0	10051	0	9975	0	8635	1279	10178	0	7637	2261	10117	0	7103	2903	8245	1802
56	7429	2634	7476	2451	8212	1838	7075	2808	8505	1385	8506	1234	9884	0	10013	0	10219	0	10079	0
57	7378	2697	7608	2403	8292	1845	7266	2873	8610	1369	8628	1274	10058	0	9940	0	9901	0	10038	0
58	10086	0	9903	0	9937	0	7829	2176	10040	0	8591	1591	7257	2747	9857	0	7913	2043	10186	0
59	8589	1414	10127	0	10113	0	10132	0	8826	1323	9889	0	7736	2333	10068	0	7173	2830	8211	1803
60	10173	0	10017	0	9951	0	9944	0	10148	0	8779	1158	10017	0	9904	0	10012	0	10025	0
61	8675	1430	10108	0	10092	0	10107	0	7180	2788	9921	0	9998	0	8119	1889	10042	0	8114	1894
62	7160	2760	7620	2427	8267	1834	7187	2919	8577	1366	8755	1343	9944	0	9926	0	9994	0	9791	0
63	7265	2740	7534	2478	8228	1747	7174	2893	8575	1271	8747	1247	10033	0	9995	0	9906	0	10000	0
64	10011	0	7494	2595	8157	1921	9948	0	10023	0	9977	0	10038	0	8194	1871	10016	0	9919	0
65	9878	0	9901	0	9835	0	9831	0	10017	0	8411	1593	7273	2596	9940	0	10103	0	10134	0
66	7395	2749	7554	2428	8101	1881	7043	2789	8637	1360	8549	1285	9903	0	10008	0	9735	0	9893	0
67	9931	0	9836	0	9957	0	7804	2150	10173	0	8242	1579	7258	2756	10019	0	7743	2132	10011	0
68	9873	0	10069	0	10055	0	7832	2183	10070	0	8403	1576	7323	2639	10113	0	7824	2099	9812	0
69	10000	0	10155	0	10021	0	7972	2166	10036	0	8354	1596	7229	2632	9951	0	7892	2083	9991	0
70	10065	0	10047	0	10191	0	7838	2085	9907	0	8393	1645	7255	2686	9918	0	7870	2112	10029	0
71	10061	0	10080	0	9880	0	7844	1983	10077	0	8427	1561	7330	2674	9807	0	7812	2189	9974	0
72	9859	0	9992	0	9925	0	7868	2150	10070	0	8383	1592	7246	2654	10011	0	7883	2142	10063	0
73	8664	1407	10074	0	9953	0	9923	0	8730	1354	9996	0	7751	2304	9920	0	7101	2945	8214	1862
74	8593	1374	7547	2481	8154	1850	6947	2853	9866	0	8700	1352	10011	0	10024	0	9861	0	9913	0
75	10092	0	9866	0	9907	0	9910	0	9905	0	8442	1538	7393	2643	10012	0	9952	0	10015	0
76	9915	0	9874	0	10221	0	9981	0	9930	0	9960	0	9974	0	9992	0	10159	0	10123	0
77	8648	1340	10020	0	10060	0	10012	0	7168	2860	10132	0	9847	0	8019	1923	9934	0	8005	1920
78	8653	1319	10057	0	10039	0	10115	0	7146	2724	10191	0	9947	0	8132	1920	9915	0	8132	1918
79	9924	0	7349	2569	7898	1975	9915	0	10031	0	9792	0	9972	0	8116	1855	9961	0	10004	0
80	8798	1387	10077	0	10133	0	10095	0	7252	2724	10101	0	9876	0	8048	1931	10092	0	7996	1893
81	8641	1365	10193	0	9981	0	9884	0	7289	2822	10007	0	9992	0	8004	1881	9948	0	8145	1886
82	7310	2758	7394	2489	8104	1779	7191	2764	8626	1298	8610	1309	10222	0	10087	0	10142	0	9798	0
83	10042	0	9923	0	10006	0	10020	0	9888	0	10020	0	10057	0	9996	0	9991	0	10067	0
84	10085	0	9937	0	10074	0	8028	2036	9946	0	8344	1529	7373	2701	9996	0	7920	2118	9982	0
85	7345	2661	7587	2454	8159	1822	7257	2810	8686	1314	8615	1340	9935	0	10099	0	9766	0	9857	0
86	8694	1400	9874	0	10036	0	10098	0	7188	2697	9725	0	9881	0	8190	1954	10004	0	8042	1818
87	8799	1412	10077	0	9973	0	10154	0	7129	2757	10116	0	10171	0	8121	1870	9920	0	8116	2012
88	9904	0	9957	0	10087	0	7887	2167	9968	0	8473	1570	7341	2719	10091	0	8018	1998	9883	0
89	8583	1363	10011	0	10026	0	10180	0	7260	2802	9990	0	9995	0	8059	1783	9773	0	7959	1947
90	10011	0	7483	2558	8191	1935	10097	0	9923	0	9931	0	9866	0	8174	1916	10111	0	10001	0
91	9981	0	10053	0	9855	0	10067	0	10092	0	8875	1183	9840	0	10053	0	10075	0	9848	0
92	7205	2697	7635	2388	8199	1766	7092	2818	8662	1357	8657	1310	9828	0	9928	0	10061	0	9963	0
93	7401	2733	7488	2433	8399	1733	7092	2835	8701	1357	8739	1362	9991	0	9824	0	10214	0	10030	0
94	8580	1344	9991	0	9901	0	10176	0	7229	2722	10077	0	10010	0	8155	1956	10054	0	8107	1944
95	10022	0	10223	0	10146	0	9988	0	9964	0	8823	1231	9963	0	10074	0	9761	0	9949	0
96	10159	0	10105	0	10063	0	7763	2106	10053	0	8328	1540	7098	2721	9965	0	7885	2007	10223	0
97	7551	2664	7440	2378	8145	1825	7243	2884	8520	1330	8659	1289	10067	0	9869	0	10151	0	10000	0
98	10026	0	10048	0	9706	0	9896	0	9906	0	8408	1626	7273	2763	10055	0	9940	0	9823	0
99	10002	0	10059	0	9927	0	9836	0	9954	0	8939	1208	10131	0	10152	0	9959	0	9765	0
