#chr	position	description	normal	sample0	sample1	sample2	sample3	sample4	sample5	sample6	sample7	sample8	sample9	sample10	sample11	sample12	sample13	sample14
1	1	1	0	0.0	0.0	0.163499245852	0.132415993619	0.0	0.140333266412	0.0	0.0	0.0	0.137417721519	0.14857881137	0.0	0.124138619794	0.0	0.0
2	1	1	0	0.0	0.0	0.0	0.0	0.0	0.0	0.0	0.302948255114	0.0	0.0	0.0	0.0	0.0	0.0	0.288686868687
3	1	1	0	0.0	0.0	0.167617332132	0.132451000202	0.0	0.139896886774	0.0	0.0	0.0	0.140883977901	0.15700842001	0.0	0.126491646778	0.0	0.0
4	1	1	0	0.0	0.0	0.1860231272	0.148741188318	0.115744938048	0.0	0.0	0.0	0.0	0.0	0.0	0.0	0.0	0.0	0.0
5	1	1	0	0.0	0.0	0.0	0.0	0.0	0.0	0.0	0.305928694071	0.0	0.0	0.0	0.0	0.0	0.0	0.297220531548
6	1	1	0	0.0	0.0	0.166732830488	0.125503220612	0.0	0.138009950249	0.0	0.0	0.0	0.133339982048	0.156939040208	0.0	0.125836412664	0.0	0.0
7	1	1	0	0.0	0.0	0.165247524752	0.132354420195	0.0	0.140636042403	0.0	0.0	0.0	0.140174846016	0.152662482284	0.0	0.129789368104	0.0	0.0
8	1	1	0	0.0	0.0	0.181735803464	0.140107698444	0.122489959839	0.0	0.0	0.0	0.0	0.0	0.0	0.0	0.0	0.0	0.0
9	1	1	0	0.0	0.0	0.196288077466	0.148786527984	0.115000494413	0.0	0.0	0.0	0.0	0.0	0.0	0.0	0.0	0.0	0.0
10	1	1	0	0.0	0.0	0.0	0.0	0.142743538767	0.0	0.0	0.0	0.0	0.184947315605	0.0	0.0	0.0	0.242261371554	0.0
11	1	1	0	0.0	0.0	0.0	0.106905576807	0.085003455425	0.0	0.0	0.199523762278	0.0	0.0	0.0	0.0	0.102443420789	0.0	0.0
12	1	1	0	0.0	0.0	0.187679508765	0.1398334838	0.117373267227	0.0	0.0	0.0	0.0	0.0	0.0	0.0	0.0	0.0	0.0
13	1	1	0	0.0	0.0	0.189278557114	0.14581044642	0.119085645837	0.0	0.0	0.0	0.0	0.0	0.0	0.0	0.0	0.0	0.0
14	1	1	0	0.0	0.0	0.189532672871	0.149173955296	0.121620263343	0.0	0.0	0.0	0.0	0.0	0.0	0.0	0.0	0.0	0.0
15	1	1	0	0.0	0.0	0.0	0.0	0.141281669151	0.0	0.0	0.0	0.0	0.178987545199	0.0	0.0	0.0	0.251436057644	0.0
16	1	1	0	0.0	0.0	0.0	0.0	0.0	0.0	0.0	0.298447671507	0.0	0.0	0.0	0.0	0.0	0.0	0.289271839825
17	1	1	0	0.0	0.0	0.185769961027	0.148612354521	0.123922197714	0.124738259049	0.268796068796	0.29677945373	0.122782399519	0.0	0.0	0.0	0.119886593763	0.0	0.283829365079
18	1	1	0	0.0	0.0	0.0	0.106367731368	0.0908909109089	0.0	0.0	0.20348894836	0.0	0.0	0.0	0.0	0.106313281715	0.0	0.0
19	1	1	0	0.0	0.0	0.170515628111	0.137113192182	0.0	0.138287102652	0.0	0.0	0.0	0.13658099223	0.154852030282	0.0	0.12471543106	0.0	0.0
20	1	1	0	0.357178340785	0.251269793845	0.188985856154	0.145783611774	0.41511909568	0.248747745943	0.25092103953	0.299411353886	0.38923988154	0.358443125817	0.345082376435	0.502284919531	0.117045342776	0.500099880144	0.490901937641
21	1	1	0	0.0	0.0	0.0	0.0972362315917	0.0887186208287	0.0	0.0	0.204685815116	0.0	0.0	0.0	0.0	0.102970897332	0.0	0.0
22	1	1	0	0.0	0.0	0.0	0.105371900826	0.0849594716301	0.0	0.0	0.201858698911	0.0	0.0	0.0	0.0	0.107081868408	0.0	0.0
23	1	1	0	0.0	0.0	0.183708145927	0.149250729156	0.117934891152	0.0	0.0	0.0	0.0	0.0	0.0	0.0	0.0	0.0	0.0
24	1	1	0	0.0	0.0	0.0	0.10422762587	0.0876709532558	0.0	0.0	0.197593984962	0.0	0.0	0.0	0.0	0.0983457736534	0.0	0.0
25	1	1	0	0.0	0.0	0.169	0.129121695217	0.0	0.128572831745	0.0	0.0	0.0	0.137813781378	0.155708996297	0.0	0.126397515528	0.0	0.0
26	1	1	0	0.0	0.0	0.163458661614	0.13227408143	0.0	0.128095383675	0.0	0.0	0.0	0.136543797067	0.162748643761	0.0	0.132363132363	0.0	0.0
27	1	1	0	0.0	0.0	0.167288801572	0.13459443399	0.0	0.128876359243	0.0	0.0	0.0	0.131943741779	0.155406083727	0.0	0.124824824825	0.0	0.0
28	1	1	0	0.0	0.0	0.164122893954	0.129580768103	0.0	0.138836399801	0.0	0.0	0.0	0.133711507293	0.15654016956	0.0	0.129360758217	0.0	0.0
29	1	1	0	0.146069692058	0.254163281885	0.0	0.0	0.142049399861	0.12459903769	0.0	0.0	0.105088495575	0.180850004977	0.13594021906	0.198989198296	0.0	0.253288497676	0.215248440958
30	1	1	0	0.138398643933	0.243705841377	0.145568987911	0.227331285304	0.0878648540584	0.118708262733	0.240692554043	0.195353011568	0.105836498101	0.0	0.0	0.0	0.10282360085	0.0	0.0
31	1	1	0	0.0	0.0	0.0	0.0	0.0	0.0	0.0	0.299603174603	0.0	0.0	0.0	0.0	0.0	0.0	0.287787540725
32	1	1	0	0.0	0.0	0.180983737404	0.150453172205	0.121209127729	0.0	0.0	0.0	0.0	0.0	0.0	0.0	0.0	0.0	0.0
33	1	1	0	0.0	0.0	0.170030824301	0.127745893529	0.0	0.132766966314	0.0	0.0	0.0	0.135059201284	0.149868180896	0.0	0.129837577702	0.0	0.0
34	1	1	0	0.0	0.0	0.183266533066	0.15008951661	0.119288071193	0.0	0.0	0.0	0.0	0.0	0.0	0.0	0.0	0.0	0.0
35	1	1	0	0.142355889724	0.26081271374	0.0	0.0	0.139068242773	0.115892714171	0.0	0.0	0.112162706404	0.182788262029	0.143758133947	0.199481607018	0.0	0.246281493474	0.212516429077
36	1	1	0	0.0	0.0	0.0	0.100233811121	0.089531265683	0.0	0.0	0.197672105054	0.0	0.0	0.0	0.0	0.106048467855	0.0	0.0
37	1	1	0	0.0	0.0	0.0	0.0	0.140539444332	0.0	0.0	0.0	0.0	0.179626519119	0.0	0.0	0.0	0.24951781545	0.0
38	1	1	0	0.0	0.0	0.0	0.0	0.0	0.0	0.0	0.299288363235	0.0	0.0	0.0	0.0	0.0	0.0	0.288698284561
39	1	1	0	0.0	0.0	0.180306389841	0.147070585883	0.127462686567	0.0	0.0	0.0	0.0	0.0	0.0	0.0	0.0	0.0	0.0
40	1	1	0	0.0	0.0	0.0	0.0	0.144574691915	0.0	0.0	0.0	0.0	0.181314330958	0.0	0.0	0.0	0.248879593666	0.0
41	1	1	0	0.0	0.0	0.186785891704	0.14771254859	0.121407683775	0.0	0.0	0.0	0.0	0.0	0.0	0.0	0.0	0.0	0.0
42	1	1	0	0.0	0.0	0.183331691459	0.143365893366	0.11823193542	0.0	0.0	0.0	0.0	0.0	0.0	0.0	0.0	0.0	0.0
43	1	1	0	0.0	0.0	0.0	0.0	0.0	0.0	0.0	0.296197530864	0.0	0.0	0.0	0.0	0.0	0.0	0.282492701097
44	1	1	0	0.136920297129	0.25564508107	0.0	0.0	0.145573380867	0.122117763483	0.0	0.0	0.101824310926	0.18533292421	0.138696394496	0.194026879044	0.0	0.249472944483	0.206937918624
45	1	1	0	0.0	0.0	0.0	0.0	0.138946742041	0.0	0.0	0.0	0.0	0.176253980892	0.0	0.0	0.0	0.253153153153	0.0
46	1	1	0	0.0	0.0	0.169890748722	0.135004530353	0.0	0.13384244373	0.0	0.0	0.0	0.140965654555	0.1583382907	0.0	0.130284200876	0.0	0.0
47	1	1	0	0.0	0.0	0.0	0.109105415378	0.0900702106319	0.0	0.0	0.201979398101	0.0	0.0	0.0	0.0	0.0974674603975	0.0	0.0
48	1	1	0	0.0	0.0	0.195034400239	0.148043565954	0.121525019857	0.0	0.0	0.0	0.0	0.0	0.0	0.0	0.0	0.0	0.0
49	1	1	0	0.0	0.0	0.189691339527	0.148551448551	0.120551779288	0.0	0.0	0.0	0.0	0.0	0.0	0.0	0.0	0.0	0.0
50	1	1	0	0.0	0.0	0.0	0.0	0.0	0.0	0.0	0.292663634566	0.0	0.0	0.0	0.0	0.0	0.0	0.289746192893
51	1	1	0	0.0	0.0	0.188860051907	0.149613415002	0.116318747491	0.119443331998	0.255331991952	0.298609026318	0.112498730836	0.0	0.0	0.0	0.118597047459	0.0	0.292508208138
52	1	1	0	0.0	0.0	0.165213032581	0.131174253997	0.0	0.135684282505	0.0	0.0	0.0	0.135645741703	0.15998773257	0.0	0.128654395118	0.0	0.0
53	1	1	0	0.0	0.0	0.189967349362	0.147606250622	0.120337790289	0.12860020141	0.257300551932	0.290239300963	0.116055321708	0.0	0.0	0.0	0.122190028974	0.0	0.290442655936
54	1	1	0	0.365107384525	0.254155333938	0.189068544787	0.145803984705	0.414825231016	0.249302510961	0.254933386757	0.297283548682	0.385607740375	0.364312636382	0.353857041755	0.500443480832	0.116802870241	0.506293983546	0.495430742376
55	1	1	0	0.0	0.0	0.0	0.0	0.0	0.0	0.0	0.295615993505	0.0	0.0	0.0	0.0	0.0	0.0	0.295665322581
56	1	1	0	0.0	0.0	0.182766576387	0.14338751756	0.119176706827	0.123863749875	0.260622381807	0.30352303523	0.114995957963	0.0	0.0	0.0	0.121618914045	0.0	0.294319097502
57	1	1	0	0.36327739388	0.25718503937	0.180591133005	0.147032418953	0.399201596806	0.247924901186	0.254977261243	0.29754540012	0.387506246877	0.370318585838	0.347986096913	0.506603006908	0.269092721834	0.503901560624	0.504714640199
58	1	1	0	0.0	0.0	0.0	0.0	0.0	0.0	0.0	0.297974832875	0.0	0.0	0.0	0.0	0.0	0.0	0.28920169308
59	1	1	0	0.0	0.0	0.0	0.0	0.0	0.0	0.0	0.297403778159	0.0	0.0	0.0	0.0	0.0	0.0	0.298552171742
60	1	1	0	0.137883008357	0.251515452648	0.0	0.0	0.142533043993	0.118613322584	0.0	0.0	0.108304708022	0.180289913429	0.140483229687	0.196364001607	0.0	0.249343566956	0.211084191399
61	1	1	0	0.0	0.0	0.188050068453	0.145621076464	0.115561326408	0.123282134196	0.261455525606	0.296471774194	0.119544400766	0.0	0.0	0.0	0.122424242424	0.0	0.281924859481
62	1	1	0	0.0	0.0	0.0	0.0	0.0	0.0	0.0	0.305479312799	0.0	0.0	0.0	0.0	0.0	0.0	0.290863453815
63	1	1	0	0.0	0.0	0.0	0.0	0.145803842265	0.0	0.0	0.0	0.0	0.176682331767	0.0	0.0	0.0	0.250099403579	0.0
64	1	1	0	0.0	0.0	0.187936888356	0.148313936138	0.119283498449	0.128232758621	0.261391129032	0.286791314837	0.119778560644	0.0	0.0	0.0	0.120506125728	0.0	0.290192520915
65	1	1	0	0.0	0.0	0.161255304451	0.128486646884	0.0	0.137689038252	0.0	0.0	0.0	0.131326265253	0.156662665066	0.0	0.130017015314	0.0	0.0
66	1	1	0	0.0	0.0	0.173965813695	0.129804349985	0.0	0.128456735058	0.0	0.0	0.0	0.131968031968	0.155955955956	0.0	0.128669079212	0.0	0.0
67	1	1	0	0.0	0.0	0.0	0.104498688723	0.0888978684716	0.0	0.0	0.194905094905	0.0	0.0	0.0	0.0	0.108309341805	0.0	0.0
68	1	1	0	0.0	0.0	0.195267448797	0.14727983168	0.114166168559	0.0	0.0	0.0	0.0	0.0	0.0	0.0	0.0	0.0	0.0
69	1	1	0	0.0	0.0	0.181974509407	0.149098963052	0.123775601069	0.0	0.0	0.0	0.0	0.0	0.0	0.0	0.0	0.0	0.0
70	1	1	0	0.0	0.0	0.158310027966	0.129767990562	0.0	0.137543077235	0.0	0.0	0.0	0.131920847492	0.151637279597	0.0	0.121106230032	0.0	0.0
71	1	1	0	0.0	0.0	0.0	0.111318713738	0.0920711004594	0.0	0.0	0.207482651111	0.0	0.0	0.0	0.0	0.103959411062	0.0	0.0
72	1	1	0	0.363807448494	0.249695493301	0.187000909734	0.145772002842	0.405402681181	0.251117068811	0.254431277221	0.295855641483	0.391043307087	0.355923744885	0.349826130154	0.497033814515	0.270557029178	0.490318736968	0.505899705015
73	1	1	0	0.0	0.0	0.0	0.0	0.0	0.0	0.0	0.297628458498	0.0	0.0	0.0	0.0	0.0	0.0	0.287435974691
74	1	1	0	0.0	0.0	0.185327405012	0.145072091645	0.118248610008	0.0	0.0	0.0	0.0	0.0	0.0	0.0	0.0	0.0	0.0
75	1	1	0	0.0	0.0	0.0	0.0	0.0	0.0	0.0	0.290756805265	0.0	0.0	0.0	0.0	0.0	0.0	0.288496105452
76	1	1	0	0.0	0.0	0.16578553616	0.129944620253	0.0	0.133975130365	0.0	0.0	0.0	0.13260976813	0.157889437116	0.0	0.126857484791	0.0	0.0
77	1	1	0	0.0	0.0	0.0	0.110049290816	0.0925759840558	0.0	0.0	0.205755539958	0.0	0.0	0.0	0.0	0.101889811019	0.0	0.0
78	1	1	0	0.354457033992	0.253370067893	0.184791252485	0.150683584145	0.413276017195	0.246696472926	0.256618318288	0.29912796593	0.39	0.363384188627	0.338273068564	0.50172274017	0.264312305061	0.489955805544	0.502182106725
79	1	1	0	0.139784946237	0.255026135907	0.144122137405	0.226854629074	0.0864063272368	0.116349047141	0.244869495916	0.206865401987	0.106485671192	0.0	0.0	0.0	0.107113821138	0.0	0.0
80	1	1	0	0.0	0.0	0.183608829061	0.152116272218	0.114948151047	0.0	0.0	0.0	0.0	0.0	0.0	0.0	0.0	0.0	0.0
81	1	1	0	0.0	0.0	0.166230893001	0.12738023652	0.0	0.133353251668	0.0	0.0	0.0	0.134972403412	0.155725344325	0.0	0.128313787326	0.0	0.0
82	1	1	0	0.0	0.0	0.0	0.0	0.141934843067	0.0	0.0	0.0	0.0	0.18310986592	0.0	0.0	0.0	0.254977330968	0.0
83	1	1	0	0.0	0.0	0.185404742437	0.148305503409	0.121581783064	0.0	0.0	0.0	0.0	0.0	0.0	0.0	0.0	0.0	0.0
84	1	1	0	0.0	0.0	0.168210033581	0.132192687646	0.0	0.137665967855	0.0	0.0	0.0	0.132648993422	0.154037143708	0.0	0.125826507451	0.0	0.0
85	1	1	0	0.0	0.0	0.164918589551	0.130369026013	0.0	0.13477274968	0.0	0.0	0.0	0.136905368239	0.154507295623	0.0	0.129772522297	0.0	0.0
86	1	1	0	0.137475149105	0.251774822518	0.151298119964	0.212779029285	0.0967324168161	0.119726920725	0.23941994673	0.199879287798	0.11188240098	0.0	0.0	0.0	0.0997309953173	0.0	0.0
87	1	1	0	0.0	0.0	0.16152284264	0.132060461416	0.0	0.137428941857	0.0	0.0	0.0	0.134049888461	0.150438072481	0.0	0.124886420999	0.0	0.0
88	1	1	0	0.142431169864	0.245734809937	0.0	0.0	0.143449251921	0.121987651862	0.0	0.0	0.108617594255	0.177779986088	0.14263043047	0.197586579025	0.0	0.247283962922	0.209775561097
89	1	1	0	0.0	0.0	0.186605265792	0.146334164589	0.117392180572	0.128809141941	0.260779884098	0.289065646395	0.122095897182	0.0	0.0	0.0	0.115388471178	0.0	0.281902086677
90	1	1	0	0.357678089719	0.244772818657	0.188423274043	0.143248175182	0.418878166466	0.247608498641	0.258575987236	0.305772547428	0.397769893563	0.37553455992	0.335298820708	0.49726884497	0.121221281741	0.505138182181	0.505778043435
91	1	1	0	0.140312899734	0.238458409599	0.142857142857	0.221220527046	0.0957266660026	0.117894530868	0.237834549878	0.202046548957	0.110077984403	0.0	0.0	0.0	0.106251893748	0.0	0.0
92	1	1	0	0.140354451008	0.241509060303	0.147282113574	0.222076480678	0.0878529352021	0.118055555556	0.234859973713	0.207496520183	0.109472205499	0.0	0.0	0.0	0.105131789137	0.0	0.0
93	1	1	0	0.0	0.0	0.0	0.108993977688	0.0885453267744	0.0	0.0	0.199879891903	0.0	0.0	0.0	0.0	0.104779226028	0.0	0.0
94	1	1	0	0.0	0.0	0.0	0.0	0.154902936784	0.0	0.0	0.0	0.0	0.184162804755	0.0	0.0	0.0	0.258294791876	0.0
95	1	1	0	0.149232775048	0.24967799465	0.143503165511	0.216168717047	0.0902742637385	0.122404801732	0.234706117553	0.206038720032	0.108461615857	0.0	0.0	0.0	0.0991818000399	0.0	0.0
96	1	1	0	0.139076860923	0.250705360742	0.148688621574	0.224164056975	0.0928983489159	0.119679773004	0.236336485814	0.194049420071	0.102756892231	0.0	0.0	0.0	0.102343036819	0.0	0.0
97	1	1	0	0.0	0.0	0.18344496651	0.148976346651	0.125298329356	0.0	0.0	0.0	0.0	0.0	0.0	0.0	0.0	0.0	0.0
98	1	1	0	0.0	0.0	0.163367326535	0.133620268023	0.0	0.136685623067	0.0	0.0	0.0	0.138546494429	0.154862421774	0.0	0.123711340206	0.0	0.0
99	1	1	0	0.37739060779	0.251762136404	0.189804553697	0.14603588253	0.415282392027	0.243966474806	0.258528191112	0.299969422077	0.395515604484	0.363754498201	0.34436030291	0.494439434926	0.271101788033	0.496109932303	0.495838408445
100	1	1	0	0.0	0.0	0.0	0.111144397843	0.0883850993708	0.0	0.0	0.207502232807	0.0	0.0	0.0	0.0	0.104316546763	0.0	0.0
