#chr	normal	sample0	sample1	sample2	sample3	sample4	sample5	sample6	sample7	sample8	sample9	sample10	sample11	sample12	sample13	sample14
0	0	0.0	0.168674698795	0.566371681416	0.0	0.223300970874	0.0	0.0	0.0	0.0	0.185567010309	0.23595505618	0.0	0.121212121212	0.137931034483	0.0
1	0	0.0	0.108695652174	0.544303797468	0.0	0.47572815534	0.0	0.0	0.0	0.0	0.168224299065	0.383720930233	0.207547169811	0.0934579439252	0.164835164835	0.0909090909091
2	0	0.0	0.128205128205	0.0	0.0	0.0	0.0	0.0	0.0	0.278260869565	0.0	0.0	0.148148148148	0.0	0.136842105263	0.0
3	0	0.203703703704	0.0	0.0	0.0	0.0	0.0	0.0	0.0	0.0	0.0	0.0	0.0	0.0679611650485	0.0	0.0952380952381
4	0	0.0	0.176470588235	0.523364485981	0.0	0.181034482759	0.0	0.0	0.0	0.0	0.152380952381	0.20202020202	0.0	0.140350877193	0.0973451327434	0.0
5	0	0.0	0.0	0.205607476636	0.0	0.0789473684211	0.0	0.0	0.0	0.0	0.0	0.141509433962	0.0	0.121951219512	0.0	0.0
6	0	0.0	0.0	0.0	0.173913043478	0.0	0.0	0.0	0.0	0.0	0.244680851064	0.0	0.153846153846	0.0	0.0	0.0
7	0	0.0	0.0	0.205607476636	0.0	0.101123595506	0.0	0.0	0.0	0.0	0.0	0.0540540540541	0.0	0.14606741573	0.0	0.0
8	0	0.182608695652	0.0722891566265	0.0	0.0	0.0689655172414	0.0	0.352380952381	0.0	0.0	0.0	0.0	0.0	0.230769230769	0.11	0.122222222222
9	0	0.293577981651	0.0	0.0	0.280373831776	0.0	0.327102803738	0.0	0.414893617021	0.0	0.0	0.0	0.0	0.176470588235	0.0	0.136752136752
10	0	0.0	0.0	0.261363636364	0.0	0.0943396226415	0.0	0.0	0.0	0.0	0.0	0.175257731959	0.0	0.10101010101	0.0	0.0
11	0	0.0	0.0	0.263157894737	0.0	0.0555555555556	0.0	0.0	0.0	0.0	0.0	0.0792079207921	0.0	0.0873786407767	0.0	0.0
12	0	0.481132075472	0.150943396226	0.0	0.534482758621	0.0581395348837	0.465909090909	0.475609756098	0.428571428571	0.203125	0.3	0.0795454545455	0.159574468085	0.428571428571	0.2	0.330097087379
13	0	0.0	0.0	0.184782608696	0.0	0.0471698113208	0.0	0.0	0.0	0.0	0.0	0.120689655172	0.0	0.09375	0.0	0.0
14	0	0.18085106383	0.0	0.0	0.0	0.0	0.0	0.0	0.0	0.0	0.0	0.0	0.0	0.208791208791	0.0	0.0877192982456
15	0	0.0	0.0	0.0	0.0	0.0	0.272727272727	0.0	0.0	0.20652173913	0.0	0.0	0.0	0.0	0.0652173913043	0.0
16	0	0.0	0.0	0.0	0.0	0.0	0.14598540146	0.0	0.0	0.228813559322	0.0	0.0	0.0	0.0	0.151515151515	0.0
17	0	0.0	0.0	0.186813186813	0.0	0.154639175258	0.0	0.0	0.0	0.0	0.0	0.0957446808511	0.0	0.105769230769	0.0	0.0
18	0	0.0	0.0	0.0	0.202380952381	0.0	0.0	0.0	0.0	0.0	0.135922330097	0.0	0.111111111111	0.0	0.0	0.0
19	0	0.0	0.117117117117	0.0	0.0	0.0	0.0	0.0	0.0	0.238636363636	0.0	0.0	0.241379310345	0.0	0.185840707965	0.0
20	0	0.0	0.106382978723	0.0	0.0	0.0	0.0	0.0	0.0	0.336363636364	0.0	0.0	0.149425287356	0.0	0.155339805825	0.0
21	0	0.24	0.0731707317073	0.0	0.0	0.205882352941	0.0	0.241666666667	0.0	0.0	0.0	0.0	0.0	0.204545454545	0.0707070707071	0.0982142857143
22	0	0.0	0.0	0.0	0.261363636364	0.0	0.0	0.0	0.0	0.0	0.19387755102	0.0	0.18	0.0	0.0	0.0
23	0	0.259259259259	0.0693069306931	0.0	0.0	0.123711340206	0.0	0.31	0.0	0.0	0.0	0.0	0.0	0.21686746988	0.0573770491803	0.123595505618
24	0	0.0	0.0	0.255813953488	0.0	0.113402061856	0.0	0.0	0.0	0.0	0.0	0.152173913043	0.0	0.101123595506	0.0	0.0
25	0	0.0	0.177777777778	0.0	0.0	0.0	0.0	0.0	0.0	0.244897959184	0.0	0.0	0.170212765957	0.0	0.151515151515	0.0
26	0	0.158415841584	0.112244897959	0.0	0.0	0.0555555555556	0.0	0.314814814815	0.0	0.0	0.0	0.0	0.0	0.21568627451	0.141414141414	0.123711340206
27	0	0.0	0.101449275362	0.468468468468	0.0	0.234693877551	0.0	0.0	0.0	0.0	0.138613861386	0.164835164835	0.0	0.0394736842105	0.0865384615385	0.0
28	0	0.0	0.0	0.0	0.184782608696	0.0	0.0	0.0	0.0	0.0	0.170212765957	0.0	0.158415841584	0.0	0.0	0.0
29	0	0.0	0.0	0.0	0.241071428571	0.0	0.0	0.0	0.0	0.0	0.21	0.0	0.126213592233	0.0	0.0	0.0
30	0	0.0	0.0	0.0	0.0	0.0	0.191304347826	0.0	0.0	0.222222222222	0.0	0.0	0.0	0.0	0.107142857143	0.0
31	0	0.0	0.0	0.233333333333	0.0	0.102040816327	0.0	0.0	0.0	0.0	0.0	0.0957446808511	0.0	0.075	0.0	0.0
32	0	0.0	0.116883116883	0.51724137931	0.0	0.266666666667	0.0	0.0	0.0	0.0	0.131147540984	0.155339805825	0.0	0.0841121495327	0.095652173913	0.0
33	0	0.336734693878	0.0	0.0	0.25641025641	0.0	0.35	0.0	0.360465116279	0.0	0.0	0.0	0.0	0.185567010309	0.0	0.18085106383
34	0	0.260869565217	0.10752688172	0.0	0.0	0.106796116505	0.0	0.220930232558	0.0	0.0	0.0	0.0	0.0	0.193277310924	0.0943396226415	0.115384615385
35	0	0.223300970874	0.157303370787	0.0	0.0	0.123287671233	0.0	0.254385964912	0.0	0.0	0.0	0.0	0.0	0.168316831683	0.144578313253	0.0697674418605
36	0	0.51968503937	0.202380952381	0.0	0.46875	0.103773584906	0.485436893204	0.552083333333	0.479591836735	0.192660550459	0.317647058824	0.0642201834862	0.153846153846	0.339285714286	0.162162162162	0.272
37	0	0.0	0.0	0.0	0.252427184466	0.0	0.0	0.0	0.0	0.0	0.235294117647	0.0	0.130434782609	0.0	0.0	0.0
38	0	0.194690265487	0.0625	0.0	0.0	0.0721649484536	0.0	0.330275229358	0.0	0.0	0.0	0.0	0.0	0.145454545455	0.157894736842	0.0970873786408
39	0	0.0	0.128205128205	0.516483516484	0.0	0.37	0.0	0.0	0.0	0.0	0.121495327103	0.344827586207	0.2	0.0804597701149	0.123595505618	0.120879120879
40	0	0.0	0.0	0.0	0.181034482759	0.0	0.0	0.0	0.0	0.0	0.245098039216	0.0	0.0925925925926	0.0	0.0	0.0
41	0	0.0	0.104166666667	0.570247933884	0.0	0.134615384615	0.0	0.0	0.0	0.0	0.115789473684	0.191011235955	0.0	0.0918367346939	0.0952380952381	0.0
42	0	0.240384615385	0.0531914893617	0.0	0.0	0.194174757282	0.0	0.292452830189	0.0	0.0	0.0	0.0	0.0	0.198275862069	0.0761904761905	0.0882352941176
43	0	0.0	0.0	0.0	0.247619047619	0.0	0.0	0.0	0.0	0.0	0.212765957447	0.0	0.113924050633	0.0	0.0	0.0
44	0	0.0	0.0	0.0	0.295454545455	0.0	0.0	0.0	0.0	0.0	0.264705882353	0.0	0.146788990826	0.0	0.0	0.0
45	0	0.0	0.0	0.0	0.0	0.0	0.228260869565	0.0	0.0	0.261261261261	0.0	0.0	0.0	0.0	0.12	0.0
46	0	0.0	0.0961538461538	0.432692307692	0.0	0.212121212121	0.0	0.0	0.0	0.0	0.189189189189	0.263736263736	0.0	0.0681818181818	0.111111111111	0.0
47	0	0.0	0.0	0.0	0.0	0.0	0.176470588235	0.0	0.0	0.21359223301	0.0	0.0	0.0	0.0	0.0609756097561	0.0
48	0	0.0	0.0	0.0	0.170731707317	0.0	0.0	0.0	0.0	0.0	0.25	0.0	0.122641509434	0.0	0.0	0.0
49	0	0.0	0.112244897959	0.532110091743	0.0	0.184466019417	0.0	0.0	0.0	0.0	0.137614678899	0.268041237113	0.0	0.102040816327	0.106382978723	0.0
50	0	0.0	0.0	0.0	0.0	0.0	0.177777777778	0.0	0.0	0.157303370787	0.0	0.0	0.0	0.0	0.133333333333	0.0
51	0	0.0	0.0	0.0	0.220183486239	0.0	0.0	0.0	0.0	0.0	0.233009708738	0.0	0.151162790698	0.0	0.0	0.0
52	0	0.242990654206	0.0	0.0	0.258928571429	0.0	0.257425742574	0.0	0.412371134021	0.0	0.0	0.0	0.0	0.11	0.0	0.201834862385
53	0	0.0	0.120689655172	0.43	0.0	0.218390804598	0.0	0.0	0.0	0.0	0.09375	0.263636363636	0.0	0.102272727273	0.0804597701149	0.0
54	0	0.0	0.0	0.25	0.0	0.0819672131148	0.0	0.0	0.0	0.0	0.0	0.121495327103	0.0	0.0645161290323	0.0	0.0
55	0	0.217391304348	0.0693069306931	0.0	0.0	0.151515151515	0.0	0.264705882353	0.0	0.0	0.0	0.0	0.0	0.241379310345	0.0707070707071	0.124137931034
56	0	0.0	0.0	0.0	0.244186046512	0.0	0.0	0.0	0.0	0.0	0.2	0.0	0.147368421053	0.0	0.0	0.0
57	0	0.0	0.0	0.247422680412	0.0	0.106382978723	0.0	0.0	0.0	0.0	0.0	0.0645161290323	0.0	0.112	0.0	0.0
58	0	0.0	0.0972222222222	0.336734693878	0.0	0.189473684211	0.0	0.0	0.0	0.0	0.117647058824	0.168316831683	0.0	0.0720720720721	0.0722891566265	0.0
59	0	0.0	0.0	0.0	0.211538461538	0.0	0.0	0.0	0.0	0.0	0.203883495146	0.0	0.11214953271	0.0	0.0	0.0
60	0	0.0	0.19801980198	0.0	0.0	0.0	0.0	0.0	0.0	0.402298850575	0.0	0.0	0.189473684211	0.0	0.119565217391	0.0
61	0	0.0	0.166666666667	0.0	0.0	0.0	0.0	0.0	0.0	0.242424242424	0.0	0.0	0.176991150442	0.0	0.215909090909	0.0
62	0	0.0	0.117647058824	0.513043478261	0.0	0.170212765957	0.0	0.0	0.0	0.0	0.19587628866	0.164948453608	0.0	0.15	0.178217821782	0.0
63	0	0.0	0.0	0.0	0.216494845361	0.0	0.0	0.0	0.0	0.0	0.229166666667	0.0	0.191489361702	0.0	0.0	0.0
64	0	0.0	0.0	0.0	0.272727272727	0.0	0.0	0.0	0.0	0.0	0.293103448276	0.0	0.19387755102	0.0	0.0	0.0
65	0	0.0	0.0	0.231578947368	0.0	0.0891089108911	0.0	0.0	0.0	0.0	0.0	0.144144144144	0.0	0.0574712643678	0.0	0.0
66	0	0.0	0.215053763441	0.0	0.0	0.0	0.0	0.0	0.0	0.277108433735	0.0	0.0	0.225490196078	0.0	0.164948453608	0.0
67	0	0.252747252747	0.113402061856	0.0	0.0	0.0900900900901	0.0	0.23	0.0	0.0	0.0	0.0	0.0	0.231578947368	0.0927835051546	0.161616161616
68	0	0.0	0.0	0.0	0.303921568627	0.0	0.0	0.0	0.0	0.0	0.203539823009	0.0	0.145299145299	0.0	0.0	0.0
69	0	0.0	0.160377358491	0.0	0.0	0.0	0.0	0.0	0.0	0.330097087379	0.0	0.0	0.190476190476	0.0	0.204301075269	0.0
70	0	0.0	0.0	0.1875	0.0	0.10989010989	0.0	0.0	0.0	0.0	0.0	0.116071428571	0.0	0.099173553719	0.0	0.0
71	0	0.0	0.0	0.0	0.0	0.0	0.195402298851	0.0	0.0	0.216666666667	0.0	0.0	0.0	0.0	0.101851851852	0.0
72	0	0.0	0.172839506173	0.0	0.0	0.0	0.0	0.0	0.0	0.30303030303	0.0	0.0	0.233009708738	0.0	0.121212121212	0.0
73	0	0.213675213675	0.0927835051546	0.0	0.0	0.131578947368	0.0	0.275510204082	0.0	0.0	0.0	0.0	0.0	0.225490196078	0.0882352941176	0.125
74	0	0.0	0.116071428571	0.428571428571	0.0	0.239669421488	0.0	0.0	0.0	0.0	0.106796116505	0.150537634409	0.0	0.0740740740741	0.0961538461538	0.0
75	0	0.0	0.0	0.0	0.0	0.0	0.146551724138	0.0	0.0	0.20652173913	0.0	0.0	0.0	0.0	0.0769230769231	0.0
76	0	0.0	0.0891089108911	0.543209876543	0.0	0.145631067961	0.0	0.0	0.0	0.0	0.139784946237	0.284403669725	0.0	0.126213592233	0.12	0.0
77	0	0.0	0.105769230769	0.506329113924	0.0	0.40404040404	0.0	0.0	0.0	0.0	0.185185185185	0.424528301887	0.196261682243	0.0825688073394	0.0927835051546	0.119565217391
78	0	0.210526315789	0.0	0.0	0.0	0.0	0.0	0.0	0.0	0.0	0.0	0.0	0.0	0.157894736842	0.0	0.112244897959
79	0	0.264150943396	0.0	0.0	0.0	0.0	0.0	0.0	0.0	0.0	0.0	0.0	0.0	0.104651162791	0.0	0.119047619048
80	0	0.237113402062	0.0	0.0	0.0	0.0	0.0	0.0	0.0	0.0	0.0	0.0	0.0	0.0588235294118	0.0	0.0977443609023
81	0	0.494949494949	0.186046511628	0.0	0.5	0.116279069767	0.532710280374	0.383838383838	0.527272727273	0.189189189189	0.343137254902	0.0924369747899	0.149425287356	0.438095238095	0.205128205128	0.299145299145
82	0	0.0	0.0	0.166666666667	0.0	0.11	0.0	0.0	0.0	0.0	0.0	0.108910891089	0.0	0.0481927710843	0.0	0.0
83	0	0.0	0.0882352941176	0.539215686275	0.0	0.348837209302	0.0	0.0	0.0	0.0	0.152941176471	0.397727272727	0.175438596491	0.10752688172	0.108333333333	0.141509433962
84	0	0.0	0.0	0.0	0.252525252525	0.0	0.0	0.0	0.0	0.0	0.225806451613	0.0	0.148148148148	0.0	0.0	0.0
85	0	0.0	0.0	0.0	0.0	0.0	0.244897959184	0.0	0.0	0.15652173913	0.0	0.0	0.0	0.0	0.1	0.0
86	0	0.0	0.231707317073	0.0	0.0	0.0	0.0	0.0	0.0	0.355140186916	0.0	0.0	0.133333333333	0.0	0.217391304348	0.0
87	0	0.0	0.0	0.204301075269	0.0	0.106796116505	0.0	0.0	0.0	0.0	0.0	0.0192307692308	0.0	0.0888888888889	0.0	0.0
88	0	0.0	0.19801980198	0.0	0.0	0.0	0.0	0.0	0.0	0.346774193548	0.0	0.0	0.204301075269	0.0	0.201680672269	0.0
89	0	0.0	0.237623762376	0.0	0.0	0.0	0.0	0.0	0.0	0.273684210526	0.0	0.0	0.203389830508	0.0	0.126213592233	0.0
90	0	0.0	0.0	0.178217821782	0.0	0.174418604651	0.0	0.0	0.0	0.0	0.0	0.0957446808511	0.0	0.095652173913	0.0	0.0
91	0	0.0	0.0	0.26	0.0	0.0833333333333	0.0	0.0	0.0	0.0	0.0	0.0505050505051	0.0	0.0777777777778	0.0	0.0
92	0	0.0	0.0	0.0	0.0	0.0	0.131868131868	0.0	0.0	0.14406779661	0.0	0.0	0.0	0.0	0.103896103896	0.0
93	0	0.21875	0.0515463917526	0.0	0.0	0.129310344828	0.0	0.24	0.0	0.0	0.0	0.0	0.0	0.21	0.0549450549451	0.0925925925926
94	0	0.0	0.0	0.0	0.217821782178	0.0	0.0	0.0	0.0	0.0	0.211111111111	0.0	0.119047619048	0.0	0.0	0.0
95	0	0.0	0.0	0.0	0.243902439024	0.0	0.0	0.0	0.0	0.0	0.206896551724	0.0	0.102040816327	0.0	0.0	0.0
96	0	0.0	0.0	0.0	0.0	0.0	0.207920792079	0.0	0.0	0.126436781609	0.0	0.0	0.0	0.0	0.1	0.0
97	0	0.0	0.0	0.0	0.0	0.0	0.168421052632	0.0	0.0	0.151515151515	0.0	0.0	0.0	0.0	0.126436781609	0.0
98	0	0.0	0.224299065421	0.0	0.0	0.0	0.0	0.0	0.0	0.386138613861	0.0	0.0	0.09	0.0	0.224489795918	0.0
99	0	0.0	0.0	0.0	0.204081632653	0.0	0.0	0.0	0.0	0.0	0.191919191919	0.0	0.11	0.0	0.0	0.0
