#chr	position	description	normal	sample0	sample1	sample2	sample3	sample4	sample5	sample6	sample7	sample8	sample9
1	1	1	0	0.25	0.139784946237	0.0	0.0	0.141304347826	0.236559139785	0.0	0.0970873786408	0.0978260869565	0.0
2	1	1	0	0.288461538462	0.08	0.0	0.49	0.0	0.213333333333	0.0	0.0	0.0	0.0
3	1	1	0	0.260416666667	0.128205128205	0.289719626168	0.0	0.131868131868	0.263157894737	0.0	0.1	0.23595505618	0.18691588785
4	1	1	0	0.305555555556	0.171171171171	0.313725490196	0.0	0.115789473684	0.230769230769	0.0	0.207920792079	0.282352941176	0.213675213675
5	1	1	0	0.3	0.120879120879	0.155555555556	0.0	0.216494845361	0.275510204082	0.0	0.112359550562	0.325842696629	0.21
6	1	1	0	0.0	0.0	0.0	0.0	0.0	0.0	0.0	0.0	0.0	0.0
7	1	1	0	0.275229357798	0.19387755102	0.0	0.574257425743	0.0	0.333333333333	0.0	0.0	0.0	0.0
8	1	1	0	0.317307692308	0.183673469388	0.0	0.217391304348	0.0	0.0	0.0	0.0	0.0	0.0
9	1	1	0	0.0	0.0	0.0	0.0	0.0	0.0	0.269565217391	0.0	0.0	0.0560747663551
10	1	1	0	0.19	0.119658119658	0.0	0.455445544554	0.0	0.228070175439	0.17	0.144329896907	0.0416666666667	0.126213592233
11	1	1	0	0.260504201681	0.238636363636	0.0	0.244186046512	0.0	0.0	0.0	0.0	0.0	0.0
12	1	1	0	0.0	0.0	0.0	0.0	0.0	0.0	0.0	0.0	0.0	0.0
13	1	1	0	0.0	0.0	0.0	0.0	0.0	0.0	0.0	0.0	0.0	0.0
14	1	1	0	0.262711864407	0.190476190476	0.0	0.550458715596	0.155555555556	0.25	0.203703703704	0.0869565217391	0.285714285714	0.147368421053
15	1	1	0	0.238095238095	0.137254901961	0.0	0.0	0.113402061856	0.317307692308	0.0	0.134615384615	0.08	0.0
16	1	1	0	0.20202020202	0.106796116505	0.0	0.0	0.212121212121	0.20652173913	0.0	0.0816326530612	0.155339805825	0.0
17	1	1	0	0.0	0.0	0.0	0.0	0.0	0.0	0.0	0.0	0.0	0.0
18	1	1	0	0.18	0.176470588235	0.0	0.0	0.141176470588	0.230769230769	0.0	0.173913043478	0.17	0.0
19	1	1	0	0.0	0.0	0.0	0.0	0.0	0.0	0.201680672269	0.0	0.0	0.111111111111
20	1	1	0	0.0	0.0	0.0	0.0	0.0	0.0	0.06	0.0	0.0	0.105263157895
21	1	1	0	0.209523809524	0.201680672269	0.315789473684	0.0	0.128205128205	0.225806451613	0.0	0.272727272727	0.244186046512	0.336206896552
22	1	1	0	0.0	0.0	0.0	0.0	0.0	0.0	0.172727272727	0.0	0.0	0.0909090909091
23	1	1	0	0.252336448598	0.157894736842	0.238095238095	0.0	0.0666666666667	0.238532110092	0.0	0.127450980392	0.221153846154	0.16
24	1	1	0	0.0	0.161616161616	0.319587628866	0.0	0.224719101124	0.0	0.324675324675	0.0526315789474	0.0	0.0
25	1	1	0	0.210526315789	0.184782608696	0.257731958763	0.0	0.121951219512	0.301075268817	0.0	0.326086956522	0.196078431373	0.434343434343
26	1	1	0	0.0	0.0	0.0	0.0	0.0	0.0	0.195652173913	0.0	0.0	0.0963855421687
27	1	1	0	0.0	0.15625	0.311688311688	0.0	0.183908045977	0.0	0.294117647059	0.173913043478	0.0	0.0
28	1	1	0	0.0	0.0	0.0	0.0	0.0	0.0	0.151785714286	0.0	0.0	0.101851851852
29	1	1	0	0.0	0.0	0.0	0.0	0.0	0.0	0.141304347826	0.0	0.0	0.14606741573
30	1	1	0	0.268041237113	0.139130434783	0.209302325581	0.0	0.12037037037	0.287128712871	0.0	0.201834862385	0.25	0.288461538462
31	1	1	0	0.303571428571	0.19387755102	0.259615384615	0.0	0.125	0.297872340426	0.0	0.222222222222	0.364583333333	0.409090909091
32	1	1	0	0.211009174312	0.0943396226415	0.0	0.0	0.216216216216	0.25	0.0	0.166666666667	0.133333333333	0.0
33	1	1	0	0.0	0.0	0.0	0.0	0.0	0.0	0.208333333333	0.0	0.0	0.131313131313
34	1	1	0	0.0	0.0	0.0	0.0	0.0	0.0	0.0	0.0	0.0	0.0
35	1	1	0	0.0	0.0	0.0	0.0	0.0	0.0	0.0	0.0	0.0	0.0
36	1	1	0	0.247619047619	0.162162162162	0.0	0.0	0.18691588785	0.288888888889	0.0	0.18691588785	0.0963855421687	0.0
37	1	1	0	0.0	0.0	0.0	0.0	0.0	0.0	0.151162790698	0.0	0.0	0.0918367346939
38	1	1	0	0.261363636364	0.177570093458	0.0	0.360465116279	0.0	0.339805825243	0.0	0.0	0.0	0.0
39	1	1	0	0.282828282828	0.142857142857	0.0	0.0	0.158878504673	0.215909090909	0.0	0.10752688172	0.0666666666667	0.0
40	1	1	0	0.0	0.0	0.0	0.0	0.0	0.0	0.128712871287	0.0	0.0	0.112359550562
41	1	1	0	0.0	0.0	0.0	0.0	0.0	0.0	0.214285714286	0.0	0.0	0.127450980392
42	1	1	0	0.3	0.141509433962	0.0	0.0	0.166666666667	0.263636363636	0.0	0.137931034483	0.149425287356	0.0
43	1	1	0	0.0	0.0	0.0	0.0	0.0	0.0	0.172413793103	0.0	0.0	0.134020618557
44	1	1	0	0.274725274725	0.176470588235	0.21359223301	0.0	0.0970873786408	0.333333333333	0.0	0.119565217391	0.240384615385	0.213483146067
45	1	1	0	0.0	0.0	0.0	0.0	0.0	0.0	0.0	0.0	0.0	0.0
46	1	1	0	0.301369863014	0.126126126126	0.0	0.0	0.132231404959	0.278260869565	0.0	0.142857142857	0.142857142857	0.0
47	1	1	0	0.298245614035	0.121495327103	0.27358490566	0.0	0.204545454545	0.263157894737	0.0	0.228571428571	0.243902439024	0.392523364486
48	1	1	0	0.197802197802	0.0818181818182	0.0	0.0	0.201834862385	0.30612244898	0.0	0.0679611650485	0.108695652174	0.0
49	1	1	0	0.0	0.245283018868	0.21	0.0	0.192307692308	0.0	0.242424242424	0.152173913043	0.0	0.0
50	1	1	0	0.315217391304	0.155172413793	0.222222222222	0.0	0.160377358491	0.318681318681	0.0	0.276595744681	0.20652173913	0.411214953271
51	1	1	0	0.280898876404	0.228260869565	0.0	0.444444444444	0.0	0.275229357798	0.0	0.0	0.0	0.0
52	1	1	0	0.0	0.0	0.0	0.0	0.0	0.0	0.166666666667	0.0	0.0	0.0919540229885
53	1	1	0	0.279569892473	0.131782945736	0.0	0.0	0.0961538461538	0.295238095238	0.0	0.130434782609	0.11	0.0
54	1	1	0	0.0	0.0	0.0	0.0	0.0	0.0	0.0	0.0	0.0	0.0
55	1	1	0	0.236559139785	0.244897959184	0.0	0.0	0.215909090909	0.183908045977	0.0	0.0873786407767	0.154545454545	0.0
56	1	1	0	0.0	0.0	0.0	0.0	0.0	0.0	0.164835164835	0.0	0.0	0.159090909091
57	1	1	0	0.244186046512	0.204301075269	0.0	0.27	0.0	0.0	0.0	0.0	0.0	0.0
58	1	1	0	0.0	0.0	0.0	0.0	0.0	0.0	0.186274509804	0.0	0.0	0.177083333333
59	1	1	0	0.266666666667	0.0840336134454	0.0	0.0	0.152380952381	0.205357142857	0.0	0.115384615385	0.166666666667	0.0
60	1	1	0	0.208791208791	0.146788990826	0.0	0.234234234234	0.0	0.0	0.0	0.0	0.0	0.0
61	1	1	0	0.0	0.217391304348	0.241379310345	0.0	0.2	0.0	0.353535353535	0.211111111111	0.0	0.0
62	1	1	0	0.216981132075	0.134453781513	0.0	0.0	0.217821782178	0.236842105263	0.0	0.123595505618	0.11320754717	0.0
63	1	1	0	0.237288135593	0.15873015873	0.0	0.625	0.0	0.270833333333	0.182926829268	0.141592920354	0.0280373831776	0.0377358490566
64	1	1	0	0.230769230769	0.125	0.0	0.0	0.18253968254	0.291139240506	0.0	0.139784946237	0.10101010101	0.0
65	1	1	0	0.0	0.0	0.0	0.0	0.0	0.0	0.225	0.0	0.0	0.106194690265
66	1	1	0	0.242424242424	0.204301075269	0.0	0.0	0.102040816327	0.287128712871	0.0	0.0934579439252	0.0652173913043	0.0
67	1	1	0	0.0	0.0	0.0	0.0	0.0	0.0	0.195652173913	0.0	0.0	0.10101010101
68	1	1	0	0.0	0.2	0.301886792453	0.0	0.125	0.0	0.345454545455	0.19801980198	0.0	0.0
69	1	1	0	0.0	0.0	0.0	0.0	0.0	0.0	0.235849056604	0.0	0.0	0.0752688172043
70	1	1	0	0.0	0.0	0.0	0.0	0.0	0.0	0.177777777778	0.0	0.0	0.120879120879
71	1	1	0	0.0	0.174757281553	0.21	0.0	0.212121212121	0.0	0.260416666667	0.122641509434	0.0	0.0
72	1	1	0	0.0	0.0	0.0	0.0	0.0	0.0	0.137931034483	0.0	0.0	0.113402061856
73	1	1	0	0.29	0.1	0.0	0.0	0.137254901961	0.303921568627	0.0	0.14606741573	0.225806451613	0.0
74	1	1	0	0.207547169811	0.163461538462	0.0	0.0	0.137254901961	0.233009708738	0.0	0.172043010753	0.14	0.0
75	1	1	0	0.0	0.0	0.0	0.0	0.0	0.0	0.21978021978	0.0	0.0	0.173076923077
76	1	1	0	0.322916666667	0.194174757282	0.0	0.245454545455	0.0	0.0	0.0	0.0	0.0	0.0
77	1	1	0	0.243243243243	0.217821782178	0.0	0.474747474747	0.0	0.202247191011	0.246753246753	0.116279069767	0.054347826087	0.116279069767
78	1	1	0	0.272727272727	0.240384615385	0.322916666667	0.0	0.20987654321	0.319587628866	0.0	0.154639175258	0.19387755102	0.204081632653
79	1	1	0	0.291262135922	0.217821782178	0.0	0.269662921348	0.0	0.0	0.0	0.0	0.0	0.0
80	1	1	0	0.272727272727	0.166666666667	0.247422680412	0.0	0.166666666667	0.26213592233	0.0	0.161616161616	0.234693877551	0.174311926606
81	1	1	0	0.194690265487	0.111111111111	0.0	0.0	0.165217391304	0.322580645161	0.0	0.100917431193	0.153225806452	0.0
82	1	1	0	0.275862068966	0.177083333333	0.237288135593	0.0	0.210526315789	0.314516129032	0.0	0.132653061224	0.25	0.153846153846
83	1	1	0	0.302752293578	0.127272727273	0.0	0.0	0.0853658536585	0.20202020202	0.0	0.129032258065	0.0792079207921	0.0
84	1	1	0	0.0	0.0	0.0	0.0	0.0	0.0	0.0	0.0	0.0	0.0
85	1	1	0	0.0	0.0	0.0	0.0	0.0	0.0	0.0	0.0	0.0	0.0
86	1	1	0	0.0	0.0	0.0	0.0	0.0	0.0	0.192307692308	0.0	0.0	0.162162162162
87	1	1	0	0.0	0.0	0.0	0.0	0.0	0.0	0.161290322581	0.0	0.0	0.114035087719
88	1	1	0	0.0	0.0	0.0	0.0	0.0	0.0	0.218181818182	0.0	0.0	0.0566037735849
89	1	1	0	0.326086956522	0.133333333333	0.29347826087	0.0	0.138613861386	0.279661016949	0.0	0.272727272727	0.229357798165	0.290697674419
90	1	1	0	0.284210526316	0.171052631579	0.254901960784	0.0	0.131147540984	0.296703296703	0.0	0.295454545455	0.223214285714	0.420454545455
91	1	1	0	0.0	0.0	0.0	0.0	0.0	0.0	0.202247191011	0.0	0.0	0.170454545455
92	1	1	0	0.25	0.175257731959	0.0	0.0	0.118811881188	0.265486725664	0.0	0.151898734177	0.0714285714286	0.0
93	1	1	0	0.0	0.0	0.0	0.0	0.0	0.0	0.225490196078	0.0	0.0	0.0909090909091
94	1	1	0	0.0	0.162162162162	0.294736842105	0.0	0.2	0.0	0.357142857143	0.169811320755	0.0	0.0
95	1	1	0	0.0	0.0	0.0	0.0	0.0	0.0	0.23	0.0	0.0	0.114583333333
96	1	1	0	0.221052631579	0.153846153846	0.0	0.0	0.144144144144	0.298076923077	0.0	0.118279569892	0.114583333333	0.0
97	1	1	0	0.0	0.0	0.0	0.0	0.0	0.0	0.0	0.0	0.0	0.0
98	1	1	0	0.255555555556	0.152380952381	0.191011235955	0.0	0.174757281553	0.291666666667	0.0	0.2	0.204301075269	0.144144144144
99	1	1	0	0.0	0.0	0.0	0.0	0.0	0.0	0.20652173913	0.0	0.0	0.154639175258
100	1	1	0	0.0	0.0	0.0	0.0	0.0	0.0	0.20652173913	0.0	0.0	0.10752688172
