Num_mutations: 100
Num_samples: 5
Error_rate: 0.050000

2.461832061068702227e-01 2.203228869895536568e-01 0.000000000000000000e+00 2.199383350462487119e-01 0.000000000000000000e+00
0.000000000000000000e+00 2.128556375131717693e-01 0.000000000000000000e+00 1.741682974559686792e-01 0.000000000000000000e+00
9.398099260823653545e-01 7.480468750000000000e-01 6.885919835560123659e-01 9.522821576763484952e-01 9.781312127236581055e-01
9.524815205913410576e-01 7.397521448999047067e-01 6.347554630593131852e-01 9.836065573770491621e-01 9.904963041182681671e-01
3.081452404317958638e-01 3.476599808978032558e-01 2.854311199207135719e-01 5.949748743718592525e-01 4.083250743310208319e-01
5.611650485436893154e-01 3.228511530398323059e-01 6.178861788617886486e-01 5.265225933202357655e-01 7.497527200791295199e-01
0.000000000000000000e+00 2.927794263105835681e-01 2.780000000000000249e-01 5.869565217391304879e-01 4.695304695304695075e-01
3.171206225680933688e-01 4.923076923076923350e-01 2.888165038002171725e-01 6.913339824732229744e-01 3.783269961977186457e-01
2.986247544204322368e-01 5.530145530145530453e-01 2.716535433070866312e-01 7.517587939698492372e-01 3.726708074534161308e-01
0.000000000000000000e+00 1.685279187817258773e-01 0.000000000000000000e+00 1.856287425149700521e-01 0.000000000000000000e+00
0.000000000000000000e+00 0.000000000000000000e+00 2.265246853823814077e-01 2.337917485265225970e-01 0.000000000000000000e+00
0.000000000000000000e+00 1.764705882352941291e-01 0.000000000000000000e+00 2.124060150375939870e-01 0.000000000000000000e+00
5.843137254901961120e-01 3.303482587064676679e-01 5.804480651731160901e-01 5.227492739593416760e-01 7.265388496468213608e-01
0.000000000000000000e+00 3.072227873855544189e-01 3.797729618163054877e-01 0.000000000000000000e+00 0.000000000000000000e+00
0.000000000000000000e+00 1.645692158760890533e-01 0.000000000000000000e+00 2.200392927308447988e-01 0.000000000000000000e+00
2.468879668049792642e-01 4.924242424242424310e-01 2.775510204081632626e-01 7.466937945066124405e-01 4.214711729622266367e-01
0.000000000000000000e+00 1.676413255360623689e-01 0.000000000000000000e+00 2.199170124481327759e-01 0.000000000000000000e+00
1.026706231454005858e+00 7.183098591549296197e-01 6.276067527308838434e-01 9.631067961165048485e-01 1.064548162859980218e+00
2.594059405940594143e-01 5.204957102001906977e-01 2.822580645161290591e-01 7.217741935483871218e-01 3.913470993117010854e-01
9.858356940509914734e-01 7.409579667644183854e-01 7.106918238993710224e-01 1.002123142250530785e+00 9.919354838709677491e-01
0.000000000000000000e+00 1.836945304437564430e-01 0.000000000000000000e+00 1.918367346938775475e-01 0.000000000000000000e+00
2.654867256637168382e-01 4.990366088631984498e-01 2.707930367504835512e-01 7.170923379174852785e-01 4.563492063492063378e-01
9.446185997910135912e-01 7.104722792607802706e-01 6.146146146146146405e-01 1.028877005347593521e+00 1.067580803134182243e+00
2.821256038647342868e-01 4.879999999999999893e-01 2.618595825426944801e-01 7.341772151898734444e-01 4.167517875383043857e-01
0.000000000000000000e+00 2.425447316103379602e-01 0.000000000000000000e+00 1.611278952668680764e-01 0.000000000000000000e+00
1.003883495145631022e+00 7.656702025072323892e-01 6.455445544554455628e-01 9.863588667366212093e-01 9.857433808553971444e-01
0.000000000000000000e+00 2.809430255402750598e-01 3.428571428571428603e-01 0.000000000000000000e+00 0.000000000000000000e+00
2.545454545454545192e-01 5.747126436781608838e-01 2.462760675273088506e-01 7.545023696682464642e-01 3.308270676691729140e-01
0.000000000000000000e+00 2.769857433808554092e-01 3.419483101391649904e-01 0.000000000000000000e+00 0.000000000000000000e+00
0.000000000000000000e+00 1.775609756097560887e-01 0.000000000000000000e+00 1.988188976377952832e-01 0.000000000000000000e+00
9.741626794258373412e-01 7.117647058823529660e-01 6.277227722772277252e-01 9.787664307381193085e-01 1.033033033033033066e+00
2.234273318872017355e-01 1.573896353166986672e-01 0.000000000000000000e+00 2.507645259938837690e-01 0.000000000000000000e+00
0.000000000000000000e+00 3.582995951417003999e-01 2.662601626016259937e-01 5.397784491440080767e-01 4.500484966052376579e-01
2.941176470588235392e-01 5.135658914728682412e-01 2.626459143968871701e-01 7.494949494949495472e-01 4.020725388601036343e-01
2.383720930232558211e-01 1.929648241206030068e-01 0.000000000000000000e+00 2.786729857819905121e-01 0.000000000000000000e+00
0.000000000000000000e+00 2.489795918367346816e-01 3.543543543543543617e-01 0.000000000000000000e+00 0.000000000000000000e+00
6.010050251256281451e-01 3.758654797230465139e-01 6.138415245737212089e-01 6.185365853658536528e-01 7.750247770069376152e-01
2.023809523809523836e-01 2.188449848024316136e-01 0.000000000000000000e+00 2.595419847328244156e-01 0.000000000000000000e+00
0.000000000000000000e+00 2.827868852459016202e-01 3.987792472024415114e-01 0.000000000000000000e+00 0.000000000000000000e+00
0.000000000000000000e+00 3.072289156626505924e-01 3.753846153846153721e-01 0.000000000000000000e+00 0.000000000000000000e+00
0.000000000000000000e+00 3.192584963954686050e-01 3.653444676409186020e-01 0.000000000000000000e+00 0.000000000000000000e+00
5.734406438631790559e-01 3.663366336633663289e-01 6.247544204322200700e-01 5.185185185185184897e-01 7.942386831275720649e-01
0.000000000000000000e+00 1.827411167512690282e-01 0.000000000000000000e+00 2.292490118577075187e-01 0.000000000000000000e+00
5.847373637264617896e-01 2.981243830207305212e-01 6.110531803962461206e-01 5.625000000000000000e-01 7.700000000000000178e-01
9.782178217821781985e-01 7.233238904627006249e-01 6.204162537165510694e-01 1.056862745098039236e+00 9.573835480673934528e-01
1.000000000000000000e+00 7.148437500000000000e-01 6.433430515063167654e-01 9.701195219123506241e-01 1.070450097847358117e+00
2.639593908629441765e-01 5.702479338842975087e-01 2.551594746716697726e-01 7.460629921259842590e-01 3.951855566700100408e-01
0.000000000000000000e+00 1.751527494908350358e-01 0.000000000000000000e+00 1.884200196270853778e-01 0.000000000000000000e+00
2.874617737003057893e-01 3.171206225680933688e-01 2.823529411764705843e-01 5.406464250734573929e-01 3.912630579297246003e-01
2.579324462640736892e-01 5.380811078140455006e-01 2.894211576846307254e-01 7.727727727727727869e-01 4.473161033797216635e-01
0.000000000000000000e+00 0.000000000000000000e+00 2.574850299401197362e-01 2.190669371196754533e-01 0.000000000000000000e+00
5.511651469098277634e-01 3.248532289628179859e-01 6.613226452905811570e-01 5.560081466395111471e-01 7.356557377049179891e-01
0.000000000000000000e+00 0.000000000000000000e+00 2.447817836812144210e-01 1.839080459770114917e-01 0.000000000000000000e+00
0.000000000000000000e+00 3.192771084337349130e-01 3.621052631578947634e-01 0.000000000000000000e+00 0.000000000000000000e+00
2.826300294406280944e-01 1.755102040816326481e-01 0.000000000000000000e+00 2.334630350194552562e-01 0.000000000000000000e+00
0.000000000000000000e+00 2.614913176710929599e-01 3.753846153846153721e-01 0.000000000000000000e+00 0.000000000000000000e+00
0.000000000000000000e+00 1.899109792284866538e-01 0.000000000000000000e+00 1.709053916581892152e-01 0.000000000000000000e+00
9.805447470817120204e-01 7.223382045929018780e-01 6.211180124223601995e-01 1.002004008016031955e+00 1.009100101112234471e+00
2.684824902723735307e-01 1.905717151454363045e-01 0.000000000000000000e+00 2.482051282051282171e-01 0.000000000000000000e+00
2.165991902834007998e-01 3.270189431704885186e-01 2.929936305732483981e-01 5.160000000000000142e-01 4.192307692307692402e-01
9.990167158308751461e-01 6.875000000000000000e-01 6.304128902316213923e-01 1.036809815950920255e+00 1.024390243902439046e+00
0.000000000000000000e+00 2.877406281661600840e-01 3.629268292682926722e-01 0.000000000000000000e+00 0.000000000000000000e+00
0.000000000000000000e+00 3.346534653465346731e-01 2.749213011542497309e-01 5.393258426966291985e-01 4.261974584555229817e-01
2.842942345924453496e-01 5.287804878048780743e-01 2.540983606557377095e-01 7.667342799188641145e-01 3.679999999999999938e-01
2.583170254403130972e-01 4.600577478344561877e-01 2.654320987654321118e-01 7.762645914396887337e-01 4.213649851632047527e-01
0.000000000000000000e+00 1.636188642925890391e-01 0.000000000000000000e+00 1.926514399205561112e-01 0.000000000000000000e+00
0.000000000000000000e+00 3.300395256916995868e-01 3.515151515151515027e-01 0.000000000000000000e+00 0.000000000000000000e+00
5.766990291262136248e-01 3.499529633113828697e-01 6.185567010309278579e-01 5.603112840466926148e-01 7.452547452547452211e-01
0.000000000000000000e+00 3.690987124463519509e-01 3.062015503875968880e-01 5.907258064516128782e-01 3.717693836978130939e-01
2.487257900101936814e-01 5.409836065573770947e-01 2.766393442622950838e-01 7.433264887063655291e-01 3.727454909819639117e-01
0.000000000000000000e+00 3.456790123456789932e-01 2.772277227722772519e-01 5.515210991167811549e-01 3.933787731256085940e-01
2.532588454376163978e-01 5.196078431372549433e-01 2.411483253588516673e-01 6.975369458128078959e-01 3.921933085501858596e-01
0.000000000000000000e+00 2.102161100196463517e-01 0.000000000000000000e+00 1.724500525762355518e-01 0.000000000000000000e+00
2.533197139938713205e-01 1.921132457027300289e-01 0.000000000000000000e+00 2.395087001023541440e-01 0.000000000000000000e+00
5.538461538461538769e-01 3.280318091451292495e-01 6.158536585365853577e-01 5.777777777777777235e-01 7.477919528949951156e-01
3.098878695208970302e-01 4.674556213017751483e-01 2.900919305413687255e-01 7.512195121951219523e-01 4.152892561983471120e-01
5.364850976361767998e-01 3.221202854230377222e-01 6.100386100386100408e-01 5.496828752642706206e-01 7.437185929648241212e-01
1.079335793357933504e+00 7.106076210092687750e-01 6.079999999999999849e-01 1.055666003976143186e+00 9.531996179560648930e-01
2.624338624338624082e-01 5.502538071065989911e-01 2.795089707271010138e-01 7.603464870067372372e-01 3.992210321324245470e-01
0.000000000000000000e+00 2.743538767395626299e-01 3.675126903553299629e-01 0.000000000000000000e+00 0.000000000000000000e+00
0.000000000000000000e+00 2.902584493041749369e-01 3.339960238568588369e-01 0.000000000000000000e+00 0.000000000000000000e+00
0.000000000000000000e+00 2.474849094567404539e-01 3.662258392675483143e-01 0.000000000000000000e+00 0.000000000000000000e+00
1.003787878787878896e+00 7.471264367816091712e-01 6.489252814738997177e-01 9.606625258799171840e-01 1.009920634920634885e+00
0.000000000000000000e+00 2.078708375378405526e-01 0.000000000000000000e+00 0.000000000000000000e+00 0.000000000000000000e+00
0.000000000000000000e+00 2.681318681318681230e-01 3.701492537313432751e-01 0.000000000000000000e+00 0.000000000000000000e+00
0.000000000000000000e+00 3.495346432264736514e-01 2.874132804757185133e-01 6.019801980198019598e-01 3.810463968410661151e-01
0.000000000000000000e+00 3.479105928085519661e-01 2.607802874743326282e-01 6.139999999999999902e-01 4.027504911591355818e-01
0.000000000000000000e+00 1.680993314231136460e-01 0.000000000000000000e+00 2.126379137412236775e-01 0.000000000000000000e+00
0.000000000000000000e+00 0.000000000000000000e+00 2.543021032504780288e-01 2.495309568480300055e-01 0.000000000000000000e+00
0.000000000000000000e+00 2.830009496676163527e-01 3.539999999999999813e-01 0.000000000000000000e+00 0.000000000000000000e+00
9.863874345549737965e-01 6.960167714884696322e-01 6.378482228626320971e-01 9.959758551307846819e-01 9.667003027245206770e-01
0.000000000000000000e+00 2.761421319796954488e-01 3.701492537313432751e-01 0.000000000000000000e+00 0.000000000000000000e+00
2.321083172147001827e-01 5.004703668861711918e-01 3.165467625899280324e-01 7.793030623020062997e-01 4.213592233009708643e-01
5.304182509505703802e-01 3.301787592008412209e-01 6.297709923664122078e-01 5.231660231660231197e-01 7.440532825880113998e-01
5.700197238658777366e-01 3.056092843326885800e-01 5.571725571725572035e-01 5.495867768595040781e-01 7.697031729785056564e-01
5.345345345345345889e-01 3.293172690763052080e-01 6.497461928934009645e-01 5.183714001986097220e-01 7.822580645161290036e-01
0.000000000000000000e+00 1.636363636363636354e-01 0.000000000000000000e+00 1.849246231155778908e-01 0.000000000000000000e+00
0.000000000000000000e+00 1.888997078870496560e-01 0.000000000000000000e+00 1.580041580041580129e-01 0.000000000000000000e+00
9.473684210526315264e-01 7.323383084577114177e-01 6.718146718146718044e-01 1.016064257028112428e+00 1.026600985221674867e+00
0.000000000000000000e+00 3.050505050505050719e-01 2.964426877470355826e-01 5.595854922279792643e-01 4.429268292682926877e-01
