Chromosome	Position	Change	Gene	sample0	sample1	sample2	sample3	sample4
1	0	G>T	1	288	0	263	238	0
1	1	T>G	1	99	519	203	272	210
1	2	T>A	1	275	0	290	223	0
1	3	T>A	1	87	470	206	263	206
1	4	C>T	1	284	0	289	214	0
1	5	G>T	1	310	0	279	224	0
1	6	C>T	1	479	483	490	555	478
1	7	G>C	1	95	509	204	265	211
1	8	C>G	1	263	0	306	193	0
1	9	C>T	1	0	0	0	0	0
1	10	A>G	1	143	0	0	0	0
1	11	A>T	1	122	0	304	0	0
1	12	G>A	1	131	0	273	0	0
1	13	A>T	1	304	0	317	222	0
1	14	T>C	1	0	287	0	294	0
1	15	C>G	1	0	0	0	0	0
1	16	C>T	1	251	0	292	232	0
1	17	C>G	1	101	493	182	316	209
1	18	G>C	1	133	0	284	0	0
1	19	C>A	1	470	492	511	511	465
1	20	A>T	1	0	552	230	280	189
1	21	C>G	1	91	502	224	282	221
1	22	A>T	1	363	475	498	503	517
1	23	A>G	1	270	0	285	259	0
1	24	G>A	1	142	0	0	0	0
1	25	A>C	1	492	508	521	479	489
1	26	T>C	1	0	0	0	0	0
1	27	T>G	1	392	478	502	494	537
1	28	T>A	1	130	0	0	0	0
1	29	T>G	1	239	0	304	199	0
1	30	C>T	1	252	0	256	208	0
1	31	A>T	1	0	0	0	0	0
1	32	T>C	1	371	449	530	519	519
1	33	C>T	1	98	486	211	319	227
1	34	A>C	1	139	0	0	0	0
1	35	C>A	1	123	0	0	0	0
1	36	C>A	1	106	482	212	315	206
1	37	G>C	1	263	0	298	232	0
1	38	G>C	1	491	504	517	510	483
1	39	C>A	1	90	461	211	278	186
1	40	T>C	1	0	304	0	265	0
1	41	T>G	1	92	488	198	321	213
1	42	A>T	1	370	495	556	473	506
1	43	C>G	1	0	0	0	0	0
1	44	G>A	1	144	0	0	0	0
1	45	C>T	1	133	0	291	0	0
1	46	C>T	1	0	0	0	0	0
1	47	A>G	1	81	474	252	302	236
1	48	T>G	1	73	463	207	295	176
1	49	A>G	1	103	480	238	291	232
1	50	A>T	1	91	504	198	291	216
1	51	A>T	1	123	0	0	0	0
1	52	G>A	1	0	503	223	301	192
1	53	T>A	1	0	301	0	282	0
1	54	C>T	1	129	0	294	0	0
1	55	T>A	1	257	0	271	231	0
1	56	A>C	1	268	0	267	249	0
1	57	A>T	1	153	0	251	0	0
1	58	T>C	1	485	499	540	518	485
1	59	T>A	1	83	498	213	280	228
1	60	C>G	1	252	0	299	243	0
1	61	G>C	1	110	0	273	0	0
1	62	A>G	1	0	0	0	0	0
1	63	G>C	1	117	500	210	272	207
1	64	C>T	1	304	0	294	245	0
1	65	T>C	1	90	505	222	293	218
1	66	A>T	1	0	0	0	0	0
1	67	G>A	1	135	0	288	0	0
1	68	G>T	1	387	485	484	526	470
1	69	C>A	1	0	0	0	0	0
1	70	T>A	1	0	267	0	313	0
1	71	A>C	1	506	492	537	482	472
1	72	A>C	1	144	0	257	0	0
1	73	A>C	1	99	0	0	0	0
1	74	T>C	1	271	0	303	189	0
1	75	C>T	1	0	0	0	0	0
1	76	G>T	1	95	499	220	292	225
1	77	A>C	1	0	0	0	0	0
1	78	G>A	1	126	0	0	0	0
1	79	C>T	1	330	484	516	477	475
1	80	A>G	1	85	511	213	262	225
1	81	A>G	1	0	0	0	0	0
1	82	A>C	1	287	0	293	215	0
1	83	T>A	1	111	0	0	0	0
1	84	T>G	1	0	288	0	253	0
1	85	T>A	1	93	503	230	280	196
1	86	A>G	1	282	0	283	215	0
1	87	G>A	1	132	0	304	0	0
1	88	T>A	1	0	0	0	0	0
1	89	C>G	1	0	283	0	303	0
1	90	A>T	1	271	0	318	186	0
1	91	C>A	1	125	0	269	0	0
1	92	A>C	1	276	0	264	222	0
1	93	G>C	1	117	0	0	0	0
1	94	A>T	1	490	515	515	526	470
1	95	T>C	1	91	498	230	299	181
1	96	A>G	1	141	0	0	0	0
1	97	T>A	1	544	489	506	487	461
1	98	C>A	1	88	524	202	265	226
1	99	G>C	1	143	0	290	0	0
