Chromosome	Position	Change	Gene	sample0	sample1	sample2	sample3	sample4
1	0	A>T	1	519	474	518	488	512
1	1	G>A	1	0	0	0	0	0
1	2	A>C	1	381	489	298	255	146
1	3	A>G	1	188	515	292	0	119
1	4	C>G	1	192	476	309	0	121
1	5	G>C	1	181	483	302	0	127
1	6	A>C	1	357	511	300	210	115
1	7	G>T	1	474	481	454	483	514
1	8	A>C	1	487	491	462	514	461
1	9	G>A	1	512	476	537	495	539
1	10	T>A	1	332	540	299	225	114
1	11	T>A	1	171	475	260	0	100
1	12	C>A	1	208	0	145	0	0
1	13	G>T	1	195	497	291	0	110
1	14	G>T	1	212	497	277	0	108
1	15	T>G	1	183	490	268	0	130
1	16	A>T	1	202	490	261	0	120
1	17	T>G	1	503	489	516	461	490
1	18	C>T	1	194	0	149	0	0
1	19	A>C	1	211	477	305	0	104
1	20	G>C	1	198	0	146	0	0
1	21	T>A	1	0	211	0	0	86
1	22	A>C	1	204	495	314	0	136
1	23	A>G	1	224	521	280	0	142
1	24	C>T	1	362	479	277	259	126
1	25	C>G	1	504	472	502	505	513
1	26	G>T	1	344	502	256	246	118
1	27	C>T	1	180	472	289	0	112
1	28	T>A	1	360	494	282	214	147
1	29	A>C	1	0	0	0	0	0
1	30	T>A	1	345	471	307	256	127
1	31	A>T	1	0	238	0	0	124
1	32	C>A	1	195	501	278	0	125
1	33	T>A	1	351	476	281	232	113
1	34	A>G	1	0	0	0	266	108
1	35	C>G	1	137	0	108	0	145
1	36	C>A	1	211	528	283	0	111
1	37	C>A	1	201	0	136	0	0
1	38	T>A	1	196	465	315	0	106
1	39	T>G	1	0	0	0	260	128
1	40	C>A	1	490	515	494	509	486
1	41	T>C	1	0	0	0	256	119
1	42	C>A	1	336	489	283	226	101
1	43	G>A	1	399	489	269	245	129
1	44	C>T	1	132	0	103	0	144
1	45	G>C	1	179	0	132	0	0
1	46	T>G	1	194	499	272	0	131
1	47	G>C	1	0	0	0	0	129
1	48	T>C	1	0	0	0	266	135
1	49	C>G	1	187	0	149	0	0
1	50	G>A	1	141	0	102	0	140
1	51	T>A	1	176	0	140	0	0
1	52	G>T	1	200	0	165	0	0
1	53	A>C	1	219	0	157	0	0
1	54	T>C	1	195	0	131	0	0
1	55	A>C	1	172	0	156	0	0
1	56	G>A	1	128	0	107	0	137
1	57	C>G	1	0	0	0	0	0
1	58	C>A	1	531	486	519	498	471
1	59	T>A	1	0	0	0	0	135
1	60	A>G	1	351	483	292	258	118
1	61	A>T	1	141	0	119	0	126
1	62	G>T	1	359	519	293	246	132
1	63	T>C	1	185	481	313	0	117
1	64	C>G	1	191	517	254	0	100
1	65	G>T	1	366	516	283	211	121
1	66	A>G	1	193	0	153	0	0
1	67	A>G	1	365	510	277	224	128
1	68	G>A	1	175	469	272	0	118
1	69	T>A	1	175	505	278	0	137
1	70	A>G	1	343	461	261	231	115
1	71	A>T	1	0	0	0	266	120
1	72	A>T	1	198	503	291	0	133
1	73	G>T	1	352	527	296	245	127
1	74	C>G	1	496	509	497	476	484
1	75	C>T	1	182	0	157	0	0
1	76	T>C	1	196	0	140	0	0
1	77	C>G	1	214	0	144	0	0
1	78	G>A	1	367	513	274	218	114
1	79	T>C	1	127	0	81	0	124
1	80	A>C	1	197	507	266	0	122
1	81	A>T	1	210	0	137	0	0
1	82	T>A	1	191	0	143	0	0
1	83	T>G	1	215	500	315	0	107
1	84	C>G	1	364	481	314	235	119
1	85	G>T	1	0	0	0	0	131
1	86	A>C	1	200	0	143	0	0
1	87	A>G	1	382	521	301	214	114
1	88	A>C	1	196	513	299	0	109
1	89	G>C	1	167	0	123	0	149
1	90	T>G	1	179	465	276	0	130
1	91	A>T	1	202	0	136	0	0
1	92	G>C	1	139	0	101	0	128
1	93	A>T	1	359	521	316	244	109
1	94	G>A	1	368	513	266	254	112
1	95	G>C	1	0	212	0	0	120
1	96	G>C	1	155	0	121	0	117
1	97	G>A	1	340	528	300	249	115
1	98	G>A	1	0	0	0	0	119
1	99	G>A	1	498	522	542	498	554
