Chromosome	Position	Change	Gene	sample0	sample1	sample2	sample3	sample4
1	0	A>C	1	1003	1044	939	962	971
1	1	A>T	1	985	996	975	958	1037
1	2	T>G	1	989	1042	981	967	990
1	3	T>C	1	971	1018	1021	1008	1008
1	4	C>T	1	1057	935	968	965	1003
1	5	G>A	1	1023	1010	985	1058	1061
1	6	G>A	1	978	1017	1012	984	986
1	7	T>A	1	1052	1077	1048	981	974
1	8	G>T	1	976	990	982	1004	980
1	9	G>A	1	973	1011	997	1067	1014
1	10	C>G	1	924	988	1005	1006	996
1	11	G>A	1	998	1024	1061	1001	1021
1	12	A>C	1	993	977	1002	978	987
1	13	C>G	1	949	1023	1074	1026	1008
1	14	C>A	1	982	972	984	958	985
1	15	G>T	1	1036	975	1000	966	1006
1	16	C>T	1	970	999	1067	1043	987
1	17	A>G	1	980	992	991	1004	996
1	18	T>G	1	993	971	980	994	1040
1	19	T>A	1	1040	1030	983	954	1017
1	20	A>T	1	963	991	962	966	1031
1	21	T>C	1	1024	1062	992	968	940
1	22	C>G	1	1017	952	1014	1031	1004
1	23	A>T	1	978	1094	1027	1039	951
1	24	G>T	1	1032	960	965	1024	1002
1	25	C>T	1	1035	1032	1016	1033	947
1	26	A>G	1	1036	1021	1018	958	995
1	27	A>C	1	970	964	937	922	999
1	28	T>C	1	982	970	1031	1031	972
1	29	T>A	1	1007	990	976	983	979
1	30	A>T	1	912	989	951	940	1026
1	31	C>T	1	1088	958	997	1003	988
1	32	C>A	1	1056	999	1027	992	1030
1	33	T>C	1	975	977	1066	1017	1021
1	34	C>T	1	986	1024	1027	990	1041
1	35	T>A	1	991	1007	921	991	987
1	36	G>A	1	1007	928	1059	1015	1016
1	37	T>A	1	1009	1008	1015	1006	1021
1	38	G>A	1	979	1020	1031	1002	1002
1	39	T>A	1	1003	1036	1025	1081	1028
1	40	G>A	1	1016	1018	1033	956	966
1	41	C>A	1	1011	943	969	1016	972
1	42	T>C	1	986	945	995	1019	1005
1	43	C>A	1	1005	989	991	1000	1036
1	44	A>C	1	968	981	1009	1065	1005
1	45	G>C	1	1030	985	1000	987	929
1	46	T>A	1	928	986	989	967	954
1	47	A>C	1	972	1015	996	954	1040
1	48	A>G	1	1031	1000	997	974	954
1	49	G>A	1	1027	955	974	1045	972
1	50	G>T	1	1005	1028	1025	987	1026
1	51	C>G	1	975	991	985	1073	1017
1	52	A>C	1	967	1039	997	1040	966
1	53	A>G	1	984	974	974	1008	966
1	54	C>G	1	1023	1038	1015	972	998
1	55	T>G	1	1004	970	1040	1006	1000
1	56	T>C	1	999	987	1048	1032	997
1	57	C>T	1	966	1002	970	980	1001
1	58	G>A	1	982	1011	991	982	1021
1	59	C>G	1	983	999	990	1034	986
1	60	A>C	1	1050	1073	989	942	1060
1	61	A>C	1	1049	1063	1040	957	975
1	62	T>A	1	969	1072	992	995	1012
1	63	A>C	1	997	1033	1026	993	1031
1	64	C>T	1	946	1025	978	963	951
1	65	C>T	1	1008	968	1027	998	1061
1	66	A>G	1	1028	1017	974	1017	995
1	67	G>T	1	955	991	1021	1023	1028
1	68	A>C	1	990	989	973	989	1056
1	69	T>A	1	1036	970	1032	936	940
1	70	C>A	1	1015	949	982	973	963
1	71	G>C	1	945	1027	1022	984	1040
1	72	C>G	1	964	987	1004	984	1034
1	73	C>A	1	1042	1004	986	961	997
1	74	C>G	1	959	1033	980	956	967
1	75	G>T	1	999	1023	988	994	1034
1	76	A>T	1	992	1023	1031	993	946
1	77	G>A	1	927	1030	965	1046	1028
1	78	A>G	1	937	980	1030	1016	962
1	79	C>G	1	1037	1024	993	1028	1016
1	80	T>C	1	987	1032	938	946	1004
1	81	A>C	1	1017	975	1038	1004	1009
1	82	C>T	1	1005	998	1019	1050	1035
1	83	A>G	1	1019	1041	941	1048	1025
1	84	A>T	1	1012	974	1010	1039	1051
1	85	A>C	1	1034	1049	1019	997	1006
1	86	A>G	1	992	991	1021	1011	940
1	87	G>T	1	1038	992	960	1007	989
1	88	A>T	1	1003	973	1011	977	987
1	89	G>C	1	931	976	1006	1009	1043
1	90	T>G	1	969	1037	992	1048	992
1	91	A>G	1	1008	996	944	997	991
1	92	A>C	1	1004	1030	959	1008	970
1	93	G>A	1	1055	1044	999	970	1015
1	94	G>T	1	1047	1014	950	980	1051
1	95	C>T	1	978	976	1025	1044	988
1	96	A>T	1	1009	1007	919	1039	1064
1	97	T>G	1	1003	976	936	975	964
1	98	T>A	1	1015	989	942	1023	1002
1	99	C>G	1	1016	1025	1066	937	966
