#chr	normal	sample0	sample1	sample2	sample3	sample4
0	0	0.455696202532	0.477064220183	0.5	0.373913043478	0.328125
1	0	0.0	0.0	0.0	0.148936170213	0.0
2	0	0.375	0.47619047619	0.432989690722	0.284090909091	0.428571428571
3	0	0.322916666667	0.265957446809	0.135416666667	0.362831858407	0.291139240506
4	0	0.0	0.0	0.0	0.174418604651	0.206349206349
5	0	0.0	0.0	0.0	0.0	0.0
6	0	0.0	0.0	0.0	0.170212765957	0.0
7	0	0.216494845361	0.285714285714	0.141509433962	0.311320754717	0.367521367521
8	0	0.247422680412	0.0	0.0	0.0	0.0
9	0	0.209302325581	0.504347826087	0.5	0.346153846154	0.484536082474
10	0	0.0	0.266055045872	0.421568627451	0.16814159292	0.339449541284
11	0	0.0	0.197802197802	0.266666666667	0.198113207547	0.114583333333
12	0	0.308411214953	0.222222222222	0.144444444444	0.3	0.326315789474
13	0	0.0	0.0	0.0	0.0	0.0
14	0	0.344444444444	0.571428571429	0.452380952381	0.359375	0.382608695652
15	0	0.0	0.300884955752	0.318584070796	0.15	0.184210526316
16	0	0.0	0.277227722772	0.34693877551	0.13829787234	0.380434782609
17	0	0.0	0.0	0.0	0.242718446602	0.0
18	0	0.0	0.305084745763	0.315217391304	0.174311926606	0.207317073171
19	0	0.0	0.0	0.0	0.0	0.0
20	0	0.25	0.171717171717	0.161616161616	0.351351351351	0.367346938776
21	0	0.285714285714	0.20202020202	0.0677966101695	0.347826086957	0.32380952381
22	0	0.0	0.0	0.0	0.127659574468	0.0
23	0	0.0	0.0	0.0	0.182692307692	0.0
24	0	0.136842105263	0.0	0.0	0.0	0.0
25	0	0.102803738318	0.0	0.0	0.0	0.0
26	0	0.0	0.0	0.0	0.185185185185	0.180952380952
27	0	0.0	0.0	0.0	0.23595505618	0.156862745098
28	0	0.0	0.211538461538	0.313953488372	0.141509433962	0.288888888889
29	0	0.19387755102	0.270588235294	0.15	0.347368421053	0.28
30	0	0.0	0.343434343434	0.364583333333	0.152380952381	0.177570093458
31	0	0.302083333333	0.141509433962	0.144329896907	0.340425531915	0.27358490566
32	0	0.0	0.0	0.0	0.0	0.0
33	0	0.0	0.0	0.0	0.21	0.0
34	0	0.0	0.0	0.0	0.141304347826	0.0
35	0	0.0	0.0	0.0	0.0	0.0
36	0	0.0	0.0	0.0	0.175	0.0
37	0	0.0	0.0	0.0	0.0	0.0
38	0	0.0	0.3125	0.372727272727	0.142857142857	0.266666666667
39	0	0.0	0.263736263736	0.172727272727	0.18018018018	0.176991150442
40	0	0.0	0.267326732673	0.342592592593	0.166666666667	0.348214285714
41	0	0.0	0.0	0.0	0.0	0.0
42	0	0.0	0.0	0.0	0.0	0.0
43	0	0.0	0.184210526316	0.169811320755	0.0	0.20987654321
44	0	0.0	0.0	0.0	0.0	0.0
45	0	0.0	0.0769230769231	0.142857142857	0.0	0.215053763441
46	0	0.0	0.168421052632	0.181818181818	0.168316831683	0.123287671233
47	0	0.0804597701149	0.0	0.0	0.0	0.0
48	0	0.0	0.0	0.0	0.125	0.0
49	0	0.0842105263158	0.0	0.0	0.0	0.0
50	0	0.0	0.0	0.0	0.0	0.0
51	0	0.0	0.241071428571	0.10101010101	0.0	0.172727272727
52	0	0.12	0.0	0.0	0.0	0.0
53	0	0.35	0.263636363636	0.159574468085	0.266055045872	0.326732673267
54	0	0.0	0.206896551724	0.182926829268	0.238095238095	0.20652173913
55	0	0.0	0.0	0.0	0.214285714286	0.190909090909
56	0	0.0	0.0	0.0	0.0	0.0
57	0	0.0	0.0	0.0	0.0	0.0
58	0	0.0	0.0	0.0	0.0	0.0
59	0	0.0	0.0	0.0	0.0	0.0
60	0	0.0	0.25	0.343137254902	0.204301075269	0.15625
61	0	0.0	0.0	0.0	0.166666666667	0.0
62	0	0.0	0.0	0.0	0.0	0.0
63	0	0.366071428571	0.222222222222	0.179775280899	0.274509803922	0.297619047619
64	0	0.0	0.0	0.0	0.0	0.0
65	0	0.136363636364	0.0	0.0	0.0	0.0
66	0	0.147727272727	0.0	0.0	0.0	0.0
67	0	0.0	0.269230769231	0.4375	0.186991869919	0.367924528302
68	0	0.163461538462	0.0	0.0	0.0	0.0
69	0	0.114583333333	0.0	0.0	0.0	0.0
70	0	0.0	0.268817204301	0.0963855421687	0.0	0.185185185185
71	0	0.0947368421053	0.0	0.0	0.0	0.0
72	0	0.0	0.0	0.0	0.0	0.0
73	0	0.0	0.0	0.0	0.155963302752	0.0
74	0	0.477064220183	0.555555555556	0.539215686275	0.288288288288	0.355555555556
75	0	0.0	0.0	0.0	0.0	0.0
76	0	0.317757009346	0.22619047619	0.176470588235	0.3	0.34
77	0	0.0	0.0	0.0	0.0	0.0
78	0	0.0	0.0	0.0	0.130952380952	0.0
79	0	0.0	0.291666666667	0.271604938272	0.141592920354	0.128440366972
80	0	0.0	0.0	0.0	0.125	0.0
81	0	0.0	0.0	0.0	0.0	0.0
82	0	0.242718446602	0.2	0.184210526316	0.38679245283	0.375
83	0	0.108695652174	0.0	0.0	0.0	0.0
84	0	0.0	0.181034482759	0.11320754717	0.0	0.0
85	0	0.0	0.190476190476	0.102272727273	0.0	0.18085106383
86	0	0.0625	0.0	0.0	0.191919191919	0.0
87	0	0.0	0.333333333333	0.39	0.152173913043	0.30303030303
88	0	0.0	0.0	0.0	0.0	0.0
89	0	0.0980392156863	0.0	0.0	0.0	0.0
90	0	0.0	0.0	0.0	0.0	0.0
91	0	0.0	0.231481481481	0.126050420168	0.0	0.165137614679
92	0	0.0	0.323529411765	0.194690265487	0.156862745098	0.164835164835
93	0	0.0	0.0	0.0	0.0	0.0
94	0	0.0	0.344444444444	0.198113207547	0.144230769231	0.126436781609
95	0	0.357894736842	0.411764705882	0.581818181818	0.278350515464	0.333333333333
96	0	0.126315789474	0.0	0.0	0.164948453608	0.0
97	0	0.145299145299	0.0	0.0	0.0	0.0
98	0	0.188034188034	0.5	0.461538461538	0.240740740741	0.469026548673
99	0	0.0	0.0	0.0	0.19587628866	0.0
100	0	0.0	0.211764705882	0.139534883721	0.0	0.0
101	0	0.0	0.2375	0.247058823529	0.158878504673	0.161290322581
102	0	0.0	0.0	0.0	0.0	0.0
103	0	0.0	0.268518518519	0.150943396226	0.0	0.158536585366
104	0	0.0	0.0	0.0	0.181818181818	0.0
105	0	0.0	0.0	0.0	0.21875	0.0
106	0	0.0	0.268041237113	0.20202020202	0.147058823529	0.164705882353
107	0	0.252252252252	0.234567901235	0.137254901961	0.242105263158	0.388349514563
108	0	0.0	0.301204819277	0.390804597701	0.137931034483	0.146788990826
109	0	0.0	0.0	0.0	0.0	0.0
110	0	0.0	0.0	0.0	0.222222222222	0.164948453608
111	0	0.0	0.0	0.0	0.188235294118	0.0
112	0	0.0	0.242424242424	0.125	0.0	0.1875
113	0	0.0	0.324324324324	0.133333333333	0.142857142857	0.166666666667
114	0	0.0	0.0	0.0	0.0	0.0
115	0	0.0	0.148936170213	0.152941176471	0.0	0.263565891473
116	0	0.0	0.0	0.0	0.0	0.0
117	0	0.0	0.287234042553	0.377358490566	0.155844155844	0.307086614173
118	0	0.25	0.233333333333	0.178217821782	0.30612244898	0.346666666667
119	0	0.0789473684211	0.0	0.0	0.0	0.0
120	0	0.0	0.234234234234	0.330097087379	0.25	0.190909090909
121	0	0.0	0.296703296703	0.147727272727	0.0	0.0
122	0	0.0	0.0	0.0	0.0	0.0
123	0	0.0	0.0	0.0	0.172043010753	0.0
124	0	0.0	0.0	0.0	0.134615384615	0.0
125	0	0.11214953271	0.0	0.0	0.0	0.0
126	0	0.0	0.0	0.0	0.151515151515	0.0
127	0	0.0	0.284090909091	0.217821782178	0.16814159292	0.263157894737
128	0	0.458823529412	0.478991596639	0.555555555556	0.336842105263	0.313725490196
129	0	0.0	0.254716981132	0.426966292135	0.141176470588	0.431818181818
130	0	0.182795698925	0.0	0.0	0.0	0.0
131	0	0.0	0.0	0.0	0.0	0.0
132	0	0.0	0.254237288136	0.197916666667	0.204081632653	0.1875
133	0	0.114583333333	0.0	0.0	0.0	0.0
134	0	0.210084033613	0.267441860465	0.181034482759	0.375	0.294117647059
135	0	0.0	0.298245614035	0.0963855421687	0.0	0.207547169811
136	0	0.0	0.244444444444	0.153846153846	0.0	0.0
137	0	0.255102040816	0.2	0.157407407407	0.326530612245	0.34693877551
138	0	0.0	0.0	0.0	0.2	0.121739130435
139	0	0.0	0.317647058824	0.18487394958	0.18691588785	0.133928571429
140	0	0.0	0.0	0.0	0.0	0.0
141	0	0.0	0.0	0.0	0.0	0.0
142	0	0.0	0.19512195122	0.132075471698	0.0	0.0
143	0	0.0	0.0	0.0	0.0	0.0
144	0	0.0	0.0	0.0	0.178571428571	0.0
145	0	0.0	0.318681318681	0.162162162162	0.0	0.0
146	0	0.0	0.271739130435	0.261682242991	0.148514851485	0.211538461538
147	0	0.0	0.252427184466	0.181818181818	0.0	0.0
148	0	0.13829787234	0.0	0.0	0.0	0.0
149	0	0.0	0.0	0.0	0.164948453608	0.0
150	0	0.0	0.0	0.0	0.0	0.0
151	0	0.120879120879	0.0	0.0	0.0	0.0
152	0	0.122448979592	0.0	0.0	0.0	0.0
153	0	0.0	0.0	0.0	0.190909090909	0.0
154	0	0.0	0.175925925926	0.180722891566	0.0	0.0
155	0	0.0	0.0	0.0	0.0	0.0
156	0	0.151162790698	0.576086956522	0.515151515152	0.352272727273	0.478260869565
157	0	0.0	0.191919191919	0.145454545455	0.0	0.0
158	0	0.172413793103	0.0	0.0	0.0	0.0
159	0	0.0	0.270833333333	0.294642857143	0.173553719008	0.305785123967
160	0	0.0	0.0	0.0	0.0	0.0
161	0	0.0	0.252525252525	0.194444444444	0.142857142857	0.127659574468
162	0	0.0545454545455	0.0	0.0	0.0	0.0
163	0	0.0	0.0	0.0	0.0	0.0
164	0	0.0982142857143	0.0	0.0	0.0	0.0
165	0	0.105263157895	0.0	0.0	0.0	0.0
166	0	0.0	0.3	0.341666666667	0.125	0.119266055046
167	0	0.0	0.0	0.0	0.0	0.0
168	0	0.0	0.0	0.0	0.0	0.0
169	0	0.0	0.303571428571	0.42735042735	0.13	0.27358490566
170	0	0.0	0.0	0.0	0.0	0.0
171	0	0.11214953271	0.52	0.401960784314	0.37037037037	0.566666666667
172	0	0.0	0.0	0.0	0.0	0.0
173	0	0.0	0.317757009346	0.19387755102	0.201754385965	0.209090909091
174	0	0.0	0.0	0.0	0.0	0.0
175	0	0.326315789474	0.225490196078	0.140350877193	0.311320754717	0.3125
176	0	0.0	0.0	0.0	0.122222222222	0.0
177	0	0.0	0.0	0.0	0.197674418605	0.0
178	0	0.0	0.0	0.0	0.196428571429	0.0
179	0	0.0	0.0	0.0	0.0	0.0
180	0	0.0	0.244897959184	0.119658119658	0.0	0.118181818182
181	0	0.258333333333	0.221153846154	0.166666666667	0.323529411765	0.352941176471
182	0	0.0	0.0	0.0	0.0	0.0
183	0	0.0	0.0	0.0	0.0	0.0
184	0	0.0	0.0	0.0	0.18018018018	0.0
185	0	0.125	0.0	0.0	0.0	0.0
186	0	0.0	0.0	0.0	0.271844660194	0.13829787234
187	0	0.337209302326	0.54128440367	0.521008403361	0.329896907216	0.34693877551
188	0	0.0	0.254901960784	0.163265306122	0.19587628866	0.17094017094
189	0	0.0	0.0	0.0	0.0	0.0
190	0	0.0	0.277108433735	0.347368421053	0.215909090909	0.158878504673
191	0	0.107843137255	0.0	0.0	0.0	0.0
192	0	0.0	0.395833333333	0.289719626168	0.21875	0.179245283019
193	0	0.202380952381	0.0	0.0	0.0	0.0
194	0	0.0	0.259615384615	0.314285714286	0.228571428571	0.279279279279
195	0	0.0	0.19801980198	0.2	0.0	0.0
196	0	0.0	0.26213592233	0.226804123711	0.0	0.0
197	0	0.0	0.0	0.0	0.130841121495	0.207920792079
198	0	0.0	0.269565217391	0.34	0.170212765957	0.375
199	0	0.123595505618	0.0	0.0	0.173913043478	0.0
