Chromosome	Position	Change	Gene	sample0	sample1	sample2	sample3	sample4
1	0	G>C	1	9934	9981	9809	9929	9946
1	1	C>A	1	9869	10084	9929	10012	10123
1	2	T>G	1	10020	9941	9977	9941	10150
1	3	C>T	1	10056	9923	9926	10064	9918
1	4	G>T	1	9810	9793	9932	9962	9947
1	5	C>A	1	9959	10114	9870	9872	10182
1	6	A>G	1	10162	10033	10045	10077	10042
1	7	T>A	1	9975	9992	9818	10034	9898
1	8	A>C	1	9955	10105	10037	10051	9984
1	9	G>A	1	10048	9992	9750	9910	9931
1	10	T>C	1	9920	10200	9950	10088	9784
1	11	G>C	1	9825	9662	10047	9935	9903
1	12	C>G	1	9949	10096	10049	9850	10074
1	13	T>C	1	9973	9931	9977	10073	10029
1	14	A>T	1	9816	9936	9970	9900	10094
1	15	T>G	1	10120	10004	10051	9868	9891
1	16	G>A	1	9940	10220	10040	10087	10000
1	17	G>A	1	10028	10160	9982	10023	10030
1	18	G>T	1	10100	9956	10069	9784	9951
1	19	C>A	1	10156	10031	10065	9880	9977
1	20	A>C	1	9906	10058	10081	10056	9974
1	21	G>A	1	9801	10042	9909	9967	9837
1	22	C>A	1	10028	9979	9826	9942	9911
1	23	A>C	1	10170	9968	9990	9920	10114
1	24	A>C	1	9995	10149	10014	10080	9975
1	25	T>C	1	10021	9824	9988	9863	9932
1	26	C>T	1	9976	10140	10083	10060	9884
1	27	G>T	1	9949	10047	10097	10076	10074
1	28	A>G	1	10021	9856	10001	10044	10025
1	29	T>C	1	10090	10062	10000	10162	10065
1	30	C>G	1	10086	10166	10137	9891	10179
1	31	T>A	1	9938	10084	9955	9910	9995
1	32	T>A	1	10024	9846	9997	10043	10079
1	33	G>A	1	9968	9879	9987	9986	10129
1	34	G>T	1	10061	10138	10064	10028	9938
1	35	G>C	1	10035	10008	9912	10080	10041
1	36	G>T	1	10062	9885	9948	9905	9881
1	37	T>A	1	9899	10050	10311	10113	9997
1	38	A>G	1	10063	10250	10047	9870	9846
1	39	G>C	1	10097	10108	9972	9966	9880
1	40	G>C	1	9902	10042	9868	10041	9881
1	41	A>T	1	10002	9968	10072	9907	10006
1	42	C>A	1	9904	9979	10021	9998	10060
1	43	T>A	1	10112	10178	10088	9973	10031
1	44	A>G	1	9823	9976	10044	9925	10035
1	45	C>G	1	10029	10046	9914	10004	9997
1	46	G>C	1	10116	10059	10118	10222	10008
1	47	C>T	1	10014	9990	10028	9856	9889
1	48	A>C	1	9974	10114	10028	9889	9842
1	49	C>A	1	10039	9877	9926	9973	10185
1	50	T>G	1	10232	9949	9893	10031	10081
1	51	G>A	1	9997	9998	10117	9824	9966
1	52	C>T	1	9969	9844	10077	10169	10029
1	53	G>T	1	10155	10006	9850	10078	9947
1	54	C>T	1	9868	10027	9973	10057	10038
1	55	T>G	1	10086	10062	9984	9856	9874
1	56	T>G	1	9946	10378	10094	10085	9878
1	57	A>T	1	10050	9918	9998	9820	9912
1	58	T>A	1	9916	9962	9937	9974	9996
1	59	A>G	1	9990	9972	10009	10038	10002
1	60	T>G	1	9887	10237	10068	10150	10020
1	61	G>T	1	10056	10036	10180	10077	10125
1	62	A>C	1	9976	10019	9975	10142	9939
1	63	C>G	1	9887	9975	10079	9934	10104
1	64	G>A	1	9795	10064	10188	10111	10018
1	65	T>G	1	10182	9931	10123	9885	10193
1	66	G>A	1	9917	10010	10153	9950	9977
1	67	C>G	1	9870	10003	10004	10079	10001
1	68	A>T	1	10136	10018	9935	9893	10118
1	69	T>C	1	9763	10071	10041	10128	10122
1	70	G>A	1	10110	10007	10111	10076	9862
1	71	G>C	1	9961	9994	9865	9904	10073
1	72	T>C	1	9948	9914	9957	9986	9912
1	73	G>A	1	9974	9919	9968	9926	9817
1	74	A>G	1	10108	9875	9955	9865	10022
1	75	T>A	1	9968	9986	10063	9954	9936
1	76	T>A	1	10024	9877	10049	10139	10132
1	77	T>A	1	9915	9878	9998	9869	10111
1	78	C>A	1	9981	10123	9966	10042	9918
1	79	A>T	1	10105	9996	9944	9998	9941
1	80	T>A	1	9948	10075	9894	10082	9927
1	81	C>T	1	9869	9810	9900	9899	9988
1	82	G>T	1	10070	9973	9939	10274	9800
1	83	A>T	1	9880	10052	9990	9848	10241
1	84	T>A	1	9874	10051	9944	9872	9958
1	85	G>T	1	9924	9943	10021	10099	9852
1	86	A>T	1	10039	10058	10081	10022	10108
1	87	G>A	1	9988	9937	9862	10049	10118
1	88	C>T	1	9857	9812	9920	10073	10096
1	89	G>C	1	9973	10154	9922	9862	9901
1	90	T>C	1	10079	10001	9989	9956	10062
1	91	T>C	1	9843	9933	10021	10024	9912
1	92	A>T	1	9872	10052	9932	10173	10031
1	93	A>C	1	10150	10018	9950	9953	9934
1	94	T>C	1	10078	9984	10055	9765	10031
1	95	A>G	1	9962	9949	9891	10006	10210
1	96	A>G	1	10033	10042	9864	9898	9858
1	97	T>A	1	10135	10053	9810	10042	9893
1	98	T>C	1	9978	9913	9934	9885	10048
1	99	T>G	1	10044	10125	10043	9917	10054
