Chromosome	Position	Change	Gene	sample0	sample1	sample2	sample3	sample4
1	0	G>T	1	97	126	87	102	91
1	1	T>C	1	90	105	108	81	85
1	2	G>A	1	85	87	110	103	106
1	3	T>C	1	102	108	97	106	109
1	4	T>A	1	104	95	97	105	107
1	5	G>T	1	105	116	102	98	103
1	6	T>A	1	104	94	83	96	91
1	7	A>T	1	107	92	120	98	101
1	8	T>C	1	102	124	85	94	106
1	9	T>G	1	105	101	104	102	90
1	10	G>A	1	112	116	105	92	94
1	11	G>T	1	117	102	105	89	106
1	12	G>T	1	102	101	107	97	95
1	13	C>A	1	100	120	96	97	107
1	14	C>A	1	104	102	100	100	111
1	15	T>A	1	83	105	96	94	95
1	16	A>T	1	118	92	114	121	107
1	17	C>A	1	94	102	113	121	101
1	18	T>G	1	86	96	97	107	105
1	19	T>C	1	105	114	91	107	122
1	20	T>A	1	103	96	99	111	109
1	21	A>C	1	107	106	121	109	99
1	22	A>G	1	88	101	77	105	94
1	23	C>G	1	91	98	107	91	94
1	24	G>C	1	109	99	91	97	108
1	25	G>A	1	110	93	93	111	90
1	26	T>C	1	84	95	109	106	103
1	27	T>A	1	96	83	111	108	82
1	28	T>A	1	103	112	117	96	98
1	29	C>G	1	92	110	102	84	109
1	30	C>T	1	95	90	102	122	79
1	31	G>C	1	113	113	84	100	97
1	32	C>A	1	99	85	122	103	101
1	33	C>A	1	107	105	102	89	99
1	34	A>T	1	99	109	103	109	94
1	35	C>T	1	99	83	108	113	113
1	36	G>C	1	101	99	109	101	113
1	37	C>G	1	95	84	108	93	89
1	38	T>C	1	98	129	100	107	78
1	39	G>T	1	107	96	86	105	95
1	40	C>A	1	94	106	88	115	106
1	41	T>C	1	116	106	90	113	117
1	42	A>C	1	105	120	116	75	103
1	43	C>T	1	68	96	97	92	105
1	44	A>C	1	109	94	112	99	87
1	45	C>T	1	101	81	107	111	104
1	46	G>T	1	97	105	91	100	95
1	47	A>G	1	91	110	94	103	98
1	48	C>T	1	93	93	88	100	106
1	49	A>T	1	99	83	96	102	110
1	50	G>T	1	107	98	104	88	87
1	51	G>C	1	110	105	90	82	81
1	52	C>T	1	78	95	106	106	96
1	53	G>A	1	90	99	82	88	84
1	54	T>C	1	78	104	95	105	114
1	55	G>A	1	93	123	109	119	108
1	56	A>T	1	90	110	111	105	90
1	57	G>A	1	91	106	93	109	90
1	58	A>T	1	101	80	100	103	94
1	59	C>G	1	98	81	94	99	101
1	60	A>C	1	94	114	99	90	98
1	61	C>G	1	110	101	103	112	96
1	62	A>T	1	96	122	99	100	103
1	63	T>G	1	98	94	99	106	92
1	64	T>C	1	111	108	110	110	110
1	65	C>T	1	95	88	87	95	91
1	66	A>T	1	70	98	83	110	115
1	67	A>G	1	108	75	112	89	105
1	68	A>T	1	92	98	117	97	98
1	69	C>T	1	90	108	86	105	107
1	70	A>G	1	100	99	91	108	110
1	71	C>G	1	99	97	110	108	90
1	72	A>T	1	92	101	105	98	110
1	73	G>C	1	93	103	101	103	105
1	74	T>G	1	113	110	102	122	98
1	75	C>A	1	102	100	105	108	87
1	76	A>T	1	97	93	89	108	110
1	77	G>C	1	93	106	99	100	105
1	78	G>T	1	88	95	96	115	98
1	79	G>C	1	98	106	87	109	100
1	80	G>T	1	78	87	78	97	105
1	81	A>T	1	109	96	97	95	98
1	82	T>G	1	114	104	78	100	87
1	83	G>T	1	99	88	93	91	83
1	84	A>G	1	96	103	104	108	96
1	85	A>T	1	102	97	96	110	104
1	86	G>T	1	103	100	103	94	96
1	87	G>T	1	97	94	101	108	89
1	88	C>T	1	77	97	85	96	88
1	89	T>C	1	111	120	88	88	105
1	90	C>A	1	92	117	93	99	92
1	91	A>C	1	92	108	111	88	92
1	92	A>G	1	112	99	100	130	112
1	93	G>A	1	83	127	110	107	98
1	94	T>G	1	99	96	98	79	121
1	95	G>C	1	108	101	93	106	85
1	96	C>T	1	89	110	96	96	87
1	97	G>C	1	95	108	103	96	112
1	98	T>C	1	100	115	106	111	116
1	99	A>G	1	104	101	113	83	90
1	100	C>T	1	90	102	91	109	93
1	101	C>G	1	108	93	86	115	93
1	102	C>G	1	111	110	106	100	108
1	103	A>T	1	77	95	81	102	111
1	104	A>G	1	96	114	99	106	97
1	105	G>T	1	109	114	92	96	109
1	106	A>G	1	106	105	102	106	103
1	107	C>G	1	122	82	109	83	102
1	108	A>C	1	97	121	92	102	87
1	109	G>A	1	78	118	109	99	120
1	110	C>A	1	98	106	101	77	99
1	111	C>G	1	94	107	128	95	89
1	112	C>T	1	87	92	101	113	120
1	113	T>G	1	88	117	101	94	104
1	114	C>A	1	101	104	96	115	109
1	115	C>G	1	98	96	90	88	98
1	116	A>G	1	89	92	95	118	104
1	117	A>G	1	102	96	114	91	96
1	118	G>C	1	111	78	111	101	114
1	119	T>C	1	90	108	105	96	91
1	120	C>T	1	102	103	91	112	111
1	121	C>T	1	97	110	99	105	98
1	122	G>C	1	91	102	111	99	95
1	123	T>C	1	109	113	92	99	105
1	124	T>C	1	115	110	90	100	92
1	125	C>A	1	118	107	102	80	78
1	126	A>T	1	93	102	87	106	78
1	127	A>G	1	100	104	89	105	78
1	128	T>C	1	95	105	89	105	116
1	129	G>A	1	81	100	104	95	101
1	130	C>G	1	104	90	98	97	93
1	131	A>C	1	116	97	84	99	97
1	132	A>T	1	96	101	96	89	89
1	133	G>A	1	95	105	95	99	115
1	134	G>C	1	101	109	115	97	95
1	135	G>C	1	108	100	103	107	91
1	136	G>T	1	92	128	121	99	87
1	137	C>T	1	91	93	101	89	113
1	138	C>G	1	110	105	91	89	96
1	139	T>C	1	107	98	111	88	111
1	140	G>T	1	89	88	98	83	90
1	141	A>G	1	101	103	100	102	91
1	142	C>A	1	90	91	118	101	92
1	143	A>C	1	95	108	112	95	119
1	144	A>G	1	82	92	107	110	96
1	145	T>A	1	89	91	98	106	97
1	146	T>C	1	101	99	112	103	110
1	147	A>C	1	100	118	97	100	114
1	148	T>A	1	82	82	92	83	103
1	149	A>G	1	96	101	97	97	87
1	150	C>G	1	88	97	87	118	97
1	151	C>G	1	100	103	99	100	98
1	152	C>T	1	106	100	100	94	104
1	153	A>C	1	100	99	106	113	100
1	154	C>A	1	85	97	139	108	95
1	155	T>C	1	112	111	111	93	99
1	156	C>G	1	98	85	112	97	94
1	157	G>T	1	106	113	79	94	111
1	158	T>G	1	113	97	110	106	88
1	159	A>C	1	106	106	104	105	110
1	160	T>C	1	93	100	99	91	124
1	161	C>A	1	105	96	97	109	100
1	162	C>A	1	87	97	98	115	103
1	163	A>G	1	97	94	93	108	104
1	164	A>T	1	104	90	96	108	102
1	165	G>A	1	96	93	96	107	99
1	166	A>T	1	85	92	104	92	91
1	167	A>T	1	107	102	90	97	109
1	168	T>A	1	104	102	91	106	104
1	169	A>C	1	103	113	104	95	90
1	170	T>G	1	95	88	99	98	108
1	171	T>G	1	100	98	123	103	90
1	172	A>C	1	94	82	83	106	98
1	173	A>G	1	93	119	98	104	107
1	174	A>G	1	107	87	101	123	97
1	175	T>G	1	78	94	104	111	109
1	176	C>A	1	110	102	97	98	99
1	177	A>T	1	95	90	99	109	100
1	178	C>T	1	106	109	93	94	94
1	179	T>A	1	108	89	108	99	107
1	180	G>A	1	90	103	99	109	90
1	181	C>G	1	91	119	111	107	115
1	182	T>C	1	109	102	97	107	93
1	183	G>C	1	101	97	97	100	107
1	184	T>G	1	105	94	97	82	107
1	185	G>T	1	99	95	97	89	93
1	186	A>T	1	102	95	108	113	99
1	187	A>C	1	94	104	105	115	109
1	188	G>C	1	92	92	94	107	108
1	189	T>C	1	98	96	97	104	102
1	190	T>G	1	80	93	100	113	105
1	191	T>C	1	110	124	125	102	108
1	192	G>C	1	109	104	99	101	96
1	193	G>C	1	83	116	74	113	109
1	194	T>C	1	106	103	93	113	84
1	195	G>T	1	102	93	98	119	111
1	196	C>A	1	97	80	101	103	85
1	197	T>C	1	85	117	98	105	94
1	198	G>T	1	110	107	99	105	94
1	199	C>A	1	96	88	101	93	90
1	200	C>G	1	118	89	101	83	87
1	201	A>T	1	92	95	100	108	89
1	202	A>T	1	102	105	97	120	95
1	203	G>A	1	98	96	107	107	103
1	204	C>A	1	97	104	105	88	94
1	205	C>G	1	87	94	106	98	110
1	206	G>A	1	101	98	119	95	95
1	207	C>A	1	104	116	102	104	108
1	208	T>G	1	95	84	101	98	104
1	209	C>T	1	93	83	105	96	105
1	210	G>T	1	89	103	94	93	103
1	211	A>C	1	95	95	92	83	90
1	212	G>C	1	96	100	108	95	94
1	213	T>G	1	106	118	120	109	107
1	214	A>T	1	106	111	99	95	87
1	215	T>A	1	114	114	113	89	92
1	216	T>G	1	104	115	119	84	109
1	217	C>T	1	91	101	96	122	97
1	218	T>G	1	105	111	98	91	96
1	219	T>G	1	96	98	105	88	83
1	220	G>A	1	82	90	99	98	118
1	221	A>C	1	104	93	93	103	100
1	222	A>G	1	136	104	101	110	110
1	223	A>G	1	111	88	106	103	105
1	224	T>A	1	109	98	112	99	104
1	225	A>C	1	117	107	99	109	100
1	226	C>A	1	98	109	98	93	103
1	227	G>A	1	114	94	108	85	92
1	228	G>A	1	97	103	110	96	113
1	229	G>A	1	99	112	102	83	101
1	230	T>C	1	100	97	107	107	95
1	231	A>G	1	103	87	111	102	105
1	232	G>A	1	118	88	94	92	98
1	233	G>A	1	109	81	93	85	97
1	234	A>T	1	104	108	99	97	113
1	235	G>T	1	120	97	109	104	97
1	236	T>C	1	109	90	105	116	102
1	237	T>A	1	91	102	89	104	85
1	238	A>T	1	95	96	107	121	116
1	239	A>G	1	105	102	79	102	108
1	240	C>T	1	87	93	95	88	89
1	241	G>A	1	92	102	96	100	119
1	242	A>C	1	98	106	111	110	106
1	243	T>G	1	108	94	117	83	90
1	244	G>T	1	105	111	112	87	109
1	245	G>C	1	103	98	109	100	87
1	246	G>T	1	101	88	81	108	103
1	247	C>A	1	109	110	99	97	110
1	248	G>A	1	118	94	106	99	102
1	249	G>C	1	99	111	100	99	120
1	250	T>C	1	86	99	102	102	110
1	251	T>C	1	112	99	104	96	89
1	252	G>C	1	116	87	108	103	110
1	253	C>G	1	85	101	81	107	106
1	254	T>G	1	102	103	85	93	115
1	255	G>T	1	111	105	98	99	81
1	256	A>T	1	90	101	86	95	96
1	257	G>T	1	90	95	103	92	101
1	258	A>C	1	84	103	106	121	106
1	259	C>G	1	97	103	91	97	79
1	260	A>C	1	87	119	81	104	100
1	261	C>A	1	92	101	104	98	100
1	262	G>T	1	107	96	118	115	100
1	263	G>A	1	99	100	86	105	107
1	264	G>T	1	97	102	99	99	94
1	265	C>T	1	88	77	90	99	102
1	266	T>G	1	96	116	100	100	95
1	267	G>C	1	121	108	108	112	106
1	268	G>A	1	88	99	99	111	104
1	269	T>C	1	94	100	86	102	104
1	270	A>C	1	107	87	101	75	111
1	271	C>T	1	107	106	90	79	103
1	272	T>G	1	91	79	100	102	73
1	273	G>C	1	85	100	92	120	95
1	274	T>C	1	95	114	94	105	103
1	275	C>G	1	87	97	99	90	84
1	276	C>G	1	99	102	87	91	81
1	277	T>A	1	104	100	92	114	90
1	278	C>G	1	100	99	101	99	98
1	279	T>C	1	97	125	106	98	72
1	280	G>A	1	111	96	97	94	99
1	281	T>C	1	102	110	111	106	110
1	282	C>G	1	100	95	93	103	110
1	283	G>A	1	108	106	98	109	104
1	284	G>C	1	106	83	89	99	96
1	285	T>G	1	95	94	113	98	99
1	286	T>G	1	114	90	129	104	92
1	287	T>C	1	93	102	94	102	107
1	288	G>T	1	88	118	101	109	115
1	289	C>G	1	89	81	100	107	108
1	290	A>G	1	104	98	98	104	99
1	291	G>C	1	89	92	98	93	100
1	292	T>A	1	104	90	86	87	93
1	293	G>T	1	92	106	88	94	98
1	294	C>G	1	87	117	116	93	90
1	295	A>C	1	107	100	91	95	77
1	296	A>C	1	88	102	87	94	100
1	297	T>A	1	86	87	95	87	90
1	298	A>C	1	92	122	110	110	84
1	299	T>C	1	107	95	94	114	96
