#chr	normal	sample0	sample1	sample2	sample3	sample4
0	0	0.0	0.0	0.0	0.203760819819	0.0
1	0	0.127716582316	0.308745627186	0.255185480654	0.0	0.0
2	0	0.0	0.0	0.248224792047	0.173869747062	0.0
3	0	0.0	0.0	0.24665509141	0.179443724454	0.0
4	0	0.0	0.0	0.237326732673	0.167728882145	0.0
5	0	0.0	0.0	0.0	0.0	0.0
6	0	0.126763381691	0.304247645762	0.262872083669	0.0	0.0
7	0	0.0	0.0	0.0	0.202735076862	0.0
8	0	0.0	0.0	0.0	0.0	0.0
9	0	0.0	0.0	0.0	0.0	0.12140385566
10	0	0.122877122877	0.304378674235	0.255186104218	0.0	0.0
11	0	0.0	0.0	0.0	0.0	0.12265004524
12	0	0.0	0.0	0.0	0.207168530351	0.0
13	0	0.0	0.0	0.0	0.0	0.0
14	0	0.126321036889	0.302912038427	0.26047068209	0.0	0.0
15	0	0.0	0.0	0.0	0.0	0.0
16	0	0.0	0.0	0.0	0.209428284855	0.0
17	0	0.122202056866	0.300338577973	0.257168458781	0.0	0.0
18	0	0.0	0.0	0.0	0.19951608025	0.0
19	0	0.156331006979	0.0	0.0	0.0	0.0
20	0	0.0	0.0	0.0	0.199439607725	0.0
21	0	0.0	0.0	0.0	0.207839294463	0.0
22	0	0.163322632424	0.0	0.0	0.0	0.220521429982
23	0	0.119610011056	0.306778822365	0.257967528563	0.0	0.0
24	0	0.0921942845602	0.196913518389	0.0	0.124358070688	0.141043307087
25	0	0.0	0.0	0.0	0.0	0.132660064712
26	0	0.12191250868	0.30211851397	0.259518337164	0.0	0.0
27	0	0.126218420529	0.302811968378	0.252719580983	0.0	0.0
28	0	0.0	0.0	0.0	0.206039076377	0.0
29	0	0.0	0.0	0.0	0.204832241025	0.0
30	0	0.0	0.0	0.0	0.0	0.12678463704
31	0	0.0	0.0	0.0	0.205464371497	0.0
32	0	0.0	0.0	0.0	0.0	0.0
33	0	0.0	0.0	0.0	0.201683168317	0.0
34	0	0.0	0.0	0.245813397129	0.17217753947	0.0
35	0	0.0	0.0	0.237367219299	0.172233400402	0.0
36	0	0.0	0.0	0.239369135556	0.182885572139	0.0
37	0	0.121181468744	0.305081361685	0.256831138195	0.0	0.0
38	0	0.155642413309	0.0	0.0	0.0	0.224917967585
39	0	0.124605055292	0.306193114365	0.259822938426	0.0	0.0
40	0	0.121451884087	0.30713712911	0.251095181203	0.0	0.0
41	0	0.093341380004	0.196362174656	0.0	0.121526048411	0.140186915888
42	0	0.127110228401	0.30509496533	0.26320457233	0.0	0.0
43	0	0.0	0.0	0.0	0.205512282804	0.0
44	0	0.12169942426	0.305011549664	0.262341325811	0.0	0.0
45	0	0.125420617926	0.301084990958	0.255386754046	0.0	0.0
46	0	0.121420732316	0.309238917222	0.264229289042	0.0	0.0
47	0	0.0	0.0	0.0	0.20510053948	0.0
48	0	0.121739130435	0.308762730665	0.260461318636	0.0	0.0
49	0	0.0	0.0	0.0	0.0	0.121813602015
50	0	0.0	0.0	0.0	0.202643171806	0.0
51	0	0.129454399034	0.298304416404	0.262539264363	0.0	0.0
52	0	0.154387755102	0.0	0.0	0.0	0.0
53	0	0.0	0.0	0.0	0.20222819059	0.0
54	0	0.0	0.0	0.0	0.205574224155	0.0
55	0	0.0	0.0	0.0	0.0	0.0
56	0	0.0	0.0	0.231965486104	0.181406580139	0.0
57	0	0.0	0.0	0.243882952162	0.177327612015	0.0
58	0	0.0	0.0	0.238858287431	0.173696776761	0.0
59	0	0.153198653199	0.0	0.0	0.0	0.231180704143
60	0	0.0	0.0	0.242222893386	0.178247734139	0.0
61	0	0.0	0.301693227092	0.259993896857	0.0	0.0
62	0	0.0	0.0	0.0	0.199725732197	0.0
63	0	0.0	0.0	0.0	0.210863564669	0.0
64	0	0.160570304818	0.0	0.0	0.0	0.23180832183
65	0	0.157857787584	0.0	0.0	0.0	0.0
66	0	0.0936555891239	0.189926338841	0.0	0.116110887907	0.139979859013
67	0	0.0	0.0	0.0	0.0	0.122621775077
68	0	0.123112082671	0.29541491435	0.25813253012	0.0	0.0
69	0	0.0	0.0	0.241956899193	0.178443826915	0.0
70	0	0.495278280088	0.485080564949	0.507130746983	0.508577194753	0.500897487036
71	0	0.155170667477	0.0	0.0	0.0	0.0
72	0	0.159157049674	0.0	0.0	0.0	0.223433242507
73	0	0.0	0.0	0.235113252024	0.174465971187	0.0
74	0	0.0	0.0	0.0	0.0	0.0
75	0	0.0931358024691	0.192509141219	0.0	0.12259090006	0.140329954283
76	0	0.0	0.0	0.0	0.0	0.124912139773
77	0	0.0	0.0	0.0	0.208519956206	0.0
78	0	0.0	0.0	0.0	0.204301075269	0.0
79	0	0.0	0.0	0.0	0.212783009417	0.0
80	0	0.0	0.0	0.0	0.0	0.0
81	0	0.0	0.0	0.0	0.205166270784	0.0
82	0	0.0	0.0	0.0	0.0	0.121568230169
83	0	0.0	0.0	0.0	0.200402212167	0.0
84	0	0.0	0.0	0.0	0.207024214529	0.0
85	0	0.117989949749	0.296884422111	0.253216315947	0.0	0.0
86	0	0.158454987835	0.0	0.0	0.0	0.0
87	0	0.155473872442	0.0	0.0	0.0	0.225570684822
88	0	0.122731374712	0.310403185665	0.258882727459	0.0	0.0
89	0	0.121319080274	0.304921723115	0.260017809439	0.0	0.0
90	0	0.0	0.0	0.0	0.210870002009	0.0
91	0	0.122090690209	0.306779661017	0.263806706114	0.0	0.0
92	0	0.0947806279093	0.192396894222	0.0	0.120876890287	0.14645030426
93	0	0.0	0.0	0.237488439009	0.174915523753	0.0
94	0	0.123408910103	0.3	0.263949780789	0.0	0.0
95	0	0.0	0.0	0.0	0.20809932013	0.0
96	0	0.12728355838	0.296322276781	0.265469862602	0.0	0.0
97	0	0.0	0.0	0.0	0.0	0.0
98	0	0.15958089865	0.0	0.0	0.0	0.0
99	0	0.0	0.0	0.233826809978	0.181114858163	0.0
