#chr	position	description	normal	sample0	sample1	sample2	sample3	sample4	sample5	sample6	sample7	sample8	sample9	sample10	sample11	sample12	sample13	sample14
1	1	1	0	0.0	0.0	0.0	0.0	0.14657980456	0.113043478261	0.0	0.0	0.0	0.0	0.127510040161	0.0	0.0	0.0895953757225	0.0
2	1	1	0	0.0	0.0	0.0	0.0	0.166011787819	0.139227642276	0.0	0.0	0.0	0.0	0.113131313131	0.0	0.0	0.100409836066	0.0
3	1	1	0	0.0	0.0	0.0	0.0	0.0	0.0	0.0	0.344262295082	0.187242798354	0.0	0.253564154786	0.0	0.0	0.130268199234	0.155729676787
4	1	1	0	0.0	0.257053291536	0.121031746032	0.137367915466	0.139267015707	0.0	0.191780821918	0.490316004077	0.181188118812	0.240347490347	0.244959677419	0.231219512195	0.0	0.136231884058	0.163918525703
5	1	1	0	0.0	0.0	0.106692531523	0.0	0.0	0.0	0.0	0.0	0.0	0.0	0.0	0.0	0.0	0.0	0.0
6	1	1	0	0.0	0.240940254652	0.119246861925	0.172244094488	0.117773019272	0.0	0.219272369715	0.5	0.18829787234	0.243538767396	0.247572815534	0.23629489603	0.0	0.128450106157	0.139393939394
7	1	1	0	0.0	0.0	0.0	0.0	0.149646107179	0.117647058824	0.0	0.0	0.0	0.0	0.125809435708	0.0	0.0	0.112195121951	0.0
8	1	1	0	0.0	0.0	0.0	0.0	0.169590643275	0.103946102021	0.0	0.0	0.0	0.0	0.138861138861	0.0	0.0	0.118095238095	0.0
9	1	1	0	0.279839518556	0.235820895522	0.25819265144	0.341594827586	0.146586345382	0.338323353293	0.0	0.0	0.289579158317	0.259898477157	0.243216080402	0.2891809909	0.253776435045	0.10158013544	0.348133198789
10	1	1	0	0.0	0.0	0.0	0.0	0.159715157681	0.0993852459016	0.0	0.0	0.0	0.0	0.123762376238	0.0	0.0	0.116831683168	0.0
11	1	1	0	0.0	0.0	0.0	0.0	0.0	0.0	0.0	0.237	0.212	0.0	0.142137096774	0.0	0.0	0.137931034483	0.0
12	1	1	0	0.0	0.0	0.110775427996	0.177957532861	0.0	0.132579650565	0.0	0.0	0.0	0.0	0.0	0.0	0.0	0.0	0.208713272543
13	1	1	0	0.0	0.0	0.0	0.0	0.0	0.0	0.0	0.214003944773	0.190721649485	0.0	0.147086914995	0.0	0.0	0.124881740776	0.0
14	1	1	0	0.0	0.0	0.0	0.0	0.0	0.0	0.0	0.356297093649	0.189960629921	0.0	0.254580520733	0.0	0.0	0.139227642276	0.171597633136
15	1	1	0	0.0	0.0	0.0	0.0	0.0	0.0	0.0	0.353889943074	0.19247311828	0.0	0.244626407369	0.0	0.0	0.113243761996	0.155279503106
16	1	1	0	0.0	0.0	0.0	0.0	0.163366336634	0.118697478992	0.0	0.0	0.0	0.0	0.112730806608	0.0	0.0	0.103305785124	0.0
17	1	1	0	0.265989847716	0.239152371342	0.250996015936	0.357279693487	0.144220572641	0.332669322709	0.0	0.0	0.316582914573	0.234604105572	0.264853977845	0.265503875969	0.227226202661	0.0981404958678	0.320588235294
18	1	1	0	0.0	0.254658385093	0.10157790927	0.182839632278	0.137367915466	0.0	0.172864321608	0.473895582329	0.201960784314	0.211838006231	0.239754098361	0.227083333333	0.0	0.122842639594	0.151394422311
19	1	1	0	0.0	0.0	0.109390125847	0.177777777778	0.0	0.119119119119	0.0	0.0	0.0	0.0	0.0	0.0	0.0	0.0	0.19267822736
20	1	1	0	0.160804020101	0.0	0.115900383142	0.149344096872	0.152749490835	0.242738589212	0.0	0.0	0.162343900096	0.0	0.278622087133	0.265285996055	0.243523316062	0.125623130608	0.196896217265
21	1	1	0	0.0	0.0	0.0	0.0	0.0	0.0	0.0	0.218875502008	0.201438848921	0.0	0.156069364162	0.0	0.0	0.122129436326	0.0
22	1	1	0	0.226773226773	0.0	0.130268199234	0.0	0.207655502392	0.177690029615	0.309203722854	0.0	0.0	0.0	0.0	0.0	0.267591674926	0.272369714848	0.0
23	1	1	0	0.0	0.0	0.0	0.0	0.0	0.0	0.0	0.225025227043	0.19918699187	0.0	0.140830800405	0.0	0.0	0.142156862745	0.0
24	1	1	0	0.0	0.0	0.0	0.0	0.155972359329	0.11884057971	0.0	0.0	0.0	0.0	0.112382934443	0.0	0.0	0.12968591692	0.0
25	1	1	0	0.0	0.0	0.105263157895	0.163983903421	0.0	0.132967032967	0.0	0.0	0.0	0.0	0.0	0.0	0.0	0.0	0.190989226249
26	1	1	0	0.0	0.248490945674	0.127918781726	0.159090909091	0.135275754422	0.0	0.193158953722	0.477993858751	0.19802955665	0.225025227043	0.234297108674	0.243270189432	0.0	0.126173096976	0.181086519115
27	1	1	0	0.284860557769	0.247838616715	0.24570273003	0.360606060606	0.164092664093	0.337512054002	0.0	0.0	0.288362512873	0.268806419258	0.241482965932	0.27458617332	0.22619047619	0.108808290155	0.346837944664
28	1	1	0	0.0	0.0	0.0	0.0	0.151862464183	0.109574468085	0.0	0.0	0.0	0.0	0.128078817734	0.0	0.0	0.0908203125	0.0
29	1	1	0	0.0	0.251189343482	0.113588110403	0.147643979058	0.138446215139	0.0	0.225556631171	0.498564593301	0.190384615385	0.248538011696	0.247104247104	0.246878001921	0.0	0.144566301097	0.151658767773
30	1	1	0	0.0	0.0	0.0	0.0	0.0	0.0	0.0	0.22542204568	0.208535402522	0.0	0.148554336989	0.0	0.0	0.133678756477	0.0
31	1	1	0	0.0	0.0	0.140081799591	0.184287099903	0.0	0.131282051282	0.0	0.0	0.0	0.0	0.0	0.0	0.0	0.0	0.191256830601
32	1	1	0	0.0	0.0	0.0	0.0	0.0	0.0	0.0	0.365614798694	0.169474727453	0.0	0.252651880424	0.0	0.0	0.116417910448	0.161386138614
33	1	1	0	0.0	0.0	0.0	0.0	0.0	0.0	0.0	0.332089552239	0.210578842315	0.0	0.259615384615	0.0	0.0	0.116367076632	0.16235059761
34	1	1	0	0.163725490196	0.0	0.123572170301	0.189516129032	0.146534653465	0.244995233556	0.0	0.0	0.158174097665	0.0	0.24082784572	0.260040160643	0.260469867211	0.0859213250518	0.191860465116
35	1	1	0	0.0	0.0	0.0	0.0	0.163	0.134194831014	0.0	0.0	0.0	0.0	0.128638497653	0.0	0.0	0.107948969578	0.0
36	1	1	0	0.0	0.0	0.125760649087	0.0	0.0	0.0	0.0	0.0	0.0	0.0	0.0	0.0	0.0	0.0	0.0
37	1	1	0	0.0	0.0	0.0	0.0	0.163163163163	0.113725490196	0.0	0.0	0.0	0.0	0.147	0.0	0.0	0.105778648384	0.0
38	1	1	0	0.0	0.0	0.125506072874	0.186753528773	0.0	0.0978043912176	0.0	0.0	0.0	0.0	0.0	0.0	0.0	0.0	0.175595238095
39	1	1	0	0.204183266932	0.0	0.167	0.0	0.225971370143	0.187015503876	0.30447761194	0.0	0.0	0.0	0.0	0.0	0.264112903226	0.271604938272	0.0
40	1	1	0	0.0	0.0	0.0985915492958	0.164846077458	0.0	0.11550802139	0.0	0.0	0.0	0.0	0.0	0.0	0.0	0.0	0.208879919273
41	1	1	0	0.0	0.0	0.107396149949	0.0	0.0	0.0	0.0	0.0	0.0	0.0	0.0	0.0	0.0	0.0	0.0
42	1	1	0	0.0	0.232943469786	0.104522613065	0.15376984127	0.14182194617	0.0	0.173689619733	0.486538461538	0.1907957814	0.253759398496	0.229636898921	0.234756097561	0.0	0.103244837758	0.168639053254
43	1	1	0	0.212278876171	0.0	0.128404669261	0.0	0.202441505595	0.172074729597	0.310613437196	0.0	0.0	0.0	0.0	0.0	0.269791666667	0.264390243902	0.0
44	1	1	0	0.0	0.0	0.0	0.0	0.0	0.0	0.0	0.367860600194	0.194610778443	0.0	0.251776649746	0.0	0.0	0.137667304015	0.156402737048
45	1	1	0	0.2099609375	0.0	0.16735966736	0.0	0.219512195122	0.164670658683	0.294346978558	0.0	0.0	0.0	0.0	0.0	0.270459081836	0.270973963356	0.0
46	1	1	0	0.304133858268	0.249745158002	0.24	0.346596858639	0.158245948522	0.334995014955	0.0	0.0	0.296799224054	0.249752229931	0.26582278481	0.279166666667	0.218963831867	0.107778819119	0.367326732673
47	1	1	0	0.0	0.0	0.108187134503	0.188109161793	0.0	0.125742574257	0.0	0.0	0.0	0.0	0.0	0.0	0.0	0.0	0.196428571429
48	1	1	0	0.0	0.0	0.0	0.0	0.0	0.0	0.0	0.199608610568	0.205680705191	0.0	0.138634046891	0.0	0.0	0.136645962733	0.0
49	1	1	0	0.0	0.0	0.14570230608	0.174636174636	0.0	0.125124131082	0.0	0.0	0.0	0.0	0.0	0.0	0.0	0.0	0.19842053307
50	1	1	0	0.157016683023	0.0	0.124229979466	0.187378640777	0.159478435306	0.230382293763	0.0	0.0	0.171282051282	0.0	0.227600411946	0.250954198473	0.241747572816	0.104430379747	0.188259109312
51	1	1	0	0.0	0.0	0.128486055777	0.201417004049	0.0	0.113660062565	0.0	0.0	0.0	0.0	0.0	0.0	0.0	0.0	0.193908629442
52	1	1	0	0.0	0.0	0.0	0.0	0.0	0.0	0.0	0.360887096774	0.203902439024	0.0	0.248490945674	0.0	0.0	0.119760479042	0.160164271047
53	1	1	0	0.145307769929	0.0	0.126659856997	0.186341463415	0.164979757085	0.240975609756	0.0	0.0	0.175855513308	0.0	0.260245901639	0.293691830403	0.240037071362	0.109034267913	0.173646578141
54	1	1	0	0.0	0.0	0.0	0.0	0.126569037657	0.134994807892	0.0	0.0	0.0	0.0	0.124645892351	0.0	0.0	0.124392614189	0.0
55	1	1	0	0.0	0.0	0.0	0.0	0.0	0.0	0.0	0.334604385129	0.202783300199	0.0	0.234234234234	0.0	0.0	0.125643666323	0.134951456311
56	1	1	0	0.0	0.252545824847	0.115384615385	0.168720379147	0.145940390545	0.0	0.193018480493	0.512621359223	0.195	0.248808388942	0.255646817248	0.230612244898	0.0	0.11214953271	0.148648648649
57	1	1	0	0.0	0.0	0.0	0.0	0.0	0.0	0.0	0.360655737705	0.204568023833	0.0	0.254016064257	0.0	0.0	0.14201183432	0.142126789366
58	1	1	0	0.0	0.0	0.0	0.0	0.151635282458	0.117586912065	0.0	0.0	0.0	0.0	0.126336248785	0.0	0.0	0.096	0.0
59	1	1	0	0.0	0.0	0.118873826903	0.190243902439	0.0	0.112008072654	0.0	0.0	0.0	0.0	0.0	0.0	0.0	0.0	0.186046511628
60	1	1	0	0.0	0.0	0.119402985075	0.18039624609	0.0	0.123343527013	0.0	0.0	0.0	0.0	0.0	0.0	0.0	0.0	0.209
61	1	1	0	0.0	0.0	0.0	0.0	0.0	0.0	0.0	0.376753507014	0.196850393701	0.0	0.24154589372	0.0	0.0	0.114343029087	0.170879676441
62	1	1	0	0.0	0.0	0.119402985075	0.0	0.0	0.0	0.0	0.0	0.0	0.0	0.0	0.0	0.0	0.0	0.0
63	1	1	0	0.0	0.0	0.0	0.0	0.0	0.0	0.0	0.214358974359	0.208588957055	0.0	0.140262361251	0.0	0.0	0.152559055118	0.0
64	1	1	0	0.0	0.0	0.0	0.0	0.0	0.0	0.0	0.344129554656	0.201355275895	0.0	0.252279635258	0.0	0.0	0.128968253968	0.163244353183
65	1	1	0	0.0	0.0	0.0	0.0	0.175953079179	0.119801980198	0.0	0.0	0.0	0.0	0.101159114858	0.0	0.0	0.0856299212598	0.0
66	1	1	0	0.0	0.24171539961	0.114871794872	0.144144144144	0.128733264676	0.0	0.17497456765	0.506625891947	0.177889447236	0.264069264069	0.248756218905	0.224946695096	0.0	0.129763130793	0.125590179415
67	1	1	0	0.239747634069	0.0	0.0	0.0	0.197368421053	0.160079051383	0.322709163347	0.0	0.0	0.0	0.0	0.0	0.0	0.150300601202	0.0
68	1	1	0	0.0	0.0	0.0	0.0	0.0	0.0	0.0	0.3603515625	0.174489795918	0.0	0.255861365953	0.0	0.0	0.136452241715	0.161838161838
69	1	1	0	0.0	0.242639593909	0.109409190372	0.137463697967	0.12389380531	0.0	0.203913491246	0.495893223819	0.189216683622	0.221774193548	0.240579710145	0.239193083573	0.0	0.129909365559	0.152457372116
70	1	1	0	0.224032586558	0.0	0.150248756219	0.0	0.190569744597	0.163	0.301648884578	0.0	0.0	0.0	0.0	0.0	0.248478701826	0.248958333333	0.0
71	1	1	0	0.0	0.0	0.0	0.0	0.148296593186	0.118448637317	0.0	0.0	0.0	0.0	0.114656031904	0.0	0.0	0.102538071066	0.0
72	1	1	0	0.0	0.0	0.0	0.0	0.0	0.0	0.0	0.191574724173	0.203494347379	0.0	0.140120967742	0.0	0.0	0.11527904849	0.0
73	1	1	0	0.291625615764	0.255698711596	0.23629489603	0.3388671875	0.149	0.353909465021	0.0	0.0	0.314814814815	0.26185770751	0.25512295082	0.275049115914	0.25	0.109473684211	0.348909657321
74	1	1	0	0.0	0.0	0.0	0.0	0.163636363636	0.11306042885	0.0	0.0	0.0	0.0	0.108737864078	0.0	0.0	0.0948979591837	0.0
75	1	1	0	0.291	0.263313609467	0.235177865613	0.340725806452	0.144927536232	0.360510805501	0.0	0.0	0.304609218437	0.230309072782	0.24297188755	0.258835758836	0.189637305699	0.111874386654	0.327311370882
76	1	1	0	0.203902439024	0.0	0.139278557114	0.0	0.200189753321	0.152606635071	0.316442605998	0.0	0.0	0.0	0.0	0.0	0.264264264264	0.258964143426	0.0
77	1	1	0	0.0	0.258461538462	0.147208121827	0.154901960784	0.130040322581	0.0	0.183816183816	0.481773399015	0.209163346614	0.239593908629	0.256332320162	0.227360308285	0.0	0.128180039139	0.155945419103
78	1	1	0	0.0	0.222777222777	0.11189516129	0.13708086785	0.130136986301	0.0	0.196656833825	0.497589199614	0.186934673367	0.267947421638	0.249246231156	0.223968565815	0.0	0.125131440589	0.148893360161
79	1	1	0	0.143689320388	0.0	0.106275303644	0.169322709163	0.16800804829	0.257722007722	0.0	0.0	0.182089552239	0.0	0.264853977845	0.275793650794	0.253099173554	0.0955734406439	0.191064638783
80	1	1	0	0.0	0.235586481113	0.13416988417	0.157998037291	0.129436325678	0.0	0.198132780083	0.510204081633	0.193488372093	0.25	0.251	0.208791208791	0.0	0.114541832669	0.141424272818
81	1	1	0	0.0	0.0	0.0	0.0	0.0	0.0	0.0	0.340206185567	0.17471042471	0.0	0.274257425743	0.0	0.0	0.134852801519	0.165979381443
82	1	1	0	0.0	0.0	0.0	0.0	0.0	0.0	0.0	0.193612774451	0.192783505155	0.0	0.152679474216	0.0	0.0	0.123721881391	0.0
83	1	1	0	0.0	0.0	0.0	0.0	0.156920077973	0.108053007136	0.0	0.0	0.0	0.0	0.137096774194	0.0	0.0	0.105102040816	0.0
84	1	1	0	0.0	0.0	0.0	0.0	0.156312625251	0.105522682446	0.0	0.0	0.0	0.0	0.114052953157	0.0	0.0	0.0871743486974	0.0
85	1	1	0	0.0	0.0	0.0	0.0	0.129591836735	0.102345415778	0.0	0.0	0.0	0.0	0.123260437376	0.0	0.0	0.0869565217391	0.0
86	1	1	0	0.0	0.0	0.130136986301	0.183800623053	0.0	0.127872127872	0.0	0.0	0.0	0.0	0.0	0.0	0.0	0.0	0.166144200627
87	1	1	0	0.0	0.247179487179	0.107003891051	0.162343900096	0.135902636917	0.0	0.186304128902	0.484484484484	0.189423076923	0.238716148445	0.25260960334	0.221748400853	0.0	0.148743718593	0.161389172625
88	1	1	0	0.307926829268	0.239089184061	0.231719876416	0.335870599429	0.172344689379	0.321729957806	0.0	0.0	0.30596285435	0.242814667988	0.226530612245	0.27027027027	0.261252446184	0.100899100899	0.331020812686
89	1	1	0	0.0	0.0	0.127236580517	0.0	0.0	0.0	0.0	0.0	0.0	0.0	0.0	0.0	0.0	0.0	0.0
90	1	1	0	0.0	0.0	0.119885823026	0.0	0.0	0.0	0.0	0.0	0.0	0.0	0.0	0.0	0.0	0.0	0.0
91	1	1	0	0.0	0.0	0.0	0.0	0.0	0.0	0.0	0.377321603128	0.2	0.0	0.224875621891	0.0	0.0	0.127966976264	0.162
92	1	1	0	0.317204301075	0.249740932642	0.223223223223	0.352763819095	0.150924024641	0.339702760085	0.0	0.0	0.292708333333	0.240414507772	0.24311023622	0.293819655522	0.231064237776	0.11554192229	0.347336065574
93	1	1	0	0.0	0.0	0.109358569926	0.187064676617	0.0	0.127326150833	0.0	0.0	0.0	0.0	0.0	0.0	0.0	0.0	0.19512195122
94	1	1	0	0.150515463918	0.0	0.118102613746	0.197044334975	0.148524923703	0.227822580645	0.0	0.0	0.147317073171	0.0	0.22977022977	0.255790533736	0.220145379024	0.125910509886	0.18579766537
95	1	1	0	0.152371342079	0.0	0.112589559877	0.179363548698	0.156701030928	0.21113243762	0.0	0.0	0.166328600406	0.0	0.277890466531	0.25025025025	0.228571428571	0.10618556701	0.182634730539
96	1	1	0	0.0	0.0	0.120825147348	0.0	0.0	0.0	0.0	0.0	0.0	0.0	0.0	0.0	0.0	0.0	0.0
97	1	1	0	0.303911735206	0.249255213505	0.23185483871	0.336663336663	0.153990610329	0.32039800995	0.0	0.0	0.303393213573	0.24871001032	0.238143289606	0.272640610105	0.236125126135	0.103935418769	0.354705274043
98	1	1	0	0.0	0.0	0.0	0.0	0.0	0.0	0.0	0.233075435203	0.17868338558	0.0	0.149646107179	0.0	0.0	0.12012012012	0.0
99	1	1	0	0.20020746888	0.0	0.156462585034	0.0	0.208131655373	0.132542037587	0.318483412322	0.0	0.0	0.0	0.0	0.0	0.253164556962	0.272727272727	0.0
100	1	1	0	0.0	0.0	0.118712273642	0.169230769231	0.0	0.113149847095	0.0	0.0	0.0	0.0	0.0	0.0	0.0	0.0	0.171079429735
